/*** Spectra Vista SIG Data ***/
name= \My Documents\HR1024_Data\RD4T5.
instrument= HR: 1091052
integration= 400, 60, 30, 500, 60, 30
scan time= 1, 1
scan settings= AD, AI, AD, AI
external data set1= 8224, 8224, 8224, 8224, 8224, 8224, 8224, 8224, 8224, 8224, 8224, 8224, 8224, 8224, 8224, 8224
external data set2= 8224, 8224, 8224, 8224, 8224, 8224, 8224, 8224, 8224, 8224, 8224, 8224, 8224, 8224, 8224, 8224
external data dark= 0,0,0,0,0,0,0,0
external data mask= 0
optic= LENS4 , LENS4 
temp= 30.65, 8.88, -5.44, 33.14, 8.88, -5.44
battery= 7.2, 7.1
error= 0, 0
units= Radiance, Radiance
time= 2/3/08 11:43:53 AM, 2/3/08 11:46:59 AM
longitude= , 
latitude= , 
gpstime= , 
comm= 
memory slot= 0, 0
factors= 
data= 
346.4 340.80 90.45 26.54
347.9 367.09 91.62 24.96
349.5 399.36 97.34 24.38
351.1 433.68 103.58 23.88
352.6 460.14 107.53 23.37
354.2 492.51 107.34 21.79
355.7 538.80 105.07 19.50
357.3 568.67 108.19 19.02
358.8 585.41 113.24 19.34
360.4 620.84 122.41 19.72
361.9 639.04 122.58 19.18
363.5 669.99 124.65 18.60
365.1 686.57 115.12 16.77
366.6 733.66 124.29 16.94
368.2 777.26 126.24 16.24
369.7 809.72 124.07 15.32
371.3 867.57 122.48 14.12
372.8 909.68 132.80 14.60
374.4 951.19 124.16 13.05
375.9 983.07 127.10 12.93
377.4 1019.66 139.21 13.65
379.0 1055.00 132.39 12.55
380.5 1084.82 121.87 11.23
382.1 1116.99 126.47 11.32
383.6 1163.77 122.47 10.52
385.2 1204.50 118.80 9.86
386.7 1260.34 118.05 9.37
388.3 1320.71 132.61 10.04
389.8 1373.87 129.56 9.43
391.3 1425.92 128.11 8.98
392.9 1463.75 137.70 9.41
394.4 1503.04 147.19 9.79
395.9 1566.86 154.49 9.86
397.5 1640.84 155.04 9.45
399.0 1713.41 155.74 9.09
400.6 1767.34 153.95 8.71
402.1 1795.68 137.26 7.64
403.6 1820.90 137.14 7.53
405.1 1866.85 142.58 7.64
406.7 1930.88 137.98 7.15
408.2 2001.41 139.00 6.94
409.7 2064.16 147.84 7.16
411.3 2128.61 150.55 7.07
412.8 2179.22 154.52 7.09
414.3 2248.03 161.54 7.19
415.8 2315.00 168.00 7.26
417.4 2384.53 161.92 6.79
418.9 2438.92 173.05 7.10
420.4 2491.25 171.48 6.88
421.9 2528.90 175.21 6.93
423.5 2576.67 172.79 6.71
425.0 2614.97 177.10 6.77
426.5 2670.30 170.28 6.38
428.0 2738.04 173.23 6.33
429.5 2820.30 174.59 6.19
431.1 2917.98 174.15 5.97
432.6 3022.17 178.41 5.90
434.1 3121.39 181.72 5.82
435.6 3210.17 181.12 5.64
437.1 3292.58 190.32 5.78
438.6 3380.78 196.50 5.81
440.1 3459.46 195.08 5.64
441.6 3549.43 203.45 5.73
443.1 3629.81 206.55 5.69
444.7 3707.22 210.43 5.68
446.2 3767.95 214.71 5.70
447.7 3836.04 220.07 5.74
449.2 3908.52 219.46 5.61
450.7 3965.52 217.98 5.50
452.2 4034.15 221.65 5.49
453.7 4115.19 217.54 5.29
455.2 4205.69 219.71 5.22
456.7 4326.08 224.58 5.19
458.2 4453.50 231.37 5.20
459.7 4591.13 238.70 5.20
461.2 4724.02 239.33 5.07
462.7 4831.21 243.44 5.04
464.2 4944.66 251.81 5.09
465.7 5062.68 254.59 5.03
467.2 5160.93 267.96 5.19
468.7 5264.00 269.60 5.12
470.2 5336.05 280.69 5.26
471.7 5439.94 285.95 5.26
473.2 5622.31 300.19 5.34
474.6 5770.75 297.97 5.16
476.1 5808.80 292.56 5.04
477.6 5821.61 291.28 5.00
479.1 5853.68 278.63 4.76
480.6 5893.36 285.98 4.85
482.1 5967.83 283.41 4.75
483.6 6058.48 290.60 4.80
485.1 6170.68 289.20 4.69
486.6 6309.93 293.91 4.66
488.0 6450.44 302.25 4.69
489.5 6599.70 301.68 4.57
491.0 6753.96 312.18 4.62
492.5 6904.44 318.17 4.61
494.0 7062.38 323.73 4.58
495.4 7196.48 331.98 4.61
496.9 7332.14 343.35 4.68
498.4 7463.08 348.66 4.67
499.9 7593.07 365.48 4.81
501.4 7717.26 372.73 4.83
502.8 7836.22 380.02 4.85
504.3 7936.20 390.24 4.92
505.8 8043.74 399.13 4.96
507.2 8110.53 410.88 5.07
508.7 8150.98 417.01 5.12
510.2 8186.99 432.98 5.29
511.6 8208.23 440.34 5.36
513.1 8262.60 445.06 5.39
514.6 8332.74 463.15 5.56
516.0 8382.21 467.02 5.57
517.5 8475.27 485.09 5.72
519.0 8590.00 499.37 5.81
520.5 8695.28 514.30 5.91
521.9 8839.73 532.77 6.03
523.4 9001.38 555.06 6.17
524.8 9160.51 569.33 6.22
526.3 9344.82 588.65 6.30
527.8 9530.69 616.64 6.47
529.2 9699.19 630.17 6.50
530.7 9886.41 656.97 6.65
532.1 10053.97 678.97 6.75
533.6 10247.97 705.80 6.89
535.0 10444.38 723.49 6.93
536.5 10635.67 749.39 7.05
538.0 10840.36 763.23 7.04
539.4 11019.87 792.31 7.19
540.9 11250.92 825.37 7.34
542.3 11448.91 851.44 7.44
543.8 11594.57 869.95 7.50
545.2 11631.87 886.50 7.62
546.6 11636.32 889.73 7.65
548.1 11642.11 896.38 7.70
549.5 11642.27 901.80 7.75
551.0 11643.87 914.14 7.85
552.4 11663.09 925.10 7.93
553.9 11675.28 937.96 8.03
555.3 11692.69 950.51 8.13
556.8 11756.06 970.11 8.25
558.2 11809.13 975.38 8.26
559.6 11881.48 1002.74 8.44
561.1 11993.31 1024.40 8.54
562.5 12114.90 1050.60 8.67
564.0 12277.41 1079.70 8.79
565.4 12429.83 1110.81 8.94
566.8 12614.17 1149.24 9.11
568.3 12791.50 1188.18 9.29
569.7 12985.20 1231.19 9.48
571.1 13165.80 1269.05 9.64
572.6 13351.23 1312.20 9.83
574.0 13536.60 1356.96 10.02
575.4 13706.72 1405.35 10.25
576.9 13868.66 1453.91 10.48
578.3 14020.26 1505.08 10.74
579.7 14159.22 1552.26 10.96
581.1 14279.24 1605.52 11.24
582.6 14408.29 1664.92 11.56
584.0 14522.00 1720.59 11.85
585.4 14676.52 1795.29 12.23
586.8 14905.03 1879.36 12.61
588.3 15133.95 1968.41 13.01
589.7 15331.68 2039.54 13.30
591.1 15466.02 2121.05 13.71
592.5 15536.59 2190.10 14.10
594.0 15573.30 2252.86 14.47
595.4 15581.55 2313.42 14.85
596.8 15596.30 2371.51 15.21
598.2 15598.18 2438.32 15.63
599.6 15596.42 2509.67 16.09
601.0 15639.12 2583.85 16.52
602.4 15673.60 2666.25 17.01
603.9 15748.43 2747.39 17.45
605.3 15815.68 2830.09 17.89
606.7 15881.40 2913.12 18.34
608.1 16009.09 3010.09 18.80
609.5 16141.17 3103.05 19.22
610.9 16300.90 3208.19 19.68
612.3 16453.92 3312.70 20.13
613.7 16654.20 3433.50 20.62
615.1 16792.11 3545.21 21.11
616.5 16936.76 3651.05 21.56
617.9 17154.76 3773.57 22.00
619.3 17355.67 3895.01 22.44
620.7 17602.69 4028.46 22.89
622.1 17855.25 4153.59 23.26
623.5 18142.91 4270.52 23.54
624.9 18464.12 4400.45 23.83
626.3 18676.51 4511.12 24.15
627.7 18480.83 4541.51 24.57
629.1 18305.12 4593.29 25.09
630.5 18226.44 4672.31 25.63
631.9 18223.49 4771.72 26.18
633.3 18218.28 4862.42 26.69
634.7 18285.17 4960.32 27.13
636.1 18311.39 5024.63 27.44
637.5 18342.35 5075.14 27.67
638.9 18405.16 5111.13 27.77
640.2 18464.62 5118.96 27.72
641.6 18482.49 5093.71 27.56
643.0 18453.48 5024.78 27.23
644.4 18445.09 4922.20 26.69
645.8 18385.56 4795.58 26.08
647.2 18449.67 4705.84 25.51
648.5 18488.23 4602.90 24.90
649.9 18404.10 4495.06 24.42
651.3 18337.05 4406.40 24.03
652.7 18249.08 4315.62 23.65
654.1 18146.19 4289.26 23.64
655.5 18027.21 4245.79 23.55
656.8 17913.01 4216.68 23.54
658.2 18029.39 4227.99 23.45
659.6 18243.57 4237.24 23.23
660.9 18420.18 4206.52 22.84
662.3 18592.04 4181.33 22.49
663.7 18769.80 4132.80 22.02
665.0 18918.47 4081.70 21.58
666.4 19067.18 4030.05 21.14
667.8 19256.38 3993.28 20.74
669.1 19421.37 3957.48 20.38
670.5 19609.02 3947.74 20.13
671.9 19731.90 3938.83 19.96
673.2 19898.87 3959.94 19.90
674.6 20056.80 3992.45 19.91
676.0 20228.64 4061.27 20.08
677.3 20404.25 4166.54 20.42
678.7 20600.81 4298.45 20.87
680.0 20846.79 4507.53 21.62
681.4 21108.38 4782.70 22.66
682.8 21364.53 5138.77 24.05
684.1 21619.26 5577.62 25.80
685.5 21847.13 6106.19 27.95
686.8 22073.58 6726.62 30.47
688.2 22276.00 7422.42 33.32
689.5 22357.00 8114.29 36.29
690.9 22421.04 8837.73 39.42
692.2 22466.78 9547.20 42.49
693.6 22511.12 10238.18 45.48
694.9 22502.85 10863.61 48.28
696.2 22528.07 11463.66 50.89
697.6 22551.10 12026.91 53.33
698.9 22578.60 12541.06 55.54
700.3 22606.89 13028.53 57.63
701.6 22646.95 13483.31 59.54
703.0 22694.78 13901.87 61.26
704.3 22706.37 14252.29 62.77
705.6 22702.23 14553.76 64.11
707.0 22704.82 14843.72 65.38
708.3 22646.20 15062.57 66.51
709.6 22597.33 15258.54 67.52
711.0 22500.10 15394.45 68.42
712.3 22411.69 15527.12 69.28
713.6 22354.29 15681.96 70.15
714.9 22303.18 15781.83 70.76
716.3 22276.29 15916.21 71.45
717.6 22261.96 16049.32 72.09
718.9 22214.84 16132.76 72.62
720.2 22081.36 16154.07 73.16
721.6 21997.43 16189.06 73.60
722.9 21880.30 16192.22 74.00
724.2 21710.92 16153.76 74.40
725.5 21599.76 16141.15 74.73
726.8 21485.93 16115.79 75.01
728.1 21416.26 16103.53 75.19
729.5 21341.65 16098.94 75.43
730.8 21295.01 16073.51 75.48
732.1 21223.37 16045.37 75.60
733.4 21170.30 16024.87 75.70
734.7 21120.77 16013.62 75.82
736.0 21106.80 16016.65 75.88
737.3 21048.39 15987.78 75.96
738.6 21092.71 16040.35 76.05
739.9 21176.51 16125.92 76.15
741.2 21233.94 16212.92 76.35
742.5 21368.21 16342.83 76.48
743.8 21611.49 16563.86 76.64
745.1 21972.01 16858.85 76.73
746.4 22417.62 17209.19 76.77
747.7 22884.17 17583.19 76.84
749.0 23318.82 17968.31 77.05
750.3 23585.52 18198.18 77.16
751.6 23542.94 18186.15 77.25
752.9 23315.57 18040.90 77.38
754.2 23042.15 17850.42 77.47
755.4 22753.28 17626.00 77.47
756.7 22664.25 17579.91 77.57
758.0 22673.40 17603.58 77.64
759.3 22820.85 17748.33 77.77
760.6 23029.16 17932.99 77.87
761.9 23226.93 18106.44 77.95
763.1 23344.98 18225.09 78.07
764.4 23488.74 18356.73 78.15
765.7 23599.88 18460.00 78.22
767.0 23700.39 18546.84 78.26
768.2 23773.68 18621.12 78.33
769.5 23833.65 18685.52 78.40
770.8 23956.12 18805.50 78.50
772.0 23990.79 18850.89 78.58
773.3 24042.18 18939.38 78.78
774.6 24115.47 19016.21 78.85
775.8 24202.18 19097.13 78.91
777.1 24216.22 19144.83 79.06
778.4 24195.08 19145.67 79.13
779.6 24187.19 19192.55 79.35
780.9 24146.00 19169.60 79.39
782.1 24062.37 19124.46 79.48
783.4 24078.08 19162.62 79.59
784.6 24096.40 19188.10 79.63
785.9 24266.86 19352.83 79.75
787.1 24608.46 19675.47 79.95
788.4 24866.63 19907.10 80.06
789.6 24869.75 19963.90 80.27
790.9 24661.14 19853.97 80.51
792.1 24392.68 19662.50 80.61
793.4 24151.80 19482.47 80.67
794.6 23969.19 19371.29 80.82
795.8 23823.90 19285.31 80.95
797.1 23657.33 19180.23 81.08
798.3 23526.94 19101.06 81.19
799.5 23474.04 19068.67 81.23
800.8 23402.91 19034.94 81.34
802.0 23314.16 18980.38 81.41
803.2 23223.76 18931.57 81.52
804.5 23155.20 18902.24 81.63
805.7 23091.89 18873.30 81.73
806.9 23005.10 18827.62 81.84
808.1 22953.51 18777.76 81.81
809.4 22916.64 18776.18 81.93
810.6 22856.93 18729.62 81.94
811.8 22862.50 18728.96 81.92
813.0 22853.20 18743.31 82.02
814.2 22877.00 18744.75 81.94
815.4 22934.52 18808.71 82.01
816.6 22960.29 18817.35 81.96
817.9 22999.02 18845.24 81.94
819.1 22952.63 18799.38 81.91
820.3 22878.74 18731.17 81.87
821.5 22815.86 18634.19 81.67
822.7 22791.84 18598.58 81.60
823.9 22775.35 18570.00 81.54
825.1 22775.00 18531.56 81.37
826.3 22791.99 18502.51 81.18
827.5 22821.63 18479.22 80.97
828.7 22859.28 18455.23 80.73
829.9 22876.22 18427.18 80.55
831.0 22931.35 18405.73 80.26
832.2 22973.83 18401.25 80.10
833.4 23011.27 18399.71 79.96
834.6 23055.47 18406.88 79.84
835.8 23102.89 18384.03 79.57
837.0 23141.45 18417.81 79.59
838.1 23220.35 18451.03 79.46
839.3 23268.86 18472.88 79.39
840.5 23336.16 18489.47 79.23
841.7 23406.57 18545.44 79.23
842.9 23478.07 18571.44 79.10
844.0 23532.58 18599.24 79.04
845.2 23619.32 18630.48 78.88
846.4 23671.24 18653.32 78.80
847.5 23782.36 18729.16 78.75
848.7 23899.65 18811.88 78.71
849.9 23995.36 18884.71 78.70
851.0 24041.10 18895.18 78.60
852.2 24081.27 18930.46 78.61
853.3 24064.15 18913.79 78.60
854.5 24063.76 18879.79 78.46
855.6 24077.79 18876.31 78.40
856.8 24094.25 18886.44 78.39
857.9 24088.46 18880.74 78.38
859.1 24139.70 18919.92 78.38
860.2 24162.30 18912.85 78.27
861.4 24186.95 18886.01 78.08
862.5 24205.94 18923.06 78.18
863.7 24256.78 18949.19 78.12
864.8 24282.48 18944.52 78.02
865.9 24260.64 18898.40 77.90
867.1 24288.08 18912.80 77.87
868.2 24288.56 18927.49 77.93
869.3 24311.53 18893.29 77.71
870.5 24282.74 18871.16 77.71
871.6 24305.37 18857.89 77.59
872.7 24342.22 18875.54 77.54
873.9 24350.48 18873.21 77.51
875.0 24336.91 18829.14 77.37
876.1 24343.75 18821.83 77.32
877.2 24343.41 18810.53 77.27
878.3 24368.92 18787.84 77.10
879.4 24397.15 18770.91 76.94
880.5 24413.58 18759.17 76.84
881.7 24420.50 18708.30 76.61
882.8 24475.22 18739.35 76.56
883.9 24468.46 18734.04 76.56
885.0 24474.79 18720.98 76.49
886.1 24498.26 18689.54 76.29
887.2 24394.17 18631.70 76.38
888.3 24342.70 18618.07 76.48
889.4 24315.74 18502.46 76.09
890.5 24277.48 18456.65 76.02
891.6 24261.50 18420.34 75.92
892.7 24242.78 18395.38 75.88
893.8 24216.07 18384.41 75.92
894.9 24253.85 18358.60 75.69
896.0 24260.72 18314.62 75.49
897.0 24313.79 18317.28 75.34
898.1 24310.03 18259.23 75.11
899.2 24312.02 18257.83 75.10
900.3 24277.85 18205.33 74.99
901.4 24223.96 18119.66 74.80
902.4 24262.14 18136.94 74.75
903.5 24215.60 18087.07 74.69
904.6 24255.42 18075.33 74.52
905.7 24275.35 18057.79 74.39
906.7 24232.03 18013.60 74.34
907.8 24260.93 17998.60 74.19
908.9 24225.73 17942.39 74.06
909.9 24230.53 17916.14 73.94
911.0 24219.62 17794.73 73.47
912.1 24159.68 17754.14 73.49
913.1 24146.72 17681.25 73.22
914.2 24044.41 17607.41 73.23
915.2 24065.91 17554.43 72.94
916.3 24074.78 17507.10 72.72
917.3 24064.16 17477.33 72.63
918.4 24018.09 17378.90 72.36
919.4 24009.89 17301.88 72.06
920.5 24001.76 17226.31 71.77
921.5 23994.22 17188.64 71.64
922.6 23961.44 17083.72 71.30
923.6 24014.80 17049.29 70.99
924.7 24026.25 16976.40 70.66
925.7 24027.75 16889.47 70.29
926.7 24068.18 16880.64 70.14
927.8 24121.06 16765.61 69.51
928.8 24198.38 16771.57 69.31
929.9 24249.23 16749.49 69.07
930.9 24364.95 16710.65 68.58
931.9 24471.97 16694.45 68.22
932.9 24649.27 16746.15 67.94
934.0 24688.77 16638.85 67.39
935.0 24731.47 16585.05 67.06
936.0 24726.44 16459.81 66.57
937.0 24705.92 16396.07 66.36
938.1 24690.32 16264.31 65.87
939.1 24641.88 16108.26 65.37
940.1 24710.97 16058.79 64.99
941.1 24857.20 15998.17 64.36
942.1 24988.75 16011.80 64.08
943.1 25073.30 15985.02 63.75
944.1 25226.42 15886.73 62.98
945.2 25252.29 15847.94 62.76
946.2 25309.81 15714.91 62.09
947.2 25385.75 15643.40 61.62
948.2 25440.92 15620.81 61.40
949.2 25546.22 15514.20 60.73
950.2 25592.08 15404.42 60.19
951.2 25611.18 15319.58 59.82
952.2 25670.09 15207.39 59.24
953.2 25848.55 15189.72 58.76
954.2 25898.85 15093.09 58.28
955.2 25901.18 14944.64 57.70
956.2 25924.68 14891.04 57.44
957.2 25967.07 14777.20 56.91
958.2 26043.08 14728.93 56.56
959.2 26073.90 14691.96 56.35
960.1 26108.68 14644.01 56.09
961.1 26163.47 14573.56 55.70
962.1 26166.56 14592.00 55.77
963.1 26232.72 14513.73 55.33
964.1 26279.24 14560.98 55.41
965.1 26385.53 14532.66 55.08
966.1 26430.00 14518.31 54.93
967.0 26460.84 14468.50 54.68
968.0 26462.49 14493.05 54.77
969.0 26514.60 14483.52 54.62
970.0 26531.15 14479.56 54.58
971.0 26601.49 14482.15 54.44
971.9 26640.54 14472.80 54.33
972.9 26689.73 14418.11 54.02
973.9 26702.00 14408.81 53.96
974.9 26784.37 14414.27 53.82
975.8 26835.65 14441.02 53.81
976.8 26907.76 14290.81 53.11
977.8 26919.59 14374.10 53.40
978.8 27001.65 14369.10 53.22
979.7 27154.14 14257.30 52.51
980.7 27139.61 14251.78 52.51
981.7 27195.18 14278.01 52.50
982.6 27509.73 14268.57 51.87
983.6 27656.31 14492.76 52.40
984.6 27924.59 14442.30 51.72
985.5 28363.50 14797.15 52.17
986.5 28732.86 14892.08 51.83
987.5 29375.43 15251.39 51.92
988.4 30036.05 15663.56 52.15
989.4 30959.70 15979.20 51.61
990.4 31602.51 16757.36 53.03
991.3 32380.28 17110.42 52.84
992.3 32475.00 17919.94 55.18
993.2 34108.04 19118.45 56.05
994.2 35042.23 18824.13 53.72
995.2 35391.22 19695.98 55.65
996.1 36217.45 20049.49 55.36
997.1 36154.37 19542.90 54.05
998.0 35116.50 20693.04 58.93
999.0 35049.25 20957.29 59.79
1000.0 35251.41 20850.83 59.15
1000.9 36594.57 21563.25 58.92
1001.9 36083.72 20920.45 57.98
1002.8 36587.47 20572.61 56.23
1003.8 35567.62 19725.85 55.46
1004.8 35596.08 20810.02 58.46
961.5 32484.82 17885.99 55.06
965.5 31986.00 17741.57 55.47
969.5 30740.27 17529.04 57.02
973.4 29390.86 17174.72 58.44
977.4 28381.21 16804.28 59.21
981.4 27931.26 16720.49 59.86
985.3 27744.99 16770.25 60.44
989.3 27823.43 16969.83 60.99
993.3 27933.79 17207.60 61.60
997.2 27911.46 17411.72 62.38
1001.2 27870.05 17590.17 63.11
1005.2 27818.44 17742.26 63.78
1009.1 27854.84 17954.40 64.46
1013.1 27947.86 18213.28 65.17
1017.1 28020.51 18487.64 65.98
1021.0 28018.18 18716.17 66.80
1025.0 28006.41 18960.55 67.70
1029.0 27914.33 19131.20 68.54
1032.9 27806.61 19267.95 69.29
1036.9 27803.09 19484.67 70.08
1040.9 27854.95 19738.68 70.86
1044.8 27961.41 20015.95 71.58
1048.8 28076.99 20281.65 72.24
1052.7 28142.21 20492.93 72.82
1056.7 28153.25 20627.70 73.27
1060.7 28175.59 20749.87 73.64
1064.6 28184.96 20840.60 73.94
1068.6 28120.63 20825.38 74.06
1072.5 28059.15 20800.31 74.13
1076.5 28039.23 20763.28 74.05
1080.4 28041.13 20708.56 73.85
1084.4 28101.70 20675.55 73.57
1088.3 28182.69 20614.30 73.15
1092.3 28163.22 20482.72 72.73
1096.2 28140.84 20314.00 72.19
1100.2 28181.24 20163.74 71.55
1104.1 28117.59 19962.34 71.00
1108.1 28067.65 19765.38 70.42
1112.0 28014.98 19544.40 69.76
1116.0 27913.60 19238.18 68.92
1119.9 27824.49 18941.26 68.07
1123.9 27874.90 18674.71 66.99
1127.8 27855.36 18228.48 65.44
1131.8 27835.86 17663.16 63.45
1135.7 27854.79 17010.56 61.07
1139.6 27860.06 16263.39 58.38
1143.6 27849.29 15550.54 55.84
1147.5 27851.45 14946.78 53.67
1151.4 27758.28 14383.84 51.82
1155.4 27752.76 14004.87 50.46
1159.3 27779.04 13758.62 49.53
1163.2 27676.75 13519.22 48.85
1167.2 27672.18 13391.82 48.39
1171.1 27690.39 13305.27 48.05
1175.0 27654.57 13202.81 47.74
1179.0 27636.10 13116.91 47.46
1182.9 27688.86 13078.39 47.23
1186.8 27695.30 13016.48 47.00
1190.7 27569.52 12886.66 46.74
1194.7 27419.62 12771.02 46.58
1198.6 27293.81 12688.83 46.49
1202.5 27200.25 12652.00 46.51
1206.4 27132.70 12617.46 46.50
1210.3 27081.04 12607.34 46.55
1214.2 27024.83 12623.26 46.71
1218.2 26933.31 12643.05 46.94
1222.1 26861.55 12680.80 47.21
1226.0 26811.29 12733.02 47.49
1229.9 26766.06 12780.42 47.75
1233.8 26716.82 12818.31 47.98
1237.7 26693.90 12874.79 48.23
1241.6 26651.31 12912.52 48.45
1245.5 26563.65 12911.75 48.61
1249.4 26496.77 12917.44 48.75
1253.3 26424.10 12924.06 48.91
1257.2 26386.94 12931.54 49.01
1261.1 26334.40 12923.71 49.08
1265.0 26252.61 12894.55 49.12
1268.9 26145.20 12833.04 49.08
1272.8 26185.80 12822.15 48.97
1276.7 26302.73 12841.15 48.82
1280.6 26352.96 12805.75 48.59
1284.5 26317.47 12705.57 48.28
1288.4 26317.72 12616.37 47.94
1292.3 26251.50 12471.25 47.51
1296.2 26160.25 12297.13 47.01
1300.1 26059.62 12099.20 46.43
1303.9 25925.19 11864.43 45.76
1307.8 25787.70 11609.56 45.02
1311.7 25630.17 11322.67 44.18
1315.6 25482.26 11024.42 43.26
1319.5 25332.93 10706.82 42.26
1323.3 25187.48 10378.28 41.20
1327.2 25064.93 10061.94 40.14
1331.1 24923.42 9728.20 39.03
1335.0 24744.20 9386.83 37.94
1338.8 24620.86 9089.24 36.92
1342.7 24530.16 8826.56 35.98
1346.5 24331.08 8551.54 35.15
1350.4 24169.12 8312.22 34.39
1354.3 23949.14 8058.94 33.65
1358.1 23693.95 7794.73 32.90
1362.0 23530.78 7544.63 32.06
1365.8 23459.84 7299.40 31.11
1369.7 23508.05 7068.03 30.07
1373.5 23469.07 6779.78 28.89
1377.4 23330.07 6407.84 27.47
1381.2 23213.30 5958.43 25.67
1385.1 23185.27 5486.43 23.66
1389.0 23111.78 4985.84 21.57
1392.8 22984.07 4486.18 19.52
1396.6 22895.53 4042.90 17.66
1400.5 22761.66 3645.04 16.01
1404.3 22655.33 3312.90 14.62
1408.2 22624.16 3051.19 13.49
1412.0 22589.60 2838.80 12.57
1415.8 22607.28 2690.15 11.90
1419.6 22576.45 2561.09 11.34
1423.5 22542.06 2463.33 10.93
1427.3 22514.94 2398.79 10.65
1431.1 22506.00 2338.95 10.39
1434.9 22447.92 2288.85 10.20
1438.8 22413.83 2261.76 10.09
1442.6 22382.98 2245.68 10.03
1446.4 22300.88 2224.33 9.97
1450.2 22249.24 2208.38 9.93
1454.0 22182.12 2195.64 9.90
1457.8 22164.02 2188.90 9.88
1461.6 22148.38 2195.03 9.91
1465.4 22082.35 2204.14 9.98
1469.2 21969.68 2218.13 10.10
1473.0 21877.42 2245.12 10.26
1476.8 21850.58 2287.11 10.47
1480.7 21812.31 2338.25 10.72
1484.4 21730.68 2394.00 11.02
1488.2 21671.40 2457.84 11.34
1492.0 21591.63 2533.24 11.73
1495.8 21523.78 2607.15 12.11
1499.6 21454.51 2657.31 12.39
1503.4 21379.07 2706.70 12.66
1507.2 21323.35 2757.23 12.93
1510.9 21243.98 2790.51 13.14
1514.7 21144.89 2802.39 13.25
1518.5 21072.06 2846.05 13.51
1522.3 20989.34 2890.18 13.77
1526.0 20921.85 2926.25 13.99
1529.8 20884.61 2978.75 14.26
1533.6 20802.56 3030.52 14.57
1537.3 20718.23 3092.49 14.93
1541.1 20646.58 3152.74 15.27
1544.8 20580.00 3213.60 15.62
1548.6 20494.10 3267.04 15.94
1552.4 20440.57 3323.38 16.26
1556.1 20395.83 3383.64 16.59
1559.9 20329.85 3430.60 16.87
1563.6 20251.55 3478.38 17.18
1567.3 20197.89 3532.42 17.49
1571.1 20068.75 3570.06 17.79
1574.8 19979.19 3623.47 18.14
1578.6 19927.86 3679.91 18.47
1582.3 19847.81 3707.73 18.68
1586.0 19767.00 3740.16 18.92
1589.8 19685.89 3767.80 19.14
1593.5 19600.32 3783.15 19.30
1597.2 19524.93 3815.19 19.54
1600.9 19437.87 3849.61 19.80
1604.7 19353.76 3866.43 19.98
1608.4 19286.50 3892.91 20.18
1612.1 19192.76 3916.89 20.41
1615.8 19101.23 3936.22 20.61
1619.5 19051.05 3962.04 20.80
1623.2 18959.56 3983.10 21.01
1626.9 18852.85 3996.30 21.20
1630.6 18764.68 4002.68 21.33
1634.3 18691.14 4023.55 21.53
1638.0 18598.45 4026.37 21.65
1641.7 18509.81 4025.75 21.75
1645.4 18402.68 4031.50 21.91
1649.1 18288.46 4026.27 22.02
1652.8 18195.71 4030.34 22.15
1656.4 18092.34 4020.78 22.22
1660.1 18000.80 4005.95 22.25
1663.8 17885.69 3990.03 22.31
1667.5 17799.77 3971.39 22.31
1671.1 17730.24 3952.51 22.29
1674.8 17616.48 3919.44 22.25
1678.5 17581.25 3898.12 22.17
1682.1 17590.27 3886.06 22.09
1685.8 17607.50 3863.63 21.94
1689.5 17542.91 3823.33 21.79
1693.1 17457.42 3782.52 21.67
1696.8 17380.25 3733.50 21.48
1700.4 17288.56 3680.19 21.29
1704.0 17215.22 3633.45 21.11
1707.7 17067.04 3560.51 20.86
1711.3 16895.27 3481.17 20.60
1715.0 16777.65 3426.30 20.42
1718.6 16676.16 3354.40 20.11
1722.2 16593.53 3284.51 19.79
1725.9 16502.51 3238.25 19.62
1729.5 16414.51 3187.70 19.42
1733.1 16344.39 3152.29 19.29
1736.7 16279.61 3130.70 19.23
1740.3 16185.41 3091.95 19.10
1744.0 16134.66 3062.09 18.98
1747.5 16057.96 3022.22 18.82
1751.2 15927.46 2959.97 18.58
1754.8 15831.63 2907.32 18.36
1758.4 15751.09 2860.80 18.16
1762.0 15645.56 2804.69 17.93
1765.5 15566.72 2766.46 17.77
1769.1 15535.20 2750.40 17.70
1772.7 15491.98 2730.89 17.63
1776.3 15419.88 2699.09 17.50
1779.9 15347.07 2667.78 17.38
1783.5 15311.52 2653.60 17.33
1787.0 15236.40 2631.45 17.27
1790.6 15143.84 2606.42 17.21
1794.2 15087.44 2589.75 17.16
1797.8 15036.76 2581.40 17.17
1801.3 14981.52 2580.42 17.22
1804.9 14902.13 2569.88 17.25
1808.4 14858.32 2567.58 17.28
1812.0 14777.75 2560.25 17.33
1815.5 14700.64 2543.70 17.30
1819.1 14590.83 2535.06 17.37
1822.6 14487.72 2525.25 17.43
1826.2 14418.70 2495.60 17.31
1829.7 14328.55 2479.65 17.31
1833.2 14190.94 2451.08 17.27
1836.8 14045.85 2411.05 17.17
1840.3 13941.54 2375.06 17.04
1843.8 13860.63 2339.26 16.88
1847.3 13802.68 2299.84 16.66
1850.8 13724.93 2245.82 16.36
1854.3 13613.82 2185.66 16.05
1857.8 13561.60 2121.60 15.64
1861.3 13547.76 2049.99 15.13
1864.8 13535.27 1934.57 14.29
1868.3 13463.39 1792.18 13.31
1871.8 13340.16 1635.84 12.26
1875.3 13273.26 1492.86 11.25
1878.8 13256.08 1368.92 10.33
1882.3 13214.27 1237.61 9.37
1885.8 13106.59 1116.31 8.52
1889.3 12978.60 1017.60 7.84
1892.7 12864.86 965.09 7.50
1896.2 12801.57 916.47 7.16
1899.7 12669.52 873.76 6.90
1903.1 12560.86 905.52 7.21
1906.6 12596.90 930.73 7.39
1910.0 12738.13 1042.40 8.18
1913.5 12973.91 1308.53 10.09
1917.0 13403.78 1513.93 11.29
1920.4 13682.60 1756.55 12.84
1923.8 13545.75 1896.41 14.00
1871.2 12087.68 1362.15 11.27
1873.9 12220.22 1406.72 11.51
1876.7 12301.52 1278.08 10.39
1879.5 12428.25 1087.71 8.75
1882.3 12206.32 983.36 8.06
1885.1 12128.34 939.58 7.75
1887.8 12221.56 832.91 6.82
1890.6 12108.22 764.07 6.31
1893.4 12100.00 718.67 5.94
1896.2 12041.04 680.79 5.65
1898.9 12011.63 706.57 5.88
1901.7 11891.87 658.37 5.54
1904.5 12018.88 613.64 5.11
1907.2 12012.75 593.75 4.94
1910.0 11893.49 583.65 4.91
1912.7 11869.88 592.49 4.99
1915.5 11831.92 594.61 5.03
1918.2 11779.87 597.58 5.07
1921.0 11683.46 577.64 4.94
1923.7 11689.18 586.96 5.02
1926.5 11652.35 586.20 5.03
1929.2 11640.20 570.79 4.90
1932.0 11635.12 609.88 5.24
1934.7 11593.68 628.46 5.42
1937.4 11519.59 601.72 5.22
1940.2 11491.19 614.67 5.35
1942.9 11531.42 621.18 5.39
1945.6 11563.58 600.98 5.20
1948.3 11524.93 628.74 5.46
1951.1 11489.17 641.13 5.58
1953.8 11466.00 642.00 5.60
1956.5 11360.04 661.90 5.83
1959.2 11418.81 651.82 5.71
1961.9 11446.18 658.58 5.75
1964.6 11367.48 675.33 5.94
1967.3 11400.90 685.30 6.01
1970.0 11289.44 663.04 5.87
1972.8 11234.23 697.18 6.21
1975.5 11291.08 722.89 6.40
1978.2 11253.68 706.64 6.28
1980.9 11190.69 725.84 6.49
1983.5 11156.37 735.81 6.60
1986.2 11145.30 739.14 6.63
1988.9 11136.57 756.60 6.79
1991.6 11039.20 735.75 6.66
1994.3 10958.34 753.86 6.88
1997.0 10994.15 790.03 7.19
1999.7 10961.15 783.97 7.15
2002.3 10945.72 788.21 7.20
2005.0 10902.57 811.22 7.44
2007.7 10847.47 828.47 7.64
2010.4 10803.32 816.53 7.56
2013.0 10762.64 830.74 7.72
2015.7 10696.03 838.29 7.84
2018.4 10628.99 839.65 7.90
2021.0 10616.50 850.00 8.01
2023.7 10554.77 862.13 8.17
2026.4 10528.70 870.35 8.27
2029.0 10481.89 871.62 8.32
2031.7 10396.32 884.43 8.51
2034.3 10404.77 892.88 8.58
2037.0 10328.24 895.17 8.67
2039.6 10285.55 897.45 8.73
2042.3 10275.69 901.48 8.77
2044.9 10201.79 903.21 8.85
2047.5 10204.59 906.02 8.88
2050.2 10158.40 910.00 8.96
2052.8 10105.20 929.60 9.20
2055.4 10049.58 944.16 9.40
2058.1 9962.40 932.40 9.36
2060.7 9933.43 933.53 9.40
2063.3 9914.96 930.75 9.39
2065.9 9868.54 929.63 9.42
2068.6 9795.96 943.58 9.63
2071.2 9784.53 951.39 9.72
2073.8 9724.21 943.04 9.70
2076.4 9688.61 965.49 9.97
2079.0 9694.50 966.64 9.97
2081.6 9703.19 959.35 9.89
2084.2 9703.71 984.76 10.15
2086.8 9599.36 981.43 10.22
2089.4 9542.55 987.16 10.34
2092.1 9497.33 988.83 10.41
2094.7 9458.10 997.23 10.54
2097.2 9452.00 980.33 10.37
2099.8 9456.63 1002.03 10.60
2102.4 9374.47 1023.60 10.92
2105.0 9285.30 994.65 10.71
2107.6 9259.93 1008.31 10.89
2110.2 9238.26 1014.48 10.98
2112.8 9225.66 1002.17 10.86
2115.3 9245.99 1016.11 10.99
2117.9 9244.71 1041.70 11.27
2120.5 9193.91 1049.40 11.41
2123.1 9158.18 1058.85 11.56
2125.6 9124.69 1060.06 11.62
2128.2 9072.67 1056.53 11.65
2130.8 9041.18 1058.85 11.71
2133.3 9008.27 1064.80 11.82
2135.9 8954.43 1056.06 11.79
2138.4 8866.52 1060.80 11.96
2141.0 8800.31 1040.17 11.82
2143.6 8777.41 1046.61 11.92
2146.1 8706.28 1063.68 12.22
2148.7 8619.12 1036.64 12.03
2151.2 8597.60 1047.20 12.18
2153.8 8623.97 1059.60 12.29
2156.3 8588.29 1048.43 12.21
2158.8 8514.46 1036.62 12.17
2161.4 8488.25 1049.61 12.37
2163.9 8446.98 1046.66 12.39
2166.4 8385.11 1031.88 12.31
2169.0 8382.15 1043.70 12.45
2171.5 8320.06 1025.96 12.33
2174.0 8255.63 1020.43 12.36
2176.5 8255.39 1034.54 12.53
2179.1 8221.85 1023.97 12.45
2181.6 8179.04 1028.08 12.57
2184.1 8165.08 1041.04 12.75
2186.6 8194.19 1045.07 12.75
2189.1 8127.72 1036.83 12.76
2191.6 8085.00 1022.47 12.65
2194.1 8104.87 1003.14 12.38
2196.6 8087.46 1015.60 12.56
2199.2 8120.84 1067.43 13.14
2201.7 8090.99 1038.68 12.84
2204.1 8070.33 996.88 12.35
2206.6 8079.18 1014.56 12.56
2209.1 8065.84 1018.17 12.62
2211.6 8043.49 1023.99 12.73
2214.1 8006.31 1007.44 12.58
2216.6 7980.30 1014.16 12.71
2219.1 7980.30 1010.36 12.66
2221.6 7948.32 974.51 12.26
2224.0 7898.13 952.50 12.06
2226.5 7883.96 943.64 11.97
2229.0 7929.29 966.89 12.19
2231.5 7843.84 938.35 11.96
2233.9 7819.81 923.60 11.81
2236.4 7847.38 953.42 12.15
2238.9 7800.38 922.25 11.82
2241.3 7769.45 913.37 11.76
2243.8 7738.35 925.03 11.95
2246.2 7675.80 895.51 11.67
2248.7 7674.77 852.32 11.11
2251.2 7655.92 849.38 11.09
2253.6 7622.40 833.28 10.93
2256.1 7614.72 821.76 10.79
2258.5 7598.82 833.64 10.97
2260.9 7551.12 797.68 10.56
2263.4 7519.30 786.86 10.46
2265.8 7501.00 773.18 10.31
2268.3 7442.68 750.43 10.08
2270.7 7484.75 752.31 10.05
2273.1 7474.42 740.16 9.90
2275.6 7426.56 748.80 10.08
2278.0 7406.10 699.49 9.44
2280.4 7419.59 677.31 9.13
2282.8 7360.04 696.90 9.47
2285.3 7360.62 684.35 9.30
2287.7 7403.88 695.09 9.39
2290.1 7361.11 656.25 8.92
2292.5 7357.29 638.90 8.68
2294.9 7334.29 663.88 9.05
2297.3 7269.29 624.89 8.60
2299.7 7205.71 596.20 8.27
2302.1 7180.99 608.89 8.48
2304.5 7138.32 572.32 8.02
2306.9 7063.84 556.64 7.88
2309.3 7009.90 583.83 8.33
2311.7 6986.50 569.13 8.15
2314.1 6892.08 523.80 7.60
2316.5 6859.54 527.96 7.70
2318.9 6866.38 543.95 7.92
2321.3 6841.80 534.83 7.82
2323.7 6852.56 539.10 7.87
2326.1 6818.76 527.93 7.74
2328.4 6814.46 541.09 7.94
2330.8 6895.74 568.51 8.24
2333.2 6844.67 531.27 7.76
2335.6 6792.13 481.59 7.09
2337.9 6860.96 488.28 7.12
2340.3 6818.09 503.80 7.39
2342.7 6753.74 512.03 7.58
2345.0 6730.97 492.61 7.32
2347.4 6681.00 467.50 7.00
2349.7 6586.91 444.25 6.74
2352.1 6586.88 463.14 7.03
2354.4 6606.54 472.82 7.16
2356.8 6561.33 444.62 6.78
2359.2 6526.00 459.33 7.04
2361.5 6527.55 445.06 6.82
2363.8 6552.37 412.82 6.30
2366.2 6509.67 458.99 7.05
2368.5 6448.05 445.00 6.90
2370.9 6490.81 384.71 5.93
2373.2 6466.21 418.19 6.47
2375.5 6384.78 407.25 6.38
2377.9 6372.55 378.34 5.94
2380.2 6359.35 398.61 6.27
2382.5 6341.10 395.17 6.23
2384.8 6319.68 380.48 6.02
2387.2 6319.87 375.07 5.93
2389.5 6312.87 373.01 5.91
2391.8 6274.40 375.51 5.98
2394.1 6213.84 398.26 6.41
2396.4 6168.88 382.23 6.20
2398.7 6216.25 360.50 5.80
2401.0 6176.31 351.10 5.68
2403.3 6100.50 338.64 5.55
2405.6 6107.96 334.89 5.48
2407.9 6102.18 340.68 5.58
2410.2 6026.03 330.88 5.49
2412.5 6001.45 294.74 4.91
2414.8 6028.49 344.05 5.71
2417.1 5987.53 309.70 5.17
2419.4 5949.82 296.97 4.99
2421.7 5887.47 320.66 5.45
2424.0 5859.22 295.87 5.05
2426.2 5874.30 278.20 4.74
2428.5 5808.55 259.60 4.47
2430.8 5804.25 272.50 4.69
2433.1 5808.25 276.58 4.76
2435.4 5762.85 279.75 4.85
2437.6 5757.26 279.75 4.86
2439.9 5676.77 280.75 4.95
2442.2 5722.46 273.04 4.77
2444.4 5754.82 246.96 4.29
2446.7 5635.60 227.76 4.04
2448.9 5649.27 248.71 4.40
2451.2 5656.04 214.56 3.79
2453.4 5604.80 210.93 3.76
2455.7 5570.81 249.35 4.48
2457.9 5506.71 225.89 4.10
2460.2 5530.01 228.11 4.12
2462.4 5516.16 255.84 4.64
2464.7 5488.25 189.25 3.45
2466.9 5424.90 192.60 3.55
2469.2 5373.30 252.79 4.70
2471.4 5389.87 196.95 3.65
2473.6 5329.22 207.55 3.89
2475.9 5276.43 264.16 5.01
2478.1 5287.71 293.76 5.56
2480.3 5200.37 229.74 4.42
2482.5 5189.69 200.15 3.86
2484.8 5177.27 189.32 3.66
2487.0 5147.63 155.54 3.02
2489.2 5193.91 180.92 3.48
2491.4 5072.10 207.50 4.09
2493.6 5118.43 219.47 4.29
2495.8 5194.43 166.29 3.20
2498.0 5082.88 121.60 2.39
2500.2 5097.13 193.78 3.80
2502.4 5283.60 213.12 4.03
2504.6 5305.35 159.63 3.01
2506.8 5309.21 175.35 3.30
