/*** Spectra Vista SIG Data ***/
name= \My Documents\HR1024_Data\RD4T4.
instrument= HR: 1091052
integration= 400, 60, 30, 500, 60, 30
scan time= 1, 1
scan settings= AD, AI, AD, AI
external data set1= 8224, 8224, 8224, 8224, 8224, 8224, 8224, 8224, 8224, 8224, 8224, 8224, 8224, 8224, 8224, 8224
external data set2= 8224, 8224, 8224, 8224, 8224, 8224, 8224, 8224, 8224, 8224, 8224, 8224, 8224, 8224, 8224, 8224
external data dark= 0,0,0,0,0,0,0,0
external data mask= 0
optic= LENS4 , LENS4 
temp= 30.65, 8.88, -5.44, 32.90, 8.88, -5.37
battery= 7.2, 7.1
error= 0, 0
units= Radiance, Radiance
time= 2/3/08 11:43:53 AM, 2/3/08 11:46:42 AM
longitude= , 
latitude= , 
gpstime= , 
comm= 
memory slot= 0, 0
factors= 
data= 
346.4 340.80 96.82 28.41
347.9 367.09 105.42 28.72
349.5 399.36 92.35 23.13
351.1 433.68 106.08 24.46
352.6 460.14 106.26 23.09
354.2 492.51 113.88 23.12
355.7 538.80 113.15 21.00
357.3 568.67 122.06 21.46
358.8 585.41 116.03 19.82
360.4 620.84 118.19 19.04
361.9 639.04 122.58 19.18
363.5 669.99 114.96 17.16
365.1 686.57 126.22 18.38
366.6 733.66 124.29 16.94
368.2 777.26 122.21 15.72
369.7 809.72 117.54 14.52
371.3 867.57 127.75 14.72
372.8 909.68 126.16 13.87
374.4 951.19 124.16 13.05
375.9 983.07 128.43 13.06
377.4 1019.66 119.69 11.74
379.0 1055.00 118.39 11.22
380.5 1084.82 129.26 11.91
382.1 1116.99 125.29 11.22
383.6 1163.77 125.87 10.82
385.2 1204.50 124.30 10.32
386.7 1260.34 132.13 10.48
388.3 1320.71 132.61 10.04
389.8 1373.87 127.37 9.27
391.3 1425.92 137.02 9.61
392.9 1463.75 144.53 9.87
394.4 1503.04 146.00 9.71
395.9 1566.86 153.23 9.78
397.5 1640.84 157.62 9.61
399.0 1713.41 155.74 9.09
400.6 1767.34 156.22 8.84
402.1 1795.68 143.45 7.99
403.6 1820.90 141.93 7.79
405.1 1866.85 138.01 7.39
406.7 1930.88 141.57 7.33
408.2 2001.41 144.34 7.21
409.7 2064.16 146.94 7.12
411.3 2128.61 150.55 7.07
412.8 2179.22 160.21 7.35
414.3 2248.03 164.47 7.32
415.8 2315.00 166.00 7.17
417.4 2384.53 164.96 6.92
418.9 2438.92 172.04 7.05
420.4 2491.25 177.47 7.12
421.9 2528.90 168.43 6.66
423.5 2576.67 170.92 6.63
425.0 2614.97 172.61 6.60
426.5 2670.30 168.56 6.31
428.0 2738.04 166.66 6.09
429.5 2820.30 166.69 5.91
431.1 2917.98 168.73 5.78
432.6 3022.17 178.41 5.90
434.1 3121.39 182.49 5.85
435.6 3210.17 180.34 5.62
437.1 3292.58 185.64 5.64
438.6 3380.78 188.64 5.58
440.1 3459.46 197.46 5.71
441.6 3549.43 204.26 5.75
443.1 3629.81 200.07 5.51
444.7 3707.22 210.43 5.68
446.2 3767.95 207.97 5.52
447.7 3836.04 220.07 5.74
449.2 3908.52 221.18 5.66
450.7 3965.52 222.98 5.62
452.2 4034.15 218.51 5.42
453.7 4115.19 218.29 5.30
455.2 4205.69 221.86 5.28
456.7 4326.08 227.39 5.26
458.2 4453.50 227.87 5.12
459.7 4591.13 231.00 5.03
461.2 4724.02 237.92 5.04
462.7 4831.21 246.30 5.10
464.2 4944.66 253.27 5.12
465.7 5062.68 259.10 5.12
467.2 5160.93 257.95 5.00
468.7 5264.00 269.60 5.12
470.2 5336.05 279.83 5.24
471.7 5439.94 287.85 5.29
473.2 5622.31 298.20 5.30
474.6 5770.75 301.71 5.23
476.1 5808.80 290.02 4.99
477.6 5821.61 287.36 4.94
479.1 5853.68 284.61 4.86
480.6 5893.36 287.43 4.88
482.1 5967.83 285.53 4.78
483.6 6058.48 287.85 4.75
485.1 6170.68 290.54 4.71
486.6 6309.93 291.28 4.62
488.0 6450.44 298.35 4.63
489.5 6599.70 303.62 4.60
491.0 6753.96 314.76 4.66
492.5 6904.44 322.06 4.66
494.0 7062.38 328.31 4.65
495.4 7196.48 334.62 4.65
496.9 7332.14 345.36 4.71
498.4 7463.08 351.36 4.71
499.9 7593.07 359.99 4.74
501.4 7717.26 371.34 4.81
502.8 7836.22 377.19 4.81
504.3 7936.20 392.40 4.94
505.8 8043.74 400.59 4.98
507.2 8110.53 408.67 5.04
508.7 8150.98 417.01 5.12
510.2 8186.99 419.42 5.12
511.6 8208.23 434.30 5.29
513.1 8262.60 451.04 5.46
514.6 8332.74 454.35 5.45
516.0 8382.21 465.59 5.55
517.5 8475.27 480.94 5.67
519.0 8590.00 498.02 5.80
520.5 8695.28 511.02 5.88
521.9 8839.73 528.26 5.98
523.4 9001.38 549.32 6.10
524.8 9160.51 572.50 6.25
526.3 9344.82 584.84 6.26
527.8 9530.69 610.88 6.41
529.2 9699.19 635.33 6.55
530.7 9886.41 658.28 6.66
532.1 10053.97 681.63 6.78
533.6 10247.97 703.09 6.86
535.0 10444.38 722.80 6.92
536.5 10635.67 748.68 7.04
538.0 10840.36 768.38 7.09
539.4 11019.87 789.24 7.16
540.9 11250.92 814.98 7.24
542.3 11448.91 843.30 7.37
543.8 11594.57 873.98 7.54
545.2 11631.87 877.83 7.55
546.6 11636.32 882.80 7.59
548.1 11642.11 897.14 7.71
549.5 11642.27 908.54 7.80
551.0 11643.87 914.14 7.85
552.4 11663.09 928.02 7.96
553.9 11675.28 935.81 8.02
555.3 11692.69 950.51 8.13
556.8 11756.06 963.22 8.19
558.2 11809.13 982.13 8.32
559.6 11881.48 996.13 8.38
561.1 11993.31 1027.65 8.57
562.5 12114.90 1048.04 8.65
564.0 12277.41 1080.97 8.80
565.4 12429.83 1112.07 8.95
566.8 12614.17 1151.12 9.13
568.3 12791.50 1183.78 9.25
569.7 12985.20 1228.65 9.46
571.1 13165.80 1265.22 9.61
572.6 13351.23 1308.31 9.80
574.0 13536.60 1357.62 10.03
575.4 13706.72 1406.03 10.26
576.9 13868.66 1455.30 10.49
578.3 14020.26 1504.36 10.73
579.7 14159.22 1564.14 11.05
581.1 14279.24 1603.98 11.23
582.6 14408.29 1658.45 11.51
584.0 14522.00 1720.59 11.85
585.4 14676.52 1796.18 12.24
586.8 14905.03 1870.17 12.55
588.3 15133.95 1956.24 12.93
589.7 15331.68 2047.03 13.35
591.1 15466.02 2121.05 13.71
592.5 15536.59 2183.77 14.06
594.0 15573.30 2250.19 14.45
595.4 15581.55 2309.93 14.82
596.8 15596.30 2367.22 15.18
598.2 15598.18 2435.78 15.62
599.6 15596.42 2509.67 16.09
601.0 15639.12 2581.41 16.51
602.4 15673.60 2665.46 17.01
603.9 15748.43 2752.00 17.47
605.3 15815.68 2830.83 17.90
606.7 15881.40 2915.28 18.36
608.1 16009.09 3010.09 18.80
609.5 16141.17 3109.22 19.26
610.9 16300.90 3214.92 19.72
612.3 16453.92 3317.34 20.16
613.7 16654.20 3434.16 20.62
615.1 16792.11 3543.26 21.10
616.5 16936.76 3651.05 21.56
617.9 17154.76 3775.49 22.01
619.3 17355.67 3898.22 22.46
620.7 17602.69 4031.04 22.90
622.1 17855.25 4156.25 23.28
623.5 18142.91 4273.31 23.55
624.9 18464.12 4405.59 23.86
626.3 18676.51 4514.21 24.17
627.7 18480.83 4546.22 24.60
629.1 18305.12 4596.48 25.11
630.5 18226.44 4680.44 25.68
631.9 18223.49 4774.21 26.20
633.3 18218.28 4864.11 26.70
634.7 18285.17 4954.32 27.09
636.1 18311.39 5022.00 27.43
637.5 18342.35 5069.79 27.64
638.9 18405.16 5113.86 27.78
640.2 18464.62 5125.42 27.76
641.6 18482.49 5086.22 27.52
643.0 18453.48 5018.15 27.19
644.4 18445.09 4930.83 26.73
645.8 18385.56 4807.21 26.15
647.2 18449.67 4706.83 25.51
648.5 18488.23 4611.95 24.95
649.9 18404.10 4496.08 24.43
651.3 18337.05 4409.46 24.05
652.7 18249.08 4315.62 23.65
654.1 18146.19 4281.38 23.59
655.5 18027.21 4255.20 23.60
656.8 17913.01 4217.58 23.54
658.2 18029.39 4218.32 23.40
659.6 18243.57 4231.16 23.19
660.9 18420.18 4210.82 22.86
662.3 18592.04 4176.23 22.46
663.7 18769.80 4134.48 22.03
665.0 18918.47 4083.37 21.58
666.4 19067.18 4025.10 21.11
667.8 19256.38 3988.34 20.71
669.1 19421.37 3962.39 20.40
670.5 19609.02 3952.65 20.16
671.9 19731.90 3940.46 19.97
673.2 19898.87 3959.94 19.90
674.6 20056.80 3999.85 19.94
676.0 20228.64 4067.07 20.11
677.3 20404.25 4165.70 20.42
678.7 20600.81 4307.80 20.91
680.0 20846.79 4510.13 21.63
681.4 21108.38 4787.14 22.68
682.8 21364.53 5142.41 24.07
684.1 21619.26 5582.30 25.82
685.5 21847.13 6111.00 27.97
686.8 22073.58 6730.56 30.49
688.2 22276.00 7425.42 33.33
689.5 22357.00 8118.33 36.31
690.9 22421.04 8838.75 39.42
692.2 22466.78 9553.32 42.52
693.6 22511.12 10249.44 45.53
694.9 22502.85 10866.69 48.29
696.2 22528.07 11475.05 50.94
697.6 22551.10 12043.63 53.41
698.9 22578.60 12555.84 55.61
700.3 22606.89 13043.48 57.70
701.6 22646.95 13495.20 59.59
703.0 22694.78 13912.80 61.30
704.3 22706.37 14262.24 62.81
705.6 22702.23 14571.61 64.19
707.0 22704.82 14862.88 65.46
708.3 22646.20 15080.78 66.59
709.6 22597.33 15265.42 67.55
711.0 22500.10 15421.04 68.54
712.3 22411.69 15531.78 69.30
713.6 22354.29 15687.84 70.18
714.9 22303.18 15800.79 70.85
716.3 22276.29 15931.74 71.52
717.6 22261.96 16060.16 72.14
718.9 22214.84 16133.97 72.63
720.2 22081.36 16164.90 73.21
721.6 21997.43 16199.82 73.64
722.9 21880.30 16209.95 74.08
724.2 21710.92 16168.92 74.47
725.5 21599.76 16156.09 74.80
726.8 21485.93 16125.99 75.05
728.1 21416.26 16129.27 75.31
729.5 21341.65 16107.78 75.48
730.8 21295.01 16096.50 75.59
732.1 21223.37 16059.46 75.67
733.4 21170.30 16037.78 75.76
734.7 21120.77 16025.38 75.87
736.0 21106.80 16036.90 75.98
737.3 21048.39 16001.63 76.02
738.6 21092.71 16059.59 76.14
739.9 21176.51 16156.08 76.29
741.2 21233.94 16227.12 76.42
742.5 21368.21 16362.93 76.58
743.8 21611.49 16563.86 76.64
745.1 21972.01 16878.18 76.82
746.4 22417.62 17229.58 76.86
747.7 22884.17 17593.92 76.88
749.0 23318.82 17991.99 77.16
750.3 23585.52 18212.32 77.22
751.6 23542.94 18207.10 77.34
752.9 23315.57 18047.67 77.41
754.2 23042.15 17853.02 77.48
755.4 22753.28 17644.89 77.55
756.7 22664.25 17592.22 77.62
758.0 22673.40 17625.52 77.74
759.3 22820.85 17762.99 77.84
760.6 23029.16 17944.08 77.92
761.9 23226.93 18115.17 77.99
763.1 23344.98 18228.88 78.08
764.4 23488.74 18360.57 78.17
765.7 23599.88 18467.80 78.25
767.0 23700.39 18554.77 78.29
768.2 23773.68 18622.46 78.33
769.5 23833.65 18690.99 78.42
770.8 23956.12 18815.25 78.54
772.0 23990.79 18860.82 78.62
773.3 24042.18 18930.72 78.74
774.6 24115.47 19022.08 78.88
775.8 24202.18 19103.11 78.93
777.1 24216.22 19157.00 79.11
778.4 24195.08 19153.41 79.16
779.6 24187.19 19190.98 79.34
780.9 24146.00 19190.40 79.48
782.1 24062.37 19127.72 79.49
783.4 24078.08 19174.27 79.63
784.6 24096.40 19212.06 79.73
785.9 24266.86 19359.97 79.78
787.1 24608.46 19666.05 79.92
788.4 24866.63 19913.01 80.08
789.6 24869.75 19973.92 80.31
790.9 24661.14 19859.93 80.53
792.1 24392.68 19668.35 80.63
793.4 24151.80 19470.97 80.62
794.6 23969.19 19382.59 80.86
795.8 23823.90 19298.29 81.00
797.1 23657.33 19182.06 81.08
798.3 23526.94 19106.51 81.21
799.5 23474.04 19083.14 81.29
800.8 23402.91 19047.59 81.39
802.0 23314.16 18985.81 81.43
803.2 23223.76 18935.18 81.53
804.5 23155.20 18907.67 81.66
805.7 23091.89 18864.25 81.69
806.9 23005.10 18818.57 81.80
808.1 22953.51 18792.25 81.87
809.4 22916.64 18777.99 81.94
810.6 22856.93 18736.90 81.97
811.8 22862.50 18728.96 81.92
813.0 22853.20 18752.53 82.06
814.2 22877.00 18748.48 81.95
815.4 22934.52 18793.65 81.94
816.6 22960.29 18832.51 82.02
817.9 22999.02 18852.83 81.97
819.1 22952.63 18795.60 81.89
820.3 22878.74 18714.27 81.80
821.5 22815.86 18637.92 81.69
822.7 22791.84 18607.80 81.64
823.9 22775.35 18577.33 81.57
825.1 22775.00 18531.56 81.37
826.3 22791.99 18524.32 81.28
827.5 22821.63 18470.13 80.93
828.7 22859.28 18458.88 80.75
829.9 22876.22 18419.86 80.52
831.0 22931.35 18405.73 80.26
832.2 22973.83 18393.85 80.06
833.4 23011.27 18384.82 79.89
834.6 23055.47 18412.50 79.86
835.8 23102.89 18397.26 79.63
837.0 23141.45 18408.27 79.55
838.1 23220.35 18451.03 79.46
839.3 23268.86 18470.94 79.38
840.5 23336.16 18493.42 79.25
841.7 23406.57 18529.45 79.16
842.9 23478.07 18579.55 79.14
844.0 23532.58 18582.74 78.97
845.2 23619.32 18617.86 78.82
846.4 23671.24 18651.17 78.79
847.5 23782.36 18748.94 78.84
848.7 23899.65 18807.39 78.69
849.9 23995.36 18870.97 78.64
851.0 24041.10 18911.48 78.66
852.2 24081.27 18928.10 78.60
853.3 24064.15 18897.15 78.53
854.5 24063.76 18898.95 78.54
855.6 24077.79 18883.55 78.43
856.8 24094.25 18888.87 78.40
857.9 24088.46 18890.55 78.42
859.1 24139.70 18937.28 78.45
860.2 24162.30 18932.94 78.36
861.4 24186.95 18914.02 78.20
862.5 24205.94 18912.73 78.13
863.7 24256.78 18983.28 78.26
864.8 24282.48 18949.84 78.04
865.9 24260.64 18914.59 77.96
867.1 24288.08 18921.01 77.90
868.2 24288.56 18916.36 77.88
869.3 24311.53 18910.22 77.78
870.5 24282.74 18874.02 77.73
871.6 24305.37 18863.69 77.61
872.7 24342.22 18884.38 77.58
873.9 24350.48 18891.16 77.58
875.0 24336.91 18859.49 77.49
876.1 24343.75 18834.15 77.37
877.2 24343.41 18819.93 77.31
878.3 24368.92 18794.21 77.12
879.4 24397.15 18774.15 76.95
880.5 24413.58 18772.42 76.89
881.7 24420.50 18731.96 76.71
882.8 24475.22 18780.70 76.73
883.9 24468.46 18741.05 76.59
885.0 24474.79 18738.72 76.56
886.1 24498.26 18703.85 76.35
887.2 24394.17 18656.85 76.48
888.3 24342.70 18603.68 76.42
889.4 24315.74 18538.45 76.24
890.5 24277.48 18453.05 76.01
891.6 24261.50 18413.12 75.89
892.7 24242.78 18388.14 75.85
893.8 24216.07 18402.58 75.99
894.9 24253.85 18365.91 75.72
896.0 24260.72 18314.62 75.49
897.0 24313.79 18320.97 75.35
898.1 24310.03 18281.52 75.20
899.2 24312.02 18261.57 75.11
900.3 24277.85 18209.09 75.00
901.4 24223.96 18142.28 74.89
902.4 24262.14 18125.58 74.71
903.5 24215.60 18087.07 74.69
904.6 24255.42 18090.60 74.58
905.7 24275.35 18050.11 74.36
906.7 24232.03 18036.72 74.43
907.8 24260.93 18033.47 74.33
908.9 24225.73 17965.71 74.16
909.9 24230.53 17904.43 73.89
911.0 24219.62 17833.96 73.63
912.1 24159.68 17785.61 73.62
913.1 24146.72 17724.72 73.40
914.2 24044.41 17583.59 73.13
915.2 24065.91 17582.40 73.06
916.3 24074.78 17511.12 72.74
917.3 24064.16 17457.12 72.54
918.4 24018.09 17358.55 72.27
919.4 24009.89 17301.88 72.06
920.5 24001.76 17271.76 71.96
921.5 23994.22 17192.81 71.65
922.6 23961.44 17083.72 71.30
923.6 24014.80 17062.06 71.05
924.7 24026.25 17002.20 70.77
925.7 24027.75 16924.22 70.44
926.7 24068.18 16867.47 70.08
927.8 24121.06 16805.50 69.67
928.8 24198.38 16771.57 69.31
929.9 24249.23 16772.10 69.17
930.9 24364.95 16747.19 68.73
931.9 24471.97 16689.83 68.20
932.9 24649.27 16741.49 67.92
934.0 24688.77 16695.09 67.62
935.0 24731.47 16580.33 67.04
936.0 24726.44 16497.72 66.72
937.0 24705.92 16396.07 66.36
938.1 24690.32 16249.98 65.82
939.1 24641.88 16113.06 65.39
940.1 24710.97 16034.51 64.89
941.1 24857.20 16042.46 64.54
942.1 24988.75 15971.81 63.92
943.1 25073.30 15949.51 63.61
944.1 25226.42 15938.16 63.18
945.2 25252.29 15879.19 62.88
946.2 25309.81 15762.40 62.28
947.2 25385.75 15664.80 61.71
948.2 25440.92 15588.17 61.27
949.2 25546.22 15536.30 60.82
950.2 25592.08 15410.04 60.21
951.2 25611.18 15285.31 59.68
952.2 25670.09 15184.14 59.15
953.2 25848.55 15160.15 58.65
954.2 25898.85 15087.06 58.25
955.2 25901.18 15036.82 58.05
956.2 25924.68 14872.25 57.37
957.2 25967.07 14796.36 56.98
958.2 26043.08 14748.50 56.63
959.2 26073.90 14711.94 56.42
960.1 26108.68 14650.82 56.11
961.1 26163.47 14650.15 55.99
962.1 26166.56 14592.00 55.77
963.1 26232.72 14579.41 55.58
964.1 26279.24 14605.81 55.58
965.1 26385.53 14532.66 55.08
966.1 26430.00 14534.04 54.99
967.0 26460.84 14517.05 54.86
968.0 26462.49 14468.10 54.67
969.0 26514.60 14577.68 54.98
970.0 26531.15 14497.22 54.64
971.0 26601.49 14509.49 54.54
971.9 26640.54 14510.59 54.47
972.9 26689.73 14467.29 54.21
973.9 26702.00 14419.08 54.00
974.9 26784.37 14414.27 53.82
975.8 26835.65 14406.96 53.69
976.8 26907.76 14374.80 53.42
977.8 26919.59 14450.56 53.68
978.8 27001.65 14301.00 52.96
979.7 27154.14 14315.97 52.72
980.7 27139.61 14379.02 52.98
981.7 27195.18 14260.62 52.44
982.6 27509.73 14422.20 52.43
983.6 27656.31 14449.89 52.25
984.6 27924.59 14587.20 52.24
985.5 28363.50 14687.14 51.78
986.5 28732.86 15018.55 52.27
987.5 29375.43 15544.69 52.92
988.4 30036.05 15663.56 52.15
989.4 30959.70 16278.81 52.58
990.4 31602.51 16640.58 52.66
991.3 32380.28 17519.43 54.11
992.3 32475.00 17528.67 53.98
993.2 34108.04 18490.15 54.21
994.2 35042.23 19734.98 56.32
995.2 35391.22 19360.26 54.70
996.1 36217.45 20538.50 56.71
997.1 36154.37 19542.90 54.05
998.0 35116.50 19870.80 56.59
999.0 35049.25 20379.15 58.14
1000.0 35251.41 20250.81 57.45
1000.9 36594.57 20461.48 55.91
1001.9 36083.72 19947.40 55.28
1002.8 36587.47 19569.07 53.49
1003.8 35567.62 21122.37 59.39
1004.8 35596.08 20627.47 57.95
961.5 32484.82 18272.71 56.25
965.5 31986.00 17912.16 56.00
969.5 30740.27 17529.04 57.02
973.4 29390.86 17264.87 58.74
977.4 28381.21 16804.28 59.21
981.4 27931.26 16701.36 59.79
985.3 27744.99 16770.25 60.44
989.3 27823.43 16979.68 61.03
993.3 27933.79 17248.42 61.75
997.2 27911.46 17426.36 62.43
1001.2 27870.05 17610.84 63.19
1005.2 27818.44 17775.28 63.90
1009.1 27854.84 17979.61 64.55
1013.1 27947.86 18237.32 65.25
1017.1 28020.51 18499.20 66.02
1021.0 28018.18 18732.99 66.86
1025.0 28006.41 18982.55 67.78
1029.0 27914.33 19147.44 68.59
1032.9 27806.61 19299.93 69.41
1036.9 27803.09 19505.61 70.16
1040.9 27854.95 19774.46 70.99
1044.8 27961.41 20060.90 71.74
1048.8 28076.99 20291.47 72.27
1052.7 28142.21 20507.40 72.87
1056.7 28153.25 20646.67 73.34
1060.7 28175.59 20763.92 73.69
1064.6 28184.96 20845.22 73.96
1068.6 28120.63 20852.68 74.15
1072.5 28059.15 20831.66 74.24
1076.5 28039.23 20794.07 74.16
1080.4 28041.13 20730.19 73.93
1084.4 28101.70 20679.81 73.59
1088.3 28182.69 20647.96 73.26
1092.3 28163.22 20503.62 72.80
1096.2 28140.84 20326.49 72.23
1100.2 28181.24 20176.15 71.59
1104.1 28117.59 19962.34 71.00
1108.1 28067.65 19769.42 70.43
1112.0 28014.98 19552.41 69.79
1116.0 27913.60 19273.87 69.05
1119.9 27824.49 18964.68 68.16
1123.9 27874.90 18678.58 67.01
1127.8 27855.36 18240.00 65.48
1131.8 27835.86 17663.16 63.45
1135.7 27854.79 17021.95 61.11
1139.6 27860.06 16286.14 58.46
1143.6 27849.29 15558.07 55.87
1147.5 27851.45 14935.54 53.63
1151.4 27758.28 14391.26 51.84
1155.4 27752.76 14015.88 50.50
1159.3 27779.04 13762.26 49.54
1163.2 27676.75 13533.56 48.90
1167.2 27672.18 13405.98 48.45
1171.1 27690.39 13319.29 48.10
1175.0 27654.57 13213.24 47.78
1179.0 27636.10 13123.85 47.49
1182.9 27688.86 13081.87 47.25
1186.8 27695.30 13016.48 47.00
1190.7 27569.52 12900.59 46.79
1194.7 27419.62 12781.45 46.61
1198.6 27293.81 12695.76 46.52
1202.5 27200.25 12655.46 46.53
1206.4 27132.70 12620.90 46.52
1210.3 27081.04 12620.99 46.60
1214.2 27024.83 12636.74 46.76
1218.2 26933.31 12646.37 46.95
1222.1 26861.55 12680.80 47.21
1226.0 26811.29 12736.25 47.50
1229.9 26766.06 12786.78 47.77
1233.8 26716.82 12830.84 48.03
1237.7 26693.90 12877.88 48.24
1241.6 26651.31 12918.61 48.47
1245.5 26563.65 12923.84 48.65
1249.4 26496.77 12932.41 48.81
1253.3 26424.10 12938.90 48.97
1257.2 26386.94 12949.20 49.07
1261.1 26334.40 12935.38 49.12
1265.0 26252.61 12897.44 49.13
1268.9 26145.20 12841.64 49.12
1272.8 26185.80 12825.00 48.98
1276.7 26302.73 12838.31 48.81
1280.6 26352.96 12805.75 48.59
1284.5 26317.47 12708.37 48.29
1288.4 26317.72 12613.59 47.93
1292.3 26251.50 12471.25 47.51
1296.2 26160.25 12299.85 47.02
1300.1 26059.62 12107.24 46.46
1303.9 25925.19 11872.36 45.79
1307.8 25787.70 11617.40 45.05
1311.7 25630.17 11338.22 44.24
1315.6 25482.26 11037.26 43.31
1319.5 25332.93 10711.91 42.28
1323.3 25187.48 10383.32 41.22
1327.2 25064.93 10066.94 40.16
1331.1 24923.42 9730.68 39.04
1335.0 24744.20 9386.83 37.94
1338.8 24620.86 9094.12 36.94
1342.7 24530.16 8833.89 36.01
1346.5 24331.08 8563.79 35.20
1350.4 24169.12 8319.63 34.42
1354.3 23949.14 8063.95 33.67
1358.1 23693.95 7792.19 32.89
1362.0 23530.78 7536.98 32.03
1365.8 23459.84 7291.81 31.08
1369.7 23508.05 7065.51 30.06
1373.5 23469.07 6782.31 28.90
1377.4 23330.07 6410.40 27.48
1381.2 23213.30 5958.43 25.67
1385.1 23185.27 5481.28 23.64
1389.0 23111.78 4983.30 21.56
1392.8 22984.07 4493.75 19.55
1396.6 22895.53 4042.90 17.66
1400.5 22761.66 3640.08 15.99
1404.3 22655.33 3315.35 14.63
1408.2 22624.16 3048.75 13.48
1412.0 22589.60 2836.38 12.56
1415.8 22607.28 2690.15 11.90
1419.6 22576.45 2565.83 11.37
1423.5 22542.06 2468.04 10.95
1427.3 22514.94 2396.45 10.64
1431.1 22506.00 2343.60 10.41
1434.9 22447.92 2302.77 10.26
1438.8 22413.83 2273.33 10.14
1442.6 22382.98 2247.99 10.04
1446.4 22300.88 2219.72 9.95
1450.2 22249.24 2201.48 9.89
1454.0 22182.12 2191.08 9.88
1457.8 22164.02 2188.90 9.88
1461.6 22148.38 2192.75 9.90
1465.4 22082.35 2206.41 9.99
1469.2 21969.68 2218.13 10.10
1473.0 21877.42 2240.57 10.24
1476.8 21850.58 2284.83 10.46
1480.7 21812.31 2340.53 10.73
1484.4 21730.68 2394.00 11.02
1488.2 21671.40 2453.28 11.32
1492.0 21591.63 2526.41 11.70
1495.8 21523.78 2600.33 12.08
1499.6 21454.51 2664.15 12.42
1503.4 21379.07 2704.42 12.65
1507.2 21323.35 2745.65 12.88
1510.9 21243.98 2778.80 13.08
1514.7 21144.89 2809.45 13.29
1518.5 21072.06 2850.76 13.53
1522.3 20989.34 2887.81 13.76
1526.0 20921.85 2933.39 14.02
1529.8 20884.61 2973.98 14.24
1533.6 20802.56 3030.52 14.57
1537.3 20718.23 3097.29 14.95
1541.1 20646.58 3155.14 15.28
1544.8 20580.00 3216.00 15.63
1548.6 20494.10 3279.06 16.00
1552.4 20440.57 3337.88 16.33
1556.1 20395.83 3390.87 16.63
1559.9 20329.85 3433.00 16.89
1563.6 20251.55 3473.61 17.15
1567.3 20197.89 3534.81 17.50
1571.1 20068.75 3579.61 17.84
1574.8 19979.19 3630.63 18.17
1578.6 19927.86 3684.68 18.49
1582.3 19847.81 3719.67 18.74
1586.0 19767.00 3742.55 18.93
1589.8 19685.89 3762.98 19.12
1593.5 19600.32 3783.15 19.30
1597.2 19524.93 3817.59 19.55
1600.9 19437.87 3842.40 19.77
1604.7 19353.76 3868.83 19.99
1608.4 19286.50 3895.31 20.20
1612.1 19192.76 3912.08 20.38
1615.8 19101.23 3931.40 20.58
1619.5 19051.05 3962.04 20.80
1623.2 18959.56 3980.69 21.00
1626.9 18852.85 3991.46 21.17
1630.6 18764.68 4005.10 21.34
1634.3 18691.14 4021.13 21.51
1638.0 18598.45 4033.60 21.69
1641.7 18509.81 4035.36 21.80
1645.4 18402.68 4026.71 21.88
1649.1 18288.46 4031.03 22.04
1652.8 18195.71 4030.34 22.15
1656.4 18092.34 4011.34 22.17
1660.1 18000.80 3998.87 22.21
1663.8 17885.69 3987.68 22.30
1667.5 17799.77 3971.39 22.31
1671.1 17730.24 3945.50 22.25
1674.8 17616.48 3914.77 22.22
1678.5 17581.25 3898.12 22.17
1682.1 17590.27 3881.38 22.07
1685.8 17607.50 3858.92 21.92
1689.5 17542.91 3818.61 21.77
1693.1 17457.42 3773.04 21.61
1696.8 17380.25 3728.75 21.45
1700.4 17288.56 3684.95 21.31
1704.0 17215.22 3633.45 21.11
1707.7 17067.04 3555.73 20.83
1711.3 16895.27 3478.79 20.59
1715.0 16777.65 3414.35 20.35
1718.6 16676.16 3352.00 20.10
1722.2 16593.53 3294.14 19.85
1725.9 16502.51 3238.25 19.62
1729.5 16414.51 3190.11 19.43
1733.1 16344.39 3149.89 19.27
1736.7 16279.61 3123.50 19.19
1740.3 16185.41 3096.74 19.13
1744.0 16134.66 3062.09 18.98
1747.5 16057.96 3010.27 18.75
1751.2 15927.46 2957.58 18.57
1754.8 15831.63 2909.70 18.38
1758.4 15751.09 2858.42 18.15
1762.0 15645.56 2802.30 17.91
1765.5 15566.72 2766.46 17.77
1769.1 15535.20 2752.80 17.72
1772.7 15491.98 2735.73 17.66
1776.3 15419.88 2706.40 17.55
1779.9 15347.07 2675.13 17.43
1783.5 15311.52 2656.08 17.35
1787.0 15236.40 2628.95 17.25
1790.6 15143.84 2606.42 17.21
1794.2 15087.44 2599.88 17.23
1797.8 15036.76 2589.09 17.22
1801.3 14981.52 2577.83 17.21
1804.9 14902.13 2575.13 17.28
1808.4 14858.32 2567.58 17.28
1812.0 14777.75 2554.82 17.29
1815.5 14700.64 2546.48 17.32
1819.1 14590.83 2529.38 17.34
1822.6 14487.72 2507.93 17.31
1826.2 14418.70 2492.66 17.29
1829.7 14328.55 2476.65 17.28
1833.2 14190.94 2444.90 17.23
1836.8 14045.85 2414.23 17.19
1840.3 13941.54 2371.77 17.01
1843.8 13860.63 2335.83 16.85
1847.3 13802.68 2307.17 16.72
1850.8 13724.93 2257.92 16.45
1854.3 13613.82 2190.21 16.09
1857.8 13561.60 2100.80 15.49
1861.3 13547.76 2014.34 14.87
1864.8 13535.27 1927.87 14.24
1868.3 13463.39 1792.18 13.31
1871.8 13340.16 1651.20 12.38
1875.3 13273.26 1508.33 11.36
1878.8 13256.08 1384.39 10.44
1882.3 13214.27 1237.61 9.37
1885.8 13106.59 1108.28 8.46
1889.3 12978.60 1000.92 7.71
1892.7 12864.86 920.82 7.16
1896.2 12801.57 897.17 7.01
1899.7 12669.52 862.84 6.81
1903.1 12560.86 879.65 7.00
1906.6 12596.90 946.77 7.52
1910.0 12738.13 1042.40 8.18
1913.5 12973.91 1225.00 9.44
1917.0 13403.78 1587.78 11.85
1920.4 13682.60 1987.68 14.53
1923.8 13545.75 2004.77 14.80
1871.2 12087.68 1385.05 11.46
1873.9 12220.22 1267.12 10.37
1876.7 12301.52 1248.13 10.15
1879.5 12428.25 1153.92 9.28
1882.3 12206.32 1037.49 8.50
1885.1 12128.34 956.82 7.89
1887.8 12221.56 882.39 7.22
1890.6 12108.22 834.24 6.89
1893.4 12100.00 777.33 6.42
1896.2 12041.04 728.93 6.05
1898.9 12011.63 674.45 5.61
1901.7 11891.87 623.10 5.24
1904.5 12018.88 629.51 5.24
1907.2 12012.75 598.50 4.98
1910.0 11893.49 579.33 4.87
1912.7 11869.88 600.50 5.06
1915.5 11831.92 598.37 5.06
1918.2 11779.87 594.00 5.04
1921.0 11683.46 591.39 5.06
1923.7 11689.18 590.30 5.05
1926.5 11652.35 576.43 4.95
1929.2 11640.20 602.85 5.18
1932.0 11635.12 587.76 5.05
1934.7 11593.68 597.19 5.15
1937.4 11519.59 623.44 5.41
1940.2 11491.19 599.30 5.22
1942.9 11531.42 615.09 5.33
1945.6 11563.58 625.14 5.41
1948.3 11524.93 637.77 5.53
1951.1 11489.17 647.15 5.63
1953.8 11466.00 654.00 5.70
1956.5 11360.04 649.92 5.72
1959.2 11418.81 672.75 5.89
1961.9 11446.18 691.36 6.04
1964.6 11367.48 666.40 5.86
1967.3 11400.90 679.37 5.96
1970.0 11289.44 701.52 6.21
1972.8 11234.23 706.00 6.28
1975.5 11291.08 705.33 6.25
1978.2 11253.68 715.40 6.36
1980.9 11190.69 728.75 6.51
1983.5 11156.37 732.90 6.57
1986.2 11145.30 733.32 6.58
1988.9 11136.57 756.60 6.79
1991.6 11039.20 764.72 6.93
1994.3 10958.34 765.41 6.98
1997.0 10994.15 787.15 7.16
1999.7 10961.15 798.32 7.28
2002.3 10945.72 793.96 7.25
2005.0 10902.57 796.84 7.31
2007.7 10847.47 828.47 7.64
2010.4 10803.32 830.81 7.69
2013.0 10762.64 813.67 7.56
2015.7 10696.03 832.61 7.78
2018.4 10628.99 856.67 8.06
2021.0 10616.50 833.00 7.85
2023.7 10554.77 853.65 8.09
2026.4 10528.70 892.88 8.48
2029.0 10481.89 880.05 8.40
2031.7 10396.32 875.98 8.43
2034.3 10404.77 881.62 8.47
2037.0 10328.24 886.73 8.59
2039.6 10285.55 900.27 8.75
2042.3 10275.69 895.86 8.72
2044.9 10201.79 891.99 8.74
2047.5 10204.59 900.41 8.82
2050.2 10158.40 912.80 8.99
2052.8 10105.20 924.00 9.14
2055.4 10049.58 918.95 9.14
2058.1 9962.40 949.20 9.53
2060.7 9933.43 958.69 9.65
2063.3 9914.96 944.68 9.53
2065.9 9868.54 954.75 9.67
2068.6 9795.96 957.54 9.77
2071.2 9784.53 951.39 9.72
2073.8 9724.21 959.83 9.87
2076.4 9688.61 971.11 10.02
2079.0 9694.50 969.45 10.00
2081.6 9703.19 967.79 9.97
2084.2 9703.71 981.94 10.12
2086.8 9599.36 981.43 10.22
2089.4 9542.55 972.98 10.20
2092.1 9497.33 986.00 10.38
2094.7 9458.10 991.58 10.48
2097.2 9452.00 1011.50 10.70
2099.8 9456.63 1002.03 10.60
2102.4 9374.47 1006.54 10.74
2105.0 9285.30 1023.15 11.02
2107.6 9259.93 1002.61 10.83
2110.2 9238.26 1023.00 11.07
2112.8 9225.66 1039.39 11.27
2115.3 9245.99 1018.99 11.02
2117.9 9244.71 1032.99 11.17
2120.5 9193.91 1046.49 11.38
2123.1 9158.18 1044.23 11.40
2125.6 9124.69 1045.42 11.46
2128.2 9072.67 1050.67 11.58
2130.8 9041.18 1053.00 11.65
2133.3 9008.27 1053.07 11.69
2135.9 8954.43 1067.83 11.93
2138.4 8866.52 1105.00 12.46
2141.0 8800.31 1081.31 12.29
2143.6 8777.41 1058.33 12.06
2146.1 8706.28 1060.74 12.18
2148.7 8619.12 1045.45 12.13
2151.2 8597.60 1058.93 12.32
2153.8 8623.97 1050.77 12.18
2156.3 8588.29 1066.15 12.41
2158.8 8514.46 1072.06 12.59
2161.4 8488.25 1052.56 12.40
2163.9 8446.98 1043.71 12.36
2166.4 8385.11 1061.44 12.66
2169.0 8382.15 1043.70 12.45
2171.5 8320.06 1025.96 12.33
2174.0 8255.63 1041.25 12.61
2176.5 8255.39 1037.53 12.57
2179.1 8221.85 1048.06 12.75
2181.6 8179.04 1052.42 12.87
2184.1 8165.08 1028.72 12.60
2186.6 8194.19 1026.24 12.52
2189.1 8127.72 1046.46 12.88
2191.6 8085.00 1019.20 12.61
2194.1 8104.87 1039.68 12.83
2196.6 8087.46 1066.55 13.19
2199.2 8120.84 1025.57 12.63
2201.7 8090.99 1020.78 12.62
2204.1 8070.33 1015.21 12.58
2206.6 8079.18 1025.75 12.70
2209.1 8065.84 1037.09 12.86
2211.6 8043.49 1008.77 12.54
2214.1 8006.31 1007.44 12.58
2216.6 7980.30 1014.16 12.71
2219.1 7980.30 1002.76 12.57
2221.6 7948.32 985.93 12.40
2224.0 7898.13 982.98 12.45
2226.5 7883.96 985.50 12.50
2229.0 7929.29 982.12 12.39
2231.5 7843.84 938.35 11.96
2233.9 7819.81 923.60 11.81
2236.4 7847.38 910.96 11.61
2238.9 7800.38 895.13 11.48
2241.3 7769.45 909.48 11.71
2243.8 7738.35 882.27 11.40
2246.2 7675.80 880.00 11.46
2248.7 7674.77 879.32 11.46
2251.2 7655.92 860.91 11.24
2253.6 7622.40 867.84 11.39
2256.1 7614.72 821.76 10.79
2258.5 7598.82 806.75 10.62
2260.9 7551.12 824.53 10.92
2263.4 7519.30 798.37 10.62
2265.8 7501.00 777.03 10.36
2268.3 7442.68 773.52 10.39
2270.7 7484.75 771.51 10.31
2273.1 7474.42 751.66 10.06
2275.6 7426.56 721.92 9.72
2278.0 7406.10 722.55 9.76
2280.4 7419.59 719.64 9.70
2282.8 7360.04 712.39 9.68
2285.3 7360.62 703.79 9.56
2287.7 7403.88 683.38 9.23
2290.1 7361.11 679.97 9.24
2292.5 7357.29 650.81 8.85
2294.9 7334.29 632.27 8.62
2297.3 7269.29 624.89 8.60
2299.7 7205.71 592.25 8.22
2302.1 7180.99 581.39 8.10
2304.5 7138.32 572.32 8.02
2306.9 7063.84 572.32 8.10
2309.3 7009.90 583.83 8.33
2311.7 6986.50 549.50 7.87
2314.1 6892.08 515.92 7.49
2316.5 6859.54 539.78 7.87
2318.9 6866.38 524.24 7.63
2321.3 6841.80 538.79 7.87
2323.7 6852.56 567.05 8.28
2326.1 6818.76 556.14 8.16
2328.4 6814.46 512.61 7.52
2330.8 6895.74 490.80 7.12
2333.2 6844.67 498.32 7.28
2335.6 6792.13 510.66 7.52
2337.9 6860.96 496.63 7.24
2340.3 6818.09 470.21 6.90
2342.7 6753.74 486.64 7.21
2345.0 6730.97 467.13 6.94
2347.4 6681.00 471.75 7.06
2349.7 6586.91 457.07 6.94
2352.1 6586.88 420.26 6.38
2354.4 6606.54 416.94 6.31
2356.8 6561.33 431.67 6.58
2359.2 6526.00 437.67 6.71
2361.5 6527.55 436.33 6.68
2363.8 6552.37 430.38 6.57
2366.2 6509.67 419.27 6.44
2368.5 6448.05 396.05 6.14
2370.9 6490.81 407.07 6.27
2373.2 6466.21 391.21 6.05
2375.5 6384.78 371.05 5.81
2377.9 6372.55 414.81 6.51
2380.2 6359.35 398.61 6.27
2382.5 6341.10 372.20 5.87
2384.8 6319.68 366.56 5.80
2387.2 6319.87 375.07 5.93
2389.5 6312.87 382.46 6.06
2391.8 6274.40 389.77 6.21
2394.1 6213.84 364.67 5.87
2396.4 6168.88 329.01 5.33
2398.7 6216.25 355.63 5.72
2401.0 6176.31 385.71 6.24
2403.3 6100.50 368.52 6.04
2405.6 6107.96 329.89 5.40
2407.9 6102.18 325.65 5.34
2410.2 6026.03 325.87 5.41
2412.5 6001.45 325.23 5.42
2414.8 6028.49 318.37 5.28
2417.1 5987.53 320.02 5.34
2419.4 5949.82 317.81 5.34
2421.7 5887.47 273.35 4.64
2424.0 5859.22 269.45 4.60
2426.2 5874.30 283.55 4.83
2428.5 5808.55 313.68 5.40
2430.8 5804.25 299.75 5.16
2433.1 5808.25 259.99 4.48
2435.4 5762.85 302.13 5.24
2437.6 5757.26 262.97 4.57
2439.9 5676.77 269.52 4.75
2442.2 5722.46 284.42 4.97
2444.4 5754.82 246.96 4.29
2446.7 5635.60 210.24 3.73
2448.9 5649.27 230.95 4.09
2451.2 5656.04 256.28 4.53
2453.4 5604.80 265.17 4.73
2455.7 5570.81 243.27 4.37
2457.9 5506.71 219.78 3.99
2460.2 5530.01 240.44 4.35
2462.4 5516.16 212.16 3.85
2464.7 5488.25 201.87 3.68
2466.9 5424.90 243.96 4.50
2469.2 5373.30 207.41 3.86
2471.4 5389.87 196.95 3.65
2473.6 5329.22 220.94 4.15
2475.9 5276.43 196.43 3.72
2478.1 5287.71 204.95 3.88
2480.3 5200.37 201.89 3.88
2482.5 5189.69 164.41 3.17
2484.8 5177.27 189.32 3.66
2487.0 5147.63 185.17 3.60
2489.2 5193.91 180.92 3.48
2491.4 5072.10 215.18 4.24
2493.6 5118.43 211.64 4.13
2495.8 5194.43 182.12 3.51
2498.0 5082.88 162.13 3.19
2500.2 5097.13 210.63 4.13
2502.4 5283.60 213.12 4.03
2504.6 5305.35 206.58 3.89
2506.8 5309.21 204.58 3.85
