/*** Spectra Vista SIG Data ***/
name= \My Documents\HR1024_Data\RD4B1.
instrument= HR: 1091052
integration= 400, 60, 30, 500, 60, 30
scan time= 1, 1
scan settings= AD, AI, AD, AI
external data set1= 8224, 8224, 8224, 8224, 8224, 8224, 8224, 8224, 8224, 8224, 8224, 8224, 8224, 8224, 8224, 8224
external data set2= 8224, 8224, 8224, 8224, 8224, 8224, 8224, 8224, 8224, 8224, 8224, 8224, 8224, 8224, 8224, 8224
external data dark= 0,0,0,0,0,0,0,0
external data mask= 0
optic= LENS4 , LENS4 
temp= 33.87, 8.81, -5.37, 36.21, 8.88, -5.37
battery= 7.1, 7.0
error= 0, 0
units= Radiance, Radiance
time= 2/3/08 11:48:15 AM, 2/3/08 11:54:40 AM
longitude= , 
latitude= , 
gpstime= , 
comm= 
memory slot= 0, 0
factors= 
data= 
346.4 300.98 100.65 33.44
347.9 318.46 106.68 33.50
349.5 343.20 109.82 32.00
351.1 374.40 106.08 28.33
352.6 409.54 110.06 26.87
354.2 435.24 115.19 26.47
355.7 456.30 129.31 28.34
357.3 495.85 123.44 24.90
358.8 506.78 128.62 25.38
360.4 548.73 130.85 23.85
361.9 565.91 135.12 23.88
363.5 593.82 137.12 23.09
365.1 620.68 126.22 20.34
366.6 647.34 139.48 21.55
368.2 683.25 139.67 20.44
369.7 726.46 127.99 17.62
371.3 772.09 135.65 17.57
372.8 813.40 142.10 17.47
374.4 856.07 145.52 17.00
375.9 883.77 150.94 17.08
377.4 909.07 144.41 15.89
379.0 945.20 150.21 15.89
380.5 966.34 151.41 15.67
382.1 1004.70 148.93 14.82
383.6 1031.94 145.15 14.07
385.2 1082.13 150.70 13.93
386.7 1134.44 148.37 13.08
388.3 1183.47 153.27 12.95
389.8 1236.62 150.43 12.16
391.3 1283.89 160.42 12.49
392.9 1324.35 176.39 13.32
394.4 1356.15 176.86 13.04
395.9 1406.72 177.10 12.59
397.5 1480.96 196.38 13.26
399.0 1545.00 197.76 12.80
400.6 1586.22 193.57 12.20
402.1 1624.11 185.76 11.44
403.6 1645.88 183.17 11.13
405.1 1688.62 187.37 11.10
406.7 1751.68 188.16 10.74
408.2 1815.41 196.02 10.80
409.7 1871.52 197.12 10.53
411.3 1932.39 202.88 10.50
412.8 1975.40 206.66 10.46
414.3 2044.89 221.25 10.82
415.8 2106.25 221.00 10.49
417.4 2169.48 237.82 10.96
418.9 2222.61 231.75 10.43
420.4 2266.93 238.28 10.51
421.9 2296.58 239.10 10.41
423.5 2335.00 240.04 10.28
425.0 2376.73 245.43 10.33
426.5 2428.43 247.68 10.20
428.0 2489.68 250.41 10.06
429.5 2574.41 257.54 10.00
431.1 2658.69 264.71 9.96
432.6 2748.21 267.61 9.74
434.1 2843.23 277.97 9.78
435.6 2926.69 281.74 9.63
437.1 3007.88 291.72 9.70
438.6 3080.14 301.04 9.77
440.1 3160.11 306.10 9.69
441.6 3238.04 309.19 9.55
443.1 3312.90 315.90 9.54
444.7 3389.72 321.40 9.48
446.2 3441.68 334.27 9.71
447.7 3501.62 339.16 9.69
449.2 3564.00 346.46 9.72
450.7 3621.28 350.27 9.67
452.2 3682.41 356.84 9.69
453.7 3758.53 359.09 9.55
455.2 3840.40 363.31 9.46
456.7 3952.96 363.97 9.21
458.2 4072.55 381.65 9.37
459.7 4195.63 395.50 9.43
461.2 4317.19 405.24 9.39
462.7 4419.51 413.85 9.36
464.2 4528.34 426.76 9.42
465.7 4636.49 434.83 9.38
467.2 4730.69 444.29 9.39
468.7 4831.00 452.00 9.36
470.2 4904.47 458.05 9.34
471.7 4994.63 480.70 9.62
473.2 5152.65 492.03 9.55
474.6 5277.65 506.92 9.60
476.1 5315.90 496.93 9.35
477.6 5339.08 492.51 9.22
479.1 5368.13 493.77 9.20
480.6 5404.66 499.56 9.24
482.1 5475.21 497.03 9.08
483.6 5562.12 502.20 9.03
485.1 5668.27 509.96 9.00
486.6 5791.79 517.32 8.93
488.0 5923.94 534.30 9.02
489.5 6066.75 544.58 8.98
491.0 6201.68 555.99 8.97
492.5 6345.54 575.42 9.07
494.0 6492.59 589.25 9.08
495.4 6616.50 602.58 9.11
496.9 6746.80 624.58 9.26
498.4 6868.17 636.38 9.27
499.9 6989.37 656.77 9.40
501.4 7101.28 678.46 9.55
502.8 7211.42 693.40 9.62
504.3 7308.90 711.36 9.73
505.8 7405.94 731.00 9.87
507.2 7465.75 746.39 10.00
508.7 7504.76 760.92 10.14
510.2 7549.77 780.11 10.33
511.6 7573.93 794.72 10.49
513.1 7619.32 816.82 10.72
514.6 7684.06 836.03 10.88
516.0 7736.05 854.17 11.04
517.5 7828.25 878.15 11.22
519.0 7931.31 907.20 11.44
520.5 8033.54 928.90 11.56
521.9 8170.54 959.12 11.74
523.4 8322.71 989.54 11.89
524.8 8476.58 1024.54 12.09
526.3 8648.70 1060.45 12.26
527.8 8824.59 1092.69 12.38
529.2 8983.24 1130.69 12.59
530.7 9161.81 1163.28 12.70
532.1 9325.79 1196.34 12.83
533.6 9502.17 1230.57 12.95
535.0 9689.01 1267.50 13.08
536.5 9867.79 1303.26 13.21
538.0 10049.16 1329.95 13.23
539.4 10231.78 1369.86 13.39
540.9 10443.93 1411.83 13.52
542.3 10618.63 1451.36 13.67
543.8 10743.19 1482.46 13.80
545.2 10787.72 1496.41 13.87
546.6 10787.25 1502.68 13.93
548.1 10798.67 1516.48 14.04
549.5 10797.77 1527.96 14.15
551.0 10799.56 1539.34 14.25
552.4 10821.09 1553.50 14.36
553.9 10825.03 1566.61 14.47
555.3 10846.78 1583.01 14.59
556.8 10905.15 1611.57 14.78
558.2 10950.19 1626.08 14.85
559.6 11027.13 1658.45 15.04
561.1 11132.88 1690.65 15.19
562.5 11245.54 1731.98 15.40
564.0 11402.49 1772.66 15.55
565.4 11543.72 1820.96 15.77
566.8 11723.98 1870.18 15.95
568.3 11891.25 1925.37 16.19
569.7 12076.06 1985.72 16.44
571.1 12249.63 2042.88 16.68
572.6 12426.21 2106.65 16.95
574.0 12599.40 2166.78 17.20
575.4 12769.31 2228.18 17.45
576.9 12924.45 2294.52 17.75
578.3 13072.88 2364.51 18.09
579.7 13214.09 2429.31 18.38
581.1 13332.32 2502.97 18.77
582.6 13457.72 2566.15 19.07
584.0 13568.00 2638.98 19.45
585.4 13711.91 2735.51 19.95
586.8 13919.40 2825.93 20.30
588.3 14140.62 2943.72 20.82
589.7 14327.82 3040.13 21.22
591.1 14447.26 3139.12 21.73
592.5 14518.46 3205.51 22.08
594.0 14547.66 3276.72 22.52
595.4 14566.76 3347.61 22.98
596.8 14575.28 3408.83 23.39
598.2 14586.43 3479.81 23.86
599.6 14584.19 3547.98 24.33
601.0 14621.32 3622.74 24.78
602.4 14656.48 3700.36 25.25
603.9 14720.65 3779.78 25.68
605.3 14787.56 3864.34 26.13
606.7 14850.90 3936.96 26.51
608.1 14956.71 4021.64 26.89
609.5 15087.13 4117.54 27.29
610.9 15240.09 4208.27 27.61
612.3 15378.24 4305.38 28.00
613.7 15565.24 4416.85 28.38
615.1 15698.61 4509.43 28.73
616.5 15834.13 4597.36 29.03
617.9 16040.22 4708.15 29.35
619.3 16231.37 4824.63 29.72
620.7 16465.73 4938.02 29.99
622.1 16702.31 5054.67 30.26
623.5 16967.59 5179.41 30.53
624.9 17268.83 5301.56 30.70
626.3 17464.11 5357.68 30.68
627.7 17297.90 5318.86 30.75
629.1 17131.07 5360.96 31.29
630.5 17065.89 5456.86 31.98
631.9 17068.07 5582.49 32.71
633.3 17072.86 5670.02 33.21
634.7 17143.21 5756.47 33.58
636.1 17175.19 5812.10 33.84
637.5 17214.12 5843.18 33.94
638.9 17282.65 5837.53 33.78
640.2 17345.48 5825.05 33.58
641.6 17368.65 5803.20 33.41
643.0 17347.86 5733.14 33.05
644.4 17346.99 5610.05 32.34
645.8 17303.92 5440.94 31.44
647.2 17371.51 5292.72 30.47
648.5 17405.34 5145.60 29.56
649.9 17326.73 4958.46 28.62
651.3 17269.88 4828.68 27.96
652.7 17194.65 4719.54 27.45
654.1 17110.53 4677.94 27.34
655.5 17000.34 4654.19 27.38
656.8 16892.62 4601.41 27.24
658.2 16993.27 4591.90 27.02
659.6 17201.86 4593.53 26.70
660.9 17374.35 4562.15 26.26
662.3 17542.46 4522.62 25.78
663.7 17706.15 4465.44 25.22
665.0 17850.15 4417.40 24.75
666.4 17993.38 4360.45 24.23
667.8 18172.37 4317.97 23.76
669.1 18340.58 4277.32 23.32
670.5 18513.22 4272.91 23.08
671.9 18629.28 4270.13 22.92
673.2 18784.35 4285.50 22.81
674.6 18934.77 4315.50 22.79
676.0 19107.41 4383.75 22.94
677.3 19274.00 4477.43 23.23
678.7 19460.75 4603.60 23.66
680.0 19693.92 4808.90 24.42
681.4 19949.74 5056.79 25.35
682.8 20190.63 5382.65 26.66
684.1 20434.05 5781.67 28.29
685.5 20661.50 6261.88 30.31
686.8 20876.79 6847.66 32.80
688.2 21063.54 7479.47 35.51
689.5 21136.22 8138.55 38.51
690.9 21189.20 8834.68 41.69
692.2 21241.50 9519.66 44.82
693.6 21283.52 10218.75 48.01
694.9 21276.87 10860.53 51.04
696.2 21306.77 11496.78 53.96
697.6 21332.37 12091.70 56.68
698.9 21357.60 12647.71 59.22
700.3 21390.71 13167.37 61.56
701.6 21429.47 13667.08 63.78
703.0 21471.99 14145.61 65.88
704.3 21485.34 14549.54 67.72
705.6 21483.00 14900.83 69.36
707.0 21491.89 15239.29 70.91
708.3 21438.50 15505.25 72.32
709.6 21384.38 15744.87 73.63
711.0 21305.08 15928.52 74.76
712.3 21214.65 16088.65 75.84
713.6 21181.23 16274.66 76.84
714.9 21115.22 16413.44 77.73
716.3 21103.70 16575.85 78.54
717.6 21104.62 16739.21 79.32
718.9 21048.57 16849.72 80.05
720.2 20942.08 16906.57 80.73
721.6 20841.80 16965.26 81.40
722.9 20742.62 16987.70 81.90
724.2 20595.93 16969.96 82.39
725.5 20483.80 16979.92 82.89
726.8 20382.67 16976.87 83.29
728.1 20319.64 17003.21 83.68
729.5 20266.07 17006.96 83.92
730.8 20224.65 17008.64 84.10
732.1 20162.40 16986.28 84.25
733.4 20118.51 16980.36 84.40
734.7 20079.83 16987.48 84.60
736.0 20072.78 17003.77 84.71
737.3 20029.99 16994.21 84.84
738.6 20078.49 17058.03 84.96
739.9 20158.75 17159.84 85.12
741.2 20237.49 17243.77 85.21
742.5 20374.08 17392.81 85.37
743.8 20609.53 17621.84 85.50
745.1 20972.39 17946.05 85.57
746.4 21401.61 18329.04 85.64
747.7 21849.92 18724.38 85.70
749.0 22279.29 19142.61 85.92
750.3 22537.39 19383.11 86.00
751.6 22489.95 19379.18 86.17
752.9 22268.69 19220.72 86.31
754.2 22020.08 19024.82 86.40
755.4 21752.37 18805.68 86.45
756.7 21671.76 18749.36 86.52
758.0 21695.15 18773.82 86.53
759.3 21840.20 18899.45 86.54
760.6 22048.18 19100.93 86.63
761.9 22241.80 19283.61 86.70
763.1 22361.42 19421.15 86.85
764.4 22495.96 19558.31 86.94
765.7 22607.00 19670.30 87.01
767.0 22707.99 19759.52 87.02
768.2 22787.52 19841.47 87.07
769.5 22847.70 19908.99 87.14
770.8 22968.83 20039.70 87.25
772.0 23007.05 20078.88 87.27
773.3 23073.57 20167.37 87.40
774.6 23142.26 20247.23 87.49
775.8 23217.35 20346.95 87.64
777.1 23250.39 20395.09 87.72
778.4 23228.21 20401.84 87.83
779.6 23232.20 20439.14 87.98
780.9 23206.00 20427.20 88.03
782.1 23123.66 20391.82 88.19
783.4 23129.60 20420.61 88.29
784.6 23156.94 20463.54 88.37
785.9 23323.57 20630.18 88.45
787.1 23657.54 20942.73 88.52
788.4 23905.77 21207.96 88.71
789.6 23910.81 21263.85 88.93
790.9 23703.38 21124.37 89.12
792.1 23443.52 20954.72 89.38
793.4 23200.49 20764.94 89.50
794.6 23038.97 20652.41 89.64
795.8 22887.63 20542.32 89.75
797.1 22746.90 20428.29 89.81
798.3 22633.05 20377.01 90.03
799.5 22585.37 20336.78 90.04
800.8 22510.70 20298.03 90.17
802.0 22435.02 20255.02 90.28
803.2 22355.92 20191.74 90.32
804.5 22286.88 20170.35 90.50
805.7 22221.30 20117.89 90.53
806.9 22163.45 20072.90 90.57
808.1 22106.40 20033.47 90.62
809.4 22068.13 20024.90 90.74
810.6 22012.90 19996.34 90.84
811.8 21998.30 20000.12 90.92
813.0 22023.85 20011.29 90.86
814.2 22034.44 20040.71 90.95
815.4 22094.68 20080.94 90.89
816.6 22117.02 20105.95 90.91
817.9 22159.15 20135.88 90.87
819.1 22110.24 20099.87 90.91
820.3 22040.68 20008.21 90.78
821.5 21976.08 19940.62 90.74
822.7 21945.91 19896.76 90.66
823.9 21946.82 19882.83 90.60
825.1 21950.55 19848.87 90.43
826.3 21976.62 19839.82 90.28
827.5 21980.34 19819.82 90.17
828.7 22017.96 19810.46 89.97
829.9 22041.74 19773.32 89.71
831.0 22083.57 19769.53 89.52
832.2 22125.60 19763.96 89.33
833.4 22169.16 19773.13 89.19
834.6 22207.03 19781.25 89.08
835.8 22252.39 19784.52 88.91
837.0 22278.53 19798.47 88.87
838.1 22362.84 19850.03 88.76
839.3 22423.92 19873.50 88.63
840.5 22463.55 19917.20 88.66
841.7 22539.94 19942.04 88.47
842.9 22590.38 19981.59 88.45
844.0 22640.76 20015.83 88.41
845.2 22733.43 20068.93 88.28
846.4 22779.40 20110.34 88.28
847.5 22894.92 20179.84 88.14
848.7 22986.81 20263.45 88.15
849.9 23090.42 20366.99 88.21
851.0 23115.33 20390.40 88.21
852.2 23147.70 20414.74 88.19
853.3 23146.04 20389.91 88.09
854.5 23138.69 20395.82 88.15
855.6 23131.08 20364.52 88.04
856.8 23140.08 20366.92 88.02
857.9 23125.66 20372.17 88.09
859.1 23200.40 20417.84 88.01
860.2 23210.88 20402.46 87.90
861.4 23238.19 20421.85 87.88
862.5 23256.69 20428.95 87.84
863.7 23299.75 20456.84 87.80
864.8 23308.25 20452.74 87.75
865.9 23278.88 20409.84 87.68
867.1 23298.62 20438.42 87.72
868.2 23308.26 20401.42 87.53
869.3 23327.36 20408.70 87.49
870.5 23292.12 20367.46 87.44
871.6 23289.32 20341.32 87.34
872.7 23336.56 20375.56 87.31
873.9 23363.45 20401.61 87.32
875.0 23323.98 20346.64 87.23
876.1 23338.58 20346.92 87.18
877.2 23352.60 20311.24 86.98
878.3 23349.40 20291.63 86.90
879.4 23378.40 20306.74 86.86
880.5 23403.42 20292.62 86.71
881.7 23389.60 20225.92 86.47
882.8 23432.80 20238.36 86.37
883.9 23448.21 20236.83 86.30
885.0 23450.02 20218.65 86.22
886.1 23424.56 20235.67 86.39
887.2 23365.96 20140.34 86.20
888.3 23308.56 20100.04 86.23
889.4 23276.53 20014.04 85.98
890.5 23201.38 19965.89 86.05
891.6 23192.34 19932.51 85.94
892.7 23215.89 19890.02 85.67
893.8 23203.09 19896.15 85.75
894.9 23213.03 19834.01 85.44
896.0 23219.08 19812.39 85.33
897.0 23233.59 19779.71 85.13
898.1 23265.19 19804.67 85.13
899.2 23265.94 19770.91 84.98
900.3 23202.69 19737.78 85.07
901.4 23182.22 19635.60 84.70
902.4 23192.03 19591.54 84.48
903.5 23179.29 19589.25 84.51
904.6 23181.33 19564.74 84.40
905.7 23181.52 19558.45 84.37
906.7 23201.08 19489.68 84.00
907.8 23205.26 19509.46 84.07
908.9 23171.38 19458.32 83.98
909.9 23142.01 19392.23 83.80
911.0 23135.89 19363.93 83.70
912.1 23112.25 19264.80 83.35
913.1 23069.80 19202.77 83.24
914.2 23011.95 19080.66 82.92
915.2 23006.97 19076.90 82.92
916.3 23024.55 19034.70 82.67
917.3 23013.50 18984.62 82.49
918.4 22970.06 18909.22 82.32
919.4 22959.52 18810.31 81.93
920.5 22948.10 18742.75 81.67
921.5 22992.94 18728.11 81.45
922.6 22908.19 18621.46 81.29
923.6 22998.44 18564.78 80.72
924.7 22983.50 18477.10 80.39
925.7 22963.47 18427.25 80.25
926.7 22993.12 18341.84 79.77
927.8 23046.06 18303.86 79.42
928.8 23129.73 18275.51 79.01
929.9 23214.82 18246.27 78.60
930.9 23325.95 18217.76 78.10
931.9 23422.51 18216.74 77.77
932.9 23590.71 18281.64 77.50
934.0 23628.34 18204.31 77.04
935.0 23647.48 18135.62 76.69
936.0 23654.47 17971.23 75.97
937.0 23611.58 17847.26 75.59
938.1 23603.32 17783.72 75.34
939.1 23584.34 17617.66 74.70
940.1 23673.00 17573.86 74.24
941.1 23749.98 17548.29 73.89
942.1 23913.97 17516.50 73.25
943.1 24007.97 17446.05 72.67
944.1 24139.96 17465.63 72.35
945.2 24191.16 17327.02 71.63
946.2 24274.20 17313.84 71.33
947.2 24295.69 17194.90 70.77
948.2 24407.51 17127.41 70.17
949.2 24434.31 17055.68 69.80
950.2 24503.20 16921.82 69.06
951.2 24568.74 16810.42 68.42
952.2 24624.11 16764.74 68.08
953.2 24717.31 16703.96 67.58
954.2 24858.68 16576.47 66.68
955.2 24833.48 16437.88 66.19
956.2 24781.87 16287.46 65.72
957.2 24889.44 16290.69 65.45
958.2 24934.17 16203.13 64.98
959.2 25016.63 16217.10 64.83
960.1 25036.42 16128.15 64.42
961.1 25110.32 16084.53 64.06
962.1 25088.91 16052.63 63.98
963.1 25119.92 15951.24 63.50
964.1 25214.63 15987.94 63.41
965.1 25330.49 16021.22 63.25
966.1 25308.67 15981.94 63.15
967.0 25429.11 16005.98 62.94
968.0 25412.72 15956.49 62.79
969.0 25476.70 15981.52 62.73
970.0 25548.92 15989.32 62.58
971.0 25553.38 15940.39 62.38
971.9 25577.75 15927.64 62.27
972.9 25632.47 15932.70 62.16
973.9 25687.84 15918.50 61.97
974.9 25707.07 15933.27 61.98
975.8 25785.50 15950.97 61.86
976.8 25887.84 15982.67 61.74
977.8 25820.50 15979.72 61.89
978.8 25860.98 15867.30 61.36
979.7 25944.03 15958.78 61.51
980.7 26085.84 15874.19 60.85
981.7 26216.93 15964.94 60.90
982.6 26357.49 15939.32 60.47
983.6 26637.96 16165.01 60.68
984.6 26867.99 16229.47 60.40
985.5 27228.96 16419.89 60.30
986.5 27586.71 16631.07 60.29
987.5 28229.74 16827.86 59.61
988.4 29129.10 17669.52 60.66
989.4 29461.65 17826.80 60.51
990.4 30215.79 18275.44 60.48
991.3 31016.90 18814.64 60.66
992.3 32083.73 19563.25 60.98
993.2 32873.87 20464.82 62.25
994.2 33903.68 20241.00 59.70
995.2 33992.36 21262.71 62.55
996.1 34230.84 22127.79 64.64
997.1 34851.51 21757.76 62.43
998.0 34260.00 21926.40 64.00
999.0 34687.92 21969.02 63.33
1000.0 34688.89 21900.88 63.14
1000.9 35217.36 22035.44 62.57
1001.9 35272.85 23028.71 65.29
1002.8 34914.90 22914.21 65.63
1003.8 33603.76 22169.76 65.97
1004.8 35367.90 22818.00 64.52
961.5 31131.28 18852.80 60.56
965.5 30535.97 18423.94 60.34
969.5 29322.48 17980.16 61.32
973.4 27903.28 17445.19 62.52
977.4 26904.56 17099.61 63.56
981.4 26534.70 17045.72 64.24
985.3 26407.57 17137.38 64.90
989.3 26474.11 17363.79 65.59
993.3 26619.54 17623.92 66.21
997.2 26659.40 17836.39 66.90
1001.2 26636.74 18044.91 67.74
1005.2 26603.49 18217.68 68.48
1009.1 26619.65 18433.35 69.25
1013.1 26716.01 18718.04 70.06
1017.1 26794.94 19002.15 70.92
1021.0 26801.46 19260.05 71.86
1025.0 26791.13 19515.95 72.84
1029.0 26701.37 19699.77 73.78
1032.9 26612.69 19848.92 74.58
1036.9 26609.51 20076.23 75.45
1040.9 26674.31 20352.00 76.30
1044.8 26787.82 20660.18 77.13
1048.8 26888.29 20954.59 77.93
1052.7 26960.57 21182.62 78.57
1056.7 26977.24 21339.00 79.10
1060.7 26985.60 21471.36 79.57
1064.6 27010.97 21580.12 79.89
1068.6 26982.88 21580.84 79.98
1072.5 26926.21 21561.57 80.08
1076.5 26904.28 21537.50 80.05
1080.4 26907.72 21482.92 79.84
1084.4 26967.74 21447.15 79.53
1088.3 27046.80 21401.01 79.13
1092.3 27030.17 21256.20 78.64
1096.2 27021.53 21092.11 78.06
1100.2 27064.25 20941.49 77.38
1104.1 26999.93 20703.36 76.68
1108.1 26976.31 20505.07 76.01
1112.0 26929.62 20261.30 75.24
1116.0 26827.19 19963.78 74.42
1119.9 26743.36 19651.61 73.48
1123.9 26789.11 19343.18 72.21
1127.8 26776.32 18900.48 70.59
1131.8 26765.25 18299.43 68.37
1135.7 26806.82 17595.30 65.64
1139.6 26802.37 16839.62 62.83
1143.6 26782.94 16104.43 60.13
1147.5 26783.56 15463.87 57.74
1151.4 26689.51 14895.95 55.81
1155.4 26684.50 14529.82 54.45
1159.3 26717.33 14278.57 53.44
1163.2 26640.39 14042.78 52.71
1167.2 26631.42 13919.28 52.27
1171.1 26649.11 13845.19 51.95
1175.0 26624.79 13749.01 51.64
1179.0 26612.16 13668.80 51.36
1182.9 26679.08 13625.07 51.07
1186.8 26688.13 13549.68 50.77
1190.7 26563.51 13433.18 50.57
1194.7 26418.25 13327.34 50.45
1198.6 26292.42 13239.77 50.36
1202.5 26222.77 13194.28 50.32
1206.4 26156.30 13177.85 50.38
1210.3 26101.80 13177.14 50.48
1214.2 26061.58 13199.19 50.65
1218.2 25980.18 13217.58 50.88
1222.1 25898.70 13244.10 51.14
1226.0 25846.71 13297.57 51.45
1229.9 25808.88 13346.46 51.71
1233.8 25765.00 13385.03 51.95
1237.7 25743.41 13439.53 52.21
1241.6 25703.07 13473.53 52.42
1245.5 25624.12 13479.70 52.61
1249.4 25550.35 13474.51 52.74
1253.3 25491.83 13482.23 52.89
1257.2 25468.72 13505.43 53.03
1261.1 25410.02 13498.16 53.12
1265.0 25340.06 13479.74 53.20
1268.9 25238.59 13421.18 53.18
1272.8 25273.80 13412.10 53.07
1276.7 25394.86 13427.43 52.87
1280.6 25450.19 13402.88 52.66
1284.5 25408.33 13314.47 52.40
1288.4 25396.88 13214.50 52.03
1292.3 25335.75 13079.00 51.62
1296.2 25253.77 12913.21 51.13
1300.1 25154.45 12717.82 50.56
1303.9 25021.28 12482.89 49.89
1307.8 24888.83 12226.23 49.12
1311.7 24744.05 11944.51 48.27
1315.6 24606.58 11653.58 47.36
1319.5 24454.91 11343.07 46.38
1323.3 24310.87 11018.11 45.32
1327.2 24198.13 10696.44 44.20
1331.1 24066.72 10371.96 43.10
1335.0 23889.51 10040.13 42.03
1338.8 23760.57 9741.78 41.00
1342.7 23672.67 9486.17 40.07
1346.5 23478.13 9220.66 39.27
1350.4 23310.26 8973.65 38.50
1354.3 23083.45 8721.97 37.78
1358.1 22838.31 8457.41 37.03
1362.0 22679.75 8207.11 36.19
1365.8 22617.02 7982.77 35.30
1369.7 22674.59 7773.07 34.28
1373.5 22638.01 7499.69 33.13
1377.4 22496.49 7144.26 31.76
1381.2 22378.35 6721.00 30.03
1385.1 22350.32 6264.69 28.03
1389.0 22288.46 5786.23 25.96
1392.8 22173.23 5309.65 23.95
1396.6 22085.45 4865.52 22.03
1400.5 21959.65 4466.92 20.34
1404.3 21857.78 4137.44 18.93
1408.2 21838.81 3865.82 17.70
1412.0 21801.98 3648.16 16.73
1415.8 21812.41 3494.57 16.02
1419.6 21792.97 3358.77 15.41
1423.5 21771.98 3259.32 14.97
1427.3 21755.09 3184.36 14.64
1431.1 21750.38 3131.78 14.40
1434.9 21698.88 3077.31 14.18
1438.8 21663.77 3046.54 14.06
1442.6 21637.50 3030.40 14.01
1446.4 21563.28 3001.11 13.92
1450.2 21516.17 2982.80 13.86
1454.0 21457.08 2966.28 13.82
1457.8 21441.21 2963.99 13.82
1461.6 21431.12 2973.76 13.88
1465.4 21362.81 2980.59 13.95
1469.2 21250.78 2993.90 14.09
1473.0 21169.27 3023.86 14.28
1476.8 21139.84 3061.63 14.48
1480.7 21105.82 3110.84 14.74
1484.4 21030.72 3173.76 15.09
1488.2 20973.72 3244.44 15.47
1492.0 20900.33 3313.22 15.85
1495.8 20827.63 3380.65 16.23
1499.6 20757.13 3436.73 16.56
1503.4 20685.81 3489.20 16.87
1507.2 20635.20 3528.79 17.10
1510.9 20559.83 3533.24 17.19
1514.7 20479.56 3559.41 17.38
1518.5 20410.03 3637.66 17.82
1522.3 20318.91 3705.12 18.23
1526.0 20257.55 3740.55 18.46
1529.8 20222.14 3772.29 18.65
1533.6 20145.31 3804.88 18.89
1537.3 20069.96 3858.41 19.22
1541.1 19997.77 3912.08 19.56
1544.8 19920.00 3957.60 19.87
1548.6 19840.21 4009.87 20.21
1552.4 19790.40 4077.48 20.60
1556.1 19745.13 4130.74 20.92
1559.9 19688.26 4177.53 21.22
1563.6 19618.47 4223.75 21.53
1567.3 19559.76 4263.76 21.80
1571.1 19433.54 4298.40 22.12
1574.8 19353.80 4351.50 22.48
1578.6 19306.98 4398.70 22.78
1582.3 19224.28 4429.21 23.04
1586.0 19146.44 4458.96 23.29
1589.8 19074.77 4475.16 23.46
1593.5 18983.01 4486.94 23.64
1597.2 18910.28 4513.88 23.87
1600.9 18837.12 4539.27 24.10
1604.7 18753.01 4558.49 24.31
1608.4 18685.00 4576.21 24.49
1612.1 18589.61 4599.34 24.74
1615.8 18506.95 4621.93 24.97
1619.5 18470.24 4648.89 25.17
1623.2 18382.61 4663.85 25.37
1626.9 18281.26 4664.77 25.52
1630.6 18186.30 4665.76 25.66
1634.3 18110.82 4681.25 25.85
1638.0 18019.81 4689.40 26.02
1641.7 17928.53 4686.30 26.14
1645.4 17837.69 4689.85 26.29
1649.1 17719.40 4681.05 26.42
1652.8 17632.13 4667.33 26.47
1656.4 17542.23 4648.81 26.50
1660.1 17452.82 4638.97 26.58
1663.8 17351.33 4616.19 26.60
1667.5 17263.22 4587.59 26.57
1671.1 17190.62 4559.87 26.53
1674.8 17086.89 4528.35 26.50
1678.5 17055.43 4515.08 26.47
1682.1 17058.87 4492.38 26.33
1685.8 17063.96 4468.35 26.19
1689.5 17004.15 4437.71 26.10
1693.1 16926.54 4391.61 25.95
1696.8 16843.50 4343.88 25.79
1700.4 16752.61 4297.13 25.65
1704.0 16684.20 4245.80 25.45
1707.7 16548.84 4171.84 25.21
1711.3 16387.05 4089.60 24.96
1715.0 16263.58 4024.05 24.74
1718.6 16168.21 3958.19 24.48
1722.2 16083.03 3900.96 24.26
1725.9 15998.19 3846.32 24.04
1729.5 15924.10 3791.11 23.81
1733.1 15857.39 3754.44 23.68
1736.7 15790.22 3728.05 23.61
1740.3 15689.65 3693.09 23.54
1744.0 15648.28 3661.09 23.40
1747.5 15570.19 3612.80 23.20
1751.2 15444.89 3552.44 23.00
1754.8 15352.25 3501.18 22.81
1758.4 15274.29 3456.80 22.63
1762.0 15165.37 3406.71 22.46
1765.5 15091.31 3368.49 22.32
1769.1 15074.40 3343.20 22.18
1772.7 15027.15 3316.77 22.07
1776.3 14954.60 3283.73 21.96
1779.9 14886.09 3251.35 21.84
1783.5 14852.72 3236.40 21.79
1787.0 14774.09 3213.71 21.75
1790.6 14686.84 3183.95 21.68
1794.2 14626.25 3167.50 21.66
1797.8 14572.31 3158.75 21.68
1801.3 14527.22 3151.54 21.69
1804.9 14445.38 3139.50 21.73
1808.4 14404.59 3128.07 21.72
1812.0 14321.63 3119.54 21.78
1815.5 14236.38 3105.26 21.81
1819.1 14124.74 3080.73 21.81
1822.6 14025.96 3064.93 21.85
1826.2 13954.81 3050.50 21.86
1829.7 13857.23 3026.02 21.84
1833.2 13724.80 2991.30 21.79
1836.8 13596.77 2955.68 21.74
1840.3 13507.92 2920.37 21.62
1843.8 13431.88 2874.34 21.40
1847.3 13384.53 2835.36 21.18
1850.8 13325.76 2790.14 20.94
1854.3 13223.04 2730.94 20.65
1857.8 13161.20 2657.20 20.19
1861.3 13149.65 2566.94 19.52
1864.8 13113.55 2470.09 18.84
1868.3 13008.00 2343.06 18.01
1871.8 12902.40 2181.12 16.90
1875.3 12863.31 2034.31 15.81
1878.8 12861.64 1887.10 14.67
1882.3 12814.79 1731.09 13.51
1885.8 12721.10 1614.23 12.69
1889.3 12603.25 1493.04 11.85
1892.7 12484.14 1390.08 11.13
1896.2 12425.34 1350.58 10.87
1899.7 12309.09 1310.64 10.65
1903.1 12237.46 1306.54 10.68
1906.6 12275.96 1396.09 11.37
1910.0 12425.41 1521.90 12.25
1913.5 12695.50 1642.62 12.94
1917.0 13071.45 1957.03 14.97
1920.4 13359.03 2311.25 17.30
1923.8 13383.20 2546.60 19.03
1871.2 11709.94 1602.53 13.69
1873.9 11844.38 1567.80 13.24
1876.7 11942.06 1597.60 13.38
1879.5 11955.33 1399.83 11.71
1882.3 11773.28 1290.10 10.96
1885.1 11714.58 1241.28 10.60
1887.8 11825.72 1129.79 9.55
1890.6 11726.19 1114.92 9.51
1893.4 11711.33 1048.67 8.95
1896.2 11690.33 935.23 8.00
1898.9 11600.54 918.54 7.92
1901.7 11509.78 887.63 7.71
1904.5 11595.68 867.56 7.48
1907.2 11575.75 878.75 7.59
1910.0 11534.65 890.61 7.72
1912.7 11509.58 824.69 7.17
1915.5 11429.24 820.41 7.18
1918.2 11379.10 840.91 7.39
1921.0 11291.49 808.01 7.16
1923.7 11305.65 797.07 7.05
1926.5 11284.35 801.14 7.10
1929.2 11297.09 811.29 7.18
1932.0 11293.84 793.16 7.02
1934.7 11256.00 794.17 7.06
1937.4 11153.59 797.13 7.15
1940.2 11119.32 795.99 7.16
1942.9 11202.56 800.84 7.15
1945.6 11207.22 803.32 7.17
1948.3 11145.88 821.28 7.37
1951.1 11140.01 815.71 7.32
1953.8 11145.00 816.00 7.32
1956.5 11045.56 817.64 7.40
1959.2 11104.86 840.19 7.57
1961.9 11124.34 852.28 7.66
1964.6 11058.08 844.90 7.64
1967.3 11092.37 866.27 7.81
1970.0 10987.52 837.68 7.62
1972.8 10943.00 835.43 7.63
1975.5 10983.78 875.07 7.97
1978.2 10935.40 855.56 7.82
1980.9 10858.38 865.76 7.97
1983.5 10836.45 898.68 8.29
1986.2 10831.02 873.00 8.06
1988.9 10819.38 890.46 8.23
1991.6 10735.05 921.14 8.58
1994.3 10649.29 912.71 8.57
1997.0 10665.45 925.55 8.68
1999.7 10628.04 918.93 8.65
2002.3 10626.41 926.29 8.72
2005.0 10577.50 943.55 8.92
2007.7 10537.87 957.47 9.09
2010.4 10503.55 962.14 9.16
2013.0 10469.60 955.92 9.13
2015.7 10417.55 957.64 9.19
2018.4 10373.69 961.63 9.27
2021.0 10341.67 969.00 9.37
2023.7 10246.67 966.72 9.43
2026.4 10218.87 968.93 9.48
2029.0 10197.92 981.27 9.62
2031.7 10117.47 991.47 9.80
2034.3 10100.57 980.20 9.70
2037.0 10052.37 951.47 9.47
2039.6 10015.47 976.23 9.75
2042.3 10000.48 991.34 9.91
2044.9 9966.17 990.17 9.94
2047.5 9926.90 1004.19 10.12
2050.2 9839.20 991.20 10.07
2052.8 9839.20 1002.40 10.19
2055.4 9775.02 988.99 10.12
2058.1 9676.80 980.00 10.13
2060.7 9656.73 995.02 10.30
2063.3 9627.93 1000.41 10.39
2065.9 9594.96 1007.79 10.50
2068.6 9550.29 1010.58 10.58
2071.2 9522.27 1021.14 10.72
2073.8 9469.56 1001.80 10.58
2076.4 9438.82 1013.21 10.73
2079.0 9427.55 1036.89 11.00
2081.6 9427.48 1021.24 10.83
2084.2 9413.08 1027.09 10.91
2086.8 9327.84 1023.86 10.98
2089.4 9281.57 1009.85 10.88
2092.1 9228.17 1045.50 11.33
2094.7 9209.50 1045.25 11.35
2097.2 9211.17 1028.50 11.17
2099.8 9177.65 1056.11 11.51
2102.4 9110.04 1034.97 11.36
2105.0 9037.35 1017.45 11.26
2107.6 9009.28 1045.34 11.60
2110.2 9002.40 1051.42 11.68
2112.8 8990.87 1039.39 11.56
2115.3 8991.97 1062.29 11.81
2117.9 8986.46 1062.01 11.82
2120.5 8943.22 1061.06 11.86
2123.1 8918.33 1082.25 12.14
2125.6 8905.06 1074.70 12.07
2128.2 8835.61 1062.38 12.02
2130.8 8804.25 1070.55 12.16
2133.3 8785.33 1067.73 12.15
2135.9 8707.33 1053.12 12.09
2138.4 8648.47 1087.32 12.57
2141.0 8594.63 1090.12 12.68
2143.6 8560.47 1072.99 12.53
2146.1 8482.97 1087.18 12.82
2148.7 8378.31 1071.88 12.79
2151.2 8395.20 1088.27 12.96
2153.8 8409.10 1083.15 12.88
2156.3 8334.31 1054.34 12.65
2158.8 8295.91 1077.97 12.99
2161.4 8278.92 1082.04 13.07
2163.9 8211.11 1079.09 13.14
2166.4 8178.14 1085.10 13.27
2169.0 8184.05 1079.18 13.19
2171.5 8127.88 1061.44 13.06
2174.0 8074.15 1062.08 13.15
2176.5 8046.09 1079.39 13.42
2179.1 8026.09 1063.12 13.25
2181.6 7963.08 1055.46 13.25
2184.1 7927.92 1068.76 13.48
2186.6 7968.23 1057.62 13.27
2189.1 7928.70 1065.72 13.44
2191.6 7879.20 1078.00 13.68
2194.1 7902.25 1046.33 13.24
2196.6 7910.84 1056.36 13.35
2199.2 7922.01 1084.87 13.69
2201.7 7911.90 1063.76 13.44
2204.1 7872.42 1055.52 13.41
2206.6 7859.11 1070.51 13.62
2209.1 7834.95 1063.59 13.57
2211.6 7811.28 1065.87 13.65
2214.1 7823.83 1083.48 13.85
2216.6 7801.78 1055.94 13.53
2219.1 7778.99 1071.13 13.77
2221.6 7769.41 1096.32 14.11
2224.0 7730.49 1055.37 13.65
2226.5 7705.13 1031.16 13.38
2229.0 7700.89 1054.45 13.69
2231.5 7614.04 1049.42 13.78
2233.9 7619.70 1008.26 13.23
2236.4 7646.66 1019.04 13.33
2238.9 7587.25 1015.25 13.38
2241.3 7617.87 971.67 12.76
2243.8 7590.66 979.44 12.90
2246.2 7466.46 984.67 13.19
2248.7 7485.79 948.74 12.67
2251.2 7456.07 949.30 12.73
2253.6 7388.16 948.48 12.84
2256.1 7392.00 925.44 12.52
2258.5 7429.78 906.63 12.20
2260.9 7370.87 885.89 12.02
2263.4 7335.06 882.82 12.04
2265.8 7324.05 877.04 11.97
2268.3 7284.90 854.33 11.73
2270.7 7335.06 848.27 11.56
2273.1 7298.01 862.88 11.82
2275.6 7249.92 856.32 11.81
2278.0 7263.90 826.32 11.38
2280.4 7254.11 815.85 11.25
2282.8 7154.84 824.67 11.53
2285.3 7173.98 820.44 11.44
2287.7 7228.16 820.05 11.35
2290.1 7183.21 790.67 11.01
2292.5 7174.75 769.86 10.73
2294.9 7172.28 790.33 11.02
2297.3 7095.27 755.41 10.65
2299.7 7055.67 742.29 10.52
2302.1 7047.43 758.17 10.76
2304.5 6969.76 729.12 10.46
2306.9 6871.76 709.52 10.33
2309.3 6829.66 689.63 10.10
2311.7 6841.28 710.43 10.38
2314.1 6762.12 704.96 10.43
2316.5 6698.00 669.80 10.00
2318.9 6708.72 693.73 10.34
2321.3 6699.18 705.18 10.53
2323.7 6692.83 682.86 10.20
2326.1 6669.65 677.04 10.15
2328.4 6684.27 675.34 10.10
2330.8 6719.87 674.85 10.04
2333.2 6684.06 667.17 9.98
2335.6 6626.06 664.27 10.03
2337.9 6656.47 667.73 10.03
2340.3 6637.57 638.15 9.61
2342.7 6554.85 626.29 9.55
2345.0 6590.83 645.49 9.79
2347.4 6579.00 620.50 9.43
2349.7 6450.22 615.12 9.54
2352.1 6436.79 626.10 9.73
2354.4 6443.20 618.96 9.61
2356.8 6410.25 591.38 9.23
2359.2 6387.33 615.33 9.63
2361.5 6370.47 637.05 10.00
2363.8 6359.13 597.27 9.39
2366.2 6364.03 609.04 9.57
2368.5 6327.90 587.40 9.28
2370.9 6289.51 545.75 8.68
2373.2 6299.83 584.57 9.28
2375.5 6271.65 588.25 9.38
2377.9 6231.24 547.00 8.78
2380.2 6231.07 563.55 9.04
2382.5 6226.23 565.19 9.08
2384.8 6166.56 547.52 8.88
2387.2 6137.03 571.98 9.32
2389.5 6105.12 566.60 9.28
2391.8 6108.03 537.13 8.79
2394.1 6113.08 523.02 8.56
2396.4 6043.08 527.38 8.73
2398.7 6045.74 516.40 8.54
2401.0 6037.85 548.90 9.09
2403.3 5976.00 507.96 8.50
2405.6 5958.01 449.85 7.55
2407.9 5961.90 485.97 8.15
2410.2 5895.68 486.29 8.25
2412.5 5854.08 477.68 8.16
2414.8 5884.71 498.10 8.46
2417.1 5832.68 505.84 8.67
2419.4 5803.94 484.53 8.35
2421.7 5771.82 483.61 8.38
2424.0 5758.83 480.78 8.35
2426.2 5767.30 449.40 7.79
2428.5 5732.83 470.53 8.21
2430.8 5706.15 474.15 8.31
2433.1 5636.77 453.60 8.05
2435.4 5600.60 447.60 7.99
2437.6 5600.60 430.82 7.69
2439.9 5575.70 409.90 7.35
2442.2 5563.19 398.18 7.16
2444.4 5553.80 396.29 7.14
2446.7 5507.12 426.32 7.74
2448.9 5507.15 444.13 8.06
2451.2 5507.04 405.28 7.36
2453.4 5448.11 403.79 7.41
2455.7 5430.93 401.39 7.39
2457.9 5354.09 402.93 7.53
2460.2 5363.55 363.74 6.78
2462.4 5410.08 386.88 7.15
2464.7 5343.16 359.58 6.73
2466.9 5296.50 308.16 5.82
2469.2 5269.60 362.97 6.89
2471.4 5219.18 393.90 7.55
2473.6 5235.49 374.92 7.16
2475.9 5195.15 372.53 7.17
2478.1 5116.92 389.41 7.61
2480.3 5082.02 375.93 7.40
2482.5 5118.21 386.01 7.54
2484.8 5046.20 393.21 7.79
2487.0 4999.50 340.71 6.81
2489.2 5095.91 346.76 6.80
2491.4 4987.57 368.88 7.40
2493.6 4938.15 368.40 7.46
2495.8 4972.71 316.73 6.37
2498.0 4904.53 259.41 5.29
2500.2 4920.20 328.58 6.68
2502.4 5079.36 390.72 7.69
2504.6 5192.67 356.82 6.87
2506.8 5279.98 272.77 5.17
