/*** Spectra Vista SIG Data ***/
name= \My Documents\HR1024_Data\BD1.
instrument= HR: 1091052
integration= 200, 60, 30, 500, 60, 30
scan time= 1, 1
scan settings= AD, AI, AD, AI
external data set1= 8224, 8224, 8224, 8224, 8224, 8224, 8224, 8224, 8224, 8224, 8224, 8224, 8224, 8224, 8224, 8224
external data set2= 8224, 8224, 8224, 8224, 8224, 8224, 8224, 8224, 8224, 8224, 8224, 8224, 8224, 8224, 8224, 8224
external data dark= 0,0,0,0,0,0,0,0
external data mask= 0
optic= LENS4 , LENS4 
temp= 48.69, 9.01, -4.97, 49.66, 9.01, -4.23
battery= 6.3, 5.7
error= 0, 0
units= Radiance, Radiance
time= 1/1/08 2:18:54 PM, 1/1/08 2:36:05 PM
longitude= , 
latitude= , 
gpstime= , 
comm= 
memory slot= 0, 0
factors= 
data= 
346.4 509.60 101.92 20.00
347.9 549.06 104.17 18.97
349.5 608.40 97.34 16.00
351.1 655.20 96.10 14.67
352.6 708.40 103.73 14.64
354.2 752.68 103.41 13.74
355.7 818.30 109.11 13.33
357.3 873.81 119.28 13.65
358.8 891.23 121.63 13.65
360.4 967.31 119.60 12.36
361.9 1009.93 123.98 12.28
363.5 1059.53 123.27 11.63
365.1 1102.67 113.73 10.31
366.6 1156.59 120.15 10.39
368.2 1218.77 123.56 10.14
369.7 1306.00 125.38 9.60
371.3 1379.56 129.07 9.36
372.8 1457.48 134.13 9.20
374.4 1528.58 136.17 8.91
375.9 1575.56 139.02 8.82
377.4 1632.76 141.81 8.69
379.0 1683.54 143.85 8.54
380.5 1741.87 139.10 7.99
382.1 1805.51 135.93 7.53
383.6 1862.60 134.95 7.25
385.2 1949.75 136.40 7.00
386.7 2036.04 149.45 7.34
388.3 2135.96 146.75 6.87
389.8 2212.47 151.52 6.85
391.3 2314.34 154.85 6.69
392.9 2392.65 167.29 6.99
394.4 2474.90 170.93 6.91
395.9 2552.82 184.63 7.23
397.5 2664.75 189.92 7.13
399.0 2774.82 192.82 6.95
400.6 2852.64 186.78 6.55
402.1 2910.24 180.60 6.21
403.6 2965.71 179.33 6.05
405.1 3036.77 187.37 6.17
406.7 3133.76 193.54 6.18
408.2 3234.33 198.69 6.14
409.7 3330.88 202.50 6.08
411.3 3437.91 210.22 6.11
412.8 3528.93 218.99 6.21
414.3 3634.54 230.07 6.33
415.8 3740.00 236.00 6.31
417.4 3868.37 235.80 6.10
418.9 3954.39 250.98 6.35
420.4 4037.85 254.24 6.30
421.9 4106.74 258.46 6.29
423.5 4196.00 254.98 6.08
425.0 4263.51 260.71 6.11
426.5 4364.50 256.28 5.87
428.0 4488.82 258.62 5.76
429.5 4615.58 264.65 5.73
431.1 4756.23 265.48 5.58
432.6 4917.76 281.45 5.72
434.1 5064.68 287.21 5.67
435.6 5199.35 290.25 5.58
437.1 5333.25 304.20 5.70
438.6 5454.84 304.97 5.59
440.1 5584.70 314.03 5.62
441.6 5717.14 322.80 5.65
443.1 5852.25 329.67 5.63
444.7 5982.11 342.77 5.73
446.2 6104.50 352.80 5.78
447.7 6213.60 360.73 5.81
449.2 6315.84 369.79 5.85
450.7 6414.72 370.24 5.77
452.2 6543.45 378.07 5.78
453.7 6682.65 380.70 5.70
455.2 6842.54 389.16 5.69
456.7 7029.44 406.21 5.78
458.2 7231.16 415.91 5.75
459.7 7428.75 431.20 5.80
461.2 7633.63 448.31 5.87
462.7 7815.14 459.67 5.88
464.2 8000.76 479.46 5.99
465.7 8191.53 487.40 5.95
467.2 8352.58 505.12 6.05
468.7 8552.00 516.80 6.04
470.2 8711.17 531.24 6.10
471.7 8854.00 548.15 6.19
473.2 9050.37 558.63 6.17
474.6 9252.88 556.58 6.02
476.1 9378.88 559.68 5.97
477.6 9464.51 559.85 5.92
479.1 9567.20 561.74 5.87
480.6 9658.16 562.55 5.82
482.1 9797.74 571.76 5.84
483.6 9963.22 580.52 5.83
485.1 10140.49 601.22 5.93
486.6 10356.19 622.10 6.01
488.0 10562.50 648.05 6.14
489.5 10784.97 680.88 6.31
491.0 10998.86 713.37 6.49
492.5 11224.98 756.22 6.74
494.0 11462.99 795.26 6.94
495.4 11663.85 846.78 7.26
496.9 11870.36 892.45 7.52
498.4 12074.30 945.77 7.83
499.9 12278.41 1003.02 8.17
501.4 12476.75 1060.96 8.50
502.8 12664.51 1123.77 8.87
504.3 12846.60 1187.28 9.24
505.8 13033.73 1255.13 9.63
507.2 13172.68 1321.33 10.03
508.7 13289.99 1385.32 10.42
510.2 13412.81 1451.78 10.82
511.6 13494.72 1515.54 11.23
513.1 13630.43 1583.52 11.62
514.6 13795.53 1663.24 12.06
516.0 13946.28 1731.16 12.41
517.5 14135.83 1813.73 12.83
519.0 14365.19 1899.88 13.23
520.5 14579.60 1987.02 13.63
521.9 14828.55 2079.48 14.02
523.4 15093.49 2180.68 14.45
524.8 15349.14 2277.96 14.84
526.3 15633.70 2379.98 15.22
527.8 15915.89 2477.40 15.57
529.2 16178.21 2580.65 15.95
530.7 16455.24 2676.99 16.27
532.1 16698.15 2767.73 16.58
533.6 16994.07 2864.55 16.86
535.0 17295.55 2961.88 17.13
536.5 17581.25 3052.32 17.36
538.0 17895.84 3154.50 17.63
539.4 18160.64 3241.34 17.85
540.9 18488.86 3355.00 18.15
542.3 18738.28 3461.94 18.48
543.8 18940.29 3552.41 18.76
545.2 19020.35 3601.95 18.94
546.6 19057.19 3644.52 19.12
548.1 19121.11 3680.39 19.25
549.5 19166.91 3718.79 19.40
551.0 19217.70 3756.34 19.55
552.4 19311.21 3804.65 19.70
553.9 19371.38 3842.06 19.83
555.3 19461.20 3883.46 19.95
556.8 19596.88 3939.01 20.10
558.2 19743.75 3999.38 20.26
559.6 19902.71 4059.86 20.40
561.1 20117.50 4129.45 20.53
562.5 20332.52 4217.78 20.74
564.0 20611.34 4308.66 20.90
565.4 20865.50 4398.60 21.08
566.8 21177.73 4503.39 21.26
568.3 21463.05 4597.99 21.42
569.7 21776.78 4701.92 21.59
571.1 22080.65 4791.22 21.70
572.6 22373.82 4892.40 21.87
574.0 22675.95 4984.98 21.98
575.4 22958.44 5073.98 22.10
576.9 23231.09 5156.61 22.20
578.3 23477.03 5232.37 22.29
579.7 23721.74 5311.98 22.39
581.1 23920.49 5378.53 22.49
582.6 24132.47 5453.47 22.60
584.0 24305.80 5521.33 22.72
585.4 24549.94 5617.37 22.88
586.8 24845.17 5730.88 23.07
588.3 25201.80 5864.98 23.27
589.7 25517.70 5972.62 23.41
591.1 25735.55 6047.50 23.50
592.5 25883.00 6099.70 23.57
594.0 25998.42 6139.63 23.62
595.4 26057.54 6169.40 23.68
596.8 26115.38 6205.91 23.76
598.2 26174.55 6243.91 23.85
599.6 26202.06 6274.58 23.95
601.0 26298.70 6328.23 24.06
602.4 26372.18 6387.94 24.22
603.9 26501.77 6449.70 24.34
605.3 26625.41 6516.11 24.47
606.7 26749.80 6563.52 24.54
608.1 26941.18 6643.38 24.66
609.5 27151.69 6719.17 24.75
610.9 27387.74 6810.09 24.87
612.3 27589.20 6892.32 24.98
613.7 27871.80 6993.62 25.09
615.1 28061.64 7057.37 25.15
616.5 28235.16 7127.48 25.24
617.9 28534.12 7229.20 25.34
619.3 28808.15 7345.76 25.50
620.7 29149.14 7492.31 25.70
622.1 29527.66 7473.27 25.31
623.5 29951.83 7367.29 24.60
624.9 30436.35 7314.72 24.03
626.3 30757.12 7295.97 23.72
627.7 30461.43 7264.21 23.85
629.1 30188.34 7336.01 24.30
630.5 30083.03 7470.66 24.83
631.9 30076.12 7645.87 25.42
633.3 30078.24 7765.72 25.82
634.7 30183.54 7855.26 26.02
636.1 30268.81 7886.10 26.05
637.5 30374.19 7940.59 26.14
638.9 30520.15 7960.44 26.08
640.2 30643.60 7912.88 25.82
641.6 30733.56 7816.54 25.43
643.0 30777.50 7683.01 24.96
644.4 30869.16 7595.98 24.61
645.8 30855.38 7486.49 24.26
647.2 31023.20 7426.80 23.94
648.5 31185.15 7385.75 23.68
649.9 31117.13 7333.25 23.57
651.3 31099.80 7332.78 23.58
652.7 31059.00 7319.52 23.57
654.1 30961.56 7163.52 23.14
655.5 30829.51 6966.22 22.60
656.8 30685.81 6787.23 22.12
658.2 30861.69 6701.50 21.71
659.6 31181.89 6646.98 21.32
660.9 31452.29 6594.54 20.97
662.3 31767.46 6532.21 20.56
663.7 32102.70 6451.20 20.10
665.0 32334.98 6354.96 19.65
666.4 32575.38 6284.21 19.29
667.8 32873.84 6232.40 18.96
669.1 33084.01 6168.54 18.65
670.5 33327.47 6137.30 18.42
671.9 33513.12 6112.66 18.24
673.2 33742.50 6127.64 18.16
674.6 33950.66 6162.53 18.15
676.0 34219.05 6244.86 18.25
677.3 34494.18 6358.74 18.43
678.7 34767.13 6511.00 18.73
680.0 35103.31 6741.81 19.21
681.4 35420.13 7038.35 19.87
682.8 35763.00 7421.96 20.75
684.1 36073.44 7882.06 21.85
685.5 36318.59 8398.18 23.12
686.8 36607.26 8979.00 24.53
688.2 36844.31 9576.57 25.99
689.5 36898.97 10157.52 27.53
690.9 36950.15 10737.49 29.06
692.2 37008.15 11293.44 30.52
693.6 37024.93 11843.27 31.99
694.9 37005.38 12290.11 33.21
696.2 37027.13 12721.19 34.36
697.6 37047.86 13116.84 35.41
698.9 37049.76 13507.30 36.46
700.3 37075.62 13886.14 37.45
701.6 37124.24 14235.69 38.35
703.0 37178.40 14553.30 39.14
704.3 37172.20 14797.06 39.81
705.6 37157.22 15030.29 40.45
707.0 37168.46 15256.20 41.05
708.3 37076.04 15397.14 41.53
709.6 36967.81 15534.97 42.02
711.0 36867.73 15624.50 42.38
712.3 36770.31 15713.52 42.73
713.6 36755.88 15821.90 43.05
714.9 36684.64 15934.70 43.44
716.3 36701.44 16057.22 43.75
717.6 36734.04 16208.25 44.12
718.9 36680.73 16280.02 44.38
720.2 36496.25 16273.26 44.59
721.6 36394.28 16311.05 44.82
722.9 36240.12 16339.97 45.09
724.2 36067.30 16319.34 45.25
725.5 35963.70 16342.23 45.44
726.8 35833.96 16312.93 45.52
728.1 35810.80 16303.83 45.53
729.5 35779.10 16309.08 45.58
730.8 35779.13 16327.55 45.63
732.1 35704.25 16330.46 45.74
733.4 35690.92 16359.50 45.84
734.7 35685.89 16357.84 45.84
736.0 35729.66 16392.95 45.88
737.3 35717.44 16388.22 45.88
738.6 35830.21 16472.22 45.97
739.9 36014.88 16615.96 46.14
741.2 36161.58 16678.12 46.12
742.5 36363.94 16825.37 46.27
743.8 36737.66 17043.18 46.39
745.1 37309.08 17349.30 46.50
746.4 37926.98 17685.67 46.63
747.7 38536.99 18045.84 46.83
749.0 39118.92 18436.36 47.13
750.3 39493.02 18664.80 47.26
751.6 39440.80 18687.67 47.38
752.9 39084.79 18591.57 47.57
754.2 38731.25 18433.72 47.59
755.4 38386.91 18216.47 47.45
756.7 38244.09 18159.71 47.48
758.0 38261.36 18185.04 47.53
759.3 38489.95 18333.67 47.63
760.6 38786.44 18539.14 47.80
761.9 39062.28 18727.45 47.94
763.1 39197.21 18827.54 48.03
764.4 39371.54 18962.64 48.16
765.7 39490.75 19055.40 48.25
767.0 39577.16 19145.25 48.37
768.2 39644.64 19217.86 48.48
769.5 39697.68 19282.90 48.57
770.8 39836.32 19387.77 48.67
772.0 39856.44 19436.53 48.77
773.3 39898.95 19531.01 48.95
774.6 39978.84 19621.43 49.08
775.8 40054.79 19677.19 49.13
777.1 40085.96 19706.08 49.16
778.4 40059.57 19691.76 49.16
779.6 39999.54 19739.60 49.35
780.9 39948.00 19737.60 49.41
782.1 39837.20 19684.84 49.41
783.4 39802.88 19713.41 49.53
784.6 39851.08 19749.63 49.56
785.9 40095.40 19914.79 49.67
787.1 40531.58 20223.42 49.90
788.4 40834.19 20407.73 49.98
789.6 40796.10 20408.57 50.03
790.9 40479.11 20262.88 50.06
792.1 40128.24 20078.27 50.04
793.4 39739.41 19865.87 49.99
794.6 39507.48 19746.20 49.98
795.8 39314.07 19669.09 50.03
797.1 39097.95 19584.66 50.09
798.3 38940.83 19536.66 50.17
799.5 38821.14 19491.98 50.21
800.8 38733.05 19448.74 50.21
802.0 38591.76 19412.50 50.30
803.2 38469.72 19363.68 50.33
804.5 38377.94 19358.11 50.44
805.7 38264.87 19340.02 50.54
806.9 38181.95 19296.41 50.54
808.1 38074.65 19308.67 50.71
809.4 38033.33 19331.57 50.83
810.6 37951.55 19332.04 50.94
811.8 37942.61 19348.99 51.00
813.0 37965.80 19382.83 51.05
814.2 37975.49 19437.42 51.18
815.4 38039.93 19488.11 51.23
816.6 38032.65 19537.45 51.37
817.9 38050.16 19579.77 51.46
819.1 37997.24 19564.16 51.49
820.3 37865.18 19525.57 51.57
821.5 37787.61 19523.75 51.67
822.7 37714.41 19516.90 51.75
823.9 37704.87 19542.26 51.83
825.1 37688.07 19540.95 51.85
826.3 37716.38 19578.18 51.91
827.5 37726.06 19614.28 51.99
828.7 37779.60 19649.95 52.01
829.9 37796.29 19674.55 52.05
831.0 37849.02 19756.66 52.20
832.2 37913.75 19836.07 52.32
833.4 37950.44 19907.12 52.46
834.6 37978.13 19989.38 52.63
835.8 38031.53 20054.79 52.73
837.0 38073.26 20162.71 52.96
838.1 38178.69 20264.33 53.08
839.3 38239.24 20341.02 53.19
840.5 38296.24 20427.95 53.34
841.7 38381.58 20565.41 53.58
842.9 38485.06 20705.95 53.80
844.0 38543.94 20820.01 54.02
845.2 38626.85 20924.85 54.17
846.4 38724.98 20995.73 54.22
847.5 38888.12 21131.57 54.34
848.7 39002.30 21267.86 54.53
849.9 39141.74 21363.58 54.58
851.0 39173.78 21412.83 54.66
852.2 39245.07 21449.02 54.65
853.3 39202.67 21469.06 54.76
854.5 39188.19 21511.89 54.89
855.6 39170.88 21536.75 54.98
856.8 39193.80 21601.87 55.12
857.9 39192.81 21637.91 55.21
859.1 39326.60 21747.12 55.30
860.2 39300.24 21768.99 55.39
861.4 39344.78 21784.49 55.37
862.5 39384.29 21849.60 55.48
863.7 39467.66 21906.81 55.51
864.8 39454.45 21937.02 55.60
865.9 39398.65 21926.68 55.65
867.1 39448.45 21969.52 55.69
868.2 39441.53 21972.68 55.71
869.3 39465.67 22031.35 55.82
870.5 39438.89 22001.09 55.79
871.6 39473.54 22045.38 55.85
872.7 39541.37 22129.02 55.96
873.9 39548.50 22124.43 55.94
875.0 39546.05 22119.08 55.93
876.1 39583.15 22130.82 55.91
877.2 39616.79 22162.84 55.94
878.3 39601.98 22133.14 55.89
879.4 39662.11 22167.27 55.89
880.5 39702.60 22170.53 55.84
881.7 39698.10 22159.28 55.82
882.8 39775.46 22185.35 55.78
883.9 39785.32 22170.49 55.73
885.0 39766.55 22149.31 55.70
886.1 39735.85 22132.54 55.70
887.2 39664.66 22026.14 55.53
888.3 39567.00 21981.27 55.55
889.4 39535.02 21939.50 55.49
890.5 39459.91 21903.76 55.51
891.6 39428.33 21856.10 55.43
892.7 39429.01 21808.09 55.31
893.8 39492.50 21873.05 55.39
894.9 39505.51 21886.44 55.40
896.0 39527.49 21842.45 55.26
897.0 39487.40 21862.56 55.37
898.1 39490.45 21840.49 55.31
899.2 39536.22 21833.18 55.22
900.3 39503.73 21803.58 55.19
901.4 39454.09 21747.36 55.12
902.4 39461.49 21777.21 55.19
903.5 39418.10 21722.74 55.11
904.6 39431.18 21733.93 55.12
905.7 39454.64 21746.11 55.12
906.7 39397.52 21736.56 55.17
907.8 39514.80 21733.14 55.00
908.9 39443.33 21677.80 54.96
909.9 39411.21 21618.08 54.85
911.0 39357.50 21592.19 54.86
912.1 39280.99 21499.31 54.73
913.1 39233.48 21475.17 54.74
914.2 39173.92 21423.55 54.69
915.2 39170.79 21378.60 54.58
916.3 39094.50 21350.22 54.61
917.3 39076.47 21344.56 54.62
918.4 39031.30 21245.40 54.43
919.4 39022.48 21183.63 54.29
920.5 39026.74 21151.71 54.20
921.5 39018.63 21106.15 54.09
922.6 38959.72 21014.44 53.94
923.6 39026.05 21025.32 53.88
924.7 39022.50 20949.60 53.69
925.7 39030.84 20868.58 53.47
926.7 39009.32 20821.06 53.37
927.8 39032.57 20742.01 53.14
928.8 39142.62 20764.16 53.05
929.9 39330.10 20765.02 52.80
930.9 39447.46 20784.42 52.69
931.9 39602.61 20855.37 52.66
932.9 39864.58 20891.97 52.41
934.0 39909.81 20871.21 52.30
935.0 39942.68 20822.03 52.13
936.0 39929.50 20714.54 51.88
937.0 39883.94 20635.45 51.74
938.1 39848.52 20550.18 51.57
939.1 39753.89 20492.24 51.55
940.1 39867.76 20414.62 51.21
941.1 39995.43 20441.83 51.11
942.1 40229.45 20450.91 50.84
943.1 40393.76 20439.12 50.60
944.1 40552.56 20489.71 50.53
945.2 40570.32 20373.70 50.22
946.2 40685.67 20353.39 50.03
947.2 40740.25 20281.85 49.78
948.2 40874.09 20222.20 49.47
949.2 40954.06 20138.63 49.17
950.2 41026.00 20046.54 48.86
951.2 41012.16 19946.30 48.64
952.2 41170.94 19885.24 48.30
953.2 41257.13 19856.66 48.13
954.2 41395.95 19808.55 47.85
955.2 41401.94 19731.60 47.66
956.2 41391.82 19600.06 47.35
957.2 41524.97 19579.48 47.15
958.2 41486.28 19516.82 47.04
959.2 41625.00 19520.46 46.90
960.1 41647.94 19518.54 46.87
961.1 41725.78 19545.14 46.84
962.1 41752.50 19479.75 46.66
963.1 41720.60 19468.40 46.66
964.1 41837.60 19447.01 46.48
965.1 41932.95 19543.13 46.61
966.1 41961.44 19585.94 46.68
967.0 42058.17 19542.18 46.46
968.0 42094.69 19556.88 46.46
969.0 42115.20 19593.84 46.52
970.0 42092.26 19635.70 46.65
971.0 42266.18 19640.67 46.47
971.9 42275.33 19697.00 46.59
972.9 42388.85 19630.66 46.31
973.9 42492.13 19574.62 46.07
974.9 42580.28 19499.13 45.79
975.8 42630.52 19459.04 45.65
976.8 42806.43 19426.38 45.38
977.8 42848.34 19547.76 45.62
978.8 42868.95 19462.98 45.40
979.7 43050.58 19449.77 45.18
980.7 43264.32 19548.47 45.18
981.7 43347.07 19547.48 45.10
982.6 43545.07 19626.49 45.07
983.6 44003.55 19723.88 44.82
984.6 44377.46 19634.76 44.24
985.5 44900.28 20215.44 45.02
986.5 45688.01 20330.37 44.50
987.5 46285.78 20750.69 44.83
988.4 47161.40 20827.84 44.16
989.4 47812.76 21372.18 44.70
990.4 48753.98 21720.34 44.55
991.3 50274.64 21950.42 43.66
992.3 50864.45 23084.64 45.38
993.2 51610.85 23157.56 44.87
994.2 53891.66 23175.95 43.00
995.2 55394.96 24172.34 43.64
996.1 55625.12 24450.60 43.96
997.1 56348.70 23712.05 42.08
998.0 54473.40 24119.04 44.28
999.0 55283.87 23125.28 41.83
1000.0 55127.21 22650.91 41.09
1000.9 55875.58 22822.42 40.85
1001.9 56355.47 24974.80 44.32
1002.8 54776.67 22412.44 40.92
1003.8 57170.04 23915.41 41.83
1004.8 54763.20 22452.91 41.00
961.5 49984.08 19819.61 39.65
965.5 48959.90 19447.49 39.72
969.5 47367.08 18946.83 40.00
973.4 45664.01 18301.67 40.08
977.4 44063.24 17660.73 40.08
981.4 43484.76 17466.60 40.17
985.3 43466.28 17504.52 40.27
989.3 43739.41 17757.75 40.60
993.3 44088.36 18072.88 40.99
997.2 44246.85 18305.00 41.37
1001.2 44240.69 18485.87 41.78
1005.2 44147.66 18666.68 42.28
1009.1 44170.72 18924.91 42.84
1013.1 44298.35 19240.82 43.43
1017.1 44409.64 19551.34 44.02
1021.0 44418.65 19803.92 44.58
1025.0 44431.92 20032.86 45.09
1029.0 44310.95 20187.12 45.56
1032.9 44196.36 20349.94 46.04
1036.9 44214.81 20563.08 46.51
1040.9 44317.48 20842.66 47.03
1044.8 44471.57 21159.58 47.58
1048.8 44586.22 21450.70 48.11
1052.7 44660.98 21703.50 48.60
1056.7 44664.90 21879.59 48.99
1060.7 44652.74 22010.13 49.29
1064.6 44643.90 22107.03 49.52
1068.6 44545.19 22145.17 49.71
1072.5 44448.63 22148.19 49.83
1076.5 44390.31 22126.97 49.85
1080.4 44363.13 22084.23 49.78
1084.4 44428.99 22056.76 49.64
1088.3 44526.89 22015.23 49.44
1092.3 44515.11 21925.16 49.25
1096.2 44485.25 21778.67 48.96
1100.2 44489.30 21628.24 48.61
1104.1 44387.15 21444.37 48.31
1108.1 44344.78 21273.05 47.97
1112.0 44255.25 21046.28 47.56
1116.0 44078.91 20721.09 47.01
1119.9 43920.46 20377.56 46.40
1123.9 43980.05 20081.21 45.66
1127.8 43933.44 19618.56 44.66
1131.8 43891.20 19004.28 43.30
1135.7 43904.71 18263.57 41.60
1139.6 43873.24 17453.76 39.78
1143.6 43814.30 16662.10 38.03
1147.5 43764.96 15984.70 36.52
1151.4 43600.54 15434.05 35.40
1155.4 43567.43 15087.81 34.63
1159.3 43548.37 14882.15 34.17
1163.2 43379.84 14702.60 33.89
1167.2 43333.14 14602.50 33.70
1171.1 43320.14 14546.39 33.58
1175.0 43247.45 14476.12 33.47
1179.0 43203.54 14404.65 33.34
1182.9 43281.26 14370.21 33.20
1186.8 43262.79 14319.87 33.10
1190.7 43059.97 14209.44 33.00
1194.7 42822.73 14099.24 32.92
1198.6 42602.18 14036.72 32.95
1202.5 42456.57 14012.88 33.01
1206.4 42335.53 14002.97 33.08
1210.3 42230.32 14013.08 33.18
1214.2 42126.94 14037.82 33.32
1218.2 41984.08 14067.76 33.51
1222.1 41854.50 14115.25 33.72
1226.0 41760.57 14181.50 33.96
1229.9 41673.90 14227.32 34.14
1233.8 41576.55 14274.23 34.33
1237.7 41528.30 14328.30 34.50
1241.6 41457.25 14369.94 34.66
1245.5 41309.15 14379.96 34.81
1249.4 41175.26 14390.98 34.95
1253.3 41058.30 14402.62 35.08
1257.2 40978.33 14417.76 35.18
1261.1 40873.57 14422.54 35.29
1265.0 40757.89 14395.19 35.32
1268.9 40587.74 14327.79 35.30
1272.8 40626.75 14324.10 35.26
1276.7 40780.33 14343.84 35.17
1280.6 40842.56 14308.48 35.03
1284.5 40748.73 14189.94 34.82
1288.4 40697.88 14071.36 34.58
1292.3 40562.50 13906.75 34.28
1296.2 40411.46 13711.13 33.93
1300.1 40239.63 13481.05 33.50
1303.9 40009.73 13201.79 33.00
1307.8 39785.54 12908.22 32.44
1311.7 39554.21 12584.49 31.82
1315.6 39326.35 12236.52 31.12
1319.5 39086.11 11864.79 30.36
1323.3 38870.69 11489.16 29.56
1327.2 38681.53 11113.60 28.73
1331.1 38474.56 10723.56 27.87
1335.0 38203.08 10322.57 27.02
1338.8 38009.09 9961.74 26.21
1342.7 37876.27 9622.98 25.41
1346.5 37598.34 9250.07 24.60
1350.4 37400.07 8892.20 23.78
1354.3 37094.65 8516.81 22.96
1358.1 36731.71 8157.81 22.21
1362.0 36487.36 7870.77 21.57
1365.8 36370.47 7628.43 20.97
1369.7 36432.94 7400.40 20.31
1373.5 36366.82 7070.27 19.44
1377.4 36166.21 6597.06 18.24
1381.2 35990.96 6041.15 16.79
1385.1 35936.27 5496.74 15.30
1389.0 35813.45 4978.20 13.90
1392.8 35598.92 4458.39 12.52
1396.6 35460.61 3992.74 11.26
1400.5 35253.63 3605.32 10.23
1404.3 35072.57 3305.54 9.42
1408.2 35016.72 3075.58 8.78
1412.0 34945.02 2904.03 8.31
1415.8 34962.39 2783.24 7.96
1419.6 34891.95 2688.91 7.71
1423.5 34842.23 2625.83 7.54
1427.3 34796.45 2567.12 7.38
1431.1 34758.75 2529.60 7.28
1434.9 34669.05 2502.20 7.22
1438.8 34606.94 2481.68 7.17
1442.6 34573.84 2476.48 7.16
1446.4 34441.31 2464.05 7.15
1450.2 34332.12 2451.97 7.14
1454.0 34220.52 2451.00 7.16
1457.8 34188.19 2461.66 7.20
1461.6 34155.00 2481.93 7.27
1465.4 34045.70 2493.32 7.32
1469.2 33870.20 2511.60 7.42
1473.0 33726.92 2550.24 7.56
1476.8 33664.28 2601.48 7.73
1480.7 33601.58 2668.71 7.94
1484.4 33488.64 2733.72 8.16
1488.2 33386.04 2802.12 8.39
1492.0 33257.25 2881.16 8.66
1495.8 33142.20 2966.60 8.95
1499.6 33034.11 3031.07 9.18
1503.4 32933.47 3068.21 9.32
1507.2 32852.74 3116.37 9.49
1510.9 32722.34 3179.45 9.72
1514.7 32573.11 3242.03 9.95
1518.5 32453.90 3307.82 10.19
1522.3 32317.90 3373.46 10.44
1526.0 32200.64 3440.55 10.68
1529.8 32127.61 3519.69 10.96
1533.6 32011.66 3587.39 11.21
1537.3 31894.88 3659.12 11.47
1541.1 31782.08 3727.05 11.73
1544.8 31651.20 3799.20 12.00
1548.6 31528.46 3865.63 12.26
1552.4 31450.00 3939.71 12.53
1556.1 31366.15 4000.60 12.75
1559.9 31270.43 4038.68 12.92
1563.6 31150.17 4097.14 13.15
1567.3 31046.10 4170.55 13.43
1571.1 30855.35 4224.37 13.69
1574.8 30723.08 4291.83 13.97
1578.6 30633.26 4350.94 14.20
1582.3 30519.48 4393.37 14.40
1586.0 30400.45 4435.00 14.59
1589.8 30269.89 4472.75 14.78
1593.5 30123.48 4508.55 14.97
1597.2 29998.09 4545.09 15.15
1600.9 29883.71 4575.31 15.31
1604.7 29753.95 4599.34 15.46
1608.4 29639.51 4636.36 15.64
1612.1 29489.62 4673.84 15.85
1615.8 29365.23 4703.73 16.02
1619.5 29298.37 4740.47 16.18
1623.2 29161.12 4762.82 16.33
1626.9 29003.45 4783.45 16.49
1630.6 28846.40 4798.86 16.64
1634.3 28721.00 4819.07 16.78
1638.0 28599.28 4824.41 16.87
1641.7 28456.49 4804.00 16.88
1645.4 28299.47 4792.79 16.94
1649.1 28138.66 4781.05 16.99
1652.8 28008.70 4757.31 16.99
1656.4 27859.80 4736.17 17.00
1660.1 27720.43 4709.83 16.99
1663.8 27551.22 4682.11 16.99
1667.5 27406.07 4657.88 17.00
1671.1 27282.14 4622.94 16.94
1674.8 27100.13 4577.35 16.89
1678.5 27060.12 4545.47 16.80
1682.1 27085.37 4513.45 16.66
1685.8 27087.74 4484.82 16.56
1689.5 26985.46 4442.44 16.46
1693.1 26859.21 4389.24 16.34
1696.8 26718.75 4336.75 16.23
1700.4 26575.97 4278.07 16.10
1704.0 26457.91 4221.88 15.96
1707.7 26210.69 4140.79 15.80
1711.3 25940.59 4049.04 15.61
1715.0 25755.85 3981.02 15.46
1718.6 25603.66 3922.25 15.32
1722.2 25471.82 3862.43 15.16
1725.9 25346.15 3810.13 15.03
1729.5 25225.17 3759.86 14.91
1733.1 25122.33 3718.45 14.80
1736.7 25028.77 3687.26 14.73
1740.3 24869.68 3640.40 14.64
1744.0 24796.20 3589.21 14.47
1747.5 24670.34 3524.33 14.29
1751.2 24460.97 3449.72 14.10
1754.8 24300.77 3384.32 13.93
1758.4 24168.99 3330.45 13.78
1762.0 24004.67 3272.93 13.63
1765.5 23878.06 3234.71 13.55
1769.1 23824.80 3213.60 13.49
1772.7 23745.17 3188.46 13.43
1776.3 23631.64 3154.62 13.35
1779.9 23517.13 3121.40 13.27
1783.5 23453.36 3100.00 13.22
1787.0 23338.16 3068.77 13.15
1790.6 23194.11 3048.35 13.14
1794.2 23099.94 3038.27 13.15
1797.8 23019.59 3017.62 13.11
1801.3 22943.45 3008.76 13.11
1804.9 22821.75 2989.88 13.10
1808.4 22758.56 2973.27 13.06
1812.0 22651.25 2962.07 13.08
1815.5 22537.46 2935.68 13.03
1819.1 22377.91 2913.05 13.02
1822.6 22230.86 2888.89 12.99
1826.2 22108.08 2859.66 12.93
1829.7 21962.63 2830.89 12.89
1833.2 21769.52 2787.56 12.80
1836.8 21568.82 2755.03 12.77
1840.3 21408.35 2726.55 12.74
1843.8 21283.15 2716.56 12.76
1847.3 21175.36 2725.32 12.87
1850.8 21026.88 2721.60 12.94
1854.3 20829.70 2690.05 12.91
1857.8 20716.80 2631.20 12.70
1861.3 20743.52 2519.41 12.15
1864.8 20771.48 2342.90 11.28
1868.3 20668.83 2115.36 10.23
1871.8 20505.60 1912.32 9.33
1875.3 20412.67 1732.64 8.49
1878.8 20386.82 1600.94 7.85
1882.3 20318.80 1480.44 7.29
1885.8 20165.84 1381.33 6.85
1889.3 19976.70 1292.86 6.47
1892.7 19815.25 1230.71 6.21
1896.2 19650.94 1196.23 6.09
1899.7 19441.16 1201.42 6.18
1903.1 19313.45 1228.92 6.36
1906.6 19304.54 1315.85 6.82
1910.0 19451.18 1521.90 7.82
1913.5 19794.95 1670.46 8.44
1917.0 20308.75 2030.88 10.00
1920.4 20662.58 2357.48 11.41
1923.8 20806.27 2384.05 11.46
1871.2 18887.00 1144.67 6.06
1873.9 18953.16 1213.43 6.40
1876.7 18991.47 1098.35 5.78
1879.5 19143.67 993.13 5.19
1882.3 18900.39 920.21 4.87
1885.1 18757.12 887.86 4.73
1887.8 18909.61 849.41 4.49
1890.6 18719.80 803.06 4.29
1893.4 18700.00 726.00 3.88
1896.2 18690.78 667.04 3.57
1898.9 18634.09 680.87 3.65
1901.7 18493.24 652.50 3.53
1904.5 18663.12 634.80 3.40
1907.2 18605.75 617.50 3.32
1910.0 18464.96 613.91 3.32
1912.7 18451.36 600.50 3.25
1915.5 18338.72 594.61 3.24
1918.2 18231.61 583.27 3.20
1921.0 18078.76 584.52 3.23
1923.7 18082.37 603.64 3.34
1926.5 18028.91 563.40 3.12
1929.2 17989.40 577.20 3.21
1932.0 17961.44 622.52 3.47
1934.7 17922.05 609.70 3.40
1937.4 17800.47 567.61 3.19
1940.2 17730.06 577.79 3.26
1942.9 17801.07 599.87 3.37
1945.6 17808.94 594.94 3.34
1948.3 17731.12 604.68 3.41
1951.1 17698.80 611.03 3.45
1953.8 17700.00 609.00 3.44
1956.5 17568.67 613.98 3.49
1959.2 17632.03 633.88 3.60
1961.9 17647.56 631.76 3.58
1964.6 17543.58 621.78 3.54
1967.3 17598.27 640.80 3.64
1970.0 17419.60 618.64 3.55
1972.8 17335.24 644.23 3.72
1975.5 17419.52 661.43 3.80
1978.2 17336.04 633.64 3.66
1980.9 17221.82 635.47 3.69
1983.5 17185.34 645.65 3.76
1986.2 17183.55 666.39 3.88
1988.9 17157.36 663.48 3.87
1991.6 17017.92 674.92 3.97
1994.3 16893.86 670.09 3.97
1997.0 16913.63 694.88 4.11
1999.7 16876.79 703.56 4.17
2002.3 16857.27 667.39 3.96
2005.0 16785.35 693.28 4.13
2007.7 16706.93 710.93 4.26
2010.4 16656.07 705.19 4.23
2013.0 16600.58 708.41 4.27
2015.7 16495.88 721.78 4.38
2018.4 16401.61 731.86 4.46
2021.0 16371.00 728.17 4.45
2023.7 16264.64 709.49 4.36
2026.4 16195.83 701.35 4.33
2029.0 16138.97 728.22 4.51
2031.7 16029.65 740.78 4.62
2034.3 16012.75 749.23 4.68
2037.0 15932.90 754.42 4.73
2039.6 15864.39 737.09 4.65
2042.3 15822.15 730.17 4.61
2044.9 15747.27 751.74 4.77
2047.5 15719.22 754.55 4.80
2050.2 15638.00 758.80 4.85
2052.8 15596.00 750.40 4.81
2055.4 15487.61 750.85 4.85
2058.1 15363.60 767.20 4.99
2060.7 15311.01 763.04 4.98
2063.3 15243.07 769.12 5.05
2065.9 15200.63 764.92 5.03
2068.6 15142.00 764.92 5.05
2071.2 15102.27 767.25 5.08
2073.8 15013.06 791.93 5.27
2076.4 14939.89 802.71 5.37
2079.0 14937.96 789.61 5.29
2081.6 14955.68 784.92 5.25
2084.2 14929.44 784.42 5.25
2086.8 14795.01 800.42 5.41
2089.4 14708.12 814.12 5.54
2092.1 14645.50 813.17 5.55
2094.7 14574.18 793.83 5.45
2097.2 14543.50 807.50 5.55
2099.8 14569.24 839.77 5.76
2102.4 14455.51 824.57 5.70
2105.0 14315.55 812.25 5.67
2107.6 14281.54 806.08 5.64
2110.2 14245.28 824.08 5.78
2112.8 14225.04 830.37 5.84
2115.3 14222.61 822.70 5.78
2117.9 14223.97 841.48 5.92
2120.5 14225.20 865.76 6.09
2123.1 14136.53 871.65 6.17
2125.6 14079.43 858.00 6.09
2128.2 14012.88 837.03 5.97
2130.8 13940.55 839.48 6.02
2133.3 13889.33 859.47 6.19
2135.9 13802.30 850.14 6.16
2138.4 13704.95 860.43 6.28
2141.0 13601.55 875.62 6.44
2143.6 13585.34 867.77 6.39
2146.1 13439.94 857.99 6.38
2148.7 13282.54 836.95 6.30
2151.2 13302.67 833.07 6.26
2153.8 13324.47 865.34 6.49
2156.3 13227.98 862.37 6.52
2158.8 13160.05 850.56 6.46
2161.4 13128.93 849.12 6.47
2163.9 13034.58 872.71 6.70
2166.4 12973.85 875.17 6.75
2169.0 12959.07 854.48 6.59
2171.5 12876.28 863.35 6.70
2174.0 12786.55 859.78 6.72
2176.5 12767.30 852.15 6.67
2179.1 12718.27 849.29 6.68
2181.6 12644.21 836.46 6.62
2184.1 12612.60 834.68 6.62
2186.6 12631.79 850.49 6.73
2189.1 12551.10 853.86 6.80
2191.6 12501.53 846.07 6.77
2194.1 12512.72 850.35 6.80
2196.6 12513.32 849.17 6.79
2199.2 12564.98 875.57 6.97
2201.7 12503.60 873.93 6.99
2204.1 12450.01 846.62 6.80
2206.6 12458.20 865.36 6.95
2209.1 12429.94 874.34 7.03
2211.6 12413.54 856.50 6.90
2214.1 12385.83 843.97 6.81
2216.6 12340.79 869.82 7.05
2219.1 12355.98 866.02 7.01
2221.6 12303.15 845.08 6.87
2224.0 12230.10 853.44 6.98
2226.5 12198.83 852.32 6.99
2229.0 12234.63 848.89 6.94
2231.5 12152.59 815.79 6.71
2233.9 12137.64 788.91 6.50
2236.4 12131.98 810.60 6.68
2238.9 12024.13 794.38 6.61
2241.3 12068.10 765.67 6.34
2243.8 12017.57 788.99 6.57
2246.2 11870.35 755.95 6.37
2248.7 11882.39 740.48 6.23
2251.2 11860.53 737.92 6.22
2253.6 11784.96 725.76 6.16
2256.1 11773.44 706.56 6.00
2258.5 11793.92 687.66 5.83
2260.9 11696.75 694.14 5.93
2263.4 11668.53 671.71 5.76
2265.8 11678.48 680.86 5.83
2268.3 11583.48 681.16 5.88
2270.7 11653.18 660.19 5.67
2273.1 11608.55 644.28 5.55
2275.6 11523.84 660.48 5.73
2278.0 11553.06 661.05 5.72
2280.4 11529.61 654.22 5.67
2282.8 11402.06 642.70 5.64
2285.3 11435.59 610.47 5.34
2287.7 11531.47 597.47 5.18
2290.1 11440.95 581.14 5.08
2292.5 11408.96 571.44 5.01
2294.9 11404.51 584.85 5.13
2297.3 11303.39 601.16 5.32
2299.7 11233.01 552.77 4.92
2302.1 11231.11 534.25 4.76
2304.5 11113.20 568.40 5.11
2306.9 10995.60 540.96 4.92
2309.3 10932.15 513.30 4.70
2311.7 10856.55 541.65 4.99
2314.1 10708.33 551.37 5.15
2316.5 10641.94 535.84 5.04
2318.9 10674.03 532.13 4.99
2321.3 10672.73 507.09 4.75
2323.7 10642.23 543.09 5.10
2326.1 10606.96 548.08 5.17
2328.4 10691.58 496.34 4.64
2330.8 10736.25 515.34 4.80
2333.2 10617.06 514.79 4.85
2335.6 10582.60 518.96 4.90
2337.9 10642.00 534.19 5.02
2340.3 10592.40 528.99 4.99
2342.7 10507.23 465.48 4.43
2345.0 10502.01 445.90 4.25
2347.4 10493.25 497.25 4.74
2349.7 10277.63 478.43 4.66
2352.1 10236.25 476.01 4.65
2354.4 10290.21 494.31 4.80
2356.8 10243.45 474.83 4.64
2359.2 10187.67 498.33 4.89
2361.5 10122.93 466.88 4.61
2363.8 10144.75 412.82 4.07
2366.2 10159.49 436.92 4.30
2368.5 10097.05 453.90 4.50
2370.9 10118.68 469.70 4.64
2373.2 10072.53 422.69 4.20
2375.5 9932.38 393.68 3.96
2377.9 9918.93 428.48 4.32
2380.2 9923.89 430.68 4.34
2382.5 9856.28 418.15 4.24
2384.8 9822.88 399.04 4.06
2387.2 9807.99 440.70 4.49
2389.5 9759.69 439.12 4.50
2391.8 9772.85 380.27 3.89
2394.1 9716.63 431.85 4.44
2396.4 9652.48 445.13 4.61
2398.7 9714.10 375.12 3.86
2401.0 9598.25 415.38 4.33
2403.3 9511.80 413.34 4.35
2405.6 9521.83 349.88 3.67
2407.9 9458.88 365.73 3.87
2410.2 9400.00 365.97 3.89
2412.5 9350.27 365.88 3.91
2414.8 9330.30 385.13 4.13
2417.1 9280.68 387.13 4.17
2419.4 9294.64 385.54 4.15
2421.7 9214.94 383.74 4.16
2424.0 9156.02 375.12 4.10
2426.2 9223.40 321.00 3.48
2428.5 9129.27 389.40 4.27
2430.8 9112.40 381.50 4.19
2433.1 9071.93 309.77 3.41
2435.4 8991.17 358.08 3.98
2437.6 8963.19 313.32 3.50
2439.9 8866.09 291.98 3.29
2442.2 8873.80 364.05 4.10
2444.4 8827.50 327.37 3.71
2446.7 8812.56 297.84 3.38
2448.9 8870.66 343.46 3.87
2451.2 8802.92 327.80 3.72
2453.4 8732.64 337.49 3.86
2455.7 8702.87 328.41 3.77
2457.9 8608.05 317.46 3.69
2460.2 8594.01 302.09 3.52
2462.4 8611.20 312.00 3.62
2464.7 8503.63 328.03 3.86
2466.9 8416.62 295.32 3.51
2469.2 8471.54 317.60 3.75
2471.4 8370.38 321.69 3.84
2473.6 8261.63 294.58 3.57
2475.9 8256.69 284.48 3.45
2478.1 8211.66 307.43 3.74
2480.3 8173.00 285.43 3.49
2482.5 8177.69 250.19 3.06
2484.8 8119.06 291.27 3.59
2487.0 8110.30 296.27 3.65
2489.2 8058.48 263.84 3.27
2491.4 7946.29 276.66 3.48
2493.6 7987.26 282.18 3.53
2495.8 7981.68 300.90 3.77
2498.0 7985.07 283.73 3.55
2500.2 7961.63 269.60 3.39
2502.4 8125.20 310.80 3.83
2504.6 8272.59 262.92 3.18
2506.8 8348.61 155.87 1.87
