/*** Spectra Vista SIG Data ***/
name= \My Documents\HR1024_Data\GD5T2.
instrument= HR: 1091052
integration= 400, 60, 30, 500, 60, 30
scan time= 1, 1
scan settings= AD, AI, AD, AI
external data set1= 8224, 8224, 8224, 8224, 8224, 8224, 8224, 8224, 8224, 8224, 8224, 8224, 8224, 8224, 8224, 8224
external data set2= 8224, 8224, 8224, 8224, 8224, 8224, 8224, 8224, 8224, 8224, 8224, 8224, 8224, 8224, 8224, 8224
external data dark= 0,0,0,0,0,0,0,0
external data mask= 0
optic= LENS4 , LENS4 
temp= 32.34, 8.94, -5.37, 33.87, 8.88, -5.37
battery= 7.5, 7.5
error= 0, 0
units= Radiance, Radiance
time= 3/11/08 9:20:48 AM, 3/11/08 9:22:15 AM
longitude= , 
latitude= , 
gpstime= , 
comm= 
memory slot= 0, 0
factors= 
data= 
346.4 366.28 75.17 20.52
347.9 400.03 74.05 18.51
349.5 432.12 73.63 17.04
351.1 468.00 81.12 17.33
352.6 496.51 92.35 18.60
354.2 520.33 86.39 16.60
355.7 575.84 94.29 16.37
357.3 598.14 99.86 16.70
358.8 616.87 92.27 14.96
360.4 668.33 101.30 15.16
361.9 686.05 103.08 15.03
363.5 715.01 106.65 14.92
365.1 743.78 99.86 13.43
366.6 778.54 107.72 13.84
368.2 824.27 100.73 12.22
369.7 873.39 100.56 11.51
371.3 928.49 100.09 10.78
372.8 977.74 111.55 11.41
374.4 1016.27 117.48 11.56
375.9 1052.58 116.51 11.07
377.4 1084.71 115.79 10.67
379.0 1129.79 117.12 10.37
380.5 1157.14 105.87 9.15
382.1 1186.43 108.74 9.17
383.6 1234.64 113.40 9.18
385.2 1293.88 114.40 8.84
386.7 1345.63 112.63 8.37
388.3 1410.38 125.01 8.86
389.8 1464.46 120.78 8.25
391.3 1527.57 135.91 8.90
392.9 1567.60 129.73 8.28
394.4 1609.87 141.25 8.77
395.9 1662.63 149.46 8.99
397.5 1749.05 155.04 8.86
399.0 1827.74 156.97 8.59
400.6 1876.29 161.88 8.63
402.1 1904.04 155.83 8.18
403.6 1943.17 156.32 8.04
405.1 1994.81 155.38 7.79
406.7 2061.92 163.97 7.95
408.2 2135.06 165.73 7.76
409.7 2198.56 175.62 7.99
411.3 2272.05 179.93 7.92
412.8 2335.64 196.24 8.40
414.3 2399.77 207.55 8.65
415.8 2475.00 208.00 8.40
417.4 2547.71 217.58 8.54
418.9 2612.23 232.76 8.91
420.4 2658.25 231.30 8.70
421.9 2705.56 238.13 8.80
423.5 2743.63 231.63 8.44
425.0 2788.02 240.93 8.64
426.5 2844.45 241.66 8.50
428.0 2917.63 246.30 8.44
429.5 3009.90 253.59 8.43
431.1 3112.45 264.71 8.50
432.6 3227.88 274.53 8.51
434.1 3329.29 281.05 8.44
435.6 3423.98 292.57 8.54
437.1 3517.80 294.84 8.38
438.6 3607.74 309.68 8.58
440.1 3694.39 323.54 8.76
441.6 3790.73 330.01 8.71
443.1 3873.83 334.53 8.64
444.7 3959.99 350.17 8.84
446.2 4024.76 357.85 8.89
447.7 4101.41 377.13 9.20
449.2 4174.20 391.39 9.38
450.7 4238.00 397.70 9.38
452.2 4313.18 402.43 9.33
453.7 4393.64 416.46 9.48
455.2 4491.99 432.95 9.64
456.7 4618.24 448.45 9.71
458.2 4761.06 468.33 9.84
459.7 4899.13 484.40 9.89
461.2 5044.37 504.79 10.01
462.7 5165.05 519.82 10.06
464.2 5287.79 539.48 10.20
465.7 5408.14 554.24 10.25
467.2 5518.98 570.57 10.34
468.7 5631.00 582.40 10.34
470.2 5705.20 603.56 10.58
471.7 5821.13 633.65 10.89
473.2 6011.22 659.02 10.96
474.6 6153.75 666.21 10.83
476.1 6204.18 660.59 10.65
477.6 6220.94 663.20 10.66
479.1 6250.52 664.08 10.62
480.6 6293.37 676.94 10.76
482.1 6374.96 693.72 10.88
483.6 6474.12 708.98 10.95
485.1 6599.29 733.40 11.11
486.6 6739.10 755.87 11.22
488.0 6898.13 783.90 11.36
489.5 7058.36 819.13 11.61
491.0 7224.81 854.63 11.83
492.5 7392.87 894.24 12.10
494.0 7557.79 942.41 12.47
495.4 7702.20 984.72 12.78
496.9 7844.83 1031.39 13.15
498.4 7990.29 1079.82 13.51
499.9 8131.50 1141.11 14.03
501.4 8263.45 1197.07 14.49
502.8 8392.79 1257.06 14.98
504.3 8499.60 1325.52 15.60
505.8 8611.18 1400.60 16.26
507.2 8674.01 1457.31 16.80
508.7 8728.20 1527.06 17.50
510.2 8764.92 1600.13 18.26
511.6 8789.76 1667.09 18.97
513.1 8840.43 1755.56 19.86
514.6 8904.34 1829.13 20.54
516.0 8958.85 1907.28 21.29
517.5 9056.55 2002.65 22.11
519.0 9171.31 2097.07 22.87
520.5 9287.32 2193.01 23.61
521.9 9437.16 2295.56 24.32
523.4 9612.27 2403.98 25.01
524.8 9785.79 2516.35 25.71
526.3 9984.58 2626.36 26.30
527.8 10184.06 2736.84 26.87
529.2 10366.76 2842.52 27.42
530.7 10567.61 2950.12 27.92
532.1 10746.40 3055.01 28.43
533.6 10959.02 3158.12 28.82
535.0 11168.56 3265.42 29.24
536.5 11376.00 3372.27 29.64
538.0 11592.92 3469.50 29.93
539.4 11785.91 3577.29 30.35
540.9 12037.93 3700.17 30.74
542.3 12246.63 3823.36 31.22
543.8 12400.56 3913.14 31.56
545.2 12445.48 3962.85 31.84
546.6 12442.01 3998.41 32.14
548.1 12455.19 4043.95 32.47
549.5 12460.55 4082.05 32.76
551.0 12456.77 4122.88 33.10
552.4 12484.13 4170.61 33.41
553.9 12491.52 4201.49 33.63
555.3 12509.64 4232.36 33.83
556.8 12569.08 4278.69 34.04
558.2 12630.94 4317.30 34.18
559.6 12713.51 4363.92 34.33
561.1 12831.00 4413.50 34.40
562.5 12959.42 4463.92 34.45
564.0 13129.35 4525.49 34.47
565.4 13288.41 4579.12 34.46
566.8 13487.87 4645.32 34.44
568.3 13678.39 4703.66 34.39
569.7 13879.32 4763.96 34.32
571.1 14074.77 4812.31 34.19
572.6 14269.77 4854.82 34.02
574.0 14463.08 4901.16 33.89
575.4 14650.03 4943.70 33.75
576.9 14818.07 4976.43 33.58
578.3 14977.46 5002.14 33.40
579.7 15131.24 5033.73 33.27
581.1 15254.19 5054.65 33.14
582.6 15387.18 5078.09 33.00
584.0 15508.86 5109.20 32.94
585.4 15681.05 5157.02 32.89
586.8 15909.04 5227.27 32.86
588.3 16162.38 5305.25 32.82
589.7 16371.81 5371.70 32.81
591.1 16519.39 5419.86 32.81
592.5 16589.78 5443.58 32.81
594.0 16627.80 5454.10 32.80
595.4 16637.76 5445.64 32.73
596.8 16651.64 5450.87 32.73
598.2 16659.51 5453.08 32.73
599.6 16659.36 5448.24 32.70
601.0 16705.59 5468.57 32.73
602.4 16752.94 5465.22 32.62
603.9 16822.23 5477.91 32.56
605.3 16905.11 5486.31 32.45
606.7 16973.10 5482.80 32.30
608.1 17114.04 5496.54 32.12
609.5 17255.15 5503.98 31.90
610.9 17434.91 5520.62 31.66
612.3 17598.49 5534.44 31.45
613.7 17818.60 5556.32 31.18
615.1 17967.42 5559.19 30.94
616.5 18122.06 5568.07 30.73
617.9 18356.64 5597.85 30.49
619.3 18578.68 5634.19 30.33
620.7 18848.67 5670.59 30.08
622.1 19119.58 5709.69 29.86
623.5 19414.06 5753.04 29.63
624.9 19741.18 5832.96 29.55
626.3 19952.52 5908.17 29.61
627.7 19741.37 5884.00 29.81
629.1 19544.02 5870.09 30.04
630.5 19457.12 5883.68 30.24
631.9 19461.81 5918.23 30.41
633.3 19457.49 5938.94 30.52
634.7 19533.17 5966.43 30.55
636.1 19566.68 5999.14 30.66
637.5 19597.55 6030.29 30.77
638.9 19677.50 6059.08 30.79
640.2 19731.43 6022.58 30.52
641.6 19754.28 5908.03 29.91
643.0 19715.36 5736.93 29.10
644.4 19707.26 5571.73 28.27
645.8 19650.11 5397.33 27.47
647.2 19716.78 5240.35 26.58
648.5 19765.84 5070.23 25.65
649.9 19671.60 4827.65 24.54
651.3 19608.23 4626.72 23.60
652.7 19503.68 4466.58 22.90
654.1 19390.95 4434.89 22.87
655.5 19238.75 4400.12 22.87
656.8 19118.09 4343.72 22.72
658.2 19225.93 4315.89 22.45
659.6 19449.31 4279.83 22.01
660.9 19643.18 4213.40 21.45
662.3 19825.21 4149.06 20.93
663.7 20008.80 4071.48 20.35
665.0 20165.89 3986.74 19.77
666.4 20328.89 3911.94 19.24
667.8 20535.62 3856.00 18.78
669.1 20711.76 3805.34 18.37
670.5 20914.18 3772.91 18.04
671.9 21055.86 3737.28 17.75
673.2 21237.33 3721.90 17.53
674.6 21400.77 3719.55 17.38
676.0 21596.49 3736.30 17.30
677.3 21793.24 3773.51 17.32
678.7 21992.69 3846.25 17.49
680.0 22269.19 3953.29 17.75
681.4 22542.00 4090.84 18.15
682.8 22829.63 4287.92 18.78
684.1 23112.18 4528.37 19.59
685.5 23364.31 4829.03 20.67
686.8 23617.23 5183.71 21.95
688.2 23841.32 5601.60 23.50
689.5 23927.84 6041.74 25.25
690.9 23997.39 6516.94 27.16
692.2 24047.78 7013.52 29.16
693.6 24110.83 7526.21 31.22
694.9 24095.99 8022.92 33.30
696.2 24121.97 8536.68 35.39
697.6 24149.95 9050.75 37.48
698.9 24174.48 9543.07 39.48
700.3 24215.57 10033.86 41.44
701.6 24264.40 10496.51 43.26
703.0 24323.35 10938.74 44.97
704.3 24329.34 11341.72 46.62
705.6 24327.41 11694.56 48.07
707.0 24334.75 12039.74 49.48
708.3 24282.08 12329.09 50.77
709.6 24223.21 12591.77 51.98
711.0 24124.28 12810.79 53.10
712.3 24015.02 13018.88 54.21
713.6 23977.17 13238.23 55.21
714.9 23907.38 13433.16 56.19
716.3 23880.58 13634.95 57.10
717.6 23876.83 13853.22 58.02
718.9 23805.06 14016.89 58.88
720.2 23675.16 14139.78 59.72
721.6 23576.15 14261.10 60.49
722.9 23446.45 14337.66 61.15
724.2 23274.82 14355.79 61.68
725.5 23133.68 14409.61 62.29
726.8 23009.81 14437.82 62.75
728.1 22933.91 14482.10 63.15
729.5 22856.87 14520.67 63.53
730.8 22796.53 14558.03 63.86
732.1 22719.29 14573.30 64.15
733.4 22660.56 14578.72 64.34
734.7 22602.67 14592.92 64.56
736.0 22569.89 14626.59 64.81
737.3 22520.76 14629.91 64.96
738.6 22554.56 14698.75 65.17
739.9 22633.16 14800.13 65.39
741.2 22698.59 14875.22 65.53
742.5 22841.25 15002.43 65.68
743.8 23091.34 15180.17 65.74
745.1 23491.07 15467.23 65.84
746.4 23957.57 15806.52 65.98
747.7 24466.55 16208.67 66.25
749.0 24948.63 16611.53 66.58
750.3 25229.30 16907.20 67.01
751.6 25175.69 16947.01 67.31
752.9 24925.64 16832.67 67.53
754.2 24630.59 16653.88 67.61
755.4 24314.44 16434.99 67.59
756.7 24210.69 16368.61 67.61
758.0 24235.24 16383.36 67.60
759.3 24394.18 16494.56 67.62
760.6 24621.52 16649.25 67.62
761.9 24823.09 16795.84 67.66
763.1 24955.30 16881.26 67.65
764.4 25125.21 17003.99 67.68
765.7 25257.38 17105.40 67.72
767.0 25349.99 17187.53 67.80
768.2 25431.84 17263.68 67.88
769.5 25509.93 17326.73 67.92
770.8 25646.87 17437.57 67.99
772.0 25674.66 17462.67 68.02
773.3 25762.96 17528.12 68.04
774.6 25839.71 17625.06 68.21
775.8 25921.43 17711.27 68.33
777.1 25948.26 17754.63 68.42
778.4 25918.05 17764.20 68.54
779.6 25945.86 17779.32 68.52
780.9 25904.00 17772.80 68.61
782.1 25811.51 17717.00 68.64
783.4 25819.04 17754.88 68.77
784.6 25849.06 17768.85 68.74
785.9 26028.56 17886.38 68.72
787.1 26416.14 18167.18 68.77
788.4 26716.91 18478.13 69.16
789.6 26732.54 18619.89 69.65
790.9 26499.75 18533.95 69.94
792.1 26215.36 18366.37 70.06
793.4 25939.41 18184.66 70.10
794.6 25766.06 18099.59 70.25
795.8 25608.38 18011.61 70.33
797.1 25427.85 17901.06 70.40
798.3 25301.10 17830.56 70.47
799.5 25235.55 17793.32 70.51
800.8 25155.70 17766.42 70.63
802.0 25074.70 17729.25 70.71
803.2 24986.56 17691.28 70.80
804.5 24925.76 17679.36 70.93
805.7 24855.66 17643.18 70.98
806.9 24776.64 17593.20 71.01
808.1 24708.89 17581.84 71.16
809.4 24677.19 17556.50 71.14
810.6 24617.78 17541.16 71.25
811.8 24606.91 17518.16 71.19
813.0 24601.75 17515.87 71.20
814.2 24620.30 17508.39 71.11
815.4 24684.78 17572.23 71.19
816.6 24715.54 17591.29 71.18
817.9 24752.29 17645.71 71.29
819.1 24717.85 17599.22 71.20
820.3 24615.89 17548.03 71.29
821.5 24558.22 17491.54 71.22
822.7 24525.20 17460.84 71.20
823.9 24512.51 17445.77 71.17
825.1 24512.73 17412.85 71.04
826.3 24527.23 17392.32 70.91
827.5 24554.23 17362.36 70.71
828.7 24585.24 17351.71 70.58
829.9 24620.63 17342.58 70.44
831.0 24677.45 17365.42 70.37
832.2 24735.00 17352.87 70.16
833.4 24800.15 17348.24 69.95
834.6 24827.34 17355.00 69.90
835.8 24886.58 17370.99 69.80
837.0 24941.18 17395.65 69.75
838.1 25036.55 17447.06 69.69
839.3 25073.20 17452.13 69.60
840.5 25138.07 17464.03 69.47
841.7 25214.76 17500.48 69.41
842.9 25311.78 17540.71 69.30
844.0 25352.29 17574.43 69.32
845.2 25454.19 17612.63 69.19
846.4 25527.43 17634.69 69.08
847.5 25656.16 17733.46 69.12
848.7 25745.00 17791.75 69.11
849.9 25879.71 17881.26 69.09
851.0 25913.04 17930.97 69.20
852.2 25966.07 17978.64 69.24
853.3 25941.98 17982.01 69.32
854.5 25934.86 18003.22 69.42
855.6 25916.94 17986.28 69.40
856.8 25944.85 18008.85 69.41
857.9 25943.54 18000.11 69.38
859.1 25996.60 18046.96 69.42
860.2 26027.46 18056.26 69.37
861.4 26023.97 18073.51 69.45
862.5 26059.24 18065.50 69.32
863.7 26115.12 18097.04 69.30
864.8 26101.25 18095.98 69.33
865.9 26082.46 18069.81 69.28
867.1 26099.25 18085.62 69.30
868.2 26099.69 18101.53 69.36
869.3 26128.19 18114.42 69.33
870.5 26099.47 18058.63 69.19
871.6 26087.08 18059.56 69.23
872.7 26136.21 18100.47 69.25
873.9 26148.82 18110.51 69.26
875.0 26142.73 18073.43 69.13
876.1 26142.29 18066.98 69.11
877.2 26184.05 18061.75 68.98
878.3 26169.01 18061.43 69.02
879.4 26191.11 18040.33 68.88
880.5 26214.48 18033.84 68.79
881.7 26220.35 18032.30 68.77
882.8 26271.44 18057.04 68.73
883.9 26272.50 18100.00 68.89
885.0 26275.91 18078.61 68.80
886.1 26278.81 18088.27 68.83
887.2 26194.66 18074.94 69.00
888.3 26154.69 18035.36 68.96
889.4 26083.75 17991.40 68.98
890.5 26060.47 17937.96 68.83
891.6 26043.45 17893.42 68.71
892.7 26025.13 17892.34 68.75
893.8 26046.70 17904.72 68.74
894.9 26070.72 17876.54 68.57
896.0 26059.51 17841.06 68.46
897.0 26054.12 17848.27 68.50
898.1 26079.30 17832.00 68.38
899.2 26095.96 17831.93 68.33
900.3 26052.56 17762.12 68.18
901.4 26029.33 17719.93 68.08
902.4 26018.83 17712.69 68.08
903.5 26017.27 17668.74 67.91
904.6 26012.16 17651.42 67.86
905.7 26050.43 17654.80 67.77
906.7 26024.14 17647.47 67.81
907.8 26076.86 17634.45 67.62
908.9 26057.48 17569.24 67.42
909.9 26017.06 17529.55 67.38
911.0 26009.49 17457.35 67.12
912.1 25979.15 17427.62 67.08
913.1 25944.88 17361.14 66.92
914.2 25856.17 17281.79 66.84
915.2 25844.13 17242.74 66.72
916.3 25883.78 17185.50 66.39
917.3 25847.25 17170.21 66.43
918.4 25819.06 17081.79 66.16
919.4 25792.96 17023.15 66.00
920.5 25804.34 16982.52 65.81
921.5 25824.68 16913.29 65.49
922.6 25820.42 16852.00 65.27
923.6 25802.74 16759.81 64.95
924.7 25837.63 16718.40 64.71
925.7 25830.51 16659.24 64.49
926.7 25889.20 16569.09 64.00
927.8 25949.67 16570.55 63.86
928.8 26061.51 16552.25 63.51
929.9 26114.55 16527.91 63.29
930.9 26214.58 16486.87 62.89
931.9 26363.30 16532.99 62.71
932.9 26568.63 16541.42 62.26
934.0 26604.58 16474.81 61.92
935.0 26610.78 16339.97 61.40
936.0 26639.41 16260.82 61.04
937.0 26632.91 16148.65 60.63
938.1 26589.57 16077.97 60.47
939.1 26594.73 15940.01 59.94
940.1 26647.30 15874.26 59.57
941.1 26757.94 15850.54 59.24
942.1 26950.86 15856.83 58.84
943.1 27064.46 15777.03 58.29
944.1 27200.04 15747.87 57.90
945.2 27250.86 15681.29 57.54
946.2 27341.46 15588.26 57.01
947.2 27385.31 15498.95 56.60
948.2 27528.14 15533.78 56.43
949.2 27562.84 15431.33 55.99
950.2 27601.23 15275.16 55.34
951.2 27696.06 15216.77 54.94
952.2 27776.58 15137.66 54.50
953.2 27874.44 15053.68 54.01
954.2 27994.28 15008.67 53.61
955.2 28013.52 14901.63 53.19
956.2 27975.49 14797.11 52.89
957.2 28074.45 14726.12 52.45
958.2 28163.05 14670.23 52.09
959.2 28188.45 14612.04 51.84
960.1 28244.69 14575.93 51.61
961.1 28322.00 14559.63 51.41
962.1 28304.06 14584.88 51.53
963.1 28357.97 14506.44 51.15
964.1 28464.51 14523.62 51.02
965.1 28543.56 14517.32 50.86
966.1 28584.14 14549.78 50.90
967.0 28655.80 14484.68 50.55
968.0 28697.14 14526.31 50.62
969.0 28718.80 14457.84 50.34
970.0 28760.47 14559.02 50.62
971.0 28834.42 14545.94 50.45
971.9 28848.78 14529.49 50.36
972.9 28890.31 14486.96 50.14
973.9 28948.56 14593.67 50.41
974.9 29046.70 14565.10 50.14
975.8 29063.68 14599.96 50.23
976.8 29052.58 14650.78 50.43
977.8 29165.54 14539.76 49.85
978.8 29197.88 14587.02 49.96
979.7 29189.32 14638.66 50.15
980.7 29306.81 14617.61 49.88
981.7 29477.75 14660.61 49.73
982.6 29574.16 14691.06 49.68
983.6 29987.80 15007.30 50.04
984.6 30188.75 15118.53 50.08
985.5 30563.82 15099.70 49.40
986.5 30946.12 15524.44 50.17
987.5 31666.80 15837.98 50.01
988.4 32276.75 16218.40 50.25
989.4 33081.94 16628.36 50.26
990.4 33865.04 17049.30 50.34
991.3 34680.98 17792.11 51.30
992.3 35996.38 18154.70 50.43
993.2 37249.57 18938.94 50.84
994.2 37192.84 20038.59 53.88
995.2 38468.72 20255.53 52.65
996.1 38815.33 20049.49 51.65
997.1 39248.66 20976.05 53.44
998.0 39056.40 21241.20 54.39
999.0 38843.24 20812.75 53.58
1000.0 39939.10 22200.89 55.59
1000.9 41119.71 20933.67 50.91
1001.9 38921.76 21731.32 55.83
1002.8 38260.04 21074.38 55.08
1003.8 38840.71 21995.19 56.63
1004.8 39018.78 22270.37 57.08
961.5 34611.80 14212.11 41.06
965.5 33947.81 14159.14 41.71
969.5 32673.62 13920.12 42.60
973.4 31329.21 13613.56 43.45
977.4 30182.73 13467.05 44.62
981.4 29653.05 13563.88 45.74
985.3 29580.67 13688.93 46.28
989.3 29694.74 13818.15 46.53
993.3 29811.28 13966.89 46.85
997.2 29873.76 14080.21 47.13
1001.2 29847.48 14193.40 47.55
1005.2 29766.32 14361.53 48.25
1009.1 29802.16 14582.83 48.93
1013.1 29912.80 14824.20 49.56
1017.1 29980.27 15088.41 50.33
1021.0 29997.45 15301.50 51.01
1025.0 29986.05 15507.18 51.71
1029.0 29874.56 15676.43 52.47
1032.9 29757.39 15840.76 53.23
1036.9 29719.10 16029.57 53.94
1040.9 29786.91 16252.98 54.56
1044.8 29914.06 16505.17 55.18
1048.8 30017.23 16720.45 55.70
1052.7 30081.05 16904.62 56.20
1056.7 30106.96 17019.04 56.53
1060.7 30124.55 17104.94 56.78
1064.6 30126.20 17189.22 57.06
1068.6 30068.46 17198.23 57.20
1072.5 30024.99 17173.13 57.20
1076.5 29992.38 17142.90 57.16
1080.4 29983.51 17100.68 57.03
1084.4 30049.89 17043.47 56.72
1088.3 30134.74 16987.87 56.37
1092.3 30115.74 16882.88 56.06
1096.2 30104.84 16731.38 55.58
1100.2 30142.18 16593.51 55.05
1104.1 30082.71 16400.56 54.52
1108.1 30052.27 16228.63 54.00
1112.0 29977.43 16044.03 53.52
1116.0 29868.35 15780.70 52.83
1119.9 29779.89 15526.13 52.14
1123.9 29822.35 15274.39 51.22
1127.8 29798.40 14872.32 49.91
1131.8 29786.58 14367.51 48.23
1135.7 29821.64 13786.91 46.23
1139.6 29831.38 13135.82 44.03
1143.6 29819.95 12505.99 41.94
1147.5 29803.64 11979.16 40.19
1151.4 29713.98 11544.92 38.85
1155.4 29731.43 11266.30 37.89
1159.3 29760.66 11097.07 37.29
1163.2 29674.15 10940.89 36.87
1167.2 29672.28 10846.56 36.55
1171.1 29681.80 10784.46 36.33
1175.0 29651.52 10722.28 36.16
1179.0 29638.87 10683.74 36.05
1182.9 29697.98 10651.44 35.87
1186.8 29706.14 10611.83 35.72
1190.7 29571.10 10543.95 35.66
1194.7 29411.94 10465.77 35.58
1198.6 29289.65 10412.33 35.55
1202.5 29196.66 10393.09 35.60
1206.4 29112.98 10386.20 35.68
1210.3 29056.59 10389.54 35.76
1214.2 29008.58 10413.86 35.90
1218.2 28915.95 10417.98 36.03
1222.1 28833.10 10450.53 36.24
1226.0 28785.60 10494.18 36.46
1229.9 28734.48 10535.34 36.66
1233.8 28673.70 10573.39 36.87
1237.7 28644.25 10615.84 37.06
1241.6 28596.57 10653.21 37.25
1245.5 28494.07 10667.15 37.44
1249.4 28422.55 10674.18 37.56
1253.3 28356.92 10664.65 37.61
1257.2 28323.43 10674.26 37.69
1261.1 28264.79 10669.64 37.75
1265.0 28184.91 10637.78 37.74
1268.9 28067.43 10592.35 37.74
1272.8 28106.70 10582.05 37.65
1276.7 28238.01 10587.12 37.49
1280.6 28297.17 10558.73 37.31
1284.5 28250.81 10471.99 37.07
1288.4 28234.52 10399.12 36.83
1292.3 28165.50 10276.75 36.49
1296.2 28076.33 10120.51 36.05
1300.1 27971.71 9959.48 35.61
1303.9 27830.79 9765.89 35.09
1307.8 27679.51 9537.45 34.46
1311.7 27513.83 9304.28 33.82
1315.6 27356.90 9054.77 33.10
1319.5 27190.78 8780.25 32.29
1323.3 27036.43 8511.70 31.48
1327.2 26898.46 8240.90 30.64
1331.1 26745.75 7982.62 29.85
1335.0 26551.82 7711.84 29.04
1338.8 26417.20 7466.42 28.26
1342.7 26306.22 7253.27 27.57
1346.5 26068.84 7024.57 26.95
1350.4 25867.11 6816.62 26.35
1354.3 25587.95 6597.77 25.78
1358.1 25293.52 6377.97 25.22
1362.0 25095.25 6178.90 24.62
1365.8 25024.00 5988.35 23.93
1369.7 25106.98 5809.03 23.14
1373.5 25078.13 5559.73 22.17
1377.4 24917.97 5246.96 21.06
1381.2 24782.40 4908.92 19.81
1385.1 24754.66 4548.41 18.37
1389.0 24692.16 4175.26 16.91
1392.8 24567.88 3816.79 15.54
1396.6 24460.52 3511.20 14.35
1400.5 24320.99 3222.93 13.25
1404.3 24225.89 2988.97 12.34
1408.2 24204.64 2821.92 11.66
1412.0 24174.50 2684.18 11.10
1415.8 24201.79 2580.35 10.66
1419.6 24176.54 2494.82 10.32
1423.5 24162.30 2432.72 10.07
1427.3 24156.22 2382.42 9.86
1431.1 24149.78 2355.23 9.75
1434.9 24082.82 2330.60 9.68
1438.8 24045.91 2305.74 9.59
1442.6 24021.66 2284.92 9.51
1446.4 23948.95 2268.12 9.47
1450.2 23899.20 2261.23 9.46
1454.0 23823.72 2245.80 9.43
1457.8 23805.13 2252.54 9.46
1461.6 23794.65 2270.17 9.54
1465.4 23719.51 2279.28 9.61
1469.2 23598.58 2293.20 9.72
1473.0 23505.47 2313.43 9.84
1476.8 23479.35 2348.62 10.00
1480.7 23444.07 2392.95 10.21
1484.4 23358.60 2441.88 10.45
1488.2 23294.76 2494.32 10.71
1492.0 23212.99 2551.43 10.99
1495.8 23134.48 2611.70 11.29
1499.6 23068.04 2652.76 11.50
1503.4 22989.82 2688.40 11.69
1507.2 22924.40 2722.48 11.88
1510.9 22832.54 2753.03 12.06
1514.7 22729.47 2783.58 12.25
1518.5 22650.58 2820.13 12.45
1522.3 22564.73 2859.38 12.67
1526.0 22502.83 2909.58 12.93
1529.8 22457.39 2957.30 13.17
1533.6 22379.96 2994.67 13.38
1537.3 22300.49 3032.46 13.60
1541.1 22218.14 3078.24 13.85
1544.8 22130.40 3124.80 14.12
1548.6 22049.49 3158.86 14.33
1552.4 21992.28 3200.11 14.55
1556.1 21940.64 3243.86 14.78
1559.9 21881.16 3277.39 14.98
1563.6 21806.79 3313.54 15.20
1567.3 21732.27 3362.73 15.47
1571.1 21585.13 3393.35 15.72
1574.8 21494.94 3437.28 15.99
1578.6 21441.85 3474.54 16.20
1582.3 21360.05 3492.72 16.35
1586.0 21278.88 3522.12 16.55
1589.8 21182.42 3534.41 16.69
1593.5 21087.16 3542.95 16.80
1597.2 21011.15 3572.69 17.00
1600.9 20910.91 3597.29 17.20
1604.7 20817.19 3616.52 17.37
1608.4 20751.75 3640.28 17.54
1612.1 20653.79 3652.56 17.68
1615.8 20554.46 3659.53 17.80
1619.5 20509.10 3682.48 17.96
1623.2 20415.20 3693.42 18.09
1626.9 20293.94 3693.55 18.20
1630.6 20187.64 3688.08 18.27
1634.3 20108.09 3704.38 18.42
1638.0 20016.12 3725.00 18.61
1641.7 19907.78 3723.10 18.70
1645.4 19793.59 3725.06 18.82
1649.1 19676.58 3726.27 18.94
1652.8 19573.89 3717.76 18.99
1656.4 19468.81 3711.49 19.06
1660.1 19373.12 3696.53 19.08
1663.8 19253.37 3676.95 19.10
1667.5 19154.03 3664.45 19.13
1671.1 19073.44 3646.50 19.12
1674.8 18955.63 3616.15 19.08
1678.5 18920.35 3601.32 19.03
1682.1 18926.99 3586.41 18.95
1685.8 18934.59 3564.80 18.83
1689.5 18875.64 3530.32 18.70
1693.1 18777.51 3491.01 18.59
1696.8 18693.63 3458.00 18.50
1700.4 18605.80 3411.02 18.33
1704.0 18533.22 3363.15 18.15
1707.7 18380.44 3302.60 17.97
1711.3 18186.09 3237.80 17.80
1715.0 18064.01 3180.03 17.60
1718.6 17962.81 3124.38 17.39
1722.2 17869.77 3072.61 17.19
1725.9 17778.98 3028.32 17.03
1729.5 17683.82 2990.58 16.91
1733.1 17615.86 2962.77 16.82
1736.7 17543.89 2945.97 16.79
1740.3 17426.02 2909.93 16.70
1744.0 17375.79 2872.80 16.53
1747.5 17289.32 2833.34 16.39
1751.2 17148.24 2780.80 16.22
1754.8 17043.21 2735.60 16.05
1758.4 16959.78 2698.69 15.91
1762.0 16844.84 2658.96 15.78
1765.5 16763.61 2627.90 15.68
1769.1 16735.20 2613.60 15.62
1772.7 16687.95 2588.05 15.51
1776.3 16608.65 2557.80 15.40
1779.9 16528.93 2542.72 15.38
1783.5 16504.40 2524.64 15.30
1787.0 16420.93 2491.50 15.17
1790.6 16313.97 2470.82 15.15
1794.2 16250.54 2465.58 15.17
1797.8 16183.76 2453.10 15.16
1801.3 16118.56 2440.24 15.14
1804.9 16020.38 2428.13 15.16
1808.4 15971.30 2420.78 15.16
1812.0 15882.75 2408.21 15.16
1815.5 15784.84 2399.14 15.20
1819.1 15650.89 2384.44 15.24
1822.6 15532.45 2360.75 15.20
1826.2 15446.30 2339.99 15.15
1829.7 15337.22 2308.54 15.05
1833.2 15178.78 2278.21 15.01
1836.8 15030.02 2254.98 15.00
1840.3 14950.04 2207.52 14.77
1843.8 14886.20 2160.90 14.52
1847.3 14837.06 2112.77 14.24
1850.8 14793.41 2056.32 13.90
1854.3 14722.56 1994.82 13.55
1857.8 14658.80 1934.40 13.20
1861.3 14629.20 1889.56 12.92
1864.8 14572.84 1827.46 12.54
1868.3 14425.58 1740.77 12.07
1871.8 14284.80 1620.48 11.34
1875.3 14255.61 1500.59 10.53
1878.8 14246.03 1423.06 9.99
1882.3 14193.40 1315.94 9.27
1885.8 14118.50 1220.71 8.65
1889.3 13979.52 1134.38 8.11
1892.7 13865.36 1071.33 7.73
1896.2 13804.86 1012.94 7.34
1899.7 13707.11 961.14 7.01
1903.1 13634.54 957.26 7.02
1906.6 13688.09 1027.01 7.50
1910.0 13884.77 1125.79 8.11
1913.5 14226.75 1252.85 8.81
1917.0 14474.60 1550.85 10.71
1920.4 14745.78 1756.55 11.91
1923.8 15062.87 1788.04 11.87
1871.2 12888.95 950.07 7.37
1873.9 13047.08 1063.10 8.15
1876.7 13250.10 998.50 7.54
1879.5 13307.88 841.79 6.33
1882.3 13009.24 839.02 6.45
1885.1 13033.44 758.56 5.82
1887.8 13145.19 643.24 4.89
1890.6 12997.04 647.12 4.98
1893.4 12958.00 594.00 4.58
1896.2 12845.61 529.50 4.12
1898.9 12795.28 545.98 4.27
1901.7 12697.20 523.17 4.12
1904.5 12812.38 491.97 3.84
1907.2 12777.50 503.50 3.94
1910.0 12693.31 505.83 3.99
1912.7 12674.55 496.41 3.92
1915.5 12622.22 519.34 4.11
1918.2 12592.16 490.23 3.89
1921.0 12470.84 457.30 3.67
1923.7 12502.92 473.57 3.79
1926.5 12525.14 452.68 3.61
1929.2 12499.59 452.14 3.62
1932.0 12466.20 455.04 3.65
1934.7 12450.39 450.24 3.62
1937.4 12388.06 462.15 3.73
1940.2 12333.29 470.22 3.81
1942.9 12377.93 478.07 3.86
1945.6 12406.16 465.08 3.75
1948.3 12364.25 469.30 3.80
1951.1 12353.04 472.57 3.83
1953.8 12345.00 459.00 3.72
1956.5 12249.55 500.17 4.08
1959.2 12291.89 508.30 4.14
1961.9 12307.40 479.78 3.90
1964.6 12224.28 505.75 4.14
1967.3 12284.97 516.20 4.20
1970.0 12156.72 518.00 4.26
1972.8 12093.19 526.56 4.35
1975.5 12180.79 520.95 4.28
1978.2 12109.24 534.36 4.41
1980.9 12027.29 550.94 4.58
1983.5 11996.88 538.04 4.48
1986.2 11983.38 523.80 4.37
1988.9 11983.38 544.17 4.54
1991.6 11899.51 561.95 4.72
1994.3 11798.84 560.34 4.75
1997.0 11807.25 579.55 4.91
1999.7 11770.96 580.08 4.93
2002.3 11768.44 552.32 4.69
2005.0 11742.55 575.33 4.90
2007.7 11687.40 607.73 5.20
2010.4 11651.26 593.84 5.10
2013.0 11630.36 588.92 5.06
2015.7 11528.64 599.59 5.20
2018.4 11457.30 595.70 5.20
2021.0 11452.33 597.83 5.22
2023.7 11380.16 610.56 5.37
2026.4 11323.00 628.12 5.55
2029.0 11263.54 627.00 5.57
2031.7 11193.43 625.30 5.59
2034.3 11193.43 639.38 5.71
2037.0 11130.51 647.45 5.82
2039.6 11076.09 652.69 5.89
2042.3 11047.98 634.68 5.74
2044.9 11026.46 625.52 5.67
2047.5 11001.21 642.35 5.84
2050.2 10900.40 641.20 5.88
2052.8 10894.80 632.80 5.81
2055.4 10822.84 647.19 5.98
2058.1 10738.00 646.80 6.02
2060.7 10718.83 659.62 6.15
2063.3 10653.43 666.01 6.25
2065.9 10619.50 647.67 6.10
2068.6 10577.63 642.08 6.07
2071.2 10537.83 652.86 6.20
2073.8 10490.95 660.41 6.30
2076.4 10463.25 679.21 6.49
2079.0 10439.15 680.02 6.51
2081.6 10423.40 661.13 6.34
2084.2 10414.77 660.27 6.34
2086.8 10346.04 670.32 6.48
2089.4 10282.92 672.29 6.54
2092.1 10234.00 682.83 6.67
2094.7 10195.43 689.30 6.76
2097.2 10197.17 677.17 6.64
2099.8 10202.45 686.05 6.72
2102.4 10082.46 690.93 6.85
2105.0 9986.40 695.40 6.96
2107.6 9963.47 709.24 7.12
2110.2 9945.83 687.68 6.91
2112.8 9950.08 687.20 6.91
2115.3 9950.34 718.78 7.22
2117.9 9955.62 708.01 7.11
2120.5 9928.49 717.09 7.22
2123.1 9866.03 716.63 7.26
2125.6 9842.13 711.59 7.23
2128.2 9772.14 711.18 7.28
2130.8 9719.78 710.78 7.31
2133.3 9694.67 718.67 7.41
2135.9 9628.08 703.06 7.30
2138.4 9561.93 710.15 7.43
2141.0 9493.76 722.83 7.61
2143.6 9481.01 706.53 7.45
2146.1 9385.04 702.26 7.48
2148.7 9294.55 716.55 7.71
2151.2 9319.20 709.87 7.62
2153.8 9286.22 715.23 7.70
2156.3 9196.68 705.85 7.68
2158.8 9176.01 702.89 7.66
2161.4 9166.37 704.65 7.69
2163.9 9107.40 713.50 7.83
2166.4 9056.27 718.47 7.93
2169.0 9041.49 709.60 7.85
2171.5 8982.35 703.69 7.83
2174.0 8919.05 690.20 7.74
2176.5 8910.20 711.62 7.99
2179.1 8872.37 710.75 8.01
2181.6 8820.83 705.67 8.00
2184.1 8802.64 714.56 8.12
2186.6 8815.58 702.99 7.97
2189.1 8766.51 709.41 8.09
2191.6 8725.27 705.60 8.09
2194.1 8759.24 697.55 7.96
2196.6 8743.02 696.32 7.96
2199.2 8762.69 739.53 8.44
2201.7 8728.52 734.24 8.41
2204.1 8693.38 681.69 7.84
2206.6 8724.47 693.78 7.95
2209.1 8690.36 692.66 7.97
2211.6 8648.75 711.85 8.23
2214.1 8641.19 718.52 8.32
2216.6 8629.81 717.89 8.32
2219.1 8603.23 698.89 8.12
2221.6 8565.00 711.85 8.31
2224.0 8580.12 720.09 8.39
2226.5 8553.64 677.29 7.92
2229.0 8526.93 692.81 8.13
2231.5 8456.64 689.40 8.15
2233.9 8447.09 642.67 7.61
2236.4 8434.10 652.34 7.73
2238.9 8377.75 682.00 8.14
2241.3 8418.52 652.96 7.76
2243.8 8391.31 668.51 7.97
2246.2 8272.81 659.03 7.97
2248.7 8260.98 597.78 7.24
2251.2 8270.85 626.46 7.57
2253.6 8217.60 625.92 7.62
2256.1 8198.40 595.20 7.26
2258.5 8205.80 591.62 7.21
2260.9 8176.22 590.59 7.22
2263.4 8125.75 564.24 6.94
2265.8 8124.16 569.31 7.01
2268.3 8073.80 569.55 7.05
2270.7 8110.40 548.88 6.77
2273.1 8107.19 563.75 6.95
2275.6 8037.12 560.64 6.98
2278.0 8047.94 515.01 6.40
2280.4 8050.71 507.98 6.31
2282.8 7936.92 573.01 7.22
2285.3 7936.09 540.48 6.81
2287.7 8013.06 511.56 6.38
2290.1 7946.20 533.70 6.72
2292.5 7908.89 511.92 6.47
2294.9 7966.56 493.96 6.20
2297.3 7878.36 482.51 6.12
2299.7 7782.17 473.80 6.09
2302.1 7817.38 491.04 6.28
2304.5 7722.40 446.88 5.79
2306.9 7647.92 415.52 5.43
2309.3 7632.91 454.53 5.95
2311.7 7536.00 431.75 5.73
2314.1 7439.51 409.59 5.51
2316.5 7426.90 437.34 5.89
2318.9 7433.98 445.41 5.99
2321.3 7420.20 435.78 5.87
2323.7 7439.58 447.25 6.01
2326.1 7403.11 439.27 5.93
2328.4 7412.50 414.97 5.60
2330.8 7505.15 404.91 5.40
2333.2 7417.12 440.66 5.94
2335.6 7356.75 469.14 6.38
2337.9 7411.84 442.37 5.97
2340.3 7376.47 407.24 5.52
2342.7 7282.70 414.70 5.69
2345.0 7270.29 454.39 6.25
2347.4 7284.50 416.50 5.72
2349.7 7133.68 375.91 5.27
2352.1 7080.04 394.53 5.57
2354.4 7143.83 361.06 5.05
2356.8 7126.82 345.33 4.85
2359.2 7067.67 403.00 5.70
2361.5 7038.06 423.24 6.01
2363.8 7031.06 351.33 5.00
2366.2 7039.27 335.41 4.76
2368.5 7035.45 364.90 5.19
2370.9 7023.13 348.92 4.97
2373.2 6987.82 391.21 5.60
2375.5 6900.63 384.63 5.57
2377.9 6892.20 337.32 4.89
2380.2 6890.83 371.12 5.39
2382.5 6864.93 358.41 5.22
2384.8 6830.08 352.64 5.16
2387.2 6784.02 407.89 6.01
2389.5 6780.31 344.68 5.08
2391.8 6787.76 304.21 4.48
2394.1 6727.26 350.28 5.21
2396.4 6676.90 338.68 5.07
2398.7 6732.64 316.66 4.70
2401.0 6690.59 306.59 4.58
2403.3 6603.48 308.76 4.68
2405.6 6572.81 324.89 4.94
2407.9 6583.14 315.63 4.79
2410.2 6542.40 315.84 4.83
2412.5 6479.13 315.06 4.86
2414.8 6475.24 313.24 4.84
2417.1 6452.08 309.70 4.80
2419.4 6434.35 317.81 4.94
2421.7 6386.85 320.66 5.02
2424.0 6345.28 290.58 4.58
2426.2 6355.80 262.15 4.12
2428.5 6327.75 281.23 4.44
2430.8 6349.25 316.10 4.98
2433.1 6300.57 298.71 4.74
2435.4 6204.86 302.13 4.87
2437.6 6227.24 290.94 4.67
2439.9 6165.27 263.91 4.28
2442.2 6149.09 284.42 4.63
2444.4 6162.60 292.91 4.75
2446.7 6079.44 262.80 4.32
2448.9 6081.55 278.32 4.58
2451.2 6103.04 262.24 4.30
2453.4 6038.72 222.99 3.69
2455.7 6026.93 249.35 4.14
2457.9 5958.48 262.52 4.41
2460.2 5949.23 265.10 4.46
2462.4 5977.92 249.60 4.18
2464.7 5891.98 201.87 3.43
2466.9 5829.36 211.86 3.63
2469.2 5872.39 291.68 4.97
2471.4 5796.90 275.73 4.76
2473.6 5737.62 214.24 3.73
2475.9 5730.24 264.16 4.61
2478.1 5663.45 225.45 3.98
2480.3 5645.91 194.93 3.45
2482.5 5682.93 221.60 3.90
2484.8 5614.17 218.45 3.89
2487.0 5547.59 229.61 4.14
2489.2 5555.75 218.61 3.93
2491.4 5471.72 192.13 3.51
2493.6 5479.00 172.44 3.15
2495.8 5550.75 205.88 3.71
2498.0 5512.53 251.31 4.56
2500.2 5509.95 193.78 3.52
2502.4 5736.48 186.48 3.25
2504.6 5803.02 234.75 4.05
2506.8 5806.03 233.80 4.03
