/*** Spectra Vista SIG Data ***/
name= \My Documents\HR1024_Data\GD5T1.
instrument= HR: 1091052
integration= 400, 60, 30, 500, 60, 30
scan time= 1, 1
scan settings= AD, AI, AD, AI
external data set1= 8224, 8224, 8224, 8224, 8224, 8224, 8224, 8224, 8224, 8224, 8224, 8224, 8224, 8224, 8224, 8224
external data set2= 8224, 8224, 8224, 8224, 8224, 8224, 8224, 8224, 8224, 8224, 8224, 8224, 8224, 8224, 8224, 8224
external data dark= 0,0,0,0,0,0,0,0
external data mask= 0
optic= LENS4 , LENS4 
temp= 32.34, 8.94, -5.37, 33.55, 8.88, -5.37
battery= 7.5, 7.5
error= 0, 0
units= Radiance, Radiance
time= 3/11/08 9:20:48 AM, 3/11/08 9:21:50 AM
longitude= , 
latitude= , 
gpstime= , 
comm= 
memory slot= 0, 0
factors= 
data= 
346.4 366.28 76.44 20.87
347.9 400.03 82.83 20.71
349.5 432.12 78.62 18.19
351.1 468.00 86.11 18.40
352.6 496.51 74.64 15.03
354.2 520.33 77.23 14.84
355.7 575.84 88.90 15.44
357.3 598.14 88.77 14.84
358.8 616.87 93.67 15.18
360.4 668.33 97.08 14.53
361.9 686.05 100.30 14.62
363.5 715.01 103.88 14.53
365.1 743.78 101.25 13.61
366.6 778.54 109.10 14.01
368.2 824.27 102.07 12.38
369.7 873.39 101.87 11.66
371.3 928.49 98.78 10.64
372.8 977.74 110.22 11.27
374.4 1016.27 109.47 10.77
375.9 1052.58 109.89 10.44
377.4 1084.71 114.49 10.55
379.0 1129.79 103.11 9.13
380.5 1157.14 110.79 9.57
382.1 1186.43 107.56 9.07
383.6 1234.64 112.27 9.09
385.2 1293.88 105.60 8.16
386.7 1345.63 119.13 8.85
388.3 1410.38 117.40 8.32
389.8 1464.46 124.07 8.47
391.3 1527.57 137.02 8.97
392.9 1567.60 139.97 8.93
394.4 1609.87 143.63 8.92
395.9 1662.63 145.70 8.76
397.5 1749.05 160.21 9.16
399.0 1827.74 152.03 8.32
400.6 1876.29 156.22 8.33
402.1 1904.04 150.67 7.91
403.6 1943.17 153.44 7.90
405.1 1994.81 150.81 7.56
406.7 2061.92 163.97 7.95
408.2 2135.06 168.40 7.89
409.7 2198.56 175.62 7.99
411.3 2272.05 181.76 8.00
412.8 2335.64 191.50 8.20
414.3 2399.77 194.82 8.12
415.8 2475.00 211.00 8.53
417.4 2547.71 214.54 8.42
418.9 2612.23 223.65 8.56
420.4 2658.25 231.30 8.70
421.9 2705.56 232.32 8.59
423.5 2743.63 237.24 8.65
425.0 2788.02 236.44 8.48
426.5 2844.45 242.52 8.53
428.0 2917.63 251.23 8.61
429.5 3009.90 248.85 8.27
431.1 3112.45 260.84 8.38
432.6 3227.88 276.07 8.55
434.1 3329.29 281.82 8.46
435.6 3423.98 289.48 8.45
437.1 3517.80 301.08 8.56
438.6 3607.74 311.26 8.63
440.1 3694.39 315.61 8.54
441.6 3790.73 324.41 8.56
443.1 3873.83 342.63 8.84
444.7 3959.99 348.53 8.80
446.2 4024.76 362.90 9.02
447.7 4101.41 378.86 9.24
449.2 4174.20 392.26 9.40
450.7 4238.00 398.53 9.40
452.2 4313.18 409.51 9.49
453.7 4393.64 420.93 9.58
455.2 4491.99 427.21 9.51
456.7 4618.24 451.97 9.79
458.2 4761.06 469.03 9.85
459.7 4899.13 487.90 9.96
461.2 5044.37 502.67 9.97
462.7 5165.05 529.12 10.24
464.2 5287.79 540.95 10.23
465.7 5408.14 559.50 10.35
467.2 5518.98 573.65 10.39
468.7 5631.00 592.00 10.51
470.2 5705.20 605.28 10.61
471.7 5821.13 623.20 10.71
473.2 6011.22 652.06 10.85
474.6 6153.75 669.02 10.87
476.1 6204.18 664.83 10.72
477.6 6220.94 666.33 10.71
479.1 6250.52 664.83 10.64
480.6 6293.37 680.56 10.81
482.1 6374.96 693.02 10.87
483.6 6474.12 708.30 10.94
485.1 6599.29 734.07 11.12
486.6 6739.10 753.90 11.19
488.0 6898.13 787.15 11.41
489.5 7058.36 820.42 11.62
491.0 7224.81 851.40 11.78
492.5 7392.87 896.83 12.13
494.0 7557.79 939.80 12.43
495.4 7702.20 984.06 12.78
496.9 7844.83 1033.40 13.17
498.4 7990.29 1085.91 13.59
499.9 8131.50 1139.05 14.01
501.4 8263.45 1198.47 14.50
502.8 8392.79 1260.60 15.02
504.3 8499.60 1326.24 15.60
505.8 8611.18 1396.94 16.22
507.2 8674.01 1463.22 16.87
508.7 8728.20 1530.05 17.53
510.2 8764.92 1604.64 18.31
511.6 8789.76 1670.11 19.00
513.1 8840.43 1754.81 19.85
514.6 8904.34 1834.27 20.60
516.0 8958.85 1913.69 21.36
517.5 9056.55 2004.03 22.13
519.0 9171.31 2100.43 22.90
520.5 9287.32 2196.94 23.66
521.9 9437.16 2301.36 24.39
523.4 9612.27 2409.09 25.06
524.8 9785.79 2515.71 25.71
526.3 9984.58 2627.63 26.32
527.8 10184.06 2738.75 26.89
529.2 10366.76 2844.45 27.44
530.7 10567.61 2955.36 27.97
532.1 10746.40 3055.01 28.43
533.6 10959.02 3159.48 28.83
535.0 11168.56 3268.88 29.27
536.5 11376.00 3372.98 29.65
538.0 11592.92 3481.28 30.03
539.4 11785.91 3578.06 30.36
540.9 12037.93 3700.17 30.74
542.3 12246.63 3820.10 31.19
543.8 12400.56 3914.76 31.57
545.2 12445.48 3962.85 31.84
546.6 12442.01 4003.03 32.17
548.1 12455.19 4043.19 32.46
549.5 12460.55 4090.29 32.83
551.0 12456.77 4127.32 33.13
552.4 12484.13 4171.34 33.41
553.9 12491.52 4198.62 33.61
555.3 12509.64 4233.76 33.84
556.8 12569.08 4278.00 34.04
558.2 12630.94 4318.65 34.19
559.6 12713.51 4357.31 34.27
561.1 12831.00 4415.45 34.41
562.5 12959.42 4467.13 34.47
564.0 13129.35 4528.03 34.49
565.4 13288.41 4587.30 34.52
566.8 13487.87 4648.46 34.46
568.3 13678.39 4703.03 34.38
569.7 13879.32 4764.59 34.33
571.1 14074.77 4808.48 34.16
572.6 14269.77 4860.65 34.06
574.0 14463.08 4899.84 33.88
575.4 14650.03 4938.30 33.71
576.9 14818.07 4973.66 33.56
578.3 14977.46 5002.86 33.40
579.7 15131.24 5030.76 33.25
581.1 15254.19 5050.01 33.11
582.6 15387.18 5073.24 32.97
584.0 15508.86 5104.96 32.92
585.4 15681.05 5148.15 32.83
586.8 15909.04 5221.76 32.82
588.3 16162.38 5305.25 32.82
589.7 16371.81 5372.64 32.82
591.1 16519.39 5412.47 32.76
592.5 16589.78 5436.34 32.77
594.0 16627.80 5442.55 32.73
595.4 16637.76 5440.41 32.70
596.8 16651.64 5455.16 32.76
598.2 16659.51 5448.86 32.71
599.6 16659.36 5444.93 32.68
601.0 16705.59 5456.41 32.66
602.4 16752.94 5458.90 32.58
603.9 16822.23 5467.94 32.50
605.3 16905.11 5480.37 32.42
606.7 16973.10 5477.04 32.27
608.1 17114.04 5490.23 32.08
609.5 17255.15 5501.92 31.89
610.9 17434.91 5520.62 31.66
612.3 17598.49 5521.82 31.38
613.7 17818.60 5549.10 31.14
615.1 17967.42 5552.06 30.90
616.5 18122.06 5561.00 30.69
617.9 18356.64 5595.93 30.48
619.3 18578.68 5623.92 30.27
620.7 18848.67 5666.71 30.06
622.1 19119.58 5703.71 29.83
623.5 19414.06 5748.86 29.61
624.9 19741.18 5829.29 29.53
626.3 19952.52 5905.09 29.60
627.7 19741.37 5880.07 29.79
629.1 19544.02 5866.90 30.02
630.5 19457.12 5879.62 30.22
631.9 19461.81 5911.60 30.38
633.3 19457.49 5932.19 30.49
634.7 19533.17 5967.29 30.55
636.1 19566.68 5986.03 30.59
637.5 19597.55 6018.71 30.71
638.9 19677.50 6051.82 30.76
640.2 19731.43 6019.81 30.51
641.6 19754.28 5899.61 29.86
643.0 19715.36 5735.98 29.09
644.4 19707.26 5569.81 28.26
645.8 19650.11 5388.61 27.42
647.2 19716.78 5234.42 26.55
648.5 19765.84 5059.17 25.60
649.9 19671.60 4818.53 24.49
651.3 19608.23 4607.34 23.50
652.7 19503.68 4461.48 22.88
654.1 19390.95 4430.95 22.85
655.5 19238.75 4396.35 22.85
656.8 19118.09 4337.41 22.69
658.2 19225.93 4308.86 22.41
659.6 19449.31 4269.40 21.95
660.9 19643.18 4210.82 21.44
662.3 19825.21 4135.48 20.86
663.7 20008.80 4063.92 20.31
665.0 20165.89 3981.74 19.74
666.4 20328.89 3908.63 19.23
667.8 20535.62 3855.18 18.77
669.1 20711.76 3798.79 18.34
670.5 20914.18 3771.27 18.03
671.9 21055.86 3733.20 17.73
673.2 21237.33 3717.81 17.51
674.6 21400.77 3717.08 17.37
676.0 21596.49 3734.65 17.29
677.3 21793.24 3772.68 17.31
678.7 21992.69 3841.15 17.47
680.0 22269.19 3944.63 17.71
681.4 22542.00 4100.60 18.19
682.8 22829.63 4272.45 18.71
684.1 23112.18 4526.50 19.58
685.5 23364.31 4822.30 20.64
686.8 23617.23 5179.78 21.93
688.2 23841.32 5599.59 23.49
689.5 23927.84 6025.56 25.18
690.9 23997.39 6507.78 27.12
692.2 24047.78 7001.28 29.11
693.6 24110.83 7513.94 31.16
694.9 24095.99 8017.79 33.27
696.2 24121.97 8532.54 35.37
697.6 24149.95 9032.98 37.40
698.9 24174.48 9533.57 39.44
700.3 24215.57 10014.64 41.36
701.6 24264.40 10482.46 43.20
703.0 24323.35 10926.72 44.92
704.3 24329.34 11325.15 46.55
705.6 24327.41 11677.82 48.00
707.0 24334.75 12026.22 49.42
708.3 24282.08 12313.16 50.71
709.6 24223.21 12575.71 51.92
711.0 24124.28 12800.39 53.06
712.3 24015.02 13002.57 54.14
713.6 23977.17 13226.47 55.16
714.9 23907.38 13409.46 56.09
716.3 23880.58 13615.83 57.02
717.6 23876.83 13830.35 57.92
718.9 23805.06 13990.34 58.77
720.2 23675.16 14122.92 59.65
721.6 23576.15 14235.99 60.38
722.9 23446.45 14319.93 61.08
724.2 23274.82 14342.97 61.62
725.5 23133.68 14391.23 62.21
726.8 23009.81 14427.62 62.70
728.1 22933.91 14472.03 63.10
729.5 22856.87 14511.83 63.49
730.8 22796.53 14538.32 63.77
732.1 22719.29 14546.20 64.03
733.4 22660.56 14571.19 64.30
734.7 22602.67 14569.40 64.46
736.0 22569.89 14603.13 64.70
737.3 22520.76 14612.87 64.89
738.6 22554.56 14674.16 65.06
739.9 22633.16 14773.21 65.27
741.2 22698.59 14852.29 65.43
742.5 22841.25 14973.39 65.55
743.8 23091.34 15153.60 65.62
745.1 23491.07 15432.20 65.69
746.4 23957.57 15777.22 65.85
747.7 24466.55 16172.46 66.10
749.0 24948.63 16600.38 66.54
750.3 25229.30 16884.57 66.92
751.6 25175.69 16920.46 67.21
752.9 24925.64 16792.08 67.37
754.2 24630.59 16613.52 67.45
755.4 24314.44 16402.25 67.46
756.7 24210.69 16336.60 67.48
758.0 24235.24 16348.01 67.46
759.3 24394.18 16454.23 67.45
760.6 24621.52 16613.52 67.48
761.9 24823.09 16757.19 67.51
763.1 24955.30 16849.68 67.52
764.4 25125.21 16971.97 67.55
765.7 25257.38 17063.80 67.56
767.0 25349.99 17151.86 67.66
768.2 25431.84 17226.05 67.73
769.5 25509.93 17287.08 67.77
770.8 25646.87 17395.78 67.83
772.0 25674.66 17430.06 67.89
773.3 25762.96 17494.93 67.91
774.6 25839.71 17580.99 68.04
775.8 25921.43 17669.41 68.17
777.1 25948.26 17699.88 68.21
778.4 25918.05 17711.60 68.34
779.6 25945.86 17736.88 68.36
780.9 25904.00 17739.20 68.48
782.1 25811.51 17682.80 68.51
783.4 25819.04 17721.60 68.64
784.6 25849.06 17726.05 68.58
785.9 26028.56 17847.14 68.57
787.1 26416.14 18105.05 68.54
788.4 26716.91 18422.94 68.96
789.6 26732.54 18557.80 69.42
790.9 26499.75 18500.20 69.81
792.1 26215.36 18305.86 69.83
793.4 25939.41 18129.07 69.89
794.6 25766.06 18043.07 70.03
795.8 25608.38 17976.38 70.20
797.1 25427.85 17862.63 70.25
798.3 25301.10 17776.11 70.26
799.5 25235.55 17749.91 70.34
800.8 25155.70 17704.99 70.38
802.0 25074.70 17671.39 70.47
803.2 24986.56 17624.38 70.54
804.5 24925.76 17612.42 70.66
805.7 24855.66 17587.10 70.76
806.9 24776.64 17549.76 70.83
808.1 24708.89 17514.79 70.88
809.4 24677.19 17505.68 70.94
810.6 24617.78 17482.92 71.02
811.8 24606.91 17463.29 70.97
813.0 24601.75 17460.58 70.97
814.2 24620.30 17452.53 70.89
815.4 24684.78 17521.42 70.98
816.6 24715.54 17549.60 71.01
817.9 24752.29 17596.36 71.09
819.1 24717.85 17570.83 71.09
820.3 24615.89 17506.72 71.12
821.5 24558.22 17456.18 71.08
822.7 24525.20 17420.27 71.03
823.9 24512.51 17394.50 70.96
825.1 24512.73 17365.48 70.84
826.3 24527.23 17346.90 70.73
827.5 24554.23 17324.16 70.55
828.7 24585.24 17286.05 70.31
829.9 24620.63 17285.88 70.21
831.0 24677.45 17295.58 70.09
832.2 24735.00 17297.40 69.93
833.4 24800.15 17309.16 69.79
834.6 24827.34 17300.63 69.68
835.8 24886.58 17297.28 69.50
837.0 24941.18 17342.26 69.53
838.1 25036.55 17371.91 69.39
839.3 25073.20 17391.74 69.36
840.5 25138.07 17420.65 69.30
841.7 25214.76 17456.53 69.23
842.9 25311.78 17475.78 69.04
844.0 25352.29 17510.50 69.07
845.2 25454.19 17549.54 68.95
846.4 25527.43 17598.16 68.94
847.5 25656.16 17660.93 68.84
848.7 25745.00 17746.81 68.93
849.9 25879.71 17849.18 68.97
851.0 25913.04 17884.39 69.02
852.2 25966.07 17936.23 69.08
853.3 25941.98 17941.60 69.16
854.5 25934.86 17952.92 69.22
855.6 25916.94 17945.28 69.24
856.8 25944.85 17957.80 69.22
857.9 25943.54 17951.05 69.19
859.1 25996.60 17997.36 69.23
860.2 26027.46 17988.43 69.11
861.4 26023.97 18022.57 69.25
862.5 26059.24 18026.76 69.18
863.7 26115.12 18060.34 69.16
864.8 26101.25 18053.42 69.17
865.9 26082.46 18018.52 69.08
867.1 26099.25 18039.05 69.12
868.2 26099.69 18026.44 69.07
869.3 26128.19 18060.80 69.12
870.5 26099.47 18027.16 69.07
871.6 26087.08 18018.92 69.07
872.7 26136.21 18056.27 69.09
873.9 26148.82 18053.68 69.04
875.0 26142.73 18033.97 68.98
876.1 26142.29 18020.77 68.93
877.2 26184.05 18024.15 68.84
878.3 26169.01 18007.27 68.81
879.4 26191.11 18017.60 68.79
880.5 26214.48 17994.10 68.64
881.7 26220.35 18028.92 68.76
882.8 26271.44 18001.90 68.52
883.9 26272.50 18071.98 68.79
885.0 26275.91 18043.12 68.67
886.1 26278.81 18077.53 68.79
887.2 26194.66 18021.06 68.80
888.3 26154.69 18002.99 68.83
889.4 26083.75 17977.01 68.92
890.5 26060.47 17909.14 68.72
891.6 26043.45 17857.33 68.57
892.7 26025.13 17867.00 68.65
893.8 26046.70 17857.48 68.56
894.9 26070.72 17843.67 68.44
896.0 26059.51 17804.35 68.32
897.0 26054.12 17811.34 68.36
898.1 26079.30 17772.56 68.15
899.2 26095.96 17798.30 68.20
900.3 26052.56 17724.56 68.03
901.4 26029.33 17667.14 67.87
902.4 26018.83 17705.11 68.05
903.5 26017.27 17623.10 67.74
904.6 26012.16 17613.23 67.71
905.7 26050.43 17620.26 67.64
906.7 26024.14 17581.95 67.56
907.8 26076.86 17603.46 67.51
908.9 26057.48 17561.47 67.40
909.9 26017.06 17478.78 67.18
911.0 26009.49 17465.20 67.15
912.1 25979.15 17427.62 67.08
913.1 25944.88 17341.38 66.84
914.2 25856.17 17246.05 66.70
915.2 25844.13 17186.80 66.50
916.3 25883.78 17169.42 66.33
917.3 25847.25 17125.76 66.26
918.4 25819.06 17077.72 66.14
919.4 25792.96 16978.06 65.82
920.5 25804.34 16957.73 65.72
921.5 25824.68 16879.91 65.36
922.6 25820.42 16750.89 64.87
923.6 25802.74 16768.32 64.99
924.7 25837.63 16692.60 64.61
925.7 25830.51 16602.77 64.28
926.7 25889.20 16595.42 64.10
927.8 25949.67 16508.49 63.62
928.8 26061.51 16489.58 63.27
929.9 26114.55 16478.17 63.10
930.9 26214.58 16491.44 62.91
931.9 26363.30 16477.64 62.50
932.9 26568.63 16518.15 62.17
934.0 26604.58 16413.87 61.70
935.0 26610.78 16372.96 61.53
936.0 26639.41 16232.39 60.93
937.0 26632.91 16096.31 60.44
938.1 26589.57 16025.41 60.27
939.1 26594.73 15915.98 59.85
940.1 26647.30 15820.85 59.37
941.1 26757.94 15825.94 59.14
942.1 26950.86 15786.84 58.58
943.1 27064.46 15787.18 58.33
944.1 27200.04 15742.72 57.88
945.2 27250.86 15650.04 57.43
946.2 27341.46 15572.43 56.96
947.2 27385.31 15493.60 56.58
948.2 27528.14 15441.32 56.09
949.2 27562.84 15365.03 55.75
950.2 27601.23 15263.92 55.30
951.2 27696.06 15148.22 54.69
952.2 27776.58 15085.36 54.31
953.2 27874.44 15018.19 53.88
954.2 27994.28 14954.40 53.42
955.2 28013.52 14834.03 52.95
956.2 27975.49 14753.27 52.74
957.2 28074.45 14675.03 52.27
958.2 28163.05 14637.61 51.97
959.2 28188.45 14618.70 51.86
960.1 28244.69 14575.93 51.61
961.1 28322.00 14517.86 51.26
962.1 28304.06 14478.00 51.15
963.1 28357.97 14440.76 50.92
964.1 28464.51 14486.27 50.89
965.1 28543.56 14478.95 50.73
966.1 28584.14 14431.75 50.49
967.0 28655.80 14476.59 50.52
968.0 28697.14 14426.53 50.27
969.0 28718.80 14415.04 50.19
970.0 28760.47 14461.90 50.28
971.0 28834.42 14473.03 50.19
971.9 28848.78 14453.91 50.10
972.9 28890.31 14516.46 50.25
973.9 28948.56 14562.86 50.31
974.9 29046.70 14500.46 49.92
975.8 29063.68 14486.43 49.84
976.8 29052.58 14554.79 50.10
977.8 29165.54 14603.48 50.07
978.8 29197.88 14559.78 49.87
979.7 29189.32 14565.32 49.90
980.7 29306.81 14617.61 49.88
981.7 29477.75 14660.61 49.73
982.6 29574.16 14767.88 49.94
983.6 29987.80 14835.79 49.47
984.6 30188.75 14804.56 49.04
985.5 30563.82 15099.70 49.40
986.5 30946.12 15397.97 49.76
987.5 31666.80 15471.36 48.86
988.4 32276.75 15876.96 49.19
989.4 33081.94 16428.62 49.66
990.4 33865.04 17224.46 50.86
991.3 34680.98 17519.43 50.52
992.3 35996.38 18389.46 51.09
993.2 37249.57 18220.87 48.92
994.2 37192.84 19734.98 53.06
995.2 38468.72 20479.35 53.24
996.1 38815.33 21516.53 55.43
997.1 39248.66 20845.76 53.11
998.0 39056.40 21515.28 55.09
999.0 38843.24 21390.88 55.07
1000.0 39939.10 21450.86 53.71
1000.9 41119.71 21248.46 51.67
1001.9 38921.76 21244.79 54.58
1002.8 38260.04 20238.10 52.90
1003.8 38840.71 20947.80 53.93
1004.8 39018.78 20627.47 52.87
961.5 34611.80 14308.79 41.34
965.5 33947.81 14159.14 41.71
969.5 32673.62 13726.79 42.01
973.4 31329.21 13433.24 42.88
977.4 30182.73 13407.98 44.42
981.4 29653.05 13544.75 45.68
985.3 29580.67 13649.59 46.14
989.3 29694.74 13808.30 46.50
993.3 29811.28 13942.40 46.77
997.2 29873.76 14043.60 47.01
1001.2 29847.48 14200.29 47.58
1005.2 29766.32 14368.13 48.27
1009.1 29802.16 14563.92 48.87
1013.1 29912.80 14830.21 49.58
1017.1 29980.27 15065.29 50.25
1021.0 29997.45 15262.25 50.88
1025.0 29986.05 15490.68 51.66
1029.0 29874.56 15660.18 52.42
1032.9 29757.39 15808.78 53.13
1036.9 29719.10 15998.16 53.83
1040.9 29786.91 16222.31 54.46
1044.8 29914.06 16470.21 55.06
1048.8 30017.23 16695.89 55.62
1052.7 30081.05 16875.68 56.10
1056.7 30106.96 16995.33 56.45
1060.7 30124.55 17090.88 56.73
1064.6 30126.20 17170.73 57.00
1068.6 30068.46 17175.47 57.12
1072.5 30024.99 17146.26 57.11
1076.5 29992.38 17107.71 57.04
1080.4 29983.51 17070.40 56.93
1084.4 30049.89 17034.95 56.69
1088.3 30134.74 16983.66 56.36
1092.3 30115.74 16845.25 55.94
1096.2 30104.84 16702.25 55.48
1100.2 30142.18 16572.82 54.98
1104.1 30082.71 16371.91 54.42
1108.1 30052.27 16204.38 53.92
1112.0 29977.43 16011.99 53.41
1116.0 29868.35 15764.84 52.78
1119.9 29779.89 15494.91 52.03
1123.9 29822.35 15243.48 51.11
1127.8 29798.40 14841.60 49.81
1131.8 29786.58 14329.41 48.11
1135.7 29821.64 13748.94 46.10
1139.6 29831.38 13101.70 43.92
1143.6 29819.95 12487.15 41.88
1147.5 29803.64 11975.41 40.18
1151.4 29713.98 11526.37 38.79
1155.4 29731.43 11244.27 37.82
1159.3 29760.66 11078.89 37.23
1163.2 29674.15 10912.20 36.77
1167.2 29672.28 10828.86 36.49
1171.1 29681.80 10770.43 36.29
1175.0 29651.52 10708.36 36.11
1179.0 29638.87 10666.38 35.99
1182.9 29697.98 10634.03 35.81
1186.8 29706.14 10597.89 35.68
1190.7 29571.10 10526.54 35.60
1194.7 29411.94 10448.39 35.52
1198.6 29289.65 10405.40 35.53
1202.5 29196.66 10372.36 35.53
1206.4 29112.98 10362.13 35.59
1210.3 29056.59 10382.72 35.73
1214.2 29008.58 10403.75 35.86
1218.2 28915.95 10411.34 36.01
1222.1 28833.10 10430.88 36.18
1226.0 28785.60 10478.05 36.40
1229.9 28734.48 10535.34 36.66
1233.8 28673.70 10567.13 36.85
1237.7 28644.25 10603.50 37.02
1241.6 28596.57 10647.11 37.23
1245.5 28494.07 10652.05 37.38
1249.4 28422.55 10644.23 37.45
1253.3 28356.92 10655.74 37.58
1257.2 28323.43 10671.32 37.68
1261.1 28264.79 10649.23 37.68
1265.0 28184.91 10620.40 37.68
1268.9 28067.43 10575.13 37.68
1272.8 28106.70 10570.65 37.61
1276.7 28238.01 10572.89 37.44
1280.6 28297.17 10538.92 37.24
1284.5 28250.81 10449.54 36.99
1288.4 28234.52 10371.30 36.73
1292.3 28165.50 10249.25 36.39
1296.2 28076.33 10109.65 36.01
1300.1 27971.71 9951.45 35.58
1303.9 27830.79 9750.03 35.03
1307.8 27679.51 9527.00 34.42
1311.7 27513.83 9283.55 33.74
1315.6 27356.90 9039.36 33.04
1319.5 27190.78 8775.16 32.27
1323.3 27036.43 8501.63 31.45
1327.2 26898.46 8238.40 30.63
1331.1 26745.75 7970.24 29.80
1335.0 26551.82 7697.10 28.99
1338.8 26417.20 7461.53 28.24
1342.7 26306.22 7245.94 27.54
1346.5 26068.84 7004.96 26.87
1350.4 25867.11 6794.40 26.27
1354.3 25587.95 6582.76 25.73
1358.1 25293.52 6367.81 25.18
1362.0 25095.25 6166.16 24.57
1365.8 25024.00 5970.63 23.86
1369.7 25106.98 5796.44 23.09
1373.5 25078.13 5549.62 22.13
1377.4 24917.97 5246.96 21.06
1381.2 24782.40 4903.75 19.79
1385.1 24754.66 4545.83 18.36
1389.0 24692.16 4172.71 16.90
1392.8 24567.88 3809.21 15.50
1396.6 24460.52 3491.14 14.27
1400.5 24320.99 3208.04 13.19
1404.3 24225.89 2986.52 12.33
1408.2 24204.64 2817.05 11.64
1412.0 24174.50 2674.51 11.06
1415.8 24201.79 2570.80 10.62
1419.6 24176.54 2490.08 10.30
1423.5 24162.30 2430.36 10.06
1427.3 24156.22 2384.76 9.87
1431.1 24149.78 2345.93 9.71
1434.9 24082.82 2319.00 9.63
1438.8 24045.91 2301.11 9.57
1442.6 24021.66 2282.61 9.50
1446.4 23948.95 2265.82 9.46
1450.2 23899.20 2261.23 9.46
1454.0 23823.72 2254.92 9.47
1457.8 23805.13 2252.54 9.46
1461.6 23794.65 2263.34 9.51
1465.4 23719.51 2270.17 9.57
1469.2 23598.58 2288.65 9.70
1473.0 23505.47 2313.43 9.84
1476.8 23479.35 2346.34 9.99
1480.7 23444.07 2390.67 10.20
1484.4 23358.60 2444.16 10.46
1488.2 23294.76 2496.60 10.72
1492.0 23212.99 2551.43 10.99
1495.8 23134.48 2609.43 11.28
1499.6 23068.04 2655.04 11.51
1503.4 22989.82 2688.40 11.69
1507.2 22924.40 2720.16 11.87
1510.9 22832.54 2755.37 12.07
1514.7 22729.47 2785.94 12.26
1518.5 22650.58 2815.42 12.43
1522.3 22564.73 2847.54 12.62
1526.0 22502.83 2897.68 12.88
1529.8 22457.39 2950.15 13.14
1533.6 22379.96 2992.28 13.37
1537.3 22300.49 3027.66 13.58
1541.1 22218.14 3066.23 13.80
1544.8 22130.40 3112.80 14.07
1548.6 22049.49 3156.45 14.32
1552.4 21992.28 3202.53 14.56
1556.1 21940.64 3236.63 14.75
1559.9 21881.16 3270.20 14.95
1563.6 21806.79 3299.21 15.13
1567.3 21732.27 3348.39 15.41
1571.1 21585.13 3393.35 15.72
1574.8 21494.94 3425.35 15.94
1578.6 21441.85 3457.82 16.13
1582.3 21360.05 3480.77 16.30
1586.0 21278.88 3514.93 16.52
1589.8 21182.42 3541.63 16.72
1593.5 21087.16 3540.55 16.79
1597.2 21011.15 3567.89 16.98
1600.9 20910.91 3587.68 17.16
1604.7 20817.19 3602.10 17.30
1608.4 20751.75 3630.65 17.50
1612.1 20653.79 3640.55 17.63
1615.8 20554.46 3649.90 17.76
1619.5 20509.10 3670.43 17.90
1623.2 20415.20 3681.35 18.03
1626.9 20293.94 3679.02 18.13
1630.6 20187.64 3685.66 18.26
1634.3 20108.09 3699.54 18.40
1638.0 20016.12 3715.35 18.56
1641.7 19907.78 3725.50 18.71
1645.4 19793.59 3725.06 18.82
1649.1 19676.58 3721.50 18.91
1652.8 19573.89 3715.39 18.98
1656.4 19468.81 3702.05 19.02
1660.1 19373.12 3691.81 19.06
1663.8 19253.37 3674.59 19.09
1667.5 19154.03 3652.74 19.07
1671.1 19073.44 3634.82 19.06
1674.8 18955.63 3606.82 19.03
1678.5 18920.35 3594.31 19.00
1682.1 18926.99 3577.05 18.90
1685.8 18934.59 3560.09 18.80
1689.5 18875.64 3530.32 18.70
1693.1 18777.51 3488.64 18.58
1696.8 18693.63 3441.38 18.41
1700.4 18605.80 3401.50 18.28
1704.0 18533.22 3360.76 18.13
1707.7 18380.44 3295.44 17.93
1711.3 18186.09 3228.26 17.75
1715.0 18064.01 3172.86 17.56
1718.6 17962.81 3121.99 17.38
1722.2 17869.77 3075.02 17.21
1725.9 17778.98 3025.90 17.02
1729.5 17683.82 2983.36 16.87
1733.1 17615.86 2960.37 16.81
1736.7 17543.89 2936.38 16.74
1740.3 17426.02 2900.35 16.64
1744.0 17375.79 2875.20 16.55
1747.5 17289.32 2838.12 16.42
1751.2 17148.24 2783.19 16.23
1754.8 17043.21 2740.37 16.08
1758.4 16959.78 2701.07 15.93
1762.0 16844.84 2651.79 15.74
1765.5 16763.61 2615.96 15.60
1769.1 16735.20 2606.40 15.57
1772.7 16687.95 2583.21 15.48
1776.3 16608.65 2557.80 15.40
1779.9 16528.93 2537.82 15.35
1783.5 16504.40 2517.20 15.25
1787.0 16420.93 2489.00 15.16
1790.6 16313.97 2465.80 15.11
1794.2 16250.54 2457.98 15.13
1797.8 16183.76 2447.96 15.13
1801.3 16118.56 2442.84 15.16
1804.9 16020.38 2430.75 15.17
1808.4 15971.30 2420.78 15.16
1812.0 15882.75 2408.21 15.16
1815.5 15784.84 2390.80 15.15
1819.1 15650.89 2370.23 15.14
1822.6 15532.45 2349.20 15.12
1826.2 15446.30 2337.06 15.13
1829.7 15337.22 2311.54 15.07
1833.2 15178.78 2275.12 14.99
1836.8 15030.02 2235.87 14.88
1840.3 14950.04 2197.67 14.70
1843.8 14886.20 2167.76 14.56
1847.3 14837.06 2127.44 14.34
1850.8 14793.41 2056.32 13.90
1854.3 14722.56 1985.73 13.49
1857.8 14658.80 1950.00 13.30
1861.3 14629.20 1895.50 12.96
1864.8 14572.84 1820.77 12.49
1868.3 14425.58 1740.77 12.07
1871.8 14284.80 1628.16 11.40
1875.3 14255.61 1523.80 10.69
1878.8 14246.03 1438.52 10.10
1882.3 14193.40 1323.78 9.33
1885.8 14118.50 1196.62 8.48
1889.3 13979.52 1101.01 7.88
1892.7 13865.36 1035.92 7.47
1896.2 13804.86 993.64 7.20
1899.7 13707.11 961.14 7.01
1903.1 13634.54 970.20 7.12
1906.6 13688.09 1010.96 7.39
1910.0 13884.77 1104.94 7.96
1913.5 14226.75 1308.53 9.20
1917.0 14474.60 1403.15 9.69
1920.4 14745.78 1664.10 11.29
1923.8 15062.87 1896.41 12.59
1871.2 12888.95 1064.54 8.26
1873.9 13047.08 944.97 7.24
1876.7 13250.10 958.56 7.23
1879.5 13307.88 870.17 6.54
1882.3 13009.24 811.95 6.24
1885.1 13033.44 749.94 5.75
1887.8 13145.19 651.49 4.96
1890.6 12997.04 678.31 5.22
1893.4 12958.00 652.67 5.04
1896.2 12845.61 570.76 4.44
1898.9 12795.28 539.56 4.22
1901.7 12697.20 523.17 4.12
1904.5 12812.38 507.84 3.96
1907.2 12777.50 498.75 3.90
1910.0 12693.31 497.18 3.92
1912.7 12674.55 476.40 3.76
1915.5 12622.22 481.71 3.82
1918.2 12592.16 483.08 3.84
1921.0 12470.84 491.68 3.94
1923.7 12502.92 476.91 3.81
1926.5 12525.14 455.93 3.64
1929.2 12499.59 461.76 3.69
1932.0 12466.20 464.52 3.73
1934.7 12450.39 487.76 3.92
1937.4 12388.06 477.66 3.86
1940.2 12333.29 485.59 3.94
1942.9 12377.93 481.11 3.89
1945.6 12406.16 453.00 3.65
1948.3 12364.25 487.35 3.94
1951.1 12353.04 505.68 4.09
1953.8 12345.00 489.00 3.96
1956.5 12249.55 506.16 4.13
1959.2 12291.89 514.28 4.18
1961.9 12307.40 479.78 3.90
1964.6 12224.28 490.88 4.02
1967.3 12284.97 513.23 4.18
1970.0 12156.72 512.08 4.21
1972.8 12093.19 511.85 4.23
1975.5 12180.79 518.02 4.25
1978.2 12109.24 528.52 4.36
1980.9 12027.29 518.87 4.31
1983.5 11996.88 523.50 4.36
1986.2 11983.38 555.81 4.64
1988.9 11983.38 587.82 4.91
1991.6 11899.51 561.95 4.72
1994.3 11798.84 543.01 4.60
1997.0 11807.25 562.25 4.76
1999.7 11770.96 588.69 5.00
2002.3 11768.44 595.47 5.06
2005.0 11742.55 595.47 5.07
2007.7 11687.40 584.80 5.00
2010.4 11651.26 596.70 5.12
2013.0 11630.36 623.06 5.36
2015.7 11528.64 593.91 5.15
2018.4 11457.30 587.19 5.13
2021.0 11452.33 614.83 5.37
2023.7 11380.16 613.39 5.39
2026.4 11323.00 611.22 5.40
2029.0 11263.54 624.19 5.54
2031.7 11193.43 602.77 5.39
2034.3 11193.43 614.03 5.49
2037.0 11130.51 639.01 5.74
2039.6 11076.09 618.93 5.59
2042.3 11047.98 617.83 5.59
2044.9 11026.46 636.74 5.77
2047.5 11001.21 628.32 5.71
2050.2 10900.40 627.20 5.75
2052.8 10894.80 658.00 6.04
2055.4 10822.84 666.80 6.16
2058.1 10738.00 638.40 5.95
2060.7 10718.83 634.47 5.92
2063.3 10653.43 666.01 6.25
2065.9 10619.50 672.79 6.34
2068.6 10577.63 661.63 6.25
2071.2 10537.83 650.07 6.17
2073.8 10490.95 652.01 6.21
2076.4 10463.25 665.18 6.36
2079.0 10439.15 665.97 6.38
2081.6 10423.40 678.01 6.50
2084.2 10414.77 682.84 6.56
2086.8 10346.04 667.49 6.45
2089.4 10282.92 652.43 6.34
2092.1 10234.00 665.83 6.51
2094.7 10195.43 697.78 6.84
2097.2 10197.17 682.83 6.70
2099.8 10202.45 683.20 6.70
2102.4 10082.46 696.62 6.91
2105.0 9986.40 695.40 6.96
2107.6 9963.47 694.99 6.98
2110.2 9945.83 693.37 6.97
2112.8 9950.08 710.11 7.14
2115.3 9950.34 710.12 7.14
2117.9 9955.62 693.50 6.97
2120.5 9928.49 702.52 7.08
2123.1 9866.03 740.03 7.50
2125.6 9842.13 743.80 7.56
2128.2 9772.14 717.03 7.34
2130.8 9719.78 719.55 7.40
2133.3 9694.67 727.47 7.50
2135.9 9628.08 720.71 7.49
2138.4 9561.93 710.15 7.43
2141.0 9493.76 705.20 7.43
2143.6 9481.01 721.19 7.61
2146.1 9385.04 728.71 7.76
2148.7 9294.55 731.23 7.87
2151.2 9319.20 715.73 7.68
2153.8 9286.22 712.29 7.67
2156.3 9196.68 708.80 7.71
2158.8 9176.01 696.99 7.60
2161.4 9166.37 716.45 7.82
2163.9 9107.40 728.24 8.00
2166.4 9056.27 706.64 7.80
2169.0 9041.49 721.43 7.98
2171.5 8982.35 756.91 8.43
2174.0 8919.05 719.95 8.07
2176.5 8910.20 696.67 7.82
2179.1 8872.37 719.79 8.11
2181.6 8820.83 702.63 7.97
2184.1 8802.64 699.16 7.94
2186.6 8815.58 706.13 8.01
2189.1 8766.51 674.10 7.69
2191.6 8725.27 705.60 8.09
2194.1 8759.24 717.48 8.19
2196.6 8743.02 689.52 7.89
2199.2 8762.69 715.11 8.16
2201.7 8728.52 734.24 8.41
2204.1 8693.38 725.67 8.35
2206.6 8724.47 704.97 8.08
2209.1 8690.36 677.52 7.80
2211.6 8648.75 681.39 7.88
2214.1 8641.19 718.52 8.32
2216.6 8629.81 706.49 8.19
2219.1 8603.23 691.30 8.04
2221.6 8565.00 681.39 7.96
2224.0 8580.12 647.70 7.55
2226.5 8553.64 627.83 7.34
2229.0 8526.93 673.78 7.90
2231.5 8456.64 720.04 8.51
2233.9 8447.09 677.31 8.02
2236.4 8434.10 656.20 7.78
2238.9 8377.75 670.38 8.00
2241.3 8418.52 672.39 7.99
2243.8 8391.31 633.53 7.55
2246.2 8272.81 628.02 7.59
2248.7 8260.98 620.92 7.52
2251.2 8270.85 611.09 7.39
2253.6 8217.60 595.20 7.24
2256.1 8198.40 587.52 7.17
2258.5 8205.80 614.67 7.49
2260.9 8176.22 598.26 7.32
2263.4 8125.75 579.59 7.13
2265.8 8124.16 573.15 7.05
2268.3 8073.80 584.95 7.24
2270.7 8110.40 575.75 7.10
2273.1 8107.19 567.58 7.00
2275.6 8037.12 560.64 6.98
2278.0 8047.94 534.22 6.64
2280.4 8050.71 546.46 6.79
2282.8 7936.92 542.03 6.83
2285.3 7936.09 517.15 6.52
2287.7 8013.06 519.37 6.48
2290.1 7946.20 509.98 6.42
2292.5 7908.89 496.04 6.27
2294.9 7966.56 517.67 6.50
2297.3 7878.36 514.15 6.53
2299.7 7782.17 465.90 5.99
2302.1 7817.38 459.62 5.88
2304.5 7722.40 482.16 6.24
2306.9 7647.92 462.56 6.05
2309.3 7632.91 423.18 5.54
2311.7 7536.00 435.68 5.78
2314.1 7439.51 460.79 6.19
2316.5 7426.90 476.74 6.42
2318.9 7433.98 433.58 5.83
2321.3 7420.20 431.82 5.82
2323.7 7439.58 459.23 6.17
2326.1 7403.11 423.15 5.72
2328.4 7412.50 435.31 5.87
2330.8 7505.15 474.44 6.32
2333.2 7417.12 453.02 6.11
2335.6 7356.75 419.32 5.70
2337.9 7411.84 442.37 5.97
2340.3 7376.47 428.23 5.81
2342.7 7282.70 368.16 5.06
2345.0 7270.29 399.19 5.49
2347.4 7284.50 429.25 5.89
2349.7 7133.68 401.54 5.63
2352.1 7080.04 403.10 5.69
2354.4 7143.83 399.75 5.60
2356.8 7126.82 388.50 5.45
2359.2 7067.67 398.67 5.64
2361.5 7038.06 362.16 5.15
2363.8 7031.06 360.12 5.12
2366.2 7039.27 401.61 5.71
2368.5 7035.45 404.95 5.76
2370.9 7023.13 407.07 5.80
2373.2 6987.82 377.72 5.41
2375.5 6900.63 366.53 5.31
2377.9 6892.20 350.99 5.09
2380.2 6890.83 352.79 5.12
2382.5 6864.93 344.63 5.02
2384.8 6830.08 324.80 4.76
2387.2 6784.02 351.63 5.18
2389.5 6780.31 349.40 5.15
2391.8 6787.76 370.76 5.46
2394.1 6727.26 355.08 5.28
2396.4 6676.90 309.65 4.64
2398.7 6732.64 311.79 4.63
2401.0 6690.59 380.77 5.69
2403.3 6603.48 343.62 5.20
2405.6 6572.81 294.90 4.49
2407.9 6583.14 305.61 4.64
2410.2 6542.40 280.75 4.29
2412.5 6479.13 304.90 4.71
2414.8 6475.24 359.45 5.55
2417.1 6452.08 330.35 5.12
2419.4 6434.35 276.13 4.29
2421.7 6386.85 273.35 4.28
2424.0 6345.28 290.58 4.58
2426.2 6355.80 326.35 5.13
2428.5 6327.75 335.32 5.30
2430.8 6349.25 316.10 4.98
2433.1 6300.57 276.58 4.39
2435.4 6204.86 285.35 4.60
2437.6 6227.24 285.35 4.58
2439.9 6165.27 286.37 4.64
2442.2 6149.09 307.17 5.00
2444.4 6162.60 264.19 4.29
2446.7 6079.44 239.44 3.94
2448.9 6081.55 242.79 3.99
2451.2 6103.04 244.36 4.00
2453.4 6038.72 247.09 4.09
2455.7 6026.93 261.51 4.34
2457.9 5958.48 280.83 4.71
2460.2 5949.23 283.59 4.77
2462.4 5977.92 255.84 4.28
2464.7 5891.98 233.41 3.96
2466.9 5829.36 224.70 3.85
2469.2 5872.39 239.82 4.08
2471.4 5796.90 216.65 3.74
2473.6 5737.62 227.63 3.97
2475.9 5730.24 284.48 4.96
2478.1 5663.45 225.45 3.98
2480.3 5645.91 201.89 3.58
2482.5 5682.93 214.45 3.77
2484.8 5614.17 189.32 3.37
2487.0 5547.59 207.39 3.74
2489.2 5555.75 233.69 4.21
2491.4 5471.72 192.13 3.51
2493.6 5479.00 219.47 4.01
2495.8 5550.75 261.31 4.71
2498.0 5512.53 251.31 4.56
2500.2 5509.95 261.18 4.74
2502.4 5736.48 213.12 3.72
2504.6 5803.02 187.80 3.24
2506.8 5806.03 224.06 3.86
