/*** Spectra Vista SIG Data ***/
name= \My Documents\HR1024_Data\RD6S10.
instrument= HR: 1091052
integration= 400, 60, 30, 1000, 60, 30
scan time= 1, 1
scan settings= AD, AI, AD, AI
external data set1= 8224, 8224, 8224, 8224, 8224, 8224, 8224, 8224, 8224, 8224, 8224, 8224, 8224, 8224, 8224, 8224
external data set2= 8224, 8224, 8224, 8224, 8224, 8224, 8224, 8224, 8224, 8224, 8224, 8224, 8224, 8224, 8224, 8224
external data dark= 0,0,0,0,0,0,0,0
external data mask= 0
optic= LENS4 , LENS4 
temp= 32.98, 8.94, -5.37, 40.31, 9.01, -5.37
battery= 7.1, 6.8
error= 0, 0
units= Radiance, Radiance
time= 4/7/08 10:35:00 AM, 4/7/08 10:56:51 AM
longitude= , 
latitude= , 
gpstime= , 
comm= 
memory slot= 0, 0
factors= 
data= 
346.4 350.35 74.53 21.27
347.9 381.21 70.91 18.60
349.5 410.28 74.88 18.25
351.1 433.68 71.76 16.55
352.6 475.96 77.80 16.35
354.2 499.06 75.27 15.08
355.7 540.48 89.58 16.57
357.3 582.54 92.24 15.83
358.8 588.91 89.47 15.19
360.4 636.67 99.90 15.69
361.9 668.64 97.51 14.58
363.5 692.50 94.18 13.60
365.1 712.57 101.94 14.31
366.6 747.47 98.74 13.21
368.2 792.37 106.10 13.39
369.7 840.74 104.48 12.43
371.3 898.85 110.63 12.31
372.8 941.22 114.87 12.20
374.4 986.23 114.81 11.64
375.9 1017.83 123.13 12.10
377.4 1052.18 118.39 11.25
379.0 1086.82 119.66 11.01
380.5 1123.29 124.33 11.07
382.1 1153.93 124.11 10.76
383.6 1194.95 120.77 10.11
385.2 1251.25 127.60 10.20
386.7 1299.60 127.25 9.79
388.3 1372.34 139.14 10.14
389.8 1424.66 138.90 9.75
391.3 1483.01 141.48 9.54
392.9 1530.61 150.22 9.81
394.4 1562.39 157.87 10.10
395.9 1621.81 153.86 9.49
397.5 1711.90 164.08 9.58
399.0 1784.48 166.86 9.35
400.6 1838.09 168.10 9.15
402.1 1856.31 163.06 8.78
403.6 1888.03 163.51 8.66
405.1 1944.54 164.52 8.46
406.7 2010.40 164.86 8.20
408.2 2079.37 172.41 8.29
409.7 2148.16 176.96 8.24
411.3 2213.53 182.68 8.25
412.8 2271.65 185.81 8.18
414.3 2341.03 189.93 8.11
415.8 2417.50 196.50 8.13
417.4 2490.79 202.91 8.15
418.9 2548.98 207.46 8.14
420.4 2593.45 207.87 8.02
421.9 2640.22 209.09 7.92
423.5 2679.41 212.49 7.93
425.0 2722.85 209.47 7.69
426.5 2778.88 211.56 7.61
428.0 2849.90 215.10 7.55
429.5 2939.79 218.04 7.42
431.1 3042.79 227.94 7.49
432.6 3149.06 238.39 7.57
434.1 3259.99 241.78 7.42
435.6 3346.58 248.84 7.44
437.1 3441.75 253.11 7.35
438.6 3531.11 258.99 7.33
440.1 3611.12 262.09 7.26
441.6 3703.62 273.14 7.37
443.1 3787.76 272.97 7.21
444.7 3873.68 281.12 7.26
446.2 3941.61 286.28 7.26
447.7 4009.71 293.42 7.32
449.2 4084.56 291.17 7.13
450.7 4145.44 290.78 7.01
452.2 4210.01 295.54 7.02
453.7 4291.20 298.75 6.96
455.2 4393.26 305.15 6.95
456.7 4515.28 312.93 6.93
458.2 4654.47 324.34 6.97
459.7 4795.00 333.20 6.95
461.2 4934.06 339.94 6.89
462.7 5054.96 349.77 6.92
464.2 5177.07 357.58 6.91
465.7 5301.12 363.86 6.86
467.2 5404.44 376.53 6.97
468.7 5508.00 384.80 6.99
470.2 5586.81 396.06 7.09
471.7 5702.38 402.33 7.06
473.2 5885.72 404.56 6.87
474.6 6027.25 408.06 6.77
476.1 6074.86 410.86 6.76
477.6 6093.70 414.60 6.80
479.1 6122.60 416.45 6.80
480.6 6163.05 415.21 6.74
482.1 6243.66 418.77 6.71
483.6 6332.42 424.91 6.71
485.1 6458.38 432.80 6.70
486.6 6604.00 436.59 6.61
488.0 6753.50 449.48 6.66
489.5 6913.82 460.60 6.66
491.0 7075.65 470.21 6.65
492.5 7238.97 480.17 6.63
494.0 7404.10 491.15 6.63
495.4 7549.58 502.26 6.65
496.9 7695.36 509.68 6.62
498.4 7836.28 520.95 6.65
499.9 7979.51 530.36 6.65
501.4 8103.78 539.21 6.65
502.8 8223.51 551.25 6.70
504.3 8333.10 559.80 6.72
505.8 8444.88 566.16 6.70
507.2 8514.20 569.77 6.69
508.7 8565.01 576.66 6.73
510.2 8590.79 583.58 6.79
511.6 8618.22 581.71 6.75
513.1 8670.26 584.94 6.75
514.6 8732.77 586.47 6.72
516.0 8783.27 590.36 6.72
517.5 8880.96 595.47 6.70
519.0 8994.65 602.00 6.69
520.5 9112.66 611.39 6.71
521.9 9263.01 623.07 6.73
523.4 9434.43 632.90 6.71
524.8 9608.27 644.78 6.71
526.3 9802.81 660.72 6.74
527.8 10000.35 677.34 6.77
529.2 10181.33 688.54 6.76
530.7 10383.39 704.45 6.78
532.1 10567.68 721.53 6.83
533.6 10773.42 735.63 6.83
535.0 10980.59 751.56 6.84
536.5 11186.70 766.46 6.85
538.0 11401.56 788.62 6.92
539.4 11601.83 808.03 6.96
540.9 11838.18 824.97 6.97
542.3 12056.36 836.39 6.94
543.8 12205.88 843.72 6.91
545.2 12241.58 850.65 6.95
546.6 12248.30 855.04 6.98
548.1 12260.70 858.43 7.00
549.5 12261.13 859.10 7.01
551.0 12260.01 859.83 7.01
552.4 12274.54 864.59 7.04
553.9 12279.40 865.64 7.05
555.3 12300.80 869.43 7.07
556.8 12360.66 875.72 7.08
558.2 12414.09 884.59 7.13
559.6 12499.51 895.66 7.17
561.1 12612.44 908.05 7.20
562.5 12742.28 919.51 7.22
564.0 12915.37 940.86 7.28
565.4 13070.62 957.65 7.33
566.8 13269.64 979.99 7.39
568.3 13461.39 1004.83 7.46
569.7 13659.35 1025.78 7.51
571.1 13859.91 1052.43 7.59
572.6 14064.03 1078.27 7.67
574.0 14250.23 1102.86 7.74
575.4 14437.41 1127.59 7.81
576.9 14612.77 1152.46 7.89
578.3 14771.90 1178.32 7.98
579.7 14927.19 1205.01 8.07
581.1 15049.34 1229.07 8.17
582.6 15179.87 1255.57 8.27
584.0 15306.40 1280.06 8.36
585.4 15471.50 1307.88 8.45
586.8 15703.41 1339.90 8.53
588.3 15959.97 1369.37 8.58
589.7 16164.72 1393.70 8.62
591.1 16308.26 1422.34 8.72
592.5 16380.50 1446.19 8.83
594.0 16416.90 1463.87 8.92
595.4 16426.30 1484.14 9.04
596.8 16438.21 1498.07 9.11
598.2 16446.40 1518.78 9.23
599.6 16446.15 1539.25 9.36
601.0 16488.64 1561.18 9.47
602.4 16524.83 1584.74 9.59
603.9 16595.00 1612.62 9.72
605.3 16677.56 1642.03 9.85
606.7 16748.10 1676.52 10.01
608.1 16880.08 1715.00 10.16
609.5 17023.96 1758.40 10.33
610.9 17200.20 1804.31 10.49
612.3 17363.60 1851.23 10.66
613.7 17583.26 1908.96 10.86
615.1 17730.09 1959.23 11.05
616.5 17885.32 2011.07 11.24
617.9 18120.27 2076.52 11.46
619.3 18343.55 2141.07 11.67
620.7 18613.68 2216.43 11.91
622.1 18877.69 2292.59 12.14
623.5 19168.37 2367.01 12.35
624.9 19495.88 2427.71 12.45
626.3 19705.80 2446.77 12.42
627.7 19502.63 2444.85 12.54
629.1 19316.59 2411.16 12.48
630.5 19234.56 2430.46 12.64
631.9 19243.16 2463.79 12.80
633.3 19227.78 2527.31 13.14
634.7 19307.14 2618.14 13.56
636.1 19335.07 2691.05 13.92
637.5 19378.14 2771.01 14.30
638.9 19457.31 2848.40 14.64
640.2 19514.53 2927.29 15.00
641.6 19531.98 2995.67 15.34
643.0 19504.65 3070.17 15.74
644.4 19507.28 3138.41 16.09
645.8 19449.04 3193.34 16.42
647.2 19526.59 3278.18 16.79
648.5 19579.91 3353.18 17.13
649.9 19492.88 3412.62 17.51
651.3 19428.45 3476.67 17.89
652.7 19344.30 3524.61 18.22
654.1 19217.52 3495.17 18.19
655.5 19076.42 3455.35 18.11
656.8 18936.77 3412.09 18.02
658.2 19052.33 3431.18 18.01
659.6 19274.42 3479.04 18.05
660.9 19463.87 3518.03 18.07
662.3 19650.11 3567.92 18.16
663.7 19826.10 3615.36 18.24
665.0 19986.79 3670.61 18.37
666.4 20146.14 3723.20 18.48
667.8 20346.56 3796.00 18.66
669.1 20529.76 3865.05 18.83
670.5 20738.52 3949.38 19.04
671.9 20872.26 4028.18 19.30
673.2 21059.41 4126.81 19.60
674.6 21230.21 4235.77 19.95
676.0 21420.32 4359.30 20.35
677.3 21614.12 4485.81 20.75
678.7 21817.38 4622.30 21.19
680.0 22089.50 4794.61 21.71
681.4 22373.47 4962.32 22.18
682.8 22657.86 5141.05 22.69
684.1 22942.53 5321.63 23.20
685.5 23200.94 5505.57 23.73
686.8 23448.72 5674.24 24.20
688.2 23672.40 5827.32 24.62
689.5 23749.65 5946.70 25.04
690.9 23825.77 6062.85 25.45
692.2 23869.28 6167.43 25.84
693.6 23926.69 6274.57 26.22
694.9 23920.11 6365.86 26.61
696.2 23942.14 6462.02 26.99
697.6 23961.85 6554.76 27.35
698.9 23992.32 6650.69 27.72
700.3 24038.01 6750.83 28.08
701.6 24084.68 6853.54 28.46
703.0 24137.54 6958.58 28.83
704.3 24141.49 7044.93 29.18
705.6 24144.66 7131.24 29.54
707.0 24151.61 7220.69 29.90
708.3 24094.31 7283.77 30.23
709.6 24038.25 7348.26 30.57
711.0 23936.43 7392.04 30.88
712.3 23827.16 7439.69 31.22
713.6 23789.01 7504.64 31.55
714.9 23716.29 7556.15 31.86
716.3 23686.39 7619.92 32.17
717.6 23672.15 7691.15 32.49
718.9 23614.96 7736.27 32.76
720.2 23494.56 7770.62 33.07
721.6 23399.74 7797.32 33.32
722.9 23270.63 7827.80 33.64
724.2 23091.17 7846.01 33.98
725.5 22957.02 7874.10 34.30
726.8 22832.78 7891.91 34.56
728.1 22750.67 7934.83 34.88
729.5 22685.44 7969.28 35.13
730.8 22628.18 8014.85 35.42
732.1 22547.20 8053.58 35.72
733.4 22493.78 8101.74 36.02
734.7 22430.29 8136.16 36.27
736.0 22412.65 8201.80 36.59
737.3 22354.35 8247.36 36.89
738.6 22392.88 8331.79 37.21
739.9 22486.41 8438.83 37.53
741.2 22557.99 8530.70 37.82
742.5 22690.46 8667.92 38.20
743.8 22954.18 8844.41 38.53
745.1 23356.68 9095.64 38.94
746.4 23838.13 9353.71 39.24
747.7 24340.83 9611.62 39.49
749.0 24845.90 9863.83 39.70
750.3 25109.11 10017.48 39.90
751.6 25056.94 10047.22 40.10
752.9 24812.33 9997.99 40.29
754.2 24511.78 9953.79 40.61
755.4 24190.11 9918.40 41.00
756.7 24095.29 9965.56 41.36
758.0 24119.44 10062.24 41.72
759.3 24282.67 10215.92 42.07
760.6 24509.10 10393.77 42.41
761.9 24709.31 10568.33 42.77
763.1 24854.26 10698.87 43.05
764.4 25021.13 10852.63 43.37
765.7 25148.50 10981.10 43.67
767.0 25255.87 11098.38 43.94
768.2 25351.20 11212.32 44.23
769.5 25424.49 11316.03 44.51
770.8 25570.26 11453.25 44.79
772.0 25587.81 11538.98 45.10
773.3 25669.17 11637.80 45.34
774.6 25760.75 11750.53 45.61
775.8 25826.13 11853.11 45.90
777.1 25851.30 11945.93 46.21
778.4 25836.83 12004.72 46.46
779.6 25861.37 12075.32 46.69
780.9 25820.00 12130.40 46.98
782.1 25728.02 12167.00 47.29
783.4 25750.40 12242.88 47.54
784.6 25767.74 12316.13 47.80
785.9 25975.04 12504.95 48.14
787.1 26352.59 12759.21 48.42
788.4 26662.70 12969.18 48.64
789.6 26677.46 12975.43 48.64
790.9 26422.83 12881.66 48.75
792.1 26144.60 12798.29 48.95
793.4 25865.12 12736.55 49.24
794.6 25676.57 12710.41 49.50
795.8 25513.36 12698.05 49.77
797.1 25350.08 12672.75 49.99
798.3 25228.50 12670.52 50.22
799.5 25169.97 12708.23 50.49
800.8 25099.23 12727.60 50.71
802.0 25011.42 12736.46 50.92
803.2 24918.76 12740.07 51.13
804.5 24860.18 12757.97 51.32
805.7 24781.04 12764.30 51.51
806.9 24699.71 12774.08 51.72
808.1 24647.73 12796.34 51.92
809.4 24609.13 12830.24 52.14
810.6 24558.63 12862.85 52.38
811.8 24538.32 12902.68 52.58
813.0 24560.28 12959.05 52.76
814.2 24583.06 13020.97 52.97
815.4 24644.79 13086.49 53.10
816.6 24675.27 13148.46 53.29
817.9 24704.84 13185.41 53.37
819.1 24672.89 13186.64 53.45
820.3 24583.02 13173.23 53.59
821.5 24511.70 13164.71 53.71
822.7 24474.49 13166.16 53.80
823.9 24466.74 13186.86 53.90
825.1 24483.13 13204.95 53.93
826.3 24493.16 13228.67 54.01
827.5 24511.03 13237.77 54.01
828.7 24560.16 13266.86 54.02
829.9 24556.61 13265.74 54.02
831.0 24631.50 13297.93 53.99
832.2 24684.15 13335.91 54.03
833.4 24732.69 13361.98 54.03
834.6 24771.09 13404.38 54.11
835.8 24806.25 13451.13 54.22
837.0 24848.21 13501.56 54.34
838.1 24942.61 13575.72 54.43
839.3 24987.97 13626.26 54.53
840.5 25056.73 13694.55 54.65
841.7 25139.84 13772.21 54.78
842.9 25202.72 13845.90 54.94
844.0 25272.39 13905.10 55.02
845.2 25356.92 13982.85 55.14
846.4 25406.55 14052.31 55.31
847.5 25535.27 14136.44 55.36
848.7 25649.51 14229.13 55.48
849.9 25759.43 14303.86 55.53
851.0 25787.85 14346.64 55.63
852.2 25836.49 14378.67 55.65
853.3 25835.02 14395.11 55.72
854.5 25803.13 14395.15 55.79
855.6 25784.28 14418.94 55.92
856.8 25811.14 14452.30 55.99
857.9 25796.36 14462.89 56.07
859.1 25866.40 14530.32 56.17
860.2 25870.46 14546.99 56.23
861.4 25883.89 14587.94 56.36
862.5 25913.95 14621.07 56.42
863.7 25967.63 14668.78 56.49
864.8 25978.23 14688.52 56.54
865.9 25934.02 14679.86 56.60
867.1 25972.57 14719.39 56.67
868.2 25960.64 14740.69 56.78
869.3 25983.57 14753.42 56.78
870.5 25945.69 14742.73 56.82
871.6 25952.82 14753.05 56.85
872.7 25988.86 14785.10 56.89
873.9 26010.48 14803.95 56.92
875.0 25998.57 14801.70 56.93
876.1 25976.68 14804.21 56.99
877.2 25992.15 14811.26 56.98
878.3 25997.76 14808.53 56.96
879.4 26016.59 14817.68 56.95
880.5 26032.32 14814.58 56.91
881.7 26038.68 14797.64 56.83
882.8 26051.76 14804.02 56.83
883.9 26088.59 14801.93 56.74
885.0 26049.66 14779.81 56.74
886.1 26068.54 14740.11 56.54
887.2 25979.14 14673.32 56.48
888.3 25929.87 14614.61 56.36
889.4 25867.81 14545.36 56.23
890.5 25830.84 14505.25 56.15
891.6 25777.28 14475.70 56.16
892.7 25812.52 14450.67 55.98
893.8 25792.32 14445.15 56.01
894.9 25833.34 14425.40 55.84
896.0 25797.95 14401.33 55.82
897.0 25823.30 14393.47 55.74
898.1 25837.83 14378.91 55.65
899.2 25853.12 14364.92 55.56
900.3 25827.20 14308.48 55.40
901.4 25755.93 14243.07 55.30
902.4 25796.28 14250.46 55.24
903.5 25760.57 14206.11 55.15
904.6 25773.48 14172.31 54.99
905.7 25786.56 14146.87 54.86
906.7 25778.44 14122.98 54.79
907.8 25791.16 14116.86 54.74
908.9 25756.23 14043.73 54.53
909.9 25738.83 14013.09 54.44
911.0 25715.27 13958.03 54.28
912.1 25708.69 13906.69 54.09
913.1 25683.06 13824.10 53.83
914.2 25568.28 13739.66 53.74
915.2 25594.38 13694.29 53.51
916.3 25582.28 13668.00 53.43
917.3 25579.53 13583.82 53.10
918.4 25529.08 13498.16 52.87
919.4 25526.52 13397.58 52.48
920.5 25540.93 13309.17 52.11
921.5 25532.64 13239.84 51.85
922.6 25509.72 13148.77 51.54
923.6 25552.64 13075.38 51.17
924.7 25558.13 12979.55 50.78
925.7 25559.01 12873.44 50.37
926.7 25571.07 12769.08 49.94
927.8 25622.74 12662.86 49.42
928.8 25737.00 12575.32 48.86
929.9 25798.01 12492.03 48.42
930.9 25912.02 12419.96 47.93
931.9 26063.45 12349.00 47.38
932.9 26272.00 12309.51 46.85
934.0 26311.65 12167.45 46.24
935.0 26328.00 12074.71 45.86
936.0 26313.67 11904.23 45.24
937.0 26305.79 11764.16 44.72
938.1 26273.03 11632.04 44.27
939.1 26282.27 11486.33 43.70
940.1 26307.38 11363.04 43.19
941.1 26474.98 11291.23 42.65
942.1 26613.43 11187.76 42.04
943.1 26709.35 11089.58 41.52
944.1 26891.46 11006.02 40.93
945.2 26931.87 10871.70 40.37
946.2 27005.05 10741.33 39.78
947.2 27050.94 10606.38 39.21
948.2 27161.01 10483.67 38.60
949.2 27258.97 10356.61 37.99
950.2 27257.00 10214.35 37.47
951.2 27381.90 10067.40 36.77
952.2 27427.92 9916.47 36.15
953.2 27549.11 9795.24 35.56
954.2 27670.16 9687.20 35.01
955.2 27683.23 9570.84 34.57
956.2 27678.04 9446.23 34.13
957.2 27683.31 9355.49 33.79
958.2 27771.67 9262.66 33.35
959.2 27855.45 9207.45 33.05
960.1 27895.78 9163.57 32.85
961.1 27947.74 9121.53 32.64
962.1 27921.09 9077.25 32.51
963.1 28038.72 9044.63 32.26
964.1 28081.62 9017.50 32.11
965.1 28159.91 9027.28 32.06
966.1 28230.04 8994.27 31.86
967.0 28291.66 9002.35 31.82
968.0 28354.15 8980.20 31.67
969.0 28355.00 9005.12 31.76
970.0 28440.42 8992.34 31.62
971.0 28447.07 8981.85 31.57
971.9 28529.94 9036.06 31.67
972.9 28619.85 9013.78 31.49
973.9 28640.46 8996.52 31.41
974.9 28629.25 9060.09 31.65
975.8 28737.28 9042.66 31.47
976.8 28722.61 9071.24 31.58
977.8 28846.97 9085.76 31.50
978.8 28789.28 9084.54 31.56
979.7 28914.30 9152.83 31.66
980.7 28909.16 9161.86 31.69
981.7 29108.19 9260.71 31.81
982.6 29310.11 9313.94 31.78
983.6 29612.62 9465.32 31.96
984.6 29886.86 9587.95 32.08
985.5 30220.02 9750.17 32.26
986.5 30590.42 10007.10 32.71
987.5 31346.01 10338.68 32.98
988.4 31956.65 10392.58 32.52
989.4 32957.10 10785.96 32.73
990.4 33646.09 10947.75 32.54
991.3 34254.92 11520.56 33.63
992.3 35605.12 11542.32 32.42
993.2 35791.00 11937.81 33.35
994.2 37066.33 12195.20 32.90
995.2 37769.29 12757.63 33.78
996.1 38356.88 12530.93 32.67
997.1 37945.80 12572.60 33.13
998.0 38542.50 12402.12 32.18
999.0 38301.25 12935.70 33.77
1000.0 38064.02 12225.49 32.12
1000.9 38955.51 12670.38 32.53
1001.9 38313.61 12000.88 31.32
1002.8 38469.11 13296.93 34.57
1003.8 38840.71 12743.25 32.81
1004.8 39018.78 13234.44 33.92
961.5 34418.44 9281.38 26.97
965.5 34203.70 9211.97 26.93
969.5 33124.73 9086.75 27.43
973.4 31599.68 8790.21 27.82
977.4 30418.99 8564.57 28.16
981.4 29806.10 8608.95 28.88
985.3 29606.90 8732.59 29.50
989.3 29665.19 8962.59 30.21
993.3 29713.32 9191.54 30.93
997.2 29668.74 9357.52 31.54
1001.2 29627.00 9508.20 32.09
1005.2 29568.23 9693.20 32.78
1009.1 29600.49 9925.65 33.53
1013.1 29702.49 10191.26 34.31
1017.1 29789.49 10486.73 35.20
1021.0 29789.99 10759.83 36.12
1025.0 29760.59 11047.49 37.12
1029.0 29636.30 11301.11 38.13
1032.9 29533.53 11534.12 39.05
1036.9 29509.70 11804.93 40.00
1040.9 29556.91 12107.96 40.96
1044.8 29679.34 12430.07 41.88
1048.8 29786.37 12726.99 42.73
1052.7 29868.84 12978.69 43.45
1056.7 29898.31 13168.53 44.04
1060.7 29913.73 13310.09 44.49
1064.6 29918.21 13408.42 44.82
1068.6 29859.11 13443.65 45.02
1072.5 29814.52 13420.57 45.01
1076.5 29798.83 13342.17 44.77
1080.4 29797.49 13250.54 44.47
1084.4 29858.05 13155.62 44.06
1088.3 29928.60 13008.04 43.46
1092.3 29919.24 12802.22 42.79
1096.2 29930.07 12557.90 41.96
1100.2 29956.02 12311.71 41.10
1104.1 29873.92 12040.45 40.30
1108.1 29858.25 11778.39 39.45
1112.0 29809.22 11490.35 38.55
1116.0 29674.06 11161.48 37.61
1119.9 29580.84 10787.89 36.47
1123.9 29636.88 10382.57 35.03
1127.8 29621.76 9841.92 33.23
1131.8 29615.13 9189.72 31.03
1135.7 29658.37 8512.87 28.70
1139.6 29649.41 7847.37 26.47
1143.6 29635.32 7260.94 24.50
1147.5 29635.02 6819.54 23.01
1151.4 29535.85 6501.67 22.01
1155.4 29547.88 6314.12 21.37
1159.3 29582.50 6195.74 20.94
1163.2 29498.44 6071.10 20.58
1167.2 29505.90 6007.38 20.36
1171.1 29517.01 5981.24 20.26
1175.0 29484.53 5931.70 20.12
1179.0 29486.15 5883.35 19.95
1182.9 29537.81 5856.72 19.83
1186.8 29538.86 5830.41 19.74
1190.7 29410.97 5764.54 19.60
1194.7 29255.48 5709.23 19.52
1198.6 29133.72 5668.74 19.46
1202.5 29044.69 5640.38 19.42
1206.4 28972.03 5624.57 19.41
1210.3 28920.11 5626.39 19.45
1214.2 28863.76 5638.03 19.53
1218.2 28763.18 5629.10 19.57
1222.1 28692.28 5636.28 19.64
1226.0 28656.56 5651.95 19.72
1229.9 28600.92 5666.76 19.81
1233.8 28545.33 5670.24 19.86
1237.7 28520.81 5678.24 19.91
1241.6 28465.46 5692.48 20.00
1245.5 28370.21 5697.61 20.08
1249.4 28299.76 5696.49 20.13
1253.3 28232.22 5688.60 20.15
1257.2 28191.00 5682.93 20.16
1261.1 28130.65 5662.87 20.13
1265.0 28057.45 5643.36 20.11
1268.9 27949.80 5628.98 20.14
1272.8 27989.85 5617.35 20.07
1276.7 28109.94 5618.00 19.99
1280.6 28175.48 5592.08 19.85
1284.5 28132.96 5527.82 19.65
1288.4 28112.11 5472.19 19.47
1292.3 28036.25 5395.50 19.24
1296.2 27954.20 5305.87 18.98
1300.1 27848.52 5203.35 18.68
1303.9 27706.57 5093.06 18.38
1307.8 27559.31 4985.60 18.09
1311.7 27397.23 4860.72 17.74
1315.6 27238.78 4735.39 17.38
1319.5 27066.08 4606.45 17.02
1323.3 26913.00 4486.34 16.67
1327.2 26776.06 4371.50 16.33
1331.1 26621.95 4256.24 15.99
1335.0 26429.02 4130.99 15.63
1338.8 26290.11 4020.38 15.29
1342.7 26169.42 3921.02 14.98
1346.5 25929.13 3830.91 14.77
1350.4 25728.90 3751.36 14.58
1354.3 25457.85 3655.42 14.36
1358.1 25158.95 3552.06 14.12
1362.0 24980.59 3462.73 13.86
1365.8 24927.82 3396.60 13.63
1369.7 24996.19 3348.94 13.40
1373.5 24961.93 3286.33 13.17
1377.4 24802.90 3191.14 12.87
1381.2 24660.90 3052.89 12.38
1385.1 24643.85 2917.16 11.84
1389.0 24592.75 2801.35 11.39
1392.8 24461.78 2680.09 10.96
1396.6 24365.22 2563.18 10.52
1400.5 24231.60 2455.69 10.13
1404.3 24125.27 2368.11 9.82
1408.2 24097.32 2295.10 9.52
1412.0 24070.61 2242.05 9.31
1415.8 24101.54 2210.36 9.17
1419.6 24084.23 2175.27 9.03
1423.5 24070.46 2147.76 8.92
1427.3 24053.34 2118.23 8.81
1431.1 24042.83 2108.78 8.77
1434.9 23983.10 2089.42 8.71
1438.8 23944.05 2074.24 8.66
1442.6 23927.04 2070.28 8.65
1446.4 23856.75 2051.45 8.60
1450.2 23800.39 2052.11 8.62
1454.0 23730.24 2045.16 8.62
1457.8 23714.21 2038.88 8.60
1461.6 23699.02 2042.47 8.62
1465.4 23623.88 2042.47 8.65
1469.2 23507.58 2029.30 8.63
1473.0 23416.67 2028.81 8.66
1476.8 23385.95 2050.20 8.77
1480.7 23341.52 2067.05 8.86
1484.4 23269.68 2081.64 8.95
1488.2 23205.84 2097.60 9.04
1492.0 23119.76 2112.55 9.14
1495.8 23050.30 2124.85 9.22
1499.6 22974.60 2139.98 9.31
1503.4 22886.86 2157.58 9.43
1507.2 22817.82 2171.03 9.51
1510.9 22736.47 2183.68 9.60
1514.7 22640.13 2184.08 9.65
1518.5 22563.41 2179.30 9.66
1522.3 22469.97 2179.48 9.70
1526.0 22400.45 2188.14 9.77
1529.8 22366.84 2192.36 9.80
1533.6 22289.14 2184.46 9.80
1537.3 22206.85 2189.71 9.86
1541.1 22117.21 2205.95 9.97
1544.8 22039.20 2222.40 10.08
1548.6 21965.35 2226.10 10.13
1552.4 21895.60 2223.64 10.16
1556.1 21841.83 2222.02 10.17
1559.9 21787.79 2216.84 10.17
1563.6 21716.01 2214.60 10.20
1567.3 21641.45 2225.09 10.28
1571.1 21503.94 2242.33 10.43
1574.8 21413.78 2248.55 10.50
1578.6 21355.88 2254.27 10.56
1582.3 21274.05 2255.22 10.60
1586.0 21183.04 2245.05 10.60
1589.8 21100.62 2239.99 10.62
1593.5 21000.69 2229.06 10.61
1597.2 20929.52 2225.73 10.63
1600.9 20843.62 2225.18 10.68
1604.7 20745.10 2217.97 10.69
1608.4 20669.95 2218.33 10.73
1612.1 20567.28 2210.76 10.75
1615.8 20477.47 2208.71 10.79
1619.5 20422.34 2207.56 10.81
1623.2 20328.29 2203.98 10.84
1626.9 20221.28 2199.18 10.88
1630.6 20112.62 2190.10 10.89
1634.3 20025.88 2188.29 10.93
1638.0 19934.15 2184.37 10.96
1641.7 19830.91 2164.20 10.91
1645.4 19716.98 2152.21 10.92
1649.1 19602.77 2138.14 10.91
1652.8 19509.95 2112.26 10.83
1656.4 19395.62 2096.57 10.81
1660.1 19295.18 2092.73 10.85
1663.8 19185.10 2069.17 10.79
1667.5 19083.74 2052.47 10.76
1671.1 18996.35 2034.66 10.71
1674.8 18876.30 2018.05 10.69
1678.5 18838.56 2023.84 10.74
1682.1 18849.73 2024.97 10.74
1685.8 18859.30 2009.46 10.66
1689.5 18795.30 1994.37 10.61
1693.1 18706.41 1990.80 10.64
1696.8 18615.25 1971.25 10.59
1700.4 18529.58 1950.86 10.53
1704.0 18456.67 1930.34 10.46
1707.7 18296.86 1910.40 10.44
1711.3 18114.51 1880.17 10.38
1715.0 17992.28 1843.46 10.25
1718.6 17886.14 1823.36 10.19
1722.2 17799.94 1808.41 10.16
1725.9 17706.59 1780.79 10.06
1729.5 17604.49 1759.73 10.00
1733.1 17541.49 1751.27 9.98
1736.7 17471.92 1741.67 9.97
1740.3 17366.15 1733.98 9.98
1744.0 17315.89 1717.93 9.92
1747.5 17227.16 1695.22 9.84
1751.2 17088.52 1669.91 9.77
1754.8 16976.43 1650.42 9.72
1758.4 16893.02 1642.58 9.72
1762.0 16789.89 1622.13 9.66
1765.5 16699.11 1607.80 9.63
1769.1 16665.60 1605.60 9.63
1772.7 16620.17 1595.44 9.60
1776.3 16550.18 1580.96 9.55
1779.9 16477.44 1579.09 9.58
1783.5 16434.96 1567.36 9.54
1787.0 16345.96 1544.38 9.45
1790.6 16243.66 1536.73 9.46
1794.2 16171.99 1533.07 9.48
1797.8 16109.35 1529.34 9.49
1801.3 16053.66 1518.66 9.46
1804.9 15954.75 1509.38 9.46
1808.4 15901.90 1494.64 9.40
1812.0 15801.30 1487.82 9.42
1815.5 15695.88 1481.74 9.44
1819.1 15574.16 1466.47 9.42
1822.6 15471.85 1460.32 9.44
1826.2 15387.58 1447.45 9.41
1829.7 15274.18 1434.96 9.39
1833.2 15120.13 1423.11 9.41
1836.8 14969.50 1410.96 9.43
1840.3 14877.77 1396.13 9.38
1843.8 14800.45 1392.58 9.41
1847.3 14738.02 1404.84 9.53
1850.8 14668.42 1431.36 9.76
1854.3 14577.15 1454.08 9.98
1857.8 14534.00 1435.20 9.87
1861.3 14522.25 1408.25 9.70
1864.8 14459.04 1358.88 9.40
1868.3 14308.06 1278.03 8.93
1871.8 14215.68 1205.76 8.48
1875.3 14201.46 1144.78 8.06
1878.8 14176.42 1067.29 7.53
1882.3 14122.90 1049.62 7.43
1885.8 14014.10 1036.00 7.39
1889.3 13904.45 1000.92 7.20
1892.7 13776.82 973.94 7.07
1896.2 13660.15 935.76 6.85
1899.7 13554.20 939.29 6.93
1903.1 13466.38 957.26 7.11
1906.6 13511.57 1010.96 7.48
1910.0 13676.29 1125.79 8.23
1913.5 13920.50 1141.48 8.20
1917.0 14289.98 1292.38 9.04
1920.4 14838.23 1432.98 9.66
1923.8 14900.33 1246.21 8.36
1871.2 12934.73 881.39 6.81
1873.9 13036.34 902.02 6.92
1876.7 13080.35 938.59 7.18
1879.5 13184.92 860.71 6.53
1882.3 12973.16 802.93 6.19
1885.1 12955.86 784.42 6.05
1887.8 13054.47 742.20 5.69
1890.6 12965.86 779.67 6.01
1893.4 12899.33 755.33 5.86
1896.2 12776.85 763.31 5.97
1898.9 12763.16 751.53 5.89
1901.7 12667.81 687.77 5.43
1904.5 12785.93 703.57 5.50
1907.2 12706.25 760.00 5.98
1910.0 12637.10 752.26 5.95
1912.7 12646.53 712.59 5.63
1915.5 12573.30 688.69 5.48
1918.2 12524.17 665.57 5.31
1921.0 12429.58 694.54 5.59
1923.7 12476.24 687.01 5.51
1926.5 12456.75 677.39 5.44
1929.2 12429.04 679.81 5.47
1932.0 12425.12 673.08 5.42
1934.7 12406.61 678.49 5.47
1937.4 12332.23 666.86 5.41
1940.2 12287.19 673.06 5.48
1942.9 12341.39 685.13 5.55
1945.6 12357.84 673.46 5.45
1948.3 12310.10 670.86 5.45
1951.1 12286.82 656.18 5.34
1953.8 12285.00 642.00 5.23
1956.5 12213.61 688.85 5.64
1959.2 12244.05 675.74 5.52
1961.9 12277.60 664.54 5.41
1964.6 12227.25 690.20 5.64
1967.3 12243.43 694.20 5.67
1970.0 12130.08 668.96 5.51
1972.8 12063.78 670.70 5.56
1975.5 12116.40 670.21 5.53
1978.2 12077.12 654.08 5.42
1980.9 11995.23 687.94 5.74
1983.5 11947.43 698.00 5.84
1986.2 11960.10 689.67 5.77
1988.9 11951.37 678.03 5.67
1991.6 11858.95 692.30 5.84
1994.3 11764.18 690.31 5.87
1997.0 11766.88 689.12 5.86
1999.7 11773.83 683.46 5.80
2002.3 11759.81 667.39 5.68
2005.0 11690.77 707.66 6.05
2007.7 11638.67 690.87 5.94
2010.4 11594.16 650.94 5.61
2013.0 11562.08 688.49 5.95
2015.7 11497.38 704.73 6.13
2018.4 11428.93 686.47 6.01
2021.0 11415.50 691.33 6.06
2023.7 11337.76 692.53 6.11
2026.4 11289.20 676.00 5.99
2029.0 11241.04 686.05 6.10
2031.7 11159.63 684.45 6.13
2034.3 11170.90 647.83 5.80
2037.0 11088.29 669.97 6.04
2039.6 11036.71 708.96 6.42
2042.3 11025.52 676.81 6.14
2044.9 10984.38 678.81 6.18
2047.5 10945.11 701.25 6.41
2050.2 10866.80 674.80 6.21
2052.8 10875.20 683.20 6.28
2055.4 10794.82 683.61 6.33
2058.1 10693.20 663.60 6.21
2060.7 10690.88 698.75 6.54
2063.3 10636.71 679.95 6.39
2065.9 10588.79 650.46 6.14
2068.6 10527.38 670.00 6.36
2071.2 10509.93 661.23 6.29
2073.8 10479.76 632.42 6.03
2076.4 10429.57 656.76 6.30
2079.0 10413.86 674.40 6.48
2081.6 10426.21 669.57 6.42
2084.2 10409.13 680.02 6.53
2086.8 10317.76 664.66 6.44
2089.4 10237.53 660.94 6.46
2092.1 10185.83 657.33 6.45
2094.7 10161.53 669.53 6.59
2097.2 10134.83 654.50 6.46
2099.8 10154.06 660.43 6.50
2102.4 10079.62 676.71 6.71
2105.0 9975.00 635.55 6.37
2107.6 9943.53 655.12 6.59
2110.2 9903.21 667.79 6.74
2112.8 9887.09 655.70 6.63
2115.3 9921.47 663.93 6.69
2117.9 9932.41 676.09 6.81
2120.5 9899.34 667.54 6.74
2123.1 9860.18 661.05 6.70
2125.6 9830.42 670.59 6.82
2128.2 9760.43 635.09 6.51
2130.8 9696.38 640.58 6.61
2133.3 9680.00 677.60 7.00
2135.9 9631.02 647.17 6.72
2138.4 9558.99 633.53 6.63
2141.0 9487.88 643.50 6.78
2143.6 9445.83 650.83 6.89
2146.1 9343.90 655.25 7.01
2148.7 9250.50 625.51 6.76
2151.2 9289.87 624.80 6.73
2153.8 9283.27 629.87 6.79
2156.3 9196.68 623.15 6.78
2158.8 9167.15 632.01 6.89
2161.4 9136.89 619.15 6.78
2163.9 9080.87 583.77 6.43
2166.4 9038.53 576.55 6.38
2169.0 9026.70 614.99 6.81
2171.5 8964.61 617.94 6.89
2174.0 8877.40 615.83 6.94
2176.5 8859.37 621.92 7.02
2179.1 8821.17 611.37 6.93
2181.6 8799.54 608.33 6.91
2184.1 8784.16 612.92 6.98
2186.6 8784.20 608.84 6.93
2189.1 8744.04 587.43 6.72
2191.6 8708.93 571.67 6.56
2194.1 8706.09 581.29 6.68
2196.6 8712.45 584.23 6.71
2199.2 8755.72 596.51 6.81
2201.7 8703.45 583.81 6.71
2204.1 8678.72 564.41 6.50
2206.6 8675.98 596.80 6.88
2209.1 8675.22 590.46 6.81
2211.6 8663.97 586.23 6.77
2214.1 8610.78 596.86 6.93
2216.6 8633.61 588.74 6.82
2219.1 8660.20 611.53 7.06
2221.6 8580.23 620.49 7.23
2224.0 8522.97 575.31 6.75
2226.5 8511.79 578.36 6.79
2229.0 8530.74 590.03 6.92
2231.5 8441.32 566.84 6.72
2233.9 8443.24 569.55 6.75
2236.4 8476.56 602.16 7.10
2238.9 8385.50 573.50 6.84
2241.3 8391.31 540.25 6.44
2243.8 8383.54 563.57 6.72
2246.2 8253.42 546.61 6.62
2248.7 8237.84 543.79 6.60
2251.2 8236.26 572.66 6.95
2253.6 8194.56 552.96 6.75
2256.1 8190.72 526.08 6.42
2258.5 8190.43 537.83 6.57
2260.9 8134.04 552.24 6.79
2263.4 8110.40 545.04 6.72
2265.8 8131.85 523.15 6.43
2268.3 8069.96 496.44 6.15
2270.7 8098.88 506.66 6.26
2273.1 8065.01 521.56 6.47
2275.6 8029.44 499.20 6.22
2278.0 8032.57 515.01 6.41
2280.4 8050.71 523.37 6.50
2282.8 7960.15 491.70 6.18
2285.3 7901.09 501.60 6.35
2287.7 7985.73 527.18 6.60
2290.1 7946.20 509.98 6.42
2292.5 7920.79 488.11 6.16
2294.9 7927.04 466.30 5.88
2297.3 7846.72 474.60 6.05
2299.7 7809.80 461.96 5.92
2302.1 7774.17 475.33 6.11
2304.5 7698.88 478.24 6.21
2306.9 7651.84 427.28 5.58
2309.3 7605.49 442.77 5.82
2311.7 7551.70 443.53 5.87
2314.1 7431.64 468.66 6.31
2316.5 7403.26 496.44 6.71
2318.9 7422.16 476.94 6.43
2321.3 7384.55 455.59 6.17
2323.7 7411.63 475.21 6.41
2326.1 7407.14 483.60 6.53
2328.4 7416.57 455.65 6.14
2330.8 7456.07 482.62 6.47
2333.2 7380.05 477.73 6.47
2335.6 7348.45 460.84 6.27
2337.9 7374.28 467.41 6.34
2340.3 7351.28 453.42 6.17
2342.7 7303.86 452.79 6.20
2345.0 7304.27 441.65 6.05
2347.4 7310.00 420.75 5.76
2349.7 7167.86 397.27 5.54
2352.1 7105.77 415.97 5.85
2354.4 7122.34 455.62 6.40
2356.8 7109.55 427.35 6.01
2359.2 7054.67 403.00 5.71
2361.5 7016.24 436.33 6.22
2363.8 7061.80 430.38 6.09
2366.2 7030.44 406.03 5.78
2368.5 6995.40 427.20 6.11
2370.9 6987.35 433.91 6.21
2373.2 6974.33 445.17 6.38
2375.5 6914.20 429.88 6.22
2377.9 6855.73 396.58 5.78
2380.2 6895.41 407.77 5.91
2382.5 6832.77 399.77 5.85
2384.8 6779.04 422.24 6.23
2387.2 6826.21 440.70 6.46
2389.5 6803.92 410.79 6.04
2391.8 6773.50 399.28 5.89
2394.1 6708.07 393.46 5.87
2396.4 6696.25 401.58 6.00
2398.7 6727.77 384.86 5.72
2401.0 6675.75 375.82 5.63
2403.3 6633.36 398.40 6.01
2405.6 6587.80 364.88 5.54
2407.9 6548.07 385.77 5.89
2410.2 6522.35 391.04 6.00
2412.5 6494.37 360.80 5.56
2414.8 6495.78 390.26 6.01
2417.1 6477.89 381.96 5.90
2419.4 6418.72 349.07 5.44
2421.7 6381.59 362.71 5.68
2424.0 6340.00 401.53 6.33
2426.2 6377.20 353.10 5.54
2428.5 6376.43 308.28 4.83
2430.8 6305.65 354.25 5.62
2433.1 6272.91 331.90 5.29
2435.4 6216.05 386.06 6.21
2437.6 6193.67 369.27 5.96
2439.9 6131.58 275.14 4.49
2442.2 6143.40 352.68 5.74
2444.4 6156.85 338.86 5.50
2446.7 6096.96 280.32 4.60
2448.9 6140.77 302.01 4.92
2451.2 6097.08 309.92 5.08
2453.4 6044.75 325.44 5.38
2455.7 6045.18 310.17 5.13
2457.9 5958.48 280.83 4.71
2460.2 5967.72 283.59 4.75
2462.4 5959.20 343.20 5.76
2464.7 5866.75 372.19 6.34
2466.9 5842.20 308.16 5.27
2469.2 5878.87 330.57 5.62
2471.4 5796.90 380.77 6.57
2473.6 5704.14 321.36 5.63
2475.9 5730.24 311.57 5.44
2478.1 5690.78 293.76 5.16
2480.3 5611.10 278.47 4.96
2482.5 5590.00 350.27 6.27
2484.8 5592.32 305.83 5.47
2487.0 5577.22 318.49 5.71
2489.2 5540.68 369.38 6.67
2491.4 5525.52 299.72 5.42
2493.6 5479.00 282.18 5.15
2495.8 5487.41 316.73 5.77
2498.0 5504.43 267.52 4.86
2500.2 5484.68 252.75 4.61
2502.4 5700.96 337.44 5.92
2504.6 5765.46 309.87 5.37
2506.8 5747.58 282.51 4.92
