/*** Spectra Vista SIG Data ***/
name= \My Documents\HR1024_Data\RD3S10.
instrument= HR: 1091052
integration= 200, 60, 30, 200, 60, 30
scan time= 1, 1
scan settings= AD, AI, AD, AI
external data set1= 8224, 8224, 8224, 8224, 8224, 8224, 8224, 8224, 8224, 8224, 8224, 8224, 8224, 8224, 8224, 8224
external data set2= 8224, 8224, 8224, 8224, 8224, 8224, 8224, 8224, 8224, 8224, 8224, 8224, 8224, 8224, 8224, 8224
external data dark= 0,0,0,0,0,0,0,0
external data mask= 0
optic= LENS4 , LENS4 
temp= 32.98, 8.88, -5.37, 42.01, 8.94, -5.30
battery= 7.6, 7.0
error= 0, 0
units= Radiance, Radiance
time= 1/26/08 10:33:54 AM, 1/26/08 11:07:22 AM
longitude= , 
latitude= , 
gpstime= , 
comm= 
memory slot= 0, 0
factors= 
data= 
346.4 598.78 210.21 35.11
347.9 627.50 222.76 35.50
349.5 677.04 212.16 31.34
351.1 739.44 221.52 29.96
352.6 790.63 230.86 29.20
354.2 841.03 235.62 28.02
355.7 912.59 255.93 28.04
357.3 974.37 267.00 27.40
358.8 992.58 255.14 25.70
360.4 1062.29 274.37 25.83
361.9 1117.88 292.53 26.17
363.5 1149.55 290.85 25.30
365.1 1196.29 284.34 23.77
366.6 1260.16 286.56 22.74
368.2 1349.72 288.75 21.39
369.7 1403.95 303.65 21.63
371.3 1488.21 316.08 21.24
372.8 1577.00 332.00 21.05
374.4 1638.71 333.75 20.37
375.9 1688.10 327.69 19.41
377.4 1740.09 348.02 20.00
379.0 1788.57 356.44 19.93
380.5 1855.73 356.99 19.24
382.1 1905.98 360.51 18.91
383.6 1973.16 345.87 17.53
385.2 2065.25 354.75 17.18
386.7 2149.76 373.64 17.38
388.3 2271.83 377.73 16.63
389.8 2363.45 389.79 16.49
391.3 2453.59 401.04 16.35
392.9 2526.36 409.68 16.22
394.4 2602.50 424.35 16.31
395.9 2690.98 442.74 16.45
397.5 2829.48 458.66 16.21
399.0 2963.31 472.77 15.95
400.6 3033.76 469.78 15.49
402.1 3072.78 456.66 14.86
403.6 3116.75 448.33 14.38
405.1 3199.00 452.43 14.14
406.7 3304.00 456.96 13.83
408.2 3412.53 461.09 13.51
409.7 3521.28 477.12 13.55
411.3 3642.17 493.43 13.55
412.8 3732.75 502.44 13.46
414.3 3845.02 516.42 13.43
415.8 3965.00 545.00 13.75
417.4 4085.95 543.95 13.31
418.9 4192.21 554.07 13.22
420.4 4267.16 565.80 13.26
421.9 4346.32 568.70 13.08
423.5 4413.15 576.75 13.07
425.0 4492.75 575.36 12.81
426.5 4594.55 578.35 12.59
428.0 4712.54 587.02 12.46
429.5 4856.53 590.53 12.16
431.1 5025.20 611.46 12.17
432.6 5198.44 620.97 11.95
434.1 5370.75 641.03 11.94
435.6 5520.56 652.10 11.81
437.1 5670.60 674.70 11.90
438.6 5806.58 693.65 11.95
440.1 5943.54 693.88 11.67
441.6 6091.61 706.88 11.60
443.1 6230.93 729.00 11.70
444.7 6356.12 735.69 11.57
446.2 6474.98 747.28 11.54
447.7 6582.53 763.76 11.60
449.2 6691.68 766.80 11.46
450.7 6814.08 765.44 11.23
452.2 6930.56 784.04 11.31
453.7 7066.33 784.11 11.10
455.2 7233.85 796.98 11.02
456.7 7443.04 811.36 10.90
458.2 7673.27 833.56 10.86
459.7 7920.50 852.25 10.76
461.2 8156.07 882.50 10.82
462.7 8366.46 903.95 10.80
464.2 8568.06 922.32 10.76
465.7 8788.58 942.51 10.72
467.2 8970.50 952.88 10.62
468.7 9176.00 982.00 10.70
470.2 9305.26 1003.07 10.78
471.7 9490.50 1016.50 10.71
473.2 9788.42 1051.16 10.74
474.6 10042.30 1075.21 10.71
476.1 10127.24 1070.60 10.57
477.6 10169.21 1060.97 10.43
479.1 10224.56 1062.61 10.39
480.6 10293.47 1058.85 10.29
482.1 10426.95 1071.60 10.28
483.6 10590.11 1073.44 10.14
485.1 10796.39 1085.34 10.05
486.6 11041.55 1117.01 10.12
488.0 11290.50 1124.50 9.96
489.5 11568.25 1151.50 9.95
491.0 11840.59 1175.51 9.93
492.5 12119.22 1203.66 9.93
494.0 12409.65 1224.62 9.87
495.4 12660.45 1242.45 9.81
496.9 12912.44 1270.87 9.84
498.4 13155.80 1291.38 9.82
499.9 13408.52 1312.17 9.79
501.4 13645.90 1338.42 9.81
502.8 13864.50 1359.51 9.81
504.3 14081.40 1375.20 9.77
505.8 14291.05 1398.04 9.78
507.2 14436.37 1415.19 9.80
508.7 14548.87 1423.00 9.78
510.2 14651.50 1428.82 9.75
511.6 14718.08 1442.03 9.80
513.1 14838.45 1445.51 9.74
514.6 14986.45 1455.16 9.71
516.0 15112.04 1461.65 9.67
517.5 15305.31 1475.69 9.64
519.0 15537.89 1487.33 9.57
520.5 15768.60 1508.80 9.57
521.9 16045.99 1525.43 9.51
523.4 16363.11 1551.94 9.48
524.8 16675.79 1581.83 9.49
526.3 17027.53 1616.08 9.49
527.8 17380.80 1643.83 9.46
529.2 17706.86 1680.23 9.49
530.7 18056.71 1706.28 9.45
532.1 18377.28 1733.99 9.44
533.6 18738.23 1776.36 9.48
535.0 19114.67 1805.27 9.44
536.5 19476.07 1839.71 9.45
538.0 19846.24 1878.64 9.47
539.4 20198.95 1909.83 9.46
540.9 20626.19 1951.56 9.46
542.3 20984.92 1994.30 9.50
543.8 21250.33 2019.52 9.50
545.2 21329.19 2023.19 9.49
546.6 21331.64 2020.02 9.47
548.1 21362.06 2018.94 9.45
549.5 21376.46 2018.56 9.44
551.0 21386.66 2015.62 9.42
552.4 21443.54 2024.80 9.44
553.9 21463.89 2028.07 9.45
555.3 21521.57 2035.80 9.46
556.8 21650.10 2049.78 9.47
558.2 21773.81 2068.88 9.50
559.6 21936.94 2085.46 9.51
561.1 22168.25 2122.25 9.57
562.5 22423.78 2156.97 9.62
564.0 22757.43 2201.57 9.67
565.4 23059.14 2251.82 9.77
566.8 23449.52 2301.62 9.82
568.3 23818.66 2363.47 9.92
569.7 24198.01 2429.14 10.04
571.1 24579.14 2488.91 10.13
572.6 24952.86 2567.70 10.29
574.0 25317.60 2635.05 10.41
575.4 25678.69 2718.56 10.59
576.9 26008.29 2803.19 10.78
578.3 26306.64 2886.81 10.97
579.7 26593.28 2979.13 11.20
581.1 26823.10 3070.74 11.45
582.6 27065.10 3165.21 11.69
584.0 27286.52 3273.28 12.00
585.4 27587.92 3397.21 12.31
586.8 27978.96 3545.04 12.67
588.3 28419.30 3708.90 13.05
589.7 28786.68 3870.36 13.44
591.1 29016.81 4015.05 13.84
592.5 29127.43 4160.74 14.28
594.0 29186.34 4291.26 14.70
595.4 29194.56 4421.04 15.14
596.8 29193.45 4564.56 15.64
598.2 29177.08 4724.29 16.19
599.6 29153.88 4883.13 16.75
601.0 29216.28 5072.81 17.36
602.4 29261.60 5257.45 17.97
603.9 29364.60 5462.96 18.60
605.3 29484.10 5683.95 19.28
606.7 29584.80 5907.60 19.97
608.1 29785.49 6158.29 20.68
609.5 30013.28 6432.15 21.43
610.9 30296.78 6723.27 22.19
612.3 30557.28 7021.80 22.98
613.7 30914.00 7360.32 23.81
615.1 31159.08 7685.28 24.66
616.5 31406.64 8029.82 25.57
617.9 31801.61 8413.13 26.46
619.3 32170.62 8809.85 27.38
620.7 32635.92 9236.19 28.30
622.1 33083.75 9649.15 29.17
623.5 33564.04 10150.06 30.24
624.9 34116.86 10708.95 31.39
626.3 34490.69 11208.41 32.50
627.7 34145.81 11442.20 33.51
629.1 33851.16 11656.79 34.44
630.5 33743.57 11922.65 35.33
631.9 33775.53 12219.46 36.18
633.3 33808.52 12508.01 37.00
634.7 33992.91 12859.29 37.83
636.1 34075.08 13131.85 38.54
637.5 34196.58 13387.28 39.15
638.9 34374.61 13635.89 39.67
640.2 34545.58 13863.46 40.13
641.6 34634.34 14040.00 40.54
643.0 34657.83 14200.27 40.97
644.4 34696.37 14372.40 41.42
645.8 34653.86 14501.09 41.85
647.2 34834.41 14728.61 42.28
648.5 34958.93 14939.33 42.73
649.9 34861.32 15050.30 43.17
651.3 34789.65 15200.55 43.69
652.7 34680.00 15310.20 44.15
654.1 34452.30 15190.50 44.09
655.5 34172.42 14999.54 43.89
656.8 33904.63 14778.65 43.59
658.2 34070.04 14729.84 43.23
659.6 34442.82 14775.17 42.90
660.9 34748.70 14755.47 42.46
662.3 35067.95 14696.19 41.91
663.7 35364.00 14599.20 41.28
665.0 35617.00 14502.53 40.72
666.4 35877.31 14409.57 40.16
667.8 36209.10 14354.18 39.64
669.1 36482.80 14294.55 39.18
670.5 36799.72 14285.25 38.82
671.9 36995.40 14271.84 38.58
673.2 37270.13 14327.27 38.44
674.6 37530.47 14426.10 38.44
676.0 37841.78 14602.84 38.59
677.3 38141.57 14830.51 38.88
678.7 38483.75 15172.50 39.43
680.0 38922.37 15674.60 40.27
681.4 39389.45 16334.11 41.47
682.8 39844.35 17194.45 43.15
684.1 40287.78 18235.62 45.26
685.5 40705.56 19438.63 47.75
686.8 41091.84 20806.68 50.63
688.2 41433.89 22249.73 53.70
689.5 41549.57 23634.65 56.88
690.9 41633.44 25028.37 60.12
692.2 41697.60 26346.60 63.18
693.6 41771.65 27623.56 66.13
694.9 41721.88 28745.73 68.90
696.2 41751.90 29849.40 71.49
697.6 41766.04 30848.40 73.86
698.9 41796.48 31769.76 76.01
700.3 41844.24 32608.71 77.93
701.6 41918.48 33394.79 79.67
703.0 41979.40 34109.80 81.25
704.3 41981.71 34694.24 82.64
705.6 41967.18 35226.54 83.94
707.0 41980.75 35717.45 85.08
708.3 41872.71 36046.15 86.09
709.6 41753.67 36368.50 87.10
711.0 41589.99 36581.62 87.96
712.3 41418.66 36776.14 88.79
713.6 41354.04 37026.36 89.54
714.9 41240.96 37209.00 90.22
716.3 41218.54 37424.41 90.80
717.6 41221.95 37661.12 91.36
718.9 41134.56 37791.17 91.87
720.2 40936.00 37763.46 92.25
721.6 40765.66 37796.59 92.72
722.9 40572.15 37776.72 93.11
724.2 40305.71 37667.63 93.45
725.5 40134.57 37641.24 93.79
726.8 39960.91 37587.28 94.06
728.1 39855.98 37576.02 94.28
729.5 39766.23 37565.29 94.47
730.8 39707.44 37577.66 94.64
732.1 39612.07 37547.05 94.79
733.4 39556.45 37538.95 94.90
734.7 39507.57 37527.25 94.99
736.0 39511.29 37600.49 95.16
737.3 39463.58 37605.15 95.29
738.6 39569.04 37775.79 95.47
739.9 39770.92 38053.10 95.68
741.2 39928.98 38250.03 95.80
742.5 40206.42 38603.52 96.01
743.8 40696.43 39154.50 96.21
745.1 41398.16 39942.52 96.48
746.4 42245.84 40809.41 96.60
747.7 43136.62 41701.75 96.67
749.0 43980.49 42556.15 96.76
750.3 44484.44 42975.00 96.61
751.6 44396.66 42908.86 96.65
752.9 43969.12 42538.32 96.75
754.2 43470.53 42096.92 96.84
755.4 42928.75 41663.46 97.05
756.7 42746.48 41595.49 97.31
758.0 42774.71 41708.09 97.51
759.3 43048.01 42079.57 97.75
760.6 43418.76 42547.12 97.99
761.9 43775.94 42962.27 98.14
763.1 43996.61 43207.23 98.21
764.4 44239.34 43541.19 98.42
765.7 44424.25 43780.75 98.55
767.0 44583.75 43989.30 98.67
768.2 44688.00 44163.84 98.83
769.5 44782.92 44301.05 98.92
770.8 44990.42 44548.14 99.02
772.0 45014.41 44649.28 99.19
773.3 45100.97 44790.72 99.31
774.6 45226.84 44955.07 99.40
775.8 45313.45 45081.73 99.49
777.1 45344.81 45147.08 99.56
778.4 45245.88 45106.65 99.69
779.6 45226.44 45155.70 99.84
780.9 45132.00 45120.00 99.97
782.1 44952.26 45001.13 100.11
783.4 44936.32 45052.80 100.26
784.6 44935.72 45128.32 100.43
785.9 45255.62 45545.52 100.64
787.1 45836.93 46237.07 100.87
788.4 46288.94 46707.77 100.90
789.6 46219.23 46549.72 100.72
790.9 45788.99 46027.19 100.52
792.1 45296.16 45525.52 100.51
793.4 44771.54 45073.46 100.67
794.6 44415.30 44768.55 100.80
795.8 44134.47 44505.27 100.84
797.1 43801.05 44235.68 100.99
798.3 43569.08 44054.59 101.11
799.5 43411.48 43963.22 101.27
800.8 43273.13 43842.34 101.32
802.0 43071.08 43708.40 101.48
803.2 42890.28 43532.12 101.50
804.5 42742.15 43416.00 101.58
805.7 42601.95 43280.33 101.59
806.9 42426.40 43132.30 101.66
808.1 42305.67 43035.00 101.72
809.4 42221.44 42965.59 101.76
810.6 42105.70 42861.00 101.79
811.8 42062.43 42867.19 101.91
813.0 42071.08 42863.57 101.88
814.2 42081.20 42900.48 101.95
815.4 42185.03 42984.88 101.90
816.6 42225.34 43025.98 101.90
817.9 42273.21 43022.92 101.77
819.1 42166.58 42904.85 101.75
820.3 42039.03 42672.86 101.51
821.5 41905.07 42561.07 101.57
822.7 41849.58 42439.66 101.41
823.9 41838.35 42387.65 101.31
825.1 41851.34 42329.62 101.14
826.3 41890.94 42317.93 101.02
827.5 41937.05 42291.75 100.85
828.7 42011.28 42271.20 100.62
829.9 42039.57 42208.75 100.40
831.0 42140.75 42237.24 100.23
832.2 42235.78 42249.65 100.03
833.4 42305.18 42277.27 99.93
834.6 42417.19 42304.69 99.73
835.8 42496.65 42359.63 99.68
837.0 42597.61 42445.05 99.64
838.1 42745.68 42591.52 99.64
839.3 42856.00 42656.33 99.53
840.5 42989.60 42787.47 99.53
841.7 43156.80 42932.03 99.48
842.9 43298.86 43101.03 99.54
844.0 43430.88 43224.68 99.53
845.2 43568.90 43384.89 99.58
846.4 43732.15 43506.51 99.48
847.5 43960.00 43745.70 99.51
848.7 44164.79 43934.47 99.48
849.9 44393.85 44096.02 99.33
851.0 44478.08 44146.20 99.25
852.2 44569.63 44204.45 99.18
853.3 44562.81 44152.78 99.08
854.5 44594.90 44139.85 98.98
855.6 44615.97 44175.78 99.01
856.8 44687.86 44213.81 98.94
857.9 44681.40 44209.19 98.94
859.1 44832.20 44342.40 98.91
860.2 44876.88 44349.36 98.82
861.4 44954.55 44394.21 98.75
862.5 45021.69 44453.43 98.74
863.7 45150.84 44567.45 98.71
864.8 45213.35 44568.30 98.57
865.9 45167.77 44533.50 98.60
867.1 45241.43 44570.38 98.52
868.2 45295.54 44572.48 98.40
869.3 45314.27 44608.77 98.44
870.5 45282.48 44467.09 98.20
871.6 45315.83 44488.48 98.17
872.7 45413.27 44558.64 98.12
873.9 45478.16 44535.99 97.93
875.0 45456.71 44470.34 97.83
876.1 45452.45 44466.53 97.83
877.2 45498.99 44457.27 97.71
878.3 45519.98 44404.88 97.55
879.4 45563.53 44410.84 97.47
880.5 45631.08 44397.36 97.30
881.7 45596.20 44328.70 97.22
882.8 45693.96 44341.41 97.04
883.9 45722.91 44277.92 96.84
885.0 45675.63 44149.56 96.66
886.1 45712.78 44039.60 96.34
887.2 45537.58 43831.38 96.25
888.3 45475.07 43640.60 95.97
889.4 45347.40 43448.93 95.81
890.5 45259.13 43323.06 95.72
891.6 45193.70 43172.66 95.53
892.7 45201.31 43129.43 95.42
893.8 45270.56 43135.58 95.28
894.9 45248.28 43047.95 95.14
896.0 45235.90 42959.88 94.97
897.0 45257.72 42931.13 94.86
898.1 45230.13 42880.39 94.80
899.2 45252.30 42823.90 94.63
900.3 45165.90 42696.33 94.53
901.4 45101.16 42480.32 94.19
902.4 45077.20 42435.07 94.14
903.5 45018.01 42336.90 94.04
904.6 45035.56 42247.69 93.81
905.7 45038.93 42208.41 93.72
906.7 44985.82 42085.68 93.55
907.8 45025.57 42071.64 93.44
908.9 44904.57 41901.86 93.31
909.9 44897.74 41822.55 93.15
911.0 44830.08 41701.49 93.02
912.1 44749.25 41493.87 92.73
913.1 44707.00 41337.92 92.46
914.2 44554.62 41159.42 92.38
915.2 44505.45 41058.90 92.26
916.3 44491.35 41004.00 92.16
917.3 44461.10 40834.31 91.84
918.4 44383.35 40598.25 91.47
919.4 44330.69 40477.63 91.31
920.5 44315.70 40328.32 91.00
921.5 44285.78 40197.22 90.77
922.6 44268.10 39991.90 90.34
923.6 44262.16 39845.52 90.02
924.7 44333.00 39742.75 89.65
925.7 44276.22 39573.84 89.38
926.7 44252.98 39404.24 89.04
927.8 44374.33 39287.46 88.54
928.8 44502.63 39176.19 88.03
929.9 44598.23 39115.30 87.71
930.9 44802.27 39047.85 87.16
931.9 45011.35 39060.58 86.78
932.9 45355.12 39189.89 86.41
934.0 45370.16 38984.12 85.92
935.0 45397.97 38858.69 85.60
936.0 45413.73 38650.24 85.11
937.0 45319.95 38373.27 84.67
938.1 45295.44 38176.22 84.28
939.1 45257.91 37939.25 83.83
940.1 45342.90 37816.10 83.40
941.1 45568.46 37817.89 82.99
942.1 45803.34 37817.44 82.56
943.1 45999.43 37743.12 82.05
944.1 46171.28 37685.33 81.62
945.2 46338.18 37549.68 81.03
946.2 46411.22 37387.55 80.56
947.2 46518.25 37195.88 79.96
948.2 46693.82 37107.58 79.47
949.2 46838.19 36934.63 78.86
950.2 46912.95 36726.70 78.29
951.2 46909.80 36528.24 77.87
952.2 47054.57 36318.75 77.18
953.2 47260.85 36258.95 76.72
954.2 47365.65 36119.70 76.26
955.2 47408.68 35871.44 75.66
956.2 47434.65 35677.75 75.21
957.2 47543.77 35522.13 74.71
958.2 47601.59 35370.97 74.31
959.2 47735.55 35298.00 73.94
960.1 47775.14 35248.42 73.78
961.1 47870.63 35197.97 73.53
962.1 47933.44 35126.25 73.28
963.1 48032.50 35135.06 73.15
964.1 48057.21 35132.38 73.11
965.1 48243.99 35276.62 73.12
966.1 48335.33 35233.45 72.89
967.0 48410.39 35220.43 72.75
968.0 48434.88 35214.03 72.70
969.0 48556.60 35310.00 72.72
970.0 48603.65 35316.00 72.66
971.0 48737.12 35385.11 72.60
971.9 48722.90 35402.63 72.66
972.9 48879.95 35406.00 72.43
973.9 48859.53 35457.18 72.57
974.9 49044.08 35416.24 72.21
975.8 49101.73 35506.51 72.31
976.8 49135.91 35517.04 72.28
977.8 49315.41 35712.26 72.42
978.8 49372.50 35752.50 72.41
979.7 49504.50 35936.60 72.59
980.7 49626.72 36027.09 72.60
981.7 49868.69 36216.76 72.62
982.6 50026.42 36535.61 73.03
983.6 50542.44 36982.28 73.17
984.6 51139.74 37434.05 73.20
985.5 51570.00 37955.52 73.60
986.5 52881.11 38811.10 73.39
987.5 53801.49 39686.62 73.76
988.4 54737.10 40759.40 74.46
989.4 56052.04 41071.54 73.27
990.4 57074.27 42331.30 74.17
991.3 59136.61 43457.74 73.49
992.3 61232.97 44799.84 73.16
993.2 62381.81 45552.19 73.02
994.2 63759.15 47313.34 74.21
995.2 64627.45 47561.33 73.59
996.1 65405.36 48595.57 74.30
997.1 65143.00 48857.25 75.00
998.0 67149.60 48649.20 72.45
999.0 66846.51 49141.22 73.51
1000.0 67127.69 48751.95 72.63
1000.9 65712.83 48399.27 73.65
1001.9 66491.34 48652.20 73.17
1002.8 64393.95 47668.25 74.03
1003.8 65025.46 48441.79 74.50
1004.8 66172.20 48374.16 73.10
961.5 59748.86 35385.25 59.22
965.5 58598.35 35227.25 60.12
969.5 56260.49 34478.08 61.28
973.4 53913.29 33673.27 62.46
977.4 51859.95 33076.96 63.78
981.4 50850.20 32943.58 64.79
985.3 50481.20 33107.80 65.58
989.3 50535.22 33466.90 66.22
993.3 50635.09 33835.64 66.82
997.2 50595.02 34083.91 67.37
1001.2 50545.04 34339.76 67.94
1005.2 50473.33 34665.75 68.68
1009.1 50535.74 35127.35 69.51
1013.1 50697.93 35657.41 70.33
1017.1 50843.90 36189.06 71.18
1021.0 50855.49 36630.53 72.03
1025.0 50816.26 37030.27 72.87
1029.0 50641.08 37325.60 73.71
1032.9 50496.42 37645.79 74.55
1036.9 50486.34 38068.92 75.40
1040.9 50614.23 38557.38 76.18
1044.8 50848.91 39103.02 76.90
1048.8 51055.33 39610.37 77.58
1052.7 51200.97 40021.25 78.17
1056.7 51265.76 40311.74 78.63
1060.7 51328.86 40515.88 78.93
1064.6 51364.29 40678.22 79.20
1068.6 51285.22 40708.70 79.38
1072.5 51205.93 40637.85 79.36
1076.5 51155.97 40554.38 79.28
1080.4 51154.95 40456.75 79.09
1084.4 51258.31 40374.87 78.77
1088.3 51367.47 40252.58 78.36
1092.3 51376.13 39987.08 77.83
1096.2 51342.58 39662.65 77.25
1100.2 51360.86 39363.56 76.64
1104.1 51244.60 38954.41 76.02
1108.1 51175.76 38564.72 75.36
1112.0 51059.75 38115.59 74.65
1116.0 50831.30 37540.62 73.85
1119.9 50653.13 36918.48 72.88
1123.9 50703.41 36337.06 71.67
1127.8 50649.60 35450.88 69.99
1131.8 50608.23 34309.05 67.79
1135.7 50617.81 33003.52 65.20
1139.6 50606.06 31571.45 62.39
1143.6 50555.26 30177.91 59.69
1147.5 50517.05 28983.05 57.37
1151.4 50365.69 27973.52 55.54
1155.4 50355.11 27323.25 54.26
1159.3 50376.78 26895.49 53.39
1163.2 50207.59 26507.71 52.80
1167.2 50161.80 26298.66 52.43
1171.1 50174.37 26158.27 52.13
1175.0 50101.08 25998.57 51.89
1179.0 50065.70 25862.42 51.66
1182.9 50165.17 25787.69 51.41
1186.8 50159.61 25674.00 51.18
1190.7 49934.95 25460.03 50.99
1194.7 49665.47 25246.50 50.83
1198.6 49438.62 25079.67 50.73
1202.5 49264.40 24986.24 50.72
1206.4 49122.14 24963.32 50.82
1210.3 49037.26 24989.49 50.96
1214.2 48930.30 25030.98 51.16
1218.2 48765.56 25076.87 51.42
1222.1 48630.48 25161.83 51.74
1226.0 48538.40 25262.81 52.05
1229.9 48450.48 25350.96 52.32
1233.8 48352.03 25439.38 52.61
1237.7 48317.50 25524.31 52.83
1241.6 48229.08 25575.01 53.03
1245.5 48061.09 25596.93 53.26
1249.4 47934.98 25616.24 53.44
1253.3 47803.87 25625.44 53.61
1257.2 47735.46 25639.42 53.71
1261.1 47624.11 25614.14 53.78
1265.0 47490.52 25557.33 53.82
1268.9 47304.07 25427.95 53.75
1272.8 47372.70 25419.15 53.66
1276.7 47590.81 25466.01 53.51
1280.6 47691.16 25413.40 53.29
1284.5 47615.01 25228.75 52.98
1288.4 47591.67 25040.78 52.62
1292.3 47467.75 24755.50 52.15
1296.2 47318.59 24423.29 51.61
1300.1 47148.87 24040.41 50.99
1303.9 46897.39 23564.99 50.25
1307.8 46639.44 23059.73 49.44
1311.7 46386.67 22518.38 48.54
1315.6 46123.85 21940.99 47.57
1319.5 45848.18 21332.19 46.53
1323.3 45606.50 20723.81 45.44
1327.2 45386.16 20103.90 44.30
1331.1 45132.53 19473.74 43.15
1335.0 44824.46 18832.61 42.01
1338.8 44600.56 18249.35 40.92
1342.7 44421.07 17721.52 39.89
1346.5 44042.02 17122.69 38.88
1350.4 43720.62 16565.22 37.89
1354.3 43279.60 16007.80 36.99
1358.1 42799.92 15480.28 36.17
1362.0 42533.76 15035.75 35.35
1365.8 42447.40 14644.37 34.50
1369.7 42569.31 14264.47 33.51
1373.5 42515.11 13688.39 32.20
1377.4 42239.08 12923.08 30.60
1381.2 42024.35 12084.88 28.76
1385.1 42007.68 11240.87 26.76
1389.0 41913.21 10354.04 24.70
1392.8 41686.58 9454.82 22.68
1396.6 41522.45 8657.62 20.85
1400.5 41297.26 7962.98 19.28
1404.3 41119.22 7393.90 17.98
1408.2 41089.83 6953.59 16.92
1412.0 41038.18 6602.93 16.09
1415.8 41063.56 6349.42 15.46
1419.6 41020.11 6142.37 14.97
1423.5 40984.07 5984.06 14.60
1427.3 40938.38 5873.06 14.35
1431.1 40915.35 5791.58 14.16
1434.9 40812.08 5714.02 14.00
1438.8 40755.58 5667.12 13.91
1442.6 40720.04 5633.83 13.84
1446.4 40579.53 5589.63 13.77
1450.2 40476.97 5574.95 13.77
1454.0 40349.16 5560.92 13.78
1457.8 40313.93 5562.03 13.80
1461.6 40291.52 5583.20 13.86
1465.4 40157.17 5601.42 13.95
1469.2 39958.10 5630.63 14.09
1473.0 39808.79 5687.95 14.29
1476.8 39739.71 5779.29 14.54
1480.7 39668.27 5879.82 14.82
1484.4 39532.92 5994.12 15.16
1488.2 39418.92 6135.48 15.56
1492.0 39281.08 6283.06 16.00
1495.8 39157.30 6417.78 16.39
1499.6 39041.55 6524.78 16.71
1503.4 38891.42 6616.90 17.01
1507.2 38758.78 6691.50 17.26
1510.9 38603.27 6752.53 17.49
1514.7 38431.80 6824.95 17.76
1518.5 38296.78 6910.15 18.04
1522.3 38148.01 6983.81 18.31
1526.0 38038.86 7083.48 18.62
1529.8 37977.87 7196.66 18.95
1533.6 37845.65 7284.72 19.25
1537.3 37710.11 7385.48 19.58
1541.1 37580.52 7502.17 19.96
1544.8 37449.60 7598.40 20.29
1548.6 37314.89 7683.18 20.59
1552.4 37219.38 7782.74 20.91
1556.1 37135.69 7863.83 21.18
1559.9 37030.39 7931.32 21.42
1563.6 36900.49 8007.93 21.70
1567.3 36782.10 8106.88 22.04
1571.1 36560.28 8190.84 22.40
1574.8 36404.14 8287.66 22.77
1578.6 36302.38 8384.27 23.10
1582.3 36157.52 8449.89 23.37
1586.0 36009.48 8493.82 23.59
1589.8 35863.84 8534.08 23.80
1593.5 35710.53 8572.74 24.01
1597.2 35575.62 8614.79 24.22
1600.9 35432.24 8660.41 24.44
1604.7 35280.85 8696.46 24.65
1608.4 35142.04 8738.59 24.87
1612.1 34980.47 8778.16 25.09
1615.8 34834.07 8817.99 25.31
1619.5 34752.20 8876.03 25.54
1623.2 34595.03 8914.90 25.77
1626.9 34406.93 8922.65 25.93
1630.6 34230.90 8934.64 26.10
1634.3 34081.71 8963.53 26.30
1638.0 33920.36 8971.33 26.45
1641.7 33748.10 8969.07 26.58
1645.4 33556.70 8960.74 26.70
1649.1 33353.05 8935.89 26.79
1652.8 33189.89 8910.78 26.85
1656.4 33018.59 8884.44 26.91
1660.1 32845.97 8855.14 26.96
1663.8 32642.92 8813.38 27.00
1667.5 32483.35 8783.91 27.04
1671.1 32351.26 8738.98 27.01
1674.8 32144.07 8674.09 26.99
1678.5 32080.00 8644.56 26.95
1682.1 32102.13 8614.88 26.84
1685.8 32123.16 8579.04 26.71
1689.5 32018.65 8502.07 26.55
1693.1 31881.24 8422.98 26.42
1696.8 31732.38 8345.75 26.30
1700.4 31582.94 8244.10 26.10
1704.0 31466.76 8142.37 25.88
1707.7 31189.67 8004.58 25.66
1711.3 30882.00 7842.78 25.40
1715.0 30659.79 7703.80 25.13
1718.6 30484.31 7585.74 24.88
1722.2 30333.58 7476.84 24.65
1725.9 30181.80 7369.30 24.42
1729.5 30037.98 7272.10 24.21
1733.1 29910.73 7213.79 24.12
1736.7 29788.38 7170.61 24.07
1740.3 29614.18 7089.20 23.94
1744.0 29528.30 7015.49 23.76
1747.5 29373.44 6919.55 23.56
1751.2 29138.63 6799.09 23.33
1754.8 28975.37 6692.31 23.10
1758.4 28834.48 6591.76 22.86
1762.0 28639.33 6493.30 22.67
1765.5 28498.38 6419.24 22.52
1769.1 28452.00 6381.60 22.43
1772.7 28378.96 6345.44 22.36
1776.3 28252.73 6282.44 22.24
1779.9 28119.54 6223.18 22.13
1783.5 28061.20 6192.56 22.07
1787.0 27938.82 6137.54 21.97
1790.6 27774.17 6094.20 21.94
1794.2 27666.21 6068.93 21.94
1797.8 27558.84 6040.36 21.92
1801.3 27465.68 6017.53 21.91
1804.9 27315.75 5990.25 21.93
1808.4 27221.13 5973.22 21.94
1812.0 27071.27 5929.56 21.90
1815.5 26907.62 5893.60 21.90
1819.1 26703.43 5851.68 21.91
1822.6 26545.43 5806.63 21.87
1826.2 26400.51 5763.37 21.83
1829.7 26207.46 5709.80 21.79
1833.2 25952.41 5639.95 21.73
1836.8 25712.51 5576.94 21.69
1840.3 25567.16 5528.66 21.62
1843.8 25454.03 5481.14 21.53
1847.3 25371.56 5435.98 21.43
1850.8 25264.51 5378.69 21.29
1854.3 25105.60 5298.30 21.10
1857.8 25027.60 5189.60 20.74
1861.3 25027.70 5068.53 20.25
1864.8 24948.54 4866.54 19.51
1868.3 24715.93 4568.59 18.48
1871.8 24529.92 4293.12 17.50
1875.3 24489.01 4029.94 16.46
1878.8 24485.84 3766.46 15.38
1882.3 24423.29 3501.35 14.34
1885.8 24245.59 3268.62 13.48
1889.3 24030.42 3061.15 12.74
1892.7 23852.68 2921.82 12.25
1896.2 23673.74 2836.22 11.98
1899.7 23427.69 2796.03 11.93
1903.1 23323.61 2794.18 11.98
1906.6 23396.53 2856.37 12.21
1910.0 23683.33 3127.20 13.20
1913.5 24138.15 3480.13 14.42
1917.0 24628.98 3987.90 16.19
1920.4 25146.40 4530.05 18.01
1923.8 25520.19 5039.02 19.75
1871.2 22263.77 2792.99 12.54
1873.9 22507.55 2684.58 11.93
1876.7 22626.01 2526.21 11.17
1879.5 22737.83 2421.33 10.65
1882.3 22382.76 2264.44 10.12
1885.1 22317.18 2060.18 9.23
1887.8 22505.15 1896.73 8.43
1890.6 22306.26 1801.03 8.07
1893.4 22256.67 1738.00 7.81
1896.2 22163.50 1657.28 7.48
1898.9 22083.42 1586.56 7.18
1901.7 21937.94 1493.10 6.81
1904.5 22143.94 1481.20 6.69
1907.2 22059.00 1491.50 6.76
1910.0 21927.95 1487.23 6.78
1912.7 21918.25 1485.24 6.78
1915.5 21816.04 1486.52 6.81
1918.2 21741.95 1481.43 6.81
1921.0 21589.30 1468.17 6.80
1923.7 21620.81 1470.74 6.80
1926.5 21581.93 1498.07 6.94
1929.2 21568.04 1484.69 6.88
1932.0 21551.20 1456.76 6.76
1934.7 21508.34 1475.79 6.86
1937.4 21385.99 1479.50 6.92
1940.2 21322.79 1493.64 7.00
1942.9 21412.44 1498.14 7.00
1945.6 21432.94 1497.92 6.99
1948.3 21347.13 1519.21 7.12
1951.1 21319.83 1511.02 7.09
1953.8 21321.00 1512.00 7.09
1956.5 21174.65 1509.48 7.13
1959.2 21255.91 1503.97 7.08
1961.9 21274.22 1531.72 7.20
1964.6 21161.18 1547.00 7.31
1967.3 21232.43 1584.20 7.46
1970.0 21063.36 1562.88 7.42
1972.8 20962.32 1564.97 7.47
1975.5 21019.32 1609.67 7.66
1978.2 20951.00 1614.76 7.71
1980.9 20833.51 1635.32 7.85
1983.5 20753.87 1643.21 7.92
1986.2 20730.84 1620.87 7.82
1988.9 20710.47 1655.79 7.99
1991.6 20560.54 1677.17 8.16
1994.3 20429.18 1652.13 8.09
1997.0 20463.02 1692.52 8.27
1999.7 20411.81 1697.16 8.31
2002.3 20392.69 1705.86 8.37
2005.0 20300.64 1749.01 8.62
2007.7 20215.73 1742.93 8.62
2010.4 20150.59 1741.55 8.64
2013.0 20054.41 1763.90 8.80
2015.7 19971.23 1790.25 8.96
2018.4 19850.99 1792.77 9.03
2021.0 19776.67 1790.67 9.05
2023.7 19665.12 1783.63 9.07
2026.4 19623.72 1780.13 9.07
2029.0 19549.52 1805.09 9.23
2031.7 19389.93 1797.03 9.27
2034.3 19392.75 1816.75 9.37
2037.0 19277.12 1846.64 9.58
2039.6 19203.81 1839.92 9.58
2042.3 19169.68 1836.65 9.58
2044.9 19085.22 1862.52 9.76
2047.5 19057.17 1862.52 9.77
2050.2 18939.20 1842.40 9.73
2052.8 18894.40 1873.20 9.91
2055.4 18768.37 1868.71 9.96
2058.1 18622.80 1850.80 9.94
2060.7 18569.98 1878.24 10.11
2063.3 18475.60 1881.00 10.18
2065.9 18427.79 1845.29 10.01
2068.6 18352.42 1853.67 10.10
2071.2 18299.61 1905.57 10.41
2073.8 18217.15 1888.88 10.37
2076.4 18153.52 1900.11 10.47
2079.0 18135.74 1933.28 10.66
2081.6 18151.63 1921.51 10.59
2084.2 18112.28 1918.73 10.59
2086.8 17948.60 1911.95 10.65
2089.4 17865.33 1923.26 10.77
2092.1 17782.00 1957.83 11.01
2094.7 17712.75 1949.25 11.00
2097.2 17685.67 1955.00 11.05
2099.8 17677.80 1958.51 11.08
2102.4 17557.58 1953.37 11.13
2105.0 17419.20 1957.95 11.24
2107.6 17352.05 1962.50 11.31
2110.2 17317.12 1983.48 11.45
2112.8 17308.85 1975.70 11.41
2115.3 17299.79 1983.14 11.46
2117.9 17305.54 2010.86 11.62
2120.5 17283.04 2005.52 11.60
2123.1 17169.75 2018.25 11.75
2125.6 17130.75 2043.98 11.93
2128.2 17041.98 2028.18 11.90
2130.8 16938.68 2029.95 11.98
2133.3 16907.73 2044.53 12.09
2135.9 16811.63 2023.87 12.04
2138.4 16669.29 2021.41 12.13
2141.0 16557.51 2018.64 12.19
2143.6 16519.94 2028.71 12.28
2146.1 16331.26 2030.39 12.43
2148.7 16166.35 2005.74 12.41
2151.2 16200.80 2021.07 12.48
2153.8 16223.65 2057.39 12.68
2156.3 16092.71 2040.75 12.68
2158.8 16012.97 2034.85 12.71
2161.4 15977.02 2034.35 12.73
2163.9 15879.72 2019.61 12.72
2166.4 15806.34 2010.53 12.72
2169.0 15776.77 2019.40 12.80
2171.5 15691.03 2019.40 12.87
2174.0 15580.08 1987.30 12.76
2176.5 15568.93 2006.29 12.89
2179.1 15528.15 2002.76 12.90
2181.6 15436.46 2004.46 12.99
2184.1 15393.84 2020.48 13.13
2186.6 15412.36 2030.50 13.17
2189.1 15330.96 2015.88 13.15
2191.6 15265.13 1992.67 13.05
2194.1 15289.63 2032.86 13.30
2196.6 15291.79 2024.41 13.24
2199.2 15355.64 2005.79 13.06
2201.7 15282.97 2041.55 13.36
2204.1 15217.08 2052.40 13.49
2206.6 15263.16 2044.04 13.39
2209.1 15196.78 2032.55 13.37
2211.6 15154.34 2013.73 13.29
2214.1 15142.04 2022.49 13.36
2216.6 15136.36 1997.92 13.20
2219.1 15121.17 1978.93 13.09
2221.6 15017.30 1990.89 13.26
2224.0 14973.30 1965.96 13.13
2226.5 14953.65 1940.55 12.98
2229.0 14990.65 1987.08 13.26
2231.5 14856.57 1953.30 13.15
2233.9 14819.93 1897.23 12.80
2236.4 14830.12 1922.28 12.96
2238.9 14725.00 1902.63 12.92
2241.3 14738.24 1885.03 12.79
2243.8 14703.26 1869.49 12.71
2246.2 14560.76 1822.03 12.51
2248.7 14543.49 1804.92 12.41
2251.2 14547.02 1817.90 12.50
2253.6 14461.44 1804.80 12.48
2256.1 14411.52 1754.88 12.18
2258.5 14448.51 1778.69 12.31
2260.9 14358.24 1744.93 12.15
2263.4 14286.28 1677.35 11.74
2265.8 14286.52 1700.23 11.90
2268.3 14242.68 1662.48 11.67
2270.7 14293.95 1654.32 11.57
2273.1 14208.68 1645.22 11.58
2275.6 14138.88 1628.16 11.52
2278.0 14162.68 1614.20 11.40
2280.4 14119.54 1593.21 11.28
2282.8 13992.20 1587.38 11.34
2285.3 14040.77 1559.22 11.10
2287.7 14128.29 1558.10 11.03
2290.1 13998.75 1541.80 11.01
2292.5 13976.47 1492.09 10.68
2294.9 14012.61 1521.39 10.86
2297.3 13889.96 1467.31 10.56
2299.7 13787.58 1385.87 10.05
2302.1 13749.17 1406.34 10.23
2304.5 13602.40 1403.36 10.32
2306.9 13496.56 1348.48 9.99
2309.3 13451.64 1332.23 9.90
2311.7 13329.30 1346.28 10.10
2314.1 13154.03 1315.40 10.00
2316.5 13124.14 1323.84 10.09
2318.9 13145.46 1344.11 10.22
2321.3 13101.23 1374.70 10.49
2323.7 13118.10 1377.70 10.50
2326.1 13081.38 1333.93 10.20
2328.4 13108.17 1326.28 10.12
2330.8 13202.52 1337.43 10.13
2333.2 13104.54 1313.75 10.03
2335.6 13023.78 1295.32 9.95
2337.9 13062.53 1293.73 9.90
2340.3 13002.24 1276.29 9.82
2342.7 12902.35 1248.34 9.68
2345.0 12884.39 1240.03 9.62
2347.4 12860.50 1236.75 9.62
2349.7 12661.22 1200.34 9.48
2352.1 12633.43 1183.58 9.37
2354.4 12658.59 1199.24 9.47
2356.8 12578.77 1187.08 9.44
2359.2 12527.67 1161.33 9.27
2361.5 12479.13 1191.19 9.55
2363.8 12494.29 1168.18 9.35
2366.2 12489.73 1173.95 9.40
2368.5 12451.10 1165.90 9.36
2370.9 12453.76 1127.28 9.05
2373.2 12415.30 1142.15 9.20
2375.5 12276.33 1126.73 9.18
2377.9 12211.78 1098.56 9.00
2380.2 12242.21 1090.44 8.91
2382.5 12139.99 1084.42 8.93
2384.8 12068.64 1076.48 8.92
2387.2 12086.52 1097.07 9.08
2389.5 12068.58 1100.15 9.12
2391.8 12016.43 1050.49 8.74
2394.1 11909.46 1031.64 8.66
2396.4 11863.59 1035.40 8.73
2398.7 11940.46 1013.31 8.49
2401.0 11823.50 1013.73 8.57
2403.3 11693.04 1000.98 8.56
2405.6 11741.09 1039.65 8.85
2407.9 11668.29 1057.11 9.06
2410.2 11575.79 992.64 8.58
2412.5 11525.22 960.44 8.33
2414.8 11512.67 970.52 8.43
2417.1 11505.36 970.39 8.43
2419.4 11477.63 963.85 8.40
2421.7 11364.91 951.46 8.37
2424.0 11316.90 956.28 8.45
2426.2 11347.35 968.35 8.53
2428.5 11281.78 951.87 8.44
2430.8 11243.35 931.95 8.29
2433.1 11179.50 945.92 8.46
2435.4 11100.48 928.77 8.37
2437.6 11066.91 872.82 7.89
2439.9 10932.41 853.48 7.81
2442.2 10967.11 870.32 7.94
2444.4 10975.51 867.24 7.90
2446.7 10909.12 881.84 8.08
2448.9 10931.40 900.09 8.23
2451.2 10853.16 894.00 8.24
2453.4 10787.73 873.87 8.10
2455.7 10721.98 839.27 7.83
2457.9 10647.12 842.49 7.91
2460.2 10665.45 850.77 7.98
2462.4 10576.80 873.60 8.26
2464.7 10503.38 813.78 7.75
2466.9 10471.02 719.04 6.87
2469.2 10480.86 758.36 7.24
2471.4 10359.57 794.37 7.67
2473.6 10250.05 783.32 7.64
2475.9 10220.96 772.16 7.55
2478.1 10124.53 778.81 7.69
2480.3 10080.49 744.90 7.39
2482.5 10057.71 714.83 7.11
2484.8 9961.32 735.45 7.38
2487.0 9924.93 711.04 7.16
2489.2 9935.52 768.91 7.74
2491.4 9875.23 745.45 7.55
2493.6 9884.14 697.61 7.06
2495.8 9866.24 760.16 7.70
2498.0 9849.60 753.92 7.65
2500.2 9865.68 758.25 7.69
2502.4 10096.56 772.56 7.65
2504.6 10244.49 807.54 7.88
2506.8 10345.65 857.27 8.29
