/*** Spectra Vista SIG Data ***/
name= \My Documents\HR1024_Data\RD3S14.
instrument= HR: 1091052
integration= 200, 60, 30, 200, 60, 30
scan time= 1, 1
scan settings= AD, AI, AD, AI
external data set1= 8224, 8224, 8224, 8224, 8224, 8224, 8224, 8224, 8224, 8224, 8224, 8224, 8224, 8224, 8224, 8224
external data set2= 8224, 8224, 8224, 8224, 8224, 8224, 8224, 8224, 8224, 8224, 8224, 8224, 8224, 8224, 8224, 8224
external data dark= 0,0,0,0,0,0,0,0
external data mask= 0
optic= LENS4 , LENS4 
temp= 32.98, 8.88, -5.37, 42.89, 8.94, -5.24
battery= 7.6, 7.0
error= 0, 0
units= Radiance, Radiance
time= 1/26/08 10:33:54 AM, 1/26/08 11:12:22 AM
longitude= , 
latitude= , 
gpstime= , 
comm= 
memory slot= 0, 0
factors= 
data= 
346.4 598.78 203.84 34.04
347.9 627.50 213.35 34.00
349.5 677.04 221.52 32.72
351.1 739.44 224.64 30.38
352.6 790.63 230.86 29.20
354.2 841.03 238.89 28.40
355.7 912.59 255.93 28.04
357.3 974.37 256.60 26.33
358.8 992.58 272.61 27.46
360.4 1062.29 277.88 26.16
361.9 1117.88 285.57 25.55
363.5 1149.55 294.31 25.60
365.1 1196.29 291.27 24.35
366.6 1260.16 300.37 23.84
368.2 1349.72 302.18 22.39
369.7 1403.95 303.65 21.63
371.3 1488.21 316.08 21.24
372.8 1577.00 328.68 20.84
374.4 1638.71 333.75 20.37
375.9 1688.10 347.55 20.59
377.4 1740.09 344.77 19.81
379.0 1788.57 346.89 19.40
380.5 1855.73 338.53 18.24
382.1 1905.98 351.65 18.45
383.6 1973.16 351.54 17.82
385.2 2065.25 354.75 17.18
386.7 2149.76 368.22 17.13
388.3 2271.83 369.58 16.27
389.8 2363.45 389.79 16.49
391.3 2453.59 409.40 16.69
392.9 2526.36 415.37 16.44
394.4 2602.50 433.26 16.65
395.9 2690.98 445.88 16.57
397.5 2829.48 458.66 16.21
399.0 2963.31 482.04 16.27
400.6 3033.76 464.12 15.30
402.1 3072.78 461.82 15.03
403.6 3116.75 450.73 14.46
405.1 3199.00 454.72 14.21
406.7 3304.00 470.40 14.24
408.2 3412.53 483.37 14.16
409.7 3521.28 495.04 14.06
411.3 3642.17 516.38 14.18
412.8 3732.75 526.14 14.10
414.3 3845.02 540.90 14.07
415.8 3965.00 565.00 14.25
417.4 4085.95 564.19 13.81
418.9 4192.21 576.84 13.76
420.4 4267.16 585.74 13.73
421.9 4346.32 595.32 13.70
423.5 4413.15 597.76 13.54
425.0 4492.75 602.33 13.41
426.5 4594.55 608.45 13.24
428.0 4712.54 607.54 12.89
429.5 4856.53 620.15 12.77
431.1 5025.20 628.88 12.51
432.6 5198.44 645.96 12.43
434.1 5370.75 666.05 12.40
435.6 5520.56 692.73 12.55
437.1 5670.60 702.00 12.38
438.6 5806.58 715.26 12.32
440.1 5943.54 719.65 12.11
441.6 6091.61 732.92 12.03
443.1 6230.93 755.33 12.12
444.7 6356.12 770.63 12.12
446.2 6474.98 789.38 12.19
447.7 6582.53 800.43 12.16
449.2 6691.68 816.48 12.20
450.7 6814.08 819.52 12.03
452.2 6930.56 829.23 11.96
453.7 7066.33 838.13 11.86
455.2 7233.85 854.42 11.81
456.7 7443.04 872.96 11.73
458.2 7673.27 901.71 11.75
459.7 7920.50 929.25 11.73
461.2 8156.07 956.63 11.73
462.7 8366.46 973.76 11.64
464.2 8568.06 1002.84 11.70
465.7 8788.58 1026.99 11.69
467.2 8970.50 1054.90 11.76
468.7 9176.00 1076.00 11.73
470.2 9305.26 1093.47 11.75
471.7 9490.50 1128.13 11.89
473.2 9788.42 1148.07 11.73
474.6 10042.30 1157.20 11.52
476.1 10127.24 1159.64 11.45
477.6 10169.21 1141.22 11.22
479.1 10224.56 1137.31 11.12
480.6 10293.47 1138.49 11.06
482.1 10426.95 1145.63 10.99
483.6 10590.11 1162.75 10.98
485.1 10796.39 1179.28 10.92
486.6 11041.55 1196.09 10.83
488.0 11290.50 1225.25 10.85
489.5 11568.25 1261.32 10.90
491.0 11840.59 1288.39 10.88
492.5 12119.22 1320.30 10.89
494.0 12409.65 1358.69 10.95
495.4 12660.45 1382.70 10.92
496.9 12912.44 1424.51 11.03
498.4 13155.80 1460.63 11.10
499.9 13408.52 1502.81 11.21
501.4 13645.90 1525.13 11.18
502.8 13864.50 1572.21 11.34
504.3 14081.40 1603.80 11.39
505.8 14291.05 1631.96 11.42
507.2 14436.37 1664.60 11.53
508.7 14548.87 1699.02 11.68
510.2 14651.50 1720.61 11.74
511.6 14718.08 1728.55 11.74
513.1 14838.45 1761.54 11.87
514.6 14986.45 1787.29 11.93
516.0 15112.04 1809.24 11.97
517.5 15305.31 1832.07 11.97
519.0 15537.89 1875.99 12.07
520.5 15768.60 1910.60 12.12
521.9 16045.99 1954.35 12.18
523.4 16363.11 1998.54 12.21
524.8 16675.79 2044.65 12.26
526.3 17027.53 2093.91 12.30
527.8 17380.80 2153.43 12.39
529.2 17706.86 2193.00 12.39
530.7 18056.71 2245.01 12.43
532.1 18377.28 2294.25 12.48
533.6 18738.23 2352.66 12.56
535.0 19114.67 2409.91 12.61
536.5 19476.07 2461.84 12.64
538.0 19846.24 2526.32 12.73
539.4 20198.95 2586.71 12.81
540.9 20626.19 2646.69 12.83
542.3 20984.92 2698.41 12.86
543.8 21250.33 2741.78 12.90
545.2 21329.19 2767.85 12.98
546.6 21331.64 2796.80 13.11
548.1 21362.06 2817.79 13.19
549.5 21376.46 2846.20 13.31
551.0 21386.66 2865.47 13.40
552.4 21443.54 2899.60 13.52
553.9 21463.89 2937.39 13.69
555.3 21521.57 2983.50 13.86
556.8 21650.10 3028.16 13.99
558.2 21773.81 3093.19 14.21
559.6 21936.94 3159.58 14.40
561.1 22168.25 3248.38 14.65
562.5 22423.78 3341.21 14.90
564.0 22757.43 3453.72 15.18
565.4 23059.14 3574.29 15.50
566.8 23449.52 3706.77 15.81
568.3 23818.66 3844.76 16.14
569.7 24198.01 4006.89 16.56
571.1 24579.14 4164.68 16.94
572.6 24952.86 4328.64 17.35
574.0 25317.60 4507.80 17.81
575.4 25678.69 4698.00 18.30
576.9 26008.29 4882.19 18.77
578.3 26306.64 5083.65 19.32
579.7 26593.28 5286.75 19.88
581.1 26823.10 5486.37 20.45
582.6 27065.10 5703.45 21.07
584.0 27286.52 5923.28 21.71
585.4 27587.92 6155.78 22.31
586.8 27978.96 6426.11 22.97
588.3 28419.30 6704.10 23.59
589.7 28786.68 6984.90 24.26
591.1 29016.81 7229.40 24.91
592.5 29127.43 7477.56 25.67
594.0 29186.34 7707.84 26.41
595.4 29194.56 7919.94 27.13
596.8 29193.45 8151.00 27.92
598.2 29177.08 8368.26 28.68
599.6 29153.88 8588.43 29.46
601.0 29216.28 8819.63 30.19
602.4 29261.60 9049.45 30.93
603.9 29364.60 9301.79 31.68
605.3 29484.10 9566.13 32.45
606.7 29584.80 9817.20 33.18
608.1 29785.49 10099.66 33.91
609.5 30013.28 10393.16 34.63
610.9 30296.78 10702.38 35.33
612.3 30557.28 11010.78 36.03
613.7 30914.00 11347.16 36.71
615.1 31159.08 11644.56 37.37
616.5 31406.64 11944.41 38.03
617.9 31801.61 12297.59 38.67
619.3 32170.62 12668.27 39.38
620.7 32635.92 13075.04 40.06
622.1 33083.75 13531.09 40.90
623.5 33564.04 14065.46 41.91
624.9 34116.86 14620.99 42.86
626.3 34490.69 15071.12 43.70
627.7 34145.81 15169.80 44.43
629.1 33851.16 15265.74 45.10
630.5 33743.57 15430.74 45.73
631.9 33775.53 15645.30 46.32
633.3 33808.52 15825.22 46.81
634.7 33992.91 16058.04 47.24
636.1 34075.08 16214.89 47.59
637.5 34196.58 16343.17 47.79
638.9 34374.61 16421.18 47.77
640.2 34545.58 16440.94 47.59
641.6 34634.34 16361.28 47.24
643.0 34657.83 16203.17 46.75
644.4 34696.37 15965.07 46.01
645.8 34653.86 15615.44 45.06
647.2 34834.41 15469.61 44.41
648.5 34958.93 15419.21 44.11
649.9 34861.32 15339.29 44.00
651.3 34789.65 15328.05 44.06
652.7 34680.00 15289.80 44.09
654.1 34452.30 15092.10 43.81
655.5 34172.42 14834.87 43.41
656.8 33904.63 14542.14 42.89
658.2 34070.04 14400.22 42.27
659.6 34442.82 14314.60 41.56
660.9 34748.70 14171.35 40.78
662.3 35067.95 13987.28 39.89
663.7 35364.00 13792.80 39.00
665.0 35617.00 13575.82 38.12
666.4 35877.31 13358.49 37.23
667.8 36209.10 13211.60 36.49
669.1 36482.80 13055.28 35.78
670.5 36799.72 12959.66 35.22
671.9 36995.40 12878.52 34.81
673.2 37270.13 12871.23 34.53
674.6 37530.47 12907.46 34.39
676.0 37841.78 13019.45 34.40
677.3 38141.57 13192.22 34.59
678.7 38483.75 13470.38 35.00
680.0 38922.37 13903.63 35.72
681.4 39389.45 14517.97 36.86
682.8 39844.35 15310.75 38.43
684.1 40287.78 16312.14 40.49
685.5 40705.56 17516.63 43.03
686.8 41091.84 18897.72 45.99
688.2 41433.89 20395.38 49.22
689.5 41549.57 21903.32 52.72
690.9 41633.44 23449.48 56.32
692.2 41697.60 24936.45 59.80
693.6 41771.65 26411.30 63.23
694.9 41721.88 27764.95 66.55
696.2 41751.90 29075.74 69.64
697.6 41766.04 30294.55 72.53
698.9 41796.48 31431.84 75.20
700.3 41844.24 32485.89 77.64
701.6 41918.48 33429.93 79.75
703.0 41979.40 34317.47 81.75
704.3 41981.71 35056.13 83.50
705.6 41967.18 35700.84 85.07
707.0 41980.75 36297.85 86.46
708.3 41872.71 36751.71 87.77
709.6 41753.67 37145.60 88.96
711.0 41589.99 37442.84 90.03
712.3 41418.66 37690.66 91.00
713.6 41354.04 37993.62 91.87
714.9 41240.96 38222.18 92.68
716.3 41218.54 38508.88 93.43
717.6 41221.95 38789.87 94.10
718.9 41134.56 38940.84 94.67
720.2 40936.00 38973.48 95.21
721.6 40765.66 39043.42 95.78
722.9 40572.15 39020.78 96.18
724.2 40305.71 38941.49 96.62
725.5 40134.57 38905.14 96.94
726.8 39960.91 38853.40 97.23
728.1 39855.98 38857.28 97.49
729.5 39766.23 38828.90 97.64
730.8 39707.44 38823.23 97.77
732.1 39612.07 38771.97 97.88
733.4 39556.45 38752.14 97.97
734.7 39507.57 38724.53 98.02
736.0 39511.29 38778.42 98.15
737.3 39463.58 38792.63 98.30
738.6 39569.04 38941.00 98.41
739.9 39770.92 39183.95 98.52
741.2 39928.98 39399.36 98.67
742.5 40206.42 39745.65 98.85
743.8 40696.43 40274.85 98.96
745.1 41398.16 41065.96 99.20
746.4 42245.84 41952.82 99.31
747.7 43136.62 42828.19 99.28
749.0 43980.49 43646.17 99.24
750.3 44484.44 44099.13 99.13
751.6 44396.66 43977.56 99.06
752.9 43969.12 43529.39 99.00
754.2 43470.53 43053.89 99.04
755.4 42928.75 42588.82 99.21
756.7 42746.48 42478.73 99.37
758.0 42774.71 42579.67 99.54
759.3 43048.01 42934.97 99.74
760.6 43418.76 43347.92 99.84
761.9 43775.94 43741.64 99.92
763.1 43996.61 44021.87 100.06
764.4 44239.34 44306.59 100.15
765.7 44424.25 44508.75 100.19
767.0 44583.75 44689.43 100.24
768.2 44688.00 44872.80 100.41
769.5 44782.92 44994.81 100.47
770.8 44990.42 45237.68 100.55
772.0 45014.41 45319.28 100.68
773.3 45100.97 45436.46 100.74
774.6 45226.84 45583.07 100.79
775.8 45313.45 45705.89 100.87
777.1 45344.81 45759.29 100.91
778.4 45245.88 45733.19 101.08
779.6 45226.44 45753.06 101.16
780.9 45132.00 45708.00 101.28
782.1 44952.26 45583.49 101.40
783.4 44936.32 45610.24 101.50
784.6 44935.72 45676.16 101.65
785.9 45255.62 46036.12 101.72
787.1 45836.93 46717.23 101.92
788.4 46288.94 47180.81 101.93
789.6 46219.23 47080.52 101.86
790.9 45788.99 46578.03 101.72
792.1 45296.16 46111.12 101.80
793.4 44771.54 45643.77 101.95
794.6 44415.30 45324.33 102.05
795.8 44134.47 45042.93 102.06
797.1 43801.05 44770.95 102.21
798.3 43569.08 44576.40 102.31
799.5 43411.48 44487.83 102.48
800.8 43273.13 44348.30 102.48
802.0 43071.08 44210.12 102.64
803.2 42890.28 44033.84 102.67
804.5 42742.15 43949.66 102.83
805.7 42601.95 43800.41 102.81
806.9 42426.40 43643.63 102.87
808.1 42305.67 43542.36 102.92
809.4 42221.44 43446.56 102.90
810.6 42105.70 43361.50 102.98
811.8 42062.43 43333.58 103.02
813.0 42071.08 43351.97 103.04
814.2 42081.20 43375.29 103.08
815.4 42185.03 43445.97 102.99
816.6 42225.34 43476.04 102.96
817.9 42273.21 43459.46 102.81
819.1 42166.58 43354.43 102.82
820.3 42039.03 43179.92 102.71
821.5 41905.07 43012.36 102.64
822.7 41849.58 42905.27 102.52
823.9 41838.35 42859.13 102.44
825.1 41851.34 42803.34 102.27
826.3 41890.94 42763.10 102.08
827.5 41937.05 42728.31 101.89
828.7 42011.28 42704.40 101.65
829.9 42039.57 42638.56 101.42
831.0 42140.75 42627.82 101.16
832.2 42235.78 42647.19 100.97
833.4 42305.18 42640.16 100.79
834.6 42417.19 42689.06 100.64
835.8 42496.65 42699.83 100.48
837.0 42597.61 42774.01 100.41
838.1 42745.68 42904.66 100.37
839.3 42856.00 42972.88 100.27
840.5 42989.60 43073.41 100.19
841.7 43156.80 43206.75 100.12
842.9 43298.86 43334.37 100.08
844.0 43430.88 43446.34 100.04
845.2 43568.90 43610.96 100.10
846.4 43732.15 43748.27 100.04
847.5 43960.00 43960.00 100.00
848.7 44164.79 44164.79 100.00
849.9 44393.85 44330.85 99.86
851.0 44478.08 44384.92 99.79
852.2 44569.63 44398.82 99.62
853.3 44562.81 44414.25 99.67
854.5 44594.90 44379.35 99.52
855.6 44615.97 44380.80 99.47
856.8 44687.86 44408.29 99.37
857.9 44681.40 44442.23 99.46
859.1 44832.20 44559.40 99.39
860.2 44876.88 44537.76 99.24
861.4 44954.55 44636.18 99.29
862.5 45021.69 44666.53 99.21
863.7 45150.84 44764.10 99.14
864.8 45213.35 44801.05 99.09
865.9 45167.77 44749.42 99.07
867.1 45241.43 44762.11 98.94
868.2 45295.54 44774.10 98.85
869.3 45314.27 44756.92 98.77
870.5 45282.48 44695.97 98.70
871.6 45315.83 44662.66 98.56
872.7 45413.27 44720.73 98.48
873.9 45478.16 44730.41 98.36
875.0 45456.71 44667.61 98.26
876.1 45452.45 44635.99 98.20
877.2 45498.99 44645.25 98.12
878.3 45519.98 44580.11 97.94
879.4 45563.53 44589.43 97.86
880.5 45631.08 44554.68 97.64
881.7 45596.20 44480.80 97.55
882.8 45693.96 44487.86 97.36
883.9 45722.91 44470.59 97.26
885.0 45675.63 44327.01 97.05
886.1 45712.78 44236.44 96.77
887.2 45537.58 44019.96 96.67
888.3 45475.07 43838.44 96.40
889.4 45347.40 43673.87 96.31
890.5 45259.13 43512.16 96.14
891.6 45193.70 43389.20 96.01
892.7 45201.31 43301.34 95.80
893.8 45270.56 43271.86 95.58
894.9 45248.28 43239.68 95.56
896.0 45235.90 43115.90 95.31
897.0 45257.72 43088.08 95.21
898.1 45230.13 43028.99 95.13
899.2 45252.30 42973.34 94.96
900.3 45165.90 42780.84 94.72
901.4 45101.16 42631.16 94.52
902.4 45077.20 42586.59 94.47
903.5 45018.01 42470.00 94.34
904.6 45035.56 42362.26 94.06
905.7 45038.93 42304.36 93.93
906.7 44985.82 42201.30 93.81
907.8 45025.57 42178.18 93.68
908.9 44904.57 41969.88 93.46
909.9 44897.74 41861.60 93.24
911.0 44830.08 41760.34 93.15
912.1 44749.25 41602.05 92.97
913.1 44707.00 41456.48 92.73
914.2 44554.62 41199.13 92.47
915.2 44505.45 41098.86 92.35
916.3 44491.35 41004.00 92.16
917.3 44461.10 40844.41 91.87
918.4 44383.35 40608.43 91.49
919.4 44330.69 40498.12 91.35
920.5 44315.70 40328.32 91.00
921.5 44285.78 40207.65 90.79
922.6 44268.10 40023.50 90.41
923.6 44262.16 39930.66 90.21
924.7 44333.00 39807.25 89.79
925.7 44276.22 39573.84 89.38
926.7 44252.98 39437.15 89.12
927.8 44374.33 39232.05 88.41
928.8 44502.63 39176.19 88.03
929.9 44598.23 39047.47 87.55
930.9 44802.27 39013.60 87.08
931.9 45011.35 38991.38 86.63
932.9 45355.12 39050.30 86.10
934.0 45370.16 38890.38 85.72
935.0 45397.97 38693.73 85.23
936.0 45413.73 38425.18 84.61
937.0 45319.95 38194.85 84.28
938.1 45295.44 37949.27 83.78
939.1 45257.91 37746.97 83.40
940.1 45342.90 37512.60 82.73
941.1 45568.46 37534.93 82.37
942.1 45803.34 37542.49 81.96
943.1 45999.43 37438.74 81.39
944.1 46171.28 37389.61 80.98
945.2 46338.18 37172.10 80.22
946.2 46411.22 37044.54 79.82
947.2 46518.25 36848.13 79.21
948.2 46693.82 36726.85 78.65
949.2 46838.19 36506.44 77.94
950.2 46912.95 36291.15 77.36
951.2 46909.80 36042.72 76.83
952.2 47054.57 35853.87 76.20
953.2 47260.85 35697.03 75.53
954.2 47365.65 35561.93 75.08
955.2 47408.68 35333.75 74.53
956.2 47434.65 35129.82 74.06
957.2 47543.77 34931.42 73.47
958.2 47601.59 34800.21 73.11
959.2 47735.55 34632.00 72.55
960.1 47775.14 34584.64 72.39
961.1 47870.63 34606.11 72.29
962.1 47933.44 34520.63 72.02
963.1 48032.50 34514.81 71.86
964.1 48057.21 34459.99 71.71
965.1 48243.99 34394.22 71.29
966.1 48335.33 34505.57 71.39
967.0 48410.39 34532.61 71.33
968.0 48434.88 34528.04 71.29
969.0 48556.60 34518.20 71.09
970.0 48603.65 34565.54 71.12
971.0 48737.12 34633.20 71.06
971.9 48722.90 34576.02 70.96
972.9 48879.95 34742.14 71.08
973.9 48859.53 34738.28 71.10
974.9 49044.08 34877.59 71.11
975.8 49101.73 35024.01 71.33
976.8 49135.91 35127.07 71.49
977.8 49315.41 35202.54 71.38
978.8 49372.50 35275.80 71.45
979.7 49504.50 35423.22 71.56
980.7 49626.72 35629.44 71.79
981.7 49868.69 35955.89 72.10
982.6 50026.42 36199.54 72.36
983.6 50542.44 36821.48 72.85
984.6 51139.74 37252.92 72.85
985.5 51570.00 37886.76 73.47
986.5 52881.11 38653.01 73.09
987.5 53801.49 39503.31 73.42
988.4 54737.10 40119.20 73.29
989.4 56052.04 41446.05 73.94
990.4 57074.27 42769.21 74.94
991.3 59136.61 43457.74 73.49
992.3 61232.97 45582.37 74.44
993.2 62381.81 46449.77 74.46
994.2 63759.15 47060.33 73.81
995.2 64627.45 47281.55 73.16
996.1 65405.36 48595.57 74.30
997.1 65143.00 48857.25 75.00
998.0 67149.60 50019.60 74.49
999.0 66846.51 49141.22 73.51
1000.0 67127.69 48376.94 72.07
1000.9 65712.83 50366.72 76.65
1001.9 66491.34 49057.64 73.78
1002.8 64393.95 48504.53 75.32
1003.8 65025.46 49314.61 75.84
1004.8 66172.20 49286.88 74.48
961.5 59748.86 32098.09 53.72
965.5 58598.35 31730.11 54.15
969.5 56260.49 30933.60 54.98
973.4 53913.29 30427.65 56.44
977.4 51859.95 30123.66 58.09
981.4 50850.20 30284.37 59.56
985.3 50481.20 30747.64 60.91
989.3 50535.22 31339.52 62.02
993.3 50635.09 31860.19 62.92
997.2 50595.02 32209.48 63.66
1001.2 50545.04 32527.69 64.35
1005.2 50473.33 32843.32 65.07
1009.1 50535.74 33287.16 65.87
1013.1 50697.93 33860.72 66.79
1017.1 50843.90 34425.86 67.71
1021.0 50855.49 34881.15 68.59
1025.0 50816.26 35325.58 69.52
1029.0 50641.08 35646.95 70.39
1032.9 50496.42 35961.51 71.22
1036.9 50486.34 36398.96 72.10
1040.9 50614.23 36891.20 72.89
1044.8 50848.91 37440.02 73.63
1048.8 51055.33 37935.38 74.30
1052.7 51200.97 38333.20 74.87
1056.7 51265.76 38633.07 75.36
1060.7 51328.86 38843.34 75.68
1064.6 51364.29 39000.44 75.93
1068.6 51285.22 39020.27 76.08
1072.5 51205.93 38958.60 76.08
1076.5 51155.97 38891.56 76.03
1080.4 51154.95 38804.22 75.86
1084.4 51258.31 38725.09 75.55
1088.3 51367.47 38603.43 75.15
1092.3 51376.13 38327.23 74.60
1096.2 51342.58 37994.09 74.00
1100.2 51360.86 37683.93 73.37
1104.1 51244.60 37263.59 72.72
1108.1 51175.76 36879.21 72.06
1112.0 51059.75 36425.48 71.34
1116.0 50831.30 35867.39 70.56
1119.9 50653.13 35247.99 69.59
1123.9 50703.41 34660.08 68.36
1127.8 50649.60 33784.32 66.70
1131.8 50608.23 32655.51 64.53
1135.7 50617.81 31340.44 61.92
1139.6 50606.06 29895.83 59.08
1143.6 50555.26 28493.62 56.36
1147.5 50517.05 27285.65 54.01
1151.4 50365.69 26277.59 52.17
1155.4 50355.11 25638.26 50.91
1159.3 50376.78 25226.57 50.08
1163.2 50207.59 24854.57 49.50
1167.2 50161.80 24659.64 49.16
1171.1 50174.37 24520.96 48.87
1175.0 50101.08 24370.40 48.64
1179.0 50065.70 24251.88 48.44
1182.9 50165.17 24203.38 48.25
1186.8 50159.61 24095.29 48.04
1190.7 49934.95 23890.10 47.84
1194.7 49665.47 23695.76 47.71
1198.6 49438.62 23548.14 47.63
1202.5 49264.40 23466.48 47.63
1206.4 49122.14 23436.85 47.71
1210.3 49037.26 23440.44 47.80
1214.2 48930.30 23481.70 47.99
1218.2 48765.56 23529.29 48.25
1222.1 48630.48 23583.28 48.49
1226.0 48538.40 23685.29 48.80
1229.9 48450.48 23789.58 49.10
1233.8 48352.03 23855.09 49.34
1237.7 48317.50 23938.10 49.54
1241.6 48229.08 24007.83 49.78
1245.5 48061.09 24029.03 50.00
1249.4 47934.98 24046.86 50.17
1253.3 47803.87 24060.78 50.33
1257.2 47735.46 24076.68 50.44
1261.1 47624.11 24054.08 50.51
1265.0 47490.52 23990.06 50.52
1268.9 47304.07 23872.95 50.47
1272.8 47372.70 23874.45 50.40
1276.7 47590.81 23906.40 50.23
1280.6 47691.16 23842.75 49.99
1284.5 47615.01 23648.97 49.67
1288.4 47591.67 23460.61 49.30
1292.3 47467.75 23199.00 48.87
1296.2 47318.59 22879.02 48.35
1300.1 47148.87 22511.27 47.75
1303.9 46897.39 22053.19 47.02
1307.8 46639.44 21559.86 46.23
1311.7 46386.67 21031.15 45.34
1315.6 46123.85 20479.80 44.40
1319.5 45848.18 19896.81 43.40
1323.3 45606.50 19290.50 42.30
1327.2 45386.16 18695.03 41.19
1331.1 45132.53 18099.56 40.10
1335.0 44824.46 17486.72 39.01
1338.8 44600.56 16932.03 37.96
1342.7 44421.07 16436.50 37.00
1346.5 44042.02 15884.93 36.07
1350.4 43720.62 15373.17 35.16
1354.3 43279.60 14856.88 34.33
1358.1 42799.92 14352.97 33.54
1362.0 42533.76 13922.27 32.73
1365.8 42447.40 13530.73 31.88
1369.7 42569.31 13151.51 30.89
1373.5 42515.11 12637.58 29.72
1377.4 42239.08 11951.42 28.29
1381.2 42024.35 11151.69 26.54
1385.1 42007.68 10351.81 24.64
1389.0 41913.21 9535.81 22.75
1392.8 41686.58 8699.54 20.87
1396.6 41522.45 7965.41 19.18
1400.5 41297.26 7339.75 17.77
1404.3 41119.22 6827.03 16.60
1408.2 41089.83 6441.40 15.68
1412.0 41038.18 6139.06 14.96
1415.8 41063.56 5917.37 14.41
1419.6 41020.11 5744.71 14.00
1423.5 40984.07 5611.97 13.69
1427.3 40938.38 5503.65 13.44
1431.1 40915.35 5433.53 13.28
1434.9 40812.08 5377.76 13.18
1438.8 40755.58 5340.71 13.10
1442.6 40720.04 5303.78 13.02
1446.4 40579.53 5269.23 12.98
1450.2 40476.97 5250.93 12.97
1454.0 40349.16 5230.32 12.96
1457.8 40313.93 5241.54 13.00
1461.6 40291.52 5264.42 13.07
1465.4 40157.17 5275.81 13.14
1469.2 39958.10 5298.48 13.26
1473.0 39808.79 5344.12 13.42
1476.8 39739.71 5426.20 13.65
1480.7 39668.27 5526.58 13.93
1484.4 39532.92 5629.32 14.24
1488.2 39418.92 5754.72 14.60
1492.0 39281.08 5891.93 15.00
1495.8 39157.30 6021.93 15.38
1499.6 39041.55 6121.39 15.68
1503.4 38891.42 6205.06 15.95
1507.2 38758.78 6281.39 16.21
1510.9 38603.27 6337.82 16.42
1514.7 38431.80 6380.61 16.60
1518.5 38296.78 6448.37 16.84
1522.3 38148.01 6526.60 17.11
1526.0 38038.86 6612.04 17.38
1529.8 37977.87 6720.06 17.69
1533.6 37845.65 6806.72 17.99
1537.3 37710.11 6874.06 18.23
1541.1 37580.52 6956.69 18.51
1544.8 37449.60 7053.60 18.83
1548.6 37314.89 7149.50 19.16
1552.4 37219.38 7241.33 19.46
1556.1 37135.69 7314.35 19.70
1559.9 37030.39 7371.13 19.91
1563.6 36900.49 7444.12 20.17
1567.3 36782.10 7554.79 20.54
1571.1 36560.28 7636.82 20.89
1574.8 36404.14 7726.72 21.22
1578.6 36302.38 7815.92 21.53
1582.3 36157.52 7852.64 21.72
1586.0 36009.48 7882.84 21.89
1589.8 35863.84 7944.61 22.15
1593.5 35710.53 7984.25 22.36
1597.2 35575.62 8021.74 22.55
1600.9 35432.24 8066.87 22.77
1604.7 35280.85 8105.32 22.97
1608.4 35142.04 8146.72 23.18
1612.1 34980.47 8175.01 23.37
1615.8 34834.07 8206.87 23.56
1619.5 34752.20 8251.84 23.74
1623.2 34595.03 8275.19 23.92
1626.9 34406.93 8290.51 24.10
1630.6 34230.90 8317.54 24.30
1634.3 34081.71 8344.52 24.48
1638.0 33920.36 8361.35 24.65
1641.7 33748.10 8375.77 24.82
1645.4 33556.70 8381.39 24.98
1649.1 33353.05 8366.83 25.09
1652.8 33189.89 8359.04 25.19
1656.4 33018.59 8339.05 25.26
1660.1 32845.97 8309.52 25.30
1663.8 32642.92 8281.37 25.37
1667.5 32483.35 8254.39 25.41
1671.1 32351.26 8213.38 25.39
1674.8 32144.07 8149.17 25.35
1678.5 32080.00 8128.09 25.34
1682.1 32102.13 8104.54 25.25
1685.8 32123.16 8066.08 25.11
1689.5 32018.65 8010.57 25.02
1693.1 31881.24 7939.50 24.90
1696.8 31732.38 7861.25 24.77
1700.4 31582.94 7770.08 24.60
1704.0 31466.76 7673.54 24.39
1707.7 31189.67 7546.08 24.19
1711.3 30882.00 7408.53 23.99
1715.0 30659.79 7285.38 23.76
1718.6 30484.31 7171.23 23.52
1722.2 30333.58 7065.07 23.29
1725.9 30181.80 6959.09 23.06
1729.5 30037.98 6870.63 22.87
1733.1 29910.73 6808.36 22.76
1736.7 29788.38 6757.98 22.69
1740.3 29614.18 6682.05 22.56
1744.0 29528.30 6615.36 22.40
1747.5 29373.44 6525.04 22.21
1751.2 29138.63 6402.52 21.97
1754.8 28975.37 6296.40 21.73
1758.4 28834.48 6210.32 21.54
1762.0 28639.33 6120.62 21.37
1765.5 28498.38 6048.95 21.23
1769.1 28452.00 6009.60 21.12
1772.7 28378.96 5967.77 21.03
1776.3 28252.73 5907.30 20.91
1779.9 28119.54 5848.02 20.80
1783.5 28061.20 5813.12 20.72
1787.0 27938.82 5772.69 20.66
1790.6 27774.17 5727.59 20.62
1794.2 27666.21 5691.36 20.57
1797.8 27558.84 5665.73 20.56
1801.3 27465.68 5643.70 20.55
1804.9 27315.75 5617.50 20.57
1808.4 27221.13 5604.90 20.59
1812.0 27071.27 5565.75 20.56
1815.5 26907.62 5532.20 20.56
1819.1 26703.43 5490.74 20.56
1822.6 26545.43 5448.77 20.53
1826.2 26400.51 5408.11 20.48
1829.7 26207.46 5352.57 20.42
1833.2 25952.41 5281.86 20.35
1836.8 25712.51 5220.22 20.30
1840.3 25567.16 5173.88 20.24
1843.8 25454.03 5120.99 20.12
1847.3 25371.56 5069.18 19.98
1850.8 25264.51 4987.58 19.74
1854.3 25105.60 4880.26 19.44
1857.8 25027.60 4763.20 19.03
1861.3 25027.70 4622.88 18.47
1864.8 24948.54 4458.20 17.87
1868.3 24715.93 4238.07 17.15
1871.8 24529.92 3970.56 16.19
1875.3 24489.01 3720.54 15.19
1878.8 24485.84 3503.50 14.31
1882.3 24423.29 3297.69 13.50
1885.8 24245.59 3091.94 12.75
1889.3 24030.42 2944.37 12.25
1892.7 23852.68 2797.86 11.73
1896.2 23673.74 2710.81 11.45
1899.7 23427.69 2664.97 11.38
1903.1 23323.61 2651.88 11.37
1906.6 23396.53 2760.08 11.80
1910.0 23683.33 2981.26 12.59
1913.5 24138.15 3285.24 13.61
1917.0 24628.98 3803.28 15.44
1920.4 25146.40 4206.48 16.73
1923.8 25520.19 4497.19 17.62
1871.2 22263.77 2449.59 11.00
1873.9 22507.55 2308.74 10.26
1876.7 22626.01 2256.61 9.97
1879.5 22737.83 2137.58 9.40
1882.3 22382.76 1984.77 8.87
1885.1 22317.18 1810.20 8.11
1887.8 22505.15 1715.31 7.62
1890.6 22306.26 1684.08 7.55
1893.4 22256.67 1510.67 6.79
1896.2 22163.50 1430.35 6.45
1898.9 22083.42 1438.83 6.52
1901.7 21937.94 1375.53 6.27
1904.5 22143.94 1354.24 6.12
1907.2 22059.00 1368.00 6.20
1910.0 21927.95 1374.82 6.27
1912.7 21918.25 1369.14 6.25
1915.5 21816.04 1384.91 6.35
1918.2 21741.95 1406.29 6.47
1921.0 21589.30 1365.02 6.32
1923.7 21620.81 1354.01 6.26
1926.5 21581.93 1374.31 6.37
1929.2 21568.04 1356.42 6.29
1932.0 21551.20 1365.12 6.33
1934.7 21508.34 1391.37 6.47
1937.4 21385.99 1377.14 6.44
1940.2 21322.79 1370.71 6.43
1942.9 21412.44 1367.21 6.39
1945.6 21432.94 1352.96 6.31
1948.3 21347.13 1353.75 6.34
1951.1 21319.83 1360.52 6.38
1953.8 21321.00 1386.00 6.50
1956.5 21174.65 1392.68 6.58
1959.2 21255.91 1411.28 6.64
1961.9 21274.22 1427.42 6.71
1964.6 21161.18 1404.20 6.64
1967.3 21232.43 1429.93 6.73
1970.0 21063.36 1438.56 6.83
1972.8 20962.32 1438.48 6.86
1975.5 21019.32 1454.55 6.92
1978.2 20951.00 1430.80 6.83
1980.9 20833.51 1445.84 6.94
1983.5 20753.87 1457.08 7.02
1986.2 20730.84 1478.28 7.13
1988.9 20710.47 1501.56 7.25
1991.6 20560.54 1474.40 7.17
1994.3 20429.18 1470.16 7.20
1997.0 20463.02 1510.87 7.38
1999.7 20411.81 1533.47 7.51
2002.3 20392.69 1533.26 7.52
2005.0 20300.64 1536.14 7.57
2007.7 20215.73 1536.53 7.60
2010.4 20150.59 1541.70 7.65
2013.0 20054.41 1573.29 7.85
2015.7 19971.23 1554.39 7.78
2018.4 19850.99 1531.80 7.72
2021.0 19776.67 1583.83 8.01
2023.7 19665.12 1582.93 8.05
2026.4 19623.72 1571.70 8.01
2029.0 19549.52 1597.03 8.17
2031.7 19389.93 1602.68 8.27
2034.3 19392.75 1585.78 8.18
2037.0 19277.12 1607.37 8.34
2039.6 19203.81 1620.48 8.44
2042.3 19169.68 1606.37 8.38
2044.9 19085.22 1618.49 8.48
2047.5 19057.17 1643.73 8.63
2050.2 18939.20 1621.20 8.56
2052.8 18894.40 1635.20 8.65
2055.4 18768.37 1652.98 8.81
2058.1 18622.80 1632.40 8.77
2060.7 18569.98 1646.26 8.87
2063.3 18475.60 1652.49 8.94
2065.9 18427.79 1638.71 8.89
2068.6 18352.42 1644.29 8.96
2071.2 18299.61 1665.63 9.10
2073.8 18217.15 1662.21 9.12
2076.4 18153.52 1675.58 9.23
2079.0 18135.74 1674.76 9.23
2081.6 18151.63 1668.31 9.19
2084.2 18112.28 1678.89 9.27
2086.8 17948.60 1699.83 9.47
2089.4 17865.33 1687.82 9.45
2092.1 17782.00 1674.50 9.42
2094.7 17712.75 1686.53 9.52
2097.2 17685.67 1702.83 9.63
2099.8 17677.80 1733.62 9.81
2102.4 17557.58 1717.37 9.78
2105.0 17419.20 1698.60 9.75
2107.6 17352.05 1717.55 9.90
2110.2 17317.12 1722.05 9.94
2112.8 17308.85 1715.14 9.91
2115.3 17299.79 1732.00 10.01
2117.9 17305.54 1758.41 10.16
2120.5 17283.04 1749.00 10.12
2123.1 17169.75 1757.93 10.24
2125.6 17130.75 1762.86 10.29
2128.2 17041.98 1744.29 10.24
2130.8 16938.68 1740.38 10.27
2133.3 16907.73 1742.40 10.31
2135.9 16811.63 1762.06 10.48
2138.4 16669.29 1765.05 10.59
2141.0 16557.51 1736.56 10.49
2143.6 16519.94 1756.07 10.63
2146.1 16331.26 1774.75 10.87
2148.7 16166.35 1753.19 10.84
2151.2 16200.80 1748.27 10.79
2153.8 16223.65 1777.77 10.96
2156.3 16092.71 1783.81 11.08
2158.8 16012.97 1772.00 11.07
2161.4 15977.02 1771.95 11.09
2163.9 15879.72 1769.00 11.14
2166.4 15806.34 1753.30 11.09
2169.0 15776.77 1762.17 11.17
2171.5 15691.03 1747.39 11.14
2174.0 15580.08 1719.55 11.04
2176.5 15568.93 1734.20 11.14
2179.1 15528.15 1749.78 11.27
2181.6 15436.46 1764.17 11.43
2184.1 15393.84 1761.76 11.44
2186.6 15412.36 1760.61 11.42
2189.1 15330.96 1752.66 11.43
2191.6 15265.13 1754.20 11.49
2194.1 15289.63 1753.84 11.47
2196.6 15291.79 1735.70 11.35
2199.2 15355.64 1751.14 11.40
2201.7 15282.97 1762.18 11.53
2204.1 15217.08 1740.88 11.44
2206.6 15263.16 1756.83 11.51
2209.1 15196.78 1767.60 11.63
2211.6 15154.34 1743.45 11.50
2214.1 15142.04 1752.57 11.57
2216.6 15136.36 1732.04 11.44
2219.1 15121.17 1720.65 11.38
2221.6 15017.30 1766.29 11.76
2224.0 14973.30 1729.74 11.55
2226.5 14953.65 1689.42 11.30
2229.0 14990.65 1713.00 11.43
2231.5 14856.57 1723.50 11.60
2233.9 14819.93 1681.72 11.35
2236.4 14830.12 1636.64 11.04
2238.9 14725.00 1654.63 11.24
2241.3 14738.24 1644.06 11.16
2243.8 14703.26 1624.63 11.05
2246.2 14560.76 1597.19 10.97
2248.7 14543.49 1561.95 10.74
2251.2 14547.02 1579.61 10.86
2253.6 14461.44 1585.92 10.97
2256.1 14411.52 1559.04 10.82
2258.5 14448.51 1544.35 10.69
2260.9 14358.24 1530.17 10.66
2263.4 14286.28 1516.14 10.61
2265.8 14286.52 1488.66 10.42
2268.3 14242.68 1489.31 10.46
2270.7 14293.95 1470.08 10.28
2273.1 14208.68 1445.80 10.18
2275.6 14138.88 1428.48 10.10
2278.0 14162.68 1398.97 9.88
2280.4 14119.54 1423.88 10.08
2282.8 13992.20 1436.39 10.27
2285.3 14040.77 1388.14 9.89
2287.7 14128.29 1386.28 9.81
2290.1 13998.75 1367.85 9.77
2292.5 13976.47 1321.46 9.45
2294.9 14012.61 1367.28 9.76
2297.3 13889.96 1336.79 9.62
2299.7 13787.58 1263.47 9.16
2302.1 13749.17 1264.92 9.20
2304.5 13602.40 1258.32 9.25
2306.9 13496.56 1254.40 9.29
2309.3 13451.64 1238.19 9.20
2311.7 13329.30 1197.13 8.98
2314.1 13154.03 1209.07 9.19
2316.5 13124.14 1217.46 9.28
2318.9 13145.46 1229.80 9.36
2321.3 13101.23 1236.04 9.43
2323.7 13118.10 1261.89 9.62
2326.1 13081.38 1249.30 9.55
2328.4 13108.17 1196.09 9.12
2330.8 13202.52 1235.18 9.36
2333.2 13104.54 1243.74 9.49
2335.6 13023.78 1179.07 9.05
2337.9 13062.53 1160.19 8.88
2340.3 13002.24 1158.74 8.91
2342.7 12902.35 1125.62 8.72
2345.0 12884.39 1121.12 8.70
2347.4 12860.50 1143.25 8.89
2349.7 12661.22 1123.45 8.87
2352.1 12633.43 1106.39 8.76
2354.4 12658.59 1113.27 8.79
2356.8 12578.77 1109.38 8.82
2359.2 12527.67 1087.67 8.68
2361.5 12479.13 1082.11 8.67
2363.8 12494.29 1054.00 8.44
2366.2 12489.73 1063.61 8.52
2368.5 12451.10 1068.00 8.58
2370.9 12453.76 1064.65 8.55
2373.2 12415.30 1083.70 8.73
2375.5 12276.33 1045.28 8.51
2377.9 12211.78 1021.07 8.36
2380.2 12242.21 1007.97 8.23
2382.5 12139.99 1015.50 8.36
2384.8 12068.64 1002.24 8.30
2387.2 12086.52 1003.30 8.30
2389.5 12068.58 1015.16 8.41
2391.8 12016.43 988.69 8.23
2394.1 11909.46 988.46 8.30
2396.4 11863.59 1001.54 8.44
2398.7 11940.46 979.21 8.20
2401.0 11823.50 998.89 8.45
2403.3 11693.04 976.08 8.35
2405.6 11741.09 914.70 7.79
2407.9 11668.29 956.91 8.20
2410.2 11575.79 957.55 8.27
2412.5 11525.22 914.70 7.94
2414.8 11512.67 924.30 8.03
2417.1 11505.36 913.62 7.94
2419.4 11477.63 885.70 7.72
2421.7 11364.91 925.17 8.14
2424.0 11316.90 919.30 8.12
2426.2 11347.35 877.40 7.73
2428.5 11281.78 854.52 7.57
2430.8 11243.35 855.65 7.61
2433.1 11179.50 896.13 8.02
2435.4 11100.48 895.20 8.06
2437.6 11066.91 822.47 7.43
2439.9 10932.41 819.79 7.50
2442.2 10967.11 870.32 7.94
2444.4 10975.51 832.78 7.59
2446.7 10909.12 840.96 7.71
2448.9 10931.40 846.80 7.75
2451.2 10853.16 798.64 7.36
2453.4 10787.73 771.41 7.15
2455.7 10721.98 808.86 7.54
2457.9 10647.12 799.76 7.51
2460.2 10665.45 733.64 6.88
2462.4 10576.80 817.44 7.73
2464.7 10503.38 813.78 7.75
2466.9 10471.02 731.88 6.99
2469.2 10480.86 751.87 7.17
2471.4 10359.57 748.41 7.22
2473.6 10250.05 743.15 7.25
2475.9 10220.96 758.61 7.42
2478.1 10124.53 751.48 7.42
2480.3 10080.49 758.82 7.53
2482.5 10057.71 757.72 7.53
2484.8 9961.32 699.04 7.02
2487.0 9924.93 718.45 7.24
2489.2 9935.52 746.30 7.51
2491.4 9875.23 699.34 7.08
2493.6 9884.14 681.94 6.90
2495.8 9866.24 696.81 7.06
2498.0 9849.60 697.17 7.08
2500.2 9865.68 674.00 6.83
2502.4 10096.56 692.64 6.86
2504.6 10244.49 713.64 6.97
2506.8 10345.65 730.63 7.06
