/*** Spectra Vista SIG Data ***/
name= \My Documents\HR1024_Data\DS114.
instrument= HR: 1091052
integration= 200, 60, 30, 400, 60, 30
scan time= 1, 1
scan settings= AD, AI, AD, AI
external data set1= 8224, 8224, 8224, 8224, 8224, 8224, 8224, 8224, 8224, 8224, 8224, 8224, 8224, 8224, 8224, 8224
external data set2= 8224, 8224, 8224, 8224, 8224, 8224, 8224, 8224, 8224, 8224, 8224, 8224, 8224, 8224, 8224, 8224
external data dark= 0,0,0,0,0,0,0,0
external data mask= 0
optic= LENS4 , LENS4 
temp= 31.05, 8.88, -5.37, 39.03, 8.94, -5.37
battery= 7.7, 7.2
error= 0, 0
units= Radiance, Radiance
time= 1/12/08 9:49:29 AM, 1/12/08 10:08:02 AM
longitude= , 
latitude= , 
gpstime= , 
comm= 
memory slot= 0, 0
factors= 
data= 
346.4 468.20 138.55 29.59
347.9 473.76 141.19 29.80
349.5 521.04 145.08 27.84
351.1 558.48 145.08 25.98
352.6 585.06 143.89 24.59
354.2 625.05 148.90 23.82
355.7 673.50 161.64 24.00
357.3 724.71 161.24 22.25
358.8 751.43 171.26 22.79
360.4 798.47 170.60 21.37
361.9 821.87 170.64 20.76
363.5 851.78 166.20 19.51
365.1 887.68 171.64 19.34
366.6 918.37 170.90 18.61
368.2 973.68 177.95 18.28
369.7 1008.89 166.52 16.50
371.3 1073.36 167.92 15.64
372.8 1148.72 175.96 15.32
374.4 1191.49 185.23 15.55
375.9 1247.87 178.74 14.32
377.4 1278.23 183.77 14.38
379.0 1330.29 175.04 13.16
380.5 1360.26 181.57 13.35
382.1 1412.49 180.26 12.76
383.6 1460.03 177.19 12.14
385.2 1529.00 177.38 11.60
386.7 1608.26 174.63 10.86
388.3 1679.42 184.79 11.00
389.8 1759.55 189.41 10.76
391.3 1843.67 194.95 10.57
392.9 1897.62 199.15 10.49
394.4 1955.58 204.76 10.47
395.9 2019.02 215.09 10.65
397.5 2131.80 222.87 10.45
399.0 2240.25 225.57 10.07
400.6 2303.62 210.84 9.15
402.1 2342.64 202.53 8.65
403.6 2375.92 206.19 8.68
405.1 2451.81 195.37 7.97
406.7 2542.40 202.72 7.97
408.2 2650.73 208.27 7.86
409.7 2746.24 204.96 7.46
411.3 2843.51 212.29 7.47
412.8 2936.43 222.78 7.59
414.3 3034.90 227.62 7.50
415.8 3152.50 233.75 7.41
417.4 3253.58 244.15 7.50
418.9 3339.60 242.88 7.27
420.4 3424.70 245.51 7.17
421.9 3487.22 243.21 6.97
423.5 3546.87 248.68 7.01
425.0 3613.98 240.48 6.65
426.5 3695.85 240.80 6.52
428.0 3801.23 238.09 6.26
429.5 3926.30 246.88 6.29
431.1 4071.24 245.75 6.04
432.6 4225.66 248.00 5.87
434.1 4373.60 256.99 5.88
435.6 4514.36 261.23 5.79
437.1 4642.95 268.13 5.77
438.6 4769.06 272.15 5.71
440.1 4906.69 280.52 5.72
441.6 5042.30 286.36 5.68
443.1 5179.95 289.58 5.59
444.7 5318.34 299.00 5.62
446.2 5433.01 301.02 5.54
447.7 5551.25 305.29 5.50
449.2 5676.48 305.64 5.38
450.7 5788.64 308.88 5.34
452.2 5916.62 312.44 5.28
453.7 6028.91 310.11 5.14
455.2 6201.73 308.74 4.98
456.7 6390.56 315.92 4.94
458.2 6607.30 327.66 4.96
459.7 6823.25 329.88 4.83
461.2 7031.76 338.00 4.81
462.7 7219.07 347.26 4.81
464.2 7396.86 355.94 4.81
465.7 7583.22 360.48 4.75
467.2 7742.35 371.53 4.80
468.7 7912.00 381.00 4.82
470.2 8015.91 393.91 4.91
471.7 8177.13 403.75 4.94
473.2 8446.52 418.72 4.96
474.6 8688.33 414.62 4.77
476.1 8747.12 399.62 4.57
477.6 8779.39 401.29 4.57
479.1 8829.54 396.84 4.49
480.6 8916.06 399.11 4.48
482.1 9046.91 398.33 4.40
483.6 9204.08 403.61 4.39
485.1 9394.00 405.12 4.31
486.6 9626.34 410.23 4.26
488.0 9867.00 418.44 4.24
489.5 10130.90 426.36 4.21
491.0 10387.73 435.38 4.19
492.5 10649.88 441.45 4.15
494.0 10928.34 449.63 4.11
495.4 11158.95 460.35 4.13
496.9 11406.10 470.94 4.13
498.4 11649.48 478.13 4.10
499.9 11878.23 479.18 4.03
501.4 12101.58 488.60 4.04
502.8 12308.24 492.76 4.00
504.3 12497.40 504.90 4.04
505.8 12681.02 504.39 3.98
507.2 12808.72 512.68 4.00
508.7 12896.48 515.67 4.00
510.2 12964.78 520.51 4.01
511.6 13008.39 520.26 4.00
513.1 13093.74 523.60 4.00
514.6 13195.49 518.39 3.93
516.0 13281.41 518.71 3.91
517.5 13429.99 520.73 3.88
519.0 13603.01 526.62 3.87
520.5 13772.72 528.90 3.84
521.9 13993.28 536.96 3.84
523.4 14243.35 543.90 3.82
524.8 14493.24 553.17 3.82
526.3 14778.04 558.80 3.78
527.8 15074.01 570.31 3.78
529.2 15339.71 582.11 3.79
530.7 15629.94 587.04 3.76
532.1 15903.48 601.83 3.78
533.6 16214.37 612.74 3.78
535.0 16534.98 621.97 3.76
536.5 16856.03 632.79 3.75
538.0 17178.24 650.44 3.79
539.4 17501.02 663.46 3.79
540.9 17879.62 676.15 3.78
542.3 18237.67 688.85 3.78
543.8 18504.51 693.01 3.75
545.2 18600.74 693.44 3.73
546.6 18637.00 703.54 3.77
548.1 18690.38 702.08 3.76
549.5 18745.60 705.00 3.76
551.0 18790.92 700.20 3.73
552.4 18868.34 703.49 3.73
553.9 18922.09 700.79 3.70
555.3 18999.63 699.37 3.68
556.8 19143.87 709.67 3.71
558.2 19276.31 705.38 3.66
559.6 19441.66 714.71 3.68
561.1 19660.88 726.38 3.69
562.5 19883.82 732.34 3.68
564.0 20177.05 744.95 3.69
565.4 20444.07 759.52 3.72
566.8 20774.24 778.72 3.75
568.3 21077.79 792.54 3.76
569.7 21403.31 812.61 3.80
571.1 21706.83 830.70 3.83
572.6 22010.94 854.55 3.88
574.0 22299.75 880.28 3.95
575.4 22570.31 903.66 4.00
576.9 22820.49 929.49 4.07
578.3 23040.88 964.36 4.19
579.7 23243.15 993.35 4.27
581.1 23410.31 1026.16 4.38
582.6 23592.46 1067.88 4.53
584.0 23735.52 1107.70 4.67
585.4 23971.18 1163.08 4.85
586.8 24286.87 1213.08 4.99
588.3 24642.54 1271.79 5.16
589.7 24935.04 1336.14 5.36
591.1 25126.37 1390.27 5.53
592.5 25213.30 1454.79 5.77
594.0 25248.06 1512.93 5.99
595.4 25246.58 1580.50 6.26
596.8 25248.80 1642.00 6.50
598.2 25256.70 1713.32 6.78
599.6 25254.00 1790.55 7.09
601.0 25321.45 1875.44 7.41
602.4 25392.58 1972.04 7.77
603.9 25508.50 2062.27 8.08
605.3 25652.08 2168.63 8.45
606.7 25770.60 2268.90 8.80
608.1 26003.60 2389.53 9.19
609.5 26249.20 2513.95 9.58
610.9 26543.12 2649.10 9.98
612.3 26820.62 2792.95 10.41
613.7 27191.20 2944.62 10.83
615.1 27470.34 3103.11 11.30
616.5 27748.85 3258.95 11.74
617.9 28163.94 3447.78 12.24
619.3 28559.37 3636.13 12.73
620.7 29021.55 3838.05 13.22
622.1 29524.34 4027.41 13.64
623.5 30070.32 4218.59 14.03
624.9 30686.25 4434.81 14.45
626.3 31117.56 4637.57 14.90
627.7 30854.43 4759.23 15.42
629.1 30617.27 4895.73 15.99
630.5 30534.25 5060.93 16.57
631.9 30583.88 5243.43 17.14
633.3 30636.73 5433.14 17.73
634.7 30802.72 5633.70 18.29
636.1 30887.16 5789.16 18.74
637.5 30991.21 5944.08 19.18
638.9 31137.59 6085.87 19.55
640.2 31275.86 6206.02 19.84
641.6 31334.94 6285.24 20.06
643.0 31307.82 6338.98 20.25
644.4 31297.86 6374.29 20.37
645.8 31223.60 6389.34 20.46
647.2 31327.01 6434.35 20.54
648.5 31378.61 6475.97 20.64
649.9 31215.99 6465.52 20.71
651.3 31061.55 6493.58 20.91
652.7 30880.50 6499.95 21.05
654.1 30705.72 6410.76 20.88
655.5 30448.41 6284.70 20.64
656.8 30219.54 6157.21 20.37
658.2 30347.48 6098.06 20.09
659.6 30667.01 6054.76 19.74
660.9 30915.41 5975.42 19.33
662.3 31175.28 5889.94 18.89
663.7 31418.10 5782.35 18.40
665.0 31622.76 5667.52 17.92
666.4 31821.65 5561.05 17.48
667.8 32088.83 5474.52 17.06
669.1 32304.87 5398.80 16.71
670.5 32567.66 5357.48 16.45
671.9 32723.64 5315.22 16.24
673.2 32957.22 5312.91 16.12
674.6 33165.65 5332.73 16.08
676.0 33416.99 5394.72 16.14
677.3 33670.84 5497.28 16.33
678.7 33959.63 5658.88 16.66
680.0 34360.72 5899.63 17.17
681.4 34770.40 6244.48 17.96
682.8 35166.95 6704.43 19.06
684.1 35575.02 7301.97 20.53
685.5 35948.61 8049.58 22.39
686.8 36307.14 8943.33 24.63
688.2 36654.12 9971.21 27.20
689.5 36792.82 11074.24 30.10
690.9 36894.22 12251.04 33.21
692.2 37000.50 13470.38 36.41
693.6 37086.31 14714.58 39.68
694.9 37102.94 15912.08 42.89
696.2 37172.03 17093.03 45.98
697.6 37238.58 18215.66 48.92
698.9 37321.68 19305.00 51.73
700.3 37412.04 20350.74 54.40
701.6 37521.51 21321.37 56.82
703.0 37648.39 22239.82 59.07
704.3 37727.46 23042.01 61.07
705.6 37779.39 23790.33 62.97
707.0 37853.11 24498.16 64.72
708.3 37804.36 25077.25 66.33
709.6 37779.31 25613.94 67.80
711.0 37700.05 26062.02 69.13
712.3 37603.29 26464.43 70.38
713.6 37599.66 26895.12 71.53
714.9 37564.50 27280.18 72.62
716.3 37606.65 27682.18 73.61
717.6 37655.10 28075.78 74.56
718.9 37643.31 28369.03 75.36
720.2 37519.65 28543.83 76.08
721.6 37437.79 28732.41 76.75
722.9 37295.06 28883.65 77.45
724.2 37099.21 28951.78 78.04
725.5 36957.59 29061.08 78.63
726.8 36833.83 29130.85 79.09
728.1 36764.75 29231.08 79.51
729.5 36694.32 29311.77 79.88
730.8 36660.60 29385.69 80.16
732.1 36590.42 29433.31 80.44
733.4 36549.03 29495.85 80.70
734.7 36509.02 29541.82 80.92
736.0 36510.50 29622.81 81.14
737.3 36452.29 29669.57 81.39
738.6 36538.42 29829.11 81.64
739.9 36706.85 30063.11 81.90
741.2 36841.35 30241.58 82.09
742.5 37078.82 30519.23 82.31
743.8 37494.19 30952.56 82.55
745.1 38118.44 31551.45 82.77
746.4 38876.11 32216.28 82.87
747.7 39639.96 32918.20 83.04
749.0 40400.48 33606.13 83.18
750.3 40850.46 34010.24 83.26
751.6 40764.46 34044.89 83.52
752.9 40356.61 33804.71 83.76
754.2 39863.99 33495.58 84.02
755.4 39350.05 33154.19 84.25
756.7 39155.03 33078.51 84.48
758.0 39142.09 33153.75 84.70
759.3 39351.46 33407.95 84.90
760.6 39645.76 33758.34 85.15
761.9 39928.94 34086.75 85.37
763.1 40078.15 34274.66 85.52
764.4 40287.45 34494.13 85.62
765.7 40433.25 34666.13 85.74
767.0 40515.07 34800.09 85.89
768.2 40595.52 34925.52 86.03
769.5 40644.33 35015.71 86.15
770.8 40787.04 35202.85 86.31
772.0 40799.41 35260.34 86.42
773.3 40833.29 35357.11 86.59
774.6 40907.98 35465.33 86.70
775.8 40955.53 35545.49 86.79
777.1 40964.33 35587.60 86.87
778.4 40867.87 35542.33 86.97
779.6 40816.98 35552.75 87.10
780.9 40688.00 35510.00 87.27
782.1 40484.72 35404.28 87.45
783.4 40464.32 35414.08 87.52
784.6 40463.12 35444.82 87.60
785.9 40670.74 35722.37 87.83
787.1 41171.80 36181.85 87.88
788.4 41528.97 36532.49 87.97
789.6 41482.13 36507.18 88.01
790.9 41134.16 36171.66 87.94
792.1 40655.28 35802.12 88.06
793.4 40180.32 35430.95 88.18
794.6 39846.60 35186.06 88.30
795.8 39587.54 34980.35 88.36
797.1 39290.10 34760.85 88.47
798.3 39054.26 34623.39 88.65
799.5 38943.25 34533.81 88.68
800.8 38778.22 34439.16 88.81
802.0 38618.88 34313.58 88.85
803.2 38465.20 34187.02 88.88
804.5 38332.71 34090.61 88.93
805.7 38219.65 33991.11 88.94
806.9 38073.35 33883.20 88.99
808.1 37984.05 33816.45 89.03
809.4 37906.28 33774.88 89.10
810.6 37824.15 33713.23 89.13
811.8 37796.29 33701.61 89.17
813.0 37827.58 33719.99 89.14
814.2 37840.50 33758.06 89.21
815.4 37955.24 33845.42 89.17
816.6 38027.91 33884.97 89.11
817.9 38102.35 33914.89 89.01
819.1 38072.96 33853.94 88.92
820.3 37949.69 33731.23 88.88
821.5 37894.61 33625.94 88.74
822.7 37866.54 33567.72 88.65
823.9 37906.28 33546.21 88.50
825.1 37943.15 33517.97 88.34
826.3 38020.73 33496.40 88.10
827.5 38108.05 33474.15 87.84
828.7 38176.32 33461.28 87.65
829.9 38262.68 33438.69 87.39
831.0 38386.63 33479.17 87.22
832.2 38533.16 33513.13 86.97
833.4 38634.36 33542.20 86.82
834.6 38746.88 33588.28 86.69
835.8 38872.58 33623.10 86.50
837.0 39026.76 33725.30 86.42
838.1 39200.00 33847.76 86.35
839.3 39334.99 33934.16 86.27
840.5 39499.16 34029.33 86.15
841.7 39675.29 34158.31 86.09
842.9 39834.34 34307.85 86.13
844.0 40002.80 34437.98 86.09
845.2 40188.33 34570.69 86.02
846.4 40315.24 34660.68 85.97
847.5 40575.08 34854.79 85.90
848.7 40794.29 35027.92 85.86
849.9 41043.27 35158.26 85.66
851.0 41176.72 35237.77 85.58
852.2 41283.01 35292.88 85.49
853.3 41336.03 35280.62 85.35
854.5 41385.60 35272.36 85.23
855.6 41408.01 35290.58 85.23
856.8 41491.09 35340.66 85.18
857.9 41535.42 35338.53 85.08
859.1 41657.80 35448.50 85.09
860.2 41711.76 35450.60 84.99
861.4 41789.90 35482.89 84.91
862.5 41857.52 35503.34 84.82
863.7 41978.22 35606.76 84.82
864.8 42001.40 35607.43 84.78
865.9 42003.19 35572.82 84.69
867.1 42077.89 35579.61 84.56
868.2 42118.25 35582.90 84.48
869.3 42153.63 35574.84 84.39
870.5 42092.46 35505.01 84.35
871.6 42122.53 35496.43 84.27
872.7 42223.14 35551.87 84.20
873.9 42262.83 35521.86 84.05
875.0 42247.20 35467.77 83.95
876.1 42225.11 35431.50 83.91
877.2 42279.84 35406.82 83.74
878.3 42302.12 35324.78 83.51
879.4 42284.06 35311.13 83.51
880.5 42343.92 35285.22 83.33
881.7 42326.05 35198.48 83.16
882.8 42351.34 35170.74 83.05
883.9 42430.09 35170.12 82.89
885.0 42357.32 35055.25 82.76
886.1 42357.47 34962.36 82.54
887.2 42241.92 34793.01 82.37
888.3 42147.85 34639.11 82.18
889.4 42045.32 34487.42 82.02
890.5 41945.29 34363.08 81.92
891.6 41864.40 34267.46 81.85
892.7 41844.69 34185.98 81.70
893.8 41881.85 34127.80 81.49
894.9 41879.31 34077.73 81.37
896.0 41812.69 33984.28 81.28
897.0 41850.92 33938.67 81.09
898.1 41821.61 33866.87 80.98
899.2 41852.54 33820.14 80.81
900.3 41747.94 33691.32 80.70
901.4 41622.41 33552.47 80.61
902.4 41658.53 33538.01 80.51
903.5 41604.82 33376.08 80.22
904.6 41550.72 33335.10 80.23
905.7 41565.54 33275.46 80.06
906.7 41536.49 33197.39 79.92
907.8 41558.34 33122.70 79.70
908.9 41493.73 32990.91 79.51
909.9 41451.58 32933.79 79.45
911.0 41358.23 32786.47 79.27
912.1 41297.17 32666.95 79.10
913.1 41189.72 32529.90 78.98
914.2 41099.85 32348.76 78.71
915.2 41068.89 32237.73 78.50
916.3 41034.15 32165.03 78.39
917.3 40975.74 32004.72 78.11
918.4 40862.80 31812.14 77.85
919.4 40836.29 31669.90 77.55
920.5 40782.84 31537.49 77.33
921.5 40833.45 31430.81 76.97
922.6 40729.18 31244.66 76.71
923.6 40739.49 31171.88 76.52
924.7 40774.75 31035.25 76.11
925.7 40746.72 30869.55 75.76
926.7 40808.40 30759.88 75.38
927.8 40839.01 30604.32 74.94
928.8 40966.59 30543.11 74.56
929.9 41048.46 30466.98 74.22
930.9 41217.18 30404.80 73.77
931.9 41378.61 30370.84 73.40
932.9 41679.25 30424.80 73.00
934.0 41702.58 30272.16 72.59
935.0 41757.18 30092.51 72.07
936.0 41670.71 29914.55 71.79
937.0 41632.50 29695.87 71.33
938.1 41580.55 29504.15 70.96
939.1 41508.45 29316.69 70.63
940.1 41591.64 29184.56 70.17
941.1 41779.29 29132.32 69.73
942.1 41991.60 29094.18 69.29
943.1 42156.63 29004.88 68.80
944.1 42391.18 29006.52 68.43
945.2 42445.20 28839.30 67.94
946.2 42493.04 28673.90 67.48
947.2 42572.63 28508.81 66.97
948.2 42750.54 28371.18 66.36
949.2 42846.38 28225.84 65.88
950.2 42880.60 28022.73 65.35
951.2 42968.52 27838.86 64.79
952.2 43001.40 27667.62 64.34
953.2 43164.71 27541.72 63.81
954.2 43310.48 27383.74 63.23
955.2 43368.34 27176.26 62.66
956.2 43301.73 26965.74 62.27
957.2 43392.87 26909.01 62.01
958.2 43492.10 26760.61 61.53
959.2 43506.45 26656.65 61.27
960.1 43588.22 26585.24 60.99
961.1 43692.83 26555.14 60.78
962.1 43658.44 26487.19 60.67
963.1 43782.00 26478.99 60.48
964.1 43817.42 26419.32 60.29
965.1 43908.74 26452.67 60.24
966.1 44007.38 26439.84 60.08
967.0 44141.86 26400.15 59.81
968.0 44131.86 26400.13 59.82
969.0 44255.20 26407.60 59.67
970.0 44255.36 26453.89 59.78
971.0 44316.83 26441.99 59.67
971.9 44400.90 26416.17 59.49
972.9 44577.14 26406.98 59.24
973.9 44494.78 26445.25 59.43
974.9 44573.29 26393.85 59.21
975.8 44702.44 26424.11 59.11
976.8 44666.28 26457.80 59.23
977.8 44950.93 26537.30 59.04
978.8 44877.90 26576.03 59.22
979.7 45104.10 26475.74 58.70
980.7 45212.81 26682.32 59.01
981.7 45433.99 26716.92 58.80
982.6 45657.51 26909.61 58.94
983.6 46147.45 27173.93 58.89
984.6 46551.05 27592.52 59.27
985.5 47031.84 27710.28 58.92
986.5 47664.14 28456.20 59.70
987.5 48852.12 28825.50 59.01
988.4 49722.20 29449.20 59.23
989.4 51183.38 30085.84 58.78
990.4 52549.20 30799.67 58.61
991.3 54023.93 31783.80 58.83
992.3 54777.10 32279.36 58.93
993.2 55874.36 34220.24 61.24
994.2 57686.85 34409.70 59.65
995.2 57633.14 35111.45 60.92
996.1 59292.71 36217.45 61.08
997.1 59931.56 35177.22 58.70
998.0 60640.20 35459.10 58.47
999.0 59258.53 35229.92 59.45
1000.0 60377.42 35251.41 58.39
1000.9 59810.48 35020.61 58.55
1001.9 59598.95 35678.28 59.86
1002.8 60212.52 34705.83 57.64
1003.8 59788.51 34258.38 57.30
1004.8 59326.80 34911.54 58.85
961.5 55398.21 29294.34 52.88
965.5 54418.85 28915.34 53.13
969.5 52458.23 28678.03 54.67
973.4 50487.36 28128.67 55.71
977.4 48611.32 27524.76 56.62
981.4 47578.80 27338.20 57.46
985.3 47203.20 27259.85 57.75
989.3 47137.31 27350.67 58.02
993.3 47133.16 27501.15 58.35
997.2 47029.21 27640.55 58.77
1001.2 46955.35 27842.49 59.30
1005.2 46914.32 28148.59 60.00
1009.1 47038.13 28598.48 60.80
1013.1 47236.75 29089.57 61.58
1017.1 47375.30 29575.60 62.43
1021.0 47429.61 29958.20 63.16
1025.0 47461.87 30321.49 63.89
1029.0 47354.18 30643.49 64.71
1032.9 47271.77 30977.96 65.53
1036.9 47308.70 31394.30 66.36
1040.9 47476.08 31861.97 67.11
1044.8 47747.63 32371.11 67.80
1048.8 47970.59 32812.16 68.40
1052.7 48104.60 33172.59 68.96
1056.7 48183.46 33421.62 69.36
1060.7 48250.82 33605.51 69.65
1064.6 48272.17 33735.98 69.89
1068.6 48190.54 33745.67 70.03
1072.5 48116.11 33710.38 70.06
1076.5 48076.67 33647.95 69.99
1080.4 48048.88 33539.48 69.80
1084.4 48150.59 33451.76 69.47
1088.3 48279.53 33332.06 69.04
1092.3 48252.92 33080.07 68.56
1096.2 48221.83 32784.52 67.99
1100.2 48245.69 32525.09 67.42
1104.1 48124.97 32166.56 66.84
1108.1 48059.38 31830.75 66.23
1112.0 47955.87 31431.24 65.54
1116.0 47754.46 30930.97 64.77
1119.9 47569.76 30377.05 63.86
1123.9 47623.80 29837.81 62.65
1127.8 47592.96 29026.56 60.99
1131.8 47556.42 27984.45 58.84
1135.7 47568.82 26795.43 56.33
1139.6 47554.30 25505.85 53.64
1143.6 47510.71 24269.69 51.08
1147.5 47481.98 23201.42 48.86
1151.4 47337.52 22303.11 47.12
1155.4 47322.86 21732.32 45.92
1159.3 47329.81 21354.23 45.12
1163.2 47159.49 21013.96 44.56
1167.2 47113.86 20825.82 44.20
1171.1 47117.13 20695.92 43.92
1175.0 47022.16 20546.97 43.70
1179.0 46962.63 20412.95 43.47
1182.9 47045.30 20331.40 43.22
1186.8 47019.62 20219.97 43.00
1190.7 46784.64 20033.16 42.82
1194.7 46508.35 19857.15 42.70
1198.6 46264.68 19736.64 42.66
1202.5 46100.54 19673.98 42.68
1206.4 45962.62 19655.05 42.76
1210.3 45829.98 19670.18 42.92
1214.2 45707.13 19716.27 43.14
1218.2 45554.16 19773.23 43.41
1222.1 45384.95 19846.50 43.73
1226.0 45257.55 19943.13 44.07
1229.9 45156.00 20037.18 44.37
1233.8 45033.17 20107.28 44.65
1237.7 44950.68 20179.35 44.89
1241.6 44841.64 20230.12 45.11
1245.5 44683.61 20249.76 45.32
1249.4 44538.65 20267.17 45.50
1253.3 44401.40 20272.33 45.66
1257.2 44324.52 20289.04 45.77
1261.1 44209.48 20277.86 45.87
1265.0 44086.55 20235.55 45.90
1268.9 43910.05 20128.90 45.84
1272.8 43969.80 20118.15 45.75
1276.7 44155.69 20143.99 45.62
1280.6 44249.88 20081.68 45.38
1284.5 44188.89 19911.38 45.06
1288.4 44167.03 19746.64 44.71
1292.3 44060.50 19505.75 44.27
1296.2 43934.23 19223.26 43.75
1300.1 43787.98 18890.61 43.14
1303.9 43564.57 18485.14 42.43
1307.8 43339.22 18050.60 41.65
1311.7 43109.06 17572.16 40.76
1315.6 42877.90 17066.93 39.80
1319.5 42633.84 16532.32 38.78
1323.3 42417.44 15995.65 37.71
1327.2 42218.70 15452.63 36.60
1331.1 42002.86 14910.47 35.50
1335.0 41739.72 14360.23 34.40
1338.8 41543.11 13852.59 33.35
1342.7 41389.31 13392.53 32.36
1346.5 41042.00 12892.26 31.41
1350.4 40741.74 12436.25 30.52
1354.3 40332.24 11972.07 29.68
1358.1 39895.31 11516.90 28.87
1362.0 39644.33 11124.57 28.06
1365.8 39567.12 10764.34 27.21
1369.7 39683.68 10406.89 26.22
1373.5 39615.26 9891.82 24.97
1377.4 39354.79 9223.10 23.44
1381.2 39167.92 8483.97 21.66
1385.1 39160.09 7743.89 19.77
1389.0 39060.88 6979.16 17.87
1392.8 38834.72 6211.43 15.99
1396.6 38680.88 5542.68 14.33
1400.5 38476.57 4961.03 12.89
1404.3 38299.58 4493.27 11.73
1408.2 38263.03 4136.54 10.81
1412.0 38218.70 3858.35 10.10
1415.8 38249.29 3659.27 9.57
1419.6 38208.11 3491.33 9.14
1423.5 38172.20 3377.07 8.85
1427.3 38125.77 3291.90 8.63
1431.1 38099.78 3224.78 8.46
1434.9 38010.73 3167.75 8.33
1438.8 37949.80 3136.83 8.27
1442.6 37913.52 3120.42 8.23
1446.4 37795.09 3093.31 8.18
1450.2 37700.99 3079.32 8.17
1454.0 37583.52 3073.44 8.18
1457.8 37547.69 3082.19 8.21
1461.6 37527.24 3099.00 8.26
1465.4 37404.28 3119.49 8.34
1469.2 37216.73 3150.88 8.47
1473.0 37080.95 3206.02 8.65
1476.8 37019.78 3282.60 8.87
1480.7 36949.43 3377.48 9.14
1484.4 36826.56 3479.28 9.45
1488.2 36723.96 3595.56 9.79
1492.0 36584.11 3715.72 10.16
1495.8 36452.33 3837.93 10.53
1499.6 36350.05 3935.83 10.83
1503.4 36216.75 3992.56 11.02
1507.2 36087.28 4026.95 11.16
1510.9 35929.91 4062.76 11.31
1514.7 35749.31 4116.60 11.52
1518.5 35615.65 4186.61 11.75
1522.3 35466.30 4273.68 12.05
1526.0 35355.47 4371.52 12.36
1529.8 35294.61 4475.27 12.68
1533.6 35159.29 4562.51 12.98
1537.3 35020.99 4650.74 13.28
1541.1 34889.16 4741.12 13.59
1544.8 34754.40 4833.60 13.91
1548.6 34607.98 4916.18 14.21
1552.4 34514.76 5000.77 14.49
1556.1 34455.77 5092.33 14.78
1559.9 34373.05 5163.86 15.02
1563.6 34243.93 5239.08 15.30
1567.3 34122.03 5339.26 15.65
1571.1 33904.82 5425.54 16.00
1574.8 33749.79 5509.20 16.32
1578.6 33637.37 5587.92 16.61
1582.3 33496.17 5638.04 16.83
1586.0 33359.51 5680.92 17.03
1589.8 33217.24 5726.28 17.24
1593.5 33051.52 5764.80 17.44
1597.2 32917.71 5815.22 17.67
1600.9 32767.31 5858.51 17.88
1604.7 32613.52 5892.16 18.07
1608.4 32493.03 5938.01 18.27
1612.1 32320.35 5973.86 18.48
1615.8 32161.00 6010.19 18.69
1619.5 32072.28 6056.33 18.88
1623.2 31915.49 6088.11 19.08
1626.9 31725.78 6115.55 19.28
1630.6 31537.44 6137.12 19.46
1634.3 31397.73 6163.48 19.63
1638.0 31241.74 6172.16 19.76
1641.7 31050.65 6168.34 19.87
1645.4 30870.63 6166.94 19.98
1649.1 30683.95 6150.12 20.04
1652.8 30504.58 6135.49 20.11
1656.4 30322.32 6117.35 20.17
1660.1 30158.02 6089.24 20.19
1663.8 29966.42 6056.84 20.21
1667.5 29809.99 6042.60 20.27
1671.1 29676.54 6015.20 20.27
1674.8 29472.79 5963.15 20.23
1678.5 29413.48 5935.98 20.18
1682.1 29419.35 5904.00 20.07
1685.8 29417.21 5870.74 19.96
1689.5 29310.65 5815.34 19.84
1693.1 29167.59 5747.25 19.70
1696.8 29020.13 5678.63 19.57
1700.4 28874.60 5595.32 19.38
1704.0 28754.23 5511.17 19.17
1707.7 28493.62 5401.66 18.96
1711.3 28200.13 5280.22 18.72
1715.0 27991.44 5178.91 18.50
1718.6 27822.35 5084.31 18.27
1722.2 27677.55 4991.78 18.04
1725.9 27527.50 4898.39 17.79
1729.5 27386.37 4829.64 17.64
1733.1 27262.24 4786.01 17.56
1736.7 27144.69 4745.22 17.48
1740.3 26982.07 4682.23 17.35
1744.0 26899.89 4633.86 17.23
1747.5 26760.07 4559.64 17.04
1751.2 26551.35 4465.04 16.82
1754.8 26397.18 4381.25 16.60
1758.4 26262.14 4307.89 16.40
1762.0 26085.49 4230.92 16.22
1765.5 25956.49 4175.97 16.09
1769.1 25915.20 4144.80 15.99
1772.7 25841.75 4110.86 15.91
1776.3 25724.16 4068.12 15.81
1779.9 25608.69 4023.73 15.71
1783.5 25553.92 3992.80 15.63
1787.0 25434.82 3955.92 15.55
1790.6 25293.30 3929.72 15.54
1794.2 25193.03 3902.36 15.49
1797.8 25095.48 3874.66 15.44
1801.3 25012.46 3875.83 15.50
1804.9 24871.88 3856.13 15.50
1808.4 24792.34 3848.70 15.52
1812.0 24660.35 3839.01 15.57
1815.5 24519.60 3797.48 15.49
1819.1 24324.68 3771.33 15.50
1822.6 24164.48 3754.69 15.54
1826.2 24042.90 3728.72 15.51
1829.7 23859.90 3683.45 15.44
1833.2 23612.46 3617.96 15.32
1836.8 23400.20 3573.57 15.27
1840.3 23257.80 3531.38 15.18
1843.8 23131.92 3488.31 15.08
1847.3 23013.03 3440.58 14.95
1850.8 22865.47 3378.82 14.78
1854.3 22692.74 3294.40 14.52
1857.8 22594.00 3177.20 14.06
1861.3 22615.25 3036.36 13.43
1864.8 22605.64 2871.73 12.70
1868.3 22468.36 2666.24 11.87
1871.8 22341.12 2426.88 10.86
1875.3 22323.21 2204.48 9.88
1878.8 22320.32 2010.84 9.01
1882.3 22237.89 1809.42 8.14
1885.8 22045.10 1646.36 7.47
1889.3 21861.76 1493.04 6.83
1892.7 21710.01 1363.52 6.28
1896.2 21503.16 1321.64 6.15
1899.7 21232.37 1343.41 6.33
1903.1 21059.81 1371.22 6.51
1906.6 21101.81 1476.32 7.00
1910.0 21348.35 1688.69 7.91
1913.5 21771.66 1948.87 8.95
1917.0 22339.63 2326.28 10.41
1920.4 22881.38 2865.95 12.53
1923.8 23136.14 3088.43 13.35
1871.2 20260.60 1613.98 7.97
1873.9 20445.79 1578.54 7.72
1876.7 20658.97 1447.83 7.01
1879.5 20770.50 1333.63 6.42
1882.3 20488.21 1217.93 5.94
1885.1 20498.36 1086.12 5.30
1887.8 20542.45 948.37 4.62
1890.6 20318.11 857.63 4.22
1893.4 20320.67 799.33 3.93
1896.2 20203.65 701.42 3.47
1898.9 20201.38 687.30 3.40
1901.7 20074.51 693.64 3.46
1904.5 20223.67 645.38 3.19
1907.2 20168.50 627.00 3.11
1910.0 20030.00 622.56 3.11
1912.7 20048.69 604.50 3.02
1915.5 19979.54 575.79 2.88
1918.2 19877.64 590.43 2.97
1921.0 19705.09 608.59 3.09
1923.7 19733.20 593.63 3.01
1926.5 19715.86 592.71 3.01
1929.2 19701.76 564.37 2.86
1932.0 19674.16 575.12 2.92
1934.7 19635.47 587.81 2.99
1937.4 19518.79 573.81 2.94
1940.2 19475.71 599.30 3.08
1942.9 19573.26 599.87 3.06
1945.6 19572.62 576.82 2.95
1948.3 19494.00 595.65 3.06
1951.1 19465.67 611.03 3.14
1953.8 19476.00 603.00 3.10
1956.5 19368.67 610.98 3.15
1959.2 19423.04 615.94 3.17
1961.9 19438.54 613.88 3.16
1964.6 19331.55 630.70 3.26
1967.3 19375.30 640.80 3.31
1970.0 19228.16 636.40 3.31
1972.8 19159.08 661.88 3.45
1975.5 19219.42 678.99 3.53
1978.2 19120.16 674.52 3.53
1980.9 19002.89 687.94 3.62
1983.5 18950.70 698.00 3.68
1986.2 18944.10 689.67 3.64
1988.9 18909.18 715.86 3.79
1991.6 18787.78 732.86 3.90
1994.3 18678.85 727.86 3.90
1997.0 18669.58 749.67 4.02
1999.7 18631.37 763.86 4.10
2002.3 18617.79 753.69 4.05
2005.0 18540.12 773.82 4.17
2007.7 18469.93 796.93 4.31
2010.4 18400.48 796.55 4.33
2013.0 18316.11 813.67 4.44
2015.7 18226.45 818.40 4.49
2018.4 18129.14 814.12 4.49
2021.0 18062.50 835.83 4.63
2023.7 17946.51 842.35 4.69
2026.4 17902.73 830.92 4.64
2029.0 17806.29 851.94 4.78
2031.7 17677.40 864.72 4.89
2034.3 17722.47 864.72 4.88
2037.0 17610.64 897.99 5.10
2039.6 17527.07 883.39 5.04
2042.3 17481.88 873.39 5.00
2044.9 17393.81 908.82 5.22
2047.5 17348.93 894.80 5.16
2050.2 17253.60 870.80 5.05
2052.8 17214.40 915.60 5.32
2055.4 17090.17 913.34 5.34
2058.1 16973.60 907.20 5.34
2060.7 16918.14 922.35 5.45
2063.3 16842.61 919.60 5.46
2065.9 16794.67 926.83 5.52
2068.6 16710.92 932.42 5.58
2071.2 16664.67 945.81 5.68
2073.8 16591.32 948.64 5.72
2076.4 16536.88 951.46 5.75
2079.0 16525.61 958.21 5.80
2081.6 16519.89 950.91 5.76
2084.2 16487.00 970.65 5.89
2086.8 16353.42 984.26 6.02
2089.4 16268.28 964.47 5.93
2092.1 16209.50 957.67 5.91
2094.7 16113.80 971.80 6.03
2097.2 16087.67 980.33 6.09
2099.8 16089.36 982.10 6.10
2102.4 15953.94 978.11 6.13
2105.0 15826.05 971.85 6.14
2107.6 15774.07 1011.16 6.41
2110.2 15742.83 1017.32 6.46
2112.8 15734.02 987.85 6.28
2115.3 15735.22 1016.11 6.46
2117.9 15738.64 1032.99 6.56
2120.5 15682.70 1034.83 6.60
2123.1 15604.88 1047.15 6.71
2125.6 15567.02 1068.84 6.87
2128.2 15487.92 1053.60 6.80
2130.8 15394.28 1044.23 6.78
2133.3 15347.20 1067.73 6.96
2135.9 15264.31 1082.53 7.09
2138.4 15119.35 1060.80 7.02
2141.0 15032.51 1078.37 7.17
2143.6 14998.41 1096.44 7.31
2146.1 14847.40 1072.49 7.22
2148.7 14686.27 1074.82 7.32
2151.2 14704.80 1067.73 7.26
2153.8 14713.72 1083.15 7.36
2156.3 14589.47 1075.01 7.37
2158.8 14533.35 1060.25 7.30
2161.4 14517.59 1079.09 7.43
2163.9 14426.20 1093.83 7.58
2166.4 14354.62 1088.05 7.58
2169.0 14310.27 1085.10 7.58
2171.5 14227.48 1096.92 7.71
2174.0 14143.15 1082.90 7.66
2176.5 14124.76 1076.40 7.62
2179.1 14082.55 1096.25 7.78
2181.6 13967.33 1070.67 7.67
2184.1 13937.00 1074.92 7.71
2186.6 13993.83 1098.42 7.85
2189.1 13896.09 1068.93 7.69
2191.6 13840.87 1074.73 7.76
2194.1 13877.92 1102.79 7.95
2196.6 13844.81 1100.52 7.95
2199.2 13897.52 1105.80 7.96
2201.7 13871.80 1092.41 7.88
2204.1 13802.39 1084.84 7.86
2206.6 13786.08 1115.27 8.09
2209.1 13743.34 1139.29 8.29
2211.6 13738.26 1115.35 8.12
2214.1 13693.60 1087.28 7.94
2216.6 13643.61 1101.52 8.07
2219.1 13655.01 1078.73 7.90
2221.6 13597.41 1077.29 7.92
2224.0 13563.60 1062.99 7.84
2226.5 13534.39 1069.21 7.90
2229.0 13551.73 1081.09 7.98
2231.5 13416.49 1049.42 7.82
2233.9 13376.81 1062.14 7.94
2236.4 13409.64 1038.34 7.74
2238.9 13341.63 1003.63 7.52
2241.3 13300.17 1002.76 7.54
2243.8 13261.31 1006.65 7.59
2246.2 13153.53 1007.93 7.66
2248.7 13089.53 991.16 7.57
2251.2 13067.33 980.05 7.50
2253.6 13017.60 936.96 7.20
2256.1 12979.20 902.40 6.95
2258.5 12980.99 925.84 7.13
2260.9 12912.45 928.07 7.19
2263.4 12850.74 871.30 6.78
2265.8 12840.17 846.27 6.59
2268.3 12768.77 873.57 6.84
2270.7 12812.36 848.27 6.62
2273.1 12778.22 828.36 6.48
2275.6 12710.40 837.12 6.59
2278.0 12729.12 822.47 6.46
2280.4 12680.26 815.85 6.43
2282.8 12544.20 797.56 6.36
2285.3 12570.98 773.78 6.16
2287.7 12679.54 781.00 6.16
2290.1 12579.51 770.90 6.13
2292.5 12520.09 722.24 5.77
2294.9 12538.64 711.30 5.67
2297.3 12458.25 707.95 5.68
2299.7 12334.59 671.22 5.44
2302.1 12311.40 656.03 5.33
2304.5 12214.72 650.72 5.33
2306.9 12089.28 642.88 5.32
2309.3 11994.02 642.61 5.36
2311.7 11939.85 639.78 5.36
2314.1 11791.37 622.26 5.28
2316.5 11721.50 642.22 5.48
2318.9 11765.88 646.43 5.49
2321.3 11730.50 633.87 5.40
2323.7 11744.39 658.90 5.61
2326.1 11719.24 640.77 5.47
2328.4 11761.55 626.52 5.33
2330.8 11807.83 597.14 5.06
2333.2 11712.54 588.92 5.03
2335.6 11662.03 618.60 5.30
2337.9 11681.16 609.31 5.22
2340.3 11629.38 604.56 5.20
2342.7 11548.22 558.58 4.84
2345.0 11508.47 547.82 4.76
2347.4 11492.00 565.25 4.92
2349.7 11315.65 529.69 4.68
2352.1 11286.89 531.75 4.71
2354.4 11296.02 524.40 4.64
2356.8 11214.70 474.83 4.23
2359.2 11154.00 515.67 4.62
2361.5 11109.05 541.05 4.87
2363.8 11141.66 465.52 4.18
2366.2 11165.73 507.53 4.55
2368.5 11089.40 534.00 4.82
2370.9 11067.03 496.54 4.49
2373.2 11030.32 503.63 4.57
2375.5 10914.30 466.08 4.27
2377.9 10876.18 505.98 4.65
2380.2 10876.88 499.40 4.59
2382.5 10821.23 441.12 4.08
2384.8 10769.44 459.36 4.27
2387.2 10736.28 487.59 4.54
2389.5 10704.02 472.17 4.41
2391.8 10661.73 465.83 4.37
2394.1 10613.91 489.43 4.61
2396.4 10610.47 454.80 4.29
2398.7 10654.34 423.84 3.98
2401.0 10513.07 430.22 4.09
2403.3 10428.12 438.24 4.20
2405.6 10456.51 414.86 3.97
2407.9 10375.71 435.87 4.20
2410.2 10317.44 446.19 4.32
2412.5 10224.31 391.29 3.83
2414.8 10187.84 395.40 3.88
2417.1 10204.62 387.13 3.79
2419.4 10195.97 359.49 3.53
2421.7 10103.31 383.74 3.80
2424.0 10048.90 401.53 4.00
2426.2 10074.05 363.80 3.61
2428.5 10032.46 389.40 3.88
2430.8 10006.20 354.25 3.54
2433.1 9945.94 326.37 3.28
2435.4 9886.37 369.27 3.74
2437.6 9830.42 369.27 3.76
2439.9 9708.34 325.67 3.35
2442.2 9709.99 312.86 3.22
2444.4 9752.18 327.37 3.36
2446.7 9688.56 338.72 3.50
2448.9 9658.24 367.14 3.80
2451.2 9631.36 303.96 3.16
2453.4 9564.32 319.41 3.34
2455.7 9566.46 328.41 3.43
2457.9 9468.86 329.67 3.48
2460.2 9395.46 308.25 3.28
2462.4 9422.40 280.80 2.98
2464.7 9348.95 315.42 3.37
2466.9 9251.22 321.00 3.47
2469.2 9249.34 311.12 3.36
2471.4 9151.61 301.99 3.30
2473.6 9078.42 301.28 3.32
2475.9 9042.40 277.71 3.07
2478.1 8956.32 259.60 2.90
2480.3 8952.70 278.47 3.11
2482.5 8971.16 343.12 3.82
2484.8 8832.66 298.55 3.38
2487.0 8762.09 237.01 2.70
2489.2 8850.00 211.07 2.39
2491.4 8753.22 261.29 2.99
2493.6 8669.20 258.67 2.98
2495.8 8662.66 197.96 2.29
2498.0 8674.13 275.63 3.18
2500.2 8694.60 278.03 3.20
2502.4 8942.16 328.56 3.67
2504.6 9089.52 319.26 3.51
2506.8 9176.65 194.83 2.12
