/*** Spectra Vista SIG Data ***/
name= \My Documents\HR1024_Data\GD6T1.
instrument= HR: 1091052
integration= 400, 60, 30, 1000, 60, 30
scan time= 1, 1
scan settings= AD, AI, AD, AI
external data set1= 8224, 8224, 8224, 8224, 8224, 8224, 8224, 8224, 8224, 8224, 8224, 8224, 8224, 8224, 8224, 8224
external data set2= 8224, 8224, 8224, 8224, 8224, 8224, 8224, 8224, 8224, 8224, 8224, 8224, 8224, 8224, 8224, 8224
external data dark= 0,0,0,0,0,0,0,0
external data mask= 0
optic= LENS4 , LENS4 
temp= 32.98, 8.94, -5.37, 34.11, 8.88, -5.37
battery= 7.1, 7.1
error= 0, 0
units= Radiance, Radiance
time= 4/7/08 10:35:00 AM, 4/7/08 10:36:07 AM
longitude= , 
latitude= , 
gpstime= , 
comm= 
memory slot= 0, 0
factors= 
data= 
346.4 350.35 52.23 14.91
347.9 381.21 53.34 13.99
349.5 410.28 54.91 13.38
351.1 433.68 56.78 13.09
352.6 475.96 59.46 12.49
354.2 499.06 56.29 11.28
355.7 540.48 59.27 10.97
357.3 582.54 65.19 11.19
358.8 588.91 67.80 11.51
360.4 636.67 71.05 11.16
361.9 668.64 64.77 9.69
363.5 692.50 66.48 9.60
365.1 712.57 70.04 9.83
366.6 747.47 71.12 9.52
368.2 792.37 73.19 9.24
369.7 840.74 69.22 8.23
371.3 898.85 73.75 8.21
372.8 941.22 73.70 7.83
374.4 986.23 75.43 7.65
375.9 1017.83 74.14 7.28
377.4 1052.18 78.06 7.42
379.0 1086.82 76.38 7.03
380.5 1123.29 74.48 6.63
382.1 1153.93 79.79 6.91
383.6 1194.95 75.98 6.36
385.2 1251.25 78.10 6.24
386.7 1299.60 79.60 6.13
388.3 1372.34 85.33 6.22
389.8 1424.66 86.74 6.09
391.3 1483.01 89.12 6.01
392.9 1530.61 92.75 6.06
394.4 1562.39 95.55 6.12
395.9 1621.81 102.99 6.35
397.5 1711.90 108.53 6.34
399.0 1784.48 106.30 5.96
400.6 1838.09 109.80 5.97
402.1 1856.31 104.23 5.62
403.6 1888.03 99.26 5.26
405.1 1944.54 103.74 5.33
406.7 2010.40 107.07 5.33
408.2 2079.37 109.59 5.27
409.7 2148.16 113.79 5.30
411.3 2213.53 113.37 5.12
412.8 2271.65 123.24 5.43
414.3 2341.03 126.78 5.42
415.8 2417.50 131.50 5.44
417.4 2490.79 136.62 5.49
418.9 2548.98 138.14 5.42
420.4 2593.45 141.57 5.46
421.9 2640.22 143.75 5.44
423.5 2679.41 143.37 5.35
425.0 2722.85 147.89 5.43
426.5 2778.88 147.92 5.32
428.0 2849.90 150.65 5.29
429.5 2939.79 153.26 5.21
431.1 3042.79 159.83 5.25
432.6 3149.06 167.26 5.31
434.1 3259.99 172.87 5.30
435.6 3346.58 177.63 5.31
437.1 3441.75 184.86 5.37
438.6 3531.11 189.82 5.38
440.1 3611.12 194.29 5.38
441.6 3703.62 199.85 5.40
443.1 3787.76 207.77 5.49
444.7 3873.68 213.72 5.52
446.2 3941.61 215.97 5.48
447.7 4009.71 220.50 5.50
449.2 4084.56 226.37 5.54
450.7 4145.44 227.97 5.50
452.2 4210.01 231.48 5.50
453.7 4291.20 233.93 5.45
455.2 4393.26 241.25 5.49
456.7 4515.28 246.40 5.46
458.2 4654.47 257.23 5.53
459.7 4795.00 263.90 5.50
461.2 4934.06 275.34 5.58
462.7 5054.96 282.10 5.58
464.2 5177.07 287.31 5.55
465.7 5301.12 300.02 5.66
467.2 5404.44 306.08 5.66
468.7 5508.00 315.20 5.72
470.2 5586.81 322.01 5.76
471.7 5702.38 337.25 5.91
473.2 5885.72 345.91 5.88
474.6 6027.25 350.91 5.82
476.1 6074.86 351.92 5.79
477.6 6093.70 351.18 5.76
479.1 6122.60 352.96 5.76
480.6 6163.05 358.74 5.82
482.1 6243.66 360.96 5.78
483.6 6332.42 367.55 5.80
485.1 6458.38 377.10 5.84
486.6 6604.00 385.84 5.84
488.0 6753.50 395.20 5.85
489.5 6913.82 405.37 5.86
491.0 7075.65 414.74 5.86
492.5 7238.97 430.27 5.94
494.0 7404.10 442.10 5.97
495.4 7549.58 453.75 6.01
496.9 7695.36 467.93 6.08
498.4 7836.28 479.65 6.12
499.9 7979.51 493.95 6.19
501.4 8103.78 504.65 6.23
502.8 8223.51 522.18 6.35
504.3 8333.10 533.16 6.40
505.8 8444.88 547.15 6.48
507.2 8514.20 561.64 6.60
508.7 8565.01 570.32 6.66
510.2 8590.79 582.45 6.78
511.6 8618.22 593.02 6.88
513.1 8670.26 604.38 6.97
514.6 8732.77 618.03 7.08
516.0 8783.27 631.72 7.19
517.5 8880.96 649.10 7.31
519.0 8994.65 669.64 7.44
520.5 9112.66 686.50 7.53
521.9 9263.01 709.82 7.66
523.4 9434.43 737.21 7.81
524.8 9608.27 759.85 7.91
526.3 9802.81 787.72 8.04
527.8 10000.35 817.92 8.18
529.2 10181.33 843.34 8.28
530.7 10383.39 874.10 8.42
532.1 10567.68 897.75 8.50
533.6 10773.42 927.84 8.61
535.0 10980.59 959.11 8.73
536.5 11186.70 989.71 8.85
538.0 11401.56 1019.73 8.94
539.4 11601.83 1054.63 9.09
540.9 11838.18 1091.43 9.22
542.3 12056.36 1122.10 9.31
543.8 12205.88 1153.61 9.45
545.2 12241.58 1173.33 9.58
546.6 12248.30 1191.58 9.73
548.1 12260.70 1209.85 9.87
549.5 12261.13 1224.62 9.99
551.0 12260.01 1244.85 10.15
552.4 12274.54 1265.91 10.31
553.9 12279.40 1285.22 10.47
555.3 12300.80 1303.61 10.60
556.8 12360.66 1329.43 10.76
558.2 12414.09 1356.41 10.93
559.6 12499.51 1382.81 11.06
561.1 12612.44 1416.68 11.23
562.5 12742.28 1454.11 11.41
564.0 12915.37 1495.29 11.58
565.4 13070.62 1534.76 11.74
566.8 13269.64 1585.07 11.95
568.3 13461.39 1632.26 12.13
569.7 13659.35 1683.15 12.32
571.1 13859.91 1732.33 12.50
572.6 14064.03 1783.94 12.68
574.0 14250.23 1836.78 12.89
575.4 14437.41 1888.65 13.08
576.9 14612.77 1938.32 13.26
578.3 14771.90 1990.92 13.48
579.7 14927.19 2039.02 13.66
581.1 15049.34 2087.87 13.87
582.6 15179.87 2134.95 14.06
584.0 15306.40 2183.18 14.26
585.4 15471.50 2238.79 14.47
586.8 15703.41 2303.93 14.67
588.3 15959.97 2364.34 14.81
589.7 16164.72 2425.18 15.00
591.1 16308.26 2470.41 15.15
592.5 16380.50 2511.38 15.33
594.0 16416.90 2540.12 15.47
595.4 16426.30 2568.91 15.64
596.8 16438.21 2596.31 15.79
598.2 16446.40 2619.78 15.93
599.6 16446.15 2640.08 16.05
601.0 16488.64 2666.97 16.17
602.4 16524.83 2694.69 16.31
603.9 16595.00 2722.85 16.41
605.3 16677.56 2753.93 16.51
606.7 16748.10 2783.52 16.62
608.1 16880.08 2825.38 16.74
609.5 17023.96 2871.18 16.87
610.9 17200.20 2925.53 17.01
612.3 17363.60 2977.04 17.15
613.7 17583.26 3043.84 17.31
615.1 17730.09 3100.68 17.49
616.5 17885.32 3161.85 17.68
617.9 18120.27 3242.82 17.90
619.3 18343.55 3322.03 18.11
620.7 18613.68 3410.88 18.32
622.1 18877.69 3493.91 18.51
623.5 19168.37 3586.41 18.71
624.9 19495.88 3683.82 18.90
626.3 19705.80 3772.12 19.14
627.7 19502.63 3779.09 19.38
629.1 19316.59 3790.10 19.62
630.5 19234.56 3814.60 19.83
631.9 19243.16 3861.48 20.07
633.3 19227.78 3908.57 20.33
634.7 19307.14 3970.05 20.56
636.1 19335.07 4030.89 20.85
637.5 19378.14 4086.57 21.09
638.9 19457.31 4126.86 21.21
640.2 19514.53 4138.73 21.21
641.6 19531.98 4135.25 21.17
643.0 19504.65 4107.61 21.06
644.4 19507.28 4080.12 20.92
645.8 19449.04 4034.92 20.75
647.2 19526.59 4019.68 20.59
648.5 19579.91 3994.37 20.40
649.9 19492.88 3950.54 20.27
651.3 19428.45 3917.82 20.17
652.7 19344.30 3882.63 20.07
654.1 19217.52 3858.26 20.08
655.5 19076.42 3810.58 19.98
656.8 18936.77 3748.16 19.79
658.2 19052.33 3737.07 19.61
659.6 19274.42 3733.66 19.37
660.9 19463.87 3717.75 19.10
662.3 19650.11 3696.12 18.81
663.7 19826.10 3676.26 18.54
665.0 19986.79 3653.12 18.28
666.4 20146.14 3633.99 18.04
667.8 20346.56 3637.35 17.88
669.1 20529.76 3645.01 17.75
670.5 20738.52 3674.46 17.72
671.9 20872.26 3709.13 17.77
673.2 21059.41 3766.07 17.88
674.6 21230.21 3844.91 18.11
676.0 21420.32 3949.36 18.44
677.3 21614.12 4077.71 18.87
678.7 21817.38 4232.15 19.40
680.0 22089.50 4419.63 20.01
681.4 22373.47 4634.58 20.71
682.8 22657.86 4873.96 21.51
684.1 22942.53 5141.92 22.41
685.5 23200.94 5421.48 23.37
686.8 23448.72 5714.58 24.37
688.2 23672.40 6001.50 25.35
689.5 23749.65 6255.56 26.34
690.9 23825.77 6507.27 27.31
692.2 23869.28 6744.24 28.25
693.6 23926.69 6976.35 29.16
694.9 23920.11 7172.05 29.98
696.2 23942.14 7368.68 30.78
697.6 23961.85 7547.51 31.50
698.9 23992.32 7724.64 32.20
700.3 24038.01 7895.72 32.85
701.6 24084.68 8063.18 33.48
703.0 24137.54 8224.83 34.07
704.3 24141.49 8356.01 34.61
705.6 24144.66 8479.93 35.12
707.0 24151.61 8596.19 35.59
708.3 24094.31 8683.51 36.04
709.6 24038.25 8764.23 36.46
711.0 23936.43 8828.95 36.88
712.3 23827.16 8873.22 37.24
713.6 23789.01 8945.83 37.60
714.9 23716.29 9003.04 37.96
716.3 23686.39 9076.62 38.32
717.6 23672.15 9159.43 38.69
718.9 23614.96 9218.46 39.04
720.2 23494.56 9250.93 39.37
721.6 23399.74 9291.72 39.71
722.9 23270.63 9312.39 40.02
724.2 23091.17 9316.34 40.35
725.5 22957.02 9327.58 40.63
726.8 22832.78 9337.05 40.89
728.1 22750.67 9364.35 41.16
729.5 22685.44 9391.60 41.40
730.8 22628.18 9428.50 41.67
732.1 22547.20 9449.23 41.91
733.4 22493.78 9473.10 42.11
734.7 22430.29 9503.94 42.37
736.0 22412.65 9542.83 42.58
737.3 22354.35 9580.21 42.86
738.6 22392.88 9652.54 43.11
739.9 22486.41 9752.77 43.37
741.2 22557.99 9831.82 43.58
742.5 22690.46 9948.56 43.84
743.8 22954.18 10114.91 44.07
745.1 23356.68 10350.75 44.32
746.4 23838.13 10620.70 44.55
747.7 24340.83 10904.34 44.80
749.0 24845.90 11189.97 45.04
750.3 25109.11 11381.29 45.33
751.6 25056.94 11426.06 45.60
752.9 24812.33 11373.99 45.84
754.2 24511.78 11303.31 46.11
755.4 24190.11 11210.14 46.34
756.7 24095.29 11219.95 46.56
758.0 24119.44 11277.58 46.76
759.3 24282.67 11410.43 46.99
760.6 24509.10 11570.33 47.21
761.9 24709.31 11721.80 47.44
763.1 24854.26 11837.47 47.63
764.4 25021.13 11970.30 47.84
765.7 25148.50 12085.45 48.06
767.0 25255.87 12183.58 48.24
768.2 25351.20 12276.10 48.42
769.5 25424.49 12365.88 48.64
770.8 25570.26 12488.94 48.84
772.0 25587.81 12553.55 49.06
773.3 25669.17 12638.52 49.24
774.6 25760.75 12742.84 49.47
775.8 25826.13 12839.06 49.71
777.1 25851.30 12902.64 49.91
778.4 25836.83 12938.33 50.08
779.6 25861.37 12998.08 50.26
780.9 25820.00 13031.20 50.47
782.1 25728.02 13035.26 50.67
783.4 25750.40 13092.35 50.84
784.6 25767.74 13147.30 51.02
785.9 25975.04 13295.26 51.18
787.1 26352.59 13528.41 51.34
788.4 26662.70 13741.81 51.54
789.6 26677.46 13809.68 51.77
790.9 26422.83 13750.10 52.04
792.1 26144.60 13655.22 52.23
793.4 25865.12 13553.19 52.40
794.6 25676.57 13510.16 52.62
795.8 25513.36 13480.43 52.84
797.1 25350.08 13435.86 53.00
798.3 25228.50 13419.20 53.19
799.5 25169.97 13417.35 53.31
800.8 25099.23 13427.82 53.50
802.0 25011.42 13420.78 53.66
803.2 24918.76 13420.78 53.86
804.5 24860.18 13420.97 53.99
805.7 24781.04 13426.40 54.18
806.9 24699.71 13422.96 54.34
808.1 24647.73 13423.30 54.46
809.4 24609.13 13453.69 54.67
810.6 24558.63 13458.90 54.80
811.8 24538.32 13487.05 54.96
813.0 24560.28 13523.01 55.06
814.2 24583.06 13560.02 55.16
815.4 24644.79 13623.80 55.28
816.6 24675.27 13670.53 55.40
817.9 24704.84 13713.05 55.51
819.1 24672.89 13719.52 55.61
820.3 24583.02 13688.74 55.68
821.5 24511.70 13678.35 55.80
822.7 24474.49 13677.87 55.89
823.9 24466.74 13698.63 55.99
825.1 24483.13 13707.82 55.99
826.3 24493.16 13718.35 56.01
827.5 24511.03 13738.00 56.05
828.7 24560.16 13742.93 55.96
829.9 24556.61 13758.65 56.03
831.0 24631.50 13794.19 56.00
832.2 24684.15 13816.65 55.97
833.4 24732.69 13850.49 56.00
834.6 24771.09 13883.44 56.05
835.8 24806.25 13908.51 56.07
837.0 24848.21 13959.24 56.18
838.1 24942.61 14020.85 56.21
839.3 24987.97 14053.85 56.24
840.5 25056.73 14112.62 56.32
841.7 25139.84 14176.81 56.39
842.9 25202.72 14227.35 56.45
844.0 25272.39 14280.38 56.51
845.2 25356.92 14341.41 56.56
846.4 25406.55 14397.23 56.67
847.5 25535.27 14483.72 56.72
848.7 25649.51 14562.81 56.78
849.9 25759.43 14645.22 56.85
851.0 25787.85 14691.33 56.97
852.2 25836.49 14743.85 57.07
853.3 25835.02 14762.36 57.14
854.5 25803.13 14771.16 57.25
855.6 25784.28 14781.94 57.33
856.8 25811.14 14810.87 57.38
857.9 25796.36 14823.48 57.46
859.1 25866.40 14887.44 57.56
860.2 25870.46 14901.18 57.60
861.4 25883.89 14929.24 57.68
862.5 25913.95 14965.90 57.75
863.7 25967.63 15016.19 57.83
864.8 25978.23 15026.34 57.84
865.9 25934.02 15022.63 57.93
867.1 25972.57 15050.81 57.95
868.2 25960.64 15071.63 58.06
869.3 25983.57 15089.23 58.07
870.5 25945.69 15068.89 58.08
871.6 25952.82 15085.44 58.13
872.7 25988.86 15121.06 58.18
873.9 26010.48 15132.96 58.18
875.0 25998.57 15120.37 58.16
876.1 25976.68 15127.71 58.24
877.2 25992.15 15129.26 58.21
878.3 25997.76 15122.35 58.17
879.4 26016.59 15140.76 58.20
880.5 26032.32 15139.15 58.16
881.7 26038.68 15135.64 58.13
882.8 26051.76 15152.06 58.16
883.9 26088.59 15160.98 58.11
885.0 26049.66 15141.81 58.13
886.1 26068.54 15151.70 58.12
887.2 25979.14 15086.40 58.07
888.3 25929.87 15046.25 58.03
889.4 25867.81 15013.23 58.04
890.5 25830.84 14973.51 57.97
891.6 25777.28 14934.04 57.93
892.7 25812.52 14921.14 57.81
893.8 25792.32 14924.84 57.87
894.9 25833.34 14898.33 57.67
896.0 25797.95 14871.22 57.64
897.0 25823.30 14884.64 57.64
898.1 25837.83 14869.29 57.55
899.2 25853.12 14865.54 57.50
900.3 25827.20 14798.64 57.30
901.4 25755.93 14765.35 57.33
902.4 25796.28 14769.41 57.25
903.5 25760.57 14721.41 57.15
904.6 25773.48 14716.52 57.10
905.7 25786.56 14703.38 57.02
906.7 25778.44 14660.62 56.87
907.8 25791.16 14666.96 56.87
908.9 25756.23 14611.23 56.73
909.9 25738.83 14579.32 56.64
911.0 25715.27 14526.87 56.49
912.1 25708.69 14484.99 56.34
913.1 25683.06 14436.66 56.21
914.2 25568.28 14345.24 56.11
915.2 25594.38 14305.68 55.89
916.3 25582.28 14262.96 55.75
917.3 25579.53 14206.14 55.54
918.4 25529.08 14122.90 55.32
919.4 25526.52 14045.22 55.02
920.5 25540.93 13974.42 54.71
921.5 25532.64 13926.14 54.54
922.6 25509.72 13854.45 54.31
923.6 25552.64 13788.42 53.96
924.7 25558.13 13682.60 53.54
925.7 25559.01 13624.96 53.31
926.7 25571.07 13541.37 52.96
927.8 25622.74 13456.37 52.52
928.8 25737.00 13423.52 52.16
929.9 25798.01 13348.94 51.74
930.9 25912.02 13305.95 51.35
931.9 26063.45 13273.91 50.93
932.9 26272.00 13263.38 50.48
934.0 26311.65 13168.13 50.05
935.0 26328.00 13038.51 49.52
936.0 26313.67 12915.79 49.08
937.0 26305.79 12775.23 48.56
938.1 26273.03 12661.70 48.19
939.1 26282.27 12553.48 47.76
940.1 26307.38 12438.64 47.28
941.1 26474.98 12381.24 46.77
942.1 26613.43 12310.04 46.25
943.1 26709.35 12236.08 45.81
944.1 26891.46 12160.62 45.22
945.2 26931.87 12025.27 44.65
946.2 27005.05 11931.30 44.18
947.2 27050.94 11802.10 43.63
948.2 27161.01 11699.29 43.07
949.2 27258.97 11577.64 42.47
950.2 27257.00 11428.27 41.93
951.2 27381.90 11292.62 41.24
952.2 27427.92 11171.65 40.73
953.2 27549.11 11049.22 40.11
954.2 27670.16 10968.57 39.64
955.2 27683.23 10809.06 39.05
956.2 27678.04 10682.97 38.60
957.2 27683.31 10600.76 38.29
958.2 27771.67 10528.12 37.91
959.2 27855.45 10482.84 37.63
960.1 27895.78 10433.26 37.40
961.1 27947.74 10353.98 37.05
962.1 27921.09 10338.38 37.03
963.1 28038.72 10285.12 36.68
964.1 28081.62 10250.21 36.50
965.1 28159.91 10308.68 36.61
966.1 28230.04 10245.44 36.29
967.0 28291.66 10252.56 36.24
968.0 28354.15 10214.98 36.03
969.0 28355.00 10250.60 36.15
970.0 28440.42 10215.15 35.92
971.0 28447.07 10184.90 35.80
971.9 28529.94 10231.10 35.86
972.9 28619.85 10287.41 35.95
973.9 28640.46 10285.41 35.91
974.9 28629.25 10250.51 35.80
975.8 28737.28 10240.41 35.63
976.8 28722.61 10265.14 35.74
977.8 28846.97 10289.97 35.67
978.8 28789.28 10296.72 35.77
979.7 28914.30 10355.61 35.81
980.7 28909.16 10322.99 35.71
981.7 29108.19 10338.95 35.52
982.6 29310.11 10494.99 35.81
983.6 29612.62 10526.55 35.55
984.6 29886.86 10578.14 35.39
985.5 30220.02 10699.06 35.40
986.5 30590.42 11129.54 36.38
987.5 31346.01 11383.55 36.32
988.4 31956.65 11566.28 36.19
989.4 32957.10 11759.69 35.68
990.4 33646.09 12349.06 36.70
991.3 34254.92 12679.43 37.01
992.3 35605.12 12950.87 36.37
993.2 35791.00 13957.37 39.00
994.2 37066.33 14118.10 38.09
995.2 37769.29 14660.08 38.81
996.1 38356.88 14975.99 39.04
997.1 37945.80 14657.18 38.63
998.0 38542.50 14937.36 38.76
999.0 38301.25 14959.17 39.06
1000.0 38064.02 15150.61 39.80
1000.9 38955.51 15346.11 39.39
1001.9 38313.61 15406.53 40.21
1002.8 38469.11 15220.39 39.57
1003.8 38840.71 14750.74 37.98
1004.8 39018.78 15516.24 39.77
961.5 34418.44 9378.06 27.25
965.5 34203.70 9638.45 28.18
969.5 33124.73 9731.20 29.38
973.4 31599.68 9691.77 30.67
977.4 30418.99 9568.69 31.46
981.4 29806.10 9508.11 31.90
985.3 29606.90 9571.76 32.33
989.3 29665.19 9740.66 32.84
993.3 29713.32 9909.88 33.35
997.2 29668.74 10023.82 33.79
1001.2 29627.00 10176.53 34.35
1005.2 29568.23 10386.52 35.13
1009.1 29600.49 10625.17 35.90
1013.1 29702.49 10876.29 36.62
1017.1 29789.49 11157.33 37.45
1021.0 29789.99 11421.46 38.34
1025.0 29760.59 11657.88 39.17
1029.0 29636.30 11896.76 40.14
1032.9 29533.53 12125.75 41.06
1036.9 29509.70 12370.31 41.92
1040.9 29556.91 12654.84 42.82
1044.8 29679.34 12939.45 43.60
1048.8 29786.37 13193.63 44.29
1052.7 29868.84 13393.47 44.84
1056.7 29898.31 13547.89 45.31
1060.7 29913.73 13666.15 45.69
1064.6 29918.21 13764.32 46.01
1068.6 29859.11 13789.53 46.18
1072.5 29814.52 13765.37 46.17
1076.5 29798.83 13720.48 46.04
1080.4 29797.49 13657.18 45.83
1084.4 29858.05 13581.92 45.49
1088.3 29928.60 13470.81 45.01
1092.3 29919.24 13303.94 44.47
1096.2 29930.07 13090.51 43.74
1100.2 29956.02 12903.30 43.07
1104.1 29873.92 12683.21 42.46
1108.1 29858.25 12453.40 41.71
1112.0 29809.22 12207.24 40.95
1116.0 29674.06 11918.79 40.17
1119.9 29580.84 11584.10 39.16
1123.9 29636.88 11224.92 37.87
1127.8 29621.76 10717.44 36.18
1131.8 29615.13 10088.88 34.07
1135.7 29658.37 9359.61 31.56
1139.6 29649.41 8586.62 28.96
1143.6 29635.32 7909.03 26.69
1147.5 29635.02 7370.35 24.87
1151.4 29535.85 6935.86 23.48
1155.4 29547.88 6648.18 22.50
1159.3 29582.50 6468.44 21.87
1163.2 29498.44 6329.29 21.46
1167.2 29505.90 6251.64 21.19
1171.1 29517.01 6195.10 20.99
1175.0 29484.53 6130.00 20.79
1179.0 29486.15 6074.25 20.60
1182.9 29537.81 6048.23 20.48
1186.8 29538.86 6004.66 20.33
1190.7 29410.97 5942.07 20.20
1194.7 29255.48 5893.52 20.14
1198.6 29133.72 5869.71 20.15
1202.5 29044.69 5857.98 20.17
1206.4 28972.03 5851.48 20.20
1210.3 28920.11 5861.82 20.27
1214.2 28863.76 5877.16 20.36
1218.2 28763.18 5898.10 20.51
1222.1 28692.28 5934.30 20.68
1226.0 28656.56 5974.55 20.85
1229.9 28600.92 5991.12 20.95
1233.8 28545.33 6017.78 21.08
1237.7 28520.81 6048.56 21.21
1241.6 28465.46 6076.66 21.35
1245.5 28370.21 6096.38 21.49
1249.4 28299.76 6103.81 21.57
1253.3 28232.22 6119.11 21.67
1257.2 28191.00 6130.27 21.75
1261.1 28130.65 6126.52 21.78
1265.0 28057.45 6109.77 21.78
1268.9 27949.80 6067.94 21.71
1272.8 27989.85 6044.85 21.60
1276.7 28109.94 6036.37 21.47
1280.6 28175.48 5993.94 21.27
1284.5 28132.96 5903.82 20.99
1288.4 28112.11 5825.51 20.72
1292.3 28036.25 5717.25 20.39
1296.2 27954.20 5579.98 19.96
1300.1 27848.52 5439.02 19.53
1303.9 27706.57 5267.50 19.01
1307.8 27559.31 5082.29 18.44
1311.7 27397.23 4884.04 17.83
1315.6 27238.78 4673.76 17.16
1319.5 27066.08 4471.57 16.52
1323.3 26913.00 4259.63 15.83
1327.2 26776.06 4059.25 15.16
1331.1 26621.95 3865.04 14.52
1335.0 26429.02 3666.81 13.87
1338.8 26290.11 3507.14 13.34
1342.7 26169.42 3356.68 12.83
1346.5 25929.13 3196.10 12.33
1350.4 25728.90 3082.53 11.98
1354.3 25457.85 2964.87 11.65
1358.1 25158.95 2828.45 11.24
1362.0 24980.59 2711.07 10.85
1365.8 24927.82 2596.81 10.42
1369.7 24996.19 2490.30 9.96
1373.5 24961.93 2354.23 9.43
1377.4 24802.90 2183.68 8.80
1381.2 24660.90 2003.38 8.12
1385.1 24643.85 1814.21 7.36
1389.0 24592.75 1631.36 6.63
1392.8 24461.78 1475.18 6.03
1396.6 24365.22 1341.78 5.51
1400.5 24231.60 1219.15 5.03
1404.3 24125.27 1119.02 4.64
1408.2 24097.32 1043.89 4.33
1412.0 24070.61 995.39 4.14
1415.8 24101.54 954.80 3.96
1419.6 24084.23 920.76 3.82
1423.5 24070.46 892.55 3.71
1427.3 24053.34 881.43 3.66
1431.1 24042.83 869.55 3.62
1434.9 23983.10 855.71 3.57
1438.8 23944.05 844.98 3.53
1442.6 23927.04 833.19 3.48
1446.4 23856.75 825.19 3.46
1450.2 23800.39 820.39 3.45
1454.0 23730.24 818.52 3.45
1457.8 23714.21 820.55 3.46
1461.6 23699.02 819.72 3.46
1465.4 23623.88 822.00 3.48
1469.2 23507.58 832.65 3.54
1473.0 23416.67 837.94 3.58
1476.8 23385.95 849.69 3.63
1480.7 23341.52 866.02 3.71
1484.4 23269.68 884.64 3.80
1488.2 23205.84 918.84 3.96
1492.0 23119.76 943.71 4.08
1495.8 23050.30 964.60 4.18
1499.6 22974.60 984.53 4.29
1503.4 22886.86 997.57 4.36
1507.2 22817.82 1005.58 4.41
1510.9 22736.47 1009.83 4.44
1514.7 22640.13 1008.58 4.45
1518.5 22563.41 1015.44 4.50
1522.3 22469.97 1028.15 4.58
1526.0 22400.45 1042.88 4.66
1529.8 22366.84 1067.58 4.77
1533.6 22289.14 1082.67 4.86
1537.3 22206.85 1085.25 4.89
1541.1 22117.21 1105.38 5.00
1544.8 22039.20 1125.60 5.11
1548.6 21965.35 1137.09 5.18
1552.4 21895.60 1157.74 5.29
1556.1 21841.83 1178.49 5.40
1559.9 21787.79 1192.21 5.47
1563.6 21716.01 1201.67 5.53
1567.3 21641.45 1216.51 5.62
1571.1 21503.94 1244.15 5.79
1574.8 21413.78 1272.27 5.94
1578.6 21355.88 1289.52 6.04
1582.3 21274.05 1297.23 6.10
1586.0 21183.04 1301.03 6.14
1589.8 21100.62 1313.68 6.23
1593.5 21000.69 1318.70 6.28
1597.2 20929.52 1325.35 6.33
1600.9 20843.62 1326.46 6.36
1604.7 20745.10 1328.86 6.41
1608.4 20669.95 1344.95 6.51
1612.1 20567.28 1355.29 6.59
1615.8 20477.47 1361.80 6.65
1619.5 20422.34 1373.70 6.73
1623.2 20328.29 1375.98 6.77
1626.9 20221.28 1380.54 6.83
1630.6 20112.62 1384.24 6.88
1634.3 20025.88 1390.35 6.94
1638.0 19934.15 1395.97 7.00
1641.7 19830.91 1397.96 7.05
1645.4 19716.98 1395.70 7.08
1649.1 19602.77 1397.65 7.13
1652.8 19509.95 1401.86 7.19
1656.4 19395.62 1395.35 7.19
1660.1 19295.18 1393.58 7.22
1663.8 19185.10 1384.15 7.21
1667.5 19083.74 1377.68 7.22
1671.1 18996.35 1368.90 7.21
1674.8 18876.30 1364.81 7.23
1678.5 18838.56 1357.80 7.21
1682.1 18849.73 1348.42 7.15
1685.8 18859.30 1343.56 7.12
1689.5 18795.30 1330.37 7.08
1693.1 18706.41 1322.46 7.07
1696.8 18615.25 1308.63 7.03
1700.4 18529.58 1291.04 6.97
1704.0 18456.67 1277.33 6.92
1707.7 18296.86 1260.86 6.89
1711.3 18114.51 1228.79 6.78
1715.0 17992.28 1200.28 6.67
1718.6 17886.14 1181.23 6.60
1722.2 17799.94 1153.43 6.48
1725.9 17706.59 1131.70 6.39
1729.5 17604.49 1129.88 6.42
1733.1 17541.49 1113.14 6.35
1736.7 17471.92 1086.75 6.22
1740.3 17366.15 1075.36 6.19
1744.0 17315.89 1059.03 6.12
1747.5 17227.16 1040.09 6.04
1751.2 17088.52 1022.49 5.98
1754.8 16976.43 1004.09 5.91
1758.4 16893.02 984.59 5.83
1762.0 16789.89 972.32 5.79
1765.5 16699.11 965.16 5.78
1769.1 16665.60 960.00 5.76
1772.7 16620.17 946.61 5.70
1776.3 16550.18 928.12 5.61
1779.9 16477.44 921.95 5.60
1783.5 16434.96 910.16 5.54
1787.0 16345.96 894.64 5.47
1790.6 16243.66 893.92 5.50
1794.2 16171.99 886.90 5.48
1797.8 16109.35 882.70 5.48
1801.3 16053.66 867.06 5.40
1804.9 15954.75 863.63 5.41
1808.4 15901.90 864.76 5.44
1812.0 15801.30 857.94 5.43
1815.5 15695.88 859.02 5.47
1819.1 15574.16 858.28 5.51
1822.6 15471.85 851.37 5.50
1826.2 15387.58 836.76 5.44
1829.7 15274.18 828.55 5.42
1833.2 15120.13 821.14 5.43
1836.8 14969.50 802.62 5.36
1840.3 14877.77 794.97 5.34
1843.8 14800.45 788.90 5.33
1847.3 14738.02 766.61 5.20
1850.8 14668.42 749.95 5.11
1854.3 14577.15 736.13 5.05
1857.8 14534.00 707.20 4.87
1861.3 14522.25 695.21 4.79
1864.8 14459.04 656.01 4.54
1868.3 14308.06 609.64 4.26
1871.8 14215.68 591.36 4.16
1875.3 14201.46 564.66 3.98
1878.8 14176.42 494.98 3.49
1882.3 14122.90 446.48 3.16
1885.8 14014.10 433.67 3.09
1889.3 13904.45 392.03 2.82
1892.7 13776.82 398.43 2.89
1896.2 13660.15 385.88 2.82
1899.7 13554.20 360.43 2.66
1903.1 13466.38 349.27 2.59
1906.6 13511.57 336.99 2.49
1910.0 13676.29 437.81 3.20
1913.5 13920.50 501.14 3.60
1917.0 14289.98 627.73 4.39
1920.4 14838.23 785.83 5.30
1923.8 14900.33 812.75 5.45
1871.2 12934.73 297.61 2.30
1873.9 13036.34 257.72 1.98
1876.7 13080.35 289.57 2.21
1879.5 13184.92 293.21 2.22
1882.3 12973.16 324.78 2.50
1885.1 12955.86 336.18 2.59
1887.8 13054.47 206.17 1.58
1890.6 12965.86 194.92 1.50
1893.4 12899.33 198.00 1.53
1896.2 12776.85 178.79 1.40
1898.9 12763.16 160.58 1.26
1901.7 12667.81 188.11 1.48
1904.5 12785.93 195.73 1.53
1907.2 12706.25 171.00 1.35
1910.0 12637.10 155.64 1.23
1912.7 12646.53 160.13 1.27
1915.5 12573.30 195.69 1.56
1918.2 12524.17 175.34 1.40
1921.0 12429.58 154.73 1.24
1923.7 12476.24 173.42 1.39
1926.5 12456.75 179.12 1.44
1929.2 12429.04 179.57 1.44
1932.0 12425.12 170.64 1.37
1934.7 12406.61 153.21 1.23
1937.4 12332.23 186.10 1.51
1940.2 12287.19 202.84 1.65
1942.9 12341.39 185.75 1.51
1945.6 12357.84 166.10 1.34
1948.3 12310.10 201.56 1.64
1951.1 12286.82 183.61 1.49
1953.8 12285.00 168.00 1.37
1956.5 12213.61 218.64 1.79
1959.2 12244.05 209.30 1.71
1961.9 12277.60 184.76 1.50
1964.6 12227.25 184.45 1.51
1967.3 12243.43 183.93 1.50
1970.0 12130.08 189.44 1.56
1972.8 12063.78 205.92 1.71
1975.5 12116.40 187.31 1.55
1978.2 12077.12 169.36 1.40
1980.9 11995.23 206.97 1.73
1983.5 11947.43 232.67 1.95
1986.2 11960.10 203.70 1.70
1988.9 11951.37 221.16 1.85
1991.6 11858.95 223.04 1.88
1994.3 11764.18 190.63 1.62
1997.0 11766.88 207.60 1.76
1999.7 11773.83 215.38 1.83
2002.3 11759.81 184.11 1.57
2005.0 11690.77 192.74 1.65
2007.7 11638.67 212.13 1.82
2010.4 11594.16 197.00 1.70
2013.0 11562.08 221.91 1.92
2015.7 11497.38 252.91 2.20
2018.4 11428.93 195.73 1.71
2021.0 11415.50 189.83 1.66
2023.7 11337.76 243.09 2.14
2026.4 11289.20 222.52 1.97
2029.0 11241.04 216.50 1.93
2031.7 11159.63 236.60 2.12
2034.3 11170.90 219.70 1.97
2037.0 11088.29 202.68 1.83
2039.6 11036.71 213.81 1.94
2042.3 11025.52 230.28 2.09
2044.9 10984.38 218.79 1.99
2047.5 10945.11 224.40 2.05
2050.2 10866.80 232.40 2.14
2052.8 10875.20 210.00 1.93
2055.4 10794.82 224.13 2.08
2058.1 10693.20 226.80 2.12
2060.7 10690.88 240.37 2.25
2063.3 10636.71 248.01 2.33
2065.9 10588.79 209.38 1.98
2068.6 10527.38 226.13 2.15
2071.2 10509.93 220.41 2.10
2073.8 10479.76 212.67 2.03
2076.4 10429.57 238.57 2.29
2079.0 10413.86 241.66 2.32
2081.6 10426.21 236.32 2.27
2084.2 10409.13 225.73 2.17
2086.8 10317.76 229.10 2.22
2089.4 10237.53 226.93 2.22
2092.1 10185.83 255.00 2.50
2094.7 10161.53 245.78 2.42
2097.2 10134.83 206.83 2.04
2099.8 10154.06 227.73 2.24
2102.4 10079.62 244.53 2.43
2105.0 9975.00 259.35 2.60
2107.6 9943.53 270.59 2.72
2110.2 9903.21 255.75 2.58
2112.8 9887.09 220.48 2.23
2115.3 9921.47 245.37 2.47
2117.9 9932.41 264.05 2.66
2120.5 9899.34 256.52 2.59
2123.1 9860.18 263.25 2.67
2125.6 9830.42 254.77 2.59
2128.2 9760.43 242.91 2.49
2130.8 9696.38 269.10 2.78
2133.3 9680.00 269.87 2.79
2135.9 9631.02 229.45 2.38
2138.4 9558.99 265.20 2.77
2141.0 9487.88 279.14 2.94
2143.6 9445.83 246.26 2.61
2146.1 9343.90 258.57 2.77
2148.7 9250.50 261.36 2.83
2151.2 9289.87 243.47 2.62
2153.8 9283.27 253.13 2.73
2156.3 9196.68 271.71 2.95
2158.8 9167.15 248.08 2.71
2161.4 9136.89 250.61 2.74
2163.9 9080.87 274.20 3.02
2166.4 9038.53 236.53 2.62
2169.0 9026.70 245.40 2.72
2171.5 8964.61 248.36 2.77
2174.0 8877.40 235.03 2.65
2176.5 8859.37 257.14 2.90
2179.1 8821.17 252.98 2.87
2181.6 8799.54 219.00 2.49
2184.1 8784.16 240.24 2.73
2186.6 8784.20 241.65 2.75
2189.1 8744.04 224.70 2.57
2191.6 8708.93 258.07 2.96
2194.1 8706.09 235.84 2.71
2196.6 8712.45 224.18 2.57
2199.2 8755.72 233.72 2.67
2201.7 8703.45 232.81 2.67
2204.1 8678.72 227.23 2.62
2206.6 8675.98 276.02 3.18
2209.1 8675.22 287.66 3.32
2211.6 8663.97 236.01 2.72
2214.1 8610.78 235.70 2.74
2216.6 8633.61 239.30 2.77
2219.1 8660.20 246.89 2.85
2221.6 8580.23 243.63 2.84
2224.0 8522.97 266.70 3.13
2226.5 8511.79 243.52 2.86
2229.0 8530.74 236.01 2.77
2231.5 8441.32 271.93 3.22
2233.9 8443.24 227.05 2.69
2236.4 8476.56 243.18 2.87
2238.9 8385.50 236.38 2.82
2241.3 8391.31 190.45 2.27
2243.8 8383.54 213.77 2.55
2246.2 8253.42 201.59 2.44
2248.7 8237.84 200.55 2.43
2251.2 8236.26 238.29 2.89
2253.6 8194.56 215.04 2.62
2256.1 8190.72 207.36 2.53
2258.5 8190.43 215.13 2.63
2260.9 8134.04 207.09 2.55
2263.4 8110.40 199.59 2.46
2265.8 8131.85 173.10 2.13
2268.3 8069.96 188.57 2.34
2270.7 8098.88 180.40 2.23
2273.1 8065.01 176.41 2.19
2275.6 8029.44 203.52 2.53
2278.0 8032.57 180.64 2.25
2280.4 8050.71 177.02 2.20
2282.8 7960.15 224.56 2.82
2285.3 7901.09 190.53 2.41
2287.7 7985.73 214.78 2.69
2290.1 7946.20 209.53 2.64
2292.5 7920.79 146.83 1.85
2294.9 7927.04 189.68 2.39
2297.3 7846.72 181.93 2.32
2299.7 7809.80 185.57 2.38
2302.1 7774.17 188.56 2.43
2304.5 7698.88 176.40 2.29
2306.9 7651.84 141.12 1.84
2309.3 7605.49 144.98 1.91
2311.7 7551.70 160.93 2.13
2314.1 7431.64 145.72 1.96
2316.5 7403.26 157.60 2.13
2318.9 7422.16 157.67 2.12
2321.3 7384.55 170.35 2.31
2323.7 7411.63 183.69 2.48
2326.1 7407.14 181.35 2.45
2328.4 7416.57 146.46 1.97
2330.8 7456.07 147.24 1.97
2333.2 7380.05 177.09 2.40
2335.6 7348.45 182.67 2.49
2337.9 7374.28 141.89 1.92
2340.3 7351.28 117.55 1.60
2342.7 7303.86 139.65 1.91
2345.0 7304.27 144.39 1.98
2347.4 7310.00 165.75 2.27
2349.7 7167.86 158.05 2.21
2352.1 7105.77 132.94 1.87
2354.4 7122.34 154.74 2.17
2356.8 7109.55 129.50 1.82
2359.2 7054.67 108.33 1.54
2361.5 7016.24 143.99 2.05
2363.8 7061.80 149.32 2.11
2366.2 7030.44 154.47 2.20
2368.5 6995.40 146.85 2.10
2370.9 6987.35 129.73 1.86
2373.2 6974.33 134.90 1.93
2375.5 6914.20 144.80 2.09
2377.9 6855.73 127.63 1.86
2380.2 6895.41 128.29 1.86
2382.5 6832.77 142.45 2.08
2384.8 6779.04 148.48 2.19
2387.2 6826.21 164.09 2.40
2389.5 6803.92 122.76 1.80
2391.8 6773.50 109.33 1.61
2394.1 6708.07 119.96 1.79
2396.4 6696.25 111.28 1.66
2398.7 6727.77 141.28 2.10
2401.0 6675.75 118.68 1.78
2403.3 6633.36 94.62 1.43
2405.6 6587.80 99.97 1.52
2407.9 6548.07 115.23 1.76
2410.2 6522.35 125.33 1.92
2412.5 6494.37 81.31 1.25
2414.8 6495.78 97.57 1.50
2417.1 6477.89 113.56 1.75
2419.4 6418.72 88.57 1.38
2421.7 6381.59 126.16 1.98
2424.0 6340.00 121.52 1.92
2426.2 6377.20 74.90 1.17
2428.5 6376.43 113.58 1.78
2430.8 6305.65 92.65 1.47
2433.1 6272.91 127.23 2.03
2435.4 6216.05 190.23 3.06
2437.6 6193.67 117.50 1.90
2439.9 6131.58 117.92 1.92
2442.2 6143.40 108.08 1.76
2444.4 6156.85 109.12 1.77
2446.7 6096.96 105.12 1.72
2448.9 6140.77 94.75 1.54
2451.2 6097.08 131.12 2.15
2453.4 6044.75 114.51 1.89
2455.7 6045.18 79.06 1.31
2457.9 5958.48 85.47 1.43
2460.2 5967.72 104.81 1.76
2462.4 5959.20 87.36 1.47
2464.7 5866.75 44.16 0.75
2466.9 5842.20 77.04 1.32
2469.2 5878.87 97.23 1.65
2471.4 5796.90 65.65 1.13
2473.6 5704.14 87.04 1.53
2475.9 5730.24 169.33 2.96
2478.1 5690.78 122.97 2.16
2480.3 5611.10 55.69 0.99
2482.5 5590.00 114.37 2.05
2484.8 5592.32 101.94 1.82
2487.0 5577.22 59.25 1.06
2489.2 5540.68 75.38 1.36
2491.4 5525.52 61.48 1.11
2493.6 5479.00 70.55 1.29
2495.8 5487.41 79.18 1.44
2498.0 5504.43 48.64 0.88
2500.2 5484.68 25.28 0.46
2502.4 5700.96 26.64 0.47
2504.6 5765.46 46.95 0.81
2506.8 5747.58 58.45 1.02
