/*** Spectra Vista SIG Data ***/
name= \My Documents\HR1024_Data\GD6T2.
instrument= HR: 1091052
integration= 400, 60, 30, 1000, 60, 30
scan time= 1, 1
scan settings= AD, AI, AD, AI
external data set1= 8224, 8224, 8224, 8224, 8224, 8224, 8224, 8224, 8224, 8224, 8224, 8224, 8224, 8224, 8224, 8224
external data set2= 8224, 8224, 8224, 8224, 8224, 8224, 8224, 8224, 8224, 8224, 8224, 8224, 8224, 8224, 8224, 8224
external data dark= 0,0,0,0,0,0,0,0
external data mask= 0
optic= LENS4 , LENS4 
temp= 32.98, 8.94, -5.37, 34.27, 8.88, -5.37
battery= 7.1, 7.1
error= 0, 0
units= Radiance, Radiance
time= 4/7/08 10:35:00 AM, 4/7/08 10:36:37 AM
longitude= , 
latitude= , 
gpstime= , 
comm= 
memory slot= 0, 0
factors= 
data= 
346.4 350.35 56.06 16.00
347.9 381.21 53.97 14.16
349.5 410.28 51.79 12.62
351.1 433.68 53.04 12.23
352.6 475.96 50.60 10.63
354.2 499.06 56.29 11.28
355.7 540.48 55.90 10.34
357.3 582.54 63.11 10.83
358.8 588.91 64.31 10.92
360.4 636.67 67.54 10.61
361.9 668.64 62.69 9.38
363.5 692.50 60.94 8.80
365.1 712.57 61.72 8.66
366.6 747.47 63.53 8.50
368.2 792.37 65.81 8.31
369.7 840.74 65.95 7.84
371.3 898.85 68.48 7.62
372.8 941.22 67.06 7.13
374.4 986.23 67.42 6.84
375.9 1017.83 67.52 6.63
377.4 1052.18 75.46 7.17
379.0 1086.82 71.29 6.56
380.5 1123.29 71.40 6.36
382.1 1153.93 70.33 6.09
383.6 1194.95 73.14 6.12
385.2 1251.25 66.55 5.32
386.7 1299.60 74.19 5.71
388.3 1372.34 78.26 5.70
389.8 1424.66 79.61 5.59
391.3 1483.01 78.54 5.30
392.9 1530.61 82.51 5.39
394.4 1562.39 86.06 5.51
395.9 1621.81 92.32 5.69
397.5 1711.90 93.02 5.43
399.0 1784.48 97.64 5.47
400.6 1838.09 96.22 5.23
402.1 1856.31 94.94 5.11
403.6 1888.03 89.67 4.75
405.1 1944.54 90.49 4.65
406.7 2010.40 95.87 4.77
408.2 2079.37 99.35 4.78
409.7 2148.16 98.11 4.57
411.3 2213.53 103.73 4.69
412.8 2271.65 108.07 4.76
414.3 2341.03 115.03 4.91
415.8 2417.50 116.50 4.82
417.4 2490.79 118.40 4.75
418.9 2548.98 120.93 4.74
420.4 2593.45 123.13 4.75
421.9 2640.22 121.97 4.62
423.5 2679.41 125.62 4.69
425.0 2722.85 127.66 4.69
426.5 2778.88 127.71 4.60
428.0 2849.90 129.72 4.55
429.5 2939.79 134.70 4.58
431.1 3042.79 138.93 4.57
432.6 3149.06 143.42 4.55
434.1 3259.99 150.15 4.61
435.6 3346.58 154.41 4.61
437.1 3441.75 160.68 4.67
438.6 3531.11 162.31 4.60
440.1 3611.12 167.32 4.63
441.6 3703.62 174.22 4.70
443.1 3787.76 177.80 4.69
444.7 3873.68 182.90 4.72
446.2 3941.61 190.71 4.84
447.7 4009.71 189.86 4.74
449.2 4084.56 193.54 4.74
450.7 4145.44 198.85 4.80
452.2 4210.01 199.25 4.73
453.7 4291.20 199.29 4.64
455.2 4393.26 206.43 4.70
456.7 4515.28 212.96 4.72
458.2 4654.47 220.88 4.75
459.7 4795.00 223.65 4.66
461.2 4934.06 235.80 4.78
462.7 5054.96 239.86 4.75
464.2 5177.07 249.98 4.83
465.7 5301.12 257.59 4.86
467.2 5404.44 264.50 4.89
468.7 5508.00 268.40 4.87
470.2 5586.81 279.83 5.01
471.7 5702.38 289.28 5.07
473.2 5885.72 300.19 5.10
474.6 6027.25 298.90 4.96
476.1 6074.86 302.74 4.98
477.6 6093.70 300.67 4.93
479.1 6122.60 303.66 4.96
480.6 6163.05 309.87 5.03
482.1 6243.66 312.67 5.01
483.6 6332.42 317.74 5.02
485.1 6458.38 322.08 4.99
486.6 6604.00 328.51 4.97
488.0 6753.50 342.23 5.07
489.5 6913.82 350.13 5.06
491.0 7075.65 360.56 5.10
492.5 7238.97 369.36 5.10
494.0 7404.10 384.23 5.19
495.4 7549.58 393.36 5.21
496.9 7695.36 404.14 5.25
498.4 7836.28 416.69 5.32
499.9 7979.51 430.06 5.39
501.4 8103.78 440.79 5.44
502.8 8223.51 451.28 5.49
504.3 8333.10 466.20 5.59
505.8 8444.88 478.07 5.66
507.2 8514.20 489.96 5.75
508.7 8565.01 500.19 5.84
510.2 8590.79 514.30 5.99
511.6 8618.22 520.26 6.04
513.1 8670.26 533.70 6.16
514.6 8732.77 547.20 6.27
516.0 8783.27 560.42 6.38
517.5 8880.96 575.05 6.48
519.0 8994.65 596.28 6.63
520.5 9112.66 616.97 6.77
521.9 9263.01 638.55 6.89
523.4 9434.43 661.29 7.01
524.8 9608.27 683.45 7.11
526.3 9802.81 711.84 7.26
527.8 10000.35 737.73 7.38
529.2 10181.33 764.33 7.51
530.7 10383.39 791.90 7.63
532.1 10567.68 819.28 7.75
533.6 10773.42 844.79 7.84
535.0 10980.59 875.26 7.97
536.5 11186.70 905.46 8.09
538.0 11401.56 932.51 8.18
539.4 11601.83 964.89 8.32
540.9 11838.18 1004.74 8.49
542.3 12056.36 1032.56 8.56
543.8 12205.88 1062.01 8.70
545.2 12241.58 1082.32 8.84
546.6 12248.30 1098.68 8.97
548.1 12260.70 1120.66 9.14
549.5 12261.13 1133.99 9.25
551.0 12260.01 1154.69 9.42
552.4 12274.54 1175.15 9.57
553.9 12279.40 1191.78 9.71
555.3 12300.80 1214.46 9.87
556.8 12360.66 1237.44 10.01
558.2 12414.09 1260.90 10.16
559.6 12499.51 1289.94 10.32
561.1 12612.44 1321.45 10.48
562.5 12742.28 1354.75 10.63
564.0 12915.37 1397.34 10.82
565.4 13070.62 1435.38 10.98
566.8 13269.64 1482.08 11.17
568.3 13461.39 1526.27 11.34
569.7 13659.35 1576.49 11.54
571.1 13859.91 1624.02 11.72
572.6 14064.03 1671.84 11.89
574.0 14250.23 1722.27 12.09
575.4 14437.41 1774.91 12.29
576.9 14612.77 1820.16 12.46
578.3 14771.90 1870.44 12.66
579.7 14927.19 1918.81 12.85
581.1 15049.34 1968.44 13.08
582.6 15179.87 2011.58 13.25
584.0 15306.40 2060.64 13.46
585.4 15471.50 2111.06 13.64
586.8 15703.41 2171.14 13.83
588.3 15959.97 2231.42 13.98
589.7 16164.72 2288.99 14.16
591.1 16308.26 2334.73 14.32
592.5 16380.50 2371.10 14.48
594.0 16416.90 2402.48 14.63
595.4 16426.30 2430.26 14.79
596.8 16438.21 2455.17 14.94
598.2 16446.40 2476.72 15.06
599.6 16446.15 2503.04 15.22
601.0 16488.64 2525.45 15.32
602.4 16524.83 2551.70 15.44
603.9 16595.00 2580.19 15.55
605.3 16677.56 2610.16 15.65
606.7 16748.10 2640.96 15.77
608.1 16880.08 2681.33 15.88
609.5 17023.96 2724.59 16.00
610.9 17200.20 2776.80 16.14
612.3 17363.60 2827.98 16.29
613.7 17583.26 2890.66 16.44
615.1 17730.09 2945.16 16.61
616.5 17885.32 3005.52 16.80
617.9 18120.27 3078.08 16.99
619.3 18343.55 3153.83 17.19
620.7 18613.68 3240.34 17.41
622.1 18877.69 3327.66 17.63
623.5 19168.37 3426.80 17.88
624.9 19495.88 3525.43 18.08
626.3 19705.80 3605.58 18.30
627.7 19502.63 3608.13 18.50
629.1 19316.59 3614.14 18.71
630.5 19234.56 3641.83 18.93
631.9 19243.16 3682.83 19.14
633.3 19227.78 3723.11 19.36
634.7 19307.14 3781.94 19.59
636.1 19335.07 3838.17 19.85
637.5 19378.14 3882.09 20.03
638.9 19457.31 3910.30 20.10
640.2 19514.53 3914.90 20.06
641.6 19531.98 3911.54 20.03
643.0 19504.65 3893.59 19.96
644.4 19507.28 3872.72 19.85
645.8 19449.04 3839.66 19.74
647.2 19526.59 3828.01 19.60
648.5 19579.91 3813.98 19.48
649.9 19492.88 3782.22 19.40
651.3 19428.45 3766.35 19.39
652.7 19344.30 3752.07 19.40
654.1 19217.52 3718.54 19.35
655.5 19076.42 3665.20 19.21
656.8 18936.77 3606.25 19.04
658.2 19052.33 3588.08 18.83
659.6 19274.42 3579.41 18.57
660.9 19463.87 3560.13 18.29
662.3 19650.11 3539.91 18.01
663.7 19826.10 3516.24 17.74
665.0 19986.79 3492.35 17.47
666.4 20146.14 3477.05 17.26
667.8 20346.56 3475.83 17.08
669.1 20529.76 3480.59 16.95
670.5 20738.52 3506.97 16.91
671.9 20872.26 3536.95 16.95
673.2 21059.41 3595.11 17.07
674.6 21230.21 3665.71 17.27
676.0 21420.32 3769.05 17.60
677.3 21614.12 3890.00 18.00
678.7 21817.38 4035.80 18.50
680.0 22089.50 4212.22 19.07
681.4 22373.47 4423.91 19.77
682.8 22657.86 4656.47 20.55
684.1 22942.53 4919.15 21.44
685.5 23200.94 5188.44 22.36
686.8 23448.72 5472.02 23.34
688.2 23672.40 5754.75 24.31
689.5 23749.65 6005.85 25.29
690.9 23825.77 6252.52 26.24
692.2 23869.28 6489.24 27.19
693.6 23926.69 6712.41 28.05
694.9 23920.11 6910.17 28.89
696.2 23942.14 7099.58 29.65
697.6 23961.85 7282.08 30.39
698.9 23992.32 7458.00 31.08
700.3 24038.01 7629.79 31.74
701.6 24084.68 7792.93 32.36
703.0 24137.54 7946.66 32.92
704.3 24141.49 8077.55 33.46
705.6 24144.66 8193.11 33.93
707.0 24151.61 8311.63 34.41
708.3 24094.31 8398.44 34.86
709.6 24038.25 8480.34 35.28
711.0 23936.43 8533.59 35.65
712.3 23827.16 8584.89 36.03
713.6 23789.01 8659.48 36.40
714.9 23716.29 8720.42 36.77
716.3 23686.39 8791.02 37.11
717.6 23672.15 8871.07 37.47
718.9 23614.96 8923.35 37.79
720.2 23494.56 8955.95 38.12
721.6 23399.74 8993.32 38.43
722.9 23270.63 9015.71 38.74
724.2 23091.17 9023.09 39.08
725.5 22957.02 9034.01 39.35
726.8 22832.78 9045.87 39.62
728.1 22750.67 9079.01 39.91
729.5 22685.44 9107.36 40.15
730.8 22628.18 9139.97 40.39
732.1 22547.20 9156.55 40.61
733.4 22493.78 9190.12 40.86
734.7 22430.29 9216.92 41.09
736.0 22412.65 9261.94 41.32
737.3 22354.35 9297.45 41.59
738.6 22392.88 9375.13 41.87
739.9 22486.41 9466.29 42.10
741.2 22557.99 9553.91 42.35
742.5 22690.46 9667.08 42.60
743.8 22954.18 9834.83 42.85
745.1 23356.68 10060.83 43.07
746.4 23838.13 10332.14 43.34
747.7 24340.83 10602.62 43.56
749.0 24845.90 10882.81 43.80
750.3 25109.11 11059.60 44.05
751.6 25056.94 11090.78 44.26
752.9 24812.33 11042.51 44.50
754.2 24511.78 10973.91 44.77
755.4 24190.11 10887.20 45.01
756.7 24095.29 10898.04 45.23
758.0 24119.44 10961.86 45.45
759.3 24282.67 11090.87 45.67
760.6 24509.10 11251.86 45.91
761.9 24709.31 11400.70 46.14
763.1 24854.26 11518.56 46.34
764.4 25021.13 11644.93 46.54
765.7 25148.50 11761.10 46.77
767.0 25255.87 11861.26 46.96
768.2 25351.20 11949.50 47.14
769.5 25424.49 12044.64 47.37
770.8 25570.26 12155.32 47.54
772.0 25587.81 12228.83 47.79
773.3 25669.17 12323.22 48.01
774.6 25760.75 12413.78 48.19
775.8 25826.13 12504.93 48.42
777.1 25851.30 12568.02 48.62
778.4 25836.83 12608.82 48.80
779.6 25861.37 12666.39 48.98
780.9 25820.00 12702.40 49.20
782.1 25728.02 12711.09 49.41
783.4 25750.40 12757.89 49.54
784.6 25767.74 12818.60 49.75
785.9 25975.04 12965.22 49.91
787.1 26352.59 13204.54 50.11
788.4 26662.70 13405.76 50.28
789.6 26677.46 13456.15 50.44
790.9 26422.83 13395.77 50.70
792.1 26144.60 13294.10 50.85
793.4 25865.12 13200.46 51.04
794.6 25676.57 13147.49 51.20
795.8 25513.36 13127.25 51.45
797.1 25350.08 13086.33 51.62
798.3 25228.50 13066.19 51.79
799.5 25169.97 13083.59 51.98
800.8 25099.23 13080.87 52.12
802.0 25011.42 13077.26 52.29
803.2 24918.76 13072.74 52.46
804.5 24860.18 13079.97 52.61
805.7 24781.04 13079.97 52.78
806.9 24699.71 13075.44 52.94
808.1 24647.73 13092.61 53.12
809.4 24609.13 13107.02 53.26
810.6 24558.63 13113.10 53.40
811.8 24538.32 13146.85 53.58
813.0 24560.28 13172.84 53.63
814.2 24583.06 13220.20 53.78
815.4 24644.79 13287.86 53.92
816.6 24675.27 13333.22 54.03
817.9 24704.84 13377.10 54.15
819.1 24672.89 13368.37 54.18
820.3 24583.02 13353.52 54.32
821.5 24511.70 13334.07 54.40
822.7 24474.49 13342.26 54.51
823.9 24466.74 13359.89 54.60
825.1 24483.13 13368.93 54.60
826.3 24493.16 13390.38 54.67
827.5 24511.03 13404.21 54.69
828.7 24560.16 13417.34 54.63
829.9 24556.61 13434.01 54.71
831.0 24631.50 13465.19 54.67
832.2 24684.15 13489.38 54.65
833.4 24732.69 13522.96 54.68
834.6 24771.09 13558.13 54.73
835.8 24806.25 13598.55 54.82
837.0 24848.21 13636.00 54.88
838.1 24942.61 13703.86 54.94
839.3 24987.97 13740.22 54.99
840.5 25056.73 13793.15 55.05
841.7 25139.84 13851.14 55.10
842.9 25202.72 13923.00 55.24
844.0 25272.39 13969.02 55.27
845.2 25356.92 14033.32 55.34
846.4 25406.55 14086.70 55.45
847.5 25535.27 14174.90 55.51
848.7 25649.51 14269.57 55.63
849.9 25759.43 14341.66 55.68
851.0 25787.85 14378.08 55.76
852.2 25836.49 14421.08 55.82
853.3 25835.02 14430.77 55.86
854.5 25803.13 14457.42 56.03
855.6 25784.28 14467.18 56.11
856.8 25811.14 14510.64 56.22
857.9 25796.36 14516.85 56.27
859.1 25866.40 14573.72 56.34
860.2 25870.46 14598.49 56.43
861.4 25883.89 14622.33 56.49
862.5 25913.95 14658.53 56.57
863.7 25967.63 14697.62 56.60
864.8 25978.23 14721.77 56.67
865.9 25934.02 14717.65 56.75
867.1 25972.57 14742.67 56.76
868.2 25960.64 14772.67 56.90
869.3 25983.57 14780.23 56.88
870.5 25945.69 14775.63 56.95
871.6 25952.82 14789.33 56.99
872.7 25988.86 14827.83 57.05
873.9 26010.48 14839.85 57.05
875.0 25998.57 14830.53 57.04
876.1 25976.68 14816.53 57.04
877.2 25992.15 14837.89 57.09
878.3 25997.76 14824.46 57.02
879.4 26016.59 14842.04 57.05
880.5 26032.32 14842.73 57.02
881.7 26038.68 14824.68 56.93
882.8 26051.76 14871.21 57.08
883.9 26088.59 14852.72 56.93
885.0 26049.66 14847.24 57.00
886.1 26068.54 14838.53 56.92
887.2 25979.14 14770.30 56.85
888.3 25929.87 14745.90 56.87
889.4 25867.81 14705.51 56.85
890.5 25830.84 14669.15 56.79
891.6 25777.28 14645.32 56.81
892.7 25812.52 14626.19 56.66
893.8 25792.32 14625.03 56.70
894.9 25833.34 14628.09 56.62
896.0 25797.95 14592.23 56.56
897.0 25823.30 14596.58 56.52
898.1 25837.83 14579.52 56.43
899.2 25853.12 14574.14 56.37
900.3 25827.20 14533.84 56.27
901.4 25755.93 14505.15 56.32
902.4 25796.28 14487.21 56.16
903.5 25760.57 14441.89 56.06
904.6 25773.48 14439.64 56.03
905.7 25786.56 14423.20 55.93
906.7 25778.44 14390.84 55.83
907.8 25791.16 14388.04 55.79
908.9 25756.23 14344.97 55.70
909.9 25738.83 14317.68 55.63
911.0 25715.27 14264.03 55.47
912.1 25708.69 14205.67 55.26
913.1 25683.06 14173.85 55.19
914.2 25568.28 14087.12 55.10
915.2 25594.38 14049.94 54.89
916.3 25582.28 14015.73 54.79
917.3 25579.53 13957.61 54.57
918.4 25529.08 13874.63 54.35
919.4 25526.52 13811.58 54.11
920.5 25540.93 13740.97 53.80
921.5 25532.64 13690.42 53.62
922.6 25509.72 13605.88 53.34
923.6 25552.64 13545.77 53.01
924.7 25558.13 13467.60 52.69
925.7 25559.01 13403.41 52.44
926.7 25571.07 13321.97 52.10
927.8 25622.74 13239.15 51.67
928.8 25737.00 13201.96 51.30
929.9 25798.01 13147.72 50.96
930.9 25912.02 13118.71 50.63
931.9 26063.45 13047.87 50.06
932.9 26272.00 13049.34 49.67
934.0 26311.65 12954.87 49.24
935.0 26328.00 12859.42 48.84
936.0 26313.67 12738.11 48.41
937.0 26305.79 12608.70 47.93
938.1 26273.03 12494.47 47.56
939.1 26282.27 12363.60 47.04
940.1 26307.38 12273.54 46.65
941.1 26474.98 12218.84 46.15
942.1 26613.43 12145.07 45.64
943.1 26709.35 12091.50 45.27
944.1 26891.46 12029.48 44.73
945.2 26931.87 11895.07 44.17
946.2 27005.05 11767.71 43.58
947.2 27050.94 11660.33 43.11
948.2 27161.01 11557.88 42.55
949.2 27258.97 11439.51 41.97
950.2 27257.00 11310.25 41.49
951.2 27381.90 11158.39 40.75
952.2 27427.92 11032.18 40.22
953.2 27549.11 10925.01 39.66
954.2 27670.16 10835.91 39.16
955.2 27683.23 10704.59 38.67
956.2 27678.04 10589.04 38.26
957.2 27683.31 10489.01 37.89
958.2 27771.67 10427.02 37.55
959.2 27855.45 10382.94 37.27
960.1 27895.78 10303.91 36.94
961.1 27947.74 10273.91 36.76
962.1 27921.09 10224.38 36.62
963.1 28038.72 10208.50 36.41
964.1 28081.62 10175.50 36.24
965.1 28159.91 10189.74 36.19
966.1 28230.04 10162.81 36.00
967.0 28291.66 10139.28 35.84
968.0 28354.15 10156.77 35.82
969.0 28355.00 10126.48 35.71
970.0 28440.42 10104.79 35.53
971.0 28447.07 10153.00 35.69
971.9 28529.94 10131.91 35.51
972.9 28619.85 10139.89 35.43
973.9 28640.46 10172.44 35.52
974.9 28629.25 10158.94 35.48
975.8 28737.28 10160.94 35.36
976.8 28722.61 10229.15 35.61
977.8 28846.97 10213.51 35.41
978.8 28789.28 10262.67 35.65
979.7 28914.30 10289.60 35.59
980.7 28909.16 10299.14 35.63
981.7 29108.19 10391.12 35.70
982.6 29310.11 10418.17 35.54
983.6 29612.62 10558.71 35.66
984.6 29886.86 10638.52 35.60
985.5 30220.02 10795.32 35.72
986.5 30590.42 10924.02 35.71
987.5 31346.01 11200.24 35.73
988.4 31956.65 11630.30 36.39
989.4 32957.10 11834.60 35.91
990.4 33646.09 12203.09 36.27
991.3 34254.92 12611.27 36.82
992.3 35605.12 12990.00 36.48
993.2 35791.00 13508.58 37.74
994.2 37066.33 13966.29 37.68
995.2 37769.29 14380.31 38.07
996.1 38356.88 14792.61 38.57
997.1 37945.80 14331.46 37.77
998.0 38542.50 14937.36 38.76
999.0 38301.25 14525.57 37.92
1000.0 38064.02 14850.59 39.01
1000.9 38955.51 14795.22 37.98
1001.9 38313.61 14514.57 37.88
1002.8 38469.11 14885.87 38.70
1003.8 38840.71 14925.31 38.43
1004.8 39018.78 14694.79 37.66
961.5 34418.44 9861.46 28.65
965.5 34203.70 9809.04 28.68
969.5 33124.73 9795.64 29.57
973.4 31599.68 9736.85 30.81
977.4 30418.99 9539.16 31.36
981.4 29806.10 9488.98 31.84
985.3 29606.90 9558.65 32.29
989.3 29665.19 9671.72 32.60
993.3 29713.32 9820.09 33.05
997.2 29668.74 9965.24 33.59
1001.2 29627.00 10121.41 34.16
1005.2 29568.23 10327.09 34.93
1009.1 29600.49 10536.94 35.60
1013.1 29702.49 10792.16 36.33
1017.1 29789.49 11087.96 37.22
1021.0 29789.99 11337.35 38.06
1025.0 29760.59 11586.39 38.93
1029.0 29636.30 11799.29 39.81
1032.9 29533.53 12013.82 40.68
1036.9 29509.70 12276.08 41.60
1040.9 29556.91 12527.06 42.38
1044.8 29679.34 12794.63 43.11
1048.8 29786.37 13051.18 43.82
1052.7 29868.84 13248.78 44.36
1056.7 29898.31 13396.15 44.81
1060.7 29913.73 13511.54 45.17
1064.6 29918.21 13602.55 45.47
1068.6 29859.11 13625.69 45.63
1072.5 29814.52 13595.21 45.60
1076.5 29798.83 13553.32 45.48
1080.4 29797.49 13488.47 45.27
1084.4 29858.05 13407.14 44.90
1088.3 29928.60 13306.74 44.46
1092.3 29919.24 13145.06 43.94
1096.2 29930.07 12961.52 43.31
1100.2 29956.02 12775.06 42.65
1104.1 29873.92 12552.20 42.02
1108.1 29858.25 12348.31 41.36
1112.0 29809.22 12111.12 40.63
1116.0 29674.06 11823.63 39.85
1119.9 29580.84 11498.24 38.87
1123.9 29636.88 11151.50 37.63
1127.8 29621.76 10644.48 35.93
1131.8 29615.13 10016.49 33.82
1135.7 29658.37 9302.65 31.37
1139.6 29649.41 8541.12 28.81
1143.6 29635.32 7878.89 26.59
1147.5 29635.02 7329.13 24.73
1151.4 29535.85 6872.77 23.27
1155.4 29547.88 6604.13 22.35
1159.3 29582.50 6442.99 21.78
1163.2 29498.44 6297.02 21.35
1167.2 29505.90 6209.16 21.04
1171.1 29517.01 6153.03 20.85
1175.0 29484.53 6091.73 20.66
1179.0 29486.15 6036.07 20.47
1182.9 29537.81 6002.97 20.32
1186.8 29538.86 5976.78 20.23
1190.7 29410.97 5924.66 20.14
1194.7 29255.48 5872.65 20.07
1198.6 29133.72 5835.06 20.03
1202.5 29044.69 5826.90 20.06
1206.4 28972.03 5834.29 20.14
1210.3 28920.11 5844.76 20.21
1214.2 28863.76 5860.32 20.30
1218.2 28763.18 5881.49 20.45
1222.1 28692.28 5904.83 20.58
1226.0 28656.56 5939.07 20.72
1229.9 28600.92 5972.04 20.88
1233.8 28545.33 5992.73 20.99
1237.7 28520.81 6026.96 21.13
1241.6 28465.46 6067.51 21.32
1245.5 28370.21 6081.27 21.44
1249.4 28299.76 6094.83 21.54
1253.3 28232.22 6107.23 21.63
1257.2 28191.00 6115.55 21.69
1261.1 28130.65 6111.94 21.73
1265.0 28057.45 6092.39 21.71
1268.9 27949.80 6053.59 21.66
1272.8 27989.85 6036.30 21.57
1276.7 28109.94 6022.14 21.42
1280.6 28175.48 5974.13 21.20
1284.5 28132.96 5898.21 20.97
1288.4 28112.11 5814.38 20.68
1292.3 28036.25 5695.25 20.31
1296.2 27954.20 5560.99 19.89
1300.1 27848.52 5414.92 19.44
1303.9 27706.57 5241.07 18.92
1307.8 27559.31 5056.16 18.35
1311.7 27397.23 4865.90 17.76
1315.6 27238.78 4655.78 17.09
1319.5 27066.08 4441.03 16.41
1323.3 26913.00 4231.92 15.72
1327.2 26776.06 4021.78 15.02
1331.1 26621.95 3825.42 14.37
1335.0 26429.02 3634.88 13.75
1338.8 26290.11 3465.59 13.18
1342.7 26169.42 3312.71 12.66
1346.5 25929.13 3154.44 12.17
1350.4 25728.90 3035.64 11.80
1354.3 25457.85 2909.83 11.43
1358.1 25158.95 2780.21 11.05
1362.0 24980.59 2665.21 10.67
1365.8 24927.82 2548.72 10.22
1369.7 24996.19 2434.91 9.74
1373.5 24961.93 2288.56 9.17
1377.4 24802.90 2117.20 8.54
1381.2 24660.90 1928.41 7.82
1385.1 24643.85 1747.21 7.09
1389.0 24592.75 1562.54 6.35
1392.8 24461.78 1401.93 5.73
1396.6 24365.22 1269.05 5.21
1400.5 24231.60 1152.11 4.75
1404.3 24125.27 1055.22 4.37
1408.2 24097.32 978.04 4.06
1412.0 24070.61 930.16 3.86
1415.8 24101.54 897.51 3.72
1419.6 24084.23 863.96 3.59
1423.5 24070.46 838.38 3.48
1427.3 24053.34 822.98 3.42
1431.1 24042.83 811.43 3.37
1434.9 23983.10 802.37 3.35
1438.8 23944.05 787.10 3.29
1442.6 23927.04 777.80 3.25
1446.4 23856.75 767.57 3.22
1450.2 23800.39 765.23 3.22
1454.0 23730.24 761.52 3.21
1457.8 23714.21 761.46 3.21
1461.6 23699.02 762.80 3.22
1465.4 23623.88 765.07 3.24
1469.2 23507.58 768.95 3.27
1473.0 23416.67 774.18 3.31
1476.8 23385.95 790.47 3.38
1480.7 23341.52 809.05 3.47
1484.4 23269.68 823.08 3.54
1488.2 23205.84 850.44 3.66
1492.0 23119.76 889.13 3.85
1495.8 23050.30 910.00 3.95
1499.6 22974.60 923.00 4.02
1503.4 22886.86 935.79 4.09
1507.2 22817.82 938.39 4.11
1510.9 22736.47 948.92 4.17
1514.7 22640.13 952.16 4.21
1518.5 22563.41 961.25 4.26
1522.3 22469.97 971.29 4.32
1526.0 22400.45 980.97 4.38
1529.8 22366.84 1000.86 4.47
1533.6 22289.14 1015.75 4.56
1537.3 22206.85 1037.23 4.67
1541.1 22117.21 1050.11 4.75
1544.8 22039.20 1060.80 4.81
1548.6 21965.35 1072.18 4.88
1552.4 21895.60 1090.07 4.98
1556.1 21841.83 1113.42 5.10
1559.9 21787.79 1127.57 5.18
1563.6 21716.01 1141.94 5.26
1567.3 21641.45 1163.93 5.38
1571.1 21503.94 1177.28 5.47
1574.8 21413.78 1205.44 5.63
1578.6 21355.88 1234.60 5.78
1582.3 21274.05 1232.72 5.79
1586.0 21183.04 1243.52 5.87
1589.8 21100.62 1253.53 5.94
1593.5 21000.69 1253.84 5.97
1597.2 20929.52 1267.73 6.06
1600.9 20843.62 1280.80 6.14
1604.7 20745.10 1275.99 6.15
1608.4 20669.95 1284.80 6.22
1612.1 20567.28 1297.62 6.31
1615.8 20477.47 1313.68 6.42
1619.5 20422.34 1318.27 6.46
1623.2 20328.29 1318.04 6.48
1626.9 20221.28 1324.83 6.55
1630.6 20112.62 1323.74 6.58
1634.3 20025.88 1329.90 6.64
1638.0 19934.15 1338.11 6.71
1641.7 19830.91 1347.52 6.80
1645.4 19716.98 1347.82 6.84
1649.1 19602.77 1338.12 6.83
1652.8 19509.95 1337.92 6.86
1656.4 19395.62 1343.41 6.93
1660.1 19295.18 1339.25 6.94
1663.8 19185.10 1332.36 6.94
1667.5 19083.74 1335.51 7.00
1671.1 18996.35 1322.18 6.96
1674.8 18876.30 1301.81 6.90
1678.5 18838.56 1297.04 6.89
1682.1 18849.73 1294.57 6.87
1685.8 18859.30 1287.09 6.82
1689.5 18795.30 1276.02 6.79
1693.1 18706.41 1267.95 6.78
1696.8 18615.25 1261.13 6.77
1700.4 18529.58 1241.02 6.70
1704.0 18456.67 1219.92 6.61
1707.7 18296.86 1196.39 6.54
1711.3 18114.51 1178.68 6.51
1715.0 17992.28 1159.64 6.45
1718.6 17886.14 1130.91 6.32
1722.2 17799.94 1112.50 6.25
1725.9 17706.59 1097.92 6.20
1729.5 17604.49 1074.59 6.10
1733.1 17541.49 1055.56 6.02
1736.7 17471.92 1050.76 6.01
1740.3 17366.15 1034.64 5.96
1744.0 17315.89 1015.90 5.87
1747.5 17227.16 997.05 5.79
1751.2 17088.52 974.71 5.70
1754.8 16976.43 956.39 5.63
1758.4 16893.02 936.91 5.55
1762.0 16789.89 922.15 5.49
1765.5 16699.11 919.77 5.51
1769.1 16665.60 904.80 5.43
1772.7 16620.17 890.93 5.36
1776.3 16550.18 886.70 5.36
1779.9 16477.44 877.82 5.33
1783.5 16434.96 875.44 5.33
1787.0 16345.96 859.66 5.26
1790.6 16243.66 841.19 5.18
1794.2 16171.99 838.75 5.19
1797.8 16109.35 831.38 5.16
1801.3 16053.66 830.72 5.17
1804.9 15954.75 829.50 5.20
1808.4 15901.90 822.05 5.17
1812.0 15801.30 822.65 5.21
1815.5 15695.88 822.88 5.24
1819.1 15574.16 801.44 5.15
1822.6 15471.85 793.65 5.13
1826.2 15387.58 792.72 5.15
1829.7 15274.18 783.52 5.13
1833.2 15120.13 777.92 5.14
1836.8 14969.50 758.03 5.06
1840.3 14877.77 745.70 5.01
1843.8 14800.45 737.45 4.98
1847.3 14738.02 733.60 4.98
1850.8 14668.42 713.66 4.87
1854.3 14577.15 681.60 4.68
1857.8 14534.00 655.20 4.51
1861.3 14522.25 612.03 4.21
1864.8 14459.04 609.15 4.21
1868.3 14308.06 594.95 4.16
1871.8 14215.68 529.92 3.73
1875.3 14201.46 502.78 3.54
1878.8 14176.42 471.77 3.33
1882.3 14122.90 422.98 3.00
1885.8 14014.10 385.49 2.75
1889.3 13904.45 383.69 2.76
1892.7 13776.82 354.16 2.57
1896.2 13660.15 328.00 2.40
1899.7 13554.20 327.66 2.42
1903.1 13466.38 349.27 2.59
1906.6 13511.57 401.18 2.97
1910.0 13676.29 416.96 3.05
1913.5 13920.50 417.62 3.00
1917.0 14289.98 590.80 4.13
1920.4 14838.23 832.05 5.61
1923.8 14900.33 704.38 4.73
1871.2 12934.73 240.38 1.86
1873.9 13036.34 397.32 3.05
1876.7 13080.35 329.51 2.52
1879.5 13184.92 293.21 2.22
1882.3 12973.16 324.78 2.50
1885.1 12955.86 249.98 1.93
1887.8 13054.47 230.91 1.77
1890.6 12965.86 249.49 1.92
1893.4 12899.33 205.33 1.59
1896.2 12776.85 137.53 1.08
1898.9 12763.16 141.31 1.11
1901.7 12667.81 182.23 1.44
1904.5 12785.93 169.28 1.32
1907.2 12706.25 147.25 1.16
1910.0 12637.10 164.29 1.30
1912.7 12646.53 148.12 1.17
1915.5 12573.30 165.59 1.32
1918.2 12524.17 189.65 1.51
1921.0 12429.58 151.29 1.22
1923.7 12476.24 183.43 1.47
1926.5 12456.75 195.40 1.57
1929.2 12429.04 134.68 1.08
1932.0 12425.12 173.80 1.40
1934.7 12406.61 215.74 1.74
1937.4 12332.23 170.59 1.38
1940.2 12287.19 141.37 1.15
1942.9 12341.39 161.39 1.31
1945.6 12357.84 196.30 1.59
1948.3 12310.10 183.51 1.49
1951.1 12286.82 135.45 1.10
1953.8 12285.00 135.00 1.10
1956.5 12213.61 155.74 1.28
1959.2 12244.05 182.39 1.49
1961.9 12277.60 193.70 1.58
1964.6 12227.25 175.53 1.44
1967.3 12243.43 160.20 1.31
1970.0 12130.08 180.56 1.49
1972.8 12063.78 211.80 1.76
1975.5 12116.40 199.01 1.64
1978.2 12077.12 189.80 1.57
1980.9 11995.23 189.48 1.58
1983.5 11947.43 177.41 1.48
1986.2 11960.10 183.33 1.53
1988.9 11951.37 192.06 1.61
1991.6 11858.95 188.28 1.59
1994.3 11764.18 173.30 1.47
1997.0 11766.88 164.35 1.40
1999.7 11773.83 166.56 1.41
2002.3 11759.81 169.72 1.44
2005.0 11690.77 192.74 1.65
2007.7 11638.67 206.40 1.77
2010.4 11594.16 205.56 1.77
2013.0 11562.08 193.46 1.67
2015.7 11497.38 198.92 1.73
2018.4 11428.93 192.89 1.69
2021.0 11415.50 192.67 1.69
2023.7 11337.76 206.35 1.82
2026.4 11289.20 199.98 1.77
2029.0 11241.04 210.88 1.88
2031.7 11159.63 194.35 1.74
2034.3 11170.90 202.80 1.82
2037.0 11088.29 233.65 2.11
2039.6 11036.71 227.88 2.06
2042.3 11025.52 205.01 1.86
2044.9 10984.38 213.18 1.94
2047.5 10945.11 193.55 1.77
2050.2 10866.80 193.20 1.78
2052.8 10875.20 221.20 2.03
2055.4 10794.82 224.13 2.08
2058.1 10693.20 207.20 1.94
2060.7 10690.88 204.04 1.91
2063.3 10636.71 214.57 2.02
2065.9 10588.79 212.17 2.00
2068.6 10527.38 209.38 1.99
2071.2 10509.93 206.46 1.96
2073.8 10479.76 221.07 2.11
2076.4 10429.57 232.95 2.23
2079.0 10413.86 221.99 2.13
2081.6 10426.21 225.07 2.16
2084.2 10409.13 234.20 2.25
2086.8 10317.76 206.47 2.00
2089.4 10237.53 190.06 1.86
2092.1 10185.83 235.17 2.31
2094.7 10161.53 257.08 2.53
2097.2 10134.83 229.50 2.26
2099.8 10154.06 241.97 2.38
2102.4 10079.62 221.78 2.20
2105.0 9975.00 216.60 2.17
2107.6 9943.53 247.81 2.49
2110.2 9903.21 235.86 2.38
2112.8 9887.09 243.38 2.46
2115.3 9921.47 268.46 2.71
2117.9 9932.41 261.15 2.63
2120.5 9899.34 241.95 2.44
2123.1 9860.18 231.08 2.34
2125.6 9830.42 225.48 2.29
2128.2 9760.43 248.77 2.55
2130.8 9696.38 266.18 2.75
2133.3 9680.00 234.67 2.42
2135.9 9631.02 214.74 2.23
2138.4 9558.99 247.52 2.59
2141.0 9487.88 273.27 2.88
2143.6 9445.83 246.26 2.61
2146.1 9343.90 246.82 2.64
2148.7 9250.50 229.06 2.48
2151.2 9289.87 231.73 2.49
2153.8 9283.27 270.79 2.92
2156.3 9196.68 239.22 2.60
2158.8 9167.15 230.36 2.51
2161.4 9136.89 247.66 2.71
2163.9 9080.87 262.40 2.89
2166.4 9038.53 248.36 2.75
2169.0 9026.70 233.58 2.59
2171.5 8964.61 239.49 2.67
2174.0 8877.40 223.13 2.51
2176.5 8859.37 248.17 2.80
2179.1 8821.17 246.96 2.80
2181.6 8799.54 237.25 2.70
2184.1 8784.16 267.96 3.05
2186.6 8784.20 229.10 2.61
2189.1 8744.04 215.07 2.46
2191.6 8708.93 251.53 2.89
2194.1 8706.09 252.45 2.90
2196.6 8712.45 258.15 2.96
2199.2 8755.72 244.18 2.79
2201.7 8703.45 250.72 2.88
2204.1 8678.72 260.22 3.00
2206.6 8675.98 234.99 2.71
2209.1 8675.22 238.46 2.75
2211.6 8663.97 232.21 2.68
2214.1 8610.78 235.70 2.74
2216.6 8633.61 250.69 2.90
2219.1 8660.20 201.31 2.32
2221.6 8580.23 236.01 2.75
2224.0 8522.97 240.03 2.82
2226.5 8511.79 201.67 2.37
2229.0 8530.74 236.01 2.77
2231.5 8441.32 206.82 2.45
2233.9 8443.24 223.20 2.64
2236.4 8476.56 243.18 2.87
2238.9 8385.50 228.63 2.73
2241.3 8391.31 237.09 2.83
2243.8 8383.54 244.86 2.92
2246.2 8253.42 248.11 3.01
2248.7 8237.84 196.69 2.39
2251.2 8236.26 215.23 2.61
2253.6 8194.56 230.40 2.81
2256.1 8190.72 168.96 2.06
2258.5 8190.43 195.93 2.39
2260.9 8134.04 195.59 2.40
2263.4 8110.40 180.40 2.22
2265.8 8131.85 184.64 2.27
2268.3 8069.96 184.72 2.29
2270.7 8098.88 180.40 2.23
2273.1 8065.01 199.42 2.47
2275.6 8029.44 218.88 2.73
2278.0 8032.57 180.64 2.25
2280.4 8050.71 196.27 2.44
2282.8 7960.15 189.71 2.38
2285.3 7901.09 139.98 1.77
2287.7 7985.73 164.01 2.05
2290.1 7946.20 181.85 2.29
2292.5 7920.79 162.70 2.05
2294.9 7927.04 185.73 2.34
2297.3 7846.72 146.34 1.86
2299.7 7809.80 130.30 1.67
2302.1 7774.17 176.78 2.27
2304.5 7698.88 164.64 2.14
2306.9 7651.84 180.32 2.36
2309.3 7605.49 176.33 2.32
2311.7 7551.70 133.45 1.77
2314.1 7431.64 129.97 1.75
2316.5 7403.26 153.66 2.08
2318.9 7422.16 149.78 2.02
2321.3 7384.55 138.66 1.88
2323.7 7411.63 167.72 2.26
2326.1 7407.14 161.20 2.18
2328.4 7416.57 146.46 1.97
2330.8 7456.07 184.05 2.47
2333.2 7380.05 135.91 1.84
2335.6 7348.45 99.64 1.36
2337.9 7374.28 154.41 2.09
2340.3 7351.28 146.94 2.00
2342.7 7303.86 135.41 1.85
2345.0 7304.27 140.14 1.92
2347.4 7310.00 148.75 2.03
2349.7 7167.86 128.15 1.79
2352.1 7105.77 141.52 1.99
2354.4 7122.34 154.74 2.17
2356.8 7109.55 138.13 1.94
2359.2 7054.67 143.00 2.03
2361.5 7016.24 135.26 1.93
2363.8 7061.80 127.36 1.80
2366.2 7030.44 172.12 2.45
2368.5 6995.40 164.65 2.35
2370.9 6987.35 143.15 2.05
2373.2 6974.33 121.41 1.74
2375.5 6914.20 122.18 1.77
2377.9 6855.73 150.43 2.19
2380.2 6895.41 128.29 1.86
2382.5 6832.77 110.28 1.61
2384.8 6779.04 106.72 1.57
2387.2 6826.21 145.34 2.13
2389.5 6803.92 141.65 2.08
2391.8 6773.50 95.07 1.40
2394.1 6708.07 129.56 1.93
2396.4 6696.25 120.96 1.81
2398.7 6727.77 87.69 1.30
2401.0 6675.75 93.96 1.41
2403.3 6633.36 139.44 2.10
2405.6 6587.80 124.96 1.90
2407.9 6548.07 105.21 1.61
2410.2 6522.35 120.32 1.84
2412.5 6494.37 116.88 1.80
2414.8 6495.78 97.57 1.50
2417.1 6477.89 82.59 1.27
2419.4 6418.72 130.25 2.03
2421.7 6381.59 136.67 2.14
2424.0 6340.00 84.53 1.33
2426.2 6377.20 85.60 1.34
2428.5 6376.43 97.35 1.53
2430.8 6305.65 92.65 1.47
2433.1 6272.91 110.63 1.76
2435.4 6216.05 117.50 1.89
2437.6 6193.67 100.71 1.63
2439.9 6131.58 89.84 1.47
2442.2 6143.40 102.39 1.67
2444.4 6156.85 68.92 1.12
2446.7 6096.96 81.76 1.34
2448.9 6140.77 106.59 1.74
2451.2 6097.08 95.36 1.56
2453.4 6044.75 66.29 1.10
2455.7 6045.18 79.06 1.31
2457.9 5958.48 79.37 1.33
2460.2 5967.72 80.15 1.34
2462.4 5959.20 68.64 1.15
2464.7 5866.75 37.85 0.65
2466.9 5842.20 64.20 1.10
2469.2 5878.87 84.26 1.43
2471.4 5796.90 72.22 1.25
2473.6 5704.14 46.87 0.82
2475.9 5730.24 108.37 1.89
2478.1 5690.78 150.30 2.64
2480.3 5611.10 76.58 1.36
2482.5 5590.00 21.45 0.38
2484.8 5592.32 72.82 1.30
2487.0 5577.22 74.07 1.33
2489.2 5540.68 22.62 0.41
2491.4 5525.52 15.37 0.28
2493.6 5479.00 62.71 1.14
2495.8 5487.41 95.02 1.73
2498.0 5504.43 64.85 1.18
2500.2 5484.68 50.55 0.92
2502.4 5700.96 35.52 0.62
2504.6 5765.46 65.73 1.14
2506.8 5747.58 126.64 2.20
