/*** Spectra Vista SIG Data ***/
name= \My Documents\HR1024_Data\PARA_650(WB)2.
instrument= HR: 1091052
integration= 200, 60, 30, 200, 60, 30
scan time= 1, 1
scan settings= AD, AI, AD, AI
external data set1= 8224, 8224, 8224, 8224, 8224, 8224, 8224, 8224, 8224, 8224, 8224, 8224, 8224, 8224, 8224, 8224
external data set2= 8224, 8224, 8224, 8224, 8224, 8224, 8224, 8224, 8224, 8224, 8224, 8224, 8224, 8224, 8224, 8224
external data dark= 0,0,0,0,0,0,0,0
external data mask= 0
optic= LENS4 , LENS4 
temp= 32.98, 8.88, -5.30, 38.38, 8.88, -5.30
battery= 7.1, 6.9
error= 0, 0
units= Radiance, Radiance
time= 1/26/08 11:56:03 AM, 1/26/08 12:06:29 PM
longitude= , 
latitude= , 
gpstime= , 
comm= 
memory slot= 0, 0
factors= 
data= 
346.4 630.63 471.38 74.75
347.9 683.98 514.55 75.23
349.5 730.08 564.72 77.35
351.1 795.60 605.28 76.08
352.6 847.55 670.45 79.10
354.2 906.48 723.22 79.78
355.7 986.68 774.53 78.50
357.3 1040.25 828.73 79.67
358.8 1065.98 863.27 80.98
360.4 1143.19 918.07 80.31
361.9 1187.53 975.10 82.11
363.5 1239.58 1014.51 81.84
365.1 1293.38 1067.99 82.57
366.6 1353.38 1115.16 82.40
368.2 1426.94 1195.27 83.76
369.7 1498.64 1257.03 83.88
371.3 1600.16 1340.05 83.74
372.8 1673.28 1427.60 85.32
374.4 1748.85 1495.20 85.50
375.9 1797.33 1552.39 86.37
377.4 1870.19 1600.23 85.57
379.0 1934.96 1664.45 86.02
380.5 1988.07 1701.86 85.60
382.1 2033.04 1752.32 86.19
383.6 2120.58 1814.40 85.56
385.2 2208.25 1916.75 86.80
386.7 2301.38 2000.84 86.94
388.3 2426.73 2108.78 86.90
389.8 2519.91 2198.75 87.25
391.3 2626.26 2292.06 87.27
392.9 2697.06 2375.58 88.08
394.4 2771.65 2442.25 88.12
395.9 2873.10 2524.56 87.87
397.5 3029.74 2655.06 87.63
399.0 3151.80 2759.37 87.55
400.6 3234.69 2835.66 87.66
402.1 3274.02 2884.44 88.10
403.6 3322.94 2934.54 88.31
405.1 3409.22 3000.21 88.00
406.7 3528.00 3115.84 88.32
408.2 3644.19 3225.42 88.51
409.7 3754.24 3328.64 88.66
411.3 3867.08 3442.50 89.02
412.8 3976.86 3536.04 88.92
414.3 4099.56 3639.43 88.78
415.8 4220.00 3755.00 88.98
417.4 4361.72 3865.84 88.63
418.9 4457.86 3972.10 89.10
420.4 4558.78 4047.82 88.79
421.9 4636.72 4114.00 88.73
423.5 4707.36 4177.32 88.74
425.0 4796.17 4256.77 88.75
426.5 4895.55 4351.60 88.89
428.0 5034.78 4464.19 88.67
429.5 5188.33 4593.85 88.54
431.1 5363.82 4756.23 88.67
432.6 5552.18 4925.45 88.71
434.1 5732.65 5083.93 88.68
435.6 5890.14 5230.31 88.80
437.1 6052.80 5364.45 88.63
438.6 6197.61 5488.25 88.55
440.1 6347.97 5618.41 88.51
441.6 6494.11 5741.17 88.41
443.1 6656.18 5884.65 88.41
444.7 6793.83 6010.88 88.48
446.2 6914.93 6121.34 88.52
447.7 7037.77 6215.76 88.32
449.2 7173.36 6322.32 88.14
450.7 7292.48 6414.72 87.96
452.2 7429.67 6521.84 87.78
453.7 7576.65 6658.44 87.88
455.2 7765.17 6817.41 87.79
456.7 7990.40 7018.88 87.84
458.2 8239.46 7246.88 87.95
459.7 8510.25 7479.50 87.89
461.2 8764.99 7698.93 87.84
462.7 8985.80 7890.32 87.81
464.2 9215.88 8095.92 87.85
465.7 9451.34 8287.29 87.68
467.2 9653.88 8471.93 87.76
468.7 9860.00 8654.00 87.77
470.2 10000.52 8799.42 87.99
471.7 10219.63 8970.38 87.78
473.2 10551.31 9224.32 87.42
474.6 10836.41 9414.51 86.88
476.1 10924.36 9484.88 86.82
477.6 10960.04 9538.90 87.03
479.1 11023.85 9602.69 87.11
480.6 11109.78 9672.64 87.06
482.1 11255.33 9799.50 87.07
483.6 11435.12 9951.20 87.02
485.1 11655.27 10140.49 87.00
486.6 11911.43 10362.78 87.00
488.0 12195.63 10598.25 86.90
489.5 12483.95 10846.34 86.88
491.0 12777.45 11106.90 86.93
492.5 13078.26 11362.68 86.88
494.0 13380.84 11631.39 86.93
495.4 13642.20 11866.80 86.99
496.9 13904.42 12094.14 86.98
498.4 14171.30 12321.40 86.95
499.9 14439.02 12546.34 86.89
501.4 14680.69 12761.19 86.92
502.8 14919.13 12971.16 86.94
504.3 15134.40 13158.00 86.94
505.8 15347.35 13349.89 86.98
507.2 15489.44 13481.21 87.03
508.7 15598.86 13577.20 87.04
510.2 15690.64 13661.30 87.07
511.6 15752.95 13722.80 87.11
513.1 15872.56 13828.65 87.12
514.6 16004.87 13958.85 87.22
516.0 16136.97 14063.93 87.15
517.5 16322.55 14246.55 87.28
519.0 16545.71 14454.36 87.36
520.5 16764.08 14678.00 87.56
521.9 17039.29 14936.59 87.66
523.4 17355.20 15227.47 87.74
524.8 17660.07 15528.25 87.93
526.3 18013.36 15846.43 87.97
527.8 18358.47 16179.48 88.13
529.2 18674.36 16486.20 88.28
530.7 19031.03 16815.49 88.36
532.1 19344.85 17122.09 88.51
533.6 19707.77 17458.50 88.59
535.0 20079.68 17806.64 88.68
536.5 20419.92 18137.61 88.82
538.0 20792.00 18493.84 88.95
539.4 21127.02 18820.26 89.08
540.9 21551.03 19205.96 89.12
542.3 21923.06 19521.76 89.05
543.8 22174.34 19749.31 89.06
545.2 22231.45 19822.14 89.16
546.6 22222.15 19837.83 89.27
548.1 22214.03 19872.52 89.46
549.5 22226.58 19880.33 89.44
551.0 22212.49 19882.80 89.51
552.4 22245.44 19934.51 89.61
553.9 22258.65 19956.71 89.66
555.3 22290.26 20007.00 89.76
556.8 22401.11 20122.25 89.83
558.2 22512.94 20248.31 89.94
559.6 22672.30 20401.77 89.99
561.1 22889.75 20619.63 90.08
562.5 23127.28 20862.95 90.21
564.0 23454.83 21177.19 90.29
565.4 23755.76 21472.49 90.39
566.8 24132.47 21843.41 90.51
568.3 24488.54 22180.11 90.57
569.7 24876.90 22553.79 90.66
571.1 25245.29 22908.15 90.74
572.6 25607.34 23277.78 90.90
574.0 25974.30 23632.95 90.99
575.4 26319.94 23972.63 91.08
576.9 26649.32 24294.85 91.16
578.3 26932.26 24590.64 91.31
579.7 27212.85 24866.28 91.38
581.1 27427.97 25099.31 91.51
582.6 27669.82 25339.90 91.58
584.0 27882.24 25556.60 91.66
585.4 28177.77 25827.22 91.66
586.8 28576.31 26198.39 91.68
588.3 29013.66 26596.44 91.67
589.7 29383.38 26933.40 91.66
591.1 29621.38 27138.51 91.62
592.5 29726.99 27265.39 91.72
594.0 29770.20 27330.42 91.80
595.4 29770.08 27339.38 91.84
596.8 29766.17 27353.04 91.89
598.2 29744.67 27347.71 91.94
599.6 29714.85 27324.00 91.95
601.0 29771.81 27383.42 91.98
602.4 29816.58 27422.88 91.97
603.9 29909.17 27523.80 92.02
605.3 30024.63 27630.31 92.03
606.7 30119.40 27727.20 92.06
608.1 30316.50 27929.59 92.13
609.5 30539.01 28143.23 92.15
610.9 30814.99 28415.74 92.21
612.3 31075.20 28669.86 92.26
613.7 31428.96 29000.12 92.27
615.1 31662.90 29231.28 92.32
616.5 31902.59 29475.83 92.39
617.9 32288.77 29865.79 92.50
619.3 32666.57 30215.73 92.50
620.7 33128.50 30631.71 92.46
622.1 33560.89 31030.56 92.46
623.5 34032.77 31556.68 92.72
624.9 34565.21 32176.46 93.09
626.3 34922.45 32619.08 93.40
627.7 34564.35 32298.71 93.45
629.1 34256.15 31957.91 93.29
630.5 34133.81 31818.79 93.22
631.9 34173.45 31833.60 93.15
633.3 34221.59 31812.71 92.96
634.7 34406.41 31927.54 92.80
636.1 34488.04 31975.29 92.71
637.5 34613.12 32165.10 92.93
638.9 34796.83 32417.87 93.16
640.2 34954.01 32678.82 93.49
641.6 35055.54 32760.00 93.45
643.0 35067.41 32744.89 93.38
644.4 35115.49 32708.52 93.15
645.8 35070.53 32667.41 93.15
647.2 35256.78 32890.52 93.29
648.5 35391.08 33041.89 93.36
649.9 35282.13 32825.72 93.04
651.3 35212.95 32609.40 92.61
652.7 35080.35 32474.25 92.57
654.1 34845.90 32319.48 92.75
655.5 34548.82 32113.98 92.95
656.8 34274.04 31908.92 93.10
658.2 34439.22 32107.67 93.23
659.6 34825.18 32478.88 93.26
660.9 35139.54 32781.59 93.29
662.3 35443.63 33096.14 93.38
663.7 35746.20 33373.20 93.36
665.0 36012.67 33611.55 93.33
666.4 36257.27 33861.87 93.39
667.8 36589.28 34184.93 93.43
669.1 36867.26 34448.03 93.44
670.5 37195.97 34753.14 93.43
671.9 37380.96 34957.44 93.52
673.2 37662.77 35221.04 93.52
674.6 37922.97 35442.59 93.46
676.0 38225.19 35738.19 93.49
677.3 38533.34 36015.15 93.46
678.7 38864.13 36339.63 93.50
680.0 39305.58 36770.36 93.55
681.4 39779.73 37194.13 93.50
682.8 40233.38 37605.75 93.47
684.1 40676.22 38032.02 93.50
685.5 41092.36 38427.99 93.52
686.8 41490.36 38799.12 93.51
688.2 41836.80 39109.07 93.48
689.5 41943.86 39209.11 93.48
690.9 42017.36 39274.00 93.47
692.2 42092.85 39321.00 93.41
693.6 42157.83 39357.37 93.36
694.9 42109.57 39318.70 93.37
696.2 42121.91 39330.00 93.37
697.6 42142.24 39359.93 93.40
698.9 42160.80 39375.60 93.39
700.3 42212.70 39398.52 93.33
701.6 42275.21 39456.50 93.33
703.0 42340.09 39509.22 93.31
704.3 42340.84 39506.51 93.31
705.6 42307.56 39472.92 93.30
707.0 42304.76 39475.99 93.31
708.3 42205.58 39371.96 93.29
709.6 42077.70 39279.02 93.35
711.0 41902.11 39124.82 93.37
712.3 41730.30 38969.25 93.38
713.6 41662.74 38902.08 93.37
714.9 41546.10 38785.05 93.35
716.3 41517.29 38765.80 93.37
717.6 41513.92 38744.72 93.33
718.9 41427.26 38684.35 93.38
720.2 41191.85 38476.83 93.41
721.6 41046.72 38337.78 93.40
722.9 40841.06 38160.87 93.44
724.2 40588.46 37906.66 93.39
725.5 40381.61 37747.52 93.48
726.8 40196.01 37581.61 93.50
728.1 40102.16 37497.69 93.51
729.5 40009.55 37399.39 93.48
730.8 39945.60 37366.88 93.54
732.1 39850.55 37286.89 93.57
733.4 39793.17 37248.43 93.61
734.7 39729.39 37182.49 93.59
736.0 39732.49 37203.40 93.63
737.3 39673.91 37139.21 93.61
738.6 39788.18 37270.69 93.67
739.9 39986.32 37458.06 93.68
741.2 40139.19 37613.94 93.71
742.5 40421.44 37908.19 93.78
743.8 40915.88 38383.54 93.81
745.1 41627.68 39051.62 93.81
746.4 42484.72 39844.35 93.79
747.7 43357.88 40692.65 93.85
749.0 44203.37 41497.47 93.88
750.3 44693.01 41928.64 93.81
751.6 44609.70 41833.17 93.78
752.9 44168.69 41411.95 93.76
754.2 43669.08 40915.35 93.69
755.4 43127.05 40413.90 93.71
756.7 42940.36 40290.63 93.83
758.0 42963.66 40321.47 93.85
759.3 43246.58 40597.90 93.88
760.6 43631.28 40964.00 93.89
761.9 43987.93 41294.41 93.88
763.1 44205.00 41486.39 93.85
764.4 44447.50 41731.78 93.89
765.7 44632.25 41918.50 93.92
767.0 44781.90 42047.43 93.89
768.2 44909.76 42181.44 93.92
769.5 44994.81 42301.82 94.01
770.8 45181.96 42451.68 93.96
772.0 45202.30 42469.10 93.95
773.3 45281.34 42557.68 93.99
774.6 45399.45 42667.11 93.98
775.8 45492.85 42768.21 94.01
777.1 45515.93 42804.74 94.04
778.4 45431.52 42747.48 94.09
779.6 45395.43 42719.10 94.10
780.9 45316.00 42624.00 94.06
782.1 45111.08 42451.74 94.10
783.4 45111.04 42448.64 94.10
784.6 45106.92 42479.00 94.17
785.9 45393.88 42789.24 94.26
787.1 45996.98 43337.25 94.22
788.4 46441.69 43780.84 94.27
789.6 46399.50 43690.44 94.16
790.9 45932.90 43258.11 94.18
792.1 45403.52 42748.80 94.15
793.4 44896.14 42289.02 94.19
794.6 44551.89 41980.23 94.23
795.8 44231.81 41687.19 94.25
797.1 43906.28 41380.88 94.25
798.3 43659.83 41159.66 94.27
799.5 43520.02 41028.12 94.27
800.8 43336.38 40878.86 94.33
802.0 43170.52 40734.24 94.36
803.2 42985.20 40544.40 94.32
804.5 42855.21 40431.15 94.34
805.7 42692.40 40268.34 94.32
806.9 42512.38 40114.13 94.36
808.1 42409.86 39999.90 94.32
809.4 42316.73 39930.00 94.36
810.6 42192.15 39835.25 94.41
811.8 42172.17 39794.47 94.36
813.0 42163.23 39785.76 94.36
814.2 42178.96 39809.56 94.38
815.4 42279.13 39898.40 94.37
816.6 42301.14 39951.34 94.45
817.9 42349.13 39967.14 94.38
819.1 42261.23 39876.05 94.36
820.3 42104.76 39719.70 94.34
821.5 41970.20 39606.73 94.37
822.7 41937.17 39558.41 94.33
823.9 41911.59 39567.91 94.41
825.1 41906.00 39560.18 94.40
826.3 41927.28 39569.72 94.38
827.5 41996.16 39631.46 94.37
828.7 42070.56 39676.56 94.31
829.9 42094.44 39735.03 94.39
831.0 42223.46 39815.68 94.30
832.2 42314.37 39910.67 94.32
833.4 42402.89 39974.28 94.27
834.6 42482.81 40068.75 94.32
835.8 42572.25 40105.80 94.21
837.0 42673.89 40218.63 94.25
838.1 42851.66 40375.47 94.22
839.3 42953.40 40459.96 94.20
840.5 43102.99 40573.90 94.13
841.7 43251.71 40694.27 94.09
842.9 43400.31 40818.41 94.05
844.0 43549.44 40925.55 93.97
845.2 43705.60 41066.33 93.96
846.4 43839.60 41174.84 93.92
847.5 44086.39 41393.84 93.89
848.7 44310.84 41563.88 93.80
849.9 44519.86 41736.29 93.75
851.0 44600.35 41782.26 93.68
852.2 44693.32 41883.79 93.71
853.3 44699.49 41847.09 93.62
854.5 44750.58 41858.61 93.54
855.6 44778.78 41878.35 93.52
856.8 44851.95 41892.21 93.40
857.9 44871.50 41940.17 93.47
859.1 45012.00 42029.80 93.37
860.2 45071.56 42038.32 93.27
861.4 45164.68 42095.54 93.20
862.5 45221.87 42141.65 93.19
863.7 45380.27 42240.42 93.08
864.8 45412.85 42220.85 92.97
865.9 45403.93 42117.90 92.76
867.1 45474.25 42173.75 92.74
868.2 45524.97 42215.58 92.73
869.3 45589.41 42203.01 92.57
870.5 45539.97 42142.53 92.54
871.6 45562.59 42180.59 92.58
872.7 45700.60 42289.45 92.54
873.9 45747.35 42360.04 92.60
875.0 45745.04 42368.60 92.62
876.1 45783.66 42402.26 92.61
877.2 45820.13 42459.98 92.67
878.3 45822.65 42477.35 92.70
879.4 45871.99 42535.70 92.73
880.5 45962.28 42584.04 92.65
881.7 45908.85 42511.95 92.60
882.8 46012.72 42575.33 92.53
883.9 46073.21 42614.00 92.49
885.0 46039.40 42543.64 92.41
886.1 46025.94 42545.36 92.44
887.2 45905.76 42412.54 92.39
888.3 45807.80 42273.74 92.29
889.4 45707.30 42144.29 92.20
890.5 45592.32 42125.39 92.40
891.6 45545.58 42026.81 92.27
892.7 45554.16 41971.35 92.14
893.8 45579.45 42018.13 92.19
894.9 45613.48 41961.48 91.99
896.0 45529.58 41959.53 92.16
897.0 45627.02 41952.48 91.95
898.1 45583.05 41960.93 92.05
899.2 45607.22 41945.94 91.97
900.3 45541.50 41860.62 91.92
901.4 45412.27 41744.97 91.92
902.4 45437.06 41781.64 91.95
903.5 45388.81 41680.88 91.83
904.6 45388.82 41751.22 91.99
905.7 45374.76 41738.25 91.99
906.7 45323.04 41671.38 91.94
907.8 45383.91 41732.67 91.95
908.9 45302.99 41629.77 91.89
909.9 45307.76 41637.06 91.90
911.0 45202.77 41593.61 92.02
912.1 45152.49 41533.21 91.98
913.1 45072.56 41476.24 92.02
914.2 44921.94 41288.47 91.91
915.2 44915.04 41268.69 91.88
916.3 44853.15 41285.40 92.05
917.3 44875.31 41258.61 91.94
918.4 44790.35 41147.70 91.87
919.4 44699.60 41092.48 91.93
920.5 44708.24 41072.08 91.87
921.5 44702.98 41115.06 91.97
922.6 44636.74 41045.15 91.95
923.6 44687.86 41058.77 91.88
924.7 44720.00 41065.00 91.83
925.7 44710.62 41050.80 91.81
926.7 44757.60 41071.68 91.76
927.8 44773.30 41149.32 91.91
928.8 44894.28 41291.10 91.97
929.9 45005.21 41410.22 92.01
930.9 45213.30 41536.87 91.87
931.9 45414.99 41736.12 91.90
932.9 45762.26 42074.75 91.94
934.0 45803.71 42077.54 91.86
935.0 45810.36 42157.79 92.03
936.0 45840.15 42073.44 91.78
937.0 45795.75 42025.04 91.77
938.1 45737.41 42022.51 91.88
939.1 45690.54 41977.13 91.87
940.1 45792.08 42065.10 91.86
941.1 45974.44 42271.39 91.95
942.1 46240.75 42479.00 91.86
943.1 46430.63 42663.93 91.89
944.1 46685.58 42918.34 91.93
945.2 46780.86 42966.00 91.85
946.2 46886.15 43033.94 91.78
947.2 46973.00 43080.88 91.71
948.2 47156.13 43267.25 91.75
949.2 47321.63 43343.63 91.59
950.2 47306.35 43400.45 91.74
951.2 47423.88 43596.84 91.93
952.2 47533.98 43669.67 91.87
953.2 47748.84 43785.79 91.70
954.2 47923.43 43913.48 91.63
955.2 47900.28 43967.48 91.79
956.2 47872.99 43974.90 91.86
957.2 47942.90 44063.40 91.91
958.2 48058.20 44111.79 91.79
959.2 48218.40 44289.00 91.85
960.1 48234.68 44320.08 91.88
961.1 48358.04 44389.13 91.79
962.1 48485.63 44424.38 91.62
963.1 48452.08 44438.73 91.72
964.1 48561.50 44583.19 91.81
965.1 48761.92 44733.59 91.74
966.1 48787.80 44774.61 91.77
967.0 48997.06 44951.06 91.74
968.0 48996.14 44880.21 91.60
969.0 49091.60 44982.80 91.63
970.0 49111.31 45027.90 91.69
971.0 49170.03 45068.73 91.66
971.9 49289.72 45203.90 91.71
972.9 49420.88 45265.59 91.59
973.9 49398.70 45367.73 91.84
974.9 49421.14 45408.20 91.88
975.8 49584.23 45383.62 91.53
976.8 49645.86 45506.21 91.66
977.8 49761.42 45651.80 91.74
978.8 49883.25 45729.15 91.67
979.7 50017.88 45727.49 91.42
980.7 50024.37 45968.34 91.89
981.7 50216.51 46129.63 91.86
982.6 50458.51 46521.69 92.20
983.6 51132.02 46951.41 91.82
984.6 51562.39 47154.83 91.45
985.5 52257.60 47856.96 91.58
986.5 53039.20 48770.77 91.95
987.5 54168.11 49493.70 91.37
988.4 55057.20 50469.10 91.67
989.4 56551.39 51807.56 91.61
990.4 58242.03 53279.05 91.48
991.3 59136.61 54535.20 92.22
992.3 60254.81 55950.90 92.86
993.2 62830.60 57220.73 91.07
994.2 63759.15 57180.83 89.68
995.2 64907.22 59591.54 91.81
996.1 65710.99 60209.60 91.63
997.1 66771.58 59931.56 89.76
998.0 65779.20 59269.80 90.10
999.0 67569.18 61426.53 90.91
1000.0 65627.63 59627.39 90.86
1000.9 66106.32 60203.97 91.07
1001.9 66896.78 60815.25 90.91
1002.8 66066.52 60630.66 91.77
1003.8 66771.11 60224.93 90.20
1004.8 64803.12 60695.88 93.66
961.5 59942.22 49790.72 83.06
965.5 58683.65 48874.61 83.28
969.5 56453.82 47560.41 84.25
973.4 54183.76 46024.64 84.94
977.4 52184.81 44919.69 86.08
981.4 51194.56 44498.71 86.92
985.3 50809.00 44423.46 87.43
989.3 50771.60 44645.52 87.93
993.3 50798.35 44823.03 88.24
997.2 50697.53 44803.32 88.37
1001.2 50579.49 44729.88 88.43
1005.2 50486.54 44649.49 88.44
1009.1 50560.95 44687.48 88.38
1013.1 50727.98 44827.14 88.37
1017.1 50849.68 44976.18 88.45
1021.0 50849.88 44984.96 88.47
1025.0 50810.76 44937.83 88.44
1029.0 50630.25 44754.98 88.40
1032.9 50480.43 44585.45 88.32
1036.9 50465.40 44539.38 88.26
1040.9 50583.57 44588.36 88.15
1044.8 50808.96 44746.24 88.07
1048.8 51011.12 44885.86 87.99
1052.7 51152.74 44984.12 87.94
1056.7 51218.34 45025.29 87.91
1060.7 51244.53 45050.96 87.91
1064.6 51271.85 45059.88 87.88
1068.6 51212.40 44972.98 87.82
1072.5 51129.80 44891.95 87.80
1076.5 51067.99 44852.20 87.83
1080.4 51059.78 44838.99 87.82
1084.4 51173.05 44910.71 87.76
1088.3 51270.71 44998.07 87.77
1092.3 51246.52 44937.39 87.69
1096.2 51213.59 44830.61 87.54
1100.2 51236.75 44737.52 87.32
1104.1 51113.59 44403.52 86.87
1108.1 51042.38 43972.92 86.15
1112.0 50923.58 43494.30 85.41
1116.0 50680.63 43044.04 84.93
1119.9 50469.69 42687.11 84.58
1123.9 50510.21 42395.81 83.94
1127.8 50453.76 41779.20 82.81
1131.8 50410.11 41163.24 81.66
1135.7 50431.75 40943.05 81.19
1139.6 50412.72 41136.14 81.60
1143.6 50359.32 41579.88 82.57
1147.5 50310.97 42003.87 83.49
1151.4 50143.03 42153.25 84.07
1155.4 50134.85 42275.24 84.32
1159.3 50144.08 42272.14 84.30
1163.2 49963.74 42024.33 84.11
1167.2 49935.24 41885.28 83.88
1171.1 49953.49 41788.01 83.65
1175.0 49867.99 41650.59 83.52
1179.0 49819.26 41624.23 83.55
1182.9 49917.95 41818.82 83.78
1186.8 49905.20 42022.13 84.20
1190.7 49670.39 42081.81 84.72
1194.7 49404.69 42078.65 85.17
1198.6 49164.89 42037.38 85.50
1202.5 49001.90 41976.46 85.66
1206.4 48884.92 41885.15 85.68
1210.3 48777.95 41797.00 85.69
1214.2 48660.86 41675.63 85.65
1218.2 48519.81 41532.43 85.60
1222.1 48391.40 41441.85 85.64
1226.0 48286.77 41396.03 85.73
1229.9 48199.26 41394.06 85.88
1233.8 48101.55 41391.82 86.05
1237.7 48042.85 41367.83 86.11
1241.6 47954.67 41283.46 86.09
1245.5 47801.28 41109.77 86.00
1249.4 47677.41 40914.70 85.82
1253.3 47548.54 40696.08 85.59
1257.2 47470.59 40536.88 85.39
1261.1 47367.50 40351.61 85.19
1265.0 47247.17 40175.60 85.03
1268.9 47057.34 40002.47 85.01
1272.8 47119.05 40036.80 84.97
1276.7 47328.98 40157.06 84.85
1280.6 47427.97 40163.36 84.68
1284.5 47354.06 40007.95 84.49
1288.4 47330.17 39896.66 84.29
1292.3 47195.50 39690.75 84.10
1296.2 47036.33 39453.42 83.88
1300.1 46870.36 39216.63 83.67
1303.9 46619.88 38920.82 83.49
1307.8 46362.46 38635.82 83.33
1311.7 46091.30 38372.71 83.25
1315.6 45825.96 38145.07 83.24
1319.5 45558.05 37938.32 83.27
1323.3 45306.73 37747.22 83.31
1327.2 45081.41 37544.94 83.28
1331.1 44830.46 37298.46 83.20
1335.0 44517.46 36972.62 83.05
1338.8 44295.06 36686.88 82.82
1342.7 44103.48 36388.49 82.51
1346.5 43706.23 35840.97 82.00
1350.4 43365.23 35292.40 81.38
1354.3 42904.30 34667.71 80.80
1358.1 42414.00 34088.61 80.37
1362.0 42133.73 33732.97 80.06
1365.8 42044.97 33528.16 79.74
1369.7 42179.02 33459.18 79.33
1373.5 42126.10 33214.37 78.85
1377.4 41845.31 32821.65 78.44
1381.2 41626.26 32506.38 78.09
1385.1 41605.67 32315.58 77.67
1389.0 41500.27 32048.58 77.22
1392.8 41279.89 31754.35 76.92
1396.6 41128.69 31588.26 76.80
1400.5 40917.36 31375.19 76.68
1404.3 40743.76 31180.52 76.53
1408.2 40714.23 31104.57 76.40
1412.0 40658.86 31002.11 76.25
1415.8 40688.80 30935.52 76.03
1419.6 40646.12 30759.17 75.68
1423.5 40609.62 30565.55 75.27
1427.3 40564.30 30363.61 74.85
1431.1 40541.03 30208.73 74.51
1434.9 40441.04 30063.52 74.34
1438.8 40382.86 29967.68 74.21
1442.6 40343.84 29909.37 74.14
1446.4 40196.90 29782.91 74.09
1450.2 40086.31 29674.07 74.03
1454.0 39952.44 29541.96 73.94
1457.8 39925.25 29478.54 73.83
1461.6 39899.87 29402.90 73.69
1465.4 39763.25 29232.13 73.52
1469.2 39564.53 29015.35 73.34
1473.0 39396.65 28840.48 73.21
1476.8 39327.39 28732.41 73.06
1480.7 39262.61 28615.12 72.88
1484.4 39136.20 28413.36 72.60
1488.2 39038.16 28169.40 72.16
1492.0 38896.77 27847.40 71.59
1495.8 38756.90 27443.33 70.81
1499.6 38633.61 26944.62 69.74
1503.4 38493.31 26360.05 68.48
1507.2 38360.25 25765.04 67.17
1510.9 38195.59 25156.79 65.86
1514.7 38022.72 24546.79 64.56
1518.5 37900.97 24024.13 63.39
1522.3 37750.02 23644.99 62.64
1526.0 37629.32 23438.56 62.29
1529.8 37568.00 23286.68 61.99
1533.6 37446.52 23037.21 61.52
1537.3 37311.54 22783.09 61.06
1541.1 37176.81 22561.77 60.69
1544.8 37039.20 22327.20 60.28
1548.6 36901.40 22061.51 59.79
1552.4 36801.24 21774.75 59.17
1556.1 36709.12 21432.13 58.38
1559.9 36606.65 21074.38 57.57
1563.6 36470.47 20738.91 56.86
1567.3 36356.68 20520.54 56.44
1571.1 36135.22 20350.54 56.32
1574.8 35991.19 20268.02 56.31
1578.6 35886.86 20183.38 56.24
1582.3 35744.22 20012.65 55.99
1586.0 35609.35 19817.32 55.65
1589.8 35457.22 19582.43 55.23
1593.5 35302.19 19304.87 54.68
1597.2 35165.05 19049.53 54.17
1600.9 35016.52 18813.09 53.73
1604.7 34867.53 18596.82 53.34
1608.4 34730.61 18398.68 52.98
1612.1 34557.54 18169.08 52.58
1615.8 34413.02 17927.11 52.09
1619.5 34337.68 17708.68 51.57
1623.2 34189.48 17426.67 50.97
1626.9 34000.04 17026.66 50.08
1630.6 33831.60 16487.46 48.73
1634.3 33692.41 15895.93 47.18
1638.0 33541.83 15452.10 46.07
1641.7 33356.57 15305.54 45.88
1645.4 33161.69 15355.12 46.30
1649.1 32972.09 15402.69 46.71
1652.8 32801.54 15356.48 46.82
1656.4 32621.94 15138.73 46.41
1660.1 32453.88 14786.12 45.56
1663.8 32259.22 14382.94 44.59
1667.5 32099.10 14072.06 43.84
1671.1 31958.82 13955.26 43.67
1674.8 31759.13 14026.00 44.16
1678.5 31706.08 14239.34 44.91
1682.1 31722.89 14422.90 45.47
1685.8 31732.56 14543.89 45.83
1689.5 31624.03 14645.87 46.31
1693.1 31483.08 14838.57 47.13
1696.8 31338.13 15097.88 48.18
1700.4 31185.14 15325.79 49.14
1704.0 31062.51 15473.85 49.82
1707.7 30798.04 15440.81 50.14
1711.3 30495.47 15308.58 50.20
1715.0 30277.23 15146.99 50.03
1718.6 30100.95 14943.85 49.65
1722.2 29962.74 14729.74 49.16
1725.9 29812.62 14538.33 48.77
1729.5 29667.76 14424.00 48.62
1733.1 29538.89 14384.40 48.70
1736.7 29414.14 14384.40 48.90
1740.3 29250.14 14346.05 49.05
1744.0 29154.53 14332.87 49.16
1747.5 29000.44 14305.35 49.33
1751.2 28775.51 14240.83 49.49
1754.8 28605.69 14195.52 49.62
1758.4 28462.58 14137.12 49.67
1762.0 28276.20 14030.60 49.62
1765.5 28135.25 13968.48 49.65
1769.1 28084.80 13984.80 49.79
1772.7 28003.71 14015.17 50.05
1776.3 27877.58 14050.85 50.40
1779.9 27744.38 14089.19 50.78
1783.5 27681.76 14158.32 51.15
1787.0 27561.47 14184.32 51.46
1790.6 27400.03 14184.64 51.77
1794.2 27283.58 14198.00 52.04
1797.8 27171.37 14215.64 52.32
1801.3 27078.88 14236.46 52.57
1804.9 26927.25 14201.25 52.74
1808.4 26839.46 14204.42 52.92
1812.0 26683.02 14172.30 53.11
1815.5 26515.64 14122.40 53.26
1819.1 26311.24 14056.53 53.42
1822.6 26144.27 14014.42 53.60
1826.2 26001.22 13981.23 53.77
1829.7 25808.19 13935.28 54.00
1833.2 25554.19 13860.63 54.24
1836.8 25320.75 13794.24 54.48
1840.3 25192.67 13787.15 54.73
1843.8 25093.88 13812.61 55.04
1847.3 25048.77 13876.04 55.40
1850.8 25006.46 13922.50 55.68
1854.3 24882.94 13909.18 55.90
1857.8 24809.20 13889.20 55.98
1861.3 24778.14 13898.34 56.09
1864.8 24674.08 13843.19 56.10
1868.3 24414.78 13683.74 56.05
1871.8 24184.32 13616.64 56.30
1875.3 24125.47 13660.01 56.62
1878.8 24137.81 13696.91 56.74
1882.3 24078.64 13684.25 56.83
1885.8 23884.19 13588.45 56.89
1889.3 23688.44 13462.37 56.83
1892.7 23560.49 13351.83 56.67
1896.2 23413.27 13216.39 56.45
1899.7 23209.25 13073.63 56.33
1903.1 23142.50 13052.42 56.40
1906.6 23284.20 13110.40 56.31
1910.0 23641.63 13321.87 56.35
1913.5 24082.47 13669.93 56.76
1917.0 24628.98 14031.50 56.97
1920.4 25053.95 14283.53 57.01
1923.8 25086.73 14575.23 58.10
1871.2 21828.79 12064.79 55.27
1873.9 21992.11 12359.82 56.20
1876.7 22156.72 12561.13 56.69
1879.5 22368.96 12655.25 56.58
1882.3 22103.08 12522.07 56.65
1885.1 21946.52 12490.38 56.91
1887.8 22068.08 12510.19 56.69
1890.6 21822.87 12295.34 56.34
1893.4 21750.67 12210.00 56.14
1896.2 21682.13 12157.95 56.07
1898.9 21614.52 12043.75 55.72
1901.7 21461.80 11833.09 55.14
1904.5 21657.26 11849.60 54.71
1907.2 21622.00 11794.25 54.55
1910.0 21512.91 11685.97 54.32
1912.7 21473.88 11625.68 54.14
1915.5 21387.02 11579.78 54.14
1918.2 21326.87 11550.86 54.16
1921.0 21159.50 11442.77 54.08
1923.7 21210.60 11459.06 54.03
1926.5 21207.41 11483.01 54.15
1929.2 21180.03 11467.04 54.14
1932.0 21153.04 11439.20 54.08
1934.7 21108.13 11393.57 53.98
1937.4 20985.88 11345.90 54.06
1940.2 20941.69 11359.04 54.24
1942.9 21040.95 11443.11 54.38
1945.6 21034.30 11497.14 54.66
1948.3 20953.04 11488.83 54.83
1951.1 20946.59 11510.24 54.95
1953.8 20949.00 11541.00 55.09
1956.5 20812.26 11503.80 55.27
1959.2 20870.20 11553.36 55.36
1961.9 20880.86 11577.30 55.44
1964.6 20765.50 11537.05 55.56
1967.3 20814.13 11578.90 55.63
1970.0 20648.96 11455.20 55.48
1972.8 20547.54 11396.02 55.46
1975.5 20609.59 11414.00 55.38
1978.2 20556.80 11303.32 54.99
1980.9 20442.90 11193.60 54.76
1983.5 20332.16 11133.10 54.76
1986.2 20335.08 11063.82 54.41
1988.9 20352.54 10982.34 53.96
1991.6 20178.18 10784.29 53.45
1994.3 20021.93 10533.75 52.61
1997.0 20047.82 10342.52 51.59
1999.7 20006.90 10068.06 50.32
2002.3 19987.08 9826.69 49.17
2005.0 19903.66 9576.42 48.11
2007.7 19802.93 9368.27 47.31
2010.4 19742.33 9204.52 46.62
2013.0 19684.56 8993.05 45.69
2015.7 19550.67 8675.61 44.38
2018.4 19445.35 8365.33 43.02
2021.0 19399.83 8216.67 42.35
2023.7 19272.21 8202.99 42.56
2026.4 19215.30 8306.35 43.23
2029.0 19139.02 8398.45 43.88
2031.7 19015.32 8320.43 43.76
2034.3 19009.68 8168.33 42.97
2037.0 18888.65 7924.23 41.95
2039.6 18809.95 7728.23 41.09
2042.3 18768.09 7697.64 41.01
2044.9 18678.50 7786.68 41.69
2047.5 18656.06 8019.50 42.99
2050.2 18564.00 8234.80 44.36
2052.8 18496.80 8436.40 45.61
2055.4 18370.53 8525.47 46.41
2058.1 18222.40 8506.40 46.68
2060.7 18164.71 8513.57 46.87
2063.3 18093.83 8457.53 46.74
2065.9 18025.79 8375.00 46.46
2068.6 17958.79 8274.50 46.07
2071.2 17950.86 8199.81 45.68
2073.8 17825.38 8073.19 45.29
2076.4 17752.17 7956.90 44.82
2079.0 17784.49 7901.72 44.43
2081.6 17757.76 7821.07 44.04
2084.2 17714.42 7711.62 43.53
2086.8 17575.26 7571.45 43.08
2089.4 17476.70 7432.07 42.53
2092.1 17379.67 7287.33 41.93
2094.7 17322.90 7169.85 41.39
2097.2 17308.83 7069.17 40.84
2099.8 17282.11 6980.03 40.39
2102.4 17168.05 6838.22 39.83
2105.0 17051.55 6666.15 39.09
2107.6 16978.92 6511.29 38.35
2110.2 16924.97 6336.92 37.44
2112.8 16902.26 6144.71 36.35
2115.3 16895.66 6010.04 35.57
2117.9 16908.01 5954.22 35.22
2120.5 16886.60 5929.11 35.11
2123.1 16792.43 5926.05 35.29
2125.6 16744.21 5894.74 35.20
2128.2 16658.59 5797.73 34.80
2130.8 16549.65 5721.30 34.57
2133.3 16508.80 5670.13 34.35
2135.9 16408.62 5589.17 34.06
2138.4 16250.87 5466.07 33.64
2141.0 16149.08 5359.52 33.19
2143.6 16130.03 5259.41 32.61
2146.1 15975.72 5130.33 32.11
2148.7 15802.20 5033.45 31.85
2151.2 15798.93 5010.13 31.71
2153.8 15823.36 5059.59 31.98
2156.3 15717.64 5126.99 32.62
2158.8 15646.76 5224.45 33.39
2161.4 15629.12 5307.00 33.96
2163.9 15531.82 5312.90 34.21
2166.4 15439.71 5292.43 34.28
2169.0 15407.19 5254.00 34.10
2171.5 15330.32 5200.78 33.92
2174.0 15229.03 5167.58 33.93
2176.5 15192.19 5172.70 34.05
2179.1 15136.64 5183.08 34.24
2181.6 15050.17 5161.71 34.30
2184.1 15027.32 5192.88 34.56
2186.6 15051.45 5284.95 35.11
2189.1 14948.97 5274.03 35.28
2191.6 14892.73 5295.27 35.56
2194.1 14904.32 5394.39 36.19
2196.6 14914.76 5451.65 36.55
2199.2 14971.93 5518.54 36.86
2201.7 14888.99 5533.68 37.17
2204.1 14839.59 5563.47 37.49
2206.6 14849.13 5650.95 38.06
2209.1 14825.85 5685.07 38.35
2211.6 14838.39 5706.19 38.46
2214.1 14807.49 5751.92 38.84
2216.6 14760.32 5769.67 39.09
2219.1 14771.72 5746.88 38.90
2221.6 14667.09 5694.77 38.83
2224.0 14588.49 5654.04 38.76
2226.5 14584.57 5646.62 38.72
2229.0 14625.21 5660.51 38.70
2231.5 14492.72 5568.82 38.42
2233.9 14462.04 5503.12 38.05
2236.4 14490.44 5496.64 37.93
2238.9 14372.38 5440.50 37.85
2241.3 14369.01 5383.03 37.46
2243.8 14353.46 5320.85 37.07
2246.2 14192.48 5206.36 36.68
2248.7 14165.54 5086.94 35.91
2251.2 14158.84 4984.80 35.21
2253.6 14077.44 4899.84 34.81
2256.1 14069.76 4815.36 34.22
2258.5 14052.82 4763.67 33.90
2260.9 13974.74 4697.88 33.62
2263.4 13979.21 4652.06 33.28
2265.8 13940.32 4669.85 33.50
2268.3 13823.21 4660.33 33.71
2270.7 13902.44 4678.93 33.66
2273.1 13859.69 4713.22 34.01
2275.6 13793.28 4719.36 34.21
2278.0 13820.63 4784.95 34.62
2280.4 13780.88 4841.20 35.13
2282.8 13643.75 4777.64 35.02
2285.3 13694.71 4759.32 34.75
2287.7 13772.94 4810.96 34.93
2290.1 13623.19 4783.53 35.11
2292.5 13587.57 4742.16 34.90
2294.9 13621.40 4702.48 34.52
2297.3 13518.19 4548.25 33.65
2299.7 13416.44 4430.03 33.02
2302.1 13368.12 4321.17 32.32
2304.5 13230.00 4108.16 31.05
2306.9 13132.00 3959.20 30.15
2309.3 13055.89 3871.31 29.65
2311.7 12972.13 3799.40 29.29
2314.1 12811.40 3765.05 29.39
2316.5 12745.90 3790.28 29.74
2318.9 12782.83 3795.83 29.69
2321.3 12752.61 3799.24 29.79
2323.7 12794.64 3805.65 29.74
2326.1 12779.13 3792.23 29.68
2328.4 12774.57 3807.96 29.81
2330.8 12850.78 3926.40 30.55
2333.2 12766.83 3998.90 31.32
2335.6 12679.19 4076.94 32.15
2337.9 12711.97 4190.03 32.96
2340.3 12649.58 4223.52 33.39
2342.7 12593.44 4257.06 33.80
2345.0 12548.90 4301.87 34.28
2347.4 12490.75 4398.75 35.22
2349.7 12332.30 4412.63 35.78
2352.1 12260.35 4481.31 36.55
2354.4 12293.23 4564.83 37.13
2356.8 12267.97 4549.77 37.09
2359.2 12202.67 4528.33 37.11
2361.5 12151.88 4472.42 36.80
2363.8 12147.35 4439.98 36.55
2366.2 12114.60 4408.92 36.39
2368.5 12055.05 4338.75 35.99
2370.9 12078.00 4267.56 35.33
2373.2 12073.55 4159.42 34.45
2375.5 11918.85 4004.63 33.60
2377.9 11847.11 3956.63 33.40
2380.2 11871.10 3995.21 33.65
2382.5 11795.37 4011.44 34.01
2384.8 11725.28 4046.08 34.51
2387.2 11706.77 4102.29 35.04
2389.5 11690.85 4079.52 34.89
2391.8 11683.69 4026.07 34.46
2394.1 11631.16 4030.60 34.65
2396.4 11573.29 3986.79 34.45
2398.7 11628.67 3999.64 34.39
2401.0 11516.91 4000.51 34.74
2403.3 11364.36 3969.06 34.93
2405.6 11396.20 4018.66 35.26
2407.9 11327.61 4033.05 35.60
2410.2 11249.92 4040.75 35.92
2412.5 11215.24 4029.76 35.93
2414.8 11184.03 4025.84 36.00
2417.1 11138.88 3995.13 35.87
2419.4 11144.19 3928.34 35.25
2421.7 11023.23 3853.14 34.95
2424.0 10957.63 3767.02 34.38
2426.2 11021.00 3712.90 33.69
2428.5 10919.43 3639.81 33.33
2430.8 10910.90 3542.50 32.47
2433.1 10869.73 3468.36 31.91
2435.4 10753.59 3384.98 31.48
2437.6 10731.21 3357.00 31.28
2439.9 10623.58 3318.47 31.24
2442.2 10642.87 3248.04 30.52
2444.4 10630.91 3164.58 29.77
2446.7 10506.16 2990.08 28.46
2448.9 10564.25 2919.38 27.63
2451.2 10584.96 2801.20 26.46
2453.4 10444.21 2531.20 24.24
2455.7 10436.14 2426.59 23.25
2457.9 10354.08 2362.64 22.82
2460.2 10295.55 2207.07 21.44
2462.4 10283.52 2184.00 21.24
2464.7 10150.11 2214.23 21.81
2466.9 10098.66 2189.22 21.68
2469.2 10156.77 2203.77 21.70
2471.4 10037.89 2232.10 22.24
2473.6 9935.38 2283.00 22.98
2475.9 9895.84 2370.67 23.96
2478.1 9796.61 2391.08 24.41
2480.3 9746.33 2436.58 25.00
2482.5 9728.88 2523.36 25.94
2484.8 9691.90 2453.92 25.32
2487.0 9643.48 2510.86 26.04
2489.2 9626.45 2563.03 26.62
2491.4 9537.09 2513.00 26.35
2493.6 9539.25 2492.59 26.13
2495.8 9525.76 2541.79 26.68
2498.0 9476.69 2577.92 27.20
2500.2 9528.68 2535.93 26.61
2502.4 9759.12 2681.76 27.48
2504.6 9850.11 2826.39 28.69
2506.8 9985.21 2893.28 28.98
