/*** Spectra Vista SIG Data ***/
name= \My Documents\HR1024_Data\RD5S4.
instrument= HR: 1091052
integration= 400, 60, 30, 500, 60, 30
scan time= 1, 1
scan settings= AD, AI, AD, AI
external data set1= 8224, 8224, 8224, 8224, 8224, 8224, 8224, 8224, 8224, 8224, 8224, 8224, 8224, 8224, 8224, 8224
external data set2= 8224, 8224, 8224, 8224, 8224, 8224, 8224, 8224, 8224, 8224, 8224, 8224, 8224, 8224, 8224, 8224
external data dark= 0,0,0,0,0,0,0,0
external data mask= 0
optic= LENS4 , LENS4 
temp= 32.34, 8.94, -5.37, 40.64, 8.88, -5.37
battery= 7.5, 7.1
error= 0, 0
units= Radiance, Radiance
time= 3/11/08 9:20:48 AM, 3/11/08 9:39:49 AM
longitude= , 
latitude= , 
gpstime= , 
comm= 
memory slot= 0, 0
factors= 
data= 
346.4 366.28 131.22 35.83
347.9 400.03 128.01 32.00
349.5 432.12 141.02 32.64
351.1 468.00 146.02 31.20
352.6 496.51 145.48 29.30
354.2 520.33 157.08 30.19
355.7 575.84 162.99 28.30
357.3 598.14 170.60 28.52
358.8 616.87 162.17 26.29
360.4 668.33 175.88 26.32
361.9 686.05 171.34 24.97
363.5 715.01 168.97 23.63
365.1 743.78 177.54 23.87
366.6 778.54 196.10 25.19
368.2 824.27 173.25 21.02
369.7 873.39 172.39 19.74
371.3 928.49 184.38 19.86
372.8 977.74 187.25 19.15
374.4 1016.27 192.24 18.92
375.9 1052.58 197.28 18.74
377.4 1084.71 188.65 17.39
379.0 1129.79 194.77 17.24
380.5 1157.14 196.96 17.02
382.1 1186.43 198.58 16.74
383.6 1234.64 201.85 16.35
385.2 1293.88 195.80 15.13
386.7 1345.63 200.36 14.89
388.3 1410.38 203.27 14.41
389.8 1464.46 211.91 14.47
391.3 1527.57 222.80 14.59
392.9 1567.60 225.32 14.37
394.4 1609.87 230.28 14.30
395.9 1662.63 248.69 14.96
397.5 1749.05 253.23 14.48
399.0 1827.74 263.27 14.40
400.6 1876.29 255.83 13.63
402.1 1904.04 249.74 13.12
403.6 1943.17 238.79 12.29
405.1 1994.81 245.87 12.33
406.7 2061.92 246.40 11.95
408.2 2135.06 257.50 12.06
409.7 2198.56 267.01 12.14
411.3 2272.05 271.73 11.96
412.8 2335.64 280.61 12.01
414.3 2399.77 289.78 12.08
415.8 2475.00 291.00 11.76
417.4 2547.71 295.50 11.60
418.9 2612.23 306.64 11.74
420.4 2658.25 310.07 11.66
421.9 2705.56 306.86 11.34
423.5 2743.63 317.56 11.57
425.0 2788.02 316.45 11.35
426.5 2844.45 317.34 11.16
428.0 2917.63 314.44 10.78
429.5 3009.90 323.90 10.76
431.1 3112.45 325.08 10.44
432.6 3227.88 341.44 10.58
434.1 3329.29 348.81 10.48
435.6 3423.98 353.72 10.33
437.1 3517.80 359.58 10.22
438.6 3607.74 374.14 10.37
440.1 3694.39 376.68 10.20
441.6 3790.73 387.68 10.23
443.1 3873.83 390.42 10.08
444.7 3959.99 397.03 10.03
446.2 4024.76 401.63 9.98
447.7 4101.41 412.51 10.06
449.2 4174.20 412.99 9.89
450.7 4238.00 420.99 9.93
452.2 4313.18 420.51 9.75
453.7 4393.64 427.63 9.73
455.2 4491.99 434.39 9.67
456.7 4618.24 444.22 9.62
458.2 4761.06 452.25 9.50
459.7 4899.13 469.70 9.59
461.2 5044.37 481.49 9.55
462.7 5165.05 492.61 9.54
464.2 5287.79 501.42 9.48
465.7 5408.14 514.44 9.51
467.2 5518.98 529.76 9.60
468.7 5631.00 540.00 9.59
470.2 5705.20 555.35 9.73
471.7 5821.13 559.55 9.61
473.2 6011.22 581.49 9.67
474.6 6153.75 593.12 9.64
476.1 6204.18 594.45 9.58
477.6 6220.94 584.90 9.40
479.1 6250.52 578.93 9.26
480.6 6293.37 582.82 9.26
482.1 6374.96 587.97 9.22
483.6 6474.12 590.82 9.13
485.1 6599.29 598.53 9.07
486.6 6739.10 607.60 9.02
488.0 6898.13 627.90 9.10
489.5 7058.36 641.48 9.09
491.0 7224.81 662.42 9.17
492.5 7392.87 675.22 9.13
494.0 7557.79 696.51 9.22
495.4 7702.20 718.74 9.33
496.9 7844.83 741.48 9.45
498.4 7990.29 765.69 9.58
499.9 8131.50 783.87 9.64
501.4 8263.45 807.59 9.77
502.8 8392.79 825.28 9.83
504.3 8499.60 855.36 10.06
505.8 8611.18 881.59 10.24
507.2 8674.01 900.10 10.38
508.7 8728.20 927.28 10.62
510.2 8764.92 952.55 10.87
511.6 8789.76 969.64 11.03
513.1 8840.43 1003.07 11.35
514.6 8904.34 1029.80 11.57
516.0 8958.85 1058.09 11.81
517.5 9056.55 1086.44 12.00
519.0 9171.31 1123.91 12.25
520.5 9287.32 1164.40 12.54
521.9 9437.16 1206.80 12.79
523.4 9612.27 1249.20 13.00
524.8 9785.79 1298.43 13.27
526.3 9984.58 1346.20 13.48
527.8 10184.06 1400.05 13.75
529.2 10366.76 1453.19 14.02
530.7 10567.61 1499.95 14.19
532.1 10746.40 1546.13 14.39
533.6 10959.02 1602.11 14.62
535.0 11168.56 1652.81 14.80
536.5 11376.00 1702.85 14.97
538.0 11592.92 1761.98 15.20
539.4 11785.91 1808.59 15.35
540.9 12037.93 1868.86 15.52
542.3 12246.63 1911.27 15.61
543.8 12400.56 1952.13 15.74
545.2 12445.48 1984.18 15.94
546.6 12442.01 1997.66 16.06
548.1 12455.19 2021.22 16.23
549.5 12460.55 2037.28 16.35
551.0 12456.77 2054.42 16.49
552.4 12484.13 2079.84 16.66
553.9 12491.52 2098.60 16.80
555.3 12509.64 2121.44 16.96
556.8 12569.08 2146.92 17.08
558.2 12630.94 2183.63 17.29
559.6 12713.51 2221.62 17.47
561.1 12831.00 2269.15 17.68
562.5 12959.42 2324.91 17.94
564.0 13129.35 2385.74 18.17
565.4 13288.41 2448.70 18.43
566.8 13487.87 2527.70 18.74
568.3 13678.39 2602.80 19.03
569.7 13879.32 2685.82 19.35
571.1 14074.77 2772.62 19.70
572.6 14269.77 2862.22 20.06
574.0 14463.08 2940.96 20.33
575.4 14650.03 3037.50 20.73
576.9 14818.07 3129.59 21.12
578.3 14977.46 3235.38 21.60
579.7 15131.24 3327.87 21.99
581.1 15254.19 3429.03 22.48
582.6 15387.18 3534.52 22.97
584.0 15508.86 3647.25 23.52
585.4 15681.05 3767.09 24.02
586.8 15909.04 3903.91 24.54
588.3 16162.38 4049.14 25.05
589.7 16371.81 4185.79 25.57
591.1 16519.39 4324.26 26.18
592.5 16589.78 4439.03 26.76
594.0 16627.80 4551.00 27.37
595.4 16637.76 4667.82 28.06
596.8 16651.64 4783.35 28.73
598.2 16659.51 4895.20 29.38
599.6 16659.36 5011.06 30.08
601.0 16705.59 5153.09 30.85
602.4 16752.94 5285.89 31.55
603.9 16822.23 5434.96 32.31
605.3 16905.11 5589.59 33.06
606.7 16973.10 5752.80 33.89
608.1 17114.04 5937.47 34.69
609.5 17255.15 6136.92 35.57
610.9 17434.91 6343.70 36.39
612.3 17598.49 6543.06 37.18
613.7 17818.60 6771.89 38.00
615.1 17967.42 6974.42 38.82
616.5 18122.06 7172.42 39.58
617.9 18356.64 7416.37 40.40
619.3 18578.68 7654.57 41.20
620.7 18848.67 7914.79 41.99
622.1 19119.58 8167.53 42.72
623.5 19414.06 8443.46 43.49
624.9 19741.18 8754.59 44.35
626.3 19952.52 9026.10 45.24
627.7 19741.37 9127.03 46.23
629.1 19544.02 9225.68 47.20
630.5 19457.12 9364.95 48.13
631.9 19461.81 9518.58 48.91
633.3 19457.49 9641.39 49.55
634.7 19533.17 9775.80 50.05
636.1 19566.68 9817.64 50.18
637.5 19597.55 9834.86 50.18
638.9 19677.50 9842.72 50.02
640.2 19731.43 9843.80 49.89
641.6 19754.28 9839.23 49.81
643.0 19715.36 9827.02 49.84
644.4 19707.26 9795.55 49.71
645.8 19650.11 9750.08 49.62
647.2 19716.78 9785.15 49.63
648.5 19765.84 9809.81 49.63
649.9 19671.60 9817.55 49.91
651.3 19608.23 9869.52 50.33
652.7 19503.68 9932.76 50.93
654.1 19390.95 9856.73 50.83
655.5 19238.75 9730.88 50.58
656.8 19118.09 9610.97 50.27
658.2 19225.93 9606.59 49.97
659.6 19449.31 9655.46 49.64
660.9 19643.18 9678.35 49.27
662.3 19825.21 9693.88 48.90
663.7 20008.80 9681.00 48.38
665.0 20165.89 9655.30 47.88
666.4 20328.89 9643.55 47.44
667.8 20535.62 9657.68 47.03
669.1 20711.76 9680.21 46.74
670.5 20914.18 9740.27 46.57
671.9 21055.86 9809.95 46.59
673.2 21237.33 9937.88 46.79
674.6 21400.77 10099.09 47.19
676.0 21596.49 10312.76 47.75
677.3 21793.24 10591.48 48.60
678.7 21992.69 10937.80 49.73
680.0 22269.19 11400.89 51.20
681.4 22542.00 11978.94 53.14
682.8 22829.63 12666.29 55.48
684.1 23112.18 13474.66 58.30
685.5 23364.31 14354.46 61.44
686.8 23617.23 15290.38 64.74
688.2 23841.32 16242.23 68.13
689.5 23927.84 17083.88 71.40
690.9 23997.39 17880.89 74.51
692.2 24047.78 18609.90 77.39
693.6 24110.83 19292.76 80.02
694.9 24095.99 19838.56 82.33
696.2 24121.97 20362.59 84.42
697.6 24149.95 20816.40 86.20
698.9 24174.48 21236.16 87.85
700.3 24215.57 21608.84 89.24
701.6 24264.40 21943.22 90.43
703.0 24323.35 22242.55 91.45
704.3 24329.34 22465.76 92.34
705.6 24327.41 22652.57 93.12
707.0 24334.75 22834.15 93.83
708.3 24282.08 22929.56 94.43
709.6 24223.21 23014.56 95.01
711.0 24124.28 23040.24 95.51
712.3 24015.02 23054.19 96.00
713.6 23977.17 23124.86 96.45
714.9 23907.38 23138.31 96.78
716.3 23880.58 23183.00 97.08
717.6 23876.83 23243.22 97.35
718.9 23805.06 23237.16 97.61
720.2 23675.16 23140.88 97.74
721.6 23576.15 23087.58 97.93
722.9 23446.45 22996.99 98.08
724.2 23274.82 22861.76 98.23
725.5 23133.68 22770.88 98.43
726.8 23009.81 22669.06 98.52
728.1 22933.91 22599.32 98.54
729.5 22856.87 22540.28 98.61
730.8 22796.53 22488.02 98.65
732.1 22719.29 22413.87 98.66
733.4 22660.56 22368.96 98.71
734.7 22602.67 22320.72 98.75
736.0 22569.89 22310.31 98.85
737.3 22520.76 22279.80 98.93
738.6 22554.56 22336.76 99.03
739.9 22633.16 22447.91 99.18
741.2 22698.59 22538.88 99.30
742.5 22841.25 22727.60 99.50
743.8 23091.34 23029.55 99.73
745.1 23491.07 23450.90 99.83
746.4 23957.57 23957.57 100.00
747.7 24466.55 24458.50 99.97
749.0 24948.63 24916.59 99.87
750.3 25229.30 25143.75 99.66
751.6 25175.69 25048.21 99.49
752.9 24925.64 24788.31 99.45
754.2 24630.59 24512.75 99.52
755.4 24314.44 24257.15 99.76
756.7 24210.69 24195.31 99.94
758.0 24235.24 24255.66 100.08
759.3 24394.18 24465.66 100.29
760.6 24621.52 24738.56 100.48
761.9 24823.09 24981.15 100.64
763.1 24955.30 25148.86 100.78
764.4 25125.21 25335.62 100.84
765.7 25257.38 25486.50 100.91
767.0 25349.99 25606.26 101.01
768.2 25431.84 25702.66 101.06
769.5 25509.93 25813.06 101.19
770.8 25646.87 25971.09 101.26
772.0 25674.66 26040.15 101.42
773.3 25762.96 26139.95 101.46
774.6 25839.71 26248.09 101.58
775.8 25921.43 26344.89 101.63
777.1 25948.26 26390.87 101.71
778.4 25918.05 26384.09 101.80
779.6 25945.86 26404.88 101.77
780.9 25904.00 26403.20 101.93
782.1 25811.51 26344.19 102.06
783.4 25819.04 26402.69 102.26
784.6 25849.06 26443.55 102.30
785.9 26028.56 26701.13 102.58
787.1 26416.14 27152.86 102.79
788.4 26716.91 27434.35 102.69
789.6 26732.54 27336.94 102.26
790.9 26499.75 27055.55 102.10
792.1 26215.36 26795.10 102.21
793.4 25939.41 26560.04 102.39
794.6 25766.06 26396.72 102.45
795.8 25608.38 26237.81 102.46
797.1 25427.85 26099.46 102.64
798.3 25301.10 25999.88 102.76
799.5 25235.55 25957.34 102.86
800.8 25155.70 25899.73 102.96
802.0 25074.70 25848.98 103.09
803.2 24986.56 25756.77 103.08
804.5 24925.76 25696.85 103.09
805.7 24855.66 25635.34 103.14
806.9 24776.64 25577.11 103.23
808.1 24708.89 25500.28 103.20
809.4 24677.19 25460.82 103.18
810.6 24617.78 25394.46 103.15
811.8 24606.91 25386.52 103.17
813.0 24601.75 25396.54 103.23
814.2 24620.30 25420.02 103.25
815.4 24684.78 25474.75 103.20
816.6 24715.54 25483.96 103.11
817.9 24752.29 25482.55 102.95
819.1 24717.85 25415.42 102.82
820.3 24615.89 25306.05 102.80
821.5 24558.22 25212.83 102.67
822.7 24525.20 25142.94 102.52
823.9 24512.51 25117.66 102.47
825.1 24512.73 25050.68 102.19
826.3 24527.23 25038.26 102.08
827.5 24554.23 25022.16 101.91
828.7 24585.24 24981.50 101.61
829.9 24620.63 24964.02 101.39
831.0 24677.45 24976.58 101.21
832.2 24735.00 24959.65 100.91
833.4 24800.15 24978.34 100.72
834.6 24827.34 24982.50 100.62
835.8 24886.58 25002.81 100.47
837.0 24941.18 25040.82 100.40
838.1 25036.55 25091.47 100.22
839.3 25073.20 25125.30 100.21
840.5 25138.07 25182.44 100.18
841.7 25214.76 25258.72 100.17
842.9 25311.78 25350.33 100.15
844.0 25352.29 25374.97 100.09
845.2 25454.19 25494.67 100.16
846.4 25527.43 25532.27 100.02
847.5 25656.16 25666.05 100.04
848.7 25745.00 25759.61 100.06
849.9 25879.71 25851.64 99.89
851.0 25913.04 25863.55 99.81
852.2 25966.07 25901.86 99.75
853.3 25941.98 25852.25 99.65
854.5 25934.86 25834.87 99.61
855.6 25916.94 25796.34 99.53
856.8 25944.85 25834.24 99.57
857.9 25943.54 25812.92 99.50
859.1 25996.60 25861.44 99.48
860.2 26027.46 25848.48 99.31
861.4 26023.97 25862.24 99.38
862.5 26059.24 25886.83 99.34
863.7 26115.12 25921.09 99.26
864.8 26101.25 25905.74 99.25
865.9 26082.46 25878.01 99.22
867.1 26099.25 25867.12 99.11
868.2 26099.69 25871.64 99.13
869.3 26128.19 25852.34 98.94
870.5 26099.47 25803.36 98.87
871.6 26087.08 25796.06 98.88
872.7 26136.21 25818.67 98.79
873.9 26148.82 25830.28 98.78
875.0 26142.73 25800.54 98.69
876.1 26142.29 25757.16 98.53
877.2 26184.05 25743.86 98.32
878.3 26169.01 25695.09 98.19
879.4 26191.11 25729.23 98.24
880.5 26214.48 25737.55 98.18
881.7 26220.35 25691.38 97.98
882.8 26271.44 25652.02 97.64
883.9 26272.50 25645.46 97.61
885.0 26275.91 25581.19 97.36
886.1 26278.81 25532.59 97.16
887.2 26194.66 25395.44 96.95
888.3 26154.69 25304.90 96.75
889.4 26083.75 25189.40 96.57
890.5 26060.47 25120.35 96.39
891.6 26043.45 25042.85 96.16
892.7 26025.13 25010.91 96.10
893.8 26046.70 25016.46 96.04
894.9 26070.72 24983.33 95.83
896.0 26059.51 24940.77 95.71
897.0 26054.12 24905.59 95.59
898.1 26079.30 24886.79 95.43
899.2 26095.96 24859.34 95.26
900.3 26052.56 24763.31 95.05
901.4 26029.33 24692.51 94.86
902.4 26018.83 24667.46 94.81
903.5 26017.27 24628.23 94.66
904.6 26012.16 24594.36 94.55
905.7 26050.43 24570.88 94.32
906.7 26024.14 24511.44 94.19
907.8 26076.86 24483.68 93.89
908.9 26057.48 24406.47 93.66
909.9 26017.06 24359.39 93.63
911.0 26009.49 24267.68 93.30
912.1 25979.15 24217.70 93.22
913.1 25944.88 24123.01 92.98
914.2 25856.17 24004.70 92.84
915.2 25844.13 23948.03 92.66
916.3 25883.78 23878.80 92.25
917.3 25847.25 23789.37 92.04
918.4 25819.06 23707.75 91.82
919.4 25792.96 23622.54 91.59
920.5 25804.34 23552.40 91.27
921.5 25824.68 23500.88 91.00
922.6 25820.42 23369.51 90.51
923.6 25802.74 23294.30 90.28
924.7 25837.63 23211.40 89.84
925.7 25830.51 23131.80 89.55
926.7 25889.20 22997.51 88.83
927.8 25949.67 22940.78 88.40
928.8 26061.51 22890.26 87.83
929.9 26114.55 22813.49 87.36
930.9 26214.58 22835.00 87.11
931.9 26363.30 22843.58 86.65
932.9 26568.63 22841.58 85.97
934.0 26604.58 22736.64 85.46
935.0 26610.78 22631.83 85.05
936.0 26639.41 22500.76 84.46
937.0 26632.91 22376.87 84.02
938.1 26589.57 22232.03 83.61
939.1 26594.73 22083.36 83.04
940.1 26647.30 22055.95 82.77
941.1 26757.94 22001.79 82.23
942.1 26950.86 21965.61 81.50
943.1 27064.46 21920.43 80.99
944.1 27200.04 21904.04 80.53
945.2 27250.86 21795.48 79.98
946.2 27341.46 21725.41 79.46
947.2 27385.31 21608.65 78.91
948.2 27528.14 21533.00 78.22
949.2 27562.84 21392.80 77.61
950.2 27601.23 21254.84 77.01
951.2 27696.06 21140.11 76.33
952.2 27776.58 21018.39 75.67
953.2 27874.44 20915.44 75.03
954.2 27994.28 20857.77 74.51
955.2 28013.52 20720.94 73.97
956.2 27975.49 20564.41 73.51
957.2 28074.45 20454.36 72.86
958.2 28163.05 20443.08 72.59
959.2 28188.45 20332.98 72.13
960.1 28244.69 20267.42 71.76
961.1 28322.00 20304.11 71.69
962.1 28304.06 20206.50 71.39
963.1 28357.97 20241.88 71.38
964.1 28464.51 20246.41 71.13
965.1 28543.56 20249.05 70.94
966.1 28584.14 20223.33 70.75
967.0 28655.80 20238.09 70.62
968.0 28697.14 20271.97 70.64
969.0 28718.80 20278.64 70.61
970.0 28760.47 20280.21 70.51
971.0 28834.42 20269.54 70.30
971.9 28848.78 20329.94 70.47
972.9 28890.31 20407.63 70.64
973.9 28948.56 20396.22 70.46
974.9 29046.70 20490.25 70.54
975.8 29063.68 20458.11 70.39
976.8 29052.58 20530.29 70.67
977.8 29165.54 20669.15 70.87
978.8 29197.88 20756.88 71.09
979.7 29189.32 20843.23 71.41
980.7 29306.81 20884.58 71.26
981.7 29477.75 21147.46 71.74
982.6 29574.16 21354.85 72.21
983.6 29987.80 21631.95 72.14
984.6 30188.75 22049.86 73.04
985.5 30563.82 22388.26 73.25
986.5 30946.12 22796.58 73.67
987.5 31666.80 23243.71 73.40
988.4 32276.75 24156.88 74.84
989.4 33081.94 24568.02 74.26
990.4 33865.04 25398.78 75.00
991.3 34680.98 25358.87 73.12
992.3 35996.38 25980.00 72.17
993.2 37249.57 27465.95 73.73
994.2 37192.84 28438.61 76.46
995.2 38468.72 27977.25 72.73
996.1 38815.33 27873.68 71.81
997.1 39248.66 28011.49 71.37
998.0 39056.40 29189.52 74.74
999.0 38843.24 29051.13 74.79
1000.0 39939.10 28351.13 70.99
1000.9 41119.71 28960.86 70.43
1001.9 38921.76 29191.32 75.00
1002.8 38260.04 28099.18 73.44
1003.8 38840.71 27930.40 71.91
1004.8 39018.78 29024.50 74.39
961.5 34611.80 19336.20 55.87
965.5 33947.81 19362.19 57.04
969.5 32673.62 19140.17 58.58
973.4 31329.21 18617.21 59.42
977.4 30182.73 18280.93 60.57
981.4 29653.05 18384.89 62.00
985.3 29580.67 18671.49 63.12
989.3 29694.74 19077.51 64.25
993.3 29811.28 19493.24 65.39
997.2 29873.76 19791.37 66.25
1001.2 29847.48 20022.34 67.08
1005.2 29766.32 20211.78 67.90
1009.1 29802.16 20468.90 68.68
1013.1 29912.80 20833.20 69.65
1017.1 29980.27 21198.93 70.71
1021.0 29997.45 21491.63 71.64
1025.0 29986.05 21770.54 72.60
1029.0 29874.56 21957.83 73.50
1032.9 29757.39 22140.82 74.40
1036.9 29719.10 22390.10 75.34
1040.9 29786.91 22687.73 76.17
1044.8 29914.06 23012.35 76.93
1048.8 30017.23 23317.26 77.68
1052.7 30081.05 23579.65 78.39
1056.7 30106.96 23747.94 78.88
1060.7 30124.55 23884.13 79.28
1064.6 30126.20 23992.80 79.64
1068.6 30068.46 24006.53 79.84
1072.5 30024.99 23961.78 79.81
1076.5 29992.38 23912.96 79.73
1080.4 29983.51 23849.24 79.54
1084.4 30049.89 23817.38 79.26
1088.3 30134.74 23744.31 78.79
1092.3 30115.74 23572.48 78.27
1096.2 30104.84 23380.66 77.66
1100.2 30142.18 23187.89 76.93
1104.1 30082.71 22938.68 76.25
1108.1 30052.27 22703.91 75.55
1112.0 29977.43 22415.99 74.78
1116.0 29868.35 22053.33 73.84
1119.9 29779.89 21669.46 72.77
1123.9 29822.35 21325.42 71.51
1127.8 29798.40 20789.76 69.77
1131.8 29786.58 20067.27 67.37
1135.7 29821.64 19243.20 64.53
1139.6 29831.38 18321.90 61.42
1143.6 29819.95 17438.30 58.48
1147.5 29803.64 16685.39 55.98
1151.4 29713.98 16035.23 53.97
1155.4 29731.43 15627.45 52.56
1159.3 29760.66 15376.64 51.67
1163.2 29674.15 15150.85 51.06
1167.2 29672.28 15027.30 50.64
1171.1 29681.80 14949.58 50.37
1175.0 29651.52 14865.77 50.13
1179.0 29638.87 14793.40 49.91
1182.9 29697.98 14756.72 49.69
1186.8 29706.14 14692.76 49.46
1190.7 29571.10 14574.95 49.29
1194.7 29411.94 14453.89 49.14
1198.6 29289.65 14362.43 49.04
1202.5 29196.66 14316.83 49.04
1206.4 29112.98 14302.08 49.13
1210.3 29056.59 14299.69 49.21
1214.2 29008.58 14337.58 49.43
1218.2 28915.95 14373.29 49.71
1222.1 28833.10 14423.10 50.02
1226.0 28785.60 14484.74 50.32
1229.9 28734.48 14535.78 50.59
1233.8 28673.70 14596.72 50.91
1237.7 28644.25 14661.59 51.19
1241.6 28596.57 14699.23 51.40
1245.5 28494.07 14709.25 51.62
1249.4 28422.55 14720.43 51.79
1253.3 28356.92 14735.15 51.96
1257.2 28323.43 14750.32 52.08
1261.1 28264.79 14740.38 52.15
1265.0 28184.91 14710.97 52.19
1268.9 28067.43 14640.51 52.16
1272.8 28106.70 14629.05 52.05
1276.7 28238.01 14645.52 51.86
1280.6 28297.17 14608.46 51.63
1284.5 28250.81 14490.18 51.29
1288.4 28234.52 14374.59 50.91
1292.3 28165.50 14198.25 50.41
1296.2 28076.33 13990.67 49.83
1300.1 27971.71 13754.21 49.17
1303.9 27830.79 13460.80 48.37
1307.8 27679.51 13143.39 47.48
1311.7 27513.83 12807.31 46.55
1315.6 27356.90 12457.37 45.54
1319.5 27190.78 12073.48 44.40
1323.3 27036.43 11690.68 43.24
1327.2 26898.46 11308.45 42.04
1331.1 26745.75 10916.68 40.82
1335.0 26551.82 10526.42 39.64
1338.8 26417.20 10174.37 38.51
1342.7 26306.22 9850.18 37.44
1346.5 26068.84 9500.08 36.44
1350.4 25867.11 9178.49 35.48
1354.3 25587.95 8839.57 34.55
1358.1 25293.52 8510.73 33.65
1362.0 25095.25 8240.23 32.84
1365.8 25024.00 7997.96 31.96
1369.7 25106.98 7768.03 30.94
1373.5 25078.13 7451.70 29.71
1377.4 24917.97 7008.74 28.13
1381.2 24782.40 6485.77 26.17
1385.1 24754.66 5965.76 24.10
1389.0 24692.16 5462.51 22.12
1392.8 24567.88 4948.43 20.14
1396.6 24460.52 4474.27 18.29
1400.5 24320.99 4079.57 16.77
1404.3 24225.89 3759.53 15.52
1408.2 24204.64 3512.16 14.51
1412.0 24174.50 3331.66 13.78
1415.8 24201.79 3200.97 13.23
1419.6 24176.54 3086.57 12.77
1423.5 24162.30 3004.98 12.44
1427.3 24156.22 2945.88 12.20
1431.1 24149.78 2901.60 12.02
1434.9 24082.82 2861.65 11.88
1438.8 24045.91 2842.82 11.82
1442.6 24021.66 2829.61 11.78
1446.4 23948.95 2802.88 11.70
1450.2 23899.20 2785.18 11.65
1454.0 23823.72 2779.32 11.67
1457.8 23805.13 2788.97 11.72
1461.6 23794.65 2800.71 11.77
1465.4 23719.51 2816.65 11.87
1469.2 23598.58 2834.65 12.01
1473.0 23505.47 2862.19 12.18
1476.8 23479.35 2915.84 12.42
1480.7 23444.07 2974.10 12.69
1484.4 23358.60 3036.96 13.00
1488.2 23294.76 3119.04 13.39
1492.0 23212.99 3199.52 13.78
1495.8 23134.48 3278.28 14.17
1499.6 23068.04 3350.13 14.52
1503.4 22989.82 3402.26 14.80
1507.2 22924.40 3452.33 15.06
1510.9 22832.54 3486.38 15.27
1514.7 22729.47 3521.80 15.49
1518.5 22650.58 3574.05 15.78
1522.3 22564.73 3629.31 16.08
1526.0 22502.83 3688.17 16.39
1529.8 22457.39 3743.69 16.67
1533.6 22379.96 3797.71 16.97
1537.3 22300.49 3870.41 17.36
1541.1 22218.14 3933.71 17.70
1544.8 22130.40 3976.80 17.97
1548.6 22049.49 4024.30 18.25
1552.4 21992.28 4087.15 18.58
1556.1 21940.64 4145.20 18.89
1559.9 21881.16 4189.50 19.15
1563.6 21806.79 4238.09 19.43
1567.3 21732.27 4297.22 19.77
1571.1 21585.13 4331.83 20.07
1574.8 21494.94 4394.47 20.44
1578.6 21441.85 4470.34 20.85
1582.3 21360.05 4505.65 21.09
1586.0 21278.88 4535.63 21.32
1589.8 21182.42 4564.18 21.55
1593.5 21087.16 4583.02 21.73
1597.2 21011.15 4612.32 21.95
1600.9 20910.91 4628.18 22.13
1604.7 20817.19 4657.01 22.37
1608.4 20751.75 4691.70 22.61
1612.1 20653.79 4707.48 22.79
1615.8 20554.46 4727.79 23.00
1619.5 20509.10 4766.98 23.24
1623.2 20415.20 4794.20 23.48
1626.9 20293.94 4807.67 23.69
1630.6 20187.64 4815.80 23.86
1634.3 20108.09 4833.58 24.04
1638.0 20016.12 4838.88 24.17
1641.7 19907.78 4837.63 24.30
1645.4 19793.59 4838.27 24.44
1649.1 19676.58 4831.05 24.55
1652.8 19573.89 4828.35 24.67
1656.4 19468.81 4814.08 24.73
1660.1 19373.12 4797.22 24.76
1663.8 19253.37 4783.33 24.84
1667.5 19154.03 4770.35 24.91
1671.1 19073.44 4746.75 24.89
1674.8 18955.63 4717.33 24.89
1678.5 18920.35 4699.71 24.84
1682.1 18926.99 4686.68 24.76
1685.8 18934.59 4666.00 24.64
1689.5 18875.64 4633.84 24.55
1693.1 18777.51 4588.32 24.44
1696.8 18693.63 4538.63 24.28
1700.4 18605.80 4490.07 24.13
1704.0 18533.22 4437.16 23.94
1707.7 18380.44 4355.71 23.70
1711.3 18186.09 4263.78 23.45
1715.0 18064.01 4189.03 23.19
1718.6 17962.81 4116.33 22.92
1722.2 17869.77 4052.66 22.68
1725.9 17778.98 3995.93 22.48
1729.5 17683.82 3942.56 22.29
1733.1 17615.86 3898.38 22.13
1736.7 17543.89 3869.59 22.06
1740.3 17426.02 3817.63 21.91
1744.0 17375.79 3771.30 21.70
1747.5 17289.32 3720.40 21.52
1751.2 17148.24 3645.61 21.26
1754.8 17043.21 3579.89 21.00
1758.4 16959.78 3525.94 20.79
1762.0 16844.84 3466.44 20.58
1765.5 16763.61 3425.83 20.44
1769.1 16735.20 3398.40 20.31
1772.7 16687.95 3370.03 20.19
1776.3 16608.65 3339.76 20.11
1779.9 16528.93 3305.30 20.00
1783.5 16504.40 3286.00 19.91
1787.0 16420.93 3253.70 19.81
1790.6 16313.97 3219.10 19.73
1794.2 16250.54 3205.51 19.73
1797.8 16183.76 3192.10 19.72
1801.3 16118.56 3177.50 19.71
1804.9 16020.38 3165.75 19.76
1808.4 15971.30 3162.77 19.80
1812.0 15882.75 3141.26 19.78
1815.5 15784.84 3108.04 19.69
1819.1 15650.89 3075.04 19.65
1822.6 15532.45 3056.27 19.68
1826.2 15446.30 3041.70 19.69
1829.7 15337.22 3008.00 19.61
1833.2 15178.78 2966.61 19.54
1836.8 15030.02 2923.83 19.45
1840.3 14950.04 2890.80 19.34
1843.8 14886.20 2864.05 19.24
1847.3 14837.06 2835.36 19.11
1850.8 14793.41 2790.14 18.86
1854.3 14722.56 2721.86 18.49
1857.8 14658.80 2641.60 18.02
1861.3 14629.20 2531.29 17.30
1864.8 14572.84 2389.76 16.40
1868.3 14425.58 2232.88 15.48
1871.8 14284.80 2081.28 14.57
1875.3 14255.61 1941.49 13.62
1878.8 14246.03 1802.02 12.65
1882.3 14193.40 1660.60 11.70
1885.8 14118.50 1549.98 10.98
1889.3 13979.52 1459.68 10.44
1892.7 13865.36 1372.37 9.90
1896.2 13804.86 1340.93 9.71
1899.7 13707.11 1332.48 9.72
1903.1 13634.54 1345.34 9.87
1906.6 13688.09 1444.23 10.55
1910.0 13884.77 1563.60 11.26
1913.5 14226.75 1698.30 11.94
1917.0 14474.60 1957.03 13.52
1920.4 14745.78 2265.03 15.36
1923.8 15062.87 2492.42 16.55
1871.2 12888.95 1362.15 10.57
1873.9 13047.08 1310.08 10.04
1876.7 13250.10 1208.19 9.12
1879.5 13307.88 1106.63 8.32
1882.3 13009.24 1091.62 8.39
1885.1 13033.44 948.20 7.28
1887.8 13145.19 849.41 6.46
1890.6 12997.04 834.24 6.42
1893.4 12958.00 770.00 5.94
1896.2 12845.61 722.05 5.62
1898.9 12795.28 706.57 5.52
1901.7 12697.20 687.77 5.42
1904.5 12812.38 640.09 5.00
1907.2 12777.50 660.25 5.17
1910.0 12693.31 678.76 5.35
1912.7 12674.55 660.55 5.21
1915.5 12622.22 651.06 5.16
1918.2 12592.16 633.37 5.03
1921.0 12470.84 622.34 4.99
1923.7 12502.92 626.98 5.01
1926.5 12525.14 628.54 5.02
1929.2 12499.59 622.09 4.98
1932.0 12466.20 641.48 5.15
1934.7 12450.39 656.60 5.27
1937.4 12388.06 638.94 5.16
1940.2 12333.29 633.11 5.13
1942.9 12377.93 645.54 5.22
1945.6 12406.16 649.30 5.23
1948.3 12364.25 658.83 5.33
1951.1 12353.04 677.25 5.48
1953.8 12345.00 663.00 5.37
1956.5 12249.55 640.93 5.23
1959.2 12291.89 645.84 5.25
1961.9 12307.40 673.48 5.47
1964.6 12224.28 687.23 5.62
1967.3 12284.97 691.23 5.63
1970.0 12156.72 674.88 5.55
1972.8 12093.19 673.64 5.57
1975.5 12180.79 690.69 5.67
1978.2 12109.24 674.52 5.57
1980.9 12027.29 687.94 5.72
1983.5 11996.88 698.00 5.82
1986.2 11983.38 712.95 5.95
1988.9 11983.38 744.96 6.22
1991.6 11899.51 732.86 6.16
1994.3 11798.84 713.42 6.05
1997.0 11807.25 741.02 6.28
1999.7 11770.96 749.51 6.37
2002.3 11768.44 756.56 6.43
2005.0 11742.55 768.07 6.54
2007.7 11687.40 765.40 6.55
2010.4 11651.26 773.71 6.64
2013.0 11630.36 773.84 6.65
2015.7 11528.64 784.30 6.80
2018.4 11457.30 771.57 6.73
2021.0 11452.33 784.83 6.85
2023.7 11380.16 794.29 6.98
2026.4 11323.00 788.67 6.97
2029.0 11263.54 804.14 7.14
2031.7 11193.43 808.38 7.22
2034.3 11193.43 799.93 7.15
2037.0 11130.51 816.35 7.33
2039.6 11076.09 821.49 7.42
2042.3 11047.98 817.23 7.40
2044.9 11026.46 827.48 7.50
2047.5 11001.21 819.06 7.45
2050.2 10900.40 834.40 7.65
2052.8 10894.80 851.20 7.81
2055.4 10822.84 854.51 7.90
2058.1 10738.00 834.40 7.77
2060.7 10718.83 832.91 7.77
2063.3 10653.43 838.79 7.87
2065.9 10619.50 843.08 7.94
2068.6 10577.63 868.21 8.21
2071.2 10537.83 864.90 8.21
2073.8 10490.95 853.49 8.14
2076.4 10463.25 839.19 8.02
2079.0 10439.15 851.43 8.16
2081.6 10423.40 872.13 8.37
2084.2 10414.77 871.90 8.37
2086.8 10346.04 865.47 8.37
2089.4 10282.92 868.02 8.44
2092.1 10234.00 889.67 8.69
2094.7 10195.43 892.70 8.76
2097.2 10197.17 878.33 8.61
2099.8 10202.45 885.31 8.68
2102.4 10082.46 878.59 8.71
2105.0 9986.40 886.35 8.88
2107.6 9963.47 902.92 9.06
2110.2 9945.83 895.13 9.00
2112.8 9950.08 896.22 9.01
2115.3 9950.34 917.96 9.23
2117.9 9955.62 922.73 9.27
2120.5 9928.49 915.31 9.22
2123.1 9866.03 941.85 9.55
2125.6 9842.13 940.00 9.55
2128.2 9772.14 924.83 9.46
2130.8 9719.78 927.23 9.54
2133.3 9694.67 924.00 9.53
2135.9 9628.08 929.57 9.65
2138.4 9561.93 954.72 9.98
2141.0 9493.76 946.14 9.97
2143.6 9481.01 929.34 9.80
2146.1 9385.04 934.39 9.96
2148.7 9294.55 933.86 10.05
2151.2 9319.20 953.33 10.23
2153.8 9286.22 941.87 10.14
2156.3 9196.68 939.16 10.21
2158.8 9176.01 959.83 10.46
2161.4 9166.37 967.05 10.55
2163.9 9107.40 952.31 10.46
2166.4 9056.27 928.39 10.25
2169.0 9041.49 934.31 10.33
2171.5 8982.35 949.09 10.57
2174.0 8919.05 946.05 10.61
2176.5 8910.20 941.85 10.57
2179.1 8872.37 945.66 10.66
2181.6 8820.83 930.75 10.55
2184.1 8802.64 939.40 10.67
2186.6 8815.58 935.22 10.61
2189.1 8766.51 927.69 10.58
2191.6 8725.27 940.80 10.78
2194.1 8759.24 943.35 10.77
2196.6 8743.02 957.86 10.96
2199.2 8762.69 948.83 10.83
2201.7 8728.52 934.82 10.71
2204.1 8693.38 949.24 10.92
2206.6 8724.47 947.42 10.86
2209.1 8690.36 923.54 10.63
2211.6 8648.75 898.37 10.39
2214.1 8641.19 927.61 10.73
2216.6 8629.81 949.58 11.00
2219.1 8603.23 926.79 10.77
2221.6 8565.00 928.83 10.84
2224.0 8580.12 925.83 10.79
2226.5 8553.64 917.01 10.72
2229.0 8526.93 921.21 10.80
2231.5 8456.64 903.88 10.69
2233.9 8447.09 896.66 10.62
2236.4 8434.10 883.94 10.48
2238.9 8377.75 871.88 10.41
2241.3 8418.52 878.39 10.43
2243.8 8391.31 882.27 10.51
2246.2 8272.81 841.24 10.17
2248.7 8260.98 813.76 9.85
2251.2 8270.85 845.53 10.22
2253.6 8217.60 844.80 10.28
2256.1 8198.40 814.08 9.93
2258.5 8205.80 806.75 9.83
2260.9 8176.22 813.02 9.94
2263.4 8125.75 794.54 9.78
2265.8 8124.16 769.33 9.47
2268.3 8073.80 742.73 9.20
2270.7 8110.40 759.99 9.37
2273.1 8107.19 774.67 9.56
2275.6 8037.12 744.96 9.27
2278.0 8047.94 714.86 8.88
2280.4 8050.71 715.79 8.89
2282.8 7936.92 727.87 9.17
2285.3 7936.09 727.12 9.16
2287.7 8013.06 699.00 8.72
2290.1 7946.20 679.97 8.56
2292.5 7908.89 694.46 8.78
2294.9 7966.56 695.49 8.73
2297.3 7878.36 672.35 8.53
2299.7 7782.17 651.48 8.37
2302.1 7817.38 648.18 8.29
2304.5 7722.40 623.28 8.07
2306.9 7647.92 603.68 7.89
2309.3 7632.91 603.42 7.91
2311.7 7536.00 620.15 8.23
2314.1 7439.51 614.38 8.26
2316.5 7426.90 610.70 8.22
2318.9 7433.98 603.08 8.11
2321.3 7420.20 610.10 8.22
2323.7 7439.58 634.94 8.53
2326.1 7403.11 604.50 8.17
2328.4 7412.50 577.70 7.79
2330.8 7505.15 613.50 8.17
2333.2 7417.12 597.16 8.05
2335.6 7356.75 572.93 7.79
2337.9 7411.84 613.48 8.28
2340.3 7376.47 587.77 7.97
2342.7 7282.70 541.65 7.44
2345.0 7270.29 539.33 7.42
2347.4 7284.50 573.75 7.88
2349.7 7133.68 555.32 7.78
2352.1 7080.04 536.04 7.57
2354.4 7143.83 545.89 7.64
2356.8 7126.82 535.27 7.51
2359.2 7067.67 550.33 7.79
2361.5 7038.06 554.14 7.87
2363.8 7031.06 531.39 7.56
2366.2 7039.27 520.77 7.40
2368.5 7035.45 525.10 7.46
2370.9 7023.13 501.01 7.13
2373.2 6987.82 508.12 7.27
2375.5 6900.63 511.33 7.41
2377.9 6892.20 505.98 7.34
2380.2 6890.83 508.57 7.38
2382.5 6864.93 496.26 7.23
2384.8 6830.08 477.92 7.00
2387.2 6784.02 473.52 6.98
2389.5 6780.31 519.38 7.66
2391.8 6787.76 499.10 7.35
2394.1 6727.26 470.24 6.99
2396.4 6676.90 469.32 7.03
2398.7 6732.64 453.07 6.73
2401.0 6690.59 459.89 6.87
2403.3 6603.48 458.16 6.94
2405.6 6572.81 454.85 6.92
2407.9 6583.14 490.98 7.46
2410.2 6542.40 481.28 7.36
2412.5 6479.13 431.94 6.67
2414.8 6475.24 472.42 7.30
2417.1 6452.08 449.07 6.96
2419.4 6434.35 437.64 6.80
2421.7 6386.85 457.33 7.16
2424.0 6345.28 406.82 6.41
2426.2 6355.80 433.35 6.82
2428.5 6327.75 448.89 7.09
2430.8 6349.25 408.75 6.44
2433.1 6300.57 409.34 6.50
2435.4 6204.86 414.03 6.67
2437.6 6227.24 402.84 6.47
2439.9 6165.27 409.90 6.65
2442.2 6149.09 420.94 6.85
2444.4 6162.60 396.29 6.43
2446.7 6079.44 362.08 5.96
2448.9 6081.55 414.52 6.82
2451.2 6103.04 423.16 6.93
2453.4 6038.72 379.68 6.29
2455.7 6026.93 407.47 6.76
2457.9 5958.48 421.25 7.07
2460.2 5949.23 376.07 6.32
2462.4 5977.92 355.68 5.95
2464.7 5891.98 353.27 6.00
2466.9 5829.36 346.68 5.95
2469.2 5872.39 375.94 6.40
2471.4 5796.90 354.51 6.12
2473.6 5737.62 341.45 5.95
2475.9 5730.24 386.08 6.74
2478.1 5663.45 362.08 6.39
2480.3 5645.91 285.43 5.06
2482.5 5682.93 350.27 6.16
2484.8 5614.17 400.49 7.13
2487.0 5547.59 370.33 6.68
2489.2 5555.75 339.23 6.11
2491.4 5471.72 322.77 5.90
2493.6 5479.00 313.53 5.72
2495.8 5550.75 300.90 5.42
2498.0 5512.53 308.05 5.59
2500.2 5509.95 320.15 5.81
2502.4 5736.48 390.72 6.81
2504.6 5803.02 347.43 5.99
2506.8 5806.03 243.54 4.19
