/*** Spectra Vista SIG Data ***/
name= \My Documents\HR1024_Data\GS1.
instrument= HR: 1091052
integration= 200, 60, 30, 200, 60, 30
scan time= 1, 1
scan settings= AD, AI, AD, AI
external data set1= 8224, 8224, 8224, 8224, 8224, 8224, 8224, 8224, 8224, 8224, 8224, 8224, 8224, 8224, 8224, 8224
external data set2= 8224, 8224, 8224, 8224, 8224, 8224, 8224, 8224, 8224, 8224, 8224, 8224, 8224, 8224, 8224, 8224
external data dark= 0,0,0,0,0,0,0,0
external data mask= 0
optic= LENS4 , LENS4 
temp= 31.05, 8.88, -5.37, 40.80, 8.94, -5.37
battery= 7.7, 7.1
error= 0, 0
units= Radiance, Radiance
time= 1/12/08 9:49:29 AM, 1/12/08 10:17:20 AM
longitude= , 
latitude= , 
gpstime= , 
comm= 
memory slot= 0, 0
factors= 
data= 
346.4 468.20 222.95 47.62
347.9 473.76 229.04 48.34
349.5 521.04 221.52 42.51
351.1 558.48 230.88 41.34
352.6 585.06 234.03 40.00
354.2 625.05 258.53 41.36
355.7 673.50 255.93 38.00
357.3 724.71 263.53 36.36
358.8 751.43 258.63 34.42
360.4 798.47 284.92 35.68
361.9 821.87 275.12 33.47
363.5 851.78 283.93 33.33
365.1 887.68 284.34 32.03
366.6 918.37 286.56 31.20
368.2 973.68 282.03 28.97
369.7 1008.89 280.79 27.83
371.3 1073.36 302.91 28.22
372.8 1148.72 298.80 26.01
374.4 1191.49 300.38 25.21
375.9 1247.87 311.14 24.93
377.4 1278.23 308.99 24.17
379.0 1330.29 318.25 23.92
380.5 1360.26 316.98 23.30
382.1 1412.49 316.19 22.38
383.6 1460.03 303.35 20.78
385.2 1529.00 316.25 20.68
386.7 1608.26 319.49 19.87
388.3 1679.42 342.41 20.39
389.8 1759.55 348.62 19.81
391.3 1843.67 359.27 19.49
392.9 1897.62 369.85 19.49
394.4 1955.58 382.81 19.58
395.9 2019.02 408.20 20.22
397.5 2131.80 419.90 19.70
399.0 2240.25 410.97 18.34
400.6 2303.62 418.84 18.18
402.1 2342.64 410.22 17.51
403.6 2375.92 407.58 17.15
405.1 2451.81 413.59 16.87
406.7 2542.40 432.32 17.00
408.2 2650.73 445.50 16.81
409.7 2746.24 456.96 16.64
411.3 2843.51 484.25 17.03
412.8 2936.43 511.92 17.43
414.3 3034.90 536.00 17.66
415.8 3152.50 557.50 17.68
417.4 3253.58 576.84 17.73
418.9 3339.60 604.67 18.11
420.4 3424.70 615.65 17.98
421.9 3487.22 629.20 18.04
423.5 3546.87 632.79 17.84
425.0 3613.98 651.78 18.03
426.5 3695.85 660.05 17.86
428.0 3801.23 665.01 17.49
429.5 3926.30 689.28 17.56
431.1 4071.24 708.21 17.40
432.6 4225.66 730.55 17.29
434.1 4373.60 758.45 17.34
435.6 4514.36 781.74 17.32
437.1 4642.95 813.15 17.51
438.6 4769.06 835.13 17.51
440.1 4906.69 878.25 17.90
441.6 5042.30 901.13 17.87
443.1 5179.95 941.63 18.18
444.7 5318.34 978.18 18.39
446.2 5433.01 1023.03 18.83
447.7 5551.25 1057.18 19.04
449.2 5676.48 1101.60 19.41
450.7 5788.64 1133.60 19.58
452.2 5916.62 1169.18 19.76
453.7 6028.91 1208.76 20.05
455.2 6201.73 1251.12 20.17
456.7 6390.56 1300.64 20.35
458.2 6607.30 1357.81 20.55
459.7 6823.25 1394.75 20.44
461.2 7031.76 1449.07 20.61
462.7 7219.07 1485.70 20.58
464.2 7396.86 1526.22 20.63
465.7 7583.22 1569.59 20.70
467.2 7742.35 1601.60 20.69
468.7 7912.00 1654.00 20.90
470.2 8015.91 1700.48 21.21
471.7 8177.13 1738.50 21.26
473.2 8446.52 1766.84 20.92
474.6 8688.33 1806.07 20.79
476.1 8747.12 1831.68 20.94
477.6 8779.39 1875.29 21.36
479.1 8829.54 1899.25 21.51
480.6 8916.06 1914.98 21.48
482.1 9046.91 1952.85 21.59
483.6 9204.08 1990.58 21.63
485.1 9394.00 2039.84 21.71
486.6 9626.34 2108.80 21.91
488.0 9867.00 2185.63 22.15
489.5 10130.90 2272.31 22.43
491.0 10387.73 2360.70 22.73
492.5 10649.88 2476.98 23.26
494.0 10928.34 2596.38 23.76
495.4 11158.95 2722.50 24.40
496.9 11406.10 2869.06 25.15
498.4 11649.48 3024.50 25.96
499.9 11878.23 3192.83 26.88
501.4 12101.58 3373.09 27.87
502.8 12308.24 3578.68 29.08
504.3 12497.40 3790.80 30.33
505.8 12681.02 4020.50 31.70
507.2 12808.72 4241.86 33.12
508.7 12896.48 4476.00 34.71
510.2 12964.78 4723.19 36.43
511.6 13008.39 4963.21 38.15
513.1 13093.74 5232.26 39.96
514.6 13195.49 5525.19 41.87
516.0 13281.41 5809.17 43.74
517.5 13429.99 6134.58 45.68
519.0 13603.01 6472.58 47.58
520.5 13772.72 6820.76 49.52
521.9 13993.28 7190.14 51.38
523.4 14243.35 7563.49 53.10
524.8 14493.24 7940.85 54.79
526.3 14778.04 8323.26 56.32
527.8 15074.01 8698.39 57.70
529.2 15339.71 9038.06 58.92
530.7 15629.94 9384.51 60.04
532.1 15903.48 9697.36 60.98
533.6 16214.37 10031.01 61.86
535.0 16534.98 10349.96 62.59
536.5 16856.03 10652.56 63.20
538.0 17178.24 10960.88 63.81
539.4 17501.02 11242.30 64.24
540.9 17879.62 11555.54 64.63
542.3 18237.67 11825.39 64.84
543.8 18504.51 12056.58 65.15
545.2 18600.74 12180.51 65.48
546.6 18637.00 12274.32 65.86
548.1 18690.38 12356.52 66.11
549.5 18745.60 12414.68 66.23
551.0 18790.92 12479.86 66.41
552.4 18868.34 12547.91 66.50
553.9 18922.09 12583.70 66.50
555.3 18999.63 12621.96 66.43
556.8 19143.87 12670.71 66.19
558.2 19276.31 12723.75 66.01
559.6 19441.66 12770.52 65.69
561.1 19660.88 12844.00 65.33
562.5 19883.82 12928.97 65.02
564.0 20177.05 13035.04 64.60
565.4 20444.07 13103.64 64.10
566.8 20774.24 13198.99 63.54
568.3 21077.79 13251.46 62.87
569.7 21403.31 13310.41 62.19
571.1 21706.83 13327.94 61.40
572.6 22010.94 13342.32 60.62
574.0 22299.75 13355.10 59.89
575.4 22570.31 13356.56 59.18
576.9 22820.49 13354.11 58.52
578.3 23040.88 13329.39 57.85
579.7 23243.15 13311.48 57.27
581.1 23410.31 13266.61 56.67
582.6 23592.46 13241.31 56.13
584.0 23735.52 13207.60 55.64
585.4 23971.18 13203.00 55.08
586.8 24286.87 13247.39 54.55
588.3 24642.54 13309.92 54.01
589.7 24935.04 13373.10 53.63
591.1 25126.37 13390.42 53.29
592.5 25213.30 13357.80 52.98
594.0 25248.06 13306.68 52.70
595.4 25246.58 13239.14 52.44
596.8 25248.80 13193.90 52.26
598.2 25256.70 13132.64 52.00
599.6 25254.00 13076.19 51.78
601.0 25321.45 13046.96 51.53
602.4 25392.58 13005.38 51.22
603.9 25508.50 12979.56 50.88
605.3 25652.08 12952.35 50.49
606.7 25770.60 12909.60 50.09
608.1 26003.60 12889.64 49.57
609.5 26249.20 12874.58 49.05
610.9 26543.12 12876.17 48.51
612.3 26820.62 12851.72 47.92
613.7 27191.20 12862.52 47.30
615.1 27470.34 12807.72 46.62
616.5 27748.85 12777.41 46.05
617.9 28163.94 12808.78 45.48
619.3 28559.37 12867.29 45.05
620.7 29021.55 12966.84 44.68
622.1 29524.34 13053.95 44.21
623.5 30070.32 13134.97 43.68
624.9 30686.25 13241.03 43.15
626.3 31117.56 13240.00 42.55
627.7 30854.43 12957.21 41.99
629.1 30617.27 12638.33 41.28
630.5 30534.25 12477.52 40.86
631.9 30583.88 12443.29 40.69
633.3 30636.73 12489.05 40.76
634.7 30802.72 12567.91 40.80
636.1 30887.16 12555.01 40.65
637.5 30991.21 12505.19 40.35
638.9 31137.59 12450.95 39.99
640.2 31275.86 12361.28 39.52
641.6 31334.94 12214.80 38.98
643.0 31307.82 12026.90 38.42
644.4 31297.86 11843.28 37.84
645.8 31223.60 11611.04 37.19
647.2 31327.01 11448.45 36.54
648.5 31378.61 11273.59 35.93
649.9 31215.99 11070.35 35.46
651.3 31061.55 10888.50 35.05
652.7 30880.50 10707.45 34.67
654.1 30705.72 10356.60 33.73
655.5 30448.41 9934.61 32.63
656.8 30219.54 9552.85 31.61
658.2 30347.48 9275.65 30.56
659.6 30667.01 9063.67 29.56
660.9 30915.41 8834.82 28.58
662.3 31175.28 8596.13 27.57
663.7 31418.10 8358.00 26.60
665.0 31622.76 8123.83 25.69
666.4 31821.65 7919.28 24.89
667.8 32088.83 7776.12 24.23
669.1 32304.87 7629.90 23.62
670.5 32567.66 7534.78 23.14
671.9 32723.64 7456.20 22.79
673.2 32957.22 7437.67 22.57
674.6 33165.65 7465.82 22.51
676.0 33416.99 7539.76 22.56
677.3 33670.84 7659.32 22.75
678.7 33959.63 7826.38 23.05
680.0 34360.72 8131.74 23.67
681.4 34770.40 8532.94 24.54
682.8 35166.95 9036.30 25.70
684.1 35575.02 9720.36 27.32
685.5 35948.61 10549.38 29.35
686.8 36307.14 11537.40 31.78
688.2 36654.12 12687.68 34.61
689.5 36792.82 13944.22 37.90
690.9 36894.22 15349.07 41.60
692.2 37000.50 16827.45 45.48
693.6 37086.31 18398.66 49.61
694.9 37102.94 19977.72 53.84
696.2 37172.03 21566.81 58.02
697.6 37238.58 23138.91 62.14
698.9 37321.68 24673.44 66.11
700.3 37412.04 26139.30 69.87
701.6 37521.51 27541.18 73.40
703.0 37648.39 28882.53 76.72
704.3 37727.46 30089.15 79.75
705.6 37779.39 31208.94 82.61
707.0 37853.11 32257.56 85.22
708.3 37804.36 33130.03 87.64
709.6 37779.31 33954.07 89.87
711.0 37700.05 34651.10 91.91
712.3 37603.29 35284.94 93.83
713.6 37599.66 35950.32 95.61
714.9 37564.50 36509.85 97.19
716.3 37606.65 37110.73 98.68
717.6 37655.10 37694.23 100.10
718.9 37643.31 38141.20 101.32
720.2 37519.65 38440.71 102.45
721.6 37437.79 38720.50 103.43
722.9 37295.06 38958.72 104.46
724.2 37099.21 39066.83 105.30
725.5 36957.59 39215.37 106.11
726.8 36833.83 39317.93 106.74
728.1 36764.75 39467.13 107.35
729.5 36694.32 39583.74 107.87
730.8 36660.60 39699.23 108.29
732.1 36590.42 39739.44 108.61
733.4 36549.03 39812.00 108.93
734.7 36509.02 39873.70 109.22
736.0 36510.50 39988.33 109.53
737.3 36452.29 40044.00 109.85
738.6 36538.42 40231.82 110.11
739.9 36706.85 40519.43 110.39
741.2 36841.35 40750.71 110.61
742.5 37078.82 41119.56 110.90
743.8 37494.19 41683.95 111.17
745.1 38118.44 42485.36 111.46
746.4 38876.11 43379.70 111.58
747.7 39639.96 44246.30 111.62
749.0 40400.48 45077.48 111.58
750.3 40850.46 45523.73 111.44
751.6 40764.46 45437.43 111.46
752.9 40356.61 45017.69 111.55
754.2 39863.99 44551.19 111.76
755.4 39350.05 44074.44 112.01
756.7 39155.03 43959.01 112.27
758.0 39142.09 44039.42 112.51
759.3 39351.46 44358.60 112.72
760.6 39645.76 44773.96 112.94
761.9 39928.94 45172.58 113.13
763.1 40078.15 45392.22 113.26
764.4 40287.45 45690.07 113.41
765.7 40433.25 45886.75 113.49
767.0 40515.07 46050.06 113.66
768.2 40595.52 46176.48 113.75
769.5 40644.33 46290.04 113.89
770.8 40787.04 46498.34 114.00
772.0 40799.41 46528.13 114.04
773.3 40833.29 46630.55 114.20
774.6 40907.98 46769.29 114.33
775.8 40955.53 46868.25 114.44
777.1 40964.33 46911.44 114.52
778.4 40867.87 46850.90 114.64
779.6 40816.98 46841.67 114.76
780.9 40688.00 46772.00 114.95
782.1 40484.72 46626.05 115.17
783.4 40464.32 46637.76 115.26
784.6 40463.12 46694.80 115.40
785.9 40670.74 47070.84 115.74
787.1 41171.80 47743.47 115.96
788.4 41528.97 48171.24 115.99
789.6 41482.13 48026.93 115.78
790.9 41134.16 47525.86 115.54
792.1 40655.28 47023.68 115.66
793.4 40180.32 46544.76 115.84
794.6 39846.60 46176.84 115.89
795.8 39587.54 45891.14 115.92
797.1 39290.10 45599.03 116.06
798.3 39054.26 45411.30 116.28
799.5 38943.25 45301.88 116.33
800.8 38778.22 45175.00 116.50
802.0 38618.88 45032.76 116.61
803.2 38465.20 44856.48 116.62
804.5 38332.71 44727.53 116.68
805.7 38219.65 44609.94 116.72
806.9 38073.35 44444.55 116.73
808.1 37984.05 44371.35 116.82
809.4 37906.28 44304.15 116.88
810.6 37824.15 44244.20 116.97
811.8 37796.29 44243.51 117.06
813.0 37827.58 44305.72 117.13
814.2 37840.50 44371.46 117.26
815.4 37955.24 44490.48 117.22
816.6 38027.91 44518.29 117.07
817.9 38102.35 44579.28 117.00
819.1 38072.96 44480.77 116.83
820.3 37949.69 44306.72 116.75
821.5 37894.61 44180.14 116.59
822.7 37866.54 44090.04 116.44
823.9 37906.28 44072.17 116.27
825.1 37943.15 44042.30 116.07
826.3 38020.73 44035.00 115.82
827.5 38108.05 44042.54 115.57
828.7 38176.32 44031.36 115.34
829.9 38262.68 44001.17 115.00
831.0 38386.63 44043.08 114.74
832.2 38533.16 44117.14 114.49
833.4 38634.36 44175.49 114.34
834.6 38746.88 44273.44 114.26
835.8 38872.58 44325.23 114.03
837.0 39026.76 44452.17 113.90
838.1 39200.00 44624.50 113.84
839.3 39334.99 44740.69 113.74
840.5 39499.16 44892.58 113.65
841.7 39675.29 45084.87 113.63
842.9 39834.34 45246.70 113.59
844.0 40002.80 45431.02 113.57
845.2 40188.33 45635.10 113.55
846.4 40315.24 45779.07 113.55
847.5 40575.08 46031.62 113.45
848.7 40794.29 46232.03 113.33
849.9 41043.27 46415.66 113.09
851.0 41176.72 46457.73 112.83
852.2 41283.01 46548.67 112.76
853.3 41336.03 46529.78 112.56
854.5 41385.60 46492.94 112.34
855.6 41408.01 46503.36 112.31
856.8 41491.09 46547.57 112.19
857.9 41535.42 46527.28 112.02
859.1 41657.80 46686.00 112.07
860.2 41711.76 46710.64 111.98
861.4 41789.90 46724.72 111.81
862.5 41857.52 46791.05 111.79
863.7 41978.22 46881.36 111.68
864.8 42001.40 46909.10 111.68
865.9 42003.19 46807.41 111.44
867.1 42077.89 46836.90 111.31
868.2 42118.25 46832.04 111.19
869.3 42153.63 46809.93 111.05
870.5 42092.46 46720.13 110.99
871.6 42122.53 46680.24 110.82
872.7 42223.14 46761.52 110.75
873.9 42262.83 46749.33 110.62
875.0 42247.20 46716.24 110.58
876.1 42225.11 46677.15 110.54
877.2 42279.84 46650.37 110.34
878.3 42302.12 46555.43 110.05
879.4 42284.06 46537.63 110.06
880.5 42343.92 46517.04 109.86
881.7 42326.05 46432.75 109.70
882.8 42351.34 46443.47 109.66
883.9 42430.09 46388.48 109.33
885.0 42357.32 46225.73 109.13
886.1 42357.47 46133.31 108.91
887.2 42241.92 45959.64 108.80
888.3 42147.85 45717.87 108.47
889.4 42045.32 45536.35 108.30
890.5 41945.29 45412.22 108.27
891.6 41864.40 45247.84 108.08
892.7 41844.69 45183.22 107.98
893.8 41881.85 45170.62 107.85
894.9 41879.31 45138.72 107.78
896.0 41812.69 45006.46 107.64
897.0 41850.92 44980.74 107.48
898.1 41821.61 44923.64 107.42
899.2 41852.54 44888.04 107.25
900.3 41747.94 44724.57 107.13
901.4 41622.41 44573.22 107.09
902.4 41658.53 44575.29 107.00
903.5 41604.82 44390.52 106.70
904.6 41550.72 44348.14 106.73
905.7 41565.54 44309.71 106.60
906.7 41536.49 44263.19 106.56
907.8 41558.34 44173.29 106.29
908.9 41493.73 44010.56 106.07
909.9 41451.58 43941.01 106.01
911.0 41358.23 43761.07 105.81
912.1 41297.17 43618.23 105.62
913.1 41189.72 43481.88 105.56
914.2 41099.85 43224.34 105.17
915.2 41068.89 43176.78 105.13
916.3 41034.15 43064.25 104.95
917.3 40975.74 42925.52 104.76
918.4 40862.80 42694.30 104.48
919.4 40836.29 42527.13 104.14
920.5 40782.84 42373.66 103.90
921.5 40833.45 42272.79 103.52
922.6 40729.18 42077.34 103.31
923.6 40739.49 41942.09 102.95
924.7 40774.75 41817.50 102.56
925.7 40746.72 41604.66 102.11
926.7 40808.40 41521.45 101.75
927.8 40839.01 41326.64 101.19
928.8 40966.59 41212.77 100.60
929.9 41048.46 41138.90 100.22
930.9 41217.18 41091.58 99.70
931.9 41378.61 41101.83 99.33
932.9 41679.25 41190.68 98.83
934.0 41702.58 41058.12 98.45
935.0 41757.18 40908.84 97.97
936.0 41670.71 40604.66 97.44
937.0 41632.50 40371.63 96.97
938.1 41580.55 40111.31 96.47
939.1 41508.45 39898.10 96.12
940.1 41591.64 39770.64 95.62
941.1 41779.29 39724.77 95.08
942.1 41991.60 39692.06 94.52
943.1 42156.63 39607.45 93.95
944.1 42391.18 39588.24 93.39
945.2 42445.20 39398.52 92.82
946.2 42493.04 39234.50 92.33
947.2 42572.63 39095.13 91.83
948.2 42750.54 38929.64 91.06
949.2 42846.38 38757.88 90.46
950.2 42880.60 38511.05 89.81
951.2 42968.52 38284.68 89.10
952.2 43001.40 38091.11 88.58
953.2 43164.71 37959.51 87.94
954.2 43310.48 37762.88 87.19
955.2 43368.34 37561.31 86.61
956.2 43301.73 37321.52 86.19
957.2 43392.87 37230.38 85.80
958.2 43492.10 37034.33 85.15
959.2 43506.45 37012.95 85.07
960.1 43588.22 36831.28 84.50
961.1 43692.83 36851.68 84.34
962.1 43658.44 36711.56 84.09
963.1 43782.00 36813.37 84.08
964.1 43817.42 36719.97 83.80
965.1 43908.74 36887.95 84.01
966.1 44007.38 36866.27 83.77
967.0 44141.86 36859.06 83.50
968.0 44131.86 36773.09 83.33
969.0 44255.20 36829.40 83.22
970.0 44255.36 36993.51 83.59
971.0 44316.83 36934.49 83.34
971.9 44400.90 37032.24 83.40
972.9 44577.14 37004.19 83.01
973.9 44494.78 36972.00 83.09
974.9 44573.29 36951.39 82.90
975.8 44702.44 37095.93 82.98
976.8 44666.28 37136.91 83.14
977.8 44950.93 37209.56 82.78
978.8 44877.90 37284.75 83.08
979.7 45104.10 37366.73 82.85
980.7 45212.81 37617.69 83.20
981.7 45433.99 37694.99 82.97
982.6 45657.51 37975.91 83.18
983.6 46147.45 38429.41 83.28
984.6 46551.05 38762.36 83.27
985.5 47031.84 39055.68 83.04
986.5 47664.14 39838.68 83.58
987.5 48852.12 40694.82 83.30
988.4 49722.20 41399.60 83.26
989.4 51183.38 42195.08 82.44
990.4 52549.20 43645.03 83.06
991.3 54023.93 43969.01 81.39
992.3 54777.10 45778.01 83.57
993.2 55874.36 46674.16 83.53
994.2 57686.85 48072.38 83.33
995.2 57633.14 48400.64 83.98
996.1 59292.71 47678.67 80.41
997.1 59931.56 48531.54 80.98
998.0 60640.20 48991.80 80.79
999.0 59258.53 49502.55 83.54
1000.0 60377.42 49126.97 81.37
1000.9 59810.48 49186.25 82.24
1001.9 59598.95 48246.77 80.95
1002.8 60212.52 48504.53 80.56
1003.8 59788.51 47132.55 78.83
1004.8 59326.80 47461.44 80.00
961.5 55398.21 41669.51 75.22
965.5 54418.85 41368.56 76.02
969.5 52458.23 40471.46 77.15
973.4 50487.36 39443.25 78.13
977.4 48611.32 38570.10 79.34
981.4 47578.80 38223.74 80.34
985.3 47203.20 38287.04 81.11
989.3 47137.31 38578.53 81.84
993.3 47133.16 38904.86 82.54
997.2 47029.21 39136.09 83.22
1001.2 46955.35 39383.24 83.87
1005.2 46914.32 39703.84 84.63
1009.1 47038.13 40225.67 85.52
1013.1 47236.75 40843.17 86.46
1017.1 47375.30 41438.21 87.47
1021.0 47429.61 41929.15 88.40
1025.0 47461.87 42369.80 89.27
1029.0 47354.18 42702.69 90.18
1032.9 47271.77 43039.75 91.05
1036.9 47308.70 43502.85 91.96
1040.9 47476.08 44087.49 92.86
1044.8 47747.63 44721.27 93.66
1048.8 47970.59 45259.17 94.35
1052.7 48104.60 45712.39 95.03
1056.7 48183.46 46040.08 95.55
1060.7 48250.82 46273.75 95.90
1064.6 48272.17 46441.86 96.21
1068.6 48190.54 46447.51 96.38
1072.5 48116.11 46396.56 96.43
1076.5 48076.67 46330.27 96.37
1080.4 48048.88 46214.66 96.18
1084.4 48150.59 46121.40 95.79
1088.3 48279.53 46007.75 95.29
1092.3 48252.92 45706.69 94.72
1096.2 48221.83 45359.06 94.06
1100.2 48245.69 45085.03 93.45
1104.1 48124.97 44665.54 92.81
1108.1 48059.38 44263.94 92.10
1112.0 47955.87 43798.68 91.33
1116.0 47754.46 43198.68 90.46
1119.9 47569.76 42519.28 89.38
1123.9 47623.80 41897.35 87.98
1127.8 47592.96 40953.60 86.05
1131.8 47556.42 39742.11 83.57
1135.7 47568.82 38361.09 80.64
1139.6 47554.30 36825.77 77.44
1143.6 47510.71 35340.07 74.38
1147.5 47481.98 34093.95 71.80
1151.4 47337.52 33068.72 69.86
1155.4 47322.86 32422.27 68.51
1159.3 47329.81 32018.62 67.65
1163.2 47159.49 31642.86 67.10
1167.2 47113.86 31438.74 66.73
1171.1 47117.13 31298.06 66.43
1175.0 47022.16 31140.53 66.23
1179.0 46962.63 31013.39 66.04
1182.9 47045.30 30948.02 65.78
1186.8 47019.62 30831.80 65.57
1190.7 46784.64 30584.07 65.37
1194.7 46508.35 30322.92 65.20
1198.6 46264.68 30152.43 65.17
1202.5 46100.54 30063.62 65.21
1206.4 45962.62 30003.43 65.28
1210.3 45829.98 30008.54 65.48
1214.2 45707.13 30015.62 65.67
1218.2 45554.16 30021.84 65.90
1222.1 45384.95 30061.23 66.24
1226.0 45257.55 30114.71 66.54
1229.9 45156.00 30178.20 66.83
1233.8 45033.17 30223.54 67.11
1237.7 44950.68 30289.09 67.38
1241.6 44841.64 30322.31 67.62
1245.5 44683.61 30294.59 67.80
1249.4 44538.65 30276.46 67.98
1253.3 44401.40 30271.92 68.18
1257.2 44324.52 30259.93 68.27
1261.1 44209.48 30206.84 68.33
1265.0 44086.55 30125.90 68.33
1268.9 43910.05 29972.44 68.26
1272.8 43969.80 29953.50 68.12
1276.7 44155.69 29982.61 67.90
1280.6 44249.88 29913.10 67.60
1284.5 44188.89 29698.70 67.21
1288.4 44167.03 29469.73 66.72
1292.3 44060.50 29147.25 66.15
1296.2 43934.23 28790.11 65.53
1300.1 43787.98 28365.38 64.78
1303.9 43564.57 27833.43 63.89
1307.8 43339.22 27253.59 62.88
1311.7 43109.06 26658.80 61.84
1315.6 42877.90 26057.50 60.77
1319.5 42633.84 25399.10 59.57
1323.3 42417.44 24726.50 58.29
1327.2 42218.70 24060.74 56.99
1331.1 42002.86 23393.25 55.69
1335.0 41739.72 22705.72 54.40
1338.8 41543.11 22083.98 53.16
1342.7 41389.31 21520.39 52.00
1346.5 41042.00 20870.27 50.85
1350.4 40741.74 20286.96 49.79
1354.3 40332.24 19668.22 48.77
1358.1 39895.31 19055.20 47.76
1362.0 39644.33 18541.80 46.77
1365.8 39567.12 18089.06 45.72
1369.7 39683.68 17683.91 44.56
1373.5 39615.26 17075.76 43.10
1377.4 39354.79 16219.05 41.21
1381.2 39167.92 15248.92 38.93
1385.1 39160.09 14302.35 36.52
1389.0 39060.88 13333.82 34.14
1392.8 38834.72 12354.67 31.81
1396.6 38680.88 11461.56 29.63
1400.5 38476.57 10649.59 27.68
1404.3 38299.58 9987.78 26.08
1408.2 38263.03 9497.47 24.82
1412.0 38218.70 9115.57 23.85
1415.8 38249.29 8848.61 23.13
1419.6 38208.11 8625.35 22.57
1423.5 38172.20 8452.10 22.14
1427.3 38125.77 8320.94 21.82
1431.1 38099.78 8221.20 21.58
1434.9 38010.73 8135.05 21.40
1438.8 37949.80 8083.98 21.30
1442.6 37913.52 8048.00 21.23
1446.4 37795.09 7998.35 21.16
1450.2 37700.99 7974.06 21.15
1454.0 37583.52 7957.20 21.17
1457.8 37547.69 7966.87 21.22
1461.6 37527.24 7996.82 21.31
1465.4 37404.28 8033.26 21.48
1469.2 37216.73 8073.98 21.69
1473.0 37080.95 8142.55 21.96
1476.8 37019.78 8260.03 22.31
1480.7 36949.43 8393.56 22.72
1484.4 36826.56 8529.48 23.16
1488.2 36723.96 8698.20 23.69
1492.0 36584.11 8870.87 24.25
1495.8 36452.33 9031.75 24.78
1499.6 36350.05 9170.70 25.23
1503.4 36216.75 9277.84 25.62
1507.2 36087.28 9335.19 25.87
1510.9 35929.91 9280.62 25.83
1514.7 35749.31 9175.95 25.67
1518.5 35615.65 9252.01 25.98
1522.3 35466.30 9528.12 26.87
1526.0 35355.47 9795.43 27.71
1529.8 35294.61 9975.24 28.26
1533.6 35159.29 10095.36 28.71
1537.3 35020.99 10218.66 29.18
1541.1 34889.16 10354.53 29.68
1544.8 34754.40 10476.00 30.14
1548.6 34607.98 10575.20 30.56
1552.4 34514.76 10683.14 30.95
1556.1 34455.77 10784.75 31.30
1559.9 34373.05 10868.76 31.62
1563.6 34243.93 10958.34 32.00
1567.3 34122.03 11072.87 32.45
1571.1 33904.82 11147.18 32.88
1574.8 33749.79 11240.38 33.31
1578.6 33637.37 11343.00 33.72
1582.3 33496.17 11397.92 34.03
1586.0 33359.51 11440.90 34.30
1589.8 33217.24 11486.24 34.58
1593.5 33051.52 11515.19 34.84
1597.2 32917.71 11553.61 35.10
1600.9 32767.31 11589.67 35.37
1604.7 32613.52 11618.51 35.62
1608.4 32493.03 11654.66 35.87
1612.1 32320.35 11680.98 36.14
1615.8 32161.00 11710.00 36.41
1619.5 32072.28 11760.80 36.67
1623.2 31915.49 11782.73 36.92
1626.9 31725.78 11778.19 37.12
1630.6 31537.44 11782.98 37.36
1634.3 31397.73 11792.59 37.56
1638.0 31241.74 11775.32 37.69
1641.7 31050.65 11740.98 37.81
1645.4 30870.63 11699.48 37.90
1649.1 30683.95 11645.47 37.95
1652.8 30504.58 11584.26 37.98
1656.4 30322.32 11519.32 37.99
1660.1 30158.02 11465.15 38.02
1663.8 29966.42 11400.42 38.04
1667.5 29809.99 11347.15 38.06
1671.1 29676.54 11296.90 38.07
1674.8 29472.79 11212.40 38.04
1678.5 29413.48 11180.21 38.01
1682.1 29419.35 11152.52 37.91
1685.8 29417.21 11108.51 37.76
1689.5 29310.65 11030.48 37.63
1693.1 29167.59 10932.81 37.48
1696.8 29020.13 10818.13 37.28
1700.4 28874.60 10692.80 37.03
1704.0 28754.23 10579.82 36.79
1707.7 28493.62 10397.35 36.49
1711.3 28200.13 10197.76 36.16
1715.0 27991.44 10051.76 35.91
1718.6 27822.35 9917.04 35.64
1722.2 27677.55 9778.89 35.33
1725.9 27527.50 9644.76 35.04
1729.5 27386.37 9527.05 34.79
1733.1 27262.24 9447.26 34.65
1736.7 27144.69 9382.49 34.56
1740.3 26982.07 9278.23 34.39
1744.0 26899.89 9186.26 34.15
1747.5 26760.07 9059.50 33.85
1751.2 26551.35 8903.80 33.53
1754.8 26397.18 8762.49 33.19
1758.4 26262.14 8639.62 32.90
1762.0 26085.49 8512.01 32.63
1765.5 25956.49 8414.06 32.42
1769.1 25915.20 8366.40 32.28
1772.7 25841.75 8313.71 32.17
1776.3 25724.16 8236.12 32.02
1779.9 25608.69 8162.71 31.87
1783.5 25553.92 8112.08 31.74
1787.0 25434.82 8054.28 31.67
1790.6 25293.30 7990.00 31.59
1794.2 25193.03 7944.09 31.53
1797.8 25095.48 7918.68 31.55
1801.3 25012.46 7891.84 31.55
1804.9 24871.88 7838.25 31.51
1808.4 24792.34 7820.17 31.54
1812.0 24660.35 7781.19 31.55
1815.5 24519.60 7722.84 31.50
1819.1 24324.68 7659.19 31.49
1822.6 24164.48 7604.61 31.47
1826.2 24042.90 7554.33 31.42
1829.7 23859.90 7483.99 31.37
1833.2 23612.46 7387.19 31.29
1836.8 23400.20 7293.65 31.17
1840.3 23257.80 7233.57 31.10
1843.8 23131.92 7192.71 31.09
1847.3 23013.03 7170.94 31.16
1850.8 22865.47 7124.54 31.16
1854.3 22692.74 7011.39 30.90
1857.8 22594.00 6848.40 30.31
1861.3 22615.25 6625.33 29.30
1864.8 22605.64 6325.83 27.98
1868.3 22468.36 5905.38 26.28
1871.8 22341.12 5460.48 24.44
1875.3 22323.21 5105.10 22.87
1878.8 22320.32 4826.02 21.62
1882.3 22237.89 4519.64 20.32
1885.8 22045.10 4176.12 18.94
1889.3 21861.76 3945.29 18.05
1892.7 21710.01 3780.66 17.41
1896.2 21503.16 3665.86 17.05
1899.7 21232.37 3615.18 17.03
1903.1 21059.81 3673.82 17.44
1906.6 21101.81 3883.37 18.40
1910.0 21348.35 4148.75 19.43
1913.5 21771.66 4565.92 20.97
1917.0 22339.63 5243.35 23.47
1920.4 22881.38 5824.35 25.45
1923.8 23136.14 6176.86 26.70
1871.2 20260.60 4658.79 22.99
1873.9 20445.79 4563.79 22.32
1876.7 20658.97 4333.49 20.98
1879.5 20770.50 4048.17 19.49
1882.3 20488.21 3816.17 18.63
1885.1 20498.36 3637.64 17.75
1887.8 20542.45 3405.87 16.58
1890.6 20318.11 3227.82 15.89
1893.4 20320.67 3087.33 15.19
1896.2 20203.65 2950.09 14.60
1898.9 20201.38 2954.73 14.63
1901.7 20074.51 2880.38 14.35
1904.5 20223.67 2798.41 13.84
1907.2 20168.50 2774.00 13.75
1910.0 20030.00 2732.35 13.64
1912.7 20048.69 2678.23 13.36
1915.5 19979.54 2660.68 13.32
1918.2 19877.64 2615.76 13.16
1921.0 19705.09 2544.37 12.91
1923.7 19733.20 2557.95 12.96
1926.5 19715.86 2559.74 12.98
1929.2 19701.76 2558.92 12.99
1932.0 19674.16 2569.08 13.06
1934.7 19635.47 2535.73 12.91
1937.4 19518.79 2521.66 12.92
1940.2 19475.71 2557.01 13.13
1942.9 19573.26 2576.07 13.16
1945.6 19572.62 2585.12 13.21
1948.3 19494.00 2587.17 13.27
1951.1 19465.67 2594.62 13.33
1953.8 19476.00 2610.00 13.40
1956.5 19368.67 2626.62 13.56
1959.2 19423.04 2640.17 13.59
1961.9 19438.54 2658.16 13.67
1964.6 19331.55 2689.40 13.91
1967.3 19375.30 2726.37 14.07
1970.0 19228.16 2705.44 14.07
1972.8 19159.08 2721.04 14.20
1975.5 19219.42 2762.77 14.37
1978.2 19120.16 2765.24 14.46
1980.9 19002.89 2780.91 14.63
1983.5 18950.70 2803.63 14.79
1986.2 18944.10 2822.70 14.90
1988.9 18909.18 2845.98 15.05
1991.6 18787.78 2864.80 15.25
1994.3 18678.85 2865.23 15.34
1997.0 18669.58 2906.40 15.57
1999.7 18631.37 2934.84 15.75
2002.3 18617.79 2934.20 15.76
2005.0 18540.12 2962.97 15.98
2007.7 18469.93 2989.93 16.19
2010.4 18400.48 3003.46 16.32
2013.0 18316.11 3012.86 16.45
2015.7 18226.45 3023.53 16.59
2018.4 18129.14 3046.58 16.80
2021.0 18062.50 3068.50 16.99
2023.7 17946.51 3064.11 17.07
2026.4 17902.73 3078.62 17.20
2029.0 17806.29 3118.14 17.51
2031.7 17677.40 3095.52 17.51
2034.3 17722.47 3106.78 17.53
2037.0 17610.64 3141.54 17.84
2039.6 17527.07 3136.87 17.90
2042.3 17481.88 3150.95 18.02
2044.9 17393.81 3164.04 18.19
2047.5 17348.93 3161.24 18.22
2050.2 17253.60 3150.00 18.26
2052.8 17214.40 3186.40 18.51
2055.4 17090.17 3210.71 18.79
2058.1 16973.60 3192.00 18.81
2060.7 16918.14 3169.53 18.73
2063.3 16842.61 3196.31 18.98
2065.9 16794.67 3221.58 19.18
2068.6 16710.92 3216.00 19.24
2071.2 16664.67 3228.03 19.37
2073.8 16591.32 3223.68 19.43
2076.4 16536.88 3247.31 19.64
2079.0 16525.61 3265.22 19.76
2081.6 16519.89 3266.28 19.77
2084.2 16487.00 3304.17 20.04
2086.8 16353.42 3289.35 20.11
2089.4 16268.28 3282.02 20.17
2092.1 16209.50 3300.83 20.36
2094.7 16113.80 3293.95 20.44
2097.2 16087.67 3317.83 20.62
2099.8 16089.36 3333.45 20.72
2102.4 15953.94 3318.17 20.80
2105.0 15826.05 3311.70 20.93
2107.6 15774.07 3332.55 21.13
2110.2 15742.83 3356.01 21.32
2112.8 15734.02 3367.28 21.40
2115.3 15735.22 3383.17 21.50
2117.9 15738.64 3377.54 21.46
2120.5 15682.70 3401.81 21.69
2123.1 15604.88 3398.85 21.78
2125.6 15567.02 3391.01 21.78
2128.2 15487.92 3403.71 21.98
2130.8 15394.28 3407.63 22.14
2133.3 15347.20 3426.13 22.32
2135.9 15264.31 3412.33 22.35
2138.4 15119.35 3403.40 22.51
2141.0 15032.51 3390.84 22.56
2143.6 14998.41 3380.21 22.54
2146.1 14847.40 3361.45 22.64
2148.7 14686.27 3344.86 22.78
2151.2 14704.80 3349.87 22.78
2153.8 14713.72 3367.17 22.88
2156.3 14589.47 3343.17 22.91
2158.8 14533.35 3328.41 22.90
2161.4 14517.59 3343.41 23.03
2163.9 14426.20 3334.57 23.11
2166.4 14354.62 3320.34 23.13
2169.0 14310.27 3320.34 23.20
2171.5 14227.48 3311.47 23.28
2174.0 14143.15 3266.55 23.10
2176.5 14124.76 3271.06 23.16
2179.1 14082.55 3270.67 23.22
2181.6 13967.33 3245.46 23.24
2184.1 13937.00 3261.72 23.40
2186.6 13993.83 3282.70 23.46
2189.1 13896.09 3219.63 23.17
2191.6 13840.87 3204.60 23.15
2194.1 13877.92 3261.88 23.50
2196.6 13844.81 3254.01 23.50
2199.2 13897.52 3261.59 23.47
2201.7 13871.80 3248.57 23.42
2204.1 13802.39 3225.20 23.37
2206.6 13786.08 3256.29 23.62
2209.1 13743.34 3247.53 23.63
2211.6 13738.26 3220.44 23.44
2214.1 13693.60 3223.81 23.54
2216.6 13643.61 3232.38 23.69
2219.1 13655.01 3209.59 23.50
2221.6 13597.41 3167.15 23.29
2224.0 13563.60 3169.92 23.37
2226.5 13534.39 3150.54 23.28
2229.0 13551.73 3132.89 23.12
2231.5 13416.49 3086.98 23.01
2233.9 13376.81 3078.67 23.01
2236.4 13409.64 3107.30 23.17
2238.9 13341.63 3069.00 23.00
2241.3 13300.17 3008.28 22.62
2243.8 13261.31 3008.28 22.68
2246.2 13153.53 2961.77 22.52
2248.7 13089.53 2931.07 22.39
2251.2 13067.33 2936.31 22.47
2253.6 13017.60 2895.36 22.24
2256.1 12979.20 2837.76 21.86
2258.5 12980.99 2819.78 21.72
2260.9 12912.45 2780.38 21.53
2263.4 12850.74 2752.09 21.42
2265.8 12840.17 2746.52 21.39
2268.3 12768.77 2709.23 21.22
2270.7 12812.36 2686.83 20.97
2273.1 12778.22 2653.82 20.77
2275.6 12710.40 2653.44 20.88
2278.0 12729.12 2636.53 20.71
2280.4 12680.26 2632.26 20.76
2282.8 12544.20 2597.89 20.71
2285.3 12570.98 2558.52 20.35
2287.7 12679.54 2600.73 20.51
2290.1 12579.51 2569.67 20.43
2292.5 12520.09 2492.11 19.90
2294.9 12538.64 2477.70 19.76
2297.3 12458.25 2460.01 19.75
2299.7 12334.59 2408.48 19.53
2302.1 12311.40 2360.93 19.18
2304.5 12214.72 2316.72 18.97
2306.9 12089.28 2273.60 18.81
2309.3 11994.02 2253.04 18.78
2311.7 11939.85 2201.93 18.44
2314.1 11791.37 2166.08 18.37
2316.5 11721.50 2218.22 18.92
2318.9 11765.88 2250.69 19.13
2321.3 11730.50 2238.34 19.08
2323.7 11744.39 2240.26 19.08
2326.1 11719.24 2204.41 18.81
2328.4 11761.55 2188.76 18.61
2330.8 11807.83 2216.78 18.77
2333.2 11712.54 2178.60 18.60
2335.6 11662.03 2150.56 18.44
2337.9 11681.16 2186.83 18.72
2340.3 11629.38 2162.14 18.59
2342.7 11548.22 2086.21 18.07
2345.0 11508.47 2072.37 18.01
2347.4 11492.00 2069.75 18.01
2349.7 11315.65 2007.68 17.74
2352.1 11286.89 1989.79 17.63
2354.4 11296.02 1981.53 17.54
2356.8 11214.70 2007.25 17.90
2359.2 11154.00 2019.33 18.10
2361.5 11109.05 1950.41 17.56
2363.8 11141.66 1892.81 16.99
2366.2 11165.73 1906.56 17.08
2368.5 11089.40 1922.40 17.34
2370.9 11067.03 1914.59 17.30
2373.2 11030.32 1911.08 17.33
2375.5 10914.30 1877.88 17.21
2377.9 10876.18 1868.92 17.18
2380.2 10876.88 1846.41 16.98
2382.5 10821.23 1782.86 16.48
2384.8 10769.44 1763.20 16.37
2387.2 10736.28 1805.01 16.81
2389.5 10704.02 1780.07 16.63
2391.8 10661.73 1734.97 16.27
2394.1 10613.91 1756.19 16.55
2396.4 10610.47 1751.48 16.51
2398.7 10654.34 1724.57 16.19
2401.0 10513.07 1715.92 16.32
2403.3 10428.12 1683.24 16.14
2405.6 10456.51 1659.45 15.87
2407.9 10375.71 1683.36 16.22
2410.2 10317.44 1619.31 15.69
2412.5 10224.31 1575.32 15.41
2414.8 10187.84 1643.20 16.13
2417.1 10204.62 1625.93 15.93
2419.4 10195.97 1578.63 15.48
2421.7 10103.31 1613.80 15.97
2424.0 10048.90 1574.43 15.67
2426.2 10074.05 1514.05 15.03
2428.5 10032.46 1514.33 15.09
2430.8 10006.20 1509.65 15.09
2433.1 9945.94 1460.36 14.68
2435.4 9886.37 1493.87 15.11
2437.6 9830.42 1465.89 14.91
2439.9 9708.34 1364.45 14.05
2442.2 9709.99 1376.58 14.18
2444.4 9752.18 1407.12 14.43
2446.7 9688.56 1378.24 14.23
2448.9 9658.24 1403.44 14.53
2451.2 9631.36 1394.64 14.48
2453.4 9564.32 1307.79 13.67
2455.7 9566.46 1356.21 14.18
2457.9 9468.86 1330.89 14.06
2460.2 9395.46 1306.98 13.91
2462.4 9422.40 1329.12 14.11
2464.7 9348.95 1255.36 13.43
2466.9 9251.22 1226.22 13.25
2469.2 9249.34 1289.85 13.95
2471.4 9151.61 1253.92 13.70
2473.6 9078.42 1211.80 13.35
2475.9 9042.40 1246.29 13.78
2478.1 8956.32 1202.37 13.42
2480.3 8952.70 1148.68 12.83
2482.5 8971.16 1165.18 12.99
2484.8 8832.66 1114.10 12.61
2487.0 8762.09 1096.19 12.51
2489.2 8850.00 1160.90 13.12
2491.4 8753.22 1160.44 13.26
2493.6 8669.20 1160.07 13.38
2495.8 8662.66 1100.65 12.71
2498.0 8674.13 1102.51 12.71
2500.2 8694.60 1069.98 12.31
2502.4 8942.16 1127.76 12.61
2504.6 9089.52 1164.36 12.81
2506.8 9176.65 1061.84 11.57
