/*** Spectra Vista SIG Data ***/
name= \My Documents\HR1024_Data\GD2T6.
instrument= HR: 1091052
integration= 200, 60, 30, 500, 60, 30
scan time= 1, 1
scan settings= AD, AI, AD, AI
external data set1= 8224, 8224, 8224, 8224, 8224, 8224, 8224, 8224, 8224, 8224, 8224, 8224, 8224, 8224, 8224, 8224
external data set2= 8224, 8224, 8224, 8224, 8224, 8224, 8224, 8224, 8224, 8224, 8224, 8224, 8224, 8224, 8224, 8224
external data dark= 0,0,0,0,0,0,0,0
external data mask= 0
optic= LENS4 , LENS4 
temp= 32.26, 8.88, -5.37, 41.28, 8.88, -5.30
battery= 7.0, 6.6
error= 0, 0
units= Radiance, Radiance
time= 1/15/08 9:53:06 AM, 1/15/08 10:23:24 AM
longitude= , 
latitude= , 
gpstime= , 
comm= 
memory slot= 0, 0
factors= 
data= 
346.4 509.60 135.04 26.50
347.9 549.06 138.05 25.14
349.5 608.40 134.78 22.15
351.1 655.20 144.77 22.10
352.6 708.40 141.68 20.00
354.2 752.68 147.92 19.65
355.7 818.30 150.86 18.44
357.3 873.81 155.34 17.78
358.8 891.23 167.76 18.82
360.4 967.31 166.03 17.16
361.9 1009.93 158.80 15.72
363.5 1059.53 163.43 15.42
365.1 1102.67 165.05 14.97
366.6 1156.59 168.48 14.57
368.2 1218.77 174.59 14.33
369.7 1306.00 167.17 12.80
371.3 1379.56 176.48 12.79
372.8 1457.48 175.30 12.03
374.4 1528.58 172.22 11.27
375.9 1575.56 177.42 11.26
377.4 1632.76 176.94 10.84
379.0 1683.54 178.22 10.59
380.5 1741.87 178.50 10.25
382.1 1805.51 178.48 9.89
383.6 1862.60 174.64 9.38
385.2 1949.75 188.10 9.65
386.7 2036.04 183.03 8.99
388.3 2135.96 188.05 8.80
389.8 2212.47 197.64 8.93
391.3 2314.34 198.29 8.57
392.9 2392.65 201.43 8.42
394.4 2474.90 214.85 8.68
395.9 2552.82 236.13 9.25
397.5 2664.75 248.06 9.31
399.0 2774.82 236.08 8.51
400.6 2852.64 225.27 7.90
402.1 2910.24 222.91 7.66
403.6 2965.71 224.41 7.57
405.1 3036.77 226.67 7.46
406.7 3133.76 224.90 7.18
408.2 3234.33 235.22 7.27
409.7 3330.88 238.34 7.16
411.3 3437.91 251.53 7.32
412.8 3528.93 263.54 7.47
414.3 3634.54 271.18 7.46
415.8 3740.00 275.00 7.35
417.4 3868.37 294.49 7.61
418.9 3954.39 292.47 7.40
420.4 4037.85 305.08 7.56
421.9 4106.74 301.05 7.33
423.5 4196.00 301.68 7.19
425.0 4263.51 302.06 7.08
426.5 4364.50 307.88 7.05
428.0 4488.82 312.80 6.97
429.5 4615.58 315.21 6.83
431.1 4756.23 323.53 6.80
432.6 4917.76 329.90 6.71
434.1 5064.68 341.88 6.75
435.6 5199.35 352.94 6.79
437.1 5333.25 365.04 6.84
438.6 5454.84 372.56 6.83
440.1 5584.70 383.02 6.86
441.6 5717.14 403.70 7.06
443.1 5852.25 412.29 7.04
444.7 5982.11 420.86 7.04
446.2 6104.50 437.00 7.16
447.7 6213.60 457.39 7.36
449.2 6315.84 477.79 7.56
450.7 6414.72 481.73 7.51
452.2 6543.45 495.18 7.57
453.7 6682.65 505.11 7.56
455.2 6842.54 517.68 7.57
456.7 7029.44 537.15 7.64
458.2 7231.16 557.10 7.70
459.7 7428.75 580.30 7.81
461.2 7633.63 600.10 7.86
462.7 7815.14 618.62 7.92
464.2 8000.76 636.84 7.96
465.7 8191.53 651.87 7.96
467.2 8352.58 671.44 8.04
468.7 8552.00 691.20 8.08
470.2 8711.17 717.21 8.23
471.7 8854.00 750.50 8.48
473.2 9050.37 780.29 8.62
474.6 9252.88 786.14 8.50
476.1 9378.88 768.29 8.19
477.6 9464.51 773.60 8.17
479.1 9567.20 786.59 8.22
480.6 9658.16 807.26 8.36
482.1 9797.74 816.39 8.33
483.6 9963.22 836.77 8.40
485.1 10140.49 860.22 8.48
486.6 10356.19 888.33 8.58
488.0 10562.50 911.95 8.63
489.5 10784.97 945.10 8.76
491.0 10998.86 983.63 8.94
492.5 11224.98 1027.73 9.16
494.0 11462.99 1067.98 9.32
495.4 11663.85 1117.38 9.58
496.9 11870.36 1172.34 9.88
498.4 12074.30 1226.05 10.15
499.9 12278.41 1290.19 10.51
501.4 12476.75 1358.31 10.89
502.8 12664.51 1429.34 11.29
504.3 12846.60 1504.08 11.71
505.8 13033.73 1594.31 12.23
507.2 13172.68 1679.75 12.75
508.7 13289.99 1772.50 13.34
510.2 13412.81 1874.97 13.98
511.6 13494.72 1970.96 14.61
513.1 13630.43 2077.20 15.24
514.6 13795.53 2199.80 15.95
516.0 13946.28 2318.68 16.63
517.5 14135.83 2460.75 17.41
519.0 14365.19 2605.86 18.14
520.5 14579.60 2760.45 18.93
521.9 14828.55 2924.43 19.72
523.4 15093.49 3095.58 20.51
524.8 15349.14 3256.86 21.22
526.3 15633.70 3429.00 21.93
527.8 15915.89 3598.21 22.61
529.2 16178.21 3757.77 23.23
530.7 16455.24 3922.14 23.84
532.1 16698.15 4066.48 24.35
533.6 16994.07 4214.45 24.80
535.0 17295.55 4361.74 25.22
536.5 17581.25 4500.63 25.60
538.0 17895.84 4645.63 25.96
539.4 18160.64 4773.04 26.28
540.9 18488.86 4921.84 26.62
542.3 18738.28 5041.92 26.91
543.8 18940.29 5122.84 27.05
545.2 19020.35 5177.16 27.22
546.6 19057.19 5241.26 27.50
548.1 19121.11 5284.16 27.64
549.5 19166.91 5341.87 27.87
551.0 19217.70 5376.23 27.98
552.4 19311.21 5421.57 28.07
553.9 19371.38 5444.46 28.11
555.3 19461.20 5475.60 28.14
556.8 19596.88 5504.42 28.09
558.2 19743.75 5525.55 27.99
559.6 19902.71 5546.45 27.87
561.1 20117.50 5581.55 27.74
562.5 20332.52 5613.88 27.61
564.0 20611.34 5644.50 27.39
565.4 20865.50 5674.84 27.20
566.8 21177.73 5697.84 26.90
568.3 21463.05 5713.84 26.62
569.7 21776.78 5722.95 26.28
571.1 22080.65 5726.72 25.94
572.6 22373.82 5721.84 25.57
574.0 22675.95 5716.26 25.21
575.4 22958.44 5705.78 24.85
576.9 23231.09 5697.15 24.52
578.3 23477.03 5687.11 24.22
579.7 23721.74 5675.56 23.93
581.1 23920.49 5653.72 23.64
582.6 24132.47 5643.58 23.39
584.0 24305.80 5627.33 23.15
585.4 24549.94 5628.02 22.92
586.8 24845.17 5644.50 22.72
588.3 25201.80 5664.67 22.48
589.7 25517.70 5689.01 22.29
591.1 25735.55 5688.45 22.10
592.5 25883.00 5683.40 21.96
594.0 25998.42 5665.44 21.79
595.4 26057.54 5656.66 21.71
596.8 26115.38 5638.78 21.59
598.2 26174.55 5615.13 21.45
599.6 26202.06 5593.97 21.35
601.0 26298.70 5579.68 21.22
602.4 26372.18 5555.28 21.06
603.9 26501.77 5537.74 20.90
605.3 26625.41 5525.69 20.75
606.7 26749.80 5495.76 20.55
608.1 26941.18 5482.52 20.35
609.5 27151.69 5475.21 20.17
610.9 27387.74 5462.74 19.95
612.3 27589.20 5444.80 19.74
613.7 27871.80 5454.64 19.57
615.1 28061.64 5450.33 19.42
616.5 28235.16 5433.25 19.24
617.9 28534.12 5435.68 19.05
619.3 28808.15 5435.17 18.87
620.7 29149.14 5445.13 18.68
622.1 29527.66 5500.88 18.63
623.5 29951.83 5597.61 18.69
624.9 30436.35 5732.27 18.83
626.3 30757.12 5851.12 19.02
627.7 30461.43 5835.26 19.16
629.1 30188.34 5802.26 19.22
630.5 30083.03 5809.70 19.31
631.9 30076.12 5809.63 19.32
633.3 30078.24 5797.31 19.27
634.7 30183.54 5772.75 19.13
636.1 30268.81 5698.48 18.83
637.5 30374.19 5661.41 18.64
638.9 30520.15 5628.69 18.44
640.2 30643.60 5559.23 18.14
641.6 30733.56 5416.63 17.62
643.0 30777.50 5219.86 16.96
644.4 30869.16 5041.00 16.33
645.8 30855.38 4897.33 15.87
647.2 31023.20 4777.97 15.40
648.5 31185.15 4620.99 14.82
649.9 31117.13 4390.62 14.11
651.3 31099.80 4054.50 13.04
652.7 31059.00 3649.56 11.75
654.1 30961.56 3591.60 11.60
655.5 30829.51 3636.02 11.79
656.8 30685.81 3675.18 11.98
658.2 30861.69 3737.51 12.11
659.6 31181.89 3750.60 12.03
660.9 31452.29 3724.62 11.84
662.3 31767.46 3681.26 11.59
663.7 32102.70 3654.00 11.38
665.0 32334.98 3604.39 11.15
666.4 32575.38 3546.84 10.89
667.8 32873.84 3514.05 10.69
669.1 33084.01 3505.95 10.60
670.5 33327.47 3497.58 10.49
671.9 33513.12 3495.74 10.43
673.2 33742.50 3518.22 10.43
674.6 33950.66 3529.67 10.40
676.0 34219.05 3556.41 10.39
677.3 34494.18 3607.59 10.46
678.7 34767.13 3694.95 10.63
680.0 35103.31 3831.18 10.91
681.4 35420.13 3993.27 11.27
682.8 35763.00 4205.11 11.76
684.1 36073.44 4448.81 12.33
685.5 36318.59 4769.44 13.13
686.8 36607.26 5178.79 14.15
688.2 36844.31 5685.68 15.43
689.5 36898.97 6223.72 16.87
690.9 36950.15 6850.51 18.54
692.2 37008.15 7564.32 20.44
693.6 37024.93 8303.69 22.43
694.9 37005.38 9102.30 24.60
696.2 37027.13 9944.28 26.86
697.6 37047.86 10820.98 29.21
698.9 37049.76 11686.75 31.54
700.3 37075.62 12551.14 33.85
701.6 37124.24 13427.10 36.17
703.0 37178.40 14289.88 38.44
704.3 37172.20 15120.82 40.68
705.6 37157.22 15898.54 42.79
707.0 37168.46 16671.71 44.85
708.3 37076.04 17343.12 46.78
709.6 36967.81 17992.99 48.67
711.0 36867.73 18583.86 50.41
712.3 36770.31 19132.80 52.03
713.6 36755.88 19693.30 53.58
714.9 36684.64 20201.88 55.07
716.3 36701.44 20741.62 56.51
717.6 36734.04 21265.05 57.89
718.9 36680.73 21723.59 59.22
720.2 36496.25 22092.20 60.53
721.6 36394.28 22472.84 61.75
722.9 36240.12 22770.05 62.83
724.2 36067.30 22972.53 63.69
725.5 35963.70 23185.67 64.47
726.8 35833.96 23378.32 65.24
728.1 35810.80 23604.19 65.91
729.5 35779.10 23774.58 66.45
730.8 35779.13 23948.75 66.93
732.1 35704.25 24075.64 67.43
733.4 35690.92 24184.18 67.76
734.7 35685.89 24319.75 68.15
736.0 35729.66 24456.17 68.45
737.3 35717.44 24515.24 68.64
738.6 35830.21 24705.66 68.95
739.9 36014.88 24914.24 69.18
741.2 36161.58 25119.28 69.46
742.5 36363.94 25372.66 69.77
743.8 36737.66 25732.25 70.04
745.1 37309.08 26240.18 70.33
746.4 37926.98 26859.74 70.82
747.7 38536.99 27536.09 71.45
749.0 39118.92 28222.18 72.14
750.3 39493.02 28733.89 72.76
751.6 39440.80 28843.86 73.13
752.9 39084.79 28624.07 73.24
754.2 38731.25 28341.94 73.18
755.4 38386.91 27997.64 72.94
756.7 38244.09 27911.69 72.98
758.0 38261.36 27951.67 73.05
759.3 38489.95 28146.33 73.13
760.6 38786.44 28395.14 73.21
761.9 39062.28 28633.61 73.30
763.1 39197.21 28788.82 73.45
764.4 39371.54 28981.34 73.61
765.7 39490.75 29152.50 73.82
767.0 39577.16 29294.50 74.02
768.2 39644.64 29410.75 74.19
769.5 39697.68 29498.49 74.31
770.8 39836.32 29677.87 74.50
772.0 39856.44 29722.70 74.57
773.3 39898.95 29795.06 74.68
774.6 39978.84 29920.59 74.84
775.8 40054.79 30062.96 75.05
777.1 40085.96 30158.39 75.23
778.4 40059.57 30161.86 75.29
779.6 39999.54 30204.41 75.51
780.9 39948.00 30160.00 75.50
782.1 39837.20 30055.05 75.44
783.4 39802.88 30085.12 75.59
784.6 39851.08 30126.06 75.60
785.9 40095.40 30324.43 75.63
787.1 40531.58 30779.52 75.94
788.4 40834.19 31287.65 76.62
789.6 40796.10 31503.18 77.22
790.9 40479.11 31394.76 77.56
792.1 40128.24 31075.84 77.44
793.4 39739.41 30794.69 77.49
794.6 39507.48 30650.80 77.58
795.8 39314.07 30511.28 77.61
797.1 39097.95 30323.10 77.56
798.3 38940.83 30221.57 77.61
799.5 38821.14 30203.06 77.80
800.8 38733.05 30149.80 77.84
802.0 38591.76 30106.82 78.01
803.2 38469.72 30052.58 78.12
804.5 38377.94 30007.69 78.19
805.7 38264.87 29978.75 78.35
806.9 38181.95 29928.35 78.38
808.1 38074.65 29885.32 78.49
809.4 38033.33 29873.09 78.54
810.6 37951.55 29842.54 78.63
811.8 37942.61 29821.85 78.60
813.0 37965.80 29836.33 78.59
814.2 37975.49 29857.17 78.62
815.4 38039.93 29974.61 78.80
816.6 38032.65 30045.23 79.00
817.9 38050.16 30142.14 79.22
819.1 37997.24 30117.63 79.26
820.3 37865.18 30038.61 79.33
821.5 37787.61 29956.52 79.28
822.7 37714.41 29920.74 79.34
823.9 37704.87 29896.57 79.29
825.1 37688.07 29873.51 79.27
826.3 37716.38 29846.04 79.13
827.5 37726.06 29835.24 79.08
828.7 37779.60 29838.82 78.98
829.9 37796.29 29809.04 78.87
831.0 37849.02 29803.17 78.74
832.2 37913.75 29829.92 78.68
833.4 37950.44 29848.58 78.65
834.6 37978.13 29861.25 78.63
835.8 38031.53 29880.90 78.57
837.0 38073.26 29913.20 78.57
838.1 38178.69 29993.76 78.56
839.3 38239.24 30057.64 78.60
840.5 38296.24 30122.30 78.66
841.7 38381.58 30169.80 78.60
842.9 38485.06 30238.19 78.57
844.0 38543.94 30301.09 78.61
845.2 38626.85 30409.38 78.73
846.4 38724.98 30494.31 78.75
847.5 38888.12 30646.71 78.81
848.7 39002.30 30804.12 78.98
849.9 39141.74 30946.83 79.06
851.0 39173.78 31066.53 79.30
852.2 39245.07 31167.52 79.42
853.3 39202.67 31186.24 79.55
854.5 39188.19 31204.46 79.63
855.6 39170.88 31206.46 79.67
856.8 39193.80 31240.78 79.71
857.9 39192.81 31248.77 79.73
859.1 39326.60 31307.52 79.61
860.2 39300.24 31349.76 79.77
861.4 39344.78 31361.21 79.71
862.5 39384.29 31404.11 79.74
863.7 39467.66 31466.62 79.73
864.8 39454.45 31478.44 79.78
865.9 39398.65 31410.96 79.73
867.1 39448.45 31438.24 79.69
868.2 39441.53 31419.74 79.66
869.3 39465.67 31479.41 79.76
870.5 39438.89 31413.78 79.65
871.6 39473.54 31375.62 79.49
872.7 39541.37 31394.39 79.40
873.9 39548.50 31438.40 79.49
875.0 39546.05 31384.94 79.36
876.1 39583.15 31361.50 79.23
877.2 39616.79 31364.46 79.17
878.3 39601.98 31347.05 79.16
879.4 39662.11 31336.80 79.01
880.5 39702.60 31358.02 78.98
881.7 39698.10 31342.74 78.95
882.8 39775.46 31375.83 78.88
883.9 39785.32 31414.90 78.96
885.0 39766.55 31369.61 78.88
886.1 39735.85 31402.15 79.03
887.2 39664.66 31300.69 78.91
888.3 39567.00 31243.54 78.96
889.4 39535.02 31152.94 78.80
890.5 39459.91 31081.66 78.77
891.6 39428.33 31019.36 78.67
892.7 39429.01 30982.26 78.58
893.8 39492.50 30914.44 78.28
894.9 39505.51 30866.70 78.13
896.0 39527.49 30832.73 78.00
897.0 39487.40 30840.24 78.10
898.1 39490.45 30782.49 77.95
899.2 39536.22 30751.02 77.78
900.3 39503.73 30656.47 77.60
901.4 39454.09 30563.96 77.47
902.4 39461.49 30516.13 77.33
903.5 39418.10 30443.02 77.23
904.6 39431.18 30376.33 77.04
905.7 39454.64 30385.45 77.01
906.7 39397.52 30327.13 76.98
907.8 39514.80 30302.43 76.69
908.9 39443.33 30217.54 76.61
909.9 39411.21 30123.17 76.43
911.0 39357.50 30003.10 76.23
912.1 39280.99 29957.41 76.26
913.1 39233.48 29849.46 76.08
914.2 39173.92 29655.43 75.70
915.2 39170.79 29590.38 75.54
916.3 39094.50 29478.66 75.40
917.3 39076.47 29438.69 75.34
918.4 39031.30 29279.58 75.02
919.4 39022.48 29156.19 74.72
920.5 39026.74 29052.09 74.44
921.5 39018.63 28957.85 74.22
922.6 38959.72 28804.28 73.93
923.6 39026.05 28713.47 73.58
924.7 39022.50 28607.90 73.31
925.7 39030.84 28479.26 72.97
926.7 39009.32 28399.14 72.80
927.8 39032.57 28326.87 72.57
928.8 39142.62 28265.94 72.21
929.9 39330.10 28208.24 71.72
930.9 39447.46 28164.69 71.40
931.9 39602.61 28116.24 71.00
932.9 39864.58 28192.53 70.72
934.0 39909.81 28047.01 70.28
935.0 39942.68 27929.24 69.92
936.0 39929.50 27698.35 69.37
937.0 39883.94 27496.48 68.94
938.1 39848.52 27258.49 68.41
939.1 39753.89 27048.99 68.04
940.1 39867.76 26960.51 67.62
941.1 39995.43 26903.11 67.27
942.1 40229.45 26874.62 66.80
943.1 40393.76 26810.81 66.37
944.1 40552.56 26712.74 65.87
945.2 40570.32 26607.67 65.58
946.2 40685.67 26453.60 65.02
947.2 40740.25 26316.65 64.60
948.2 40874.09 26199.66 64.10
949.2 40954.06 26061.43 63.64
950.2 41026.00 25852.00 63.01
951.2 41012.16 25658.30 62.56
952.2 41170.94 25527.72 62.00
953.2 41257.13 25422.67 61.62
954.2 41395.95 25332.03 61.19
955.2 41401.94 25077.75 60.57
956.2 41391.82 24903.97 60.17
957.2 41524.97 24822.38 59.78
958.2 41486.28 24728.69 59.61
959.2 41625.00 24648.66 59.22
960.1 41647.94 24583.69 59.03
961.1 41725.78 24558.50 58.86
962.1 41752.50 24467.25 58.60
963.1 41720.60 24444.95 58.59
964.1 41837.60 24430.17 58.39
965.1 41932.95 24423.16 58.24
966.1 41961.44 24417.51 58.19
967.0 42058.17 24462.12 58.16
968.0 42094.69 24396.21 57.96
969.0 42115.20 24481.60 58.13
970.0 42092.26 24412.19 58.00
971.0 42266.18 24398.18 57.73
971.9 42275.33 24429.94 57.79
972.9 42388.85 24469.48 57.73
973.9 42492.13 24463.14 57.57
974.9 42580.28 24648.62 57.89
975.8 42630.52 24636.01 57.79
976.8 42806.43 24705.94 57.72
977.8 42848.34 24695.93 57.64
978.8 42868.95 24842.88 57.95
979.7 43050.58 24935.60 57.92
980.7 43264.32 24892.89 57.54
981.7 43347.07 25043.04 57.77
982.6 43545.07 25195.65 57.86
983.6 44003.55 25426.65 57.78
984.6 44377.46 25744.97 58.01
985.5 44900.28 26238.82 58.44
986.5 45688.01 26559.12 58.13
987.5 46285.78 27166.54 58.69
988.4 47161.40 27571.28 58.46
989.4 47812.76 28612.76 59.84
990.4 48753.98 29427.55 60.36
991.3 50274.64 30744.22 61.15
992.3 50864.45 31848.97 62.62
993.2 51610.85 32941.19 63.83
994.2 53891.66 33701.27 62.54
995.2 55394.96 35027.52 63.23
996.1 55625.12 35331.12 63.52
997.1 56348.70 36740.65 65.20
998.0 54473.40 35630.40 65.41
999.0 55283.87 36855.92 66.67
1000.0 55127.21 36151.45 65.58
1000.9 55875.58 37302.85 66.76
1001.9 56355.47 36975.67 65.61
1002.8 54776.67 37465.57 68.40
1003.8 57170.04 37706.04 65.95
1004.8 54763.20 37786.61 69.00
961.5 49984.08 25910.51 51.84
965.5 48959.90 25759.39 52.61
969.5 47367.08 25326.89 53.47
973.4 45664.01 24702.74 54.10
977.4 44063.24 24394.26 55.36
981.4 43484.76 24449.42 56.23
985.3 43466.28 24585.00 56.56
989.3 43739.41 24927.82 56.99
993.3 44088.36 25297.14 57.38
997.2 44246.85 25575.75 57.80
1001.2 44240.69 25865.06 58.46
1005.2 44147.66 26194.10 59.33
1009.1 44170.72 26613.35 60.25
1013.1 44298.35 27100.59 61.18
1017.1 44409.64 27563.81 62.07
1021.0 44418.65 27984.54 63.00
1025.0 44431.92 28435.33 64.00
1029.0 44310.95 28786.14 64.96
1032.9 44196.36 29123.12 65.89
1036.9 44214.81 29530.64 66.79
1040.9 44317.48 29970.90 67.63
1044.8 44471.57 30453.41 68.48
1048.8 44586.22 30886.66 69.27
1052.7 44660.98 31238.57 69.95
1056.7 44664.90 31496.36 70.52
1060.7 44652.74 31703.40 71.00
1064.6 44643.90 31868.69 71.38
1068.6 44545.19 31897.96 71.61
1072.5 44448.63 31869.93 71.70
1076.5 44390.31 31826.77 71.70
1080.4 44363.13 31761.49 71.59
1084.4 44428.99 31708.19 71.37
1088.3 44526.89 31619.81 71.01
1092.3 44515.11 31416.03 70.57
1096.2 44485.25 31153.41 70.03
1100.2 44489.30 30886.84 69.43
1104.1 44387.15 30528.96 68.78
1108.1 44344.78 30230.12 68.17
1112.0 44255.25 29877.30 67.51
1116.0 44078.91 29424.27 66.75
1119.9 43920.46 28940.75 65.89
1123.9 43980.05 28466.09 64.73
1127.8 43933.44 27724.80 63.11
1131.8 43891.20 26776.68 61.01
1135.7 43904.71 25686.71 58.51
1139.6 43873.24 24497.44 55.84
1143.6 43814.30 23350.30 53.29
1147.5 43764.96 22373.34 51.12
1151.4 43600.54 21523.80 49.37
1155.4 43567.43 20972.42 48.14
1159.3 43548.37 20619.76 47.35
1163.2 43379.84 20296.76 46.79
1167.2 43333.14 20131.98 46.46
1171.1 43320.14 20033.28 46.24
1175.0 43247.45 19910.32 46.04
1179.0 43203.54 19798.58 45.83
1182.9 43281.26 19749.90 45.63
1186.8 43262.79 19669.34 45.46
1190.7 43059.97 19500.56 45.29
1194.7 42822.73 19356.46 45.20
1198.6 42602.18 19265.40 45.22
1202.5 42456.57 19207.69 45.24
1206.4 42335.53 19173.73 45.29
1210.3 42230.32 19182.26 45.42
1214.2 42126.94 19214.44 45.61
1218.2 41984.08 19258.48 45.87
1222.1 41854.50 19309.40 46.13
1226.0 41760.57 19381.81 46.41
1229.9 41673.90 19471.14 46.72
1233.8 41576.55 19528.05 46.97
1237.7 41528.30 19593.01 47.18
1241.6 41457.25 19659.95 47.42
1245.5 41309.15 19675.77 47.63
1249.4 41175.26 19680.15 47.80
1253.3 41058.30 19693.38 47.96
1257.2 40978.33 19709.27 48.10
1261.1 40873.57 19685.92 48.16
1265.0 40757.89 19630.07 48.16
1268.9 40587.74 19523.55 48.10
1272.8 40626.75 19519.65 48.05
1276.7 40780.33 19546.33 47.93
1280.6 40842.56 19490.21 47.72
1284.5 40748.73 19338.95 47.46
1288.4 40697.88 19187.45 47.15
1292.3 40562.50 18972.25 46.77
1296.2 40411.46 18707.60 46.29
1300.1 40239.63 18395.18 45.71
1303.9 40009.73 18030.55 45.07
1307.8 39785.54 17632.52 44.32
1311.7 39554.21 17199.06 43.48
1315.6 39326.35 16738.22 42.56
1319.5 39086.11 16239.65 41.55
1323.3 38870.69 15743.75 40.50
1327.2 38681.53 15265.28 39.46
1331.1 38474.56 14779.24 38.41
1335.0 38203.08 14276.73 37.37
1338.8 38009.09 13833.04 36.39
1342.7 37876.27 13434.06 35.47
1346.5 37598.34 12995.20 34.56
1350.4 37400.07 12611.48 33.72
1354.3 37094.65 12219.77 32.94
1358.1 36731.71 11824.12 32.19
1362.0 36487.36 11466.00 31.42
1365.8 36370.47 11106.03 30.54
1369.7 36432.94 10759.41 29.53
1373.5 36366.82 10328.81 28.40
1377.4 36166.21 9790.75 27.07
1381.2 35990.96 9176.75 25.50
1385.1 35936.27 8519.56 23.71
1389.0 35813.45 7835.63 21.88
1392.8 35598.92 7186.47 20.19
1396.6 35460.61 6618.61 18.66
1400.5 35253.63 6108.18 17.33
1404.3 35072.57 5690.83 16.23
1408.2 35016.72 5363.36 15.32
1412.0 34945.02 5112.26 14.63
1415.8 34962.39 4931.54 14.11
1419.6 34891.95 4776.61 13.69
1423.5 34842.23 4658.19 13.37
1427.3 34796.45 4577.80 13.16
1431.1 34758.75 4519.80 13.00
1434.9 34669.05 4459.44 12.86
1438.8 34606.94 4421.65 12.78
1442.6 34573.84 4396.74 12.72
1446.4 34441.31 4365.67 12.68
1450.2 34332.12 4347.82 12.66
1454.0 34220.52 4341.12 12.69
1457.8 34188.19 4350.52 12.73
1461.6 34155.00 4362.73 12.77
1465.4 34045.70 4380.95 12.87
1469.2 33870.20 4399.85 12.99
1473.0 33726.92 4442.43 13.17
1476.8 33664.28 4512.72 13.41
1480.7 33601.58 4583.07 13.64
1484.4 33488.64 4667.16 13.94
1488.2 33386.04 4776.60 14.31
1492.0 33257.25 4884.55 14.69
1495.8 33142.20 4984.53 15.04
1499.6 33034.11 5066.22 15.34
1503.4 32933.47 5129.70 15.58
1507.2 32852.74 5187.76 15.79
1510.9 32722.34 5245.98 16.03
1514.7 32573.11 5313.26 16.31
1518.5 32453.90 5371.68 16.55
1522.3 32317.90 5387.11 16.67
1526.0 32200.64 5442.97 16.90
1529.8 32127.61 5569.07 17.33
1533.6 32011.66 5659.52 17.68
1537.3 31894.88 5695.17 17.86
1541.1 31782.08 5750.38 18.09
1544.8 31651.20 5839.20 18.45
1548.6 31528.46 5906.63 18.73
1552.4 31450.00 5957.91 18.94
1556.1 31366.15 6034.64 19.24
1559.9 31270.43 6143.00 19.64
1563.6 31150.17 6235.29 20.02
1567.3 31046.10 6311.99 20.33
1571.1 30855.35 6368.80 20.64
1574.8 30723.08 6449.67 20.99
1578.6 30633.26 6516.85 21.27
1582.3 30519.48 6553.03 21.47
1586.0 30400.45 6598.58 21.71
1589.8 30269.89 6635.75 21.92
1593.5 30123.48 6660.75 22.11
1597.2 29998.09 6698.79 22.33
1600.9 29883.71 6747.62 22.58
1604.7 29753.95 6783.67 22.80
1608.4 29639.51 6816.20 23.00
1612.1 29489.62 6838.94 23.19
1615.8 29365.23 6864.32 23.38
1619.5 29298.37 6895.01 23.53
1623.2 29161.12 6911.28 23.70
1626.9 29003.45 6924.50 23.87
1630.6 28846.40 6923.62 24.00
1634.3 28721.00 6934.82 24.15
1638.0 28599.28 6955.74 24.32
1641.7 28456.49 6973.01 24.50
1645.4 28299.47 6968.93 24.63
1649.1 28138.66 6957.28 24.72
1652.8 28008.70 6950.08 24.81
1656.4 27859.80 6929.54 24.87
1660.1 27720.43 6913.57 24.94
1663.8 27551.22 6885.45 24.99
1667.5 27406.07 6853.28 25.01
1671.1 27282.14 6823.46 25.01
1674.8 27100.13 6768.03 24.97
1678.5 27060.12 6735.23 24.89
1682.1 27085.37 6706.97 24.76
1685.8 27087.74 6673.11 24.64
1689.5 26985.46 6609.31 24.49
1693.1 26859.21 6536.46 24.34
1696.8 26718.75 6462.38 24.19
1700.4 26575.97 6374.23 23.98
1704.0 26457.91 6288.57 23.77
1707.7 26210.69 6175.37 23.56
1711.3 25940.59 6048.51 23.32
1715.0 25755.85 5946.42 23.09
1718.6 25603.66 5851.03 22.85
1722.2 25471.82 5745.49 22.56
1725.9 25346.15 5648.83 22.29
1729.5 25225.17 5574.88 22.10
1733.1 25122.33 5527.30 22.00
1736.7 25028.77 5486.51 21.92
1740.3 24869.68 5422.28 21.80
1744.0 24796.20 5379.02 21.69
1747.5 24670.34 5317.58 21.55
1751.2 24460.97 5219.97 21.34
1754.8 24300.77 5137.29 21.14
1758.4 24168.99 5066.00 20.96
1762.0 24004.67 4985.84 20.77
1765.5 23878.06 4930.90 20.65
1769.1 23824.80 4903.20 20.58
1772.7 23745.17 4868.63 20.50
1776.3 23631.64 4818.41 20.39
1779.9 23517.13 4769.14 20.28
1783.5 23453.36 4744.24 20.23
1787.0 23338.16 4710.62 20.18
1790.6 23194.11 4677.99 20.17
1794.2 23099.94 4647.36 20.12
1797.8 23019.59 4623.93 20.09
1801.3 22943.45 4610.50 20.10
1804.9 22821.75 4585.88 20.09
1808.4 22758.56 4577.34 20.11
1812.0 22651.25 4563.92 20.15
1815.5 22537.46 4539.74 20.14
1819.1 22377.91 4493.20 20.08
1822.6 22230.86 4461.76 20.07
1826.2 22108.08 4439.23 20.08
1829.7 21962.63 4388.92 19.98
1833.2 21769.52 4327.97 19.88
1836.8 21568.82 4264.72 19.77
1840.3 21408.35 4221.23 19.72
1843.8 21283.15 4167.45 19.58
1847.3 21175.36 4108.16 19.40
1850.8 21026.88 4032.00 19.18
1854.3 20829.70 3930.56 18.87
1857.8 20716.80 3837.60 18.52
1861.3 20743.52 3737.52 18.02
1864.8 20771.48 3614.76 17.40
1868.3 20668.83 3466.84 16.77
1871.8 20505.60 3287.04 16.03
1875.3 20412.67 3070.80 15.04
1878.8 20386.82 2892.52 14.19
1882.3 20318.80 2741.55 13.49
1885.8 20165.84 2553.86 12.66
1889.3 19976.70 2410.55 12.07
1892.7 19815.25 2302.04 11.62
1896.2 19650.94 2228.46 11.34
1899.7 19441.16 2184.40 11.24
1903.1 19313.45 2173.25 11.25
1906.6 19304.54 2246.58 11.64
1910.0 19451.18 2501.76 12.86
1913.5 19794.95 2811.94 14.21
1917.0 20308.75 3101.70 15.27
1920.4 20662.58 3513.10 17.00
1923.8 20806.27 3846.99 18.49
1871.2 18887.00 2277.89 12.06
1873.9 18953.16 2233.57 11.78
1876.7 18991.47 2046.93 10.78
1879.5 19143.67 1920.04 10.03
1882.3 18900.39 1795.31 9.50
1885.1 18757.12 1663.66 8.87
1887.8 18909.61 1558.62 8.24
1890.6 18719.80 1496.96 8.00
1893.4 18700.00 1356.67 7.25
1896.2 18690.78 1244.68 6.66
1898.9 18634.09 1271.82 6.83
1901.7 18493.24 1216.82 6.58
1904.5 18663.12 1174.38 6.29
1907.2 18605.75 1173.25 6.31
1910.0 18464.96 1162.98 6.30
1912.7 18451.36 1136.95 6.16
1915.5 18338.72 1147.82 6.26
1918.2 18231.61 1137.91 6.24
1921.0 18078.76 1100.27 6.09
1923.7 18082.37 1123.90 6.22
1926.5 18028.91 1130.06 6.27
1929.2 17989.40 1093.47 6.08
1932.0 17961.44 1099.68 6.12
1934.7 17922.05 1109.97 6.19
1937.4 17800.47 1101.09 6.19
1940.2 17730.06 1134.06 6.40
1942.9 17801.07 1147.97 6.45
1945.6 17808.94 1138.54 6.39
1948.3 17731.12 1158.21 6.53
1951.1 17698.80 1161.86 6.56
1953.8 17700.00 1164.00 6.58
1956.5 17568.67 1180.03 6.72
1959.2 17632.03 1187.03 6.73
1961.9 17647.56 1186.04 6.72
1964.6 17543.58 1216.78 6.94
1967.3 17598.27 1248.97 7.10
1970.0 17419.60 1243.20 7.14
1972.8 17335.24 1238.44 7.14
1975.5 17419.52 1249.69 7.17
1978.2 17336.04 1273.12 7.34
1980.9 17221.82 1285.52 7.46
1983.5 17185.34 1302.93 7.58
1986.2 17183.55 1303.68 7.59
1988.9 17157.36 1324.05 7.72
1991.6 17017.92 1326.67 7.80
1994.3 16893.86 1319.97 7.81
1997.0 16913.63 1352.28 8.00
1999.7 16876.79 1372.66 8.13
2002.3 16857.27 1375.05 8.16
2005.0 16785.35 1395.18 8.31
2007.7 16706.93 1427.60 8.54
2010.4 16656.07 1416.08 8.50
2013.0 16600.58 1431.04 8.62
2015.7 16495.88 1432.20 8.68
2018.4 16401.61 1441.03 8.79
2021.0 16371.00 1464.83 8.95
2023.7 16264.64 1450.08 8.92
2026.4 16195.83 1453.40 8.97
2029.0 16138.97 1459.26 9.04
2031.7 16029.65 1484.38 9.26
2034.3 16012.75 1498.47 9.36
2037.0 15932.90 1494.77 9.38
2039.6 15864.39 1502.32 9.47
2042.3 15822.15 1494.03 9.44
2044.9 15747.27 1489.46 9.46
2047.5 15719.22 1503.48 9.56
2050.2 15638.00 1509.20 9.65
2052.8 15596.00 1517.60 9.73
2055.4 15487.61 1526.91 9.86
2058.1 15363.60 1517.60 9.88
2060.7 15311.01 1520.48 9.93
2063.3 15243.07 1543.81 10.13
2065.9 15200.63 1543.79 10.16
2068.6 15142.00 1557.75 10.29
2071.2 15102.27 1581.93 10.47
2073.8 15013.06 1572.66 10.48
2076.4 14939.89 1574.54 10.54
2079.0 14937.96 1576.41 10.55
2081.6 14955.68 1569.84 10.50
2084.2 14929.44 1585.78 10.62
2086.8 14795.01 1595.18 10.78
2089.4 14708.12 1602.72 10.90
2092.1 14645.50 1600.83 10.93
2094.7 14574.18 1613.08 11.07
2097.2 14543.50 1623.50 11.16
2099.8 14569.24 1631.14 11.20
2102.4 14455.51 1632.07 11.29
2105.0 14315.55 1615.95 11.29
2107.6 14281.54 1632.10 11.43
2110.2 14245.28 1625.43 11.41
2112.8 14225.04 1623.51 11.41
2115.3 14222.61 1662.72 11.69
2117.9 14223.97 1682.97 11.83
2120.5 14225.20 1664.47 11.70
2123.1 14136.53 1658.48 11.73
2125.6 14079.43 1689.65 12.00
2128.2 14012.88 1685.76 12.03
2130.8 13940.55 1676.03 12.02
2133.3 13889.33 1689.60 12.16
2135.9 13802.30 1697.34 12.30
2138.4 13704.95 1682.55 12.28
2141.0 13601.55 1683.67 12.38
2143.6 13585.34 1682.78 12.39
2146.1 13439.94 1651.34 12.29
2148.7 13282.54 1662.15 12.51
2151.2 13302.67 1683.73 12.66
2153.8 13324.47 1695.36 12.72
2156.3 13227.98 1674.54 12.66
2158.8 13160.05 1674.54 12.72
2161.4 13128.93 1677.60 12.78
2163.9 13034.58 1659.91 12.73
2166.4 12973.85 1661.65 12.81
2169.0 12959.07 1658.69 12.80
2171.5 12876.28 1646.86 12.79
2174.0 12786.55 1633.28 12.77
2176.5 12767.30 1665.43 13.04
2179.1 12718.27 1662.44 13.07
2181.6 12644.21 1654.67 13.09
2184.1 12612.60 1672.44 13.26
2186.6 12631.79 1672.73 13.24
2189.1 12551.10 1646.73 13.12
2191.6 12501.53 1636.60 13.09
2194.1 12512.72 1640.90 13.11
2196.6 12513.32 1657.57 13.25
2199.2 12564.98 1667.42 13.27
2201.7 12503.60 1618.91 12.95
2204.1 12450.01 1627.26 13.07
2206.6 12458.20 1674.77 13.44
2209.1 12429.94 1661.62 13.37
2211.6 12413.54 1621.64 13.06
2214.1 12385.83 1619.51 13.08
2216.6 12340.79 1621.89 13.14
2219.1 12355.98 1629.49 13.19
2221.6 12303.15 1598.80 13.00
2224.0 12230.10 1584.96 12.96
2226.5 12198.83 1571.47 12.88
2229.0 12234.63 1591.19 13.01
2231.5 12152.59 1585.62 13.05
2233.9 12137.64 1558.58 12.84
2236.4 12131.98 1559.44 12.85
2238.9 12024.13 1534.50 12.76
2241.3 12068.10 1527.46 12.66
2243.8 12017.57 1500.25 12.48
2246.2 11870.35 1453.75 12.25
2248.7 11882.39 1446.25 12.17
2251.2 11860.53 1456.62 12.28
2253.6 11784.96 1409.28 11.96
2256.1 11773.44 1393.92 11.84
2258.5 11793.92 1413.73 11.99
2260.9 11696.75 1376.77 11.77
2263.4 11668.53 1343.42 11.51
2265.8 11678.48 1327.10 11.36
2268.3 11583.48 1331.52 11.50
2270.7 11653.18 1312.71 11.26
2273.1 11608.55 1307.74 11.27
2275.6 11523.84 1317.12 11.43
2278.0 11553.06 1272.14 11.01
2280.4 11529.61 1277.65 11.08
2282.8 11402.06 1246.68 10.93
2285.3 11435.59 1232.60 10.78
2287.7 11531.47 1257.41 10.90
2290.1 11440.95 1201.81 10.50
2292.5 11408.96 1182.56 10.37
2294.9 11404.51 1213.16 10.64
2297.3 11303.39 1170.68 10.36
2299.7 11233.01 1113.43 9.91
2302.1 11231.11 1111.72 9.90
2304.5 11113.20 1093.68 9.84
2306.9 10995.60 1054.48 9.59
2309.3 10932.15 1061.87 9.71
2311.7 10856.55 1055.83 9.73
2314.1 10708.33 1039.72 9.71
2316.5 10641.94 1059.86 9.96
2318.9 10674.03 1048.48 9.82
2321.3 10672.73 1061.73 9.95
2323.7 10642.23 1078.20 10.13
2326.1 10606.96 1051.83 9.92
2328.4 10691.58 1049.63 9.82
2330.8 10736.25 1055.22 9.83
2333.2 10617.06 1041.94 9.81
2335.6 10582.60 1017.16 9.61
2337.9 10642.00 997.43 9.37
2340.3 10592.40 999.20 9.43
2342.7 10507.23 977.52 9.30
2345.0 10502.01 959.75 9.14
2347.4 10493.25 981.75 9.36
2349.7 10277.63 956.85 9.31
2352.1 10236.25 913.42 8.92
2354.4 10290.21 924.14 8.98
2356.8 10243.45 906.50 8.85
2359.2 10187.67 884.00 8.68
2361.5 10122.93 907.57 8.97
2363.8 10144.75 895.90 8.83
2366.2 10159.49 913.56 8.99
2368.5 10097.05 921.15 9.12
2370.9 10118.68 890.19 8.80
2373.2 10072.53 885.84 8.79
2375.5 9932.38 841.65 8.47
2377.9 9918.93 852.41 8.59
2380.2 9923.89 852.19 8.59
2382.5 9856.28 827.10 8.39
2384.8 9822.88 858.40 8.74
2387.2 9807.99 834.52 8.51
2389.5 9759.69 816.85 8.37
2391.8 9772.85 803.31 8.22
2394.1 9716.63 815.72 8.40
2396.4 9652.48 798.33 8.27
2398.7 9714.10 803.83 8.27
2401.0 9598.25 835.71 8.71
2403.3 9511.80 791.82 8.32
2405.6 9521.83 769.74 8.08
2407.9 9458.88 766.53 8.10
2410.2 9400.00 772.05 8.21
2412.5 9350.27 757.17 8.10
2414.8 9330.30 765.12 8.20
2417.1 9280.68 727.80 7.84
2419.4 9294.64 703.35 7.57
2421.7 9214.94 746.45 8.10
2424.0 9156.02 781.93 8.54
2426.2 9223.40 684.80 7.42
2428.5 9129.27 654.41 7.17
2430.8 9112.40 713.95 7.83
2433.1 9071.93 680.40 7.50
2435.4 8991.17 693.78 7.72
2437.6 8963.19 632.24 7.05
2439.9 8866.09 623.27 7.03
2442.2 8873.80 693.98 7.82
2444.4 8827.50 654.74 7.42
2446.7 8812.56 601.52 6.83
2448.9 8870.66 639.54 7.21
2451.2 8802.92 655.60 7.45
2453.4 8732.64 614.72 7.04
2455.7 8702.87 632.49 7.27
2457.9 8608.05 647.13 7.52
2460.2 8594.01 622.67 7.25
2462.4 8611.20 630.24 7.32
2464.7 8503.63 618.22 7.27
2466.9 8416.62 635.58 7.55
2469.2 8471.54 661.13 7.80
2471.4 8370.38 584.29 6.98
2473.6 8261.63 569.08 6.89
2475.9 8256.69 650.24 7.88
2478.1 8211.66 628.51 7.65
2480.3 8173.00 598.70 7.33
2482.5 8177.69 621.91 7.60
2484.8 8119.06 575.25 7.09
2487.0 8110.30 540.69 6.67
2489.2 8058.48 587.99 7.30
2491.4 7946.29 537.95 6.77
2493.6 7987.26 501.65 6.28
2495.8 7981.68 601.79 7.54
2498.0 7985.07 559.36 7.01
2500.2 7961.63 480.23 6.03
2502.4 8125.20 559.44 6.89
2504.6 8272.59 591.57 7.15
2506.8 8348.61 574.76 6.88
