/*** Spectra Vista SIG Data ***/
name= \My Documents\HR1024_Data\GD2T5.
instrument= HR: 1091052
integration= 200, 60, 30, 500, 60, 30
scan time= 1, 1
scan settings= AD, AI, AD, AI
external data set1= 8224, 8224, 8224, 8224, 8224, 8224, 8224, 8224, 8224, 8224, 8224, 8224, 8224, 8224, 8224, 8224
external data set2= 8224, 8224, 8224, 8224, 8224, 8224, 8224, 8224, 8224, 8224, 8224, 8224, 8224, 8224, 8224, 8224
external data dark= 0,0,0,0,0,0,0,0
external data mask= 0
optic= LENS4 , LENS4 
temp= 32.26, 8.88, -5.37, 41.28, 8.88, -5.24
battery= 7.0, 6.6
error= 0, 0
units= Radiance, Radiance
time= 1/15/08 9:53:06 AM, 1/15/08 10:22:58 AM
longitude= , 
latitude= , 
gpstime= , 
comm= 
memory slot= 0, 0
factors= 
data= 
346.4 509.60 137.59 27.00
347.9 549.06 135.54 24.69
349.5 608.40 146.02 24.00
351.1 655.20 151.01 23.05
352.6 708.40 142.95 20.18
354.2 752.68 157.08 20.87
355.7 818.30 160.29 19.59
357.3 873.81 166.44 19.05
358.8 891.23 174.75 19.61
360.4 967.31 181.50 18.76
361.9 1009.93 172.73 17.10
363.5 1059.53 177.28 16.73
365.1 1102.67 177.54 16.10
366.6 1156.59 179.53 15.52
368.2 1218.77 179.96 14.77
369.7 1306.00 175.00 13.40
371.3 1379.56 185.70 13.46
372.8 1457.48 181.94 12.48
374.4 1528.58 184.23 12.05
375.9 1575.56 184.04 11.68
377.4 1632.76 196.45 12.03
379.0 1683.54 184.59 10.96
380.5 1741.87 190.81 10.95
382.1 1805.51 186.76 10.34
383.6 1862.60 183.71 9.86
385.2 1949.75 181.50 9.31
386.7 2036.04 190.61 9.36
388.3 2135.96 190.23 8.91
389.8 2212.47 197.64 8.93
391.3 2314.34 201.63 8.71
392.9 2392.65 209.39 8.75
394.4 2474.90 219.60 8.87
395.9 2552.82 227.34 8.91
397.5 2664.75 249.36 9.36
399.0 2774.82 241.02 8.69
400.6 2852.64 230.93 8.10
402.1 2910.24 231.17 7.94
403.6 2965.71 220.57 7.44
405.1 3036.77 216.62 7.13
406.7 3133.76 229.38 7.32
408.2 3234.33 229.88 7.11
409.7 3330.88 236.54 7.10
411.3 3437.91 246.94 7.18
412.8 3528.93 260.70 7.39
414.3 3634.54 267.27 7.35
415.8 3740.00 277.00 7.41
417.4 3868.37 285.38 7.38
418.9 3954.39 296.52 7.50
420.4 4037.85 301.09 7.46
421.9 4106.74 302.98 7.38
423.5 4196.00 297.01 7.08
425.0 4263.51 305.66 7.17
426.5 4364.50 305.30 7.00
428.0 4488.82 312.80 6.97
429.5 4615.58 317.58 6.88
431.1 4756.23 322.76 6.79
432.6 4917.76 335.28 6.82
434.1 5064.68 345.73 6.83
435.6 5199.35 355.27 6.83
437.1 5333.25 365.04 6.84
438.6 5454.84 372.56 6.83
440.1 5584.70 383.81 6.87
441.6 5717.14 392.49 6.87
443.1 5852.25 415.53 7.10
444.7 5982.11 424.97 7.10
446.2 6104.50 440.37 7.21
447.7 6213.60 463.43 7.46
449.2 6315.84 474.34 7.51
450.7 6414.72 481.73 7.51
452.2 6543.45 495.18 7.57
453.7 6682.65 508.09 7.60
455.2 6842.54 521.27 7.62
456.7 7029.44 540.67 7.69
458.2 7231.16 562.00 7.77
459.7 7428.75 587.30 7.91
461.2 7633.63 605.04 7.93
462.7 7815.14 621.49 7.95
464.2 8000.76 644.16 8.05
465.7 8191.53 666.14 8.13
467.2 8352.58 679.14 8.13
468.7 8552.00 707.20 8.27
470.2 8711.17 727.55 8.35
471.7 8854.00 761.90 8.61
473.2 9050.37 799.18 8.83
474.6 9252.88 794.58 8.59
476.1 9378.88 789.49 8.42
477.6 9464.51 794.75 8.40
479.1 9567.20 803.77 8.40
480.6 9658.16 820.29 8.49
482.1 9797.74 838.95 8.56
483.6 9963.22 855.32 8.58
485.1 10140.49 883.71 8.71
486.6 10356.19 910.74 8.79
488.0 10562.50 939.25 8.89
489.5 10784.97 976.11 9.05
491.0 10998.86 1011.36 9.20
492.5 11224.98 1062.72 9.47
494.0 11462.99 1112.45 9.70
495.4 11663.85 1160.94 9.95
496.9 11870.36 1216.43 10.25
498.4 12074.30 1276.15 10.57
499.9 12278.41 1339.65 10.91
501.4 12476.75 1418.34 11.37
502.8 12664.51 1497.41 11.82
504.3 12846.60 1585.44 12.34
505.8 13033.73 1674.72 12.85
507.2 13172.68 1769.17 13.43
508.7 13289.99 1873.21 14.09
510.2 13412.81 1972.11 14.70
511.6 13494.72 2076.52 15.39
513.1 13630.43 2196.13 16.11
514.6 13795.53 2332.65 16.91
516.0 13946.28 2453.43 17.59
517.5 14135.83 2601.23 18.40
519.0 14365.19 2762.67 19.23
520.5 14579.60 2924.45 20.06
521.9 14828.55 3101.16 20.91
523.4 15093.49 3276.13 21.71
524.8 15349.14 3453.40 22.50
526.3 15633.70 3638.55 23.27
527.8 15915.89 3814.83 23.97
529.2 16178.21 3984.81 24.63
530.7 16455.24 4152.70 25.24
532.1 16698.15 4301.89 25.76
533.6 16994.07 4459.88 26.24
535.0 17295.55 4623.70 26.73
536.5 17581.25 4764.41 27.10
538.0 17895.84 4914.27 27.46
539.4 18160.64 5059.90 27.86
540.9 18488.86 5210.28 28.18
542.3 18738.28 5329.26 28.44
543.8 18940.29 5429.50 28.67
545.2 19020.35 5493.15 28.88
546.6 19057.19 5539.64 29.07
548.1 19121.11 5599.14 29.28
549.5 19166.91 5652.70 29.49
551.0 19217.70 5692.52 29.62
552.4 19311.21 5739.42 29.72
553.9 19371.38 5773.82 29.81
555.3 19461.20 5791.50 29.76
556.8 19596.88 5823.43 29.72
558.2 19743.75 5846.85 29.61
559.6 19902.71 5874.31 29.52
561.1 20117.50 5904.60 29.35
562.5 20332.52 5938.87 29.21
564.0 20611.34 5971.65 28.97
565.4 20865.50 5995.00 28.73
566.8 21177.73 6022.52 28.44
568.3 21463.05 6044.06 28.16
569.7 21776.78 6050.21 27.78
571.1 22080.65 6051.97 27.41
572.6 22373.82 6048.43 27.03
574.0 22675.95 6035.70 26.62
575.4 22958.44 6029.10 26.26
576.9 23231.09 6017.32 25.90
578.3 23477.03 6003.14 25.57
579.7 23721.74 5990.17 25.25
581.1 23920.49 5964.47 24.93
582.6 24132.47 5951.81 24.66
584.0 24305.80 5930.91 24.40
585.4 24549.94 5934.92 24.17
586.8 24845.17 5936.74 23.89
588.3 25201.80 5970.74 23.69
589.7 25517.70 5988.53 23.47
591.1 25735.55 5986.58 23.26
592.5 25883.00 5981.15 23.11
594.0 25998.42 5965.58 22.95
595.4 26057.54 5948.78 22.83
596.8 26115.38 5927.92 22.70
598.2 26174.55 5907.16 22.57
599.6 26202.06 5879.63 22.44
601.0 26298.70 5855.42 22.27
602.4 26372.18 5833.36 22.12
603.9 26501.77 5816.16 21.95
605.3 26625.41 5803.57 21.80
606.7 26749.80 5772.24 21.58
608.1 26941.18 5759.42 21.38
609.5 27151.69 5746.47 21.16
610.9 27387.74 5730.60 20.92
612.3 27589.20 5710.40 20.70
613.7 27871.80 5713.10 20.50
615.1 28061.64 5698.51 20.31
616.5 28235.16 5681.70 20.12
617.9 28534.12 5683.75 19.92
619.3 28808.15 5675.92 19.70
620.7 29149.14 5700.30 19.56
622.1 29527.66 5758.24 19.50
623.5 29951.83 5870.13 19.60
624.9 30436.35 6018.18 19.77
626.3 30757.12 6136.39 19.95
627.7 30461.43 6130.01 20.12
629.1 30188.34 6107.89 20.23
630.5 30083.03 6087.74 20.24
631.9 30076.12 6083.20 20.23
633.3 30078.24 6060.33 20.15
634.7 30183.54 6046.99 20.03
636.1 30268.81 5980.78 19.76
637.5 30374.19 5937.62 19.55
638.9 30520.15 5888.38 19.29
640.2 30643.60 5771.52 18.83
641.6 30733.56 5604.77 18.24
643.0 30777.50 5431.05 17.65
644.4 30869.16 5245.05 16.99
645.8 30855.38 5071.75 16.44
647.2 31023.20 4909.37 15.82
648.5 31185.15 4719.48 15.13
649.9 31117.13 4482.89 14.41
651.3 31099.80 4168.74 13.40
652.7 31059.00 3823.98 12.31
654.1 30961.56 3765.77 12.16
655.5 30829.51 3799.76 12.33
656.8 30685.81 3824.75 12.46
658.2 30861.69 3857.05 12.50
659.6 31181.89 3866.18 12.40
660.9 31452.29 3817.40 12.14
662.3 31767.46 3780.60 11.90
663.7 32102.70 3732.96 11.63
665.0 32334.98 3683.53 11.39
666.4 32575.38 3623.66 11.12
667.8 32873.84 3583.10 10.90
669.1 33084.01 3563.21 10.77
670.5 33327.47 3555.58 10.67
671.9 33513.12 3535.73 10.55
673.2 33742.50 3547.67 10.51
674.6 33950.66 3569.12 10.51
676.0 34219.05 3603.66 10.53
677.3 34494.18 3653.68 10.59
678.7 34767.13 3739.15 10.75
680.0 35103.31 3868.42 11.02
681.4 35420.13 4036.74 11.40
682.8 35763.00 4252.43 11.89
684.1 36073.44 4516.20 12.52
685.5 36318.59 4847.28 13.35
686.8 36607.26 5268.34 14.39
688.2 36844.31 5790.79 15.72
689.5 36898.97 6363.23 17.25
690.9 36950.15 7003.06 18.95
692.2 37008.15 7740.78 20.92
693.6 37024.93 8512.38 22.99
694.9 37005.38 9330.30 25.21
696.2 37027.13 10202.00 27.55
697.6 37047.86 11101.04 29.96
698.9 37049.76 12000.38 32.39
700.3 37075.62 12913.19 34.83
701.6 37124.24 13804.37 37.18
703.0 37178.40 14684.46 39.50
704.3 37172.20 15551.77 41.84
705.6 37157.22 16330.43 43.95
707.0 37168.46 17122.51 46.07
708.3 37076.04 17811.98 48.04
709.6 36967.81 18460.97 49.94
711.0 36867.73 19074.00 51.74
712.3 36770.31 19626.76 53.38
713.6 36755.88 20198.98 54.95
714.9 36684.64 20713.80 56.46
716.3 36701.44 21253.08 57.91
717.6 36734.04 21791.20 59.32
718.9 36680.73 22241.39 60.64
720.2 36496.25 22618.34 61.97
721.6 36394.28 22977.55 63.14
722.9 36240.12 23273.58 64.22
724.2 36067.30 23466.92 65.06
725.5 35963.70 23670.55 65.82
726.8 35833.96 23847.38 66.55
728.1 35810.80 24071.93 67.22
729.5 35779.10 24255.69 67.79
730.8 35779.13 24414.12 68.24
732.1 35704.25 24526.58 68.69
733.4 35690.92 24646.86 69.06
734.7 35685.89 24766.59 69.40
736.0 35729.66 24888.97 69.66
737.3 35717.44 24941.24 69.83
738.6 35830.21 25121.50 70.11
739.9 36014.88 25336.43 70.35
741.2 36161.58 25539.70 70.63
742.5 36363.94 25796.00 70.94
743.8 36737.66 26160.75 71.21
745.1 37309.08 26669.02 71.48
746.4 37926.98 27277.61 71.92
747.7 38536.99 27958.51 72.55
749.0 39118.92 28640.08 73.21
750.3 39493.02 29121.33 73.74
751.6 39440.80 29190.32 74.01
752.9 39084.79 28948.79 74.07
754.2 38731.25 28636.19 73.94
755.4 38386.91 28303.58 73.73
756.7 38244.09 28200.98 73.74
758.0 38261.36 28243.01 73.82
759.3 38489.95 28429.83 73.86
760.6 38786.44 28688.35 73.96
761.9 39062.28 28917.93 74.03
763.1 39197.21 29078.05 74.18
764.4 39371.54 29258.04 74.31
765.7 39490.75 29420.30 74.50
767.0 39577.16 29554.73 74.68
768.2 39644.64 29668.80 74.84
769.5 39697.68 29734.98 74.90
770.8 39836.32 29916.07 75.10
772.0 39856.44 29951.00 75.15
773.3 39898.95 30034.60 75.28
774.6 39978.84 30132.13 75.37
775.8 40054.79 30281.23 75.60
777.1 40085.96 30354.60 75.72
778.4 40059.57 30355.23 75.78
779.6 39999.54 30367.90 75.92
780.9 39948.00 30334.40 75.93
782.1 39837.20 30221.21 75.86
783.4 39802.88 30256.51 76.02
784.6 39851.08 30288.70 76.00
785.9 40095.40 30499.26 76.07
787.1 40531.58 30950.87 76.36
788.4 40834.19 31468.99 77.07
789.6 40796.10 31643.39 77.56
790.9 40479.11 31484.09 77.78
792.1 40128.24 31155.87 77.64
793.4 39739.41 30859.87 77.66
794.6 39507.48 30718.62 77.75
795.8 39314.07 30550.21 77.71
797.1 39097.95 30385.32 77.72
798.3 38940.83 30259.68 77.71
799.5 38821.14 30237.44 77.89
800.8 38733.05 30169.67 77.89
802.0 38591.76 30121.28 78.05
803.2 38469.72 30059.81 78.14
804.5 38377.94 30022.16 78.23
805.7 38264.87 29975.13 78.34
806.9 38181.95 29926.54 78.38
808.1 38074.65 29863.57 78.43
809.4 38033.33 29851.31 78.49
810.6 37951.55 29804.32 78.53
811.8 37942.61 29805.38 78.55
813.0 37965.80 29810.53 78.52
814.2 37975.49 29823.65 78.53
815.4 38039.93 29946.38 78.72
816.6 38032.65 29999.75 78.88
817.9 38050.16 30081.40 79.06
819.1 37997.24 30053.27 79.09
820.3 37865.18 29974.76 79.16
821.5 37787.61 29867.19 79.04
822.7 37714.41 29811.95 79.05
823.9 37704.87 29766.57 78.95
825.1 37688.07 29767.84 78.98
826.3 37716.38 29740.66 78.85
827.5 37726.06 29711.55 78.76
828.7 37779.60 29702.02 78.62
829.9 37796.29 29664.55 78.49
831.0 37849.02 29650.62 78.34
832.2 37913.75 29669.05 78.25
833.4 37950.44 29668.06 78.18
834.6 37978.13 29670.00 78.12
835.8 38031.53 29690.01 78.07
837.0 38073.26 29718.69 78.06
838.1 38178.69 29828.03 78.13
839.3 38239.24 29849.20 78.06
840.5 38296.24 29907.35 78.09
841.7 38381.58 29985.98 78.13
842.9 38485.06 30035.29 78.04
844.0 38543.94 30092.83 78.07
845.2 38626.85 30182.26 78.14
846.4 38724.98 30262.22 78.15
847.5 38888.12 30431.31 78.25
848.7 39002.30 30550.21 78.33
849.9 39141.74 30733.77 78.52
851.0 39173.78 30842.95 78.73
852.2 39245.07 30917.79 78.78
853.3 39202.67 30939.03 78.92
854.5 39188.19 30957.77 79.00
855.6 39170.88 30955.61 79.03
856.8 39193.80 30973.37 79.03
857.9 39192.81 30956.86 78.99
859.1 39326.60 31059.52 78.98
860.2 39300.24 31063.39 79.04
861.4 39344.78 31086.14 79.01
862.5 39384.29 31114.82 79.00
863.7 39467.66 31180.82 79.00
864.8 39454.45 31169.88 79.00
865.9 39398.65 31114.07 78.97
867.1 39448.45 31142.43 78.94
868.2 39441.53 31152.76 78.98
869.3 39465.67 31166.17 78.97
870.5 39438.89 31087.63 78.82
871.6 39473.54 31073.71 78.72
872.7 39541.37 31093.80 78.64
873.9 39548.50 31100.42 78.64
875.0 39546.05 31045.02 78.50
876.1 39583.15 31025.67 78.38
877.2 39616.79 31022.97 78.31
878.3 39601.98 31002.97 78.29
879.4 39662.11 30999.11 78.16
880.5 39702.60 31023.50 78.14
881.7 39698.10 30970.94 78.02
882.8 39775.46 31014.00 77.97
883.9 39785.32 31033.08 78.00
885.0 39766.55 31021.81 78.01
886.1 39735.85 31026.35 78.08
887.2 39664.66 30909.16 77.93
888.3 39567.00 30840.68 77.95
889.4 39535.02 30735.46 77.74
890.5 39459.91 30649.42 77.67
891.6 39428.33 30597.10 77.60
892.7 39429.01 30526.27 77.42
893.8 39492.50 30481.99 77.18
894.9 39505.51 30421.16 77.00
896.0 39527.49 30381.20 76.86
897.0 39487.40 30382.31 76.94
898.1 39490.45 30332.98 76.81
899.2 39536.22 30310.17 76.66
900.3 39503.73 30145.66 76.31
901.4 39454.09 30062.41 76.20
902.4 39461.49 30046.42 76.14
903.5 39418.10 29925.81 75.92
904.6 39431.18 29895.13 75.82
905.7 39454.64 29878.83 75.73
906.7 39397.52 29806.84 75.66
907.8 39514.80 29798.81 75.41
908.9 39443.33 29692.79 75.28
909.9 39411.21 29623.33 75.16
911.0 39357.50 29508.81 74.98
912.1 39280.99 29418.45 74.89
913.1 39233.48 29339.65 74.78
914.2 39173.92 29143.17 74.39
915.2 39170.79 29038.93 74.13
916.3 39094.50 28984.20 74.14
917.3 39076.47 28885.07 73.92
918.4 39031.30 28742.34 73.64
919.4 39022.48 28639.71 73.39
920.5 39026.74 28552.12 73.16
921.5 39018.63 28398.80 72.78
922.6 38959.72 28256.59 72.53
923.6 39026.05 28160.06 72.16
924.7 39022.50 28040.30 71.86
925.7 39030.84 27918.89 71.53
926.7 39009.32 27819.92 71.32
927.8 39032.57 27750.58 71.10
928.8 39142.62 27679.58 70.71
929.9 39330.10 27647.51 70.30
930.9 39447.46 27598.38 69.96
931.9 39602.61 27502.71 69.45
932.9 39864.58 27545.76 69.10
934.0 39909.81 27428.32 68.73
935.0 39942.68 27241.14 68.20
936.0 39929.50 27058.72 67.77
937.0 39883.94 26849.39 67.32
938.1 39848.52 26627.79 66.82
939.1 39753.89 26404.85 66.42
940.1 39867.76 26295.24 65.96
941.1 39995.43 26248.61 65.63
942.1 40229.45 26229.75 65.20
943.1 40393.76 26151.32 64.74
944.1 40552.56 26018.44 64.16
945.2 40570.32 25883.76 63.80
946.2 40685.67 25746.48 63.28
947.2 40740.25 25615.80 62.88
948.2 40874.09 25519.79 62.44
949.2 40954.06 25326.60 61.84
950.2 41026.00 25171.98 61.36
951.2 41012.16 24932.88 60.79
952.2 41170.94 24871.08 60.41
953.2 41257.13 24712.87 59.90
954.2 41395.95 24578.28 59.37
955.2 41401.94 24407.94 58.95
956.2 41391.82 24177.58 58.41
957.2 41524.97 24107.15 58.05
958.2 41486.28 23965.50 57.77
959.2 41625.00 23909.40 57.44
960.1 41647.94 23889.27 57.36
961.1 41725.78 23813.46 57.07
962.1 41752.50 23704.88 56.77
963.1 41720.60 23737.14 56.90
964.1 41837.60 23712.95 56.68
965.1 41932.95 23724.92 56.58
966.1 41961.44 23646.35 56.35
967.0 42058.17 23733.84 56.43
968.0 42094.69 23672.81 56.24
969.0 42115.20 23676.96 56.22
970.0 42092.26 23723.52 56.36
971.0 42266.18 23705.51 56.09
971.9 42275.33 23683.63 56.02
972.9 42388.85 23781.03 56.10
973.9 42492.13 23795.59 56.00
974.9 42580.28 23829.88 55.96
975.8 42630.52 24034.30 56.38
976.8 42806.43 23926.01 55.89
977.8 42848.34 24046.04 56.12
978.8 42868.95 24080.16 56.17
979.7 43050.58 24158.20 56.12
980.7 43264.32 24161.21 55.85
981.7 43347.07 24260.45 55.97
982.6 43545.07 24389.08 56.01
983.6 44003.55 24547.66 55.79
984.6 44377.46 24803.08 55.89
985.5 44900.28 25441.20 56.66
986.5 45688.01 25958.38 56.82
987.5 46285.78 26433.30 57.11
988.4 47161.40 27315.20 57.92
989.4 47812.76 27963.60 58.49
990.4 48753.98 29194.00 59.88
991.3 50274.64 29926.19 59.53
992.3 50864.45 30831.68 60.62
993.2 51610.85 32223.12 62.43
994.2 53891.66 34106.09 63.29
995.2 55394.96 34467.97 62.22
996.1 55625.12 34353.09 61.76
997.1 56348.70 35698.36 63.35
998.0 54473.40 34808.16 63.90
999.0 55283.87 35988.72 65.10
1000.0 55127.21 36601.46 66.39
1000.9 55875.58 36673.27 65.63
1001.9 56355.47 36651.32 65.04
1002.8 54776.67 36963.80 67.48
1003.8 57170.04 37356.91 65.34
1004.8 54763.20 37238.98 68.00
961.5 49984.08 26490.59 53.00
965.5 48959.90 26271.17 53.66
969.5 47367.08 25455.78 53.74
973.4 45664.01 24792.90 54.29
977.4 44063.24 24600.99 55.83
981.4 43484.76 24736.38 56.89
985.3 43466.28 25017.70 57.56
989.3 43739.41 25469.51 58.23
993.3 44088.36 25950.18 58.86
997.2 44246.85 26344.56 59.54
1001.2 44240.69 26691.86 60.33
1005.2 44147.66 27006.27 61.17
1009.1 44170.72 27413.70 62.06
1013.1 44298.35 27875.75 62.93
1017.1 44409.64 28390.49 63.93
1021.0 44418.65 28870.44 65.00
1025.0 44431.92 29320.67 65.99
1029.0 44310.95 29685.03 66.99
1032.9 44196.36 30029.22 67.95
1036.9 44214.81 30441.53 68.85
1040.9 44317.48 30911.33 69.75
1044.8 44471.57 31397.28 70.60
1048.8 44586.22 31839.58 71.41
1052.7 44660.98 32212.82 72.13
1056.7 44664.90 32477.96 72.71
1060.7 44652.74 32696.62 73.22
1064.6 44643.90 32853.18 73.59
1068.6 44545.19 32867.32 73.78
1072.5 44448.63 32841.65 73.89
1076.5 44390.31 32807.74 73.91
1080.4 44363.13 32730.52 73.78
1084.4 44428.99 32663.11 73.52
1088.3 44526.89 32579.01 73.17
1092.3 44515.11 32352.58 72.68
1096.2 44485.25 32072.99 72.10
1100.2 44489.30 31825.94 71.54
1104.1 44387.15 31466.48 70.89
1108.1 44344.78 31131.48 70.20
1112.0 44255.25 30762.41 69.51
1116.0 44078.91 30304.50 68.75
1119.9 43920.46 29795.50 67.84
1123.9 43980.05 29292.98 66.61
1127.8 43933.44 28550.40 64.99
1131.8 43891.20 27584.40 62.85
1135.7 43904.71 26468.89 60.29
1139.6 43873.24 25259.43 57.57
1143.6 43814.30 24081.29 54.96
1147.5 43764.96 23047.80 52.66
1151.4 43600.54 22184.36 50.88
1155.4 43567.43 21614.85 49.61
1159.3 43548.37 21237.88 48.77
1163.2 43379.84 20906.38 48.19
1167.2 43333.14 20726.70 47.83
1171.1 43320.14 20629.30 47.62
1175.0 43247.45 20505.23 47.41
1179.0 43203.54 20399.07 47.22
1182.9 43281.26 20338.36 46.99
1186.8 43262.79 20233.91 46.77
1190.7 43059.97 20067.97 46.60
1194.7 42822.73 19912.78 46.50
1198.6 42602.18 19802.48 46.48
1202.5 42456.57 19736.16 46.49
1206.4 42335.53 19699.74 46.53
1210.3 42230.32 19711.12 46.68
1214.2 42126.94 19743.22 46.87
1218.2 41984.08 19773.23 47.10
1222.1 41854.50 19836.68 47.39
1226.0 41760.57 19920.55 47.70
1229.9 41673.90 19995.84 47.98
1233.8 41576.55 20047.79 48.22
1237.7 41528.30 20117.63 48.44
1241.6 41457.25 20178.28 48.67
1245.5 41309.15 20189.34 48.87
1249.4 41175.26 20198.28 49.05
1253.3 41058.30 20207.01 49.22
1257.2 40978.33 20215.47 49.33
1261.1 40873.57 20190.38 49.40
1265.0 40757.89 20125.46 49.38
1268.9 40587.74 20022.75 49.33
1272.8 40626.75 20018.40 49.27
1276.7 40780.33 20047.22 49.16
1280.6 40842.56 19993.95 48.95
1284.5 40748.73 19835.61 48.68
1288.4 40697.88 19677.09 48.35
1292.3 40562.50 19453.50 47.96
1296.2 40411.46 19179.84 47.46
1300.1 40239.63 18866.51 46.89
1303.9 40009.73 18493.07 46.22
1307.8 39785.54 18089.80 45.47
1311.7 39554.21 17647.30 44.62
1315.6 39326.35 17172.22 43.67
1319.5 39086.11 16657.03 42.62
1323.3 38870.69 16156.87 41.57
1327.2 38681.53 15667.46 40.50
1331.1 38474.56 15158.07 39.40
1335.0 38203.08 14652.50 38.35
1338.8 38009.09 14199.64 37.36
1342.7 37876.27 13790.74 36.41
1346.5 37598.34 13340.79 35.48
1350.4 37400.07 12939.72 34.60
1354.3 37094.65 12545.03 33.82
1358.1 36731.71 12144.04 33.06
1362.0 36487.36 11753.92 32.21
1365.8 36370.47 11384.44 31.30
1369.7 36432.94 11041.43 30.31
1373.5 36366.82 10614.25 29.19
1377.4 36166.21 10079.69 27.87
1381.2 35990.96 9437.84 26.22
1385.1 35936.27 8751.49 24.35
1389.0 35813.45 8062.49 22.51
1392.8 35598.92 7393.60 20.77
1396.6 35460.61 6794.17 19.16
1400.5 35253.63 6274.54 17.80
1404.3 35072.57 5847.88 16.67
1408.2 35016.72 5509.70 15.73
1412.0 34945.02 5240.30 15.00
1415.8 34962.39 5048.51 14.44
1419.6 34891.95 4899.69 14.04
1423.5 34842.23 4783.01 13.73
1427.3 34796.45 4687.69 13.47
1431.1 34758.75 4619.78 13.29
1434.9 34669.05 4568.43 13.18
1438.8 34606.94 4528.14 13.08
1442.6 34573.84 4493.68 13.00
1446.4 34441.31 4457.87 12.94
1450.2 34332.12 4442.03 12.94
1454.0 34220.52 4439.16 12.97
1457.8 34188.19 4441.44 12.99
1461.6 34155.00 4460.64 13.06
1465.4 34045.70 4481.14 13.16
1469.2 33870.20 4504.50 13.30
1473.0 33726.92 4542.62 13.47
1476.8 33664.28 4610.67 13.70
1480.7 33601.58 4692.46 13.97
1484.4 33488.64 4776.60 14.26
1488.2 33386.04 4876.92 14.61
1492.0 33257.25 4989.16 15.00
1495.8 33142.20 5091.45 15.36
1499.6 33034.11 5168.77 15.65
1503.4 32933.47 5248.67 15.94
1507.2 32852.74 5331.42 16.23
1510.9 32722.34 5398.27 16.50
1514.7 32573.11 5454.32 16.74
1518.5 32453.90 5510.68 16.98
1522.3 32317.90 5536.35 17.13
1526.0 32200.64 5590.59 17.36
1529.8 32127.61 5707.29 17.76
1533.6 32011.66 5788.58 18.08
1537.3 31894.88 5844.03 18.32
1541.1 31782.08 5906.57 18.58
1544.8 31651.20 5973.60 18.87
1548.6 31528.46 6014.81 19.08
1552.4 31450.00 6030.42 19.17
1556.1 31366.15 6106.94 19.47
1559.9 31270.43 6260.31 20.02
1563.6 31150.17 6378.63 20.48
1567.3 31046.10 6453.00 20.79
1571.1 30855.35 6512.08 21.11
1574.8 30723.08 6592.89 21.46
1578.6 30633.26 6664.91 21.76
1582.3 30519.48 6703.53 21.96
1586.0 30400.45 6742.34 22.18
1589.8 30269.89 6780.11 22.40
1593.5 30123.48 6809.67 22.61
1597.2 29998.09 6852.45 22.84
1600.9 29883.71 6889.40 23.05
1604.7 29753.95 6920.64 23.26
1608.4 29639.51 6958.15 23.48
1612.1 29489.62 6973.51 23.65
1615.8 29365.23 6996.65 23.83
1619.5 29298.37 7039.61 24.03
1623.2 29161.12 7053.71 24.19
1626.9 29003.45 7057.71 24.33
1630.6 28846.40 7068.82 24.51
1634.3 28721.00 7087.16 24.68
1638.0 28599.28 7097.98 24.82
1641.7 28456.49 7102.71 24.96
1645.4 28299.47 7100.60 25.09
1649.1 28138.66 7088.24 25.19
1652.8 28008.70 7077.95 25.27
1656.4 27859.80 7059.39 25.34
1660.1 27720.43 7038.76 25.39
1663.8 27551.22 7005.50 25.43
1667.5 27406.07 6984.48 25.49
1671.1 27282.14 6956.61 25.50
1674.8 27100.13 6894.02 25.44
1678.5 27060.12 6861.43 25.36
1682.1 27085.37 6831.04 25.22
1685.8 27087.74 6793.11 25.08
1689.5 26985.46 6736.91 24.96
1693.1 26859.21 6669.18 24.83
1696.8 26718.75 6585.88 24.65
1700.4 26575.97 6495.71 24.44
1704.0 26457.91 6412.95 24.24
1707.7 26210.69 6292.38 24.01
1711.3 25940.59 6170.20 23.79
1715.0 25755.85 6073.14 23.58
1718.6 25603.66 5963.64 23.29
1722.2 25471.82 5858.66 23.00
1725.9 25346.15 5764.66 22.74
1729.5 25225.17 5687.86 22.55
1733.1 25122.33 5635.25 22.43
1736.7 25028.77 5594.47 22.35
1740.3 24869.68 5532.45 22.25
1744.0 24796.20 5474.86 22.08
1747.5 24670.34 5406.05 21.91
1751.2 24460.97 5317.91 21.74
1754.8 24300.77 5230.31 21.52
1758.4 24168.99 5147.06 21.30
1762.0 24004.67 5071.85 21.13
1765.5 23878.06 5019.29 21.02
1769.1 23824.80 4989.60 20.94
1772.7 23745.17 4953.37 20.86
1776.3 23631.64 4891.49 20.70
1779.9 23517.13 4842.70 20.59
1783.5 23453.36 4823.60 20.57
1787.0 23338.16 4785.59 20.51
1790.6 23194.11 4740.77 20.44
1794.2 23099.94 4720.84 20.44
1797.8 23019.59 4698.35 20.41
1801.3 22943.45 4680.59 20.40
1804.9 22821.75 4662.00 20.43
1808.4 22758.56 4646.73 20.42
1812.0 22651.25 4623.65 20.41
1815.5 22537.46 4598.12 20.40
1819.1 22377.91 4558.57 20.37
1822.6 22230.86 4528.13 20.37
1826.2 22108.08 4492.08 20.32
1829.7 21962.63 4451.97 20.27
1833.2 21769.52 4402.06 20.22
1836.8 21568.82 4337.97 20.11
1840.3 21408.35 4280.36 19.99
1843.8 21283.15 4229.19 19.87
1847.3 21175.36 4177.85 19.73
1850.8 21026.88 4104.58 19.52
1854.3 20829.70 4021.44 19.31
1857.8 20716.80 3915.60 18.90
1861.3 20743.52 3796.94 18.30
1864.8 20771.48 3668.31 17.66
1868.3 20668.83 3503.57 16.95
1871.8 20505.60 3302.40 16.10
1875.3 20412.67 3086.27 15.12
1878.8 20386.82 2900.25 14.23
1882.3 20318.80 2702.39 13.30
1885.8 20165.84 2529.77 12.54
1889.3 19976.70 2402.21 12.03
1892.7 19815.25 2293.19 11.57
1896.2 19650.94 2209.16 11.24
1899.7 19441.16 2195.32 11.29
1903.1 19313.45 2224.99 11.52
1906.6 19304.54 2326.82 12.05
1910.0 19451.18 2543.46 13.08
1913.5 19794.95 2728.42 13.78
1917.0 20308.75 3175.55 15.64
1920.4 20662.58 3698.00 17.90
1923.8 20806.27 3846.99 18.49
1871.2 18887.00 2232.10 11.82
1873.9 18953.16 2255.05 11.90
1876.7 18991.47 2116.82 11.15
1879.5 19143.67 1948.42 10.18
1882.3 18900.39 1840.42 9.74
1885.1 18757.12 1758.48 9.38
1887.8 18909.61 1657.58 8.77
1890.6 18719.80 1559.33 8.33
1893.4 18700.00 1430.00 7.65
1896.2 18690.78 1292.81 6.92
1898.9 18634.09 1297.51 6.96
1901.7 18493.24 1263.84 6.83
1904.5 18663.12 1206.12 6.46
1907.2 18605.75 1197.00 6.43
1910.0 18464.96 1188.92 6.44
1912.7 18451.36 1184.99 6.42
1915.5 18338.72 1208.03 6.59
1918.2 18231.61 1191.59 6.54
1921.0 18078.76 1162.16 6.43
1923.7 18082.37 1173.92 6.49
1926.5 18028.91 1175.66 6.52
1929.2 17989.40 1180.05 6.56
1932.0 17961.44 1178.68 6.56
1934.7 17922.05 1185.01 6.61
1937.4 17800.47 1187.94 6.67
1940.2 17730.06 1186.31 6.69
1942.9 17801.07 1193.64 6.71
1945.6 17808.94 1198.94 6.73
1948.3 17731.12 1206.34 6.80
1951.1 17698.80 1210.02 6.84
1953.8 17700.00 1227.00 6.93
1956.5 17568.67 1251.91 7.13
1959.2 17632.03 1261.78 7.16
1961.9 17647.56 1260.54 7.14
1964.6 17543.58 1276.28 7.27
1967.3 17598.27 1296.43 7.37
1970.0 17419.60 1320.16 7.58
1972.8 17335.24 1326.69 7.65
1975.5 17419.52 1334.56 7.66
1978.2 17336.04 1331.52 7.68
1980.9 17221.82 1335.07 7.75
1983.5 17185.34 1361.10 7.92
1986.2 17183.55 1370.61 7.98
1988.9 17157.36 1408.44 8.21
1991.6 17017.92 1407.78 8.27
1994.3 16893.86 1403.73 8.31
1997.0 16913.63 1444.55 8.54
1999.7 16876.79 1447.32 8.58
2002.3 16857.27 1455.59 8.63
2005.0 16785.35 1484.36 8.84
2007.7 16706.93 1473.47 8.82
2010.4 16656.07 1481.75 8.90
2013.0 16600.58 1510.70 9.10
2015.7 16495.88 1508.93 9.15
2018.4 16401.61 1531.80 9.34
2021.0 16371.00 1532.83 9.36
2023.7 16264.64 1523.57 9.37
2026.4 16195.83 1540.72 9.51
2029.0 16138.97 1535.17 9.51
2031.7 16029.65 1537.90 9.59
2034.3 16012.75 1551.98 9.69
2037.0 15932.90 1565.14 9.82
2039.6 15864.39 1578.28 9.95
2042.3 15822.15 1575.48 9.96
2044.9 15747.27 1601.66 10.17
2047.5 15719.22 1610.07 10.24
2050.2 15638.00 1584.80 10.13
2052.8 15596.00 1612.80 10.34
2055.4 15487.61 1613.76 10.42
2058.1 15363.60 1604.40 10.44
2060.7 15311.01 1629.49 10.64
2063.3 15243.07 1616.27 10.60
2065.9 15200.63 1616.38 10.63
2068.6 15142.00 1644.29 10.86
2071.2 15102.27 1654.47 10.96
2073.8 15013.06 1625.83 10.83
2076.4 14939.89 1616.64 10.82
2079.0 14937.96 1638.23 10.97
2081.6 14955.68 1682.37 11.25
2084.2 14929.44 1704.29 11.42
2086.8 14795.01 1682.86 11.37
2089.4 14708.12 1667.96 11.34
2092.1 14645.50 1694.33 11.57
2094.7 14574.18 1709.13 11.73
2097.2 14543.50 1702.83 11.71
2099.8 14569.24 1710.85 11.74
2102.4 14455.51 1717.37 11.88
2105.0 14315.55 1712.85 11.96
2107.6 14281.54 1734.64 12.15
2110.2 14245.28 1733.42 12.17
2112.8 14225.04 1712.27 12.04
2115.3 14222.61 1743.55 12.26
2117.9 14223.97 1758.41 12.36
2120.5 14225.20 1789.81 12.58
2123.1 14136.53 1798.88 12.73
2125.6 14079.43 1762.86 12.52
2128.2 14012.88 1770.63 12.64
2130.8 13940.55 1790.10 12.84
2133.3 13889.33 1789.33 12.88
2135.9 13802.30 1794.42 13.00
2138.4 13704.95 1779.79 12.99
2141.0 13601.55 1783.57 13.11
2143.6 13585.34 1794.18 13.21
2146.1 13439.94 1783.57 13.27
2148.7 13282.54 1767.87 13.31
2151.2 13302.67 1762.93 13.25
2153.8 13324.47 1783.66 13.39
2156.3 13227.98 1772.00 13.40
2158.8 13160.05 1748.37 13.29
2161.4 13128.93 1769.00 13.47
2163.9 13034.58 1763.10 13.53
2166.4 12973.85 1744.43 13.45
2169.0 12959.07 1756.26 13.55
2171.5 12876.28 1768.09 13.73
2174.0 12786.55 1752.28 13.70
2176.5 12767.30 1743.17 13.65
2179.1 12718.27 1740.74 13.69
2181.6 12644.21 1724.63 13.64
2184.1 12612.60 1740.20 13.80
2186.6 12631.79 1760.61 13.94
2189.1 12551.10 1739.82 13.86
2191.6 12501.53 1724.80 13.80
2194.1 12512.72 1740.55 13.91
2196.6 12513.32 1728.90 13.82
2199.2 12564.98 1747.66 13.91
2201.7 12503.60 1740.69 13.92
2204.1 12450.01 1718.89 13.81
2206.6 12458.20 1738.18 13.95
2209.1 12429.94 1737.32 13.98
2211.6 12413.54 1739.65 14.01
2214.1 12385.83 1733.56 14.00
2216.6 12340.79 1705.45 13.82
2219.1 12355.98 1709.25 13.83
2221.6 12303.15 1716.81 13.95
2224.0 12230.10 1718.31 14.05
2226.5 12198.83 1678.01 13.76
2229.0 12234.63 1655.90 13.53
2231.5 12152.59 1646.90 13.55
2233.9 12137.64 1650.94 13.60
2236.4 12131.98 1636.64 13.49
2238.9 12024.13 1596.50 13.28
2241.3 12068.10 1593.53 13.20
2243.8 12017.57 1620.74 13.49
2246.2 11870.35 1562.30 13.16
2248.7 11882.39 1507.96 12.69
2251.2 11860.53 1545.02 13.03
2253.6 11784.96 1528.32 12.97
2256.1 11773.44 1489.92 12.65
2258.5 11793.92 1517.46 12.87
2260.9 11696.75 1487.98 12.72
2263.4 11668.53 1439.38 12.34
2265.8 11678.48 1434.81 12.29
2268.3 11583.48 1416.19 12.23
2270.7 11653.18 1404.83 12.06
2273.1 11608.55 1392.11 11.99
2275.6 11523.84 1355.52 11.76
2278.0 11553.06 1349.01 11.68
2280.4 11529.61 1354.61 11.75
2282.8 11402.06 1316.37 11.54
2285.3 11435.59 1302.59 11.39
2287.7 11531.47 1331.61 11.55
2290.1 11440.95 1265.07 11.06
2292.5 11408.96 1246.06 10.92
2294.9 11404.51 1280.34 11.23
2297.3 11303.39 1222.10 10.81
2299.7 11233.01 1176.60 10.47
2302.1 11231.11 1166.72 10.39
2304.5 11113.20 1156.40 10.41
2306.9 10995.60 1128.96 10.27
2309.3 10932.15 1128.48 10.32
2311.7 10856.55 1122.55 10.34
2314.1 10708.33 1086.98 10.15
2316.5 10641.94 1083.50 10.18
2318.9 10674.03 1107.61 10.38
2321.3 10672.73 1125.11 10.54
2323.7 10642.23 1110.15 10.43
2326.1 10606.96 1096.16 10.33
2328.4 10691.58 1102.52 10.31
2330.8 10736.25 1124.75 10.48
2333.2 10617.06 1099.60 10.36
2335.6 10582.60 1054.52 9.96
2337.9 10642.00 1055.85 9.92
2340.3 10592.40 1057.98 9.99
2342.7 10507.23 1040.99 9.91
2345.0 10502.01 1031.94 9.83
2347.4 10493.25 1007.25 9.60
2349.7 10277.63 952.58 9.27
2352.1 10236.25 977.74 9.55
2354.4 10290.21 992.92 9.65
2356.8 10243.45 949.67 9.27
2359.2 10187.67 975.00 9.57
2361.5 10122.93 1003.57 9.91
2363.8 10144.75 961.78 9.48
2366.2 10159.49 940.04 9.25
2368.5 10097.05 947.85 9.39
2370.9 10118.68 952.82 9.42
2373.2 10072.53 935.31 9.29
2375.5 9932.38 914.05 9.20
2377.9 9918.93 897.99 9.05
2380.2 9923.89 920.92 9.28
2382.5 9856.28 919.00 9.32
2384.8 9822.88 895.52 9.12
2387.2 9807.99 918.91 9.37
2389.5 9759.69 878.23 9.00
2391.8 9772.85 850.85 8.71
2394.1 9716.63 863.70 8.89
2396.4 9652.48 856.39 8.87
2398.7 9714.10 857.41 8.83
2401.0 9598.25 825.82 8.60
2403.3 9511.80 806.76 8.48
2405.6 9521.83 814.73 8.56
2407.9 9458.88 831.66 8.79
2410.2 9400.00 822.19 8.75
2412.5 9350.27 767.33 8.21
2414.8 9330.30 780.52 8.37
2417.1 9280.68 784.57 8.45
2419.4 9294.64 755.45 8.13
2421.7 9214.94 751.70 8.16
2424.0 9156.02 739.67 8.08
2426.2 9223.40 754.35 8.18
2428.5 9129.27 767.98 8.41
2430.8 9112.40 724.85 7.95
2433.1 9071.93 713.59 7.87
2435.4 8991.17 738.54 8.21
2437.6 8963.19 710.57 7.93
2439.9 8866.09 679.42 7.66
2442.2 8873.80 688.29 7.76
2444.4 8827.50 700.69 7.94
2446.7 8812.56 671.60 7.62
2448.9 8870.66 692.84 7.81
2451.2 8802.92 691.36 7.85
2453.4 8732.64 632.80 7.25
2455.7 8702.87 662.90 7.62
2457.9 8608.05 677.66 7.87
2460.2 8594.01 622.67 7.25
2462.4 8611.20 617.76 7.17
2464.7 8503.63 674.99 7.94
2466.9 8416.62 648.42 7.70
2469.2 8471.54 667.61 7.88
2471.4 8370.38 649.94 7.76
2473.6 8261.63 555.69 6.73
2475.9 8256.69 575.73 6.97
2478.1 8211.66 594.36 7.24
2480.3 8173.00 612.63 7.50
2482.5 8177.69 607.61 7.43
2484.8 8119.06 618.94 7.62
2487.0 8110.30 659.19 8.13
2489.2 8058.48 580.45 7.20
2491.4 7946.29 591.75 7.45
2493.6 7987.26 603.55 7.56
2495.8 7981.68 498.86 6.25
2498.0 7985.07 470.19 5.89
2500.2 7961.63 556.05 6.98
2502.4 8125.20 630.48 7.76
2504.6 8272.59 610.35 7.38
2506.8 8348.61 574.76 6.88
