/*** Spectra Vista SIG Data ***/
name= \My Documents\HR1024_Data\GD2T4.
instrument= HR: 1091052
integration= 200, 60, 30, 500, 60, 30
scan time= 1, 1
scan settings= AD, AI, AD, AI
external data set1= 8224, 8224, 8224, 8224, 8224, 8224, 8224, 8224, 8224, 8224, 8224, 8224, 8224, 8224, 8224, 8224
external data set2= 8224, 8224, 8224, 8224, 8224, 8224, 8224, 8224, 8224, 8224, 8224, 8224, 8224, 8224, 8224, 8224
external data dark= 0,0,0,0,0,0,0,0
external data mask= 0
optic= LENS4 , LENS4 
temp= 32.26, 8.88, -5.37, 41.20, 8.88, -5.30
battery= 7.0, 6.6
error= 0, 0
units= Radiance, Radiance
time= 1/15/08 9:53:06 AM, 1/15/08 10:22:30 AM
longitude= , 
latitude= , 
gpstime= , 
comm= 
memory slot= 0, 0
factors= 
data= 
346.4 509.60 124.85 24.50
347.9 549.06 131.78 24.00
349.5 608.40 128.54 21.13
351.1 655.20 126.05 19.24
352.6 708.40 129.03 18.21
354.2 752.68 145.30 19.30
355.7 818.30 148.17 18.11
357.3 873.81 152.57 17.46
358.8 891.23 146.79 16.47
360.4 967.31 157.58 16.29
361.9 1009.93 158.80 15.72
363.5 1059.53 166.20 15.69
365.1 1102.67 169.21 15.35
366.6 1156.59 171.24 14.81
368.2 1218.77 167.88 13.77
369.7 1306.00 164.56 12.60
371.3 1379.56 173.84 12.60
372.8 1457.48 183.26 12.57
374.4 1528.58 178.89 11.70
375.9 1575.56 178.74 11.34
377.4 1632.76 182.14 11.16
379.0 1683.54 183.31 10.89
380.5 1741.87 178.50 10.25
382.1 1805.51 178.48 9.89
383.6 1862.60 185.98 9.98
385.2 1949.75 183.70 9.42
386.7 2036.04 178.70 8.78
388.3 2135.96 193.49 9.06
389.8 2212.47 193.25 8.73
391.3 2314.34 209.43 9.05
392.9 2392.65 220.77 9.23
394.4 2474.90 221.97 8.97
395.9 2552.82 238.64 9.35
397.5 2664.75 255.82 9.60
399.0 2774.82 253.38 9.13
400.6 2852.64 246.78 8.65
402.1 2910.24 234.26 8.05
403.6 2965.71 229.20 7.73
405.1 3036.77 238.55 7.86
406.7 3133.76 237.44 7.58
408.2 3234.33 246.81 7.63
409.7 3330.88 249.98 7.51
411.3 3437.91 269.89 7.85
412.8 3528.93 276.82 7.84
414.3 3634.54 286.85 7.89
415.8 3740.00 302.00 8.07
417.4 3868.37 309.67 8.01
418.9 3954.39 317.77 8.04
420.4 4037.85 321.03 7.95
421.9 4106.74 325.25 7.92
423.5 4196.00 325.03 7.75
425.0 4263.51 328.14 7.70
426.5 4364.50 335.40 7.68
428.0 4488.82 343.18 7.65
429.5 4615.58 351.55 7.62
431.1 4756.23 355.27 7.47
432.6 4917.76 368.35 7.49
434.1 5064.68 374.22 7.39
435.6 5199.35 388.55 7.47
437.1 5333.25 391.56 7.34
438.6 5454.84 407.15 7.46
440.1 5584.70 419.50 7.51
441.6 5717.14 437.35 7.65
443.1 5852.25 446.31 7.63
444.7 5982.11 463.61 7.75
446.2 6104.50 485.83 7.96
447.7 6213.60 498.81 8.03
449.2 6315.84 522.72 8.28
450.7 6414.72 525.82 8.20
452.2 6543.45 532.12 8.13
453.7 6682.65 549.81 8.23
455.2 6842.54 569.37 8.32
456.7 7029.44 587.14 8.35
458.2 7231.16 606.03 8.38
459.7 7428.75 632.10 8.51
461.2 7633.63 651.64 8.54
462.7 7815.14 670.89 8.58
464.2 8000.76 692.47 8.66
465.7 8191.53 717.21 8.76
467.2 8352.58 733.04 8.78
468.7 8552.00 755.20 8.83
470.2 8711.17 784.37 9.00
471.7 8854.00 818.90 9.25
473.2 9050.37 851.86 9.41
474.6 9252.88 857.36 9.27
476.1 9378.88 842.06 8.98
477.6 9464.51 852.69 9.01
479.1 9567.20 858.30 8.97
480.6 9658.16 868.80 9.00
482.1 9797.74 891.83 9.10
483.6 9963.22 911.65 9.15
485.1 10140.49 939.40 9.26
486.6 10356.19 962.80 9.30
488.0 10562.50 997.10 9.44
489.5 10784.97 1031.02 9.56
491.0 10998.86 1070.06 9.73
492.5 11224.98 1121.69 9.99
494.0 11462.99 1168.04 10.19
495.4 11663.85 1223.64 10.49
496.9 11870.36 1281.89 10.80
498.4 12074.30 1339.78 11.10
499.9 12278.41 1406.98 11.46
501.4 12476.75 1481.85 11.88
502.8 12664.51 1566.18 12.37
504.3 12846.60 1659.60 12.92
505.8 13033.73 1751.48 13.44
507.2 13172.68 1849.72 14.04
508.7 13289.99 1948.55 14.66
510.2 13412.81 2060.21 15.36
511.6 13494.72 2168.50 16.07
513.1 13630.43 2297.86 16.86
514.6 13795.53 2422.93 17.56
516.0 13946.28 2557.53 18.34
517.5 14135.83 2707.10 19.15
519.0 14365.19 2873.71 20.00
520.5 14579.60 3039.90 20.85
521.9 14828.55 3221.78 21.73
523.4 15093.49 3408.83 22.58
524.8 15349.14 3594.15 23.42
526.3 15633.70 3782.70 24.20
527.8 15915.89 3966.91 24.92
529.2 16178.21 4143.48 25.61
530.7 16455.24 4321.04 26.26
532.1 16698.15 4477.45 26.81
533.6 16994.07 4638.20 27.29
535.0 17295.55 4798.33 27.74
536.5 17581.25 4949.98 28.15
538.0 17895.84 5100.48 28.50
539.4 18160.64 5246.28 28.89
540.9 18488.86 5405.24 29.24
542.3 18738.28 5537.64 29.55
543.8 18940.29 5636.90 29.76
545.2 19020.35 5692.51 29.93
546.6 19057.19 5741.64 30.13
548.1 19121.11 5794.97 30.31
549.5 19166.91 5851.19 30.53
551.0 19217.70 5886.87 30.63
552.4 19311.21 5937.71 30.75
553.9 19371.38 5957.84 30.76
555.3 19461.20 5988.06 30.77
556.8 19596.88 6021.17 30.73
558.2 19743.75 6041.93 30.60
559.6 19902.71 6069.96 30.50
561.1 20117.50 6096.35 30.30
562.5 20332.52 6131.17 30.15
564.0 20611.34 6166.92 29.92
565.4 20865.50 6193.76 29.68
566.8 21177.73 6229.76 29.42
568.3 21463.05 6243.45 29.09
569.7 21776.78 6253.41 28.72
571.1 22080.65 6253.89 28.32
572.6 22373.82 6248.66 27.93
574.0 22675.95 6252.18 27.57
575.4 22958.44 6245.78 27.20
576.9 23231.09 6233.54 26.83
578.3 23477.03 6217.64 26.48
579.7 23721.74 6211.28 26.18
581.1 23920.49 6190.96 25.88
582.6 24132.47 6180.76 25.61
584.0 24305.80 6162.42 25.35
585.4 24549.94 6160.22 25.09
586.8 24845.17 6183.03 24.89
588.3 25201.80 6215.04 24.66
589.7 25517.70 6241.25 24.46
591.1 25735.55 6241.33 24.25
592.5 25883.00 6234.55 24.09
594.0 25998.42 6214.22 23.90
595.4 26057.54 6196.43 23.78
596.8 26115.38 6182.75 23.67
598.2 26174.55 6157.82 23.53
599.6 26202.06 6125.54 23.38
601.0 26298.70 6118.18 23.26
602.4 26372.18 6092.48 23.10
603.9 26501.77 6074.64 22.92
605.3 26625.41 6056.94 22.75
606.7 26749.80 6027.12 22.53
608.1 26941.18 6014.58 22.32
609.5 27151.69 5995.81 22.08
610.9 27387.74 5989.03 21.87
612.3 27589.20 5968.70 21.63
613.7 27871.80 5969.60 21.42
615.1 28061.64 5951.23 21.21
616.5 28235.16 5941.71 21.04
617.9 28534.12 5951.04 20.86
619.3 28808.15 5944.92 20.64
620.7 29149.14 5964.52 20.46
622.1 29527.66 6012.93 20.36
623.5 29951.83 6104.33 20.38
624.9 30436.35 6231.33 20.47
626.3 30757.12 6351.50 20.65
627.7 30461.43 6328.87 20.78
629.1 30188.34 6316.17 20.92
630.5 30083.03 6309.69 20.97
631.9 30076.12 6319.47 21.01
633.3 30078.24 6289.62 20.91
634.7 30183.54 6255.24 20.72
636.1 30268.81 6200.16 20.48
637.5 30374.19 6151.46 20.25
638.9 30520.15 6129.91 20.08
640.2 30643.60 6038.27 19.70
641.6 30733.56 5836.90 18.99
643.0 30777.50 5654.54 18.37
644.4 30869.16 5497.96 17.81
645.8 30855.38 5345.97 17.33
647.2 31023.20 5194.90 16.75
648.5 31185.15 5002.89 16.04
649.9 31117.13 4734.37 15.21
651.3 31099.80 4369.68 14.05
652.7 31059.00 4059.60 13.07
654.1 30961.56 4033.42 13.03
655.5 30829.51 4058.53 13.16
656.8 30685.81 4068.02 13.26
658.2 30861.69 4093.50 13.26
659.6 31181.89 4088.65 13.11
660.9 31452.29 4044.17 12.86
662.3 31767.46 4004.73 12.61
663.7 32102.70 3955.56 12.32
665.0 32334.98 3893.44 12.04
666.4 32575.38 3838.42 11.78
667.8 32873.84 3794.35 11.54
669.1 33084.01 3784.89 11.44
670.5 33327.47 3779.44 11.34
671.9 33513.12 3775.63 11.27
673.2 33742.50 3778.34 11.20
674.6 33950.66 3812.44 11.23
676.0 34219.05 3849.05 11.25
677.3 34494.18 3915.97 11.35
678.7 34767.13 4017.95 11.56
680.0 35103.31 4165.46 11.87
681.4 35420.13 4340.09 12.25
682.8 35763.00 4578.21 12.80
684.1 36073.44 4870.94 13.50
685.5 36318.59 5234.57 14.41
686.8 36607.26 5696.38 15.56
688.2 36844.31 6239.23 16.93
689.5 36898.97 6848.51 18.56
690.9 36950.15 7549.19 20.43
692.2 37008.15 8339.52 22.53
693.6 37024.93 9176.31 24.78
694.9 37005.38 10037.90 27.13
696.2 37027.13 10958.58 29.60
697.6 37047.86 11897.33 32.11
698.9 37049.76 12844.13 34.67
700.3 37075.62 13786.81 37.19
701.6 37124.24 14730.79 39.68
703.0 37178.40 15649.57 42.09
704.3 37172.20 16537.43 44.49
705.6 37157.22 17357.15 46.71
707.0 37168.46 18159.35 48.86
708.3 37076.04 18860.07 50.87
709.6 36967.81 19536.85 52.85
711.0 36867.73 20151.39 54.66
712.3 36770.31 20716.03 56.34
713.6 36755.88 21302.06 57.96
714.9 36684.64 21830.07 59.51
716.3 36701.44 22388.33 61.00
717.6 36734.04 22943.42 62.46
718.9 36680.73 23415.80 63.84
720.2 36496.25 23801.88 65.22
721.6 36394.28 24178.34 66.43
722.9 36240.12 24481.58 67.55
724.2 36067.30 24694.71 68.47
725.5 35963.70 24909.17 69.26
726.8 35833.96 25123.14 70.11
728.1 35810.80 25356.54 70.81
729.5 35779.10 25551.92 71.42
730.8 35779.13 25713.89 71.87
732.1 35704.25 25839.31 72.37
733.4 35690.92 25985.40 72.81
734.7 35685.89 26125.29 73.21
736.0 35729.66 26265.17 73.51
737.3 35717.44 26343.84 73.76
738.6 35830.21 26537.93 74.07
739.9 36014.88 26778.53 74.35
741.2 36161.58 26985.50 74.62
742.5 36363.94 27265.97 74.98
743.8 36737.66 27661.10 75.29
745.1 37309.08 28208.01 75.61
746.4 37926.98 28854.83 76.08
747.7 38536.99 29552.96 76.69
749.0 39118.92 30301.93 77.46
750.3 39493.02 30822.37 78.05
751.6 39440.80 30887.67 78.31
752.9 39084.79 30669.80 78.47
754.2 38731.25 30384.77 78.45
755.4 38386.91 30073.73 78.34
756.7 38244.09 29967.46 78.36
758.0 38261.36 29989.84 78.38
759.3 38489.95 30217.62 78.51
760.6 38786.44 30501.86 78.64
761.9 39062.28 30756.01 78.74
763.1 39197.21 30943.50 78.94
764.4 39371.54 31157.76 79.14
765.7 39490.75 31319.60 79.31
767.0 39577.16 31467.54 79.51
768.2 39644.64 31590.72 79.68
769.5 39697.68 31702.10 79.86
770.8 39836.32 31888.56 80.05
772.0 39856.44 31944.70 80.15
773.3 39898.95 32024.50 80.26
774.6 39978.84 32153.47 80.43
775.8 40054.79 32327.88 80.71
777.1 40085.96 32397.30 80.82
778.4 40059.57 32400.37 80.88
779.6 39999.54 32450.80 81.13
780.9 39948.00 32398.40 81.10
782.1 39837.20 32290.04 81.05
783.4 39802.88 32339.84 81.25
784.6 39851.08 32387.62 81.27
785.9 40095.40 32624.01 81.37
787.1 40531.58 33067.36 81.58
788.4 40834.19 33583.87 82.24
789.6 40796.10 33802.63 82.86
790.9 40479.11 33649.72 83.13
792.1 40128.24 33336.26 83.07
793.4 39739.41 33020.33 83.09
794.6 39507.48 32840.00 83.12
795.8 39314.07 32715.68 83.22
797.1 39097.95 32533.74 83.21
798.3 38940.83 32405.01 83.22
799.5 38821.14 32391.95 83.44
800.8 38733.05 32323.62 83.45
802.0 38591.76 32267.38 83.61
803.2 38469.72 32196.86 83.69
804.5 38377.94 32160.40 83.80
805.7 38264.87 32129.65 83.97
806.9 38181.95 32064.15 83.98
808.1 38074.65 32025.29 84.11
809.4 38033.33 32016.60 84.18
810.6 37951.55 31984.68 84.28
811.8 37942.61 31989.21 84.31
813.0 37965.80 31979.74 84.23
814.2 37975.49 32020.81 84.32
815.4 38039.93 32138.91 84.49
816.6 38032.65 32199.84 84.66
817.9 38050.16 32286.88 84.85
819.1 37997.24 32273.76 84.94
820.3 37865.18 32179.53 84.98
821.5 37787.61 32113.42 84.98
822.7 37714.41 32074.54 85.05
823.9 37704.87 32053.49 85.01
825.1 37688.07 32043.51 85.02
826.3 37716.38 32048.25 84.97
827.5 37726.06 32034.41 84.91
828.7 37779.60 32031.26 84.78
829.9 37796.29 32012.99 84.70
831.0 37849.02 32014.28 84.58
832.2 37913.75 32067.21 84.58
833.4 37950.44 32083.64 84.54
834.6 37978.13 32109.38 84.55
835.8 38031.53 32126.22 84.47
837.0 38073.26 32173.00 84.50
838.1 38178.69 32267.62 84.52
839.3 38239.24 32336.80 84.56
840.5 38296.24 32421.65 84.66
841.7 38381.58 32495.47 84.66
842.9 38485.06 32563.42 84.61
844.0 38543.94 32645.58 84.70
845.2 38626.85 32760.53 84.81
846.4 38724.98 32853.91 84.84
847.5 38888.12 33018.36 84.91
848.7 39002.30 33179.20 85.07
849.9 39141.74 33338.63 85.17
851.0 39173.78 33460.74 85.42
852.2 39245.07 33551.80 85.49
853.3 39202.67 33558.49 85.60
854.5 39188.19 33589.88 85.71
855.6 39170.88 33589.51 85.75
856.8 39193.80 33630.45 85.81
857.9 39192.81 33640.44 85.83
859.1 39326.60 33725.52 85.76
860.2 39300.24 33738.67 85.85
861.4 39344.78 33775.77 85.85
862.5 39384.29 33819.22 85.87
863.7 39467.66 33899.84 85.89
864.8 39454.45 33877.76 85.87
865.9 39398.65 33837.36 85.88
867.1 39448.45 33848.56 85.80
868.2 39441.53 33878.14 85.89
869.3 39465.67 33892.22 85.88
870.5 39438.89 33822.74 85.76
871.6 39473.54 33831.56 85.71
872.7 39541.37 33843.35 85.59
873.9 39548.50 33894.01 85.70
875.0 39546.05 33849.36 85.59
876.1 39583.15 33798.57 85.39
877.2 39616.79 33823.87 85.38
878.3 39601.98 33784.34 85.31
879.4 39662.11 33817.51 85.26
880.5 39702.60 33832.08 85.21
881.7 39698.10 33779.72 85.09
882.8 39775.46 33812.15 85.01
883.9 39785.32 33849.49 85.08
885.0 39766.55 33857.46 85.14
886.1 39735.85 33864.50 85.22
887.2 39664.66 33764.80 85.13
888.3 39567.00 33689.50 85.15
889.4 39535.02 33593.07 84.97
890.5 39459.91 33513.01 84.93
891.6 39428.33 33422.95 84.77
892.7 39429.01 33385.28 84.67
893.8 39492.50 33360.12 84.47
894.9 39505.51 33309.89 84.32
896.0 39527.49 33259.26 84.14
897.0 39487.40 33248.08 84.20
898.1 39490.45 33197.24 84.06
899.2 39536.22 33183.15 83.93
900.3 39503.73 33071.58 83.72
901.4 39454.09 32988.71 83.61
902.4 39461.49 32985.90 83.59
903.5 39418.10 32850.31 83.34
904.6 39431.18 32858.68 83.33
905.7 39454.64 32799.55 83.13
906.7 39397.52 32774.42 83.19
907.8 39514.80 32758.54 82.90
908.9 39443.33 32643.03 82.76
909.9 39411.21 32563.80 82.63
911.0 39357.50 32474.59 82.51
912.1 39280.99 32372.89 82.41
913.1 39233.48 32275.98 82.27
914.2 39173.92 32089.65 81.92
915.2 39170.79 32023.94 81.75
916.3 39094.50 31942.92 81.71
917.3 39076.47 31855.20 81.52
918.4 39031.30 31729.72 81.29
919.4 39022.48 31607.39 81.00
920.5 39026.74 31489.97 80.69
921.5 39018.63 31394.30 80.46
922.6 38959.72 31256.25 80.23
923.6 39026.05 31178.27 79.89
924.7 39022.50 31033.10 79.53
925.7 39030.84 30911.90 79.20
926.7 39009.32 30794.98 78.94
927.8 39032.57 30720.69 78.71
928.8 39142.62 30691.93 78.41
929.9 39330.10 30622.98 77.86
930.9 39447.46 30585.20 77.53
931.9 39602.61 30565.74 77.18
932.9 39864.58 30640.01 76.86
934.0 39909.81 30488.94 76.39
935.0 39942.68 30347.01 75.98
936.0 39929.50 30138.42 75.48
937.0 39883.94 29956.37 75.11
938.1 39848.52 29747.83 74.65
939.1 39753.89 29524.59 74.27
940.1 39867.76 29388.51 73.71
941.1 39995.43 29393.13 73.49
942.1 40229.45 29349.13 72.95
943.1 40393.76 29296.58 72.53
944.1 40552.56 29243.10 72.11
945.2 40570.32 29091.89 71.71
946.2 40685.67 28933.79 71.12
947.2 40740.25 28809.75 70.72
948.2 40874.09 28707.04 70.23
949.2 40954.06 28520.05 69.64
950.2 41026.00 28302.32 68.99
951.2 41012.16 28154.45 68.65
952.2 41170.94 28049.70 68.13
953.2 41257.13 27883.31 67.58
954.2 41395.95 27780.21 67.11
955.2 41401.94 27591.05 66.64
956.2 41391.82 27377.46 66.14
957.2 41524.97 27255.45 65.64
958.2 41486.28 27233.53 65.64
959.2 41625.00 27106.20 65.12
960.1 41647.94 27048.18 64.94
961.1 41725.78 26967.70 64.63
962.1 41752.50 26968.13 64.59
963.1 41720.60 26998.90 64.71
964.1 41837.60 27000.19 64.54
965.1 41932.95 26970.60 64.32
966.1 41961.44 26951.33 64.23
967.0 42058.17 26962.54 64.11
968.0 42094.69 26965.55 64.06
969.0 42115.20 26964.00 64.02
970.0 42092.26 26937.28 64.00
971.0 42266.18 27041.24 63.98
971.9 42275.33 27027.87 63.93
972.9 42388.85 27046.25 63.81
973.9 42492.13 27164.15 63.93
974.9 42580.28 27223.37 63.93
975.8 42630.52 27349.38 64.15
976.8 42806.43 27381.72 63.97
977.8 42848.34 27435.68 64.03
978.8 42868.95 27539.64 64.24
979.7 43050.58 27619.84 64.16
980.7 43264.32 27771.88 64.19
981.7 43347.07 27808.21 64.15
982.6 43545.07 28018.64 64.34
983.6 44003.55 28170.85 64.02
984.6 44377.46 28498.18 64.22
985.5 44900.28 29016.72 64.62
986.5 45688.01 29594.45 64.78
987.5 46285.78 30026.18 64.87
988.4 47161.40 30814.96 65.34
989.4 47812.76 31459.05 65.80
990.4 48753.98 32930.83 67.54
991.3 50274.64 34357.18 68.34
992.3 50864.45 34822.59 68.46
993.2 51610.85 35992.96 69.74
994.2 53891.66 37344.65 69.30
995.2 55394.96 38720.51 69.90
996.1 55625.12 39854.48 71.65
997.1 56348.70 40128.09 71.21
998.0 54473.40 40015.68 73.46
999.0 55283.87 40613.77 73.46
1000.0 55127.21 40051.60 72.65
1000.9 55875.58 39663.79 70.99
1001.9 56355.47 40219.15 71.37
1002.8 54776.67 40308.94 73.59
1003.8 57170.04 41022.78 71.76
1004.8 54763.20 41620.03 76.00
961.5 49984.08 26587.28 53.19
965.5 48959.90 26441.76 54.01
969.5 47367.08 25971.34 54.83
973.4 45664.01 25514.15 55.87
977.4 44063.24 25132.58 57.04
981.4 43484.76 25233.79 58.03
985.3 43466.28 25450.39 58.55
989.3 43739.41 25745.29 58.86
993.3 44088.36 26146.09 59.30
997.2 44246.85 26432.42 59.74
1001.2 44240.69 26726.31 60.41
1005.2 44147.66 27078.90 61.34
1009.1 44170.72 27483.02 62.22
1013.1 44298.35 27947.86 63.09
1017.1 44409.64 28448.30 64.06
1021.0 44418.65 28887.26 65.03
1025.0 44431.92 29315.17 65.98
1029.0 44310.95 29652.54 66.92
1032.9 44196.36 30007.90 67.90
1036.9 44214.81 30410.12 68.78
1040.9 44317.48 30860.22 69.63
1044.8 44471.57 31352.33 70.50
1048.8 44586.22 31780.64 71.28
1052.7 44660.98 32135.65 71.95
1056.7 44664.90 32411.57 72.57
1060.7 44652.74 32607.60 73.02
1064.6 44643.90 32765.36 73.39
1068.6 44545.19 32808.16 73.65
1072.5 44448.63 32783.44 73.76
1076.5 44390.31 32741.76 73.76
1080.4 44363.13 32678.60 73.66
1084.4 44428.99 32646.05 73.48
1088.3 44526.89 32549.56 73.10
1092.3 44515.11 32335.85 72.64
1096.2 44485.25 32072.99 72.10
1100.2 44489.30 31817.67 71.52
1104.1 44387.15 31482.86 70.93
1108.1 44344.78 31163.82 70.28
1112.0 44255.25 30798.45 69.59
1116.0 44078.91 30363.97 68.89
1119.9 43920.46 29857.95 67.98
1123.9 43980.05 29370.26 66.78
1127.8 43933.44 28650.24 65.21
1131.8 43891.20 27694.89 63.10
1135.7 43904.71 26575.20 60.53
1139.6 43873.24 25373.16 57.83
1143.6 43814.30 24213.17 55.26
1147.5 43764.96 23208.92 53.03
1151.4 43600.54 22373.62 51.32
1155.4 43567.43 21820.42 50.08
1159.3 43548.37 21448.76 49.25
1163.2 43379.84 21153.81 48.76
1167.2 43333.14 20995.74 48.45
1171.1 43320.14 20878.23 48.20
1175.0 43247.45 20755.71 47.99
1179.0 43203.54 20648.98 47.79
1182.9 43281.26 20606.48 47.61
1186.8 43262.79 20533.62 47.46
1190.7 43059.97 20377.77 47.32
1194.7 42822.73 20232.66 47.25
1198.6 42602.18 20128.19 47.25
1202.5 42456.57 20060.83 47.25
1206.4 42335.53 20036.66 47.33
1210.3 42230.32 20042.09 47.46
1214.2 42126.94 20073.28 47.65
1218.2 41984.08 20111.98 47.90
1222.1 41854.50 20167.45 48.18
1226.0 41760.57 20249.60 48.49
1229.9 41673.90 20323.38 48.77
1233.8 41576.55 20392.20 49.05
1237.7 41528.30 20478.70 49.31
1241.6 41457.25 20538.06 49.54
1245.5 41309.15 20539.78 49.72
1249.4 41175.26 20560.68 49.93
1253.3 41058.30 20587.05 50.14
1257.2 40978.33 20589.23 50.24
1261.1 40873.57 20566.55 50.32
1265.0 40757.89 20510.76 50.32
1268.9 40587.74 20404.33 50.27
1272.8 40626.75 20403.15 50.22
1276.7 40780.33 20428.59 50.09
1280.6 40842.56 20361.85 49.85
1284.5 40748.73 20214.42 49.61
1288.4 40697.88 20080.48 49.34
1292.3 40562.50 19852.25 48.94
1296.2 40411.46 19562.51 48.41
1300.1 40239.63 19249.46 47.84
1303.9 40009.73 18889.52 47.21
1307.8 39785.54 18468.68 46.42
1311.7 39554.21 18015.22 45.55
1315.6 39326.35 17547.14 44.62
1319.5 39086.11 17043.87 43.61
1323.3 38870.69 16547.31 42.57
1327.2 38681.53 16052.15 41.50
1331.1 38474.56 15546.80 40.41
1335.0 38203.08 15043.00 39.38
1338.8 38009.09 14583.35 38.37
1342.7 37876.27 14162.07 37.39
1346.5 37598.34 13705.99 36.45
1350.4 37400.07 13302.52 35.57
1354.3 37094.65 12895.31 34.76
1358.1 36731.71 12484.26 33.99
1362.0 36487.36 12110.64 33.19
1365.8 36370.47 11748.90 32.30
1369.7 36432.94 11393.95 31.27
1373.5 36366.82 10930.00 30.05
1377.4 36166.21 10358.41 28.64
1381.2 35990.96 9714.43 26.99
1385.1 35936.27 9034.96 25.14
1389.0 35813.45 8330.13 23.26
1392.8 35598.92 7658.83 21.51
1396.6 35460.61 7065.04 19.92
1400.5 35253.63 6525.32 18.51
1404.3 35072.57 6078.56 17.33
1408.2 35016.72 5736.53 16.38
1412.0 34945.02 5464.99 15.64
1415.8 34962.39 5272.88 15.08
1419.6 34891.95 5117.45 14.67
1423.5 34842.23 4994.96 14.34
1427.3 34796.45 4893.43 14.06
1431.1 34758.75 4824.38 13.88
1434.9 34669.05 4772.50 13.77
1438.8 34606.94 4738.81 13.69
1442.6 34573.84 4706.01 13.61
1446.4 34441.31 4669.93 13.56
1450.2 34332.12 4655.75 13.56
1454.0 34220.52 4639.80 13.56
1457.8 34188.19 4646.01 13.59
1461.6 34155.00 4665.57 13.66
1465.4 34045.70 4683.79 13.76
1469.2 33870.20 4704.70 13.89
1473.0 33726.92 4747.55 14.08
1476.8 33664.28 4824.80 14.33
1480.7 33601.58 4902.13 14.59
1484.4 33488.64 4993.20 14.91
1488.2 33386.04 5107.20 15.30
1492.0 33257.25 5212.01 15.67
1495.8 33142.20 5316.68 16.04
1499.6 33034.11 5405.79 16.36
1503.4 32933.47 5472.90 16.62
1507.2 32852.74 5535.31 16.85
1510.9 32722.34 5599.77 17.11
1514.7 32573.11 5640.05 17.32
1518.5 32453.90 5675.60 17.49
1522.3 32317.90 5756.67 17.81
1526.0 32200.64 5866.78 18.22
1529.8 32127.61 5976.56 18.60
1533.6 32011.66 6041.92 18.87
1537.3 31894.88 6093.74 19.11
1541.1 31782.08 6161.29 19.39
1544.8 31651.20 6232.80 19.69
1548.6 31528.46 6310.50 20.02
1552.4 31450.00 6392.97 20.33
1556.1 31366.15 6487.72 20.68
1559.9 31270.43 6578.71 21.04
1563.6 31150.17 6646.20 21.34
1567.3 31046.10 6725.46 21.66
1571.1 30855.35 6786.70 22.00
1574.8 30723.08 6860.24 22.33
1578.6 30633.26 6939.53 22.65
1582.3 30519.48 6985.44 22.89
1586.0 30400.45 7029.86 23.12
1589.8 30269.89 7073.64 23.37
1593.5 30123.48 7095.51 23.55
1597.2 29998.09 7123.77 23.75
1600.9 29883.71 7168.15 23.99
1604.7 29753.95 7201.79 24.20
1608.4 29639.51 7239.65 24.43
1612.1 29489.62 7269.08 24.65
1615.8 29365.23 7292.59 24.83
1619.5 29298.37 7331.22 25.02
1623.2 29161.12 7355.46 25.22
1626.9 29003.45 7358.04 25.37
1630.6 28846.40 7359.22 25.51
1634.3 28721.00 7370.06 25.66
1638.0 28599.28 7387.30 25.83
1641.7 28456.49 7402.96 26.02
1645.4 28299.47 7399.85 26.15
1649.1 28138.66 7381.10 26.23
1652.8 28008.70 7373.95 26.33
1656.4 27859.80 7349.79 26.38
1660.1 27720.43 7324.56 26.42
1663.8 27551.22 7295.05 26.48
1667.5 27406.07 7267.99 26.52
1671.1 27282.14 7239.26 26.53
1674.8 27100.13 7176.31 26.48
1678.5 27060.12 7141.87 26.39
1682.1 27085.37 7116.64 26.27
1685.8 27087.74 7080.18 26.14
1689.5 26985.46 7018.11 26.01
1693.1 26859.21 6941.73 25.84
1696.8 26718.75 6861.38 25.68
1700.4 26575.97 6764.88 25.45
1704.0 26457.91 6676.07 25.23
1707.7 26210.69 6562.22 25.04
1711.3 25940.59 6425.50 24.77
1715.0 25755.85 6314.63 24.52
1718.6 25603.66 6210.43 24.26
1722.2 25471.82 6113.91 24.00
1725.9 25346.15 6020.44 23.75
1729.5 25225.17 5925.86 23.49
1733.1 25122.33 5867.95 23.36
1736.7 25028.77 5824.77 23.27
1740.3 24869.68 5762.37 23.17
1744.0 24796.20 5719.25 23.07
1747.5 24670.34 5649.93 22.90
1751.2 24460.97 5547.26 22.68
1754.8 24300.77 5454.50 22.45
1758.4 24168.99 5371.15 22.22
1762.0 24004.67 5296.41 22.06
1765.5 23878.06 5246.24 21.97
1769.1 23824.80 5210.40 21.87
1772.7 23745.17 5168.84 21.77
1776.3 23631.64 5120.47 21.67
1779.9 23517.13 5080.54 21.60
1783.5 23453.36 5046.80 21.52
1787.0 23338.16 5003.00 21.44
1790.6 23194.11 4961.74 21.39
1794.2 23099.94 4936.23 21.37
1797.8 23019.59 4921.59 21.38
1801.3 22943.45 4906.44 21.38
1804.9 22821.75 4874.63 21.36
1808.4 22758.56 4862.92 21.37
1812.0 22651.25 4843.56 21.38
1815.5 22537.46 4809.40 21.34
1819.1 22377.91 4768.88 21.31
1822.6 22230.86 4744.58 21.34
1826.2 22108.08 4706.41 21.29
1829.7 21962.63 4653.10 21.19
1833.2 21769.52 4599.63 21.13
1836.8 21568.82 4538.63 21.04
1840.3 21408.35 4484.03 20.95
1843.8 21283.15 4428.13 20.81
1847.3 21175.36 4364.92 20.61
1850.8 21026.88 4298.11 20.44
1854.3 20829.70 4198.66 20.16
1857.8 20716.80 4092.40 19.75
1861.3 20743.52 3993.02 19.25
1864.8 20771.48 3862.44 18.59
1868.3 20668.83 3694.54 17.87
1871.8 20505.60 3456.00 16.85
1875.3 20412.67 3240.97 15.88
1878.8 20386.82 3054.93 14.98
1882.3 20318.80 2827.71 13.92
1885.8 20165.84 2634.17 13.06
1889.3 19976.70 2493.96 12.48
1892.7 19815.25 2390.58 12.06
1896.2 19650.94 2305.63 11.73
1899.7 19441.16 2260.85 11.63
1903.1 19313.45 2263.80 11.72
1906.6 19304.54 2342.86 12.14
1910.0 19451.18 2564.30 13.18
1913.5 19794.95 2895.46 14.63
1917.0 20308.75 3323.25 16.36
1920.4 20662.58 3698.00 17.90
1923.8 20806.27 4009.54 19.27
1871.2 18887.00 2426.69 12.85
1873.9 18953.16 2255.05 11.90
1876.7 18991.47 2196.70 11.57
1879.5 19143.67 2156.50 11.26
1882.3 18900.39 1912.59 10.12
1885.1 18757.12 1775.72 9.47
1887.8 18909.61 1682.32 8.90
1890.6 18719.80 1551.54 8.29
1893.4 18700.00 1430.00 7.65
1896.2 18690.78 1402.84 7.51
1898.9 18634.09 1355.32 7.27
1901.7 18493.24 1257.96 6.80
1904.5 18663.12 1248.44 6.69
1907.2 18605.75 1216.00 6.54
1910.0 18464.96 1210.53 6.56
1912.7 18451.36 1221.02 6.62
1915.5 18338.72 1208.03 6.59
1918.2 18231.61 1162.96 6.38
1921.0 18078.76 1162.16 6.43
1923.7 18082.37 1193.93 6.60
1926.5 18028.91 1175.66 6.52
1929.2 17989.40 1183.26 6.58
1932.0 17961.44 1181.84 6.58
1934.7 17922.05 1175.63 6.56
1937.4 17800.47 1175.53 6.60
1940.2 17730.06 1164.79 6.57
1942.9 17801.07 1178.42 6.62
1945.6 17808.94 1220.08 6.85
1948.3 17731.12 1224.39 6.91
1951.1 17698.80 1219.05 6.89
1953.8 17700.00 1227.00 6.93
1956.5 17568.67 1239.93 7.06
1959.2 17632.03 1252.81 7.11
1961.9 17647.56 1281.40 7.26
1964.6 17543.58 1303.05 7.43
1967.3 17598.27 1290.50 7.33
1970.0 17419.60 1290.56 7.41
1972.8 17335.24 1309.04 7.55
1975.5 17419.52 1308.22 7.51
1978.2 17336.04 1337.36 7.71
1980.9 17221.82 1361.31 7.90
1983.5 17185.34 1366.92 7.95
1986.2 17183.55 1379.34 8.03
1988.9 17157.36 1390.98 8.11
1991.6 17017.92 1404.88 8.26
1994.3 16893.86 1403.73 8.31
1997.0 16913.63 1409.95 8.34
1999.7 16876.79 1432.96 8.49
2002.3 16857.27 1472.85 8.74
2005.0 16785.35 1484.36 8.84
2007.7 16706.93 1482.07 8.87
2010.4 16656.07 1493.17 8.96
2013.0 16600.58 1499.32 9.03
2015.7 16495.88 1494.72 9.06
2018.4 16401.61 1528.96 9.32
2021.0 16371.00 1538.50 9.40
2023.7 16264.64 1529.23 9.40
2026.4 16195.83 1543.53 9.53
2029.0 16138.97 1546.42 9.58
2031.7 16029.65 1540.72 9.61
2034.3 16012.75 1540.72 9.62
2037.0 15932.90 1559.51 9.79
2039.6 15864.39 1569.84 9.90
2042.3 15822.15 1578.28 9.98
2044.9 15747.27 1573.61 9.99
2047.5 15719.22 1568.00 9.98
2050.2 15638.00 1584.80 10.13
2052.8 15596.00 1596.00 10.23
2055.4 15487.61 1582.94 10.22
2058.1 15363.60 1579.20 10.28
2060.7 15311.01 1601.54 10.46
2063.3 15243.07 1607.91 10.55
2065.9 15200.63 1605.21 10.56
2068.6 15142.00 1616.38 10.67
2071.2 15102.27 1623.78 10.75
2073.8 15013.06 1623.03 10.81
2076.4 14939.89 1633.48 10.93
2079.0 14937.96 1649.47 11.04
2081.6 14955.68 1654.24 11.06
2084.2 14929.44 1647.85 11.04
2086.8 14795.01 1654.58 11.18
2089.4 14708.12 1670.80 11.36
2092.1 14645.50 1663.17 11.36
2094.7 14574.18 1669.58 11.46
2097.2 14543.50 1683.00 11.57
2099.8 14569.24 1665.30 11.43
2102.4 14455.51 1669.04 11.55
2105.0 14315.55 1695.75 11.85
2107.6 14281.54 1697.61 11.89
2110.2 14245.28 1693.63 11.89
2112.8 14225.04 1709.41 12.02
2115.3 14222.61 1729.11 12.16
2117.9 14223.97 1735.20 12.20
2120.5 14225.20 1751.92 12.32
2123.1 14136.53 1731.60 12.25
2125.6 14079.43 1739.43 12.35
2128.2 14012.88 1753.07 12.51
2130.8 13940.55 1746.23 12.53
2133.3 13889.33 1762.93 12.69
2135.9 13802.30 1753.23 12.70
2138.4 13704.95 1744.43 12.73
2141.0 13601.55 1745.37 12.83
2143.6 13585.34 1747.27 12.86
2146.1 13439.94 1733.62 12.90
2148.7 13282.54 1729.70 13.02
2151.2 13302.67 1739.47 13.08
2153.8 13324.47 1742.45 13.08
2156.3 13227.98 1733.61 13.11
2158.8 13160.05 1745.42 13.26
2161.4 13128.93 1739.52 13.25
2163.9 13034.58 1724.78 13.23
2166.4 12973.85 1744.43 13.45
2169.0 12959.07 1750.35 13.51
2171.5 12876.28 1723.74 13.39
2174.0 12786.55 1704.68 13.33
2176.5 12767.30 1713.27 13.42
2179.1 12718.27 1719.66 13.52
2181.6 12644.21 1724.63 13.64
2184.1 12612.60 1721.72 13.65
2186.6 12631.79 1710.39 13.54
2189.1 12551.10 1694.88 13.50
2191.6 12501.53 1685.60 13.48
2194.1 12512.72 1717.30 13.72
2196.6 12513.32 1745.89 13.95
2199.2 12564.98 1730.21 13.77
2201.7 12503.60 1694.13 13.55
2204.1 12450.01 1689.57 13.57
2206.6 12458.20 1719.53 13.80
2209.1 12429.94 1714.61 13.79
2211.6 12413.54 1701.58 13.71
2214.1 12385.83 1703.15 13.75
2216.6 12340.79 1713.05 13.88
2219.1 12355.98 1694.06 13.71
2221.6 12303.15 1663.51 13.52
2224.0 12230.10 1653.54 13.52
2226.5 12198.83 1647.57 13.51
2229.0 12234.63 1648.29 13.47
2231.5 12152.59 1616.26 13.30
2233.9 12137.64 1612.45 13.28
2236.4 12131.98 1594.18 13.14
2238.9 12024.13 1584.88 13.18
2241.3 12068.10 1593.53 13.20
2243.8 12017.57 1554.67 12.94
2246.2 11870.35 1539.04 12.97
2248.7 11882.39 1515.67 12.76
2251.2 11860.53 1479.68 12.48
2253.6 11784.96 1466.88 12.45
2256.1 11773.44 1443.84 12.26
2258.5 11793.92 1436.78 12.18
2260.9 11696.75 1418.95 12.13
2263.4 11668.53 1412.51 12.11
2265.8 11678.48 1384.80 11.86
2268.3 11583.48 1377.70 11.89
2270.7 11653.18 1377.96 11.82
2273.1 11608.55 1323.08 11.40
2275.6 11523.84 1332.48 11.56
2278.0 11553.06 1341.32 11.61
2280.4 11529.61 1319.98 11.45
2282.8 11402.06 1297.01 11.38
2285.3 11435.59 1294.82 11.32
2287.7 11531.47 1284.75 11.14
2290.1 11440.95 1292.74 11.30
2292.5 11408.96 1265.90 11.10
2294.9 11404.51 1205.26 10.57
2297.3 11303.39 1233.96 10.92
2299.7 11233.01 1204.24 10.72
2302.1 11231.11 1135.29 10.11
2304.5 11113.20 1109.36 9.98
2306.9 10995.60 1093.68 9.95
2309.3 10932.15 1077.54 9.86
2311.7 10856.55 1110.78 10.23
2314.1 10708.33 1098.80 10.26
2316.5 10641.94 1055.92 9.92
2318.9 10674.03 1064.25 9.97
2321.3 10672.73 1097.38 10.28
2323.7 10642.23 1090.18 10.24
2326.1 10606.96 1067.95 10.07
2328.4 10691.58 1078.11 10.08
2330.8 10736.25 1051.13 9.79
2333.2 10617.06 1062.53 10.01
2335.6 10582.60 1087.74 10.28
2337.9 10642.00 1055.85 9.92
2340.3 10592.40 1007.60 9.51
2342.7 10507.23 1007.14 9.59
2345.0 10502.01 1023.45 9.75
2347.4 10493.25 1032.75 9.84
2349.7 10277.63 982.48 9.56
2352.1 10236.25 930.57 9.09
2354.4 10290.21 945.63 9.19
2356.8 10243.45 936.72 9.14
2359.2 10187.67 936.00 9.19
2361.5 10122.93 955.57 9.44
2363.8 10144.75 957.38 9.44
2366.2 10159.49 948.87 9.34
2368.5 10097.05 925.60 9.17
2370.9 10118.68 943.87 9.33
2373.2 10072.53 953.29 9.46
2375.5 9932.38 909.53 9.16
2377.9 9918.93 893.43 9.01
2380.2 9923.89 902.59 9.10
2382.5 9856.28 882.24 8.95
2384.8 9822.88 853.76 8.69
2387.2 9807.99 848.59 8.65
2389.5 9759.69 882.95 9.05
2391.8 9772.85 869.86 8.90
2394.1 9716.63 830.11 8.54
2396.4 9652.48 812.84 8.42
2398.7 9714.10 808.70 8.32
2401.0 9598.25 786.26 8.19
2403.3 9511.80 776.88 8.17
2405.6 9521.83 839.72 8.82
2407.9 9458.88 821.64 8.69
2410.2 9400.00 777.07 8.27
2412.5 9350.27 777.50 8.32
2414.8 9330.30 739.44 7.93
2417.1 9280.68 753.60 8.12
2419.4 9294.64 797.13 8.58
2421.7 9214.94 746.45 8.10
2424.0 9156.02 723.82 7.91
2426.2 9223.40 732.95 7.95
2428.5 9129.27 724.72 7.94
2430.8 9112.40 724.85 7.95
2433.1 9071.93 730.18 8.05
2435.4 8991.17 716.16 7.97
2437.6 8963.19 688.19 7.68
2439.9 8866.09 645.73 7.28
2442.2 8873.80 654.16 7.37
2444.4 8827.50 694.94 7.87
2446.7 8812.56 648.24 7.36
2448.9 8870.66 627.70 7.08
2451.2 8802.92 667.52 7.58
2453.4 8732.64 681.01 7.80
2455.7 8702.87 656.82 7.55
2457.9 8608.05 647.13 7.52
2460.2 8594.01 635.00 7.39
2462.4 8611.20 642.72 7.46
2464.7 8503.63 630.83 7.42
2466.9 8416.62 622.74 7.40
2469.2 8471.54 622.24 7.35
2471.4 8370.38 564.59 6.75
2473.6 8261.63 589.16 7.13
2475.9 8256.69 602.83 7.30
2478.1 8211.66 567.03 6.91
2480.3 8173.00 598.70 7.33
2482.5 8177.69 550.42 6.73
2484.8 8119.06 517.00 6.37
2487.0 8110.30 533.28 6.58
2489.2 8058.48 527.68 6.55
2491.4 7946.29 561.01 7.06
2493.6 7987.26 548.68 6.87
2495.8 7981.68 522.61 6.55
2498.0 7985.07 543.15 6.80
2500.2 7961.63 589.75 7.41
2502.4 8125.20 568.32 6.99
2504.6 8272.59 535.23 6.47
2506.8 8348.61 555.28 6.65
