/*** Spectra Vista SIG Data ***/
name= \My Documents\HR1024_Data\GD6T6.
instrument= HR: 1091052
integration= 400, 60, 30, 1000, 60, 30
scan time= 1, 1
scan settings= AD, AI, AD, AI
external data set1= 8224, 8224, 8224, 8224, 8224, 8224, 8224, 8224, 8224, 8224, 8224, 8224, 8224, 8224, 8224, 8224
external data set2= 8224, 8224, 8224, 8224, 8224, 8224, 8224, 8224, 8224, 8224, 8224, 8224, 8224, 8224, 8224, 8224
external data dark= 0,0,0,0,0,0,0,0
external data mask= 0
optic= LENS4 , LENS4 
temp= 32.98, 8.94, -5.37, 35.48, 8.88, -5.37
battery= 7.1, 7.0
error= 0, 0
units= Radiance, Radiance
time= 4/7/08 10:35:00 AM, 4/7/08 10:38:19 AM
longitude= , 
latitude= , 
gpstime= , 
comm= 
memory slot= 0, 0
factors= 
data= 
346.4 350.35 54.78 15.64
347.9 381.21 55.85 14.65
349.5 410.28 52.42 12.78
351.1 433.68 58.03 13.38
352.6 475.96 62.62 13.16
354.2 499.06 64.14 12.85
355.7 540.48 59.27 10.97
357.3 582.54 65.88 11.31
358.8 588.91 65.01 11.04
360.4 636.67 69.65 10.94
361.9 668.64 72.44 10.83
363.5 692.50 74.79 10.80
365.1 712.57 74.20 10.41
366.6 747.47 73.88 9.88
368.2 792.37 70.51 8.90
369.7 840.74 71.18 8.47
371.3 898.85 77.04 8.57
372.8 941.22 73.04 7.76
374.4 986.23 75.43 7.65
375.9 1017.83 73.48 7.22
377.4 1052.18 80.66 7.67
379.0 1086.82 78.93 7.26
380.5 1123.29 76.94 6.85
382.1 1153.93 81.56 7.07
383.6 1194.95 81.08 6.79
385.2 1251.25 77.00 6.15
386.7 1299.60 81.77 6.29
388.3 1372.34 86.42 6.30
389.8 1424.66 86.74 6.09
391.3 1483.01 89.12 6.01
392.9 1530.61 89.33 5.84
394.4 1562.39 99.11 6.34
395.9 1621.81 99.85 6.16
397.5 1711.90 105.30 6.15
399.0 1784.48 105.68 5.92
400.6 1838.09 104.71 5.70
402.1 1856.31 101.14 5.45
403.6 1888.03 98.30 5.21
405.1 1944.54 98.71 5.08
406.7 2010.40 102.14 5.08
408.2 2079.37 106.92 5.14
409.7 2148.16 106.62 4.96
411.3 2213.53 107.87 4.87
412.8 2271.65 112.81 4.97
414.3 2341.03 115.03 4.91
415.8 2417.50 121.00 5.01
417.4 2490.79 124.48 5.00
418.9 2548.98 125.99 4.94
420.4 2593.45 123.63 4.77
421.9 2640.22 128.74 4.88
423.5 2679.41 129.36 4.83
425.0 2722.85 129.91 4.77
426.5 2778.88 132.44 4.77
428.0 2849.90 130.54 4.58
429.5 2939.79 135.49 4.61
431.1 3042.79 139.71 4.59
432.6 3149.06 144.19 4.58
434.1 3259.99 147.07 4.51
435.6 3346.58 152.87 4.57
437.1 3441.75 154.44 4.49
438.6 3531.11 160.34 4.54
440.1 3611.12 166.13 4.60
441.6 3703.62 167.41 4.52
443.1 3787.76 172.13 4.54
444.7 3873.68 175.91 4.54
446.2 3941.61 181.03 4.59
447.7 4009.71 182.96 4.56
449.2 4084.56 186.62 4.57
450.7 4145.44 184.29 4.45
452.2 4210.01 188.64 4.48
453.7 4291.20 187.74 4.38
455.2 4393.26 193.86 4.41
456.7 4515.28 198.18 4.39
458.2 4654.47 203.06 4.36
459.7 4795.00 212.80 4.44
461.2 4934.06 219.57 4.45
462.7 5054.96 225.54 4.46
464.2 5177.07 230.58 4.45
465.7 5301.12 236.57 4.46
467.2 5404.44 242.17 4.48
468.7 5508.00 250.80 4.55
470.2 5586.81 262.61 4.70
471.7 5702.38 269.33 4.72
473.2 5885.72 274.34 4.66
474.6 6027.25 270.32 4.49
476.1 6074.86 273.48 4.50
477.6 6093.70 277.57 4.56
479.1 6122.60 281.25 4.59
480.6 6163.05 283.08 4.59
482.1 6243.66 285.17 4.57
483.6 6332.42 288.20 4.55
485.1 6458.38 295.91 4.58
486.6 6604.00 299.52 4.54
488.0 6753.50 311.35 4.61
489.5 6913.82 317.83 4.60
491.0 7075.65 324.76 4.59
492.5 7238.97 335.34 4.63
494.0 7404.10 344.33 4.65
495.4 7549.58 354.09 4.69
496.9 7695.36 363.39 4.72
498.4 7836.28 376.41 4.80
499.9 7979.51 386.44 4.84
501.4 8103.78 395.42 4.88
502.8 8223.51 406.61 4.94
504.3 8333.10 414.36 4.97
505.8 8444.88 426.90 5.06
507.2 8514.20 436.75 5.13
508.7 8565.01 443.12 5.17
510.2 8590.79 454.06 5.29
511.6 8618.22 462.96 5.37
513.1 8670.26 469.00 5.41
514.6 8732.77 476.73 5.46
516.0 8783.27 484.84 5.52
517.5 8880.96 495.82 5.58
519.0 8994.65 511.14 5.68
520.5 9112.66 524.47 5.76
521.9 9263.01 539.87 5.83
523.4 9434.43 560.16 5.94
524.8 9608.27 577.26 6.01
526.3 9802.81 598.81 6.11
527.8 10000.35 618.23 6.18
529.2 10181.33 639.52 6.28
530.7 10383.39 659.26 6.35
532.1 10567.68 681.29 6.45
533.6 10773.42 698.00 6.48
535.0 10980.59 720.72 6.56
536.5 11186.70 744.77 6.66
538.0 11401.56 769.12 6.75
539.4 11601.83 795.00 6.85
540.9 11838.18 821.77 6.94
542.3 12056.36 843.71 7.00
543.8 12205.88 861.88 7.06
545.2 12241.58 876.26 7.16
546.6 12248.30 889.73 7.26
548.1 12260.70 903.59 7.37
549.5 12261.13 912.66 7.44
551.0 12260.01 925.97 7.55
552.4 12274.54 941.50 7.67
553.9 12279.40 952.28 7.76
555.3 12300.80 964.90 7.84
556.8 12360.66 982.51 7.95
558.2 12414.09 999.00 8.05
559.6 12499.51 1020.58 8.16
561.1 12612.44 1041.63 8.26
562.5 12742.28 1066.94 8.37
564.0 12915.37 1097.14 8.49
565.4 13070.62 1124.65 8.60
566.8 13269.64 1159.60 8.74
568.3 13461.39 1190.70 8.85
569.7 13659.35 1228.65 8.99
571.1 13859.91 1266.82 9.14
572.6 14064.03 1300.54 9.25
574.0 14250.23 1339.80 9.40
575.4 14437.41 1379.36 9.55
576.9 14612.77 1414.41 9.68
578.3 14771.90 1450.02 9.82
579.7 14927.19 1487.34 9.96
581.1 15049.34 1523.58 10.12
582.6 15179.87 1562.18 10.29
584.0 15306.40 1597.21 10.43
585.4 15471.50 1637.85 10.59
586.8 15703.41 1678.55 10.69
588.3 15959.97 1719.43 10.77
589.7 16164.72 1756.40 10.87
591.1 16308.26 1789.24 10.97
592.5 16380.50 1815.43 11.08
594.0 16416.90 1837.72 11.19
595.4 16426.30 1857.80 11.31
596.8 16438.21 1879.45 11.43
598.2 16446.40 1894.78 11.52
599.6 16446.15 1910.20 11.61
601.0 16488.64 1934.24 11.73
602.4 16524.83 1952.09 11.81
603.9 16595.00 1974.64 11.90
605.3 16677.56 2002.01 12.00
606.7 16748.10 2022.84 12.08
608.1 16880.08 2059.54 12.20
609.5 17023.96 2095.76 12.31
610.9 17200.20 2140.14 12.44
612.3 17363.60 2181.90 12.57
613.7 17583.26 2231.38 12.69
615.1 17730.09 2271.89 12.81
616.5 17885.32 2316.98 12.95
617.9 18120.27 2374.26 13.10
619.3 18343.55 2434.14 13.27
620.7 18613.68 2509.71 13.48
622.1 18877.69 2517.03 13.33
623.5 19168.37 2485.15 12.96
624.9 19495.88 2466.66 12.65
626.3 19705.80 2456.79 12.47
627.7 19502.63 2446.03 12.54
629.1 19316.59 2467.02 12.77
630.5 19234.56 2527.21 13.14
631.9 19243.16 2600.16 13.51
633.3 19227.78 2670.20 13.89
634.7 19307.14 2739.40 14.19
636.1 19335.07 2794.18 14.45
637.5 19378.14 2851.65 14.72
638.9 19457.31 2921.94 15.02
640.2 19514.53 2983.14 15.29
641.6 19531.98 3040.60 15.57
643.0 19504.65 3078.22 15.78
644.4 19507.28 3118.77 15.99
645.8 19449.04 3129.87 16.09
647.2 19526.59 3167.03 16.22
648.5 19579.91 3202.94 16.36
649.9 19492.88 3218.94 16.51
651.3 19428.45 3250.23 16.73
652.7 19344.30 3251.76 16.81
654.1 19217.52 3188.16 16.59
655.5 19076.42 3094.48 16.22
656.8 18936.77 3018.35 15.94
658.2 19052.33 2983.77 15.66
659.6 19274.42 2973.72 15.43
660.9 19463.87 2963.98 15.23
662.3 19650.11 2953.25 15.03
663.7 19826.10 2941.68 14.84
665.0 19986.79 2925.50 14.64
666.4 20146.14 2926.52 14.53
667.8 20346.56 2935.36 14.43
669.1 20529.76 2944.80 14.34
670.5 20738.52 2966.94 14.31
671.9 20872.26 2992.27 14.34
673.2 21059.41 3039.28 14.43
674.6 21230.21 3101.41 14.61
676.0 21420.32 3181.70 14.85
677.3 21614.12 3275.74 15.16
678.7 21817.38 3391.08 15.54
680.0 22089.50 3526.79 15.97
681.4 22373.47 3685.49 16.47
682.8 22657.86 3859.31 17.03
684.1 22942.53 4050.54 17.66
685.5 23200.94 4245.70 18.30
686.8 23448.72 4433.90 18.91
688.2 23672.40 4620.12 19.52
689.5 23749.65 4770.91 20.09
690.9 23825.77 4926.86 20.68
692.2 23869.28 5074.50 21.26
693.6 23926.69 5223.44 21.83
694.9 23920.11 5343.99 22.34
696.2 23942.14 5459.11 22.80
697.6 23961.85 5564.63 23.22
698.9 23992.32 5680.22 23.68
700.3 24038.01 5799.77 24.13
701.6 24084.68 5908.21 24.53
703.0 24137.54 6022.98 24.95
704.3 24141.49 6101.26 25.27
705.6 24144.66 6185.43 25.62
707.0 24151.61 6261.61 25.93
708.3 24094.31 6313.06 26.20
709.6 24038.25 6362.41 26.47
711.0 23936.43 6395.57 26.72
712.3 23827.16 6426.14 26.97
713.6 23789.01 6478.58 27.23
714.9 23716.29 6518.69 27.49
716.3 23686.39 6563.54 27.71
717.6 23672.15 6618.99 27.96
718.9 23614.96 6645.74 28.14
720.2 23494.56 6649.69 28.30
721.6 23399.74 6660.52 28.46
722.9 23270.63 6677.12 28.69
724.2 23091.17 6677.68 28.92
725.5 22957.02 6697.52 29.17
726.8 22832.78 6696.03 29.33
728.1 22750.67 6710.64 29.50
729.5 22685.44 6724.48 29.64
730.8 22628.18 6751.77 29.84
732.1 22547.20 6780.96 30.07
733.4 22493.78 6804.62 30.25
734.7 22430.29 6819.69 30.40
736.0 22412.65 6853.31 30.58
737.3 22354.35 6887.89 30.81
738.6 22392.88 6945.83 31.02
739.9 22486.41 7039.27 31.30
741.2 22557.99 7102.37 31.48
742.5 22690.46 7208.00 31.77
743.8 22954.18 7353.31 32.03
745.1 23356.68 7545.17 32.30
746.4 23838.13 7735.73 32.45
747.7 24340.83 7930.67 32.58
749.0 24845.90 8097.51 32.59
750.3 25109.11 8178.58 32.57
751.6 25056.94 8171.05 32.61
752.9 24812.33 8134.91 32.79
754.2 24511.78 8087.37 32.99
755.4 24190.11 8036.83 33.22
756.7 24095.29 8071.67 33.50
758.0 24119.44 8152.06 33.80
759.3 24282.67 8266.22 34.04
760.6 24509.10 8423.80 34.37
761.9 24709.31 8560.03 34.64
763.1 24854.26 8652.18 34.81
764.4 25021.13 8763.96 35.03
765.7 25148.50 8856.90 35.22
767.0 25255.87 8941.19 35.40
768.2 25351.20 9022.27 35.59
769.5 25424.49 9093.97 35.77
770.8 25570.26 9186.84 35.93
772.0 25587.81 9245.36 36.13
773.3 25669.17 9329.72 36.35
774.6 25760.75 9408.95 36.52
775.8 25826.13 9471.57 36.67
777.1 25851.30 9525.26 36.85
778.4 25836.83 9547.31 36.95
779.6 25861.37 9613.57 37.17
780.9 25820.00 9644.80 37.35
782.1 25728.02 9662.41 37.56
783.4 25750.40 9701.12 37.67
784.6 25767.74 9768.67 37.91
785.9 25975.04 9914.58 38.17
787.1 26352.59 10118.30 38.40
788.4 26662.70 10228.50 38.36
789.6 26677.46 10162.22 38.09
790.9 26422.83 10041.12 38.00
792.1 26144.60 9960.08 38.10
793.4 25865.12 9908.01 38.31
794.6 25676.57 9861.80 38.41
795.8 25513.36 9843.81 38.58
797.1 25350.08 9810.63 38.70
798.3 25228.50 9815.52 38.91
799.5 25169.97 9826.49 39.04
800.8 25099.23 9830.08 39.16
802.0 25011.42 9833.71 39.32
803.2 24918.76 9821.96 39.42
804.5 24860.18 9815.63 39.48
805.7 24781.04 9806.59 39.57
806.9 24699.71 9806.58 39.70
808.1 24647.73 9818.32 39.83
809.4 24609.13 9848.19 40.02
810.6 24558.63 9856.21 40.13
811.8 24538.32 9886.66 40.29
813.0 24560.28 9936.53 40.46
814.2 24583.06 9984.04 40.61
815.4 24644.79 10020.71 40.66
816.6 24675.27 10041.61 40.70
817.9 24704.84 10055.60 40.70
819.1 24672.89 10039.53 40.69
820.3 24583.02 10007.86 40.71
821.5 24511.70 9996.36 40.78
822.7 24474.49 10002.78 40.87
823.9 24466.74 10011.91 40.92
825.1 24483.13 10019.18 40.92
826.3 24493.16 10033.47 40.96
827.5 24511.03 10050.88 41.01
828.7 24560.16 10055.71 40.94
829.9 24556.61 10073.22 41.02
831.0 24631.50 10111.76 41.05
832.2 24684.15 10150.09 41.12
833.4 24732.69 10174.09 41.14
834.6 24771.09 10213.13 41.23
835.8 24806.25 10250.42 41.32
837.0 24848.21 10312.10 41.50
838.1 24942.61 10373.04 41.59
839.3 24987.97 10411.09 41.66
840.5 25056.73 10468.36 41.78
841.7 25139.84 10542.45 41.94
842.9 25202.72 10614.71 42.12
844.0 25272.39 10661.57 42.19
845.2 25356.92 10733.71 42.33
846.4 25406.55 10772.94 42.40
847.5 25535.27 10861.42 42.53
848.7 25649.51 10917.05 42.56
849.9 25759.43 10960.14 42.55
851.0 25787.85 10962.60 42.51
852.2 25836.49 10996.63 42.56
853.3 25835.02 10984.12 42.52
854.5 25803.13 10993.05 42.60
855.6 25784.28 11009.57 42.70
856.8 25811.14 11052.54 42.82
857.9 25796.36 11067.94 42.91
859.1 25866.40 11115.36 42.97
860.2 25870.46 11145.74 43.08
861.4 25883.89 11176.24 43.18
862.5 25913.95 11198.60 43.21
863.7 25967.63 11237.89 43.28
864.8 25978.23 11266.43 43.37
865.9 25934.02 11269.67 43.46
867.1 25972.57 11283.31 43.44
868.2 25960.64 11301.98 43.54
869.3 25983.57 11321.86 43.57
870.5 25945.69 11313.82 43.61
871.6 25952.82 11324.60 43.64
872.7 25988.86 11369.53 43.75
873.9 26010.48 11385.24 43.77
875.0 25998.57 11370.63 43.74
876.1 25976.68 11376.59 43.80
877.2 25992.15 11383.76 43.80
878.3 25997.76 11377.21 43.76
879.4 26016.59 11396.97 43.81
880.5 26032.32 11394.94 43.77
881.7 26038.68 11380.46 43.71
882.8 26051.76 11404.54 43.78
883.9 26088.59 11391.76 43.67
885.0 26049.66 11351.48 43.58
886.1 26068.54 11331.11 43.47
887.2 25979.14 11277.08 43.41
888.3 25929.87 11219.04 43.27
889.4 25867.81 11191.09 43.26
890.5 25830.84 11159.00 43.20
891.6 25777.28 11126.55 43.16
892.7 25812.52 11135.66 43.14
893.8 25792.32 11143.66 43.21
894.9 25833.34 11158.69 43.19
896.0 25797.95 11135.98 43.17
897.0 25823.30 11134.40 43.12
898.1 25837.83 11130.14 43.08
899.2 25853.12 11114.60 42.99
900.3 25827.20 11068.93 42.86
901.4 25755.93 11054.69 42.92
902.4 25796.28 11043.91 42.81
903.5 25760.57 11009.69 42.74
904.6 25773.48 11017.82 42.75
905.7 25786.56 11007.38 42.69
906.7 25778.44 10978.12 42.59
907.8 25791.16 10986.66 42.60
908.9 25756.23 10945.79 42.50
909.9 25738.83 10934.00 42.48
911.0 25715.27 10896.13 42.37
912.1 25708.69 10846.04 42.19
913.1 25683.06 10806.74 42.08
914.2 25568.28 10759.42 42.08
915.2 25594.38 10723.27 41.90
916.3 25582.28 10693.20 41.80
917.3 25579.53 10660.16 41.67
918.4 25529.08 10592.18 41.49
919.4 25526.52 10540.58 41.29
920.5 25540.93 10480.82 41.04
921.5 25532.64 10457.12 40.96
922.6 25509.72 10382.94 40.70
923.6 25552.64 10344.51 40.48
924.7 25558.13 10302.80 40.31
925.7 25559.01 10240.98 40.07
926.7 25571.07 10171.38 39.78
927.8 25622.74 10120.54 39.50
928.8 25737.00 10075.48 39.15
929.9 25798.01 10011.71 38.81
930.9 25912.02 9985.75 38.54
931.9 26063.45 9966.39 38.24
932.9 26272.00 9962.07 37.92
934.0 26311.65 9887.23 37.58
935.0 26328.00 9814.82 37.28
936.0 26313.67 9734.22 36.99
937.0 26305.79 9649.22 36.68
938.1 26273.03 9548.83 36.34
939.1 26282.27 9462.58 36.00
940.1 26307.38 9391.50 35.70
941.1 26474.98 9354.82 35.33
942.1 26613.43 9305.64 34.97
943.1 26709.35 9253.15 34.64
944.1 26891.46 9223.97 34.30
945.2 26931.87 9121.81 33.87
946.2 27005.05 9034.22 33.45
947.2 27050.94 8931.83 33.02
948.2 27161.01 8854.69 32.60
949.2 27258.97 8754.36 32.12
950.2 27257.00 8660.42 31.77
951.2 27381.90 8568.00 31.29
952.2 27427.92 8475.34 30.90
953.2 27549.11 8372.68 30.39
954.2 27670.16 8300.30 30.00
955.2 27683.23 8188.21 29.58
956.2 27678.04 8112.42 29.31
957.2 27683.31 8024.01 28.99
958.2 27771.67 7958.06 28.66
959.2 27855.45 7955.37 28.56
960.1 27895.78 7897.28 28.31
961.1 27947.74 7878.63 28.19
962.1 27921.09 7858.88 28.15
963.1 28038.72 7833.33 27.94
964.1 28081.62 7822.14 27.86
965.1 28159.91 7822.62 27.78
966.1 28230.04 7821.79 27.71
967.0 28291.66 7865.42 27.80
968.0 28354.15 7824.42 27.60
969.0 28355.00 7806.72 27.53
970.0 28440.42 7804.84 27.44
971.0 28447.07 7847.15 27.59
971.9 28529.94 7874.07 27.60
972.9 28619.85 7808.99 27.29
973.9 28640.46 7800.07 27.23
974.9 28629.25 7799.65 27.24
975.8 28737.28 7833.57 27.26
976.8 28722.61 7775.35 27.07
977.8 28846.97 7811.46 27.08
978.8 28789.28 7790.64 27.06
979.7 28914.30 7766.71 26.86
980.7 28909.16 7801.89 26.99
981.7 29108.19 7895.51 27.12
982.6 29310.11 7950.46 27.13
983.6 29612.62 7996.75 27.00
984.6 29886.86 8102.66 27.11
985.5 30220.02 8278.70 27.39
986.5 30590.42 8442.01 27.60
987.5 31346.01 8597.24 27.43
988.4 31956.65 8749.40 27.38
989.4 32957.10 9013.27 27.35
990.4 33646.09 9312.89 27.68
991.3 34254.92 9339.15 27.26
992.3 35605.12 9546.87 26.81
993.2 35791.00 9693.86 27.08
994.2 37066.33 10120.50 27.30
995.2 37769.29 10015.86 26.52
996.1 38356.88 10330.38 26.93
997.1 37945.80 10357.74 27.30
998.0 38542.50 10140.96 26.31
999.0 38301.25 10406.38 27.17
1000.0 38064.02 10125.41 26.60
1000.9 38955.51 10073.34 25.86
1001.9 38313.61 10216.96 26.67
1002.8 38469.11 10035.42 26.09
1003.8 38840.71 9950.21 25.62
1004.8 39018.78 10131.19 25.96
961.5 34418.44 7734.48 22.47
965.5 34203.70 7932.53 23.19
969.5 33124.73 7991.18 24.12
973.4 31599.68 7708.34 24.39
977.4 30418.99 7353.72 24.17
981.4 29806.10 7308.04 24.52
985.3 29606.90 7395.17 24.98
989.3 29665.19 7564.03 25.50
993.3 29713.32 7779.34 26.18
997.2 29668.74 7966.34 26.85
1001.2 29627.00 8137.09 27.47
1005.2 29568.23 8260.35 27.94
1009.1 29600.49 8419.47 28.44
1013.1 29702.49 8640.94 29.09
1017.1 29789.49 8873.84 29.79
1021.0 29789.99 9055.31 30.40
1025.0 29760.59 9249.32 31.08
1029.0 29636.30 9422.10 31.79
1032.9 29533.53 9578.01 32.43
1036.9 29509.70 9758.04 33.07
1040.9 29556.91 9946.01 33.65
1044.8 29679.34 10167.78 34.26
1048.8 29786.37 10379.06 34.84
1052.7 29868.84 10562.37 35.36
1056.7 29898.31 10697.95 35.78
1060.7 29913.73 10775.50 36.02
1064.6 29918.21 10847.83 36.26
1068.6 29859.11 10858.69 36.37
1072.5 29814.52 10836.76 36.35
1076.5 29798.83 10803.94 36.26
1080.4 29797.49 10741.46 36.05
1084.4 29858.05 10687.34 35.79
1088.3 29928.60 10601.64 35.42
1092.3 29919.24 10473.41 35.01
1096.2 29930.07 10344.25 34.56
1100.2 29956.02 10205.98 34.07
1104.1 29873.92 10030.30 33.58
1108.1 29858.25 9866.52 33.04
1112.0 29809.22 9668.07 32.43
1116.0 29674.06 9436.70 31.80
1119.9 29580.84 9179.86 31.03
1123.9 29636.88 8875.61 29.95
1127.8 29621.76 8471.04 28.60
1131.8 29615.13 7966.71 26.90
1135.7 29658.37 7381.37 24.89
1139.6 29649.41 6759.35 22.80
1143.6 29635.32 6194.59 20.90
1147.5 29635.02 5777.87 19.50
1151.4 29535.85 5447.75 18.44
1155.4 29547.88 5223.83 17.68
1159.3 29582.50 5097.67 17.23
1163.2 29498.44 4998.88 16.95
1167.2 29505.90 4945.38 16.76
1171.1 29517.01 4897.88 16.59
1175.0 29484.53 4860.16 16.48
1179.0 29486.15 4835.10 16.40
1182.9 29537.81 4812.12 16.29
1186.8 29538.86 4788.39 16.21
1190.7 29410.97 4737.64 16.11
1194.7 29255.48 4700.90 16.07
1198.6 29133.72 4684.68 16.08
1202.5 29044.69 4669.81 16.08
1206.4 28972.03 4665.37 16.10
1210.3 28920.11 4688.09 16.21
1214.2 28863.76 4705.10 16.30
1218.2 28763.18 4709.18 16.37
1222.1 28692.28 4738.93 16.52
1226.0 28656.56 4768.03 16.64
1229.9 28600.92 4789.08 16.74
1233.8 28545.33 4821.74 16.89
1237.7 28520.81 4854.28 17.02
1241.6 28465.46 4869.25 17.11
1245.5 28370.21 4881.94 17.21
1249.4 28299.76 4890.84 17.28
1253.3 28232.22 4895.88 17.34
1257.2 28191.00 4914.81 17.43
1261.1 28130.65 4916.38 17.48
1265.0 28057.45 4913.31 17.51
1268.9 27949.80 4880.17 17.46
1272.8 27989.85 4862.10 17.37
1276.7 28109.94 4860.97 17.29
1280.6 28175.48 4819.49 17.11
1284.5 28132.96 4747.75 16.88
1288.4 28112.11 4679.32 16.65
1292.3 28036.25 4587.00 16.36
1296.2 27954.20 4480.81 16.03
1300.1 27848.52 4362.46 15.66
1303.9 27706.57 4223.51 15.24
1307.8 27559.31 4073.67 14.78
1311.7 27397.23 3912.41 14.28
1315.6 27238.78 3744.14 13.75
1319.5 27066.08 3570.64 13.19
1323.3 26913.00 3408.21 12.66
1327.2 26776.06 3254.89 12.16
1331.1 26621.95 3092.52 11.62
1335.0 26429.02 2922.64 11.06
1338.8 26290.11 2786.16 10.60
1342.7 26169.42 2679.97 10.24
1346.5 25929.13 2571.10 9.92
1350.4 25728.90 2470.47 9.60
1354.3 25457.85 2369.39 9.31
1358.1 25158.95 2267.33 9.01
1362.0 24980.59 2165.80 8.67
1365.8 24927.82 2077.95 8.34
1369.7 24996.19 2004.33 8.02
1373.5 24961.93 1914.71 7.67
1377.4 24802.90 1802.69 7.27
1381.2 24660.90 1664.74 6.75
1385.1 24643.85 1528.16 6.20
1389.0 24592.75 1417.24 5.76
1392.8 24461.78 1313.52 5.37
1396.6 24365.22 1211.36 4.97
1400.5 24231.60 1134.73 4.68
1404.3 24125.27 1082.21 4.49
1408.2 24097.32 1041.45 4.32
1412.0 24070.61 1002.64 4.17
1415.8 24101.54 985.83 4.09
1419.6 24084.23 965.74 4.01
1423.5 24070.46 942.00 3.91
1427.3 24053.34 932.86 3.88
1431.1 24042.83 927.68 3.86
1434.9 23983.10 920.64 3.84
1438.8 23944.05 916.74 3.83
1442.6 23927.04 909.35 3.80
1446.4 23856.75 901.26 3.78
1450.2 23800.39 900.82 3.78
1454.0 23730.24 886.92 3.74
1457.8 23714.21 886.47 3.74
1461.6 23699.02 892.58 3.77
1465.4 23623.88 885.75 3.75
1469.2 23507.58 882.70 3.75
1473.0 23416.67 890.31 3.80
1476.8 23385.95 899.81 3.85
1480.7 23341.52 904.76 3.88
1484.4 23269.68 907.44 3.90
1488.2 23205.84 923.40 3.98
1492.0 23119.76 936.89 4.05
1495.8 23050.30 960.05 4.17
1499.6 22974.60 975.41 4.25
1503.4 22886.86 976.98 4.27
1507.2 22817.82 977.77 4.29
1510.9 22736.47 988.75 4.35
1514.7 22640.13 989.77 4.37
1518.5 22563.41 987.16 4.38
1522.3 22469.97 994.98 4.43
1526.0 22400.45 997.64 4.45
1529.8 22366.84 1003.24 4.49
1533.6 22289.14 1006.19 4.51
1537.3 22206.85 1010.82 4.55
1541.1 22117.21 1028.48 4.65
1544.8 22039.20 1039.20 4.72
1548.6 21965.35 1043.34 4.75
1552.4 21895.60 1044.14 4.77
1556.1 21841.83 1050.76 4.81
1559.9 21787.79 1060.54 4.87
1563.6 21716.01 1063.11 4.90
1567.3 21641.45 1077.89 4.98
1571.1 21503.94 1093.70 5.09
1574.8 21413.78 1100.41 5.14
1578.6 21355.88 1110.42 5.20
1582.3 21274.05 1127.61 5.30
1586.0 21183.04 1130.91 5.34
1589.8 21100.62 1128.41 5.35
1593.5 21000.69 1126.54 5.36
1597.2 20929.52 1126.07 5.38
1600.9 20843.62 1131.81 5.43
1604.7 20745.10 1139.02 5.49
1608.4 20669.95 1152.47 5.58
1612.1 20567.28 1151.04 5.60
1615.8 20477.47 1140.44 5.57
1619.5 20422.34 1154.39 5.65
1623.2 20328.29 1163.55 5.72
1626.9 20221.28 1160.14 5.74
1630.6 20112.62 1166.44 5.80
1634.3 20025.88 1175.15 5.87
1638.0 19934.15 1174.16 5.89
1641.7 19830.91 1167.37 5.89
1645.4 19716.98 1163.48 5.90
1649.1 19602.77 1159.55 5.92
1652.8 19509.95 1143.74 5.86
1656.4 19395.62 1130.92 5.83
1660.1 19295.18 1136.12 5.89
1663.8 19185.10 1127.57 5.88
1667.5 19083.74 1117.61 5.86
1671.1 18996.35 1116.61 5.88
1674.8 18876.30 1105.84 5.86
1678.5 18838.56 1096.05 5.82
1682.1 18849.73 1086.22 5.76
1685.8 18859.30 1087.09 5.76
1689.5 18795.30 1084.62 5.77
1693.1 18706.41 1073.61 5.74
1696.8 18615.25 1066.38 5.73
1700.4 18529.58 1062.37 5.73
1704.0 18456.67 1050.09 5.69
1707.7 18296.86 1036.39 5.66
1711.3 18114.51 1023.59 5.65
1715.0 17992.28 1001.83 5.57
1718.6 17886.14 979.96 5.48
1722.2 17799.94 968.02 5.44
1725.9 17706.59 957.96 5.41
1729.5 17604.49 939.96 5.34
1733.1 17541.49 928.41 5.29
1736.7 17471.92 923.62 5.29
1740.3 17366.15 907.71 5.23
1744.0 17315.89 893.71 5.16
1747.5 17227.16 879.89 5.11
1751.2 17088.52 867.21 5.07
1754.8 16976.43 853.83 5.03
1758.4 16893.02 841.55 4.98
1762.0 16789.89 826.59 4.92
1765.5 16699.11 812.26 4.86
1769.1 16665.60 808.80 4.85
1772.7 16620.17 806.19 4.85
1776.3 16550.18 801.44 4.84
1779.9 16477.44 792.00 4.81
1783.5 16434.96 781.20 4.75
1787.0 16345.96 782.19 4.79
1790.6 16243.66 770.88 4.75
1794.2 16171.99 757.67 4.69
1797.8 16109.35 759.54 4.71
1801.3 16053.66 750.24 4.67
1804.9 15954.75 742.88 4.66
1808.4 15901.90 744.65 4.68
1812.0 15801.30 741.20 4.69
1815.5 15695.88 742.26 4.73
1819.1 15574.16 738.92 4.74
1822.6 15471.85 733.04 4.74
1826.2 15387.58 728.13 4.73
1829.7 15274.18 717.48 4.70
1833.2 15120.13 713.10 4.72
1836.8 14969.50 710.26 4.74
1840.3 14877.77 706.28 4.75
1843.8 14800.45 699.72 4.73
1847.3 14738.02 704.26 4.78
1850.8 14668.42 705.60 4.81
1854.3 14577.15 699.78 4.80
1857.8 14534.00 696.80 4.79
1861.3 14522.25 689.27 4.75
1864.8 14459.04 656.01 4.54
1868.3 14308.06 602.29 4.21
1871.8 14215.68 568.32 4.00
1875.3 14201.46 510.51 3.59
1878.8 14176.42 471.77 3.33
1882.3 14122.90 485.65 3.44
1885.8 14014.10 465.80 3.32
1889.3 13904.45 450.41 3.24
1892.7 13776.82 460.41 3.34
1896.2 13660.15 453.41 3.32
1899.7 13554.20 436.88 3.22
1903.1 13466.38 478.63 3.55
1906.6 13511.57 481.41 3.56
1910.0 13676.29 500.35 3.66
1913.5 13920.50 528.98 3.80
1917.0 14289.98 590.80 4.13
1920.4 14838.23 693.38 4.67
1923.8 14900.33 704.38 4.73
1871.2 12934.73 354.85 2.74
1873.9 13036.34 429.53 3.29
1876.7 13080.35 569.15 4.35
1879.5 13184.92 539.13 4.09
1882.3 12973.16 469.13 3.62
1885.1 12955.86 474.10 3.66
1887.8 13054.47 453.57 3.47
1890.6 12965.86 397.63 3.07
1893.4 12899.33 425.33 3.30
1896.2 12776.85 398.85 3.12
1898.9 12763.16 430.36 3.37
1901.7 12667.81 440.88 3.48
1904.5 12785.93 391.46 3.06
1907.2 12706.25 399.00 3.14
1910.0 12637.10 415.04 3.28
1912.7 12646.53 428.36 3.39
1915.5 12573.30 436.55 3.47
1918.2 12524.17 404.35 3.23
1921.0 12429.58 374.78 3.02
1923.7 12476.24 390.20 3.13
1926.5 12456.75 387.54 3.11
1929.2 12429.04 394.42 3.17
1932.0 12425.12 410.80 3.31
1934.7 12406.61 387.71 3.13
1937.4 12332.23 393.91 3.19
1940.2 12287.19 402.61 3.28
1942.9 12341.39 383.67 3.11
1945.6 12357.84 392.60 3.18
1948.3 12310.10 394.09 3.20
1951.1 12286.82 373.24 3.04
1953.8 12285.00 375.00 3.05
1956.5 12213.61 386.36 3.16
1959.2 12244.05 373.75 3.05
1961.9 12277.60 381.44 3.11
1964.6 12227.25 416.50 3.41
1967.3 12243.43 391.60 3.20
1970.0 12130.08 364.08 3.00
1972.8 12063.78 391.24 3.24
1975.5 12116.40 398.03 3.29
1978.2 12077.12 376.68 3.12
1980.9 11995.23 390.61 3.26
1983.5 11947.43 398.44 3.33
1986.2 11960.10 413.22 3.45
1988.9 11951.37 416.13 3.48
1991.6 11858.95 402.64 3.40
1994.3 11764.18 395.70 3.36
1997.0 11766.88 397.90 3.38
1999.7 11773.83 413.52 3.51
2002.3 11759.81 417.12 3.55
2005.0 11690.77 417.12 3.57
2007.7 11638.67 398.47 3.42
2010.4 11594.16 393.99 3.40
2013.0 11562.08 415.37 3.59
2015.7 11497.38 409.20 3.56
2018.4 11428.93 394.30 3.45
2021.0 11415.50 402.33 3.52
2023.7 11337.76 404.21 3.57
2026.4 11289.20 385.88 3.42
2029.0 11241.04 382.39 3.40
2031.7 11159.63 388.70 3.48
2034.3 11170.90 408.42 3.66
2037.0 11088.29 422.25 3.81
2039.6 11036.71 413.56 3.75
2042.3 11025.52 415.63 3.77
2044.9 10984.38 395.51 3.60
2047.5 10945.11 401.12 3.66
2050.2 10866.80 420.00 3.86
2052.8 10875.20 411.60 3.78
2055.4 10794.82 389.43 3.61
2058.1 10693.20 380.80 3.56
2060.7 10690.88 382.92 3.58
2063.3 10636.71 381.77 3.59
2065.9 10588.79 374.08 3.53
2068.6 10527.38 399.21 3.79
2071.2 10509.93 393.39 3.74
2073.8 10479.76 383.37 3.66
2076.4 10429.57 409.77 3.93
2079.0 10413.86 393.40 3.78
2081.6 10426.21 379.80 3.64
2084.2 10409.13 414.79 3.98
2086.8 10317.76 415.77 4.03
2089.4 10237.53 408.48 3.99
2092.1 10185.83 410.83 4.03
2094.7 10161.53 412.45 4.06
2097.2 10134.83 427.83 4.22
2099.8 10154.06 415.61 4.09
2102.4 10079.62 389.54 3.86
2105.0 9975.00 381.90 3.83
2107.6 9943.53 404.46 4.07
2110.2 9903.21 412.04 4.16
2112.8 9887.09 412.32 4.17
2115.3 9921.47 398.36 4.02
2117.9 9932.41 409.14 4.12
2120.5 9899.34 390.61 3.95
2123.1 9860.18 383.18 3.89
2125.6 9830.42 398.25 4.05
2128.2 9760.43 383.39 3.93
2130.8 9696.38 406.58 4.19
2133.3 9680.00 413.60 4.27
2135.9 9631.02 394.18 4.09
2138.4 9558.99 403.69 4.22
2141.0 9487.88 387.86 4.09
2143.6 9445.83 375.25 3.97
2146.1 9343.90 379.05 4.06
2148.7 9250.50 381.77 4.13
2151.2 9289.87 381.33 4.10
2153.8 9283.27 397.35 4.28
2156.3 9196.68 404.61 4.40
2158.8 9167.15 363.26 3.96
2161.4 9136.89 392.13 4.29
2163.9 9080.87 403.92 4.45
2166.4 9038.53 363.67 4.02
2169.0 9026.70 369.58 4.09
2171.5 8964.61 369.58 4.12
2174.0 8877.40 365.93 4.12
2176.5 8859.37 394.68 4.45
2179.1 8821.17 385.49 4.37
2181.6 8799.54 352.83 4.01
2184.1 8784.16 388.08 4.42
2186.6 8784.20 386.02 4.39
2189.1 8744.04 353.10 4.04
2191.6 8708.93 352.80 4.05
2194.1 8706.09 342.13 3.93
2196.6 8712.45 326.08 3.74
2199.2 8755.72 355.81 4.06
2201.7 8703.45 358.17 4.12
2204.1 8678.72 326.19 3.76
2206.6 8675.98 346.89 4.00
2209.1 8675.22 359.58 4.14
2211.6 8663.97 346.41 4.00
2214.1 8610.78 357.36 4.15
2216.6 8633.61 341.85 3.96
2219.1 8660.20 322.86 3.73
2221.6 8580.23 369.25 4.30
2224.0 8522.97 346.71 4.07
2226.5 8511.79 319.62 3.76
2229.0 8530.74 342.60 4.02
2231.5 8441.32 333.21 3.95
2233.9 8443.24 311.72 3.69
2236.4 8476.56 304.94 3.60
2238.9 8385.50 325.50 3.88
2241.3 8391.31 322.59 3.84
2243.8 8383.54 326.48 3.89
2246.2 8253.42 345.02 4.18
2248.7 8237.84 308.53 3.75
2251.2 8236.26 319.00 3.87
2253.6 8194.56 311.04 3.80
2256.1 8190.72 276.48 3.38
2258.5 8190.43 307.33 3.75
2260.9 8134.04 314.47 3.87
2263.4 8110.40 280.20 3.45
2265.8 8131.85 326.97 4.02
2268.3 8069.96 330.96 4.10
2270.7 8098.88 287.88 3.55
2273.1 8065.01 283.79 3.52
2275.6 8029.44 303.36 3.78
2278.0 8032.57 307.47 3.83
2280.4 8050.71 292.47 3.63
2282.8 7960.15 290.38 3.65
2285.3 7901.09 260.52 3.30
2287.7 7985.73 238.21 2.98
2290.1 7946.20 292.55 3.68
2292.5 7920.79 325.40 4.11
2294.9 7927.04 284.52 3.59
2297.3 7846.72 261.03 3.33
2299.7 7809.80 264.54 3.39
2302.1 7774.17 314.27 4.04
2304.5 7698.88 286.16 3.72
2306.9 7651.84 243.04 3.18
2309.3 7605.49 246.86 3.25
2311.7 7551.70 274.75 3.64
2314.1 7431.64 259.93 3.50
2316.5 7403.26 248.22 3.35
2318.9 7422.16 264.09 3.56
2321.3 7384.55 265.43 3.59
2323.7 7411.63 247.59 3.34
2326.1 7407.14 249.86 3.37
2328.4 7416.57 264.44 3.57
2330.8 7456.07 269.94 3.62
2333.2 7380.05 259.46 3.52
2335.6 7348.45 224.19 3.05
2337.9 7374.28 250.40 3.40
2340.3 7351.28 251.90 3.43
2342.7 7303.86 232.74 3.19
2345.0 7304.27 237.81 3.26
2347.4 7310.00 267.75 3.66
2349.7 7167.86 247.76 3.46
2352.1 7105.77 201.55 2.84
2354.4 7122.34 202.02 2.84
2356.8 7109.55 194.25 2.73
2359.2 7054.67 238.33 3.38
2361.5 7016.24 239.98 3.42
2363.8 7061.80 197.63 2.80
2366.2 7030.44 189.77 2.70
2368.5 6995.40 204.70 2.93
2370.9 6987.35 219.19 3.14
2373.2 6974.33 224.83 3.22
2375.5 6914.20 266.98 3.86
2377.9 6855.73 196.01 2.86
2380.2 6895.41 183.27 2.66
2382.5 6832.77 243.54 3.56
2384.8 6779.04 222.72 3.29
2387.2 6826.21 215.66 3.16
2389.5 6803.92 212.48 3.12
2391.8 6773.50 194.89 2.88
2394.1 6708.07 196.73 2.93
2396.4 6696.25 212.89 3.18
2398.7 6727.77 185.12 2.75
2401.0 6675.75 168.13 2.52
2403.3 6633.36 184.26 2.78
2405.6 6587.80 189.94 2.88
2407.9 6548.07 200.40 3.06
2410.2 6522.35 185.49 2.84
2412.5 6494.37 167.70 2.58
2414.8 6495.78 200.27 3.08
2417.1 6477.89 175.50 2.71
2419.4 6418.72 177.14 2.76
2421.7 6381.59 268.09 4.20
2424.0 6340.00 221.90 3.50
2426.2 6377.20 165.85 2.60
2428.5 6376.43 216.33 3.39
2430.8 6305.65 179.85 2.85
2433.1 6272.91 193.61 3.09
2435.4 6216.05 240.59 3.87
2437.6 6193.67 240.59 3.88
2439.9 6131.58 207.76 3.39
2442.2 6143.40 170.65 2.78
2444.4 6156.85 183.79 2.99
2446.7 6096.96 181.04 2.97
2448.9 6140.77 165.81 2.70
2451.2 6097.08 131.12 2.15
2453.4 6044.75 102.45 1.69
2455.7 6045.18 176.37 2.92
2457.9 5958.48 244.20 4.10
2460.2 5967.72 147.96 2.48
2462.4 5959.20 137.28 2.30
2464.7 5866.75 157.71 2.69
2466.9 5842.20 96.30 1.65
2469.2 5878.87 162.04 2.76
2471.4 5796.90 216.65 3.74
2473.6 5704.14 153.99 2.70
2475.9 5730.24 169.33 2.96
2478.1 5690.78 177.62 3.12
2480.3 5611.10 167.08 2.98
2482.5 5590.00 171.56 3.07
2484.8 5592.32 160.20 2.86
2487.0 5577.22 170.35 3.05
2489.2 5540.68 105.54 1.90
2491.4 5525.52 61.48 1.11
2493.6 5479.00 117.58 2.15
2495.8 5487.41 166.29 3.03
2498.0 5504.43 162.13 2.95
2500.2 5484.68 227.48 4.15
2502.4 5700.96 204.24 3.58
2504.6 5765.46 112.68 1.95
2506.8 5747.58 136.38 2.37
