/*** Spectra Vista SIG Data ***/
name= \My Documents\HR1024_Data\GD6T4.
instrument= HR: 1091052
integration= 400, 60, 30, 1000, 60, 30
scan time= 1, 1
scan settings= AD, AI, AD, AI
external data set1= 8224, 8224, 8224, 8224, 8224, 8224, 8224, 8224, 8224, 8224, 8224, 8224, 8224, 8224, 8224, 8224
external data set2= 8224, 8224, 8224, 8224, 8224, 8224, 8224, 8224, 8224, 8224, 8224, 8224, 8224, 8224, 8224, 8224
external data dark= 0,0,0,0,0,0,0,0
external data mask= 0
optic= LENS4 , LENS4 
temp= 32.98, 8.94, -5.37, 34.92, 8.88, -5.37
battery= 7.1, 7.0
error= 0, 0
units= Radiance, Radiance
time= 4/7/08 10:35:00 AM, 4/7/08 10:37:37 AM
longitude= , 
latitude= , 
gpstime= , 
comm= 
memory slot= 0, 0
factors= 
data= 
346.4 350.35 56.06 16.00
347.9 381.21 56.48 14.81
349.5 410.28 58.66 14.30
351.1 433.68 58.66 13.53
352.6 475.96 61.35 12.89
354.2 499.06 62.83 12.59
355.7 540.48 68.02 12.59
357.3 582.54 70.74 12.14
358.8 588.91 70.60 11.99
360.4 636.67 71.76 11.27
361.9 668.64 72.44 10.83
363.5 692.50 73.41 10.60
365.1 712.57 74.20 10.41
366.6 747.47 70.43 9.42
368.2 792.37 73.19 9.24
369.7 840.74 70.52 8.39
371.3 898.85 77.04 8.57
372.8 941.22 80.34 8.54
374.4 986.23 78.77 7.99
375.9 1017.83 79.44 7.80
377.4 1052.18 78.71 7.48
379.0 1086.82 83.38 7.67
380.5 1123.29 82.48 7.34
382.1 1153.93 85.10 7.38
383.6 1194.95 81.08 6.79
385.2 1251.25 81.40 6.51
386.7 1299.60 84.47 6.50
388.3 1372.34 84.24 6.14
389.8 1424.66 87.29 6.13
391.3 1483.01 94.13 6.35
392.9 1530.61 95.02 6.21
394.4 1562.39 99.11 6.34
395.9 1621.81 104.88 6.47
397.5 1711.90 109.17 6.38
399.0 1784.48 108.77 6.10
400.6 1838.09 105.84 5.76
402.1 1856.31 105.78 5.70
403.6 1888.03 104.53 5.54
405.1 1944.54 104.65 5.38
406.7 2010.40 103.94 5.17
408.2 2079.37 106.92 5.14
409.7 2148.16 111.10 5.17
411.3 2213.53 114.75 5.18
412.8 2271.65 118.50 5.22
414.3 2341.03 123.84 5.29
415.8 2417.50 128.50 5.32
417.4 2490.79 130.55 5.24
418.9 2548.98 132.07 5.18
420.4 2593.45 137.59 5.31
421.9 2640.22 135.04 5.11
423.5 2679.41 134.03 5.00
425.0 2722.85 136.65 5.02
426.5 2778.88 137.17 4.94
428.0 2849.90 140.80 4.94
429.5 2939.79 139.83 4.76
431.1 3042.79 146.67 4.82
432.6 3149.06 150.72 4.79
434.1 3259.99 157.85 4.84
435.6 3346.58 162.15 4.85
437.1 3441.75 165.75 4.82
438.6 3531.11 167.03 4.73
440.1 3611.12 172.48 4.78
441.6 3703.62 177.42 4.79
443.1 3787.76 181.85 4.80
444.7 3873.68 186.59 4.82
446.2 3941.61 192.40 4.88
447.7 4009.71 194.61 4.85
449.2 4084.56 194.40 4.76
450.7 4145.44 196.77 4.75
452.2 4210.01 197.68 4.70
453.7 4291.20 202.27 4.71
455.2 4393.26 205.35 4.67
456.7 4515.28 212.26 4.70
458.2 4654.47 215.64 4.63
459.7 4795.00 228.20 4.76
461.2 4934.06 230.16 4.66
462.7 5054.96 238.43 4.72
464.2 5177.07 248.51 4.80
465.7 5301.12 250.46 4.72
467.2 5404.44 257.95 4.77
468.7 5508.00 268.40 4.87
470.2 5586.81 276.38 4.95
471.7 5702.38 286.43 5.02
473.2 5885.72 290.25 4.93
474.6 6027.25 284.85 4.73
476.1 6074.86 287.05 4.73
477.6 6093.70 294.80 4.84
479.1 6122.60 295.81 4.83
480.6 6163.05 296.48 4.81
482.1 6243.66 301.74 4.83
483.6 6332.42 304.68 4.81
485.1 6458.38 310.67 4.81
486.6 6604.00 315.00 4.77
488.0 6753.50 325.65 4.82
489.5 6913.82 333.98 4.83
491.0 7075.65 342.82 4.85
492.5 7238.97 354.13 4.89
494.0 7404.10 364.61 4.92
495.4 7549.58 373.89 4.95
496.9 7695.36 383.77 4.99
498.4 7836.28 393.00 5.02
499.9 7979.51 402.58 5.05
501.4 8103.78 414.26 5.11
502.8 8223.51 425.75 5.18
504.3 8333.10 436.32 5.24
505.8 8444.88 447.74 5.30
507.2 8514.20 458.55 5.39
508.7 8565.01 467.00 5.45
510.2 8590.79 477.40 5.56
511.6 8618.22 483.31 5.61
513.1 8670.26 488.82 5.64
514.6 8732.77 498.02 5.70
516.0 8783.27 507.30 5.78
517.5 8880.96 519.35 5.85
519.0 8994.65 534.36 5.94
520.5 9112.66 548.42 6.02
521.9 9263.01 565.67 6.11
523.4 9434.43 582.81 6.18
524.8 9608.27 605.79 6.30
526.3 9802.81 622.62 6.35
527.8 10000.35 648.90 6.49
529.2 10181.33 666.93 6.55
530.7 10383.39 688.41 6.63
532.1 10567.68 709.22 6.71
533.6 10773.42 730.21 6.78
535.0 10980.59 755.02 6.88
536.5 11186.70 781.03 6.98
538.0 11401.56 807.02 7.08
539.4 11601.83 831.04 7.16
540.9 11838.18 860.52 7.27
542.3 12056.36 875.86 7.26
543.8 12205.88 899.40 7.37
545.2 12241.58 912.11 7.45
546.6 12248.30 925.97 7.56
548.1 12260.70 942.68 7.69
549.5 12261.13 953.85 7.78
551.0 12260.01 966.24 7.88
552.4 12274.54 980.51 7.99
553.9 12279.40 993.81 8.09
555.3 12300.80 1004.91 8.17
556.8 12360.66 1021.44 8.26
558.2 12414.09 1042.20 8.40
559.6 12499.51 1062.89 8.50
561.1 12612.44 1086.80 8.62
562.5 12742.28 1111.49 8.72
564.0 12915.37 1142.47 8.85
565.4 13070.62 1173.40 8.98
566.8 13269.64 1209.21 9.11
568.3 13461.39 1242.28 9.23
569.7 13659.35 1284.67 9.41
571.1 13859.91 1320.17 9.53
572.6 14064.03 1359.18 9.66
574.0 14250.23 1399.20 9.82
575.4 14437.41 1438.76 9.97
576.9 14612.77 1475.74 10.10
578.3 14771.90 1514.73 10.25
579.7 14927.19 1554.12 10.41
581.1 15049.34 1590.06 10.57
582.6 15179.87 1630.14 10.74
584.0 15306.40 1666.74 10.89
585.4 15471.50 1706.59 11.03
586.8 15703.41 1747.48 11.13
588.3 15959.97 1790.10 11.22
589.7 16164.72 1829.41 11.32
591.1 16308.26 1863.54 11.43
592.5 16380.50 1890.55 11.54
594.0 16416.90 1914.53 11.66
595.4 16426.30 1938.46 11.80
596.8 16438.21 1957.10 11.91
598.2 16446.40 1973.27 12.00
599.6 16446.15 1991.75 12.11
601.0 16488.64 2014.52 12.22
602.4 16524.83 2030.30 12.29
603.9 16595.00 2054.79 12.38
605.3 16677.56 2081.14 12.48
606.7 16748.10 2109.24 12.59
608.1 16880.08 2140.15 12.68
609.5 17023.96 2183.10 12.82
610.9 17200.20 2224.94 12.94
612.3 17363.60 2271.21 13.08
613.7 17583.26 2321.26 13.20
615.1 17730.09 2365.52 13.34
616.5 17885.32 2411.03 13.48
617.9 18120.27 2472.34 13.64
619.3 18343.55 2533.97 13.81
620.7 18613.68 2607.90 14.01
622.1 18877.69 2625.09 13.91
623.5 19168.37 2599.11 13.56
624.9 19495.88 2578.01 13.22
626.3 19705.80 2565.12 13.02
627.7 19502.63 2545.85 13.05
629.1 19316.59 2565.97 13.28
630.5 19234.56 2621.11 13.63
631.9 19243.16 2696.74 14.01
633.3 19227.78 2769.26 14.40
634.7 19307.14 2842.24 14.72
636.1 19335.07 2898.62 14.99
637.5 19378.14 2954.56 15.25
638.9 19457.31 3032.27 15.58
640.2 19514.53 3096.20 15.87
641.6 19531.98 3158.06 16.17
643.0 19504.65 3201.81 16.42
644.4 19507.28 3242.35 16.62
645.8 19449.04 3260.69 16.77
647.2 19526.59 3296.96 16.88
648.5 19579.91 3332.08 17.02
649.9 19492.88 3342.14 17.15
651.3 19428.45 3375.18 17.37
652.7 19344.30 3386.40 17.51
654.1 19217.52 3314.11 17.25
655.5 19076.42 3216.81 16.86
656.8 18936.77 3131.88 16.54
658.2 19052.33 3096.72 16.25
659.6 19274.42 3081.04 15.99
660.9 19463.87 3070.93 15.78
662.3 19650.11 3058.10 15.56
663.7 19826.10 3044.16 15.35
665.0 19986.79 3032.12 15.17
666.4 20146.14 3026.46 15.02
667.8 20346.56 3038.11 14.93
669.1 20529.76 3047.46 14.84
670.5 20738.52 3070.29 14.80
671.9 20872.26 3094.27 14.82
673.2 21059.41 3147.26 14.94
674.6 21230.21 3208.68 15.11
676.0 21420.32 3294.86 15.38
677.3 21614.12 3391.39 15.69
678.7 21817.38 3508.80 16.08
680.0 22089.50 3657.98 16.56
681.4 22373.47 3820.31 17.08
682.8 22657.86 4001.73 17.66
684.1 22942.53 4195.62 18.29
685.5 23200.94 4395.61 18.95
686.8 23448.72 4595.28 19.60
688.2 23672.40 4787.28 20.22
689.5 23749.65 4946.32 20.83
690.9 23825.77 5103.81 21.42
692.2 23869.28 5259.63 22.04
693.6 23926.69 5416.27 22.64
694.9 23920.11 5541.18 23.17
696.2 23942.14 5657.83 23.63
697.6 23961.85 5771.01 24.08
698.9 23992.32 5886.67 24.54
700.3 24038.01 6010.17 25.00
701.6 24084.68 6131.43 25.46
703.0 24137.54 6242.67 25.86
704.3 24141.49 6322.81 26.19
705.6 24144.66 6417.56 26.58
707.0 24151.61 6493.21 26.89
708.3 24094.31 6544.07 27.16
709.6 24038.25 6598.69 27.45
711.0 23936.43 6633.13 27.71
712.3 23827.16 6664.38 27.97
713.6 23789.01 6714.37 28.22
714.9 23716.29 6758.65 28.50
716.3 23686.39 6806.72 28.74
717.6 23672.15 6854.37 28.96
718.9 23614.96 6885.33 29.16
720.2 23494.56 6884.47 29.30
721.6 23399.74 6898.53 29.48
722.9 23270.63 6911.75 29.70
724.2 23091.17 6916.71 29.95
725.5 22957.02 6933.07 30.20
726.8 22832.78 6935.09 30.37
728.1 22750.67 6949.55 30.55
729.5 22685.44 6965.59 30.71
730.8 22628.18 6992.67 30.90
732.1 22547.20 7015.11 31.11
733.4 22493.78 7042.42 31.31
734.7 22430.29 7061.81 31.48
736.0 22412.65 7100.63 31.68
737.3 22354.35 7130.71 31.90
738.6 22392.88 7189.03 32.10
739.9 22486.41 7282.14 32.38
741.2 22557.99 7351.34 32.59
742.5 22690.46 7455.98 32.86
743.8 22954.18 7603.37 33.12
745.1 23356.68 7803.08 33.41
746.4 23838.13 8005.18 33.58
747.7 24340.83 8198.87 33.68
749.0 24845.90 8371.23 33.69
750.3 25109.11 8462.79 33.70
751.6 25056.94 8455.34 33.74
752.9 24812.33 8403.48 33.87
754.2 24511.78 8355.59 34.09
755.4 24190.11 8310.03 34.35
756.7 24095.29 8343.10 34.63
758.0 24119.44 8420.85 34.91
759.3 24282.67 8547.28 35.20
760.6 24509.10 8697.30 35.49
761.9 24709.31 8848.09 35.81
763.1 24854.26 8944.57 35.99
764.4 25021.13 9058.59 36.20
765.7 25148.50 9152.65 36.39
767.0 25255.87 9243.70 36.60
768.2 25351.20 9326.69 36.79
769.5 25424.49 9394.71 36.95
770.8 25570.26 9491.21 37.12
772.0 25587.81 9548.10 37.32
773.3 25669.17 9634.91 37.53
774.6 25760.75 9718.90 37.73
775.8 25826.13 9775.81 37.85
777.1 25851.30 9837.07 38.05
778.4 25836.83 9862.90 38.17
779.6 25861.37 9917.75 38.35
780.9 25820.00 9966.40 38.60
782.1 25728.02 9971.92 38.76
783.4 25750.40 10019.78 38.91
784.6 25767.74 10071.70 39.09
785.9 25975.04 10233.92 39.40
787.1 26352.59 10445.94 39.64
788.4 26662.70 10554.71 39.59
789.6 26677.46 10492.72 39.33
790.9 26422.83 10361.70 39.21
792.1 26144.60 10277.28 39.31
793.4 25865.12 10219.53 39.51
794.6 25676.57 10175.48 39.63
795.8 25513.36 10160.85 39.83
797.1 25350.08 10126.31 39.95
798.3 25228.50 10128.61 40.15
799.5 25169.97 10139.45 40.28
800.8 25099.23 10143.59 40.41
802.0 25011.42 10137.46 40.53
803.2 24918.76 10125.70 40.63
804.5 24860.18 10129.50 40.75
805.7 24781.04 10114.12 40.81
806.9 24699.71 10116.09 40.96
808.1 24647.73 10130.89 41.10
809.4 24609.13 10149.48 41.24
810.6 24558.63 10164.70 41.39
811.8 24538.32 10198.50 41.56
813.0 24560.28 10240.63 41.70
814.2 24583.06 10284.76 41.84
815.4 24644.79 10326.53 41.90
816.6 24675.27 10359.97 41.99
817.9 24704.84 10368.77 41.97
819.1 24672.89 10348.08 41.94
820.3 24583.02 10315.85 41.96
821.5 24511.70 10300.64 42.02
822.7 24474.49 10303.35 42.10
823.9 24466.74 10321.35 42.19
825.1 24483.13 10326.19 42.18
826.3 24493.16 10337.82 42.21
827.5 24511.03 10368.30 42.30
828.7 24560.16 10374.91 42.24
829.9 24556.61 10385.98 42.29
831.0 24631.50 10424.22 42.32
832.2 24684.15 10457.02 42.36
833.4 24732.69 10484.87 42.39
834.6 24771.09 10524.38 42.49
835.8 24806.25 10554.71 42.55
837.0 24848.21 10621.99 42.75
838.1 24942.61 10682.32 42.83
839.3 24987.97 10723.74 42.92
840.5 25056.73 10775.01 43.00
841.7 25139.84 10853.14 43.17
842.9 25202.72 10937.32 43.40
844.0 25272.39 10977.06 43.43
845.2 25356.92 11046.01 43.56
846.4 25406.55 11092.06 43.66
847.5 25535.27 11171.34 43.75
848.7 25649.51 11233.88 43.80
849.9 25759.43 11283.18 43.80
851.0 25787.85 11288.66 43.78
852.2 25836.49 11309.98 43.78
853.3 25835.02 11309.77 43.78
854.5 25803.13 11304.40 43.81
855.6 25784.28 11332.78 43.95
856.8 25811.14 11377.08 44.08
857.9 25796.36 11388.05 44.15
859.1 25866.40 11455.12 44.29
860.2 25870.46 11481.10 44.38
861.4 25883.89 11492.06 44.40
862.5 25913.95 11524.05 44.47
863.7 25967.63 11569.58 44.55
864.8 25978.23 11588.29 44.61
865.9 25934.02 11592.21 44.70
867.1 25972.57 11620.21 44.74
868.2 25960.64 11637.09 44.83
869.3 25983.57 11646.39 44.82
870.5 25945.69 11627.10 44.81
871.6 25952.82 11657.00 44.92
872.7 25988.86 11701.06 45.02
873.9 26010.48 11711.26 45.03
875.0 25998.57 11699.93 45.00
876.1 25976.68 11706.26 45.06
877.2 25992.15 11725.25 45.11
878.3 25997.76 11727.67 45.11
879.4 26016.59 11726.54 45.07
880.5 26032.32 11741.04 45.10
881.7 26038.68 11723.53 45.02
882.8 26051.76 11728.46 45.02
883.9 26088.59 11722.79 44.93
885.0 26049.66 11679.76 44.84
886.1 26068.54 11662.17 44.74
887.2 25979.14 11600.36 44.65
888.3 25929.87 11558.96 44.58
889.4 25867.81 11502.40 44.47
890.5 25830.84 11488.58 44.48
891.6 25777.28 11463.99 44.47
892.7 25812.52 11445.09 44.34
893.8 25792.32 11454.37 44.41
894.9 25833.34 11463.63 44.38
896.0 25797.95 11444.34 44.36
897.0 25823.30 11446.45 44.33
898.1 25837.83 11442.20 44.28
899.2 25853.12 11420.95 44.18
900.3 25827.20 11388.19 44.09
901.4 25755.93 11356.37 44.09
902.4 25796.28 11367.79 44.07
903.5 25760.57 11336.74 44.01
904.6 25773.48 11319.52 43.92
905.7 25786.56 11316.34 43.88
906.7 25778.44 11296.07 43.82
907.8 25791.16 11296.58 43.80
908.9 25756.23 11247.03 43.67
909.9 25738.83 11230.78 43.63
911.0 25715.27 11208.01 43.59
912.1 25708.69 11156.82 43.40
913.1 25683.06 11111.05 43.26
914.2 25568.28 11069.16 43.29
915.2 25594.38 11032.96 43.11
916.3 25582.28 11002.74 43.01
917.3 25579.53 10961.21 42.85
918.4 25529.08 10899.46 42.69
919.4 25526.52 10831.61 42.43
920.5 25540.93 10782.45 42.22
921.5 25532.64 10755.42 42.12
922.6 25509.72 10686.27 41.89
923.6 25552.64 10638.24 41.63
924.7 25558.13 10590.90 41.44
925.7 25559.01 10523.34 41.17
926.7 25571.07 10456.60 40.89
927.8 25622.74 10377.65 40.50
928.8 25737.00 10341.80 40.18
929.9 25798.01 10292.07 39.89
930.9 25912.02 10268.90 39.63
931.9 26063.45 10261.62 39.37
932.9 26272.00 10243.58 38.99
934.0 26311.65 10154.39 38.59
935.0 26328.00 10085.82 38.31
936.0 26313.67 9990.07 37.97
937.0 26305.79 9889.50 37.59
938.1 26273.03 9830.74 37.42
939.1 26282.27 9738.98 37.06
940.1 26307.38 9653.73 36.70
941.1 26474.98 9610.71 36.30
942.1 26613.43 9580.58 36.00
943.1 26709.35 9511.88 35.61
944.1 26891.46 9468.26 35.21
945.2 26931.87 9366.59 34.78
946.2 27005.05 9271.69 34.33
947.2 27050.94 9183.28 33.95
948.2 27161.01 9102.17 33.51
949.2 27258.97 9000.23 33.02
950.2 27257.00 8910.51 32.69
951.2 27381.90 8787.91 32.09
952.2 27427.92 8684.54 31.66
953.2 27549.11 8597.45 31.21
954.2 27670.16 8520.39 30.79
955.2 27683.23 8434.01 30.47
956.2 27678.04 8315.94 30.05
957.2 27683.31 8279.45 29.91
958.2 27771.67 8192.89 29.50
959.2 27855.45 8161.83 29.30
960.1 27895.78 8121.94 29.12
961.1 27947.74 8091.01 28.95
962.1 27921.09 8037.00 28.78
963.1 28038.72 8070.48 28.78
964.1 28081.62 8042.53 28.64
965.1 28159.91 8033.63 28.53
966.1 28230.04 8018.51 28.40
967.0 28291.66 8019.17 28.34
968.0 28354.15 8036.45 28.34
969.0 28355.00 8046.40 28.38
970.0 28440.42 8047.63 28.30
971.0 28447.07 8029.43 28.23
971.9 28529.94 8039.40 28.18
972.9 28619.85 8049.95 28.13
973.9 28640.46 8015.74 27.99
974.9 28629.25 7982.79 27.88
975.8 28737.28 7952.78 27.67
976.8 28722.61 7997.33 27.84
977.8 28846.97 8002.60 27.74
978.8 28789.28 7947.27 27.60
979.7 28914.30 8023.40 27.75
980.7 28909.16 8040.48 27.81
981.7 29108.19 8086.82 27.78
982.6 29310.11 8180.90 27.91
983.6 29612.62 8200.42 27.69
984.6 29886.86 8307.94 27.80
985.5 30220.02 8512.49 28.17
986.5 30590.42 8647.52 28.27
987.5 31346.01 8798.88 28.07
988.4 31956.65 8984.14 28.11
989.4 32957.10 9262.94 28.11
990.4 33646.09 9342.08 27.77
991.3 34254.92 9611.83 28.06
992.3 35605.12 10172.89 28.57
993.2 35791.00 10277.29 28.71
994.2 37066.33 10171.10 27.44
995.2 37769.29 10463.49 27.70
996.1 38356.88 10758.26 28.05
997.1 37945.80 10618.31 27.98
998.0 38542.50 10346.52 26.84
999.0 38301.25 10623.18 27.74
1000.0 38064.02 10500.42 27.59
1000.9 38955.51 10545.53 27.07
1001.9 38313.61 10946.75 28.57
1002.8 38469.11 11038.96 28.70
1003.8 38840.71 10910.31 28.09
1004.8 39018.78 10496.28 26.90
961.5 34418.44 8121.20 23.60
965.5 34203.70 8103.12 23.69
969.5 33124.73 7926.74 23.93
973.4 31599.68 7708.34 24.39
977.4 30418.99 7501.38 24.66
981.4 29806.10 7441.96 24.97
985.3 29606.90 7500.06 25.33
989.3 29665.19 7721.62 26.03
993.3 29713.32 7958.93 26.79
997.2 29668.74 8142.06 27.44
1001.2 29627.00 8288.67 27.98
1005.2 29568.23 8438.63 28.54
1009.1 29600.49 8633.74 29.17
1013.1 29702.49 8857.27 29.82
1017.1 29789.49 9081.95 30.49
1021.0 29789.99 9296.41 31.21
1025.0 29760.59 9491.27 31.89
1029.0 29636.30 9654.95 32.58
1032.9 29533.53 9817.86 33.24
1036.9 29509.70 9988.38 33.85
1040.9 29556.91 10191.33 34.48
1044.8 29679.34 10432.47 35.15
1048.8 29786.37 10639.39 35.72
1052.7 29868.84 10817.99 36.22
1056.7 29898.31 10935.05 36.57
1060.7 29913.73 11033.18 36.88
1064.6 29918.21 11134.40 37.22
1068.6 29859.11 11122.64 37.25
1072.5 29814.52 11105.44 37.25
1076.5 29798.83 11085.48 37.20
1080.4 29797.49 11026.97 37.01
1084.4 29858.05 10972.96 36.75
1088.3 29928.60 10891.92 36.39
1092.3 29919.24 10749.35 35.93
1096.2 29930.07 10606.39 35.44
1100.2 29956.02 10462.47 34.93
1104.1 29873.92 10271.85 34.38
1108.1 29858.25 10113.08 33.87
1112.0 29809.22 9908.37 33.24
1116.0 29674.06 9658.74 32.55
1119.9 29580.84 9394.52 31.76
1123.9 29636.88 9099.72 30.70
1127.8 29621.76 8678.40 29.30
1131.8 29615.13 8149.59 27.52
1135.7 29658.37 7548.44 25.45
1139.6 29649.41 6918.58 23.33
1143.6 29635.32 6349.08 21.42
1147.5 29635.02 5890.28 19.88
1151.4 29535.85 5544.23 18.77
1155.4 29547.88 5337.63 18.06
1159.3 29582.50 5206.75 17.60
1163.2 29498.44 5099.29 17.29
1167.2 29505.90 5051.58 17.12
1171.1 29517.01 5020.59 17.01
1175.0 29484.53 4974.97 16.87
1179.0 29486.15 4932.29 16.73
1182.9 29537.81 4913.10 16.63
1186.8 29538.86 4885.97 16.54
1190.7 29410.97 4831.63 16.43
1194.7 29255.48 4791.31 16.38
1198.6 29133.72 4767.84 16.37
1202.5 29044.69 4763.07 16.40
1206.4 28972.03 4775.38 16.48
1210.3 28920.11 4787.04 16.55
1214.2 28863.76 4792.66 16.60
1218.2 28763.18 4812.13 16.73
1222.1 28692.28 4833.90 16.85
1226.0 28656.56 4858.36 16.95
1229.9 28600.92 4881.30 17.07
1233.8 28545.33 4900.02 17.17
1237.7 28520.81 4937.60 17.31
1241.6 28465.46 4972.92 17.47
1245.5 28370.21 4978.61 17.55
1249.4 28299.76 4971.70 17.57
1253.3 28232.22 4993.86 17.69
1257.2 28191.00 5014.87 17.79
1261.1 28130.65 5009.69 17.81
1265.0 28057.45 5000.22 17.82
1268.9 27949.80 4977.72 17.81
1272.8 27989.85 4961.85 17.73
1276.7 28109.94 4943.50 17.59
1280.6 28175.48 4910.05 17.43
1284.5 28132.96 4840.35 17.21
1288.4 28112.11 4776.69 16.99
1292.3 28036.25 4686.00 16.71
1296.2 27954.20 4564.95 16.33
1300.1 27848.52 4445.48 15.96
1303.9 27706.57 4302.80 15.53
1307.8 27559.31 4152.06 15.07
1311.7 27397.23 3990.14 14.56
1315.6 27238.78 3823.75 14.04
1319.5 27066.08 3652.08 13.49
1323.3 26913.00 3473.70 12.91
1327.2 26776.06 3309.85 12.36
1331.1 26621.95 3149.47 11.83
1335.0 26429.02 2984.04 11.29
1338.8 26290.11 2842.37 10.81
1342.7 26169.42 2723.95 10.41
1346.5 25929.13 2607.86 10.06
1350.4 25728.90 2507.49 9.75
1354.3 25457.85 2406.92 9.45
1358.1 25158.95 2300.33 9.14
1362.0 24980.59 2209.12 8.84
1365.8 24927.82 2123.51 8.52
1369.7 24996.19 2047.13 8.19
1373.5 24961.93 1952.60 7.82
1377.4 24802.90 1825.70 7.36
1381.2 24660.90 1693.18 6.87
1385.1 24643.85 1556.51 6.32
1389.0 24592.75 1432.54 5.83
1392.8 24461.78 1333.73 5.45
1396.6 24365.22 1246.48 5.12
1400.5 24231.60 1164.53 4.81
1404.3 24125.27 1101.85 4.57
1408.2 24097.32 1056.09 4.38
1412.0 24070.61 1024.38 4.26
1415.8 24101.54 995.38 4.13
1419.6 24084.23 975.20 4.05
1423.5 24070.46 963.20 4.00
1427.3 24053.34 946.89 3.94
1431.1 24042.83 934.65 3.89
1434.9 23983.10 932.24 3.89
1438.8 23944.05 926.00 3.87
1442.6 23927.04 916.28 3.83
1446.4 23856.75 908.17 3.81
1450.2 23800.39 903.11 3.79
1454.0 23730.24 900.60 3.80
1457.8 23714.21 897.84 3.79
1461.6 23699.02 899.42 3.80
1465.4 23623.88 903.97 3.83
1469.2 23507.58 905.45 3.85
1473.0 23416.67 901.69 3.85
1476.8 23385.95 906.64 3.88
1480.7 23341.52 923.00 3.95
1484.4 23269.68 937.08 4.03
1488.2 23205.84 946.20 4.08
1492.0 23119.76 961.90 4.16
1495.8 23050.30 973.70 4.22
1499.6 22974.60 977.69 4.26
1503.4 22886.86 990.70 4.33
1507.2 22817.82 996.31 4.37
1510.9 22736.47 993.43 4.37
1514.7 22640.13 999.18 4.41
1518.5 22563.41 1001.30 4.44
1522.3 22469.97 999.72 4.45
1526.0 22400.45 1009.54 4.51
1529.8 22366.84 1017.54 4.55
1533.6 22289.14 1020.53 4.58
1537.3 22206.85 1030.03 4.64
1541.1 22117.21 1042.90 4.72
1544.8 22039.20 1056.00 4.79
1548.6 21965.35 1062.57 4.84
1552.4 21895.60 1070.73 4.89
1556.1 21841.83 1074.86 4.92
1559.9 21787.79 1077.30 4.94
1563.6 21716.01 1082.22 4.98
1567.3 21641.45 1097.01 5.07
1571.1 21503.94 1110.42 5.16
1574.8 21413.78 1121.89 5.24
1578.6 21355.88 1129.52 5.29
1582.3 21274.05 1146.72 5.39
1586.0 21183.04 1150.08 5.43
1589.8 21100.62 1140.44 5.40
1593.5 21000.69 1140.95 5.43
1597.2 20929.52 1145.28 5.47
1600.9 20843.62 1151.04 5.52
1604.7 20745.10 1155.84 5.57
1608.4 20669.95 1166.91 5.65
1612.1 20567.28 1170.26 5.69
1615.8 20477.47 1169.32 5.71
1619.5 20422.34 1173.67 5.75
1623.2 20328.29 1178.03 5.80
1626.9 20221.28 1186.78 5.87
1630.6 20112.62 1180.96 5.87
1634.3 20025.88 1177.57 5.88
1638.0 19934.15 1181.39 5.93
1641.7 19830.91 1181.78 5.96
1645.4 19716.98 1180.24 5.99
1649.1 19602.77 1173.83 5.99
1652.8 19509.95 1169.79 6.00
1656.4 19395.62 1156.89 5.96
1660.1 19295.18 1155.02 5.99
1663.8 19185.10 1146.40 5.98
1667.5 19083.74 1138.70 5.97
1671.1 18996.35 1137.63 5.99
1674.8 18876.30 1119.84 5.93
1678.5 18838.56 1112.41 5.90
1682.1 18849.73 1109.63 5.89
1685.8 18859.30 1108.26 5.88
1689.5 18795.30 1103.52 5.87
1693.1 18706.41 1102.05 5.89
1696.8 18615.25 1092.50 5.87
1700.4 18529.58 1079.05 5.82
1704.0 18456.67 1071.62 5.81
1707.7 18296.86 1053.11 5.76
1711.3 18114.51 1035.52 5.72
1715.0 17992.28 1020.96 5.67
1718.6 17886.14 1006.32 5.63
1722.2 17799.94 989.69 5.56
1725.9 17706.59 972.44 5.49
1729.5 17604.49 964.00 5.48
1733.1 17541.49 950.00 5.42
1736.7 17471.92 940.41 5.38
1740.3 17366.15 931.66 5.36
1744.0 17315.89 920.06 5.31
1747.5 17227.16 899.02 5.22
1751.2 17088.52 881.54 5.16
1754.8 16976.43 863.37 5.09
1758.4 16893.02 848.70 5.02
1762.0 16789.89 850.48 5.07
1765.5 16699.11 840.93 5.04
1769.1 16665.60 825.60 4.95
1772.7 16620.17 818.30 4.92
1776.3 16550.18 813.62 4.92
1779.9 16477.44 796.90 4.84
1783.5 16434.96 783.68 4.77
1787.0 16345.96 784.69 4.80
1790.6 16243.66 788.45 4.85
1794.2 16171.99 783.01 4.84
1797.8 16109.35 772.37 4.79
1801.3 16053.66 773.61 4.82
1804.9 15954.75 769.13 4.82
1808.4 15901.90 768.67 4.83
1812.0 15801.30 754.77 4.78
1815.5 15695.88 745.04 4.75
1819.1 15574.16 747.45 4.80
1822.6 15471.85 744.59 4.81
1826.2 15387.58 742.81 4.83
1829.7 15274.18 738.49 4.83
1833.2 15120.13 728.53 4.82
1836.8 14969.50 707.07 4.72
1840.3 14877.77 699.71 4.70
1843.8 14800.45 723.73 4.89
1847.3 14738.02 726.26 4.93
1850.8 14668.42 729.79 4.98
1854.3 14577.15 727.04 4.99
1857.8 14534.00 707.20 4.87
1861.3 14522.25 689.27 4.75
1864.8 14459.04 676.09 4.68
1868.3 14308.06 639.02 4.47
1871.8 14215.68 568.32 4.00
1875.3 14201.46 525.98 3.70
1878.8 14176.42 510.44 3.60
1882.3 14122.90 477.81 3.38
1885.8 14014.10 441.71 3.15
1889.3 13904.45 417.05 3.00
1892.7 13776.82 424.99 3.08
1896.2 13660.15 434.12 3.18
1899.7 13554.20 404.11 2.98
1903.1 13466.38 388.08 2.88
1906.6 13511.57 433.27 3.21
1910.0 13676.29 500.35 3.66
1913.5 13920.50 501.14 3.60
1917.0 14289.98 627.73 4.39
1920.4 14838.23 647.15 4.36
1923.8 14900.33 541.83 3.64
1871.2 12934.73 434.97 3.36
1873.9 13036.34 536.92 4.12
1876.7 13080.35 589.12 4.50
1879.5 13184.92 482.38 3.66
1882.3 12973.16 460.11 3.55
1885.1 12955.86 439.62 3.39
1887.8 13054.47 445.32 3.41
1890.6 12965.86 475.60 3.67
1893.4 12899.33 425.33 3.30
1896.2 12776.85 426.35 3.34
1898.9 12763.16 449.63 3.52
1901.7 12667.81 470.27 3.71
1904.5 12785.93 481.39 3.76
1907.2 12706.25 465.50 3.66
1910.0 12637.10 428.01 3.39
1912.7 12646.53 400.33 3.17
1915.5 12573.30 398.91 3.17
1918.2 12524.17 393.62 3.14
1921.0 12429.58 412.60 3.32
1923.7 12476.24 423.55 3.39
1926.5 12456.75 377.77 3.03
1929.2 12429.04 365.56 2.94
1932.0 12425.12 417.12 3.36
1934.7 12406.61 403.34 3.25
1937.4 12332.23 390.81 3.17
1940.2 12287.19 411.83 3.35
1942.9 12341.39 392.81 3.18
1945.6 12357.84 371.46 3.01
1948.3 12310.10 382.06 3.10
1951.1 12286.82 403.34 3.28
1953.8 12285.00 417.00 3.39
1956.5 12213.61 383.36 3.14
1959.2 12244.05 382.72 3.13
1961.9 12277.60 378.46 3.08
1964.6 12227.25 386.75 3.16
1967.3 12243.43 409.40 3.34
1970.0 12130.08 399.60 3.29
1972.8 12063.78 400.07 3.32
1975.5 12116.40 398.03 3.29
1978.2 12077.12 376.68 3.12
1980.9 11995.23 370.21 3.09
1983.5 11947.43 392.63 3.29
1986.2 11960.10 395.76 3.31
1988.9 11951.37 413.22 3.46
1991.6 11858.95 417.12 3.52
1994.3 11764.18 407.26 3.46
1997.0 11766.88 418.08 3.55
1999.7 11773.83 404.91 3.44
2002.3 11759.81 394.10 3.35
2005.0 11690.77 437.25 3.74
2007.7 11638.67 430.00 3.69
2010.4 11594.16 396.85 3.42
2013.0 11562.08 398.30 3.44
2015.7 11497.38 386.47 3.36
2018.4 11428.93 385.79 3.38
2021.0 11415.50 425.00 3.72
2023.7 11337.76 418.35 3.69
2026.4 11289.20 402.78 3.57
2029.0 11241.04 410.50 3.65
2031.7 11159.63 408.42 3.66
2034.3 11170.90 405.60 3.63
2037.0 11088.29 405.36 3.66
2039.6 11036.71 405.12 3.67
2042.3 11025.52 401.59 3.64
2044.9 10984.38 423.56 3.86
2047.5 10945.11 420.75 3.84
2050.2 10866.80 403.20 3.71
2052.8 10875.20 397.60 3.66
2055.4 10794.82 400.64 3.71
2058.1 10693.20 403.20 3.77
2060.7 10690.88 410.87 3.84
2063.3 10636.71 401.28 3.77
2065.9 10588.79 385.25 3.64
2068.6 10527.38 432.71 4.11
2071.2 10509.93 424.08 4.04
2073.8 10479.76 411.36 3.93
2076.4 10429.57 449.07 4.31
2079.0 10413.86 404.64 3.89
2081.6 10426.21 379.80 3.64
2084.2 10409.13 403.50 3.88
2086.8 10317.76 407.28 3.95
2089.4 10237.53 402.81 3.93
2092.1 10185.83 413.67 4.06
2094.7 10161.53 409.63 4.03
2097.2 10134.83 405.17 4.00
2099.8 10154.06 418.46 4.12
2102.4 10079.62 392.38 3.89
2105.0 9975.00 390.45 3.91
2107.6 9943.53 415.86 4.18
2110.2 9903.21 423.41 4.28
2112.8 9887.09 412.32 4.17
2115.3 9921.47 418.57 4.22
2117.9 9932.41 414.94 4.18
2120.5 9899.34 402.27 4.06
2123.1 9860.18 406.58 4.12
2125.6 9830.42 389.47 3.96
2128.2 9760.43 389.25 3.99
2130.8 9696.38 421.20 4.34
2133.3 9680.00 407.73 4.21
2135.9 9631.02 400.07 4.15
2138.4 9558.99 400.75 4.19
2141.0 9487.88 370.23 3.90
2143.6 9445.83 375.25 3.97
2146.1 9343.90 420.18 4.50
2148.7 9250.50 414.07 4.48
2151.2 9289.87 381.33 4.10
2153.8 9283.27 379.69 4.09
2156.3 9196.68 398.70 4.34
2158.8 9167.15 395.75 4.32
2161.4 9136.89 386.23 4.23
2163.9 9080.87 368.54 4.06
2166.4 9038.53 354.80 3.93
2169.0 9026.70 378.45 4.19
2171.5 8964.61 360.71 4.02
2174.0 8877.40 357.00 4.02
2176.5 8859.37 379.73 4.29
2179.1 8821.17 376.46 4.27
2181.6 8799.54 368.04 4.18
2184.1 8784.16 360.36 4.10
2186.6 8784.20 367.19 4.18
2189.1 8744.04 349.89 4.00
2191.6 8708.93 346.27 3.98
2194.1 8706.09 362.06 4.16
2196.6 8712.45 353.25 4.05
2199.2 8755.72 376.74 4.30
2201.7 8703.45 383.24 4.40
2204.1 8678.72 355.51 4.10
2206.6 8675.98 369.27 4.26
2209.1 8675.22 393.64 4.54
2211.6 8663.97 373.05 4.31
2214.1 8610.78 357.36 4.15
2216.6 8633.61 338.05 3.92
2219.1 8660.20 334.25 3.86
2221.6 8580.23 354.02 4.13
2224.0 8522.97 350.52 4.11
2226.5 8511.79 361.48 4.25
2229.0 8530.74 354.02 4.15
2231.5 8441.32 352.36 4.17
2233.9 8443.24 338.65 4.01
2236.4 8476.56 331.96 3.92
2238.9 8385.50 333.25 3.97
2241.3 8391.31 334.25 3.98
2243.8 8383.54 345.91 4.13
2246.2 8253.42 329.52 3.99
2248.7 8237.84 289.25 3.51
2251.2 8236.26 307.47 3.73
2253.6 8194.56 307.20 3.75
2256.1 8190.72 322.56 3.94
2258.5 8190.43 349.59 4.27
2260.9 8134.04 295.30 3.63
2263.4 8110.40 272.52 3.36
2265.8 8131.85 311.58 3.83
2268.3 8069.96 315.56 3.91
2270.7 8098.88 295.55 3.65
2273.1 8065.01 322.14 3.99
2275.6 8029.44 291.84 3.63
2278.0 8032.57 280.56 3.49
2280.4 8050.71 284.78 3.54
2282.8 7960.15 290.38 3.65
2285.3 7901.09 291.63 3.69
2287.7 7985.73 288.97 3.62
2290.1 7946.20 308.36 3.88
2292.5 7920.79 293.66 3.71
2294.9 7927.04 292.42 3.69
2297.3 7846.72 288.72 3.68
2299.7 7809.80 272.44 3.49
2302.1 7774.17 271.06 3.49
2304.5 7698.88 286.16 3.72
2306.9 7651.84 266.56 3.48
2309.3 7605.49 250.77 3.30
2311.7 7551.70 259.05 3.43
2314.1 7431.64 259.93 3.50
2316.5 7403.26 267.92 3.62
2318.9 7422.16 236.50 3.19
2321.3 7384.55 229.78 3.11
2323.7 7411.63 283.53 3.83
2326.1 7407.14 278.07 3.75
2328.4 7416.57 231.90 3.13
2330.8 7456.07 253.58 3.40
2333.2 7380.05 263.57 3.57
2335.6 7348.45 240.80 3.28
2337.9 7374.28 246.23 3.34
2340.3 7351.28 214.12 2.91
2342.7 7303.86 215.82 2.95
2345.0 7304.27 267.54 3.66
2347.4 7310.00 259.25 3.55
2349.7 7167.86 243.49 3.40
2352.1 7105.77 270.17 3.80
2354.4 7122.34 270.80 3.80
2356.8 7109.55 237.42 3.34
2359.2 7054.67 216.67 3.07
2361.5 7016.24 231.26 3.30
2363.8 7061.80 232.76 3.30
2366.2 7030.44 251.56 3.58
2368.5 6995.40 249.20 3.56
2370.9 6987.35 246.03 3.52
2373.2 6974.33 220.34 3.16
2375.5 6914.20 208.15 3.01
2377.9 6855.73 264.38 3.86
2380.2 6895.41 247.41 3.59
2382.5 6832.77 188.40 2.76
2384.8 6779.04 185.60 2.74
2387.2 6826.21 201.60 2.95
2389.5 6803.92 193.59 2.85
2391.8 6773.50 209.15 3.09
2394.1 6708.07 263.91 3.93
2396.4 6696.25 227.40 3.40
2398.7 6727.77 160.77 2.39
2401.0 6675.75 207.69 3.11
2403.3 6633.36 209.16 3.15
2405.6 6587.80 194.94 2.96
2407.9 6548.07 175.35 2.68
2410.2 6522.35 185.49 2.84
2412.5 6494.37 198.19 3.05
2414.8 6495.78 210.54 3.24
2417.1 6477.89 201.31 3.11
2419.4 6418.72 177.14 2.76
2421.7 6381.59 178.73 2.80
2424.0 6340.00 158.50 2.50
2426.2 6377.20 197.95 3.10
2428.5 6376.43 183.88 2.88
2430.8 6305.65 158.05 2.51
2433.1 6272.91 182.55 2.91
2435.4 6216.05 212.61 3.42
2437.6 6193.67 184.64 2.98
2439.9 6131.58 202.14 3.30
2442.2 6143.40 250.29 4.07
2444.4 6156.85 206.76 3.36
2446.7 6096.96 186.88 3.07
2448.9 6140.77 171.73 2.80
2451.2 6097.08 166.88 2.74
2453.4 6044.75 168.75 2.79
2455.7 6045.18 200.70 3.32
2457.9 5958.48 189.26 3.18
2460.2 5967.72 160.29 2.69
2462.4 5959.20 205.92 3.46
2464.7 5866.75 201.87 3.44
2466.9 5842.20 192.60 3.30
2469.2 5878.87 142.60 2.43
2471.4 5796.90 164.13 2.83
2473.6 5704.14 207.55 3.64
2475.9 5730.24 162.56 2.84
2478.1 5690.78 157.13 2.76
2480.3 5611.10 139.23 2.48
2482.5 5590.00 157.26 2.81
2484.8 5592.32 160.20 2.86
2487.0 5577.22 155.54 2.79
2489.2 5540.68 113.08 2.04
2491.4 5525.52 53.80 0.97
2493.6 5479.00 86.22 1.57
2495.8 5487.41 166.29 3.03
2498.0 5504.43 129.71 2.36
2500.2 5484.68 67.40 1.23
2502.4 5700.96 204.24 3.58
2504.6 5765.46 178.41 3.09
2506.8 5747.58 38.97 0.68
