/*** Spectra Vista SIG Data ***/
name= \My Documents\HR1024_Data\RD3T3.
instrument= HR: 1091052
integration= 200, 60, 30, 400, 60, 30
scan time= 1, 1
scan settings= AD, AI, AD, AI
external data set1= 8224, 8224, 8224, 8224, 8224, 8224, 8224, 8224, 8224, 8224, 8224, 8224, 8224, 8224, 8224, 8224
external data set2= 8224, 8224, 8224, 8224, 8224, 8224, 8224, 8224, 8224, 8224, 8224, 8224, 8224, 8224, 8224, 8224
external data dark= 0,0,0,0,0,0,0,0
external data mask= 0
optic= LENS4 , LENS4 
temp= 32.98, 8.88, -5.37, 40.64, 9.01, -5.37
battery= 7.6, 7.2
error= 0, 0
units= Radiance, Radiance
time= 1/26/08 10:33:54 AM, 1/26/08 10:56:26 AM
longitude= , 
latitude= , 
gpstime= , 
comm= 
memory slot= 0, 0
factors= 
data= 
346.4 598.78 167.21 27.93
347.9 627.50 169.43 27.00
349.5 677.04 173.16 25.58
351.1 739.44 171.60 23.21
352.6 790.63 169.19 21.40
354.2 841.03 181.62 21.60
355.7 912.59 186.90 20.48
357.3 974.37 197.65 20.28
358.8 992.58 204.46 20.60
360.4 1062.29 204.02 19.21
361.9 1117.88 207.21 18.54
363.5 1149.55 202.56 17.62
365.1 1196.29 209.78 17.54
366.6 1260.16 210.60 16.71
368.2 1349.72 209.84 15.55
369.7 1403.95 210.59 15.00
371.3 1488.21 209.07 14.05
372.8 1577.00 209.16 13.26
374.4 1638.71 215.27 13.14
375.9 1688.10 210.19 12.45
377.4 1740.09 208.16 11.96
379.0 1788.57 214.82 12.01
380.5 1855.73 213.89 11.53
382.1 1905.98 209.81 11.01
383.6 1973.16 205.54 10.42
385.2 2065.25 210.38 10.19
386.7 2149.76 212.54 9.89
388.3 2271.83 209.25 9.21
389.8 2363.45 220.97 9.35
391.3 2453.59 225.59 9.19
392.9 2526.36 231.87 9.18
394.4 2602.50 246.30 9.46
395.9 2690.98 252.77 9.39
397.5 2829.48 264.86 9.36
399.0 2963.31 251.84 8.50
400.6 3033.76 250.46 8.26
402.1 3072.78 237.36 7.72
403.6 3116.75 233.76 7.50
405.1 3199.00 233.07 7.29
406.7 3304.00 234.08 7.08
408.2 3412.53 233.89 6.85
409.7 3521.28 239.68 6.81
411.3 3642.17 251.30 6.90
412.8 3732.75 257.15 6.89
414.3 3845.02 256.99 6.68
415.8 3965.00 272.50 6.87
417.4 4085.95 279.57 6.84
418.9 4192.21 285.89 6.82
420.4 4267.16 280.41 6.57
421.9 4346.32 284.35 6.54
423.5 4413.15 280.20 6.35
425.0 4492.75 282.06 6.28
426.5 4594.55 280.58 6.11
428.0 4712.54 277.09 5.88
429.5 4856.53 279.46 5.75
431.1 5025.20 280.58 5.58
432.6 5198.44 291.26 5.60
434.1 5370.75 299.34 5.57
435.6 5520.56 307.67 5.57
437.1 5670.60 311.03 5.48
438.6 5806.58 319.31 5.50
440.1 5943.54 319.18 5.37
441.6 6091.61 328.41 5.39
443.1 6230.93 329.06 5.28
444.7 6356.12 335.99 5.29
446.2 6474.98 350.48 5.41
447.7 6582.53 352.75 5.36
449.2 6691.68 356.40 5.33
450.7 6814.08 357.76 5.25
452.2 6930.56 359.60 5.19
453.7 7066.33 360.39 5.10
455.2 7233.85 361.69 5.00
456.7 7443.04 368.72 4.95
458.2 7673.27 376.59 4.91
459.7 7920.50 383.25 4.84
461.2 8156.07 397.13 4.87
462.7 8366.46 409.91 4.90
464.2 8568.06 416.33 4.86
465.7 8788.58 427.13 4.86
467.2 8970.50 441.79 4.92
468.7 9176.00 445.00 4.85
470.2 9305.26 462.79 4.97
471.7 9490.50 471.44 4.97
473.2 9788.42 479.61 4.90
474.6 10042.30 490.75 4.89
476.1 10127.24 490.78 4.85
477.6 10169.21 477.63 4.70
479.1 10224.56 478.08 4.68
480.6 10293.47 472.41 4.59
482.1 10426.95 479.40 4.60
483.6 10590.11 486.05 4.59
485.1 10796.39 488.99 4.53
486.6 11041.55 496.72 4.50
488.0 11290.50 506.19 4.48
489.5 11568.25 515.99 4.46
491.0 11840.59 528.90 4.47
492.5 12119.22 542.70 4.48
494.0 12409.65 554.27 4.47
495.4 12660.45 568.43 4.49
496.9 12912.44 582.00 4.51
498.4 13155.80 594.07 4.52
499.9 13408.52 609.71 4.55
501.4 13645.90 621.22 4.55
502.8 13864.50 638.99 4.61
504.3 14081.40 649.80 4.61
505.8 14291.05 670.69 4.69
507.2 14436.37 682.65 4.73
508.7 14548.87 698.44 4.80
510.2 14651.50 714.41 4.88
511.6 14718.08 721.01 4.90
513.1 14838.45 737.72 4.97
514.6 14986.45 746.85 4.98
516.0 15112.04 758.45 5.02
517.5 15305.31 778.50 5.09
519.0 15537.89 792.46 5.10
520.5 15768.60 820.82 5.21
521.9 16045.99 845.76 5.27
523.4 16363.11 866.88 5.30
524.8 16675.79 892.36 5.35
526.3 17027.53 923.13 5.42
527.8 17380.80 948.92 5.46
529.2 17706.86 973.95 5.50
530.7 18056.71 1003.79 5.56
532.1 18377.28 1034.08 5.63
533.6 18738.23 1062.77 5.67
535.0 19114.67 1092.34 5.71
536.5 19476.07 1120.71 5.75
538.0 19846.24 1153.68 5.81
539.4 20198.95 1181.18 5.85
540.9 20626.19 1217.48 5.90
542.3 20984.92 1252.54 5.97
543.8 21250.33 1280.10 6.02
545.2 21329.19 1299.22 6.09
546.6 21331.64 1294.32 6.07
548.1 21362.06 1311.17 6.14
549.5 21376.46 1323.86 6.19
551.0 21386.66 1333.90 6.24
552.4 21443.54 1345.01 6.27
553.9 21463.89 1360.40 6.34
555.3 21521.57 1378.55 6.41
556.8 21650.10 1398.67 6.46
558.2 21773.81 1419.19 6.52
559.6 21936.94 1443.46 6.58
561.1 22168.25 1473.88 6.65
562.5 22423.78 1512.76 6.75
564.0 22757.43 1557.26 6.84
565.4 23059.14 1591.37 6.90
566.8 23449.52 1648.50 7.03
568.3 23818.66 1696.73 7.12
569.7 24198.01 1751.83 7.24
571.1 24579.14 1809.97 7.36
572.6 24952.86 1868.67 7.49
574.0 25317.60 1927.20 7.61
575.4 25678.69 1992.09 7.76
576.9 26008.29 2058.21 7.91
578.3 26306.64 2122.66 8.07
579.7 26593.28 2196.32 8.26
581.1 26823.10 2264.89 8.44
582.6 27065.10 2338.01 8.64
584.0 27286.52 2418.92 8.86
585.4 27587.92 2505.78 9.08
586.8 27978.96 2612.26 9.34
588.3 28419.30 2730.78 9.61
589.7 28786.68 2839.59 9.86
591.1 29016.81 2927.06 10.09
592.5 29127.43 3024.96 10.39
594.0 29186.34 3104.67 10.64
595.4 29194.56 3191.52 10.93
596.8 29193.45 3276.49 11.22
598.2 29177.08 3369.67 11.55
599.6 29153.88 3455.87 11.85
601.0 29216.28 3565.36 12.20
602.4 29261.60 3674.49 12.56
603.9 29364.60 3790.90 12.91
605.3 29484.10 3910.97 13.26
606.7 29584.80 4031.10 13.63
608.1 29785.49 4165.69 13.99
609.5 30013.28 4308.65 14.36
610.9 30296.78 4466.20 14.74
612.3 30557.28 4618.95 15.12
613.7 30914.00 4793.72 15.51
615.1 31159.08 4960.44 15.92
616.5 31406.64 5130.38 16.34
617.9 31801.61 5330.72 16.76
619.3 32170.62 5532.44 17.20
620.7 32635.92 5754.25 17.63
622.1 33083.75 5982.51 18.08
623.5 33564.04 6235.54 18.58
624.9 34116.86 6533.23 19.15
626.3 34490.69 6806.97 19.74
627.7 34145.81 6947.26 20.35
629.1 33851.16 7078.26 20.91
630.5 33743.57 7237.73 21.45
631.9 33775.53 7400.90 21.91
633.3 33808.52 7546.96 22.32
634.7 33992.91 7693.72 22.63
636.1 34075.08 7797.17 22.88
637.5 34196.58 7847.48 22.95
638.9 34374.61 7858.74 22.86
640.2 34545.58 7829.35 22.66
641.6 34634.34 7752.42 22.38
643.0 34657.83 7651.76 22.08
644.4 34696.37 7552.63 21.77
645.8 34653.86 7429.81 21.44
647.2 34834.41 7358.13 21.12
648.5 34958.93 7278.71 20.82
649.9 34861.32 7191.80 20.63
651.3 34789.65 7156.58 20.57
652.7 34680.00 7150.20 20.62
654.1 34452.30 7130.31 20.70
655.5 34172.42 7078.67 20.71
656.8 33904.63 7004.15 20.66
658.2 34070.04 6997.94 20.54
659.6 34442.82 7004.14 20.34
660.9 34748.70 6971.86 20.06
662.3 35067.95 6912.98 19.71
663.7 35364.00 6847.05 19.36
665.0 35617.00 6762.92 18.99
666.4 35877.31 6675.11 18.61
667.8 36209.10 6619.16 18.28
669.1 36482.80 6573.65 18.02
670.5 36799.72 6555.40 17.81
671.9 36995.40 6542.28 17.68
673.2 37270.13 6569.56 17.63
674.6 37530.47 6627.38 17.66
676.0 37841.78 6726.30 17.77
677.3 38141.57 6874.74 18.02
678.7 38483.75 7089.00 18.42
680.0 38922.37 7406.47 19.03
681.4 39389.45 7825.56 19.87
682.8 39844.35 8382.24 21.04
684.1 40287.78 9071.01 22.52
685.5 40705.56 9911.51 24.35
686.8 41091.84 10873.20 26.46
688.2 41433.89 11935.67 28.81
689.5 41549.57 13021.68 31.34
690.9 41633.44 14135.03 33.95
692.2 41697.60 15242.63 36.56
693.6 41771.65 16338.59 39.11
694.9 41721.88 17351.17 41.59
696.2 41751.90 18347.96 43.95
697.6 41766.04 19285.48 46.18
698.9 41796.48 20186.76 48.30
700.3 41844.24 21011.57 50.21
701.6 41918.48 21788.91 51.98
703.0 41979.40 22502.14 53.60
704.3 41981.71 23116.60 55.06
705.6 41967.18 23673.15 56.41
707.0 41980.75 24186.83 57.61
708.3 41872.71 24590.76 58.73
709.6 41753.67 24950.12 59.76
711.0 41589.99 25247.04 60.70
712.3 41418.66 25514.96 61.60
713.6 41354.04 25814.67 62.42
714.9 41240.96 26061.11 63.19
716.3 41218.54 26337.80 63.90
717.6 41221.95 26617.43 64.57
718.9 41134.56 26805.96 65.17
720.2 40936.00 26903.38 65.72
721.6 40765.66 27013.16 66.26
722.9 40572.15 27058.94 66.69
724.2 40305.71 27045.37 67.10
725.5 40134.57 27067.57 67.44
726.8 39960.91 27067.37 67.73
728.1 39855.98 27117.57 68.04
729.5 39766.23 27149.54 68.27
730.8 39707.44 27176.53 68.44
732.1 39612.07 27173.17 68.60
733.4 39556.45 27186.49 68.73
734.7 39507.57 27206.05 68.86
736.0 39511.29 27272.28 69.02
737.3 39463.58 27298.61 69.17
738.6 39569.04 27430.54 69.32
739.9 39770.92 27604.86 69.41
741.2 39928.98 27754.55 69.51
742.5 40206.42 28015.76 69.68
743.8 40696.43 28394.23 69.77
745.1 41398.16 28943.68 69.92
746.4 42245.84 29583.87 70.03
747.7 43136.62 30257.99 70.14
749.0 43980.49 30945.50 70.36
750.3 44484.44 31351.92 70.48
751.6 44396.66 31353.92 70.62
752.9 43969.12 31086.87 70.70
754.2 43470.53 30766.26 70.77
755.4 42928.75 30414.29 70.85
756.7 42746.48 30321.07 70.93
758.0 42774.71 30366.81 70.99
759.3 43048.01 30595.83 71.07
760.6 43418.76 30901.64 71.17
761.9 43775.94 31185.91 71.24
763.1 43996.61 31374.50 71.31
764.4 44239.34 31602.27 71.43
765.7 44424.25 31783.38 71.55
767.0 44583.75 31912.06 71.58
768.2 44688.00 32025.84 71.67
769.5 44782.92 32122.79 71.73
770.8 44990.42 32312.38 71.82
772.0 45014.41 32387.12 71.95
773.3 45100.97 32490.95 72.04
774.6 45226.84 32622.82 72.13
775.8 45313.45 32718.08 72.20
777.1 45344.81 32783.25 72.30
778.4 45245.88 32749.99 72.38
779.6 45226.44 32770.31 72.46
780.9 45132.00 32738.00 72.54
782.1 44952.26 32655.34 72.64
783.4 44936.32 32674.72 72.71
784.6 44935.72 32722.74 72.82
785.9 45255.62 32977.24 72.87
787.1 45836.93 33446.79 72.97
788.4 46288.94 33864.24 73.16
789.6 46219.23 33908.29 73.36
790.9 45788.99 33650.71 73.49
792.1 45296.16 33315.76 73.55
793.4 44771.54 32972.40 73.65
794.6 44415.30 32772.18 73.79
795.8 44134.47 32593.32 73.85
797.1 43801.05 32379.56 73.92
798.3 43569.08 32238.94 74.00
799.5 43411.48 32173.07 74.11
800.8 43273.13 32083.29 74.14
802.0 43071.08 31983.52 74.26
803.2 42890.28 31886.34 74.34
804.5 42742.15 31824.83 74.46
805.7 42601.95 31732.12 74.49
806.9 42426.40 31661.43 74.63
808.1 42305.67 31592.22 74.68
809.4 42221.44 31542.43 74.71
810.6 42105.70 31467.80 74.74
811.8 42062.43 31447.37 74.76
813.0 42071.08 31436.97 74.72
814.2 42081.20 31449.18 74.73
815.4 42185.03 31518.80 74.72
816.6 42225.34 31549.38 74.72
817.9 42273.21 31596.96 74.74
819.1 42166.58 31523.18 74.76
820.3 42039.03 31411.90 74.72
821.5 41905.07 31297.37 74.69
822.7 41849.58 31228.14 74.62
823.9 41838.35 31181.93 74.53
825.1 41851.34 31131.15 74.39
826.3 41890.94 31084.33 74.20
827.5 41937.05 31073.07 74.09
828.7 42011.28 31017.12 73.83
829.9 42039.57 30987.83 73.71
831.0 42140.75 30984.09 73.53
832.2 42235.78 30977.68 73.34
833.4 42305.18 30978.67 73.23
834.6 42417.19 30972.66 73.02
835.8 42496.65 30977.10 72.89
837.0 42597.61 31034.04 72.85
838.1 42745.68 31125.87 72.82
839.3 42856.00 31153.39 72.69
840.5 42989.60 31216.76 72.61
841.7 43156.80 31316.15 72.56
842.9 43298.86 31411.46 72.55
844.0 43430.88 31499.63 72.53
845.2 43568.90 31589.69 72.51
846.4 43732.15 31670.89 72.42
847.5 43960.00 31829.79 72.41
848.7 44164.79 31974.81 72.40
849.9 44393.85 32134.14 72.38
851.0 44478.08 32195.51 72.39
852.2 44569.63 32277.20 72.42
853.3 44562.81 32258.86 72.39
854.5 44594.90 32260.65 72.34
855.6 44615.97 32251.46 72.29
856.8 44687.86 32277.60 72.23
857.9 44681.40 32278.41 72.24
859.1 44832.20 32357.80 72.18
860.2 44876.88 32367.12 72.12
861.4 44954.55 32404.21 72.08
862.5 45021.69 32442.48 72.06
863.7 45150.84 32496.41 71.97
864.8 45213.35 32501.88 71.89
865.9 45167.77 32462.22 71.87
867.1 45241.43 32494.81 71.83
868.2 45295.54 32489.03 71.73
869.3 45314.27 32502.39 71.73
870.5 45282.48 32418.71 71.59
871.6 45315.83 32419.25 71.54
872.7 45413.27 32435.42 71.42
873.9 45478.16 32426.18 71.30
875.0 45456.71 32364.48 71.20
876.1 45452.45 32323.54 71.12
877.2 45498.99 32328.64 71.05
878.3 45519.98 32282.15 70.92
879.4 45563.53 32271.12 70.83
880.5 45631.08 32258.88 70.69
881.7 45596.20 32198.73 70.62
882.8 45693.96 32211.49 70.49
883.9 45722.91 32196.95 70.42
885.0 45675.63 32176.12 70.44
886.1 45712.78 32099.16 70.22
887.2 45537.58 31928.39 70.11
888.3 45475.07 31815.47 69.96
889.4 45347.40 31684.70 69.87
890.5 45259.13 31567.03 69.75
891.6 45193.70 31461.46 69.61
892.7 45201.31 31399.35 69.47
893.8 45270.56 31379.59 69.32
894.9 45248.28 31306.77 69.19
896.0 45235.90 31231.03 69.04
897.0 45257.72 31215.08 68.97
898.1 45230.13 31131.70 68.83
899.2 45252.30 31106.87 68.74
900.3 45165.90 30977.61 68.59
901.4 45101.16 30870.35 68.45
902.4 45077.20 30843.79 68.42
903.5 45018.01 30723.49 68.25
904.6 45035.56 30671.34 68.10
905.7 45038.93 30636.84 68.02
906.7 44985.82 30547.77 67.91
907.8 45025.57 30512.59 67.77
908.9 44904.57 30367.19 67.63
909.9 44897.74 30302.80 67.49
911.0 44830.08 30197.29 67.36
912.1 44749.25 30060.68 67.18
913.1 44707.00 29941.34 66.97
914.2 44554.62 29792.43 66.87
915.2 44505.45 29710.26 66.76
916.3 44491.35 29647.50 66.64
917.3 44461.10 29514.45 66.38
918.4 44383.35 29344.70 66.12
919.4 44330.69 29205.38 65.88
920.5 44315.70 29099.61 65.66
921.5 44285.78 29031.91 65.56
922.6 44268.10 28864.32 65.20
923.6 44262.16 28772.00 65.00
924.7 44333.00 28621.88 64.56
925.7 44276.22 28485.78 64.34
926.7 44252.98 28373.91 64.12
927.8 44374.33 28288.08 63.75
928.8 44502.63 28226.78 63.43
929.9 44598.23 28149.45 63.12
930.9 44802.27 28109.89 62.74
931.9 45011.35 28035.51 62.29
932.9 45355.12 28086.67 61.93
934.0 45370.16 27957.96 61.62
935.0 45397.97 27818.48 61.28
936.0 45413.73 27628.46 60.84
937.0 45319.95 27400.13 60.46
938.1 45295.44 27204.74 60.06
939.1 45257.91 27033.37 59.73
940.1 45342.90 26944.73 59.42
941.1 45568.46 26917.87 59.07
942.1 45803.34 26913.37 58.76
943.1 45999.43 26823.49 58.31
944.1 46171.28 26795.03 58.03
945.2 46338.18 26612.88 57.43
946.2 46411.22 26490.54 57.08
947.2 46518.25 26362.13 56.67
948.2 46693.82 26304.36 56.33
949.2 46838.19 26112.53 55.75
950.2 46912.95 25950.35 55.32
951.2 46909.80 25846.80 55.10
952.2 47054.57 25626.51 54.46
953.2 47260.85 25552.80 54.07
954.2 47365.65 25393.84 53.61
955.2 47408.68 25278.99 53.32
956.2 47434.65 25087.14 52.89
957.2 47543.77 24993.21 52.57
958.2 47601.59 24868.94 52.24
959.2 47735.55 24816.83 51.99
960.1 47775.14 24738.57 51.78
961.1 47870.63 24701.24 51.60
962.1 47933.44 24679.22 51.49
963.1 48032.50 24627.38 51.27
964.1 48057.21 24588.93 51.17
965.1 48243.99 24649.51 51.09
966.1 48335.33 24600.46 50.90
967.0 48410.39 24650.26 50.92
968.0 48434.88 24633.19 50.86
969.0 48556.60 24642.10 50.75
970.0 48603.65 24643.95 50.70
971.0 48737.12 24641.98 50.56
971.9 48722.90 24668.48 50.63
972.9 48879.95 24698.14 50.53
973.9 48859.53 24750.70 50.66
974.9 49044.08 24845.23 50.66
975.8 49101.73 24877.26 50.66
976.8 49135.91 24927.92 50.73
977.8 49315.41 25119.64 50.94
978.8 49372.50 25111.88 50.86
979.7 49504.50 25192.29 50.89
980.7 49626.72 25330.31 51.04
981.7 49868.69 25499.55 51.13
982.6 50026.42 25805.38 51.58
983.6 50542.44 26048.39 51.54
984.6 51139.74 26294.40 51.42
985.5 51570.00 26850.78 52.07
986.5 52881.11 27349.57 51.72
987.5 53801.49 28367.22 52.73
988.4 54737.10 29075.75 53.12
989.4 56052.04 29836.16 53.23
990.4 57074.27 31018.63 54.35
991.3 59136.61 31954.22 54.03
992.3 61232.97 32279.36 52.72
993.2 62381.81 33883.65 54.32
994.2 63759.15 35042.23 54.96
995.2 64627.45 35251.34 54.55
996.1 65405.36 35453.37 54.21
997.1 65143.00 36480.08 56.00
998.0 67149.60 37000.80 55.10
999.0 66846.51 36675.25 54.86
1000.0 67127.69 37501.50 55.87
1000.9 65712.83 36988.06 56.29
1001.9 66491.34 37705.46 56.71
1002.8 64393.95 37214.68 57.79
1003.8 65025.46 37531.48 57.72
1004.8 66172.20 37193.34 56.21
961.5 59748.86 28810.94 48.22
965.5 58598.35 28659.46 48.91
969.5 56260.49 28162.47 50.06
973.4 53913.29 27497.58 51.00
977.4 51859.95 26993.16 52.05
981.4 50850.20 27051.23 53.20
985.3 50481.20 27220.51 53.92
989.3 50535.22 27449.16 54.32
993.3 50635.09 27737.87 54.78
997.2 50595.02 27896.82 55.14
1001.2 50545.04 28083.64 55.56
1005.2 50473.33 28333.47 56.14
1009.1 50535.74 28718.21 56.83
1013.1 50697.93 29173.70 57.54
1017.1 50843.90 29610.28 58.24
1021.0 50855.49 29997.45 58.99
1025.0 50816.26 30365.48 59.76
1029.0 50641.08 30632.66 60.49
1032.9 50496.42 30903.34 61.20
1036.9 50486.34 31252.95 61.90
1040.9 50614.23 31672.87 62.58
1044.8 50848.91 32136.39 63.20
1048.8 51055.33 32542.00 63.74
1052.7 51200.97 32897.68 64.25
1056.7 51265.76 33127.61 64.62
1060.7 51328.86 33300.98 64.88
1064.6 51364.29 33430.93 65.09
1068.6 51285.22 33431.65 65.19
1072.5 51205.93 33379.01 65.19
1076.5 51155.97 33322.43 65.14
1080.4 51154.95 33236.66 64.97
1084.4 51258.31 33149.09 64.67
1088.3 51367.47 33024.95 64.29
1092.3 51376.13 32770.68 63.79
1096.2 51342.58 32509.89 63.32
1100.2 51360.86 32256.19 62.80
1104.1 51244.60 31867.70 62.19
1108.1 51175.76 31523.56 61.60
1112.0 51059.75 31146.89 61.00
1116.0 50831.30 30661.35 60.32
1119.9 50653.13 30138.97 59.50
1123.9 50703.41 29656.20 58.49
1127.8 50649.60 28930.56 57.12
1131.8 50608.23 27980.64 55.29
1135.7 50617.81 26882.76 53.11
1139.6 50606.06 25687.82 50.76
1143.6 50555.26 24537.22 48.54
1147.5 50517.05 23531.16 46.58
1151.4 50365.69 22674.21 45.02
1155.4 50355.11 22117.78 43.92
1159.3 50376.78 21739.64 43.15
1163.2 50207.59 21394.08 42.61
1167.2 50161.80 21186.90 42.24
1171.1 50174.37 21046.52 41.95
1175.0 50101.08 20884.44 41.68
1179.0 50065.70 20756.58 41.46
1182.9 50165.17 20679.60 41.22
1186.8 50159.61 20568.47 41.01
1190.7 49934.95 20391.70 40.84
1194.7 49665.47 20208.32 40.69
1198.6 49438.62 20069.28 40.59
1202.5 49264.40 19995.21 40.59
1206.4 49122.14 19954.15 40.62
1210.3 49037.26 19953.38 40.69
1214.2 48930.30 19995.82 40.87
1218.2 48765.56 20038.91 41.09
1222.1 48630.48 20101.95 41.34
1226.0 48538.40 20178.63 41.57
1229.9 48450.48 20243.88 41.78
1233.8 48352.03 20301.40 41.99
1237.7 48317.50 20373.77 42.17
1241.6 48229.08 20425.25 42.35
1245.5 48061.09 20431.02 42.51
1249.4 47934.98 20431.89 42.62
1253.3 47803.87 20423.75 42.72
1257.2 47735.46 20424.42 42.79
1261.1 47624.11 20403.25 42.84
1265.0 47490.52 20348.53 42.85
1268.9 47304.07 20249.40 42.81
1272.8 47372.70 20237.85 42.72
1276.7 47590.81 20252.14 42.55
1280.6 47691.16 20203.37 42.36
1284.5 47615.01 20060.09 42.13
1288.4 47591.67 19907.99 41.83
1292.3 47467.75 19670.75 41.44
1296.2 47318.59 19396.96 40.99
1300.1 47148.87 19088.78 40.49
1303.9 46897.39 18699.23 39.87
1307.8 46639.44 18275.32 39.18
1311.7 46386.67 17823.49 38.42
1315.6 46123.85 17344.27 37.60
1319.5 45848.18 16840.27 36.73
1323.3 45606.50 16338.23 35.82
1327.2 45386.16 15847.31 34.92
1331.1 45132.53 15341.30 33.99
1335.0 44824.46 14807.22 33.03
1338.8 44600.56 14336.50 32.14
1342.7 44421.07 13905.56 31.30
1346.5 44042.02 13433.93 30.50
1350.4 43720.62 13013.76 29.77
1354.3 43279.60 12577.55 29.06
1358.1 42799.92 12141.50 28.37
1362.0 42533.76 11761.57 27.65
1365.8 42447.40 11417.34 26.90
1369.7 42569.31 11086.75 26.04
1373.5 42515.11 10639.51 25.03
1377.4 42239.08 10038.78 23.77
1381.2 42024.35 9337.02 22.22
1385.1 42007.68 8620.07 20.52
1389.0 41913.21 7886.61 18.82
1392.8 41686.58 7151.11 17.15
1396.6 41522.45 6490.70 15.63
1400.5 41297.26 5914.51 14.32
1404.3 41119.22 5438.06 13.23
1408.2 41089.83 5063.36 12.32
1412.0 41038.18 4764.35 11.61
1415.8 41063.56 4556.78 11.10
1419.6 41020.11 4395.52 10.72
1423.5 40984.07 4260.20 10.39
1427.3 40938.38 4154.63 10.15
1431.1 40915.35 4082.70 9.98
1434.9 40812.08 4014.19 9.84
1438.8 40755.58 3967.91 9.74
1442.6 40720.04 3935.14 9.66
1446.4 40579.53 3906.98 9.63
1450.2 40476.97 3888.22 9.61
1454.0 40349.16 3866.88 9.58
1457.8 40313.93 3868.65 9.60
1461.6 40291.52 3882.29 9.64
1465.4 40157.17 3900.50 9.71
1469.2 39958.10 3924.38 9.82
1473.0 39808.79 3959.70 9.95
1476.8 39739.71 4027.50 10.13
1480.7 39668.27 4115.87 10.38
1484.4 39532.92 4204.32 10.63
1488.2 39418.92 4309.20 10.93
1492.0 39281.08 4425.20 11.27
1495.8 39157.30 4534.08 11.58
1499.6 39041.55 4614.98 11.82
1503.4 38891.42 4685.82 12.05
1507.2 38758.78 4756.80 12.27
1510.9 38603.27 4812.52 12.47
1514.7 38431.80 4850.11 12.62
1518.5 38296.78 4883.99 12.75
1522.3 38148.01 4929.89 12.92
1526.0 38038.86 5014.39 13.18
1529.8 37977.87 5123.45 13.49
1533.6 37845.65 5210.20 13.77
1537.3 37710.11 5287.00 14.02
1541.1 37580.52 5356.29 14.25
1544.8 37449.60 5412.00 14.45
1548.6 37314.89 5478.72 14.68
1552.4 37219.38 5576.02 14.98
1556.1 37135.69 5670.73 15.27
1559.9 37030.39 5740.81 15.50
1563.6 36900.49 5800.49 15.72
1567.3 36782.10 5886.57 16.00
1571.1 36560.28 5960.45 16.30
1574.8 36404.14 6034.34 16.58
1578.6 36302.38 6103.73 16.81
1582.3 36157.52 6146.90 17.00
1586.0 36009.48 6184.08 17.17
1589.8 35863.84 6229.13 17.37
1593.5 35710.53 6264.42 17.54
1597.2 35575.62 6297.82 17.70
1600.9 35432.24 6331.91 17.87
1604.7 35280.85 6360.74 18.03
1608.4 35142.04 6395.15 18.20
1612.1 34980.47 6423.22 18.36
1615.8 34834.07 6457.70 18.54
1619.5 34752.20 6494.95 18.69
1623.2 34595.03 6512.97 18.83
1626.9 34406.93 6539.40 19.01
1630.6 34230.90 6558.20 19.16
1634.3 34081.71 6576.96 19.30
1638.0 33920.36 6584.44 19.41
1641.7 33748.10 6581.48 19.50
1645.4 33556.70 6590.68 19.64
1649.1 33353.05 6576.32 19.72
1652.8 33189.89 6568.83 19.79
1656.4 33018.59 6551.78 19.84
1660.1 32845.97 6533.29 19.89
1663.8 32642.92 6497.04 19.90
1667.5 32483.35 6464.34 19.90
1671.1 32351.26 6438.02 19.90
1674.8 32144.07 6385.42 19.87
1678.5 32080.00 6354.30 19.81
1682.1 32102.13 6320.70 19.69
1685.8 32123.16 6287.22 19.57
1689.5 32018.65 6228.87 19.45
1693.1 31881.24 6159.63 19.32
1696.8 31732.38 6084.75 19.18
1700.4 31582.94 6002.64 19.01
1704.0 31466.76 5917.81 18.81
1707.7 31189.67 5802.84 18.61
1711.3 30882.00 5676.29 18.38
1715.0 30659.79 5568.64 18.16
1718.6 30484.31 5470.07 17.94
1722.2 30333.58 5369.84 17.70
1725.9 30181.80 5274.82 17.48
1729.5 30037.98 5199.85 17.31
1733.1 29910.73 5160.25 17.25
1736.7 29788.38 5126.66 17.21
1740.3 29614.18 5060.64 17.09
1744.0 29528.30 5014.83 16.98
1747.5 29373.44 4946.98 16.84
1751.2 29138.63 4847.28 16.64
1754.8 28975.37 4762.85 16.44
1758.4 28834.48 4694.10 16.28
1762.0 28639.33 4617.94 16.12
1765.5 28498.38 4565.38 16.02
1769.1 28452.00 4531.20 15.93
1772.7 28378.96 4490.96 15.82
1776.3 28252.73 4453.01 15.76
1779.9 28119.54 4411.15 15.69
1783.5 28061.20 4372.24 15.58
1787.0 27938.82 4328.27 15.49
1790.6 27774.17 4296.32 15.47
1794.2 27666.21 4277.39 15.46
1797.8 27558.84 4262.13 15.47
1801.3 27465.68 4244.46 15.45
1804.9 27315.75 4223.63 15.46
1808.4 27221.13 4214.35 15.48
1812.0 27071.27 4189.25 15.47
1815.5 26907.62 4161.66 15.47
1819.1 26703.43 4132.27 15.47
1822.6 26545.43 4103.89 15.46
1826.2 26400.51 4072.23 15.42
1829.7 26207.46 4028.68 15.37
1833.2 25952.41 3969.88 15.30
1836.8 25712.51 3920.74 15.25
1840.3 25567.16 3876.30 15.16
1843.8 25454.03 3814.16 14.98
1847.3 25371.56 3756.03 14.80
1850.8 25264.51 3681.22 14.57
1854.3 25105.60 3598.85 14.33
1857.8 25027.60 3515.20 14.05
1861.3 25027.70 3381.00 13.51
1864.8 24948.54 3226.51 12.93
1868.3 24715.93 3040.83 12.30
1871.8 24529.92 2818.56 11.49
1875.3 24489.01 2598.96 10.61
1878.8 24485.84 2405.27 9.82
1882.3 24423.29 2201.07 9.01
1885.8 24245.59 1999.72 8.25
1889.3 24030.42 1868.38 7.78
1892.7 23852.68 1761.95 7.39
1896.2 23673.74 1697.87 7.17
1899.7 23427.69 1681.99 7.18
1903.1 23323.61 1720.49 7.38
1906.6 23396.53 1845.41 7.89
1910.0 23683.33 2022.26 8.54
1913.5 24138.15 2255.12 9.34
1917.0 24628.98 2769.38 11.24
1920.4 25146.40 3281.98 13.05
1923.8 25520.19 3576.08 14.01
1871.2 22263.77 2483.93 11.16
1873.9 22507.55 2383.91 10.59
1876.7 22626.01 2306.54 10.19
1879.5 22737.83 2165.96 9.53
1882.3 22382.76 1957.70 8.75
1885.1 22317.18 1836.06 8.23
1887.8 22505.15 1756.54 7.81
1890.6 22306.26 1629.50 7.31
1893.4 22256.67 1584.00 7.12
1896.2 22163.50 1533.50 6.92
1898.9 22083.42 1477.37 6.69
1901.7 21937.94 1451.95 6.62
1904.5 22143.94 1465.33 6.62
1907.2 22059.00 1448.75 6.57
1910.0 21927.95 1426.70 6.51
1912.7 21918.25 1405.17 6.41
1915.5 21816.04 1430.07 6.56
1918.2 21741.95 1424.18 6.55
1921.0 21589.30 1395.96 6.47
1923.7 21620.81 1390.70 6.43
1926.5 21581.93 1380.83 6.40
1929.2 21568.04 1401.31 6.50
1932.0 21551.20 1403.04 6.51
1934.7 21508.34 1413.25 6.57
1937.4 21385.99 1377.14 6.44
1940.2 21322.79 1392.22 6.53
1942.9 21412.44 1425.06 6.66
1945.6 21432.94 1410.34 6.58
1948.3 21347.13 1428.96 6.69
1951.1 21319.83 1426.74 6.69
1953.8 21321.00 1443.00 6.77
1956.5 21174.65 1458.57 6.89
1959.2 21255.91 1471.08 6.92
1961.9 21274.22 1475.10 6.93
1964.6 21161.18 1484.53 7.02
1967.3 21232.43 1510.03 7.11
1970.0 21063.36 1494.80 7.10
1972.8 20962.32 1517.90 7.24
1975.5 21019.32 1510.16 7.18
1978.2 20951.00 1512.56 7.22
1980.9 20833.51 1556.61 7.47
1983.5 20753.87 1535.60 7.40
1986.2 20730.84 1559.76 7.52
1988.9 20710.47 1588.86 7.67
1991.6 20560.54 1596.06 7.76
1994.3 20429.18 1594.36 7.80
1997.0 20463.02 1600.25 7.82
1999.7 20411.81 1633.98 8.01
2002.3 20392.69 1636.82 8.03
2005.0 20300.64 1651.21 8.13
2007.7 20215.73 1659.80 8.21
2010.4 20150.59 1667.32 8.27
2013.0 20054.41 1689.93 8.43
2015.7 19971.23 1679.43 8.41
2018.4 19850.99 1679.31 8.46
2021.0 19776.67 1719.83 8.70
2023.7 19665.12 1718.61 8.74
2026.4 19623.72 1712.53 8.73
2029.0 19549.52 1734.80 8.87
2031.7 19389.93 1732.25 8.93
2034.3 19392.75 1743.52 8.99
2037.0 19277.12 1759.38 9.13
2039.6 19203.81 1735.83 9.04
2042.3 19169.68 1755.21 9.16
2044.9 19085.22 1781.18 9.33
2047.5 19057.17 1767.15 9.27
2050.2 18939.20 1752.80 9.25
2052.8 18894.40 1780.80 9.43
2055.4 18768.37 1787.46 9.52
2058.1 18622.80 1772.40 9.52
2060.7 18569.98 1777.62 9.57
2063.3 18475.60 1777.89 9.62
2065.9 18427.79 1786.67 9.70
2068.6 18352.42 1797.83 9.80
2071.2 18299.61 1813.50 9.91
2073.8 18217.15 1804.93 9.91
2076.4 18153.52 1821.53 10.03
2079.0 18135.74 1840.55 10.15
2081.6 18151.63 1837.11 10.12
2084.2 18112.28 1856.66 10.25
2086.8 17948.60 1863.87 10.38
2089.4 17865.33 1843.83 10.32
2092.1 17782.00 1847.33 10.39
2094.7 17712.75 1850.38 10.45
2097.2 17685.67 1853.00 10.48
2099.8 17677.80 1878.80 10.63
2102.4 17557.58 1865.23 10.62
2105.0 17419.20 1846.80 10.60
2107.6 17352.05 1859.96 10.72
2110.2 17317.12 1875.50 10.83
2112.8 17308.85 1878.35 10.85
2115.3 17299.79 1902.31 11.00
2117.9 17305.54 1918.00 11.08
2120.5 17283.04 1923.90 11.13
2123.1 17169.75 1910.03 11.12
2125.6 17130.75 1932.70 11.28
2128.2 17041.98 1949.16 11.44
2130.8 16938.68 1924.65 11.36
2133.3 16907.73 1927.20 11.40
2135.9 16811.63 1923.85 11.44
2138.4 16669.29 1921.23 11.53
2141.0 16557.51 1915.79 11.57
2143.6 16519.94 1908.52 11.55
2146.1 16331.26 1918.73 11.75
2148.7 16166.35 1923.52 11.90
2151.2 16200.80 1915.47 11.82
2153.8 16223.65 1933.77 11.92
2156.3 16092.71 1928.53 11.98
2158.8 16012.97 1875.37 11.71
2161.4 15977.02 1898.73 11.88
2163.9 15879.72 1910.52 12.03
2166.4 15806.34 1898.18 12.01
2169.0 15776.77 1921.83 12.18
2171.5 15691.03 1910.01 12.17
2174.0 15580.08 1871.28 12.01
2176.5 15568.93 1874.73 12.04
2179.1 15528.15 1885.30 12.14
2181.6 15436.46 1873.67 12.14
2184.1 15393.84 1884.96 12.24
2186.6 15412.36 1901.83 12.34
2189.1 15330.96 1865.01 12.16
2191.6 15265.13 1871.80 12.26
2194.1 15289.63 1893.35 12.38
2196.6 15291.79 1871.56 12.24
2199.2 15355.64 1894.17 12.34
2201.7 15282.97 1883.96 12.33
2204.1 15217.08 1869.15 12.28
2206.6 15263.16 1883.65 12.34
2209.1 15196.78 1854.65 12.20
2211.6 15154.34 1827.20 12.06
2214.1 15142.04 1851.41 12.23
2216.6 15136.36 1845.99 12.20
2219.1 15121.17 1838.39 12.16
2221.6 15017.30 1834.81 12.22
2224.0 14973.30 1817.37 12.14
2226.5 14953.65 1807.38 12.09
2229.0 14990.65 1815.78 12.11
2231.5 14856.57 1803.93 12.14
2233.9 14819.93 1789.48 12.07
2236.4 14830.12 1787.18 12.05
2238.9 14725.00 1751.50 11.89
2241.3 14738.24 1721.79 11.68
2243.8 14703.26 1725.68 11.74
2246.2 14560.76 1697.98 11.66
2248.7 14543.49 1677.65 11.54
2251.2 14547.02 1648.79 11.33
2253.6 14461.44 1608.96 11.13
2256.1 14411.52 1612.80 11.19
2258.5 14448.51 1621.18 11.22
2260.9 14358.24 1553.18 10.82
2263.4 14286.28 1500.79 10.51
2265.8 14286.52 1527.13 10.69
2268.3 14242.68 1516.24 10.65
2270.7 14293.95 1489.27 10.42
2273.1 14208.68 1472.64 10.36
2275.6 14138.88 1466.88 10.37
2278.0 14162.68 1445.09 10.20
2280.4 14119.54 1446.97 10.25
2282.8 13992.20 1386.06 9.91
2285.3 14040.77 1364.81 9.72
2287.7 14128.29 1409.71 9.98
2290.1 13998.75 1367.85 9.77
2292.5 13976.47 1341.30 9.60
2294.9 14012.61 1347.52 9.62
2297.3 13889.96 1309.11 9.42
2299.7 13787.58 1275.31 9.25
2302.1 13749.17 1249.21 9.09
2304.5 13602.40 1250.48 9.19
2306.9 13496.56 1215.20 9.00
2309.3 13451.64 1159.83 8.62
2311.7 13329.30 1153.95 8.66
2314.1 13154.03 1149.99 8.74
2316.5 13124.14 1146.54 8.74
2318.9 13145.46 1139.14 8.67
2321.3 13101.23 1121.15 8.56
2323.7 13118.10 1138.10 8.68
2326.1 13081.38 1132.43 8.66
2328.4 13108.17 1126.93 8.60
2330.8 13202.52 1120.66 8.49
2333.2 13104.54 1091.36 8.33
2335.6 13023.78 1087.74 8.35
2337.9 13062.53 1076.72 8.24
2340.3 13002.24 1074.77 8.27
2342.7 12902.35 1045.22 8.10
2345.0 12884.39 1048.93 8.14
2347.4 12860.50 1037.00 8.06
2349.7 12661.22 978.21 7.73
2352.1 12633.43 969.16 7.67
2354.4 12658.59 992.92 7.84
2356.8 12578.77 997.15 7.93
2359.2 12527.67 992.33 7.92
2361.5 12479.13 946.84 7.59
2363.8 12494.29 931.03 7.45
2366.2 12489.73 948.87 7.60
2368.5 12451.10 921.15 7.40
2370.9 12453.76 943.87 7.58
2373.2 12415.30 939.80 7.57
2375.5 12276.33 891.43 7.26
2377.9 12211.78 902.55 7.39
2380.2 12242.21 930.08 7.60
2382.5 12139.99 900.62 7.42
2384.8 12068.64 858.40 7.11
2387.2 12086.52 839.21 6.94
2389.5 12068.58 821.57 6.81
2391.8 12016.43 831.83 6.92
2394.1 11909.46 844.51 7.09
2396.4 11863.59 798.33 6.73
2398.7 11940.46 813.57 6.81
2401.0 11823.50 830.76 7.03
2403.3 11693.04 821.70 7.03
2405.6 11741.09 734.76 6.26
2407.9 11668.29 761.52 6.53
2410.2 11575.79 792.11 6.84
2412.5 11525.22 696.19 6.04
2414.8 11512.67 759.98 6.60
2417.1 11505.36 753.60 6.55
2419.4 11477.63 718.98 6.26
2421.7 11364.91 730.68 6.43
2424.0 11316.90 681.55 6.02
2426.2 11347.35 679.45 5.99
2428.5 11281.78 692.27 6.14
2430.8 11243.35 686.70 6.11
2433.1 11179.50 685.93 6.14
2435.4 11100.48 643.43 5.80
2437.6 11066.91 649.02 5.86
2439.9 10932.41 617.65 5.65
2442.2 10967.11 625.72 5.71
2444.4 10975.51 620.28 5.65
2446.7 10909.12 595.68 5.46
2448.9 10931.40 615.85 5.63
2451.2 10853.16 607.92 5.60
2453.4 10787.73 590.61 5.47
2455.7 10721.98 577.76 5.39
2457.9 10647.12 586.08 5.50
2460.2 10665.45 579.51 5.43
2462.4 10576.80 599.04 5.66
2464.7 10503.38 599.29 5.71
2466.9 10471.02 475.08 4.54
2469.2 10480.86 537.98 5.13
2471.4 10359.57 584.29 5.64
2473.6 10250.05 502.13 4.90
2475.9 10220.96 501.23 4.90
2478.1 10124.53 519.21 5.13
2480.3 10080.49 563.90 5.59
2482.5 10057.71 521.83 5.19
2484.8 9961.32 502.44 5.04
2487.0 9924.93 466.62 4.70
2489.2 9935.52 444.76 4.48
2491.4 9875.23 468.79 4.75
2493.6 9884.14 462.46 4.68
2495.8 9866.24 506.77 5.14
2498.0 9849.60 526.93 5.35
2500.2 9865.68 480.23 4.87
2502.4 10096.56 444.00 4.40
2504.6 10244.49 497.67 4.86
2506.8 10345.65 535.79 5.18
