/*** Spectra Vista SIG Data ***/
name= \My Documents\HR1024_Data\RD3T1.
instrument= HR: 1091052
integration= 200, 60, 30, 400, 60, 30
scan time= 1, 1
scan settings= AD, AI, AD, AI
external data set1= 8224, 8224, 8224, 8224, 8224, 8224, 8224, 8224, 8224, 8224, 8224, 8224, 8224, 8224, 8224, 8224
external data set2= 8224, 8224, 8224, 8224, 8224, 8224, 8224, 8224, 8224, 8224, 8224, 8224, 8224, 8224, 8224, 8224
external data dark= 0,0,0,0,0,0,0,0
external data mask= 0
optic= LENS4 , LENS4 
temp= 32.98, 8.88, -5.37, 40.48, 8.88, -5.24
battery= 7.6, 7.2
error= 0, 0
units= Radiance, Radiance
time= 1/26/08 10:33:54 AM, 1/26/08 10:55:36 AM
longitude= , 
latitude= , 
gpstime= , 
comm= 
memory slot= 0, 0
factors= 
data= 
346.4 598.78 176.77 29.52
347.9 627.50 175.70 28.00
349.5 677.04 182.52 26.96
351.1 739.44 187.20 25.32
352.6 790.63 188.17 23.80
354.2 841.03 194.71 23.15
355.7 912.59 203.73 22.32
357.3 974.37 213.25 21.89
358.8 992.58 209.70 21.13
360.4 1062.29 218.09 20.53
361.9 1117.88 224.62 20.09
363.5 1149.55 212.94 18.52
365.1 1196.29 223.65 18.70
366.6 1260.16 233.04 18.49
368.2 1349.72 226.63 16.79
369.7 1403.95 225.29 16.05
371.3 1488.21 235.41 15.82
372.8 1577.00 232.40 14.74
374.4 1638.71 236.96 14.46
375.9 1688.10 231.70 13.73
377.4 1740.09 237.43 13.64
379.0 1788.57 235.51 13.17
380.5 1855.73 241.58 13.02
382.1 1905.98 239.36 12.56
383.6 1973.16 239.56 12.14
385.2 2065.25 237.88 11.52
386.7 2149.76 236.91 11.02
388.3 2271.83 237.78 10.47
389.8 2363.45 248.42 10.51
391.3 2453.59 259.01 10.56
392.9 2526.36 263.16 10.42
394.4 2602.50 271.53 10.43
395.9 2690.98 287.31 10.68
397.5 2829.48 295.55 10.45
399.0 2963.31 292.01 9.85
400.6 3033.76 281.59 9.28
402.1 3072.78 273.48 8.90
403.6 3116.75 266.12 8.54
405.1 3199.00 268.49 8.39
406.7 3304.00 266.56 8.07
408.2 3412.53 276.21 8.09
409.7 3521.28 274.40 7.79
411.3 3642.17 284.58 7.81
412.8 3732.75 296.25 7.94
414.3 3845.02 307.16 7.99
415.8 3965.00 311.25 7.85
417.4 4085.95 308.66 7.55
418.9 4192.21 323.84 7.72
420.4 4267.16 317.79 7.45
421.9 4346.32 332.75 7.66
423.5 4413.15 323.40 7.33
425.0 4492.75 329.26 7.33
426.5 4594.55 321.43 7.00
428.0 4712.54 329.43 6.99
429.5 4856.53 332.79 6.85
431.1 5025.20 336.69 6.70
432.6 5198.44 336.44 6.47
434.1 5370.75 352.28 6.56
435.6 5520.56 358.94 6.50
437.1 5670.60 362.70 6.40
438.6 5806.58 369.42 6.36
440.1 5943.54 381.63 6.42
441.6 6091.61 386.48 6.34
443.1 6230.93 398.93 6.40
444.7 6356.12 406.89 6.40
446.2 6474.98 409.42 6.32
447.7 6582.53 415.32 6.31
449.2 6691.68 417.96 6.25
450.7 6814.08 423.28 6.21
452.2 6930.56 422.48 6.10
453.7 7066.33 422.79 5.98
455.2 7233.85 423.62 5.86
456.7 7443.04 435.60 5.85
458.2 7673.27 446.49 5.82
459.7 7920.50 454.13 5.73
461.2 8156.07 467.73 5.73
462.7 8366.46 476.14 5.69
464.2 8568.06 489.53 5.71
465.7 8788.58 503.17 5.73
467.2 8970.50 511.09 5.70
468.7 9176.00 527.00 5.74
470.2 9305.26 540.28 5.81
471.7 9490.50 551.00 5.81
473.2 9788.42 575.28 5.88
474.6 10042.30 579.77 5.77
476.1 10127.24 575.58 5.68
477.6 10169.21 570.61 5.61
479.1 10224.56 563.99 5.52
480.6 10293.47 562.91 5.47
482.1 10426.95 565.76 5.43
483.6 10590.11 572.79 5.41
485.1 10796.39 578.74 5.36
486.6 11041.55 586.51 5.31
488.0 11290.50 598.81 5.30
489.5 11568.25 609.66 5.27
491.0 11840.59 627.26 5.30
492.5 12119.22 641.52 5.29
494.0 12409.65 653.18 5.26
495.4 12660.45 664.95 5.25
496.9 12912.44 682.20 5.28
498.4 13155.80 698.16 5.31
499.9 13408.52 712.76 5.32
501.4 13645.90 725.05 5.31
502.8 13864.50 741.79 5.35
504.3 14081.40 754.20 5.36
505.8 14291.05 773.95 5.42
507.2 14436.37 785.19 5.44
508.7 14548.87 799.15 5.49
510.2 14651.50 808.53 5.52
511.6 14718.08 822.80 5.59
513.1 14838.45 834.02 5.62
514.6 14986.45 847.77 5.66
516.0 15112.04 862.73 5.71
517.5 15305.31 878.84 5.74
519.0 15537.89 898.46 5.78
520.5 15768.60 912.66 5.79
521.9 16045.99 936.86 5.84
523.4 16363.11 964.98 5.90
524.8 16675.79 991.42 5.95
526.3 17027.53 1018.38 5.98
527.8 17380.80 1045.56 6.02
529.2 17706.86 1081.18 6.11
530.7 18056.71 1107.77 6.13
532.1 18377.28 1134.66 6.17
533.6 18738.23 1166.16 6.22
535.0 19114.67 1196.29 6.26
536.5 19476.07 1227.36 6.30
538.0 19846.24 1264.08 6.37
539.4 20198.95 1293.35 6.40
540.9 20626.19 1325.34 6.43
542.3 20984.92 1352.26 6.44
543.8 21250.33 1388.04 6.53
545.2 21329.19 1395.75 6.54
546.6 21331.64 1400.33 6.56
548.1 21362.06 1415.54 6.63
549.5 21376.46 1422.16 6.65
551.0 21386.66 1432.74 6.70
552.4 21443.54 1443.42 6.73
553.9 21463.89 1455.27 6.78
555.3 21521.57 1473.32 6.85
556.8 21650.10 1488.24 6.87
558.2 21773.81 1514.53 6.96
559.6 21936.94 1537.65 7.01
561.1 22168.25 1570.56 7.08
562.5 22423.78 1601.70 7.14
564.0 22757.43 1646.82 7.24
565.4 23059.14 1688.87 7.32
566.8 23449.52 1742.70 7.43
568.3 23818.66 1793.44 7.53
569.7 24198.01 1846.78 7.63
571.1 24579.14 1907.42 7.76
572.6 24952.86 1964.25 7.87
574.0 25317.60 2025.38 8.00
575.4 25678.69 2093.34 8.15
576.9 26008.29 2157.83 8.30
578.3 26306.64 2230.80 8.48
579.7 26593.28 2302.98 8.66
581.1 26823.10 2371.18 8.84
582.6 27065.10 2445.20 9.03
584.0 27286.52 2524.92 9.25
585.4 27587.92 2627.74 9.52
586.8 27978.96 2725.98 9.74
588.3 28419.30 2844.27 10.01
589.7 28786.68 2958.93 10.28
591.1 29016.81 3066.67 10.57
592.5 29127.43 3157.32 10.84
594.0 29186.34 3241.20 11.11
595.4 29194.56 3322.32 11.38
596.8 29193.45 3412.70 11.69
598.2 29177.08 3507.88 12.02
599.6 29153.88 3604.91 12.37
601.0 29216.28 3715.39 12.72
602.4 29261.60 3828.54 13.08
603.9 29364.60 3951.97 13.46
605.3 29484.10 4083.71 13.85
606.7 29584.80 4206.60 14.22
608.1 29785.49 4351.46 14.61
609.5 30013.28 4509.01 15.02
610.9 30296.78 4674.83 15.43
612.3 30557.28 4834.75 15.82
613.7 30914.00 5023.32 16.25
615.1 31159.08 5196.15 16.68
616.5 31406.64 5371.94 17.10
617.9 31801.61 5588.72 17.57
619.3 32170.62 5804.48 18.04
620.7 32635.92 6036.87 18.50
622.1 33083.75 6285.08 19.00
623.5 33564.04 6561.38 19.55
624.9 34116.86 6879.60 20.16
626.3 34490.69 7173.19 20.80
627.7 34145.81 7334.36 21.48
629.1 33851.16 7479.26 22.09
630.5 33743.57 7641.18 22.64
631.9 33775.53 7820.58 23.15
633.3 33808.52 7972.67 23.58
634.7 33992.91 8129.72 23.92
636.1 34075.08 8233.08 24.16
637.5 34196.58 8286.30 24.23
638.9 34374.61 8283.23 24.10
640.2 34545.58 8214.70 23.78
641.6 34634.34 8129.16 23.47
643.0 34657.83 8035.30 23.18
644.4 34696.37 7952.60 22.92
645.8 34653.86 7846.48 22.64
647.2 34834.41 7802.73 22.40
648.5 34958.93 7767.39 22.22
649.9 34861.32 7720.34 22.15
651.3 34789.65 7725.23 22.21
652.7 34680.00 7736.70 22.31
654.1 34452.30 7693.65 22.33
655.5 34172.42 7631.51 22.33
656.8 33904.63 7542.50 22.25
658.2 34070.04 7522.04 22.08
659.6 34442.82 7528.80 21.86
660.9 34748.70 7493.70 21.57
662.3 35067.95 7426.63 21.18
663.7 35364.00 7352.10 20.79
665.0 35617.00 7271.05 20.41
666.4 35877.31 7183.10 20.02
667.8 36209.10 7138.04 19.71
669.1 36482.80 7081.84 19.41
670.5 36799.72 7067.05 19.20
671.9 36995.40 7058.40 19.08
673.2 37270.13 7095.13 19.04
674.6 37530.47 7154.48 19.06
676.0 37841.78 7262.04 19.19
677.3 38141.57 7422.59 19.46
678.7 38483.75 7652.13 19.88
680.0 38922.37 7988.85 20.53
681.4 39389.45 8436.48 21.42
682.8 39844.35 9023.79 22.65
684.1 40287.78 9764.82 24.24
685.5 40705.56 10634.67 26.13
686.8 41091.84 11639.49 28.33
688.2 41433.89 12757.75 30.79
689.5 41549.57 13868.39 33.38
690.9 41633.44 15013.46 36.06
692.2 41697.60 16160.63 38.76
693.6 41771.65 17268.24 41.34
694.9 41721.88 18311.41 43.89
696.2 41751.90 19327.33 46.29
697.6 41766.04 20293.90 48.59
698.9 41796.48 21201.84 50.73
700.3 41844.24 22036.85 52.66
701.6 41918.48 22815.86 54.43
703.0 41979.40 23535.02 56.06
704.3 41981.71 24162.21 57.55
705.6 41967.18 24706.85 58.87
707.0 41980.75 25210.99 60.05
708.3 41872.71 25613.54 61.17
709.6 41753.67 25973.82 62.21
711.0 41589.99 26271.55 63.17
712.3 41418.66 26531.42 64.06
713.6 41354.04 26834.85 64.89
714.9 41240.96 27084.66 65.67
716.3 41218.54 27362.51 66.38
717.6 41221.95 27640.83 67.05
718.9 41134.56 27818.33 67.63
720.2 40936.00 27910.23 68.18
721.6 40765.66 28007.33 68.70
722.9 40572.15 28051.82 69.14
724.2 40305.71 28035.01 69.56
725.5 40134.57 28047.09 69.88
726.8 39960.91 28041.75 70.17
728.1 39855.98 28093.89 70.49
729.5 39766.23 28126.96 70.73
730.8 39707.44 28151.08 70.90
732.1 39612.07 28147.42 71.06
733.4 39556.45 28166.99 71.21
734.7 39507.57 28194.88 71.37
736.0 39511.29 28254.33 71.51
737.3 39463.58 28285.07 71.67
738.6 39569.04 28423.37 71.83
739.9 39770.92 28603.77 71.92
741.2 39928.98 28766.01 72.04
742.5 40206.42 29026.64 72.19
743.8 40696.43 29435.18 72.33
745.1 41398.16 30002.19 72.47
746.4 42245.84 30669.96 72.60
747.7 43136.62 31360.96 72.70
749.0 43980.49 32045.97 72.86
750.3 44484.44 32454.84 72.96
751.6 44396.66 32448.82 73.09
752.9 43969.12 32172.65 73.17
754.2 43470.53 31833.90 73.23
755.4 42928.75 31479.72 73.33
756.7 42746.48 31387.42 73.43
758.0 42774.71 31444.11 73.51
759.3 43048.01 31677.30 73.59
760.6 43418.76 31991.96 73.68
761.9 43775.94 32305.09 73.80
763.1 43996.61 32511.20 73.89
764.4 44239.34 32750.37 74.03
765.7 44424.25 32917.63 74.10
767.0 44583.75 33067.93 74.17
768.2 44688.00 33180.00 74.25
769.5 44782.92 33284.74 74.32
770.8 44990.42 33475.53 74.41
772.0 45014.41 33546.34 74.52
773.3 45100.97 33643.55 74.60
774.6 45226.84 33774.15 74.68
775.8 45313.45 33897.26 74.81
777.1 45344.81 33944.92 74.86
778.4 45245.88 33919.91 74.97
779.6 45226.44 33937.52 75.04
780.9 45132.00 33908.00 75.13
782.1 44952.26 33818.04 75.23
783.4 44936.32 33845.76 75.32
784.6 44935.72 33891.18 75.42
785.9 45255.62 34154.68 75.47
787.1 45836.93 34647.20 75.59
788.4 46288.94 35073.95 75.77
789.6 46219.23 35092.56 75.93
790.9 45788.99 34799.53 76.00
792.1 45296.16 34443.04 76.04
793.4 44771.54 34117.81 76.20
794.6 44415.30 33890.81 76.30
795.8 44134.47 33698.77 76.35
797.1 43801.05 33486.71 76.45
798.3 43569.08 33343.82 76.53
799.5 43411.48 33269.77 76.64
800.8 43273.13 33181.04 76.68
802.0 43071.08 33090.92 76.83
803.2 42890.28 32980.18 76.89
804.5 42742.15 32910.23 77.00
805.7 42601.95 32810.74 77.02
806.9 42426.40 32729.33 77.14
808.1 42305.67 32652.24 77.18
809.4 42221.44 32592.86 77.20
810.6 42105.70 32527.95 77.25
811.8 42062.43 32489.90 77.24
813.0 42071.08 32501.31 77.25
814.2 42081.20 32519.83 77.28
815.4 42185.03 32582.13 77.24
816.6 42225.34 32624.79 77.26
817.9 42273.21 32652.72 77.24
819.1 42166.58 32585.63 77.28
820.3 42039.03 32463.58 77.22
821.5 41905.07 32360.46 77.22
822.7 41849.58 32290.75 77.16
823.9 41838.35 32232.47 77.04
825.1 41851.34 32174.24 76.88
826.3 41890.94 32145.00 76.73
827.5 41937.05 32103.08 76.55
828.7 42011.28 32095.56 76.40
829.9 42039.57 32046.37 76.23
831.0 42140.75 32045.53 76.04
832.2 42235.78 32040.86 75.86
833.4 42305.18 32039.44 75.73
834.6 42417.19 32043.75 75.54
835.8 42496.65 32063.85 75.45
837.0 42597.61 32109.11 75.38
838.1 42745.68 32197.76 75.32
839.3 42856.00 32227.23 75.20
840.5 42989.60 32306.29 75.15
841.7 43156.80 32422.55 75.13
842.9 43298.86 32504.58 75.07
844.0 43430.88 32587.33 75.03
845.2 43568.90 32717.42 75.09
846.4 43732.15 32820.60 75.05
847.5 43960.00 32983.74 75.03
848.7 44164.79 33123.59 75.00
849.9 44393.85 33273.91 74.95
851.0 44478.08 33351.28 74.98
852.2 44569.63 33408.08 74.96
853.3 44562.81 33393.88 74.94
854.5 44594.90 33392.29 74.88
855.6 44615.97 33406.20 74.87
856.8 44687.86 33438.41 74.83
857.9 44681.40 33409.86 74.77
859.1 44832.20 33507.90 74.74
860.2 44876.88 33497.52 74.64
861.4 44954.55 33537.62 74.60
862.5 45021.69 33572.54 74.57
863.7 45150.84 33636.98 74.50
864.8 45213.35 33652.33 74.43
865.9 45167.77 33599.18 74.39
867.1 45241.43 33638.34 74.35
868.2 45295.54 33664.01 74.32
869.3 45314.27 33631.19 74.22
870.5 45282.48 33591.72 74.18
871.6 45315.83 33576.82 74.10
872.7 45413.27 33599.48 73.99
873.9 45478.16 33603.89 73.89
875.0 45456.71 33559.51 73.83
876.1 45452.45 33505.88 73.72
877.2 45498.99 33503.52 73.64
878.3 45519.98 33453.00 73.49
879.4 45563.53 33448.16 73.41
880.5 45631.08 33463.62 73.34
881.7 45596.20 33402.85 73.26
882.8 45693.96 33383.13 73.06
883.9 45722.91 33387.97 73.02
885.0 45675.63 33307.37 72.92
886.1 45712.78 33244.44 72.72
887.2 45537.58 33095.79 72.68
888.3 45475.07 32957.51 72.47
889.4 45347.40 32800.39 72.33
890.5 45259.13 32688.15 72.22
891.6 45193.70 32575.74 72.08
892.7 45201.31 32534.81 71.98
893.8 45270.56 32515.22 71.82
894.9 45248.28 32448.02 71.71
896.0 45235.90 32364.45 71.55
897.0 45257.72 32304.52 71.38
898.1 45230.13 32255.49 71.31
899.2 45252.30 32208.99 71.18
900.3 45165.90 32090.33 71.05
901.4 45101.16 31978.08 70.90
902.4 45077.20 31928.11 70.83
903.5 45018.01 31826.36 70.70
904.6 45035.56 31797.95 70.61
905.7 45038.93 31706.68 70.40
906.7 44985.82 31617.25 70.28
907.8 45025.57 31573.10 70.12
908.9 44904.57 31440.97 70.02
909.9 44897.74 31366.91 69.86
911.0 44830.08 31251.60 69.71
912.1 44749.25 31132.69 69.57
913.1 44707.00 30998.50 69.34
914.2 44554.62 30849.71 69.24
915.2 44505.45 30774.20 69.15
916.3 44491.35 30672.60 68.94
917.3 44461.10 30595.42 68.81
918.4 44383.35 30397.81 68.49
919.4 44330.69 30271.12 68.28
920.5 44315.70 30132.61 68.00
921.5 44285.78 30059.26 67.88
922.6 44268.10 29907.03 67.56
923.6 44262.16 29836.25 67.41
924.7 44333.00 29702.25 67.00
925.7 44276.22 29539.20 66.72
926.7 44252.98 29405.09 66.45
927.8 44374.33 29324.30 66.08
928.8 44502.63 29267.45 65.77
929.9 44598.23 29183.86 65.44
930.9 44802.27 29137.46 65.04
931.9 45011.35 29125.33 64.71
932.9 45355.12 29156.86 64.29
934.0 45370.16 29012.53 63.95
935.0 45397.97 28831.78 63.51
936.0 45413.73 28658.98 63.11
937.0 45319.95 28452.84 62.78
938.1 45295.44 28297.71 62.47
939.1 45257.91 28108.93 62.11
940.1 45342.90 27958.42 61.66
941.1 45568.46 27951.28 61.34
942.1 45803.34 27950.66 61.02
943.1 45999.43 27882.48 60.61
944.1 46171.28 27817.20 60.25
945.2 46338.18 27706.56 59.79
946.2 46411.22 27559.13 59.38
947.2 46518.25 27432.13 58.97
948.2 46693.82 27310.58 58.49
949.2 46838.19 27210.63 58.09
950.2 46912.95 27039.23 57.64
951.2 46909.80 26889.24 57.32
952.2 47054.57 26701.55 56.75
953.2 47260.85 26632.29 56.35
954.2 47365.65 26486.78 55.92
955.2 47408.68 26300.60 55.48
956.2 47434.65 26167.33 55.17
957.2 47543.77 26054.88 54.80
958.2 47601.59 25969.69 54.56
959.2 47735.55 25824.15 54.10
960.1 47775.14 25793.81 53.99
961.1 47870.63 25728.29 53.75
962.1 47933.44 25676.72 53.57
963.1 48032.50 25703.68 53.51
964.1 48057.21 25634.87 53.34
965.1 48243.99 25694.96 53.26
966.1 48335.33 25692.29 53.15
967.0 48410.39 25692.10 53.07
968.0 48434.88 25703.74 53.07
969.0 48556.60 25680.00 52.89
970.0 48603.65 25659.28 52.79
971.0 48737.12 25690.09 52.71
971.9 48722.90 25684.03 52.71
972.9 48879.95 25792.29 52.77
973.9 48859.53 25854.73 52.92
974.9 49044.08 25909.07 52.83
975.8 49101.73 25899.03 52.75
976.8 49135.91 26007.83 52.93
977.8 49315.41 26155.01 53.04
978.8 49372.50 26167.43 53.00
979.7 49504.50 26384.07 53.30
980.7 49626.72 26563.02 53.53
981.7 49868.69 26738.66 53.62
982.6 50026.42 26981.62 53.93
983.6 50542.44 27415.12 54.24
984.6 51139.74 27773.65 54.31
985.5 51570.00 28088.46 54.47
986.5 52881.11 28732.86 54.33
987.5 53801.49 29421.26 54.68
988.4 54737.10 30089.40 54.97
989.4 56052.04 30897.28 55.12
990.4 57074.27 31748.48 55.63
991.3 59136.61 32891.54 55.62
992.3 61232.97 33257.53 54.31
993.2 62381.81 34556.83 55.40
994.2 63759.15 36180.79 56.75
995.2 64627.45 36790.08 56.93
996.1 65405.36 38509.70 58.88
997.1 65143.00 36968.65 56.75
998.0 67149.60 37514.70 55.87
999.0 66846.51 36855.92 55.14
1000.0 67127.69 37501.50 55.87
1000.9 65712.83 37775.04 57.49
1001.9 66491.34 37705.46 56.71
1002.8 64393.95 37632.83 58.44
1003.8 65025.46 38186.09 58.72
1004.8 66172.20 37649.70 56.90
961.5 59748.86 29681.07 49.68
965.5 58598.35 29427.12 50.22
969.5 56260.49 28871.36 51.32
973.4 53913.29 28128.67 52.17
977.4 51859.95 27761.02 53.53
981.4 50850.20 27835.61 54.74
985.3 50481.20 28046.57 55.56
989.3 50535.22 28355.27 56.11
993.3 50635.09 28627.64 56.54
997.2 50595.02 28797.43 56.92
1001.2 50545.04 29006.90 57.39
1005.2 50473.33 29277.70 58.01
1009.1 50535.74 29638.31 58.65
1013.1 50697.93 30117.11 59.41
1017.1 50843.90 30587.27 60.16
1021.0 50855.49 30961.85 60.88
1025.0 50816.26 31327.80 61.65
1029.0 50641.08 31591.11 62.38
1032.9 50496.42 31873.40 63.12
1036.9 50486.34 32226.66 63.83
1040.9 50614.23 32638.85 64.49
1044.8 50848.91 33130.20 65.15
1048.8 51055.33 33558.78 65.73
1052.7 51200.97 33896.04 66.20
1056.7 51265.76 34132.92 66.58
1060.7 51328.86 34317.63 66.86
1064.6 51364.29 34447.77 67.07
1068.6 51285.22 34451.07 67.18
1072.5 51205.93 34422.39 67.22
1076.5 51155.97 34356.19 67.16
1080.4 51154.95 34257.59 66.97
1084.4 51258.31 34180.73 66.68
1088.3 51367.47 34055.67 66.30
1092.3 51376.13 33803.39 65.80
1096.2 51342.58 33516.86 65.28
1100.2 51360.86 33261.48 64.76
1104.1 51244.60 32878.91 64.16
1108.1 51175.76 32517.89 63.54
1112.0 51059.75 32124.11 62.91
1116.0 50831.30 31648.63 62.26
1119.9 50653.13 31122.52 61.44
1123.9 50703.41 30618.34 60.39
1127.8 50649.60 29867.52 58.97
1131.8 50608.23 28891.23 57.09
1135.7 50617.81 27767.46 54.86
1139.6 50606.06 26559.75 52.48
1143.6 50555.26 25392.55 50.23
1147.5 50517.05 24377.98 48.26
1151.4 50365.69 23498.05 46.65
1155.4 50355.11 22936.41 45.55
1159.3 50376.78 22554.11 44.77
1163.2 50207.59 22197.34 44.21
1167.2 50161.80 22008.18 43.87
1171.1 50174.37 21863.42 43.57
1175.0 50101.08 21695.04 43.30
1179.0 50065.70 21554.91 43.05
1182.9 50165.17 21480.46 42.82
1186.8 50159.61 21373.51 42.61
1190.7 49934.95 21178.40 42.41
1194.7 49665.47 20987.17 42.26
1198.6 49438.62 20838.51 42.15
1202.5 49264.40 20755.09 42.13
1206.4 49122.14 20713.95 42.17
1210.3 49037.26 20714.25 42.24
1214.2 48930.30 20750.25 42.41
1218.2 48765.56 20796.10 42.65
1222.1 48630.48 20868.30 42.91
1226.0 48538.40 20946.42 43.15
1229.9 48450.48 21013.44 43.37
1233.8 48352.03 21065.37 43.57
1237.7 48317.50 21129.84 43.73
1241.6 48229.08 21175.31 43.91
1245.5 48061.09 21174.19 44.06
1249.4 47934.98 21183.64 44.19
1253.3 47803.87 21183.82 44.31
1257.2 47735.46 21183.71 44.38
1261.1 47624.11 21152.66 44.42
1265.0 47490.52 21101.75 44.43
1268.9 47304.07 21001.08 44.40
1272.8 47372.70 20976.00 44.28
1276.7 47590.81 20997.79 44.12
1280.6 47691.16 20958.98 43.95
1284.5 47615.01 20812.10 43.71
1288.4 47591.67 20648.00 43.39
1292.3 47467.75 20405.00 42.99
1296.2 47318.59 20121.60 42.52
1300.1 47148.87 19795.78 41.99
1303.9 46897.39 19404.91 41.38
1307.8 46639.44 18986.06 40.71
1311.7 46386.67 18515.29 39.92
1315.6 46123.85 18032.50 39.10
1319.5 45848.18 17519.78 38.21
1323.3 45606.50 16998.21 37.27
1327.2 45386.16 16491.80 36.34
1331.1 45132.53 15962.77 35.37
1335.0 44824.46 15423.68 34.41
1338.8 44600.56 14945.06 33.51
1342.7 44421.07 14508.98 32.66
1346.5 44042.02 14029.52 31.85
1350.4 43720.62 13596.21 31.10
1354.3 43279.60 13148.01 30.38
1358.1 42799.92 12697.54 29.67
1362.0 42533.76 12304.29 28.93
1365.8 42447.40 11961.51 28.18
1369.7 42569.31 11640.71 27.35
1373.5 42515.11 11180.08 26.30
1377.4 42239.08 10562.97 25.01
1381.2 42024.35 9838.51 23.41
1385.1 42007.68 9109.70 21.69
1389.0 41913.21 8370.92 19.97
1392.8 41686.58 7628.52 18.30
1396.6 41522.45 6974.75 16.80
1400.5 41297.26 6386.28 15.46
1404.3 41119.22 5894.51 14.34
1408.2 41089.83 5514.58 13.42
1412.0 41038.18 5218.56 12.72
1415.8 41063.56 5010.31 12.20
1419.6 41020.11 4826.31 11.77
1423.5 40984.07 4686.45 11.43
1427.3 40938.38 4594.17 11.22
1431.1 40915.35 4515.15 11.04
1434.9 40812.08 4445.52 10.89
1438.8 40755.58 4400.82 10.80
1442.6 40720.04 4364.43 10.72
1446.4 40579.53 4331.10 10.67
1450.2 40476.97 4313.35 10.66
1454.0 40349.16 4290.96 10.63
1457.8 40313.93 4289.15 10.64
1461.6 40291.52 4305.81 10.69
1465.4 40157.17 4321.75 10.76
1469.2 39958.10 4336.15 10.85
1473.0 39808.79 4365.01 10.96
1476.8 39739.71 4439.82 11.17
1480.7 39668.27 4528.37 11.42
1484.4 39532.92 4617.00 11.68
1488.2 39418.92 4724.16 11.98
1492.0 39281.08 4845.89 12.34
1495.8 39157.30 4950.40 12.64
1499.6 39041.55 5036.59 12.90
1503.4 38891.42 5111.39 13.14
1507.2 38758.78 5180.81 13.37
1510.9 38603.27 5234.26 13.56
1514.7 38431.80 5270.94 13.72
1518.5 38296.78 5317.49 13.88
1522.3 38148.01 5363.42 14.06
1526.0 38038.86 5442.97 14.31
1529.8 37977.87 5554.77 14.63
1533.6 37845.65 5640.40 14.90
1537.3 37710.11 5719.18 15.17
1541.1 37580.52 5779.22 15.38
1544.8 37449.60 5832.00 15.57
1548.6 37314.89 5904.22 15.82
1552.4 37219.38 5998.99 16.12
1556.1 37135.69 6090.07 16.40
1559.9 37030.39 6159.76 16.63
1563.6 36900.49 6223.35 16.87
1567.3 36782.10 6302.43 17.13
1571.1 36560.28 6368.80 17.42
1574.8 36404.14 6444.90 17.70
1578.6 36302.38 6509.69 17.93
1582.3 36157.52 6553.03 18.12
1586.0 36009.48 6603.38 18.34
1589.8 35863.84 6647.78 18.54
1593.5 35710.53 6679.96 18.71
1597.2 35575.62 6713.20 18.87
1600.9 35432.24 6747.62 19.04
1604.7 35280.85 6778.86 19.21
1608.4 35142.04 6808.98 19.38
1612.1 34980.47 6834.13 19.54
1615.8 34834.07 6854.69 19.68
1619.5 34752.20 6899.83 19.85
1623.2 34595.03 6933.01 20.04
1626.9 34406.93 6941.45 20.17
1630.6 34230.90 6957.50 20.33
1634.3 34081.71 6978.35 20.48
1638.0 33920.36 6982.26 20.58
1641.7 33748.10 6982.61 20.69
1645.4 33556.70 6985.69 20.82
1649.1 33353.05 6973.95 20.91
1652.8 33189.89 6966.66 20.99
1656.4 33018.59 6943.70 21.03
1660.1 32845.97 6920.66 21.07
1663.8 32642.92 6890.16 21.11
1667.5 32483.35 6860.30 21.12
1671.1 32351.26 6830.46 21.11
1674.8 32144.07 6779.70 21.09
1678.5 32080.00 6753.93 21.05
1682.1 32102.13 6716.33 20.92
1685.8 32123.16 6675.46 20.78
1689.5 32018.65 6618.76 20.67
1693.1 31881.24 6545.94 20.53
1696.8 31732.38 6469.50 20.39
1700.4 31582.94 6383.76 20.21
1704.0 31466.76 6295.74 20.01
1707.7 31189.67 6187.31 19.84
1711.3 30882.00 6053.28 19.60
1715.0 30659.79 5941.64 19.38
1718.6 30484.31 5839.05 19.15
1722.2 30333.58 5740.67 18.93
1725.9 30181.80 5646.42 18.71
1729.5 30037.98 5565.26 18.53
1733.1 29910.73 5517.70 18.45
1736.7 29788.38 5488.91 18.43
1740.3 29614.18 5427.07 18.33
1744.0 29528.30 5367.04 18.18
1747.5 29373.44 5293.67 18.02
1751.2 29138.63 5196.08 17.83
1754.8 28975.37 5108.67 17.63
1758.4 28834.48 5032.62 17.45
1762.0 28639.33 4947.62 17.28
1765.5 28498.38 4897.45 17.19
1769.1 28452.00 4864.80 17.10
1772.7 28378.96 4825.05 17.00
1776.3 28252.73 4781.87 16.93
1779.9 28119.54 4742.17 16.86
1783.5 28061.20 4707.04 16.77
1787.0 27938.82 4658.14 16.67
1790.6 27774.17 4627.77 16.66
1794.2 27666.21 4606.81 16.65
1797.8 27558.84 4580.31 16.62
1801.3 27465.68 4571.56 16.64
1804.9 27315.75 4538.63 16.62
1808.4 27221.13 4526.62 16.63
1812.0 27071.27 4512.33 16.67
1815.5 26907.62 4478.58 16.64
1819.1 26703.43 4442.05 16.63
1822.6 26545.43 4415.58 16.63
1826.2 26400.51 4395.19 16.65
1829.7 26207.46 4349.90 16.60
1833.2 25952.41 4290.93 16.53
1836.8 25712.51 4242.42 16.50
1840.3 25567.16 4194.95 16.41
1843.8 25454.03 4136.58 16.25
1847.3 25371.56 4078.82 16.08
1850.8 25264.51 3999.74 15.83
1854.3 25105.60 3916.93 15.60
1857.8 25027.60 3806.40 15.21
1861.3 25027.70 3666.21 14.65
1864.8 24948.54 3534.43 14.17
1868.3 24715.93 3334.63 13.49
1871.8 24529.92 3102.72 12.65
1875.3 24489.01 2885.16 11.78
1878.8 24485.84 2668.23 10.90
1882.3 24423.29 2459.56 10.07
1885.8 24245.59 2272.77 9.37
1889.3 24030.42 2110.27 8.78
1892.7 23852.68 2018.71 8.46
1896.2 23673.74 1967.99 8.31
1899.7 23427.69 1955.04 8.34
1903.1 23323.61 1979.21 8.49
1906.6 23396.53 2005.88 8.57
1910.0 23683.33 2168.19 9.15
1913.5 24138.15 2477.85 10.27
1917.0 24628.98 2954.00 11.99
1920.4 25146.40 3466.88 13.79
1923.8 25520.19 3684.44 14.44
1871.2 22263.77 2770.09 12.44
1873.9 22507.55 2673.85 11.88
1876.7 22626.01 2556.16 11.30
1879.5 22737.83 2478.08 10.90
1882.3 22382.76 2192.27 9.79
1885.1 22317.18 2086.04 9.35
1887.8 22505.15 2020.43 8.98
1890.6 22306.26 1855.61 8.32
1893.4 22256.67 1833.33 8.24
1896.2 22163.50 1808.56 8.16
1898.9 22083.42 1759.99 7.97
1901.7 21937.94 1739.99 7.93
1904.5 22143.94 1703.38 7.69
1907.2 22059.00 1676.75 7.60
1910.0 21927.95 1699.07 7.75
1912.7 21918.25 1689.41 7.71
1915.5 21816.04 1655.87 7.59
1918.2 21741.95 1620.99 7.46
1921.0 21589.30 1622.89 7.52
1923.7 21620.81 1624.15 7.51
1926.5 21581.93 1621.82 7.51
1929.2 21568.04 1632.19 7.57
1932.0 21551.20 1614.76 7.49
1934.7 21508.34 1619.61 7.53
1937.4 21385.99 1612.87 7.54
1940.2 21322.79 1613.50 7.57
1942.9 21412.44 1622.99 7.58
1945.6 21432.94 1630.80 7.61
1948.3 21347.13 1627.51 7.62
1951.1 21319.83 1625.40 7.62
1953.8 21321.00 1635.00 7.67
1956.5 21174.65 1644.26 7.77
1959.2 21255.91 1680.38 7.91
1961.9 21274.22 1674.76 7.87
1964.6 21161.18 1686.83 7.97
1967.3 21232.43 1723.63 8.12
1970.0 21063.36 1702.00 8.08
1972.8 20962.32 1688.52 8.06
1975.5 21019.32 1712.10 8.15
1978.2 20951.00 1711.12 8.17
1980.9 20833.51 1734.43 8.33
1983.5 20753.87 1759.54 8.48
1986.2 20730.84 1757.64 8.48
1988.9 20710.47 1751.82 8.46
1991.6 20560.54 1758.28 8.55
1994.3 20429.18 1793.66 8.78
1997.0 20463.02 1784.78 8.72
1999.7 20411.81 1768.95 8.67
2002.3 20392.69 1818.05 8.92
2005.0 20300.64 1818.05 8.96
2007.7 20215.73 1823.20 9.02
2010.4 20150.59 1847.19 9.17
2013.0 20054.41 1820.80 9.08
2015.7 19971.23 1824.35 9.13
2018.4 19850.99 1855.18 9.35
2021.0 19776.67 1861.50 9.41
2023.7 19665.12 1865.60 9.49
2026.4 19623.72 1870.27 9.53
2029.0 19549.52 1886.63 9.65
2031.7 19389.93 1870.27 9.65
2034.3 19392.75 1875.90 9.67
2037.0 19277.12 1894.50 9.83
2039.6 19203.81 1882.12 9.80
2042.3 19169.68 1890.01 9.86
2044.9 19085.22 1910.21 10.01
2047.5 19057.17 1935.45 10.16
2050.2 18939.20 1918.00 10.13
2052.8 18894.40 1909.60 10.11
2055.4 18768.37 1905.13 10.15
2058.1 18622.80 1901.20 10.21
2060.7 18569.98 1914.58 10.31
2063.3 18475.60 1911.65 10.35
2065.9 18427.79 1926.25 10.45
2068.6 18352.42 1917.88 10.45
2071.2 18299.61 1911.15 10.44
2073.8 18217.15 1922.46 10.55
2076.4 18153.52 1925.37 10.61
2079.0 18135.74 1916.42 10.57
2081.6 18151.63 1935.57 10.66
2084.2 18112.28 1958.24 10.81
2086.8 17948.60 1945.89 10.84
2089.4 17865.33 1960.14 10.97
2092.1 17782.00 1932.33 10.87
2094.7 17712.75 1929.48 10.89
2097.2 17685.67 1963.50 11.10
2099.8 17677.80 1969.89 11.14
2102.4 17557.58 1981.80 11.29
2105.0 17419.20 1966.50 11.29
2107.6 17352.05 1948.26 11.23
2110.2 17317.12 1974.96 11.40
2112.8 17308.85 2007.20 11.60
2115.3 17299.79 1991.80 11.51
2117.9 17305.54 1990.54 11.50
2120.5 17283.04 2008.44 11.62
2123.1 17169.75 2021.18 11.77
2125.6 17130.75 2041.05 11.91
2128.2 17041.98 2028.18 11.90
2130.8 16938.68 2012.40 11.88
2133.3 16907.73 2029.87 12.01
2135.9 16811.63 2023.87 12.04
2138.4 16669.29 2003.73 12.02
2141.0 16557.51 1992.19 12.03
2143.6 16519.94 2008.19 12.16
2146.1 16331.26 2009.82 12.31
2148.7 16166.35 1999.87 12.37
2151.2 16200.80 2012.27 12.42
2153.8 16223.65 2010.30 12.39
2156.3 16092.71 2002.36 12.44
2158.8 16012.97 2005.31 12.52
2161.4 15977.02 1990.13 12.46
2163.9 15879.72 1978.33 12.46
2166.4 15806.34 1998.71 12.64
2169.0 15776.77 2004.62 12.71
2171.5 15691.03 1986.88 12.66
2174.0 15580.08 1969.45 12.64
2176.5 15568.93 1976.39 12.69
2179.1 15528.15 1963.61 12.65
2181.6 15436.46 1961.88 12.71
2184.1 15393.84 1986.60 12.91
2186.6 15412.36 1967.74 12.77
2189.1 15330.96 1964.52 12.81
2191.6 15265.13 1982.87 12.99
2194.1 15289.63 1979.71 12.95
2196.6 15291.79 1963.27 12.84
2199.2 15355.64 1977.89 12.88
2201.7 15282.97 1969.92 12.89
2204.1 15217.08 1964.44 12.91
2206.6 15263.16 1984.36 13.00
2209.1 15196.78 1956.85 12.88
2211.6 15154.34 1937.59 12.79
2214.1 15142.04 1942.65 12.83
2216.6 15136.36 1944.75 12.85
2219.1 15121.17 1944.75 12.86
2221.6 15017.30 1952.82 13.00
2224.0 14973.30 1927.86 12.88
2226.5 14953.65 1921.53 12.85
2229.0 14990.65 1914.75 12.77
2231.5 14856.57 1884.36 12.68
2233.9 14819.93 1893.38 12.78
2236.4 14830.12 1852.80 12.49
2238.9 14725.00 1829.00 12.42
2241.3 14738.24 1842.28 12.50
2243.8 14703.26 1803.41 12.27
2246.2 14560.76 1787.14 12.27
2248.7 14543.49 1762.50 12.12
2251.2 14547.02 1767.93 12.15
2253.6 14461.44 1739.52 12.03
2256.1 14411.52 1708.80 11.86
2258.5 14448.51 1690.33 11.70
2260.9 14358.24 1645.22 11.46
2263.4 14286.28 1646.65 11.53
2265.8 14286.52 1630.99 11.42
2268.3 14242.68 1624.00 11.40
2270.7 14293.95 1600.59 11.20
2273.1 14208.68 1564.68 11.01
2275.6 14138.88 1582.08 11.19
2278.0 14162.68 1564.24 11.04
2280.4 14119.54 1527.79 10.82
2282.8 13992.20 1521.57 10.87
2285.3 14040.77 1535.89 10.94
2287.7 14128.29 1507.33 10.67
2290.1 13998.75 1466.69 10.48
2292.5 13976.47 1468.28 10.51
2294.9 14012.61 1470.02 10.49
2297.3 13889.96 1435.67 10.34
2299.7 13787.58 1389.81 10.08
2302.1 13749.17 1402.42 10.20
2304.5 13602.40 1375.92 10.12
2306.9 13496.56 1321.04 9.79
2309.3 13451.64 1300.89 9.67
2311.7 13329.30 1330.58 9.98
2314.1 13154.03 1323.28 10.06
2316.5 13124.14 1280.50 9.76
2318.9 13145.46 1281.04 9.75
2321.3 13101.23 1299.43 9.92
2323.7 13118.10 1293.84 9.86
2326.1 13081.38 1289.60 9.86
2328.4 13108.17 1310.00 9.99
2330.8 13202.52 1292.44 9.79
2333.2 13104.54 1289.04 9.84
2335.6 13023.78 1257.96 9.66
2337.9 13062.53 1218.61 9.33
2340.3 13002.24 1225.91 9.43
2342.7 12902.35 1235.65 9.58
2345.0 12884.39 1210.30 9.39
2347.4 12860.50 1194.25 9.29
2349.7 12661.22 1196.07 9.45
2352.1 12633.43 1153.56 9.13
2354.4 12658.59 1130.46 8.93
2356.8 12578.77 1169.82 9.30
2359.2 12527.67 1170.00 9.34
2361.5 12479.13 1108.29 8.88
2363.8 12494.29 1106.70 8.86
2366.2 12489.73 1112.16 8.90
2368.5 12451.10 1116.95 8.97
2370.9 12453.76 1140.70 9.16
2373.2 12415.30 1128.66 9.09
2375.5 12276.33 1067.90 8.70
2377.9 12211.78 1011.95 8.29
2380.2 12242.21 1049.20 8.57
2382.5 12139.99 1029.28 8.48
2384.8 12068.64 1011.52 8.38
2387.2 12086.52 1031.43 8.53
2389.5 12068.58 1029.32 8.53
2391.8 12016.43 1017.21 8.47
2394.1 11909.46 983.66 8.26
2396.4 11863.59 987.02 8.32
2398.7 11940.46 1003.56 8.40
2401.0 11823.50 989.00 8.36
2403.3 11693.04 966.12 8.26
2405.6 11741.09 949.68 8.09
2407.9 11668.29 901.80 7.73
2410.2 11575.79 922.45 7.97
2412.5 11525.22 914.70 7.94
2414.8 11512.67 898.63 7.81
2417.1 11505.36 903.29 7.85
2419.4 11477.63 901.33 7.85
2421.7 11364.91 930.43 8.19
2424.0 11316.90 903.45 7.98
2426.2 11347.35 882.75 7.78
2428.5 11281.78 865.33 7.67
2430.8 11243.35 822.95 7.32
2433.1 11179.50 818.69 7.32
2435.4 11100.48 800.09 7.21
2437.6 11066.91 839.25 7.58
2439.9 10932.41 825.41 7.55
2442.2 10967.11 773.61 7.05
2444.4 10975.51 781.09 7.12
2446.7 10909.12 794.24 7.28
2448.9 10931.40 787.58 7.20
2451.2 10853.16 774.80 7.14
2453.4 10787.73 807.57 7.49
2455.7 10721.98 760.21 7.09
2457.9 10647.12 757.02 7.11
2460.2 10665.45 795.29 7.46
2462.4 10576.80 748.80 7.08
2464.7 10503.38 744.38 7.09
2466.9 10471.02 699.78 6.68
2469.2 10480.86 674.09 6.43
2471.4 10359.57 695.89 6.72
2473.6 10250.05 662.81 6.47
2475.9 10220.96 690.88 6.76
2478.1 10124.53 683.17 6.75
2480.3 10080.49 675.28 6.70
2482.5 10057.71 729.13 7.25
2484.8 9961.32 699.04 7.02
2487.0 9924.93 651.79 6.57
2489.2 9935.52 618.14 6.22
2491.4 9875.23 622.49 6.30
2493.6 9884.14 681.94 6.90
2495.8 9866.24 680.98 6.90
2498.0 9849.60 632.32 6.42
2500.2 9865.68 657.15 6.66
2502.4 10096.56 648.24 6.42
2504.6 10244.49 572.79 5.59
2506.8 10345.65 574.76 5.56
