/*** Spectra Vista SIG Data ***/
name= \My Documents\HR1024_Data\RD3T2.
instrument= HR: 1091052
integration= 200, 60, 30, 500, 60, 30
scan time= 1, 1
scan settings= AD, AI, AD, AI
external data set1= 8224, 8224, 8224, 8224, 8224, 8224, 8224, 8224, 8224, 8224, 8224, 8224, 8224, 8224, 8224, 8224
external data set2= 8224, 8224, 8224, 8224, 8224, 8224, 8224, 8224, 8224, 8224, 8224, 8224, 8224, 8224, 8224, 8224
external data dark= 0,0,0,0,0,0,0,0
external data mask= 0
optic= LENS4 , LENS4 
temp= 32.98, 8.88, -5.37, 40.56, 8.88, -5.30
battery= 7.6, 7.2
error= 0, 0
units= Radiance, Radiance
time= 1/26/08 10:33:54 AM, 1/26/08 10:56:02 AM
longitude= , 
latitude= , 
gpstime= , 
comm= 
memory slot= 0, 0
factors= 
data= 
346.4 598.78 145.24 24.26
347.9 627.50 140.56 22.40
349.5 677.04 142.27 21.01
351.1 739.44 147.26 19.92
352.6 790.63 146.74 18.56
354.2 841.03 151.84 18.05
355.7 912.59 165.68 18.15
357.3 974.37 160.89 16.51
358.8 992.58 180.34 18.17
360.4 1062.29 178.69 16.82
361.9 1117.88 172.73 15.45
363.5 1149.55 178.67 15.54
365.1 1196.29 180.31 15.07
366.6 1260.16 179.53 14.25
368.2 1349.72 169.22 12.54
369.7 1403.95 173.70 12.37
371.3 1488.21 181.75 12.21
372.8 1577.00 183.26 11.62
374.4 1638.71 185.57 11.32
375.9 1688.10 189.33 11.22
377.4 1740.09 196.45 11.29
379.0 1788.57 183.31 10.25
380.5 1855.73 187.11 10.08
382.1 1905.98 183.21 9.61
383.6 1973.16 176.90 8.97
385.2 2065.25 181.50 8.79
386.7 2149.76 175.45 8.16
388.3 2271.83 179.36 7.89
389.8 2363.45 181.17 7.67
391.3 2453.59 192.72 7.85
392.9 2526.36 187.77 7.43
394.4 2602.50 200.60 7.71
395.9 2690.98 212.26 7.89
397.5 2829.48 227.39 8.04
399.0 2963.31 217.54 7.34
400.6 3033.76 210.55 6.94
402.1 3072.78 204.34 6.65
403.6 3116.75 191.80 6.15
405.1 3199.00 197.42 6.17
406.7 3304.00 189.95 5.75
408.2 3412.53 197.80 5.80
409.7 3521.28 209.66 5.95
411.3 3642.17 207.47 5.70
412.8 3732.75 216.14 5.79
414.3 3845.02 217.34 5.65
415.8 3965.00 227.00 5.73
417.4 4085.95 224.66 5.50
418.9 4192.21 234.78 5.60
420.4 4267.16 245.26 5.75
421.9 4346.32 237.16 5.46
423.5 4413.15 235.37 5.33
425.0 4492.75 231.04 5.14
426.5 4594.55 234.78 5.11
428.0 4712.54 233.16 4.95
429.5 4856.53 233.05 4.80
431.1 5025.20 237.62 4.73
432.6 5198.44 239.93 4.62
434.1 5370.75 244.09 4.54
435.6 5520.56 250.78 4.54
437.1 5670.60 258.18 4.55
438.6 5806.58 265.67 4.58
440.1 5943.54 271.21 4.56
441.6 6091.61 270.74 4.44
443.1 6230.93 281.88 4.52
444.7 6356.12 283.59 4.46
446.2 6474.98 286.28 4.42
447.7 6582.53 288.24 4.38
449.2 6691.68 295.49 4.42
450.7 6814.08 292.86 4.30
452.2 6930.56 293.96 4.24
453.7 7066.33 298.00 4.22
455.2 7233.85 297.97 4.12
456.7 7443.04 301.31 4.05
458.2 7673.27 308.96 4.03
459.7 7920.50 319.90 4.04
461.2 8156.07 326.17 4.00
462.7 8366.46 335.80 4.01
464.2 8568.06 347.70 4.06
465.7 8788.58 349.22 3.97
467.2 8970.50 363.44 4.05
468.7 9176.00 371.20 4.05
470.2 9305.26 381.42 4.10
471.7 9490.50 394.25 4.15
473.2 9788.42 392.63 4.01
474.6 10042.30 404.78 4.03
476.1 10127.24 401.10 3.96
477.6 10169.21 400.11 3.93
479.1 10224.56 396.66 3.88
480.6 10293.47 395.30 3.84
482.1 10426.95 395.51 3.79
483.6 10590.11 395.71 3.74
485.1 10796.39 402.60 3.73
486.6 11041.55 406.60 3.68
488.0 11290.50 412.10 3.65
489.5 11568.25 423.13 3.66
491.0 11840.59 425.70 3.60
492.5 12119.22 442.58 3.65
494.0 12409.65 454.53 3.66
495.4 12660.45 463.32 3.66
496.9 12912.44 476.28 3.69
498.4 13155.80 486.09 3.69
499.9 13408.52 496.70 3.70
501.4 13645.90 509.54 3.73
502.8 13864.50 517.57 3.73
504.3 14081.40 529.92 3.76
505.8 14291.05 543.13 3.80
507.2 14436.37 559.42 3.88
508.7 14548.87 566.21 3.89
510.2 14651.50 571.53 3.90
511.6 14718.08 582.09 3.95
513.1 14838.45 585.68 3.95
514.6 14986.45 593.81 3.96
516.0 15112.04 605.34 4.01
517.5 15305.31 615.19 4.02
519.0 15537.89 627.24 4.04
520.5 15768.60 640.26 4.06
521.9 16045.99 654.68 4.08
523.4 16363.11 671.18 4.10
524.8 16675.79 693.60 4.16
526.3 17027.53 713.74 4.19
527.8 17380.80 734.85 4.23
529.2 17706.86 753.36 4.25
530.7 18056.71 774.87 4.29
532.1 18377.28 794.01 4.32
533.6 18738.23 815.63 4.35
535.0 19114.67 840.61 4.40
536.5 19476.07 857.47 4.40
538.0 19846.24 880.99 4.44
539.4 20198.95 901.99 4.47
540.9 20626.19 932.43 4.52
542.3 20984.92 955.64 4.55
543.8 21250.33 967.59 4.55
545.2 21329.19 985.00 4.62
546.6 21331.64 989.19 4.64
548.1 21362.06 998.84 4.68
549.5 21376.46 1000.66 4.68
551.0 21386.66 1013.17 4.74
552.4 21443.54 1014.77 4.73
553.9 21463.89 1031.04 4.80
555.3 21521.57 1038.26 4.82
556.8 21650.10 1052.79 4.86
558.2 21773.81 1069.88 4.91
559.6 21936.94 1083.38 4.94
561.1 22168.25 1106.95 4.99
562.5 22423.78 1132.65 5.05
564.0 22757.43 1164.66 5.12
565.4 23059.14 1193.21 5.17
566.8 23449.52 1235.90 5.27
568.3 23818.66 1269.32 5.33
569.7 24198.01 1303.35 5.39
571.1 24579.14 1348.29 5.49
572.6 24952.86 1397.74 5.60
574.0 25317.60 1440.12 5.69
575.4 25678.69 1489.73 5.80
576.9 26008.29 1540.54 5.92
578.3 26306.64 1600.17 6.08
579.7 26593.28 1653.92 6.22
581.1 26823.10 1706.78 6.36
582.6 27065.10 1766.86 6.53
584.0 27286.52 1824.90 6.69
585.4 27587.92 1908.82 6.92
586.8 27978.96 1995.15 7.13
588.3 28419.30 2082.60 7.33
589.7 28786.68 2169.65 7.54
591.1 29016.81 2249.35 7.75
592.5 29127.43 2324.95 7.98
594.0 29186.34 2401.15 8.23
595.4 29194.56 2475.61 8.48
596.8 29193.45 2554.27 8.75
598.2 29177.08 2630.75 9.02
599.6 29153.88 2715.01 9.31
601.0 29216.28 2818.23 9.65
602.4 29261.60 2919.84 9.98
603.9 29364.60 3030.42 10.32
605.3 29484.10 3144.38 10.66
606.7 29584.80 3259.44 11.02
608.1 29785.49 3393.54 11.39
609.5 30013.28 3538.71 11.79
610.9 30296.78 3690.73 12.18
612.3 30557.28 3845.89 12.59
613.7 30914.00 4025.87 13.02
615.1 31159.08 4192.56 13.46
616.5 31406.64 4366.24 13.90
617.9 31801.61 4567.13 14.36
619.3 32170.62 4770.06 14.83
620.7 32635.92 5001.33 15.32
622.1 33083.75 5254.17 15.88
623.5 33564.04 5534.88 16.49
624.9 34116.86 5855.01 17.16
626.3 34490.69 6134.85 17.79
627.7 34145.81 6274.64 18.38
629.1 33851.16 6380.01 18.85
630.5 33743.57 6472.29 19.18
631.9 33775.53 6598.84 19.54
633.3 33808.52 6718.71 19.87
634.7 33992.91 6871.43 20.21
636.1 34075.08 6985.01 20.50
637.5 34196.58 7086.12 20.72
638.9 34374.61 7160.49 20.83
640.2 34545.58 7191.09 20.82
641.6 34634.34 7190.35 20.76
643.0 34657.83 7170.68 20.69
644.4 34696.37 7165.84 20.65
645.8 34653.86 7158.00 20.66
647.2 34834.41 7226.23 20.74
648.5 34958.93 7290.27 20.85
649.9 34861.32 7330.21 21.03
651.3 34789.65 7371.54 21.19
652.7 34680.00 7423.56 21.41
654.1 34452.30 7355.40 21.35
655.5 34172.42 7254.17 21.23
656.8 33904.63 7135.02 21.04
658.2 34070.04 7104.96 20.85
659.6 34442.82 7104.94 20.63
660.9 34748.70 7065.28 20.33
662.3 35067.95 7014.44 20.00
663.7 35364.00 6947.64 19.65
665.0 35617.00 6871.42 19.29
666.4 35877.31 6793.85 18.94
667.8 36209.10 6753.55 18.65
669.1 36482.80 6719.87 18.42
670.5 36799.72 6705.94 18.22
671.9 36995.40 6710.78 18.14
673.2 37270.13 6754.23 18.12
674.6 37530.47 6820.96 18.17
676.0 37841.78 6937.90 18.33
677.3 38141.57 7107.92 18.64
678.7 38483.75 7336.35 19.06
680.0 38922.37 7666.70 19.70
681.4 39389.45 8121.37 20.62
682.8 39844.35 8695.05 21.82
684.1 40287.78 9409.61 23.36
685.5 40705.56 10245.22 25.17
686.8 41091.84 11188.08 27.23
688.2 41433.89 12229.22 29.52
689.5 41549.57 13261.29 31.92
690.9 41633.44 14309.19 34.37
692.2 41697.60 15328.56 36.76
693.6 41771.65 16320.94 39.07
694.9 41721.88 17239.22 41.32
696.2 41751.90 18134.24 43.43
697.6 41766.04 18968.84 45.42
698.9 41796.48 19742.98 47.24
700.3 41844.24 20447.93 48.87
701.6 41918.48 21104.36 50.35
703.0 41979.40 21698.24 51.69
704.3 41981.71 22218.24 52.92
705.6 41967.18 22672.66 54.02
707.0 41980.75 23102.37 55.03
708.3 41872.71 23458.73 56.02
709.6 41753.67 23773.87 56.94
711.0 41589.99 24023.99 57.76
712.3 41418.66 24242.49 58.53
713.6 41354.04 24474.91 59.18
714.9 41240.96 24676.44 59.83
716.3 41218.54 24894.24 60.40
717.6 41221.95 25119.05 60.94
718.9 41134.56 25250.44 61.38
720.2 40936.00 25321.32 61.86
721.6 40765.66 25398.26 62.30
722.9 40572.15 25437.82 62.70
724.2 40305.71 25425.80 63.08
725.5 40134.57 25428.52 63.36
726.8 39960.91 25430.19 63.64
728.1 39855.98 25469.56 63.90
729.5 39766.23 25503.25 64.13
730.8 39707.44 25540.88 64.32
732.1 39612.07 25545.54 64.49
733.4 39556.45 25582.98 64.67
734.7 39507.57 25597.21 64.79
736.0 39511.29 25660.75 64.95
737.3 39463.58 25704.84 65.14
738.6 39569.04 25828.11 65.27
739.9 39770.92 26010.63 65.40
741.2 39928.98 26166.50 65.53
742.5 40206.42 26405.88 65.68
743.8 40696.43 26786.76 65.82
745.1 41398.16 27314.09 65.98
746.4 42245.84 27950.29 66.16
747.7 43136.62 28565.98 66.22
749.0 43980.49 29168.03 66.32
750.3 44484.44 29505.94 66.33
751.6 44396.66 29471.11 66.38
752.9 43969.12 29219.39 66.45
754.2 43470.53 28929.14 66.55
755.4 42928.75 28652.32 66.74
756.7 42746.48 28594.90 66.89
758.0 42774.71 28701.36 67.10
759.3 43048.01 28946.74 67.24
760.6 43418.76 29257.54 67.38
761.9 43775.94 29530.21 67.46
763.1 43996.61 29727.23 67.57
764.4 44239.34 29930.57 67.66
765.7 44424.25 30118.40 67.80
767.0 44583.75 30261.47 67.88
768.2 44688.00 30374.40 67.97
769.5 44782.92 30485.47 68.07
770.8 44990.42 30654.36 68.14
772.0 45014.41 30722.39 68.25
773.3 45100.97 30809.49 68.31
774.6 45226.84 30916.57 68.36
775.8 45313.45 31009.29 68.43
777.1 45344.81 31058.82 68.49
778.4 45245.88 31043.65 68.61
779.6 45226.44 31062.72 68.68
780.9 45132.00 31032.00 68.76
782.1 44952.26 30962.40 68.88
783.4 44936.32 30990.34 68.97
784.6 44935.72 31036.85 69.07
785.9 45255.62 31303.85 69.17
787.1 45836.93 31736.08 69.24
788.4 46288.94 32093.79 69.33
789.6 46219.23 32019.96 69.28
790.9 45788.99 31730.23 69.30
792.1 45296.16 31419.39 69.36
793.4 44771.54 31109.08 69.48
794.6 44415.30 30890.06 69.55
795.8 44134.47 30718.93 69.60
797.1 43801.05 30515.25 69.67
798.3 43569.08 30375.84 69.72
799.5 43411.48 30327.89 69.86
800.8 43273.13 30249.18 69.90
802.0 43071.08 30152.02 70.01
803.2 42890.28 30054.38 70.07
804.5 42742.15 29989.60 70.16
805.7 42601.95 29888.30 70.16
806.9 42426.40 29787.17 70.21
808.1 42305.67 29718.61 70.25
809.4 42221.44 29666.18 70.26
810.6 42105.70 29596.84 70.29
811.8 42062.43 29593.22 70.36
813.0 42071.08 29604.11 70.37
814.2 42081.20 29646.76 70.45
815.4 42185.03 29709.25 70.43
816.6 42225.34 29736.34 70.42
817.9 42273.21 29739.76 70.35
819.1 42166.58 29682.24 70.39
820.3 42039.03 29582.26 70.37
821.5 41905.07 29465.21 70.31
822.7 41849.58 29422.86 70.31
823.9 41838.35 29393.04 70.25
825.1 41851.34 29348.78 70.13
826.3 41890.94 29311.84 69.97
827.5 41937.05 29293.18 69.85
828.7 42011.28 29266.08 69.66
829.9 42039.57 29249.37 69.58
831.0 42140.75 29238.90 69.38
832.2 42235.78 29260.43 69.28
833.4 42305.18 29247.48 69.13
834.6 42417.19 29283.75 69.04
835.8 42496.65 29319.57 68.99
837.0 42597.61 29375.43 68.96
838.1 42745.68 29461.90 68.92
839.3 42856.00 29512.20 68.86
840.5 42989.60 29593.80 68.84
841.7 43156.80 29716.25 68.86
842.9 43298.86 29818.18 68.87
844.0 43430.88 29911.37 68.87
845.2 43568.90 30035.05 68.94
846.4 43732.15 30159.07 68.96
847.5 43960.00 30310.42 68.95
848.7 44164.79 30444.60 68.93
849.9 44393.85 30568.81 68.86
851.0 44478.08 30626.35 68.86
852.2 44569.63 30656.27 68.78
853.3 44562.81 30644.28 68.77
854.5 44594.90 30653.61 68.74
855.6 44615.97 30661.34 68.72
856.8 44687.86 30676.79 68.65
857.9 44681.40 30664.95 68.63
859.1 44832.20 30761.92 68.62
860.2 44876.88 30741.86 68.50
861.4 44954.55 30813.61 68.54
862.5 45021.69 30859.10 68.54
863.7 45150.84 30918.62 68.48
864.8 45213.35 30938.46 68.43
865.9 45167.77 30892.75 68.40
867.1 45241.43 30926.05 68.36
868.2 45295.54 30930.28 68.29
869.3 45314.27 30940.41 68.28
870.5 45282.48 30878.77 68.19
871.6 45315.83 30876.31 68.14
872.7 45413.27 30893.40 68.03
873.9 45478.16 30908.99 67.96
875.0 45456.71 30872.02 67.92
876.1 45452.45 30856.22 67.89
877.2 45498.99 30841.25 67.78
878.3 45519.98 30821.36 67.71
879.4 45563.53 30836.76 67.68
880.5 45631.08 30818.16 67.54
881.7 45596.20 30791.80 67.53
882.8 45693.96 30765.89 67.33
883.9 45722.91 30742.33 67.24
885.0 45675.63 30638.52 67.08
886.1 45712.78 30543.19 66.82
887.2 45537.58 30442.20 66.85
888.3 45475.07 30272.35 66.57
889.4 45347.40 30112.83 66.40
890.5 45259.13 30029.87 66.35
891.6 45193.70 29943.87 66.26
892.7 45201.31 29896.56 66.14
893.8 45270.56 29867.85 65.98
894.9 45248.28 29829.54 65.92
896.0 45235.90 29757.13 65.78
897.0 45257.72 29713.88 65.65
898.1 45230.13 29667.99 65.59
899.2 45252.30 29619.01 65.45
900.3 45165.90 29529.67 65.38
901.4 45101.16 29440.20 65.28
902.4 45077.20 29391.09 65.20
903.5 45018.01 29294.51 65.07
904.6 45035.56 29242.08 64.93
905.7 45038.93 29172.64 64.77
906.7 44985.82 29124.68 64.74
907.8 45025.57 29066.62 64.56
908.9 44904.57 28942.60 64.45
909.9 44897.74 28861.86 64.28
911.0 44830.08 28798.74 64.24
912.1 44749.25 28647.39 64.02
913.1 44707.00 28565.06 63.89
914.2 44554.62 28424.42 63.80
915.2 44505.45 28327.64 63.65
916.3 44491.35 28292.76 63.59
917.3 44461.10 28125.36 63.26
918.4 44383.35 28030.09 63.15
919.4 44330.69 27914.19 62.97
920.5 44315.70 27791.83 62.71
921.5 44285.78 27743.80 62.65
922.6 44268.10 27565.66 62.27
923.6 44262.16 27504.48 62.14
924.7 44333.00 27386.70 61.77
925.7 44276.22 27275.98 61.60
926.7 44252.98 27161.72 61.38
927.8 44374.33 27085.63 61.04
928.8 44502.63 27026.09 60.73
929.9 44598.23 26923.99 60.37
930.9 44802.27 26895.06 60.03
931.9 45011.35 26912.24 59.79
932.9 45355.12 26940.87 59.40
934.0 45370.16 26809.64 59.09
935.0 45397.97 26675.58 58.76
936.0 45413.73 26532.80 58.42
937.0 45319.95 26383.11 58.22
938.1 45295.44 26207.33 57.86
939.1 45257.91 26001.06 57.45
940.1 45342.90 25916.47 57.16
941.1 45568.46 25938.59 56.92
942.1 45803.34 25939.81 56.63
943.1 45999.43 25882.45 56.27
944.1 46171.28 25869.29 56.03
945.2 46338.18 25737.94 55.54
946.2 46411.22 25567.07 55.09
947.2 46518.25 25498.10 54.81
948.2 46693.82 25411.01 54.42
949.2 46838.19 25304.50 54.03
950.2 46912.95 25115.78 53.54
951.2 46909.80 24990.00 53.27
952.2 47054.57 24812.97 52.73
953.2 47260.85 24772.02 52.42
954.2 47365.65 24638.58 52.02
955.2 47408.68 24518.55 51.72
956.2 47434.65 24309.08 51.25
957.2 47543.77 24241.26 50.99
958.2 47601.59 24193.81 50.83
959.2 47735.55 24155.82 50.60
960.1 47775.14 24032.24 50.30
961.1 47870.63 24071.09 50.28
962.1 47933.44 23947.13 49.96
963.1 48032.50 23992.54 49.95
964.1 48057.21 23929.61 49.79
965.1 48243.99 23993.47 49.73
966.1 48335.33 24000.45 49.65
967.0 48410.39 23936.14 49.44
968.0 48434.88 23922.26 49.39
969.0 48556.60 24002.24 49.43
970.0 48603.65 24023.71 49.43
971.0 48737.12 24106.53 49.46
971.9 48722.90 24099.30 49.46
972.9 48879.95 24174.43 49.46
973.9 48859.53 24268.01 49.67
974.9 49044.08 24325.43 49.60
975.8 49101.73 24397.60 49.69
976.8 49135.91 24405.97 49.67
977.8 49315.41 24555.76 49.79
978.8 49372.50 24624.96 49.88
979.7 49504.50 24906.26 50.31
980.7 49626.72 25020.14 50.42
981.7 49868.69 25303.91 50.74
982.6 50026.42 25426.10 50.83
983.6 50542.44 25791.12 51.03
984.6 51139.74 26348.74 51.52
985.5 51570.00 26788.90 51.95
986.5 52881.11 27191.48 51.42
987.5 53801.49 27899.78 51.86
988.4 54737.10 28510.24 52.09
989.4 56052.04 29461.65 52.56
990.4 57074.27 29836.27 52.28
991.3 59136.61 31016.90 52.45
992.3 61232.97 31770.72 51.88
993.2 62381.81 32223.12 51.65
994.2 63759.15 33094.04 51.90
995.2 64627.45 33013.16 51.08
996.1 65405.36 34475.35 52.71
997.1 65143.00 34656.08 53.20
998.0 67149.60 33711.84 50.20
999.0 66846.51 33531.66 50.16
1000.0 67127.69 34351.37 51.17
1000.9 65712.83 35256.70 53.65
1001.9 66491.34 35353.93 53.17
1002.8 64393.95 33953.17 52.73
1003.8 65025.46 34389.31 52.89
1004.8 66172.20 34135.73 51.59
961.5 59748.86 27264.04 45.63
965.5 58598.35 27209.42 46.43
969.5 56260.49 26809.12 47.65
973.4 53913.29 26325.55 48.83
977.4 51859.95 25989.04 50.11
981.4 50850.20 25865.11 50.87
985.3 50481.20 25817.53 51.14
989.3 50535.22 25961.96 51.37
993.3 50635.09 26146.09 51.64
997.2 50595.02 26220.08 51.82
1001.2 50545.04 26347.36 52.13
1005.2 50473.33 26570.47 52.64
1009.1 50535.74 26928.45 53.29
1013.1 50697.93 27346.96 53.94
1017.1 50843.90 27731.46 54.54
1021.0 50855.49 28046.21 55.15
1025.0 50816.26 28358.34 55.81
1029.0 50641.08 28580.37 56.44
1032.9 50496.42 28803.32 57.04
1036.9 50486.34 29143.25 57.73
1040.9 50614.23 29541.58 58.37
1044.8 50848.91 29964.00 58.93
1048.8 51055.33 30336.51 59.42
1052.7 51200.97 30635.70 59.83
1056.7 51265.76 30870.42 60.22
1060.7 51328.86 31033.44 60.46
1064.6 51364.29 31138.41 60.62
1068.6 51285.22 31147.04 60.73
1072.5 51205.93 31104.19 60.74
1076.5 51155.97 31043.74 60.68
1080.4 51154.95 30952.53 60.51
1084.4 51258.31 30876.91 60.24
1088.3 51367.47 30770.00 59.90
1092.3 51376.13 30546.39 59.46
1096.2 51342.58 30287.92 58.99
1100.2 51360.86 30063.58 58.53
1104.1 51244.60 29734.72 58.03
1108.1 51175.76 29429.80 57.51
1112.0 51059.75 29100.33 56.99
1116.0 50831.30 28662.99 56.39
1119.9 50653.13 28164.05 55.60
1123.9 50703.41 27701.02 54.63
1127.8 50649.60 27006.72 53.32
1131.8 50608.23 26125.17 51.62
1135.7 50617.81 25124.75 49.64
1139.6 50606.06 24008.40 47.44
1143.6 50555.26 22939.58 45.38
1147.5 50517.05 22024.87 43.60
1151.4 50365.69 21223.21 42.14
1155.4 50355.11 20711.78 41.13
1159.3 50376.78 20383.42 40.46
1163.2 50207.59 20063.67 39.96
1167.2 50161.80 19870.02 39.61
1171.1 50174.37 19742.29 39.35
1175.0 50101.08 19611.12 39.14
1179.0 50065.70 19486.19 38.92
1182.9 50165.17 19408.67 38.69
1186.8 50159.61 19306.90 38.49
1190.7 49934.95 19124.61 38.30
1194.7 49665.47 18946.17 38.15
1198.6 49438.62 18832.28 38.09
1202.5 49264.40 18765.58 38.09
1206.4 49122.14 18743.98 38.16
1210.3 49037.26 18762.59 38.26
1214.2 48930.30 18796.81 38.42
1218.2 48765.56 18833.39 38.62
1222.1 48630.48 18886.93 38.84
1226.0 48538.40 18968.88 39.08
1229.9 48450.48 19035.48 39.29
1233.8 48352.03 19083.45 39.47
1237.7 48317.50 19151.72 39.64
1241.6 48229.08 19193.46 39.80
1245.5 48061.09 19192.41 39.93
1249.4 47934.98 19200.95 40.06
1253.3 47803.87 19209.43 40.18
1257.2 47735.46 19217.79 40.26
1261.1 47624.11 19193.11 40.30
1265.0 47490.52 19137.58 40.30
1268.9 47304.07 19038.68 40.25
1272.8 47372.70 19038.00 40.19
1276.7 47590.81 19068.20 40.07
1280.6 47691.16 19020.43 39.88
1284.5 47615.01 18873.16 39.64
1288.4 47591.67 18720.08 39.33
1292.3 47467.75 18499.25 38.97
1296.2 47318.59 18229.94 38.53
1300.1 47148.87 17918.50 38.00
1303.9 46897.39 17554.81 37.43
1307.8 46639.44 17149.12 36.77
1311.7 46386.67 16719.72 36.04
1315.6 46123.85 16283.69 35.30
1319.5 45848.18 15807.00 34.48
1323.3 45606.50 15320.56 33.59
1327.2 45386.16 14835.62 32.69
1331.1 45132.53 14345.94 31.79
1335.0 44824.46 13844.47 30.89
1338.8 44600.56 13395.56 30.03
1342.7 44421.07 12977.22 29.21
1346.5 44042.02 12524.61 28.44
1350.4 43720.62 12112.94 27.71
1354.3 43279.60 11686.84 27.00
1358.1 42799.92 11280.78 26.36
1362.0 42533.76 10925.82 25.69
1365.8 42447.40 10612.48 25.00
1369.7 42569.31 10303.66 24.20
1373.5 42515.11 9851.40 23.17
1377.4 42239.08 9248.67 21.90
1381.2 42024.35 8558.94 20.37
1385.1 42007.68 7862.43 18.72
1389.0 41913.21 7167.79 17.10
1392.8 41686.58 6471.61 15.52
1396.6 41522.45 5843.64 14.07
1400.5 41297.26 5286.31 12.80
1404.3 41119.22 4836.83 11.76
1408.2 41089.83 4497.52 10.95
1412.0 41038.18 4232.83 10.31
1415.8 41063.56 4038.80 9.84
1419.6 41020.11 3874.78 9.45
1423.5 40984.07 3749.16 9.15
1427.3 40938.38 3658.97 8.94
1431.1 40915.35 3594.45 8.79
1434.9 40812.08 3543.43 8.68
1438.8 40755.58 3504.91 8.60
1442.6 40720.04 3473.54 8.53
1446.4 40579.53 3436.76 8.47
1450.2 40476.97 3414.83 8.44
1454.0 40349.16 3401.76 8.43
1457.8 40313.93 3402.68 8.44
1461.6 40291.52 3415.50 8.48
1465.4 40157.17 3433.72 8.55
1469.2 39958.10 3464.83 8.67
1473.0 39808.79 3506.58 8.81
1476.8 39739.71 3569.63 8.98
1480.7 39668.27 3648.68 9.20
1484.4 39532.92 3734.64 9.45
1488.2 39418.92 3832.68 9.72
1492.0 39281.08 3938.57 10.03
1495.8 39157.30 4042.68 10.32
1499.6 39041.55 4127.27 10.57
1503.4 38891.42 4193.90 10.78
1507.2 38758.78 4235.48 10.93
1510.9 38603.27 4250.20 11.01
1514.7 38431.80 4285.87 11.15
1518.5 38296.78 4368.02 11.41
1522.3 38148.01 4458.46 11.69
1526.0 38038.86 4547.71 11.96
1529.8 37977.87 4618.25 12.16
1533.6 37845.65 4677.23 12.36
1537.3 37710.11 4756.38 12.61
1541.1 37580.52 4851.66 12.91
1544.8 37449.60 4946.40 13.21
1548.6 37314.89 5026.76 13.47
1552.4 37219.38 5109.54 13.73
1556.1 37135.69 5176.68 13.94
1559.9 37030.39 5230.89 14.13
1563.6 36900.49 5296.41 14.35
1567.3 36782.10 5370.33 14.60
1571.1 36560.28 5430.31 14.85
1574.8 36404.14 5509.20 15.13
1578.6 36302.38 5580.76 15.37
1582.3 36157.52 5626.10 15.56
1586.0 36009.48 5664.14 15.73
1589.8 35863.84 5707.03 15.91
1593.5 35710.53 5738.38 16.07
1597.2 35575.62 5772.00 16.22
1600.9 35432.24 5808.05 16.39
1604.7 35280.85 5844.10 16.56
1608.4 35142.04 5880.26 16.73
1612.1 34980.47 5908.98 16.89
1615.8 34834.07 5938.01 17.05
1619.5 34752.20 5981.62 17.21
1623.2 34595.03 6013.27 17.38
1626.9 34406.93 6025.94 17.51
1630.6 34230.90 6045.16 17.66
1634.3 34081.71 6066.76 17.80
1638.0 33920.36 6073.31 17.90
1641.7 33748.10 6065.05 17.97
1645.4 33556.70 6052.03 18.04
1649.1 33353.05 6045.36 18.13
1652.8 33189.89 6040.77 18.20
1656.4 33018.59 6018.19 18.23
1660.1 32845.97 5990.03 18.24
1663.8 32642.92 5969.74 18.29
1667.5 32483.35 5953.56 18.33
1671.1 32351.26 5919.42 18.30
1674.8 32144.07 5874.49 18.28
1678.5 32080.00 5851.85 18.24
1682.1 32102.13 5822.07 18.14
1685.8 32123.16 5786.03 18.01
1689.5 32018.65 5737.36 17.92
1693.1 31881.24 5678.52 17.81
1696.8 31732.38 5605.00 17.66
1700.4 31582.94 5528.62 17.51
1704.0 31466.76 5463.33 17.36
1707.7 31189.67 5353.90 17.17
1711.3 30882.00 5232.50 16.94
1715.0 30659.79 5133.48 16.74
1718.6 30484.31 5053.16 16.58
1722.2 30333.58 4960.48 16.35
1725.9 30181.80 4867.02 16.13
1729.5 30037.98 4800.79 15.98
1733.1 29910.73 4757.22 15.90
1736.7 29788.38 4723.63 15.86
1740.3 29614.18 4672.65 15.78
1744.0 29528.30 4624.28 15.66
1747.5 29373.44 4550.07 15.49
1751.2 29138.63 4462.65 15.32
1754.8 28975.37 4386.02 15.14
1758.4 28834.48 4310.27 14.95
1762.0 28639.33 4233.31 14.78
1765.5 28498.38 4183.14 14.68
1769.1 28452.00 4154.40 14.60
1772.7 28378.96 4122.96 14.53
1776.3 28252.73 4085.17 14.46
1779.9 28119.54 4043.35 14.38
1783.5 28061.20 4012.64 14.30
1787.0 27938.82 3975.91 14.23
1790.6 27774.17 3939.76 14.18
1794.2 27666.21 3917.56 14.16
1797.8 27558.84 3905.45 14.17
1801.3 27465.68 3901.79 14.21
1804.9 27315.75 3882.38 14.21
1808.4 27221.13 3867.38 14.21
1812.0 27071.27 3849.87 14.22
1815.5 26907.62 3825.28 14.22
1819.1 26703.43 3796.91 14.22
1822.6 26545.43 3777.77 14.23
1826.2 26400.51 3749.27 14.20
1829.7 26207.46 3704.47 14.14
1833.2 25952.41 3658.10 14.10
1836.8 25712.51 3605.42 14.02
1840.3 25567.16 3564.23 13.94
1843.8 25454.03 3526.04 13.85
1847.3 25371.56 3477.26 13.71
1850.8 25264.51 3427.20 13.57
1854.3 25105.60 3348.93 13.34
1857.8 25027.60 3265.60 13.05
1861.3 25027.70 3137.38 12.54
1864.8 24948.54 2945.36 11.81
1868.3 24715.93 2747.03 11.11
1871.8 24529.92 2534.40 10.33
1875.3 24489.01 2328.24 9.51
1878.8 24485.84 2126.85 8.69
1882.3 24423.29 1950.42 7.99
1885.8 24245.59 1798.94 7.42
1889.3 24030.42 1668.20 6.94
1892.7 23852.68 1567.16 6.57
1896.2 23673.74 1495.29 6.32
1899.7 23427.69 1452.63 6.20
1903.1 23323.61 1500.58 6.43
1906.6 23396.53 1572.61 6.72
1910.0 23683.33 1751.23 7.39
1913.5 24138.15 2060.23 8.54
1917.0 24628.98 2437.05 9.90
1920.4 25146.40 2865.95 11.40
1923.8 25520.19 3034.25 11.89
1871.2 22263.77 2094.74 9.41
1873.9 22507.55 2018.81 8.97
1876.7 22626.01 1897.15 8.38
1879.5 22737.83 1834.92 8.07
1882.3 22382.76 1705.10 7.62
1885.1 22317.18 1542.98 6.91
1887.8 22505.15 1509.14 6.71
1890.6 22306.26 1387.81 6.22
1893.4 22256.67 1320.00 5.93
1896.2 22163.50 1320.32 5.96
1898.9 22083.42 1278.24 5.79
1901.7 21937.94 1240.33 5.65
1904.5 22143.94 1216.70 5.49
1907.2 22059.00 1201.75 5.45
1910.0 21927.95 1154.33 5.26
1912.7 21918.25 1120.93 5.11
1915.5 21816.04 1125.24 5.16
1918.2 21741.95 1105.71 5.09
1921.0 21589.30 1086.51 5.03
1923.7 21620.81 1100.55 5.09
1926.5 21581.93 1081.21 5.01
1929.2 21568.04 1064.61 4.94
1932.0 21551.20 1083.88 5.03
1934.7 21508.34 1075.57 5.00
1937.4 21385.99 1060.77 4.96
1940.2 21322.79 1069.52 5.02
1942.9 21412.44 1090.11 5.09
1945.6 21432.94 1108.34 5.17
1948.3 21347.13 1101.05 5.16
1951.1 21319.83 1104.67 5.18
1953.8 21321.00 1113.00 5.22
1956.5 21174.65 1099.17 5.19
1959.2 21255.91 1106.30 5.20
1961.9 21274.22 1135.38 5.34
1964.6 21161.18 1142.40 5.40
1967.3 21232.43 1151.07 5.42
1970.0 21063.36 1154.40 5.48
1972.8 20962.32 1161.96 5.54
1975.5 21019.32 1185.30 5.64
1978.2 20951.00 1188.44 5.67
1980.9 20833.51 1186.41 5.69
1983.5 20753.87 1195.33 5.76
1986.2 20730.84 1216.38 5.87
1988.9 20710.47 1230.93 5.94
1991.6 20560.54 1233.98 6.00
1994.3 20429.18 1241.98 6.08
1997.0 20463.02 1257.13 6.14
1999.7 20411.81 1246.30 6.11
2002.3 20392.69 1262.86 6.19
2005.0 20300.64 1277.24 6.29
2007.7 20215.73 1301.47 6.44
2010.4 20150.59 1310.45 6.50
2013.0 20054.41 1308.70 6.53
2015.7 19971.23 1312.85 6.57
2018.4 19850.99 1304.87 6.57
2021.0 19776.67 1334.50 6.75
2023.7 19665.12 1322.88 6.73
2026.4 19623.72 1318.20 6.72
2029.0 19549.52 1352.41 6.92
2031.7 19389.93 1343.55 6.93
2034.3 19392.75 1346.37 6.94
2037.0 19277.12 1368.09 7.10
2039.6 19203.81 1372.91 7.15
2042.3 19169.68 1364.85 7.12
2044.9 19085.22 1374.45 7.20
2047.5 19057.17 1382.87 7.26
2050.2 18939.20 1366.40 7.21
2052.8 18894.40 1391.60 7.37
2055.4 18768.37 1398.03 7.45
2058.1 18622.80 1388.80 7.46
2060.7 18569.98 1405.89 7.57
2063.3 18475.60 1404.48 7.60
2065.9 18427.79 1404.21 7.62
2068.6 18352.42 1401.42 7.64
2071.2 18299.61 1392.21 7.61
2073.8 18217.15 1390.77 7.63
2076.4 18153.52 1425.79 7.85
2079.0 18135.74 1441.53 7.95
2081.6 18151.63 1437.61 7.92
2084.2 18112.28 1455.98 8.04
2086.8 17948.60 1462.25 8.15
2089.4 17865.33 1446.70 8.10
2092.1 17782.00 1442.17 8.11
2094.7 17712.75 1446.40 8.17
2097.2 17685.67 1476.17 8.35
2099.8 17677.80 1485.96 8.41
2102.4 17557.58 1455.79 8.29
2105.0 17419.20 1453.50 8.34
2107.6 17352.05 1466.89 8.45
2110.2 17317.12 1480.51 8.55
2112.8 17308.85 1466.03 8.47
2115.3 17299.79 1486.63 8.59
2117.9 17305.54 1508.87 8.72
2120.5 17283.04 1501.23 8.69
2123.1 17169.75 1526.85 8.89
2125.6 17130.75 1540.30 8.99
2128.2 17041.98 1516.01 8.90
2130.8 16938.68 1529.78 9.03
2133.3 16907.73 1551.73 9.18
2135.9 16811.63 1526.73 9.08
2138.4 16669.29 1538.16 9.23
2141.0 16557.51 1539.69 9.30
2143.6 16519.94 1521.54 9.21
2146.1 16331.26 1527.93 9.36
2148.7 16166.35 1518.26 9.39
2151.2 16200.80 1519.47 9.38
2153.8 16223.65 1548.19 9.54
2156.3 16092.71 1529.83 9.51
2158.8 16012.97 1506.20 9.41
2161.4 15977.02 1527.24 9.56
2163.9 15879.72 1521.34 9.58
2166.4 15806.34 1525.64 9.65
2169.0 15776.77 1534.51 9.73
2171.5 15691.03 1516.77 9.67
2174.0 15580.08 1514.28 9.72
2176.5 15568.93 1524.90 9.79
2179.1 15528.15 1517.88 9.78
2181.6 15436.46 1505.63 9.75
2184.1 15393.84 1518.44 9.86
2186.6 15412.36 1528.37 9.92
2189.1 15330.96 1518.33 9.90
2191.6 15265.13 1519.00 9.95
2194.1 15289.63 1498.07 9.80
2196.6 15291.79 1511.52 9.88
2199.2 15355.64 1527.89 9.95
2201.7 15282.97 1518.63 9.94
2204.1 15217.08 1520.98 10.00
2206.6 15263.16 1525.57 10.00
2209.1 15196.78 1529.14 10.06
2211.6 15154.34 1526.47 10.07
2214.1 15142.04 1513.06 9.99
2216.6 15136.36 1507.94 9.96
2219.1 15121.17 1500.34 9.92
2221.6 15017.30 1488.41 9.91
2224.0 14973.30 1501.14 10.03
2226.5 14953.65 1476.34 9.87
2229.0 14990.65 1476.99 9.85
2231.5 14856.57 1486.04 10.00
2233.9 14819.93 1443.13 9.74
2236.4 14830.12 1424.34 9.60
2238.9 14725.00 1418.25 9.63
2241.3 14738.24 1391.43 9.44
2243.8 14703.26 1375.88 9.36
2246.2 14560.76 1380.09 9.48
2248.7 14543.49 1353.69 9.31
2251.2 14547.02 1329.79 9.14
2253.6 14461.44 1328.64 9.19
2256.1 14411.52 1274.88 8.85
2258.5 14448.51 1271.59 8.80
2260.9 14358.24 1288.56 8.97
2263.4 14286.28 1258.97 8.81
2265.8 14286.52 1230.93 8.62
2268.3 14242.68 1189.14 8.35
2270.7 14293.95 1182.21 8.27
2273.1 14208.68 1211.86 8.53
2275.6 14138.88 1201.92 8.50
2278.0 14162.68 1179.90 8.33
2280.4 14119.54 1189.14 8.42
2282.8 13992.20 1130.53 8.08
2285.3 14040.77 1084.85 7.73
2287.7 14128.29 1144.17 8.10
2290.1 13998.75 1150.42 8.22
2292.5 13976.47 1075.42 7.69
2294.9 14012.61 1059.05 7.56
2297.3 13889.96 1048.08 7.55
2299.7 13787.58 1030.52 7.47
2302.1 13749.17 1033.15 7.51
2304.5 13602.40 983.92 7.23
2306.9 13496.56 948.64 7.03
2309.3 13451.64 959.99 7.14
2311.7 13329.30 930.23 6.98
2314.1 13154.03 929.45 7.07
2316.5 13124.14 957.42 7.30
2318.9 13145.46 961.77 7.32
2321.3 13101.23 946.84 7.23
2323.7 13118.10 926.45 7.06
2326.1 13081.38 914.81 6.99
2328.4 13108.17 907.24 6.92
2330.8 13202.52 932.52 7.06
2333.2 13104.54 914.27 6.98
2335.6 13023.78 925.82 7.11
2337.9 13062.53 918.13 7.03
2340.3 13002.24 881.65 6.78
2342.7 12902.35 854.80 6.63
2345.0 12884.39 866.32 6.72
2347.4 12860.50 875.50 6.81
2349.7 12661.22 820.16 6.48
2352.1 12633.43 810.50 6.42
2354.4 12658.59 820.98 6.49
2356.8 12578.77 811.53 6.45
2359.2 12527.67 814.67 6.50
2361.5 12479.13 807.22 6.47
2363.8 12494.29 777.33 6.22
2366.2 12489.73 763.51 6.11
2368.5 12451.10 783.20 6.29
2370.9 12453.76 787.31 6.32
2373.2 12415.30 777.92 6.27
2375.5 12276.33 755.68 6.16
2377.9 12211.78 738.45 6.05
2380.2 12242.21 746.81 6.10
2382.5 12139.99 748.99 6.17
2384.8 12068.64 728.48 6.04
2387.2 12086.52 722.00 5.97
2389.5 12068.58 731.86 6.06
2391.8 12016.43 684.48 5.70
2394.1 11909.46 671.77 5.64
2396.4 11863.59 696.72 5.87
2398.7 11940.46 667.42 5.59
2401.0 11823.50 687.36 5.81
2403.3 11693.04 692.22 5.92
2405.6 11741.09 649.78 5.53
2407.9 11668.29 636.27 5.45
2410.2 11575.79 621.65 5.37
2412.5 11525.22 640.29 5.56
2414.8 11512.67 662.42 5.75
2417.1 11505.36 634.89 5.52
2419.4 11477.63 651.25 5.67
2421.7 11364.91 641.31 5.64
2424.0 11316.90 591.73 5.23
2426.2 11347.35 577.80 5.09
2428.5 11281.78 621.96 5.51
2430.8 11243.35 610.40 5.43
2433.1 11179.50 536.57 4.80
2435.4 11100.48 553.91 4.99
2437.6 11066.91 565.10 5.11
2439.9 10932.41 544.66 4.98
2442.2 10967.11 546.08 4.98
2444.4 10975.51 534.13 4.87
2446.7 10909.12 490.56 4.50
2448.9 10931.40 538.87 4.93
2451.2 10853.16 542.36 5.00
2453.4 10787.73 488.16 4.53
2455.7 10721.98 504.78 4.71
2457.9 10647.12 470.09 4.42
2460.2 10665.45 462.38 4.34
2462.4 10576.80 486.72 4.60
2464.7 10503.38 466.82 4.44
2466.9 10471.02 455.82 4.35
2469.2 10480.86 512.05 4.89
2471.4 10359.57 472.68 4.56
2473.6 10250.05 415.09 4.05
2475.9 10220.96 453.81 4.44
2478.1 10124.53 457.72 4.52
2480.3 10080.49 473.39 4.70
2482.5 10057.71 493.24 4.90
2484.8 9961.32 429.62 4.31
2487.0 9924.93 385.15 3.88
2489.2 9935.52 414.61 4.17
2491.4 9875.23 361.20 3.66
2493.6 9884.14 376.24 3.81
2495.8 9866.24 451.35 4.57
2498.0 9849.60 462.08 4.69
2500.2 9865.68 446.53 4.53
2502.4 10096.56 452.88 4.49
2504.6 10244.49 450.72 4.40
2506.8 10345.65 418.89 4.05
