/*** Spectra Vista SIG Data ***/
name= \My Documents\HR1024_Data\RD6S13.
instrument= HR: 1091052
integration= 400, 60, 30, 1000, 60, 30
scan time= 1, 1
scan settings= AD, AI, AD, AI
external data set1= 8224, 8224, 8224, 8224, 8224, 8224, 8224, 8224, 8224, 8224, 8224, 8224, 8224, 8224, 8224, 8224
external data set2= 8224, 8224, 8224, 8224, 8224, 8224, 8224, 8224, 8224, 8224, 8224, 8224, 8224, 8224, 8224, 8224
external data dark= 0,0,0,0,0,0,0,0
external data mask= 0
optic= LENS4 , LENS4 
temp= 32.98, 8.94, -5.37, 40.56, 8.88, -5.30
battery= 7.1, 6.8
error= 0, 0
units= Radiance, Radiance
time= 4/7/08 10:35:00 AM, 4/7/08 10:58:08 AM
longitude= , 
latitude= , 
gpstime= , 
comm= 
memory slot= 0, 0
factors= 
data= 
346.4 350.35 66.25 18.91
347.9 381.21 65.89 17.28
349.5 410.28 72.38 17.64
351.1 433.68 67.39 15.54
352.6 475.96 72.11 15.15
354.2 499.06 77.89 15.61
355.7 540.48 77.45 14.33
357.3 582.54 83.91 14.40
358.8 588.91 88.77 15.07
360.4 636.67 93.57 14.70
361.9 668.64 85.67 12.81
363.5 692.50 91.41 13.20
365.1 712.57 82.53 11.58
366.6 747.47 91.15 12.19
368.2 792.37 89.98 11.36
369.7 840.74 87.50 10.41
371.3 898.85 92.85 10.33
372.8 941.22 92.30 9.81
374.4 986.23 98.79 10.02
375.9 1017.83 99.30 9.76
377.4 1052.18 98.23 9.34
379.0 1086.82 101.20 9.31
380.5 1123.29 99.71 8.88
382.1 1153.93 97.52 8.45
383.6 1194.95 100.36 8.40
385.2 1251.25 102.85 8.22
386.7 1299.60 102.89 7.92
388.3 1372.34 100.55 7.33
389.8 1424.66 105.96 7.44
391.3 1483.01 108.06 7.29
392.9 1530.61 112.66 7.36
394.4 1562.39 116.33 7.45
395.9 1621.81 121.20 7.47
397.5 1711.90 126.62 7.40
399.0 1784.48 126.69 7.10
400.6 1838.09 125.65 6.84
402.1 1856.31 122.81 6.62
403.6 1888.03 120.83 6.40
405.1 1944.54 121.11 6.23
406.7 2010.40 122.30 6.08
408.2 2079.37 125.63 6.04
409.7 2148.16 124.99 5.82
411.3 2213.53 130.36 5.89
412.8 2271.65 133.67 5.88
414.3 2341.03 135.10 5.77
415.8 2417.50 141.50 5.85
417.4 2490.79 141.68 5.69
418.9 2548.98 147.25 5.78
420.4 2593.45 147.06 5.67
421.9 2640.22 151.01 5.72
423.5 2679.41 147.11 5.49
425.0 2722.85 152.38 5.60
426.5 2778.88 149.64 5.38
428.0 2849.90 149.42 5.24
429.5 2939.79 152.87 5.20
431.1 3042.79 153.25 5.04
432.6 3149.06 158.41 5.03
434.1 3259.99 162.09 4.97
435.6 3346.58 169.51 5.07
437.1 3441.75 171.21 4.97
438.6 3531.11 176.85 5.01
440.1 3611.12 178.03 4.93
441.6 3703.62 182.23 4.92
443.1 3787.76 184.28 4.87
444.7 3873.68 187.83 4.85
446.2 3941.61 190.29 4.83
447.7 4009.71 195.47 4.87
449.2 4084.56 196.56 4.81
450.7 4145.44 195.94 4.73
452.2 4210.01 200.82 4.77
453.7 4291.20 202.27 4.71
455.2 4393.26 203.55 4.63
456.7 4515.28 206.62 4.58
458.2 4654.47 215.99 4.64
459.7 4795.00 221.55 4.62
461.2 4934.06 226.98 4.60
462.7 5054.96 231.27 4.58
464.2 5177.07 237.90 4.60
465.7 5301.12 243.70 4.60
467.2 5404.44 248.71 4.60
468.7 5508.00 256.80 4.66
470.2 5586.81 260.88 4.67
471.7 5702.38 265.05 4.65
473.2 5885.72 278.82 4.74
474.6 6027.25 283.44 4.70
476.1 6074.86 283.23 4.66
477.6 6093.70 280.31 4.60
479.1 6122.60 278.26 4.54
480.6 6163.05 277.29 4.50
482.1 6243.66 282.35 4.52
483.6 6332.42 285.79 4.51
485.1 6458.38 290.54 4.50
486.6 6604.00 292.93 4.44
488.0 6753.50 303.55 4.49
489.5 6913.82 309.76 4.48
491.0 7075.65 318.31 4.50
492.5 7238.97 324.97 4.49
494.0 7404.10 332.23 4.49
495.4 7549.58 339.57 4.50
496.9 7695.36 348.03 4.52
498.4 7836.28 355.09 4.53
499.9 7979.51 363.42 4.55
501.4 8103.78 370.29 4.57
502.8 8223.51 377.90 4.60
504.3 8333.10 384.84 4.62
505.8 8444.88 391.45 4.64
507.2 8514.20 399.80 4.70
508.7 8565.01 402.47 4.70
510.2 8590.79 405.49 4.72
511.6 8618.22 412.82 4.79
513.1 8670.26 415.89 4.80
514.6 8732.77 421.32 4.82
516.0 8783.27 426.02 4.85
517.5 8880.96 431.81 4.86
519.0 8994.65 438.46 4.87
520.5 9112.66 444.11 4.87
521.9 9263.01 455.05 4.91
523.4 9434.43 466.06 4.94
524.8 9608.27 477.72 4.97
526.3 9802.81 490.22 5.00
527.8 10000.35 505.13 5.05
529.2 10181.33 515.36 5.06
530.7 10383.39 528.59 5.09
532.1 10567.68 544.30 5.15
533.6 10773.42 559.69 5.20
535.0 10980.59 574.15 5.23
536.5 11186.70 588.35 5.26
538.0 11401.56 609.04 5.34
539.4 11601.83 625.49 5.39
540.9 11838.18 645.99 5.46
542.3 12056.36 659.75 5.47
543.8 12205.88 673.44 5.52
545.2 12241.58 682.80 5.58
546.6 12248.30 689.27 5.63
548.1 12260.70 696.76 5.68
549.5 12261.13 704.06 5.74
551.0 12260.01 708.70 5.78
552.4 12274.54 716.61 5.84
553.9 12279.40 725.67 5.91
555.3 12300.80 733.59 5.96
556.8 12360.66 745.15 6.03
558.2 12414.09 756.68 6.10
559.6 12499.51 769.40 6.16
561.1 12612.44 786.83 6.24
562.5 12742.28 805.42 6.32
564.0 12915.37 824.52 6.38
565.4 13070.62 845.69 6.47
566.8 13269.64 868.84 6.55
568.3 13461.39 895.70 6.65
569.7 13659.35 920.38 6.74
571.1 13859.91 948.28 6.84
572.6 14064.03 975.24 6.93
574.0 14250.23 1003.53 7.04
575.4 14437.41 1032.75 7.15
576.9 14612.77 1062.72 7.27
578.3 14771.90 1092.88 7.40
579.7 14927.19 1120.79 7.51
581.1 15049.34 1147.13 7.62
582.6 15179.87 1179.12 7.77
584.0 15306.40 1207.98 7.89
585.4 15471.50 1237.81 8.00
586.8 15703.41 1274.65 8.12
588.3 15959.97 1314.14 8.23
589.7 16164.72 1349.24 8.35
591.1 16308.26 1381.73 8.47
592.5 16380.50 1406.82 8.59
594.0 16416.90 1429.24 8.71
595.4 16426.30 1449.26 8.82
596.8 16438.21 1473.19 8.96
598.2 16446.40 1491.35 9.07
599.6 16446.15 1516.07 9.22
601.0 16488.64 1541.71 9.35
602.4 16524.83 1566.97 9.48
603.9 16595.00 1595.74 9.62
605.3 16677.56 1624.57 9.74
606.7 16748.10 1653.48 9.87
608.1 16880.08 1696.07 10.05
609.5 17023.96 1736.82 10.20
610.9 17200.20 1784.46 10.37
612.3 17363.60 1829.98 10.54
613.7 17583.26 1882.72 10.71
615.1 17730.09 1930.39 10.89
616.5 17885.32 1980.89 11.08
617.9 18120.27 2040.94 11.26
619.3 18343.55 2103.19 11.47
620.7 18613.68 2171.53 11.67
622.1 18877.69 2245.71 11.90
623.5 19168.37 2331.81 12.16
624.9 19495.88 2425.87 12.44
626.3 19705.80 2501.12 12.69
627.7 19502.63 2521.49 12.93
629.1 19316.59 2545.22 13.18
630.5 19234.56 2580.06 13.41
631.9 19243.16 2608.45 13.56
633.3 19227.78 2634.80 13.70
634.7 19307.14 2669.13 13.82
636.1 19335.07 2696.73 13.95
637.5 19378.14 2729.58 14.09
638.9 19457.31 2772.12 14.25
640.2 19514.53 2782.85 14.26
641.6 19531.98 2803.32 14.35
643.0 19504.65 2840.53 14.56
644.4 19507.28 2887.41 14.80
645.8 19449.04 2919.60 15.01
647.2 19526.59 2967.95 15.20
648.5 19579.91 3024.55 15.45
649.9 19492.88 3063.80 15.72
651.3 19428.45 3117.12 16.04
652.7 19344.30 3153.84 16.30
654.1 19217.52 3139.94 16.34
655.5 19076.42 3102.48 16.26
656.8 18936.77 3075.11 16.24
658.2 19052.33 3090.56 16.22
659.6 19274.42 3131.44 16.25
660.9 19463.87 3166.27 16.27
662.3 19650.11 3206.25 16.32
663.7 19826.10 3244.08 16.36
665.0 19986.79 3289.52 16.46
666.4 20146.14 3333.32 16.55
667.8 20346.56 3394.86 16.69
669.1 20529.76 3452.78 16.82
670.5 20738.52 3522.50 16.99
671.9 20872.26 3592.44 17.21
673.2 21059.41 3683.86 17.49
674.6 21230.21 3782.43 17.82
676.0 21420.32 3897.54 18.20
677.3 21614.12 4018.63 18.59
678.7 21817.38 4154.38 19.04
680.0 22089.50 4301.42 19.47
681.4 22373.47 4461.17 19.94
682.8 22657.86 4631.45 20.44
684.1 22942.53 4800.28 20.92
685.5 23200.94 4960.68 21.38
686.8 23448.72 5118.28 21.83
688.2 23672.40 5264.76 22.24
689.5 23749.65 5380.54 22.66
690.9 23825.77 5490.78 23.05
692.2 23869.28 5592.66 23.43
693.6 23926.69 5693.51 23.80
694.9 23920.11 5781.50 24.17
696.2 23942.14 5868.45 24.51
697.6 23961.85 5955.98 24.86
698.9 23992.32 6049.30 25.21
700.3 24038.01 6142.60 25.55
701.6 24084.68 6234.67 25.89
703.0 24137.54 6327.38 26.21
704.3 24141.49 6404.03 26.53
705.6 24144.66 6481.73 26.85
707.0 24151.61 6559.70 27.16
708.3 24094.31 6621.45 27.48
709.6 24038.25 6683.00 27.80
711.0 23936.43 6734.28 28.13
712.3 23827.16 6777.39 28.44
713.6 23789.01 6843.14 28.77
714.9 23716.29 6897.89 29.09
716.3 23686.39 6967.45 29.42
717.6 23672.15 7039.19 29.74
718.9 23614.96 7088.11 30.02
720.2 23494.56 7117.45 30.29
721.6 23399.74 7155.07 30.58
722.9 23270.63 7188.92 30.89
724.2 23091.17 7205.88 31.21
725.5 22957.02 7234.68 31.51
726.8 22832.78 7256.30 31.78
728.1 22750.67 7301.48 32.09
729.5 22685.44 7335.55 32.34
730.8 22628.18 7382.49 32.63
732.1 22547.20 7423.23 32.92
733.4 22493.78 7469.05 33.20
734.7 22430.29 7515.60 33.51
736.0 22412.65 7573.40 33.79
737.3 22354.35 7623.27 34.10
738.6 22392.88 7702.68 34.40
739.9 22486.41 7802.87 34.70
741.2 22557.99 7892.98 34.99
742.5 22690.46 8022.85 35.36
743.8 22954.18 8183.75 35.65
745.1 23356.68 8404.06 35.98
746.4 23838.13 8653.65 36.30
747.7 24340.83 8908.26 36.60
749.0 24845.90 9156.19 36.85
750.3 25109.11 9310.48 37.08
751.6 25056.94 9352.22 37.32
752.9 24812.33 9328.94 37.60
754.2 24511.78 9292.37 37.91
755.4 24190.11 9247.98 38.23
756.7 24095.29 9283.59 38.53
758.0 24119.44 9372.28 38.86
759.3 24282.67 9513.88 39.18
760.6 24509.10 9685.37 39.52
761.9 24709.31 9844.44 39.84
763.1 24854.26 9975.17 40.13
764.4 25021.13 10114.78 40.42
765.7 25148.50 10238.15 40.71
767.0 25255.87 10355.98 41.00
768.2 25351.20 10469.76 41.30
769.5 25424.49 10567.59 41.56
770.8 25570.26 10697.54 41.84
772.0 25587.81 10789.56 42.17
773.3 25669.17 10896.09 42.45
774.6 25760.75 11006.48 42.73
775.8 25826.13 11102.62 42.99
777.1 25851.30 11193.04 43.30
778.4 25836.83 11252.88 43.55
779.6 25861.37 11323.90 43.79
780.9 25820.00 11388.00 44.11
782.1 25728.02 11420.10 44.39
783.4 25750.40 11492.42 44.63
784.6 25767.74 11578.26 44.93
785.9 25975.04 11745.86 45.22
787.1 26352.59 11997.53 45.53
788.4 26662.70 12197.53 45.75
789.6 26677.46 12238.33 45.88
790.9 26422.83 12154.16 46.00
792.1 26144.60 12094.59 46.26
793.4 25865.12 12050.26 46.59
794.6 25676.57 12031.22 46.86
795.8 25513.36 12025.04 47.13
797.1 25350.08 12013.04 47.39
798.3 25228.50 12017.12 47.63
799.5 25169.97 12046.13 47.86
800.8 25099.23 12077.99 48.12
802.0 25011.42 12103.66 48.39
803.2 24918.76 12111.79 48.61
804.5 24860.18 12133.87 48.81
805.7 24781.04 12162.81 49.08
806.9 24699.71 12168.63 49.27
808.1 24647.73 12200.20 49.50
809.4 24609.13 12242.18 49.75
810.6 24558.63 12256.79 49.91
811.8 24538.32 12308.26 50.16
813.0 24560.28 12360.08 50.33
814.2 24583.06 12428.85 50.56
815.4 24644.79 12516.24 50.79
816.6 24675.27 12560.06 50.90
817.9 24704.84 12616.01 51.07
819.1 24672.89 12631.04 51.19
820.3 24583.02 12622.98 51.35
821.5 24511.70 12626.89 51.51
822.7 24474.49 12632.32 51.61
823.9 24466.74 12663.20 51.76
825.1 24483.13 12684.76 51.81
826.3 24493.16 12714.46 51.91
827.5 24511.03 12734.82 51.96
828.7 24560.16 12765.26 51.98
829.9 24556.61 12775.57 52.02
831.0 24631.50 12816.37 52.03
832.2 24684.15 12854.25 52.07
833.4 24732.69 12890.22 52.12
834.6 24771.09 12929.06 52.19
835.8 24806.25 12976.74 52.31
837.0 24848.21 13038.16 52.47
838.1 24942.61 13102.64 52.53
839.3 24987.97 13153.87 52.64
840.5 25056.73 13218.32 52.75
841.7 25139.84 13292.69 52.88
842.9 25202.72 13371.11 53.05
844.0 25272.39 13430.84 53.14
845.2 25356.92 13509.67 53.28
846.4 25406.55 13565.56 53.39
847.5 25535.27 13667.16 53.52
848.7 25649.51 13756.13 53.63
849.9 25759.43 13828.48 53.68
851.0 25787.85 13873.85 53.80
852.2 25836.49 13915.71 53.86
853.3 25835.02 13938.73 53.95
854.5 25803.13 13953.27 54.08
855.6 25784.28 13983.57 54.23
856.8 25811.14 14018.36 54.31
857.9 25796.36 14032.39 54.40
859.1 25866.40 14097.56 54.50
860.2 25870.46 14127.49 54.61
861.4 25883.89 14170.23 54.75
862.5 25913.95 14207.79 54.83
863.7 25967.63 14259.75 54.91
864.8 25978.23 14285.53 54.99
865.9 25934.02 14281.76 55.07
867.1 25972.57 14322.23 55.14
868.2 25960.64 14329.10 55.20
869.3 25983.57 14354.10 55.24
870.5 25945.69 14340.76 55.27
871.6 25952.82 14365.50 55.35
872.7 25988.86 14394.62 55.39
873.9 26010.48 14424.10 55.45
875.0 25998.57 14411.70 55.43
876.1 25976.68 14412.92 55.48
877.2 25992.15 14424.33 55.49
878.3 25997.76 14430.99 55.51
879.4 26016.59 14444.28 55.52
880.5 26032.32 14460.19 55.55
881.7 26038.68 14427.53 55.41
882.8 26051.76 14445.63 55.45
883.9 26088.59 14444.62 55.37
885.0 26049.66 14428.46 55.39
886.1 26068.54 14396.53 55.23
887.2 25979.14 14328.49 55.15
888.3 25929.87 14285.49 55.09
889.4 25867.81 14221.45 54.98
890.5 25830.84 14199.08 54.97
891.6 25777.28 14168.93 54.97
892.7 25812.52 14143.05 54.79
893.8 25792.32 14143.53 54.84
894.9 25833.34 14124.11 54.67
896.0 25797.95 14105.82 54.68
897.0 25823.30 14105.41 54.62
898.1 25837.83 14089.14 54.53
899.2 25853.12 14071.64 54.43
900.3 25827.20 14017.39 54.27
901.4 25755.93 13971.56 54.25
902.4 25796.28 13968.25 54.15
903.5 25760.57 13939.90 54.11
904.6 25773.48 13908.80 53.97
905.7 25786.56 13889.72 53.86
906.7 25778.44 13866.69 53.79
907.8 25791.16 13845.68 53.68
908.9 25756.23 13796.91 53.57
909.9 25738.83 13747.55 53.41
911.0 25715.27 13699.12 53.27
912.1 25708.69 13652.95 53.11
913.1 25683.06 13577.10 52.86
914.2 25568.28 13501.40 52.81
915.2 25594.38 13464.52 52.61
916.3 25582.28 13406.70 52.41
917.3 25579.53 13355.51 52.21
918.4 25529.08 13251.92 51.91
919.4 25526.52 13190.58 51.67
920.5 25540.93 13081.91 51.22
921.5 25532.64 13029.16 51.03
922.6 25509.72 12921.27 50.65
923.6 25552.64 12830.60 50.21
924.7 25558.13 12751.65 49.89
925.7 25559.01 12662.76 49.54
926.7 25571.07 12536.52 49.03
927.8 25622.74 12443.43 48.56
928.8 25737.00 12364.95 48.04
929.9 25798.01 12270.45 47.56
930.9 25912.02 12205.31 47.10
931.9 26063.45 12141.42 46.58
932.9 26272.00 12095.47 46.04
934.0 26311.65 11965.91 45.48
935.0 26328.00 11839.06 44.97
936.0 26313.67 11681.54 44.39
937.0 26305.79 11550.05 43.91
938.1 26273.03 11412.25 43.44
939.1 26282.27 11277.22 42.91
940.1 26307.38 11144.52 42.36
941.1 26474.98 11062.41 41.78
942.1 26613.43 10987.80 41.29
943.1 26709.35 10861.29 40.66
944.1 26891.46 10782.30 40.10
945.2 26931.87 10619.11 39.43
946.2 27005.05 10530.25 38.99
947.2 27050.94 10387.03 38.40
948.2 27161.01 10252.52 37.75
949.2 27258.97 10121.80 37.13
950.2 27257.00 9969.88 36.58
951.2 27381.90 9818.93 35.86
952.2 27427.92 9681.13 35.30
953.2 27549.11 9549.77 34.66
954.2 27670.16 9446.00 34.14
955.2 27683.23 9315.82 33.65
956.2 27678.04 9198.88 33.24
957.2 27683.31 9106.44 32.90
958.2 27771.67 9021.31 32.48
959.2 27855.45 8974.35 32.22
960.1 27895.78 8918.48 31.97
961.1 27947.74 8891.75 31.82
962.1 27921.09 8802.94 31.53
963.1 28038.72 8774.64 31.29
964.1 28081.62 8767.22 31.22
965.1 28159.91 8762.57 31.12
966.1 28230.04 8730.66 30.93
967.0 28291.66 8747.45 30.92
968.0 28354.15 8730.75 30.79
969.0 28355.00 8701.24 30.69
970.0 28440.42 8705.39 30.61
971.0 28447.07 8712.98 30.63
971.9 28529.94 8714.86 30.55
972.9 28619.85 8758.07 30.60
973.9 28640.46 8698.69 30.37
974.9 28629.25 8726.13 30.48
975.8 28737.28 8730.46 30.38
976.8 28722.61 8783.27 30.58
977.8 28846.97 8773.56 30.41
978.8 28789.28 8791.71 30.54
979.7 28914.30 8866.81 30.67
980.7 28909.16 8875.55 30.70
981.7 29108.19 8930.28 30.68
982.6 29310.11 9025.88 30.79
983.6 29612.62 9154.45 30.91
984.6 29886.86 9273.98 31.03
985.5 30220.02 9461.38 31.31
986.5 30590.42 9643.49 31.52
987.5 31346.01 9862.08 31.46
988.4 31956.65 10051.14 31.45
989.4 32957.10 10461.38 31.74
990.4 33646.09 10685.00 31.76
991.3 34254.92 10975.21 32.04
992.3 35605.12 11346.69 31.87
993.2 35791.00 11758.30 32.85
994.2 37066.33 12195.20 32.90
995.2 37769.29 12198.08 32.30
996.1 38356.88 12836.57 33.47
997.1 37945.80 12963.46 34.16
998.0 38542.50 12539.16 32.53
999.0 38301.25 12646.64 33.02
1000.0 38064.02 12450.50 32.71
1000.9 38955.51 12434.28 31.92
1001.9 38313.61 12730.66 33.23
1002.8 38469.11 12962.42 33.70
1003.8 38840.71 13528.79 34.83
1004.8 39018.78 12960.62 33.22
961.5 34418.44 9184.70 26.69
965.5 34203.70 9211.97 26.93
969.5 33124.73 9086.75 27.43
973.4 31599.68 8835.29 27.96
977.4 30418.99 8653.17 28.45
981.4 29806.10 8704.61 29.20
985.3 29606.90 8811.26 29.76
989.3 29665.19 8972.44 30.25
993.3 29713.32 9191.54 30.93
997.2 29668.74 9364.84 31.56
1001.2 29627.00 9501.31 32.07
1005.2 29568.23 9653.59 32.65
1009.1 29600.49 9894.14 33.43
1013.1 29702.49 10191.26 34.31
1017.1 29789.49 10498.30 35.24
1021.0 29789.99 10754.23 36.10
1025.0 29760.59 11009.00 36.99
1029.0 29636.30 11257.79 37.99
1032.9 29533.53 11528.79 39.04
1036.9 29509.70 11810.16 40.02
1040.9 29556.91 12113.07 40.98
1044.8 29679.34 12430.07 41.88
1048.8 29786.37 12717.17 42.69
1052.7 29868.84 12964.22 43.40
1056.7 29898.31 13135.34 43.93
1060.7 29913.73 13249.18 44.29
1064.6 29918.21 13352.96 44.63
1068.6 29859.11 13393.59 44.86
1072.5 29814.52 13371.31 44.85
1076.5 29798.83 13289.38 44.60
1080.4 29797.49 13198.63 44.29
1084.4 29858.05 13083.15 43.82
1088.3 29928.60 12928.11 43.20
1092.3 29919.24 12718.60 42.51
1096.2 29930.07 12487.16 41.72
1100.2 29956.02 12241.38 40.86
1104.1 29873.92 11938.10 39.96
1108.1 29858.25 11669.25 39.08
1112.0 29809.22 11386.22 38.20
1116.0 29674.06 11054.42 37.25
1119.9 29580.84 10686.41 36.13
1123.9 29636.88 10282.10 34.69
1127.8 29621.76 9730.56 32.85
1131.8 29615.13 9075.42 30.64
1135.7 29658.37 8368.59 28.22
1139.6 29649.41 7691.94 25.94
1143.6 29635.32 7117.75 24.02
1147.5 29635.02 6673.41 22.52
1151.4 29535.85 6330.97 21.43
1155.4 29547.88 6119.56 20.71
1159.3 29582.50 5992.13 20.26
1163.2 29498.44 5877.45 19.92
1167.2 29505.90 5812.68 19.70
1171.1 29517.01 5767.37 19.54
1175.0 29484.53 5716.00 19.39
1179.0 29486.15 5664.67 19.21
1182.9 29537.81 5637.36 19.09
1186.8 29538.86 5607.37 18.98
1190.7 29410.97 5559.16 18.90
1194.7 29255.48 5493.66 18.78
1198.6 29133.72 5450.45 18.71
1202.5 29044.69 5433.14 18.71
1206.4 28972.03 5407.97 18.67
1210.3 28920.11 5401.20 18.68
1214.2 28863.76 5398.90 18.70
1218.2 28763.18 5383.34 18.72
1222.1 28692.28 5410.30 18.86
1226.0 28656.56 5429.36 18.95
1229.9 28600.92 5434.62 19.00
1233.8 28545.33 5451.07 19.10
1237.7 28520.81 5456.05 19.13
1241.6 28465.46 5460.76 19.18
1245.5 28370.21 5455.93 19.23
1249.4 28299.76 5444.91 19.24
1253.3 28232.22 5442.18 19.28
1257.2 28191.00 5438.66 19.29
1261.1 28130.65 5426.68 19.29
1265.0 28057.45 5402.91 19.26
1268.9 27949.80 5365.03 19.20
1272.8 27989.85 5352.30 19.12
1276.7 28109.94 5350.48 19.03
1280.6 28175.48 5323.23 18.89
1284.5 28132.96 5261.25 18.70
1288.4 28112.11 5193.99 18.48
1292.3 28036.25 5115.00 18.24
1296.2 27954.20 5034.47 18.01
1300.1 27848.52 4930.20 17.70
1303.9 27706.57 4807.62 17.35
1307.8 27559.31 4692.95 17.03
1311.7 27397.23 4562.75 16.65
1315.6 27238.78 4442.64 16.31
1319.5 27066.08 4311.23 15.93
1323.3 26913.00 4166.43 15.48
1327.2 26776.06 4051.76 15.13
1331.1 26621.95 3944.27 14.82
1335.0 26429.02 3816.62 14.44
1338.8 26290.11 3714.88 14.13
1342.7 26169.42 3622.97 13.84
1346.5 25929.13 3502.48 13.51
1350.4 25728.90 3413.24 13.27
1354.3 25457.85 3322.66 13.05
1358.1 25158.95 3214.37 12.78
1362.0 24980.59 3131.49 12.54
1365.8 24927.82 3070.10 12.32
1369.7 24996.19 3014.05 12.06
1373.5 24961.93 2942.79 11.79
1377.4 24802.90 2835.71 11.43
1381.2 24660.90 2685.82 10.89
1385.1 24643.85 2538.35 10.30
1389.0 24592.75 2413.90 9.82
1392.8 24461.78 2275.93 9.30
1396.6 24365.22 2139.32 8.78
1400.5 24231.60 2021.16 8.34
1404.3 24125.27 1928.84 8.00
1408.2 24097.32 1846.32 7.66
1412.0 24070.61 1783.01 7.41
1415.8 24101.54 1744.90 7.24
1419.6 24084.23 1701.87 7.07
1423.5 24070.46 1664.99 6.92
1427.3 24053.34 1638.94 6.81
1431.1 24042.83 1625.18 6.76
1434.9 23983.10 1604.75 6.69
1438.8 23944.05 1590.41 6.64
1442.6 23927.04 1585.60 6.63
1446.4 23856.75 1567.40 6.57
1450.2 23800.39 1558.04 6.55
1454.0 23730.24 1552.68 6.54
1457.8 23714.21 1552.46 6.55
1461.6 23699.02 1550.64 6.54
1465.4 23623.88 1548.36 6.55
1469.2 23507.58 1551.55 6.60
1473.0 23416.67 1546.08 6.60
1476.8 23385.95 1564.99 6.69
1480.7 23341.52 1586.18 6.80
1484.4 23269.68 1600.56 6.88
1488.2 23205.84 1618.80 6.98
1492.0 23119.76 1639.55 7.09
1495.8 23050.30 1669.85 7.24
1499.6 22974.60 1684.18 7.33
1503.4 22886.86 1686.26 7.37
1507.2 22817.82 1693.73 7.42
1510.9 22736.47 1703.36 7.49
1514.7 22640.13 1709.18 7.55
1518.5 22563.41 1717.52 7.61
1522.3 22469.97 1722.26 7.66
1526.0 22400.45 1733.37 7.74
1529.8 22366.84 1753.89 7.84
1533.6 22289.14 1761.43 7.90
1537.3 22206.85 1771.94 7.98
1541.1 22117.21 1785.43 8.07
1544.8 22039.20 1788.00 8.11
1548.6 21965.35 1800.60 8.20
1552.4 21895.60 1812.75 8.28
1556.1 21841.83 1817.14 8.32
1559.9 21787.79 1817.05 8.34
1563.6 21716.01 1820.42 8.38
1567.3 21641.45 1840.30 8.50
1571.1 21503.94 1843.54 8.57
1574.8 21413.78 1854.70 8.66
1578.6 21355.88 1869.80 8.76
1582.3 21274.05 1865.81 8.77
1586.0 21183.04 1866.48 8.81
1589.8 21100.62 1859.84 8.81
1593.5 21000.69 1863.95 8.88
1597.2 20929.52 1858.37 8.88
1600.9 20843.62 1852.71 8.89
1604.7 20745.10 1859.92 8.97
1608.4 20669.95 1857.43 8.99
1612.1 20567.28 1843.10 8.96
1615.8 20477.47 1840.59 8.99
1619.5 20422.34 1850.88 9.06
1623.2 20328.29 1856.37 9.13
1626.9 20221.28 1852.83 9.16
1630.6 20112.62 1841.62 9.16
1634.3 20025.88 1837.68 9.18
1638.0 19934.15 1834.77 9.20
1641.7 19830.91 1830.32 9.23
1645.4 19716.98 1819.44 9.23
1649.1 19602.77 1807.18 9.22
1652.8 19509.95 1799.68 9.22
1656.4 19395.62 1787.28 9.21
1660.1 19295.18 1778.59 9.22
1663.8 19185.10 1772.56 9.24
1667.5 19083.74 1757.25 9.21
1671.1 18996.35 1742.66 9.17
1674.8 18876.30 1733.42 9.18
1678.5 18838.56 1729.38 9.18
1682.1 18849.73 1720.64 9.13
1685.8 18859.30 1705.93 9.05
1689.5 18795.30 1694.27 9.01
1693.1 18706.41 1687.44 9.02
1696.8 18615.25 1674.38 8.99
1700.4 18529.58 1660.25 8.96
1704.0 18456.67 1643.30 8.90
1707.7 18296.86 1607.12 8.78
1711.3 18114.51 1577.15 8.71
1715.0 17992.28 1563.71 8.69
1718.6 17886.14 1540.63 8.61
1722.2 17799.94 1509.82 8.48
1725.9 17706.59 1493.65 8.44
1729.5 17604.49 1478.46 8.40
1733.1 17541.49 1463.39 8.34
1736.7 17471.92 1456.19 8.33
1740.3 17366.15 1446.58 8.33
1744.0 17315.89 1430.41 8.26
1747.5 17227.16 1408.30 8.17
1751.2 17088.52 1385.62 8.11
1754.8 16976.43 1376.15 8.11
1758.4 16893.02 1361.26 8.06
1762.0 16789.89 1340.23 7.98
1765.5 16699.11 1333.06 7.98
1769.1 16665.60 1322.40 7.93
1772.7 16620.17 1317.02 7.92
1776.3 16550.18 1308.13 7.90
1779.9 16477.44 1294.66 7.86
1783.5 16434.96 1294.56 7.88
1787.0 16345.96 1279.49 7.83
1790.6 16243.66 1255.50 7.73
1794.2 16171.99 1251.80 7.74
1797.8 16109.35 1241.94 7.71
1801.3 16053.66 1246.08 7.76
1804.9 15954.75 1241.63 7.78
1808.4 15901.90 1227.74 7.72
1812.0 15801.30 1219.04 7.71
1815.5 15695.88 1206.52 7.69
1819.1 15574.16 1193.64 7.66
1822.6 15471.85 1180.37 7.63
1826.2 15387.58 1162.66 7.56
1829.7 15274.18 1167.78 7.65
1833.2 15120.13 1160.71 7.68
1836.8 14969.50 1137.05 7.60
1840.3 14877.77 1130.04 7.60
1843.8 14800.45 1125.04 7.60
1847.3 14738.02 1126.08 7.64
1850.8 14668.42 1120.90 7.64
1854.3 14577.15 1104.19 7.57
1857.8 14534.00 1092.00 7.51
1861.3 14522.25 1075.50 7.41
1864.8 14459.04 1050.96 7.27
1868.3 14308.06 984.23 6.88
1871.8 14215.68 913.92 6.43
1875.3 14201.46 866.32 6.10
1878.8 14176.42 827.54 5.84
1882.3 14122.90 775.47 5.49
1885.8 14014.10 730.82 5.21
1889.3 13904.45 708.99 5.10
1892.7 13776.82 664.05 4.82
1896.2 13660.15 636.70 4.66
1899.7 13554.20 644.40 4.75
1903.1 13466.38 620.93 4.61
1906.6 13511.57 625.83 4.63
1910.0 13676.29 687.98 5.03
1913.5 13920.50 863.07 6.20
1917.0 14289.98 1033.90 7.24
1920.4 14838.23 970.73 6.54
1923.8 14900.33 975.29 6.55
1871.2 12934.73 801.27 6.19
1873.9 13036.34 848.33 6.51
1876.7 13080.35 888.67 6.79
1879.5 13184.92 747.21 5.67
1882.3 12973.16 811.95 6.26
1885.1 12955.86 784.42 6.05
1887.8 13054.47 692.72 5.31
1890.6 12965.86 701.70 5.41
1893.4 12899.33 718.67 5.57
1896.2 12776.85 728.93 5.71
1898.9 12763.16 693.72 5.44
1901.7 12667.81 658.37 5.20
1904.5 12785.93 650.67 5.09
1907.2 12706.25 655.50 5.16
1910.0 12637.10 644.18 5.10
1912.7 12646.53 644.54 5.10
1915.5 12573.30 666.11 5.30
1918.2 12524.17 636.94 5.09
1921.0 12429.58 601.71 4.84
1923.7 12476.24 633.65 5.08
1926.5 12456.75 612.25 4.92
1929.2 12429.04 593.23 4.77
1932.0 12425.12 613.04 4.93
1934.7 12406.61 625.33 5.04
1937.4 12332.23 614.13 4.98
1940.2 12287.19 611.59 4.98
1942.9 12341.39 633.36 5.13
1945.6 12357.84 631.18 5.11
1948.3 12310.10 661.83 5.38
1951.1 12286.82 650.16 5.29
1953.8 12285.00 633.00 5.15
1956.5 12213.61 649.92 5.32
1959.2 12244.05 648.83 5.30
1961.9 12277.60 640.70 5.22
1964.6 12227.25 660.45 5.40
1967.3 12243.43 649.70 5.31
1970.0 12130.08 642.32 5.30
1972.8 12063.78 655.99 5.44
1975.5 12116.40 640.94 5.29
1978.2 12077.12 659.92 5.46
1980.9 11995.23 650.05 5.42
1983.5 11947.43 660.19 5.53
1986.2 11960.10 672.21 5.62
1988.9 11951.37 663.48 5.55
1991.6 11858.95 666.23 5.62
1994.3 11764.18 652.76 5.55
1997.0 11766.88 637.22 5.42
1999.7 11773.83 643.25 5.46
2002.3 11759.81 661.63 5.63
2005.0 11690.77 664.51 5.68
2007.7 11638.67 645.00 5.54
2010.4 11594.16 650.94 5.61
2013.0 11562.08 682.80 5.91
2015.7 11497.38 684.84 5.96
2018.4 11428.93 655.27 5.73
2021.0 11415.50 668.67 5.86
2023.7 11337.76 669.92 5.91
2026.4 11289.20 656.28 5.81
2029.0 11241.04 697.29 6.20
2031.7 11159.63 673.18 6.03
2034.3 11170.90 656.28 5.87
2037.0 11088.29 695.31 6.27
2039.6 11036.71 663.95 6.02
2042.3 11025.52 657.15 5.96
2044.9 10984.38 698.45 6.36
2047.5 10945.11 678.81 6.20
2050.2 10866.80 649.60 5.98
2052.8 10875.20 666.40 6.13
2055.4 10794.82 649.99 6.02
2058.1 10693.20 672.00 6.28
2060.7 10690.88 693.16 6.48
2063.3 10636.71 657.65 6.18
2065.9 10588.79 670.00 6.33
2068.6 10527.38 678.38 6.44
2071.2 10509.93 666.81 6.34
2073.8 10479.76 677.20 6.46
2076.4 10429.57 682.02 6.54
2079.0 10413.86 660.35 6.34
2081.6 10426.21 658.32 6.31
2084.2 10409.13 674.38 6.48
2086.8 10317.76 664.66 6.44
2089.4 10237.53 663.78 6.48
2092.1 10185.83 677.17 6.65
2094.7 10161.53 663.88 6.53
2097.2 10134.83 668.67 6.60
2099.8 10154.06 674.66 6.64
2102.4 10079.62 642.59 6.38
2105.0 9975.00 649.80 6.51
2107.6 9943.53 683.60 6.87
2110.2 9903.21 679.16 6.86
2112.8 9887.09 655.70 6.63
2115.3 9921.47 658.16 6.63
2117.9 9932.41 670.29 6.75
2120.5 9899.34 676.28 6.83
2123.1 9860.18 690.30 7.00
2125.6 9830.42 676.45 6.88
2128.2 9760.43 676.06 6.93
2130.8 9696.38 681.53 7.03
2133.3 9680.00 651.20 6.73
2135.9 9631.02 667.76 6.93
2138.4 9558.99 674.79 7.06
2141.0 9487.88 631.74 6.66
2143.6 9445.83 624.45 6.61
2146.1 9343.90 661.13 7.08
2148.7 9250.50 663.69 7.17
2151.2 9289.87 607.20 6.54
2153.8 9283.27 621.04 6.69
2156.3 9196.68 640.87 6.97
2158.8 9167.15 608.39 6.64
2161.4 9136.89 636.84 6.97
2163.9 9080.87 625.05 6.88
2166.4 9038.53 612.03 6.77
2169.0 9026.70 632.73 7.01
2171.5 8964.61 620.90 6.93
2174.0 8877.40 609.88 6.87
2176.5 8859.37 621.92 7.02
2179.1 8821.17 617.39 7.00
2181.6 8799.54 602.25 6.84
2184.1 8784.16 616.00 7.01
2186.6 8784.20 605.70 6.90
2189.1 8744.04 587.43 6.72
2191.6 8708.93 591.27 6.79
2194.1 8706.09 621.15 7.13
2196.6 8712.45 608.00 6.98
2199.2 8755.72 627.90 7.17
2201.7 8703.45 637.54 7.33
2204.1 8678.72 597.40 6.88
2206.6 8675.98 600.53 6.92
2209.1 8675.22 616.96 7.11
2211.6 8663.97 571.00 6.59
2214.1 8610.78 574.05 6.67
2216.6 8633.61 607.73 7.04
2219.1 8660.20 573.55 6.62
2221.6 8580.23 605.26 7.05
2224.0 8522.97 601.98 7.06
2226.5 8511.79 525.09 6.17
2229.0 8530.74 559.58 6.56
2231.5 8441.32 582.16 6.90
2233.9 8443.24 558.01 6.61
2236.4 8476.56 567.42 6.69
2238.9 8385.50 534.75 6.38
2241.3 8391.31 548.02 6.53
2243.8 8383.54 571.34 6.82
2246.2 8253.42 546.61 6.62
2248.7 8237.84 524.51 6.37
2251.2 8236.26 530.38 6.44
2253.6 8194.56 526.08 6.42
2256.1 8190.72 506.88 6.19
2258.5 8190.43 530.15 6.47
2260.9 8134.04 513.89 6.32
2263.4 8110.40 495.15 6.11
2265.8 8131.85 515.45 6.34
2268.3 8069.96 496.44 6.15
2270.7 8098.88 479.79 5.92
2273.1 8065.01 517.73 6.42
2275.6 8029.44 518.40 6.46
2278.0 8032.57 495.79 6.17
2280.4 8050.71 477.19 5.93
2282.8 7960.15 480.09 6.03
2285.3 7901.09 470.49 5.95
2287.7 7985.73 484.22 6.06
2290.1 7946.20 462.54 5.82
2292.5 7920.79 432.55 5.46
2294.9 7927.04 482.10 6.08
2297.3 7846.72 474.60 6.05
2299.7 7809.80 461.96 5.92
2302.1 7774.17 494.97 6.37
2304.5 7698.88 462.56 6.01
2306.9 7651.84 384.16 5.02
2309.3 7605.49 411.43 5.41
2311.7 7551.70 435.68 5.77
2314.1 7431.64 405.65 5.46
2316.5 7403.26 429.46 5.80
2318.9 7422.16 413.88 5.58
2321.3 7384.55 427.86 5.79
2323.7 7411.63 459.23 6.20
2326.1 7407.14 427.18 5.77
2328.4 7416.57 410.90 5.54
2330.8 7456.07 449.90 6.03
2333.2 7380.05 453.02 6.14
2335.6 7348.45 394.41 5.37
2337.9 7374.28 429.85 5.83
2340.3 7351.28 415.64 5.65
2342.7 7303.86 372.39 5.10
2345.0 7304.27 420.42 5.76
2347.4 7310.00 386.75 5.29
2349.7 7167.86 380.18 5.30
2352.1 7105.77 403.10 5.67
2354.4 7122.34 382.55 5.37
2356.8 7109.55 366.92 5.16
2359.2 7054.67 411.67 5.84
2361.5 7016.24 401.43 5.72
2363.8 7061.80 351.33 4.98
2366.2 7030.44 392.79 5.59
2368.5 6995.40 373.80 5.34
2370.9 6987.35 371.29 5.31
2373.2 6974.33 382.22 5.48
2375.5 6914.20 357.48 5.17
2377.9 6855.73 355.55 5.19
2380.2 6895.41 412.35 5.98
2382.5 6832.77 381.39 5.58
2384.8 6779.04 329.44 4.86
2387.2 6826.21 370.38 5.43
2389.5 6803.92 354.13 5.20
2391.8 6773.50 327.98 4.84
2394.1 6708.07 355.08 5.29
2396.4 6696.25 353.20 5.27
2398.7 6727.77 331.27 4.92
2401.0 6675.75 356.04 5.33
2403.3 6633.36 333.66 5.03
2405.6 6587.80 314.90 4.78
2407.9 6548.07 345.69 5.28
2410.2 6522.35 315.84 4.84
2412.5 6494.37 289.66 4.46
2414.8 6495.78 318.37 4.90
2417.1 6477.89 278.73 4.30
2419.4 6418.72 291.76 4.55
2421.7 6381.59 299.63 4.70
2424.0 6340.00 285.30 4.50
2426.2 6377.20 272.85 4.28
2428.5 6376.43 254.19 3.99
2430.8 6305.65 294.30 4.67
2433.1 6272.91 309.77 4.94
2435.4 6216.05 290.94 4.68
2437.6 6193.67 290.94 4.70
2439.9 6131.58 275.14 4.49
2442.2 6143.40 301.48 4.91
2444.4 6156.85 315.88 5.13
2446.7 6096.96 256.96 4.21
2448.9 6140.77 201.34 3.28
2451.2 6097.08 226.48 3.71
2453.4 6044.75 289.28 4.79
2455.7 6045.18 285.84 4.73
2457.9 5958.48 238.10 4.00
2460.2 5967.72 221.94 3.72
2462.4 5959.20 293.28 4.92
2464.7 5866.75 258.64 4.41
2466.9 5842.20 243.96 4.18
2469.2 5878.87 272.23 4.63
2471.4 5796.90 308.56 5.32
2473.6 5704.14 247.72 4.34
2475.9 5730.24 196.43 3.43
2478.1 5690.78 252.77 4.44
2480.3 5611.10 229.74 4.09
2482.5 5590.00 193.01 3.45
2484.8 5592.32 240.30 4.30
2487.0 5577.22 266.64 4.78
2489.2 5540.68 226.15 4.08
2491.4 5525.52 207.50 3.76
2493.6 5479.00 211.64 3.86
2495.8 5487.41 277.14 5.05
2498.0 5504.43 235.09 4.27
2500.2 5484.68 143.23 2.61
2502.4 5700.96 204.24 3.58
2504.6 5765.46 225.36 3.91
2506.8 5747.58 175.35 3.05
