/*** Spectra Vista SIG Data ***/
name= \My Documents\HR1024_Data\GD4S4.
instrument= HR: 1091052
integration= 0, 0, 0, 1000, 60, 1
scan time= 0, 1
scan settings= , , AD, AI
external data set1= 0, 0, 0, 0, 0, 0, 0, 0, 0, 0, 0, 0, 0, 0, 0, 0
external data set2= 8224, 8224, 8224, 8224, 8224, 8224, 8224, 8224, 8224, 8224, 8224, 8224, 8224, 8224, 8224, 8224
external data dark= 0,0,0,0,0,0,0,0
external data mask= 0
optic= , LENS4 
temp= 0.00, 0.00, 0.00, 35.16, 8.88, -5.37
battery= 0.0, 6.0
error= 0, 0
units= Radiance, Radiance
time= , 2/3/08 10:08:54 AM
longitude= , 
latitude= , 
gpstime= , 
comm= 
memory slot= 2, 0
factors= 
data= 
346.4 1.00 71.34 7134.40
347.9 1.00 67.77 6777.00
349.5 1.00 74.26 7425.60
351.1 1.00 73.01 7300.80
352.6 1.00 72.74 7273.75
354.2 1.00 79.85 7984.90
355.7 1.00 80.15 8014.65
357.3 1.00 83.91 8391.35
358.8 1.00 83.88 8388.00
360.4 1.00 86.53 8653.05
361.9 1.00 84.97 8497.30
363.5 1.00 89.33 8933.25
365.1 1.00 88.07 8807.45
366.6 1.00 84.93 8493.15
368.2 1.00 85.95 8595.20
369.7 1.00 84.89 8489.00
371.3 1.00 86.92 8692.20
372.8 1.00 86.98 8698.40
374.4 1.00 91.45 9144.75
375.9 1.00 90.03 9003.20
377.4 1.00 91.72 9172.05
379.0 1.00 96.75 9674.80
380.5 1.00 91.09 9109.40
382.1 1.00 89.83 8983.20
383.6 1.00 88.45 8845.20
385.2 1.00 91.85 9185.00
386.7 1.00 95.85 9584.55
388.3 1.00 95.11 9511.25
389.8 1.00 101.02 10101.60
391.3 1.00 105.27 10527.30
392.9 1.00 105.83 10583.40
394.4 1.00 114.55 11454.55
395.9 1.00 124.97 12497.20
397.5 1.00 131.78 13178.40
399.0 1.00 132.87 13287.00
400.6 1.00 134.14 13414.20
402.1 1.00 131.58 13158.00
403.6 1.00 131.86 13186.25
405.1 1.00 132.53 13253.00
406.7 1.00 137.09 13708.80
408.2 1.00 140.78 14077.80
409.7 1.00 151.42 15142.40
411.3 1.00 155.60 15560.10
412.8 1.00 162.11 16210.80
414.3 1.00 166.92 16691.95
415.8 1.00 173.50 17350.00
417.4 1.00 184.69 18469.00
418.9 1.00 192.79 19278.60
420.4 1.00 194.91 19491.35
421.9 1.00 199.41 19940.80
423.5 1.00 197.54 19754.10
425.0 1.00 204.97 20497.20
426.5 1.00 203.82 20382.00
428.0 1.00 210.18 21017.60
429.5 1.00 212.91 21290.50
431.1 1.00 220.20 22020.30
432.6 1.00 226.47 22647.05
434.1 1.00 231.77 23177.00
435.6 1.00 241.49 24148.80
437.1 1.00 248.82 24882.00
438.6 1.00 255.06 25505.70
440.1 1.00 264.07 26406.90
441.6 1.00 273.54 27354.15
443.1 1.00 284.72 28471.50
444.7 1.00 298.80 29879.70
446.2 1.00 309.01 30901.40
447.7 1.00 321.90 32189.90
449.2 1.00 331.34 33134.40
450.7 1.00 343.20 34320.00
452.2 1.00 357.24 35723.70
453.7 1.00 365.80 36579.50
455.2 1.00 382.69 38269.40
456.7 1.00 397.06 39705.60
458.2 1.00 412.41 41241.00
459.7 1.00 426.65 42665.00
461.2 1.00 443.02 44301.50
462.7 1.00 457.88 45788.20
464.2 1.00 471.77 47177.40
465.7 1.00 484.40 48439.50
467.2 1.00 497.81 49780.50
468.7 1.00 511.60 51160.00
470.2 1.00 519.61 51961.35
471.7 1.00 536.28 53627.50
473.2 1.00 556.14 55614.30
474.6 1.00 573.44 57344.40
476.1 1.00 585.97 58596.80
477.6 1.00 584.90 58490.10
479.1 1.00 590.50 59050.35
480.6 1.00 595.49 59549.00
482.1 1.00 607.36 60735.75
483.6 1.00 622.08 62207.85
485.1 1.00 638.12 63812.10
486.6 1.00 661.64 66163.60
488.0 1.00 685.75 68575.00
489.5 1.00 716.09 71609.10
491.0 1.00 747.88 74787.75
492.5 1.00 783.11 78310.80
494.0 1.00 824.69 82469.40
495.4 1.00 862.95 86295.00
496.9 1.00 910.15 91015.00
498.4 1.00 961.00 96100.15
499.9 1.00 1011.26 101126.40
501.4 1.00 1070.73 107073.20
502.8 1.00 1128.37 112837.35
504.3 1.00 1191.24 119124.00
505.8 1.00 1256.59 125658.90
507.2 1.00 1320.59 132059.30
508.7 1.00 1381.97 138196.50
510.2 1.00 1440.49 144048.90
511.6 1.00 1503.85 150385.30
513.1 1.00 1572.67 157267.00
514.6 1.00 1643.06 164305.90
516.0 1.00 1710.13 171013.05
517.5 1.00 1787.78 178778.20
519.0 1.00 1867.24 186723.85
520.5 1.00 1945.04 194504.00
521.9 1.00 2029.82 202981.50
523.4 1.00 2121.67 212166.90
524.8 1.00 2209.17 220917.30
526.3 1.00 2298.07 229806.50
527.8 1.00 2386.03 238602.60
529.2 1.00 2470.03 247002.75
530.7 1.00 2553.85 255384.50
532.1 1.00 2633.73 263373.25
533.6 1.00 2715.73 271572.90
535.0 1.00 2795.91 279590.85
536.5 1.00 2874.57 287457.30
538.0 1.00 2953.57 295356.80
539.4 1.00 3026.58 302658.20
540.9 1.00 3115.30 311530.10
542.3 1.00 3203.09 320309.00
543.8 1.00 3272.79 327278.85
545.2 1.00 3310.39 331038.80
546.6 1.00 3331.11 333110.55
548.1 1.00 3350.99 335098.50
549.5 1.00 3369.75 336975.10
551.0 1.00 3386.47 338646.75
552.4 1.00 3409.90 340989.75
553.9 1.00 3423.20 342319.60
555.3 1.00 3439.45 343944.90
556.8 1.00 3466.36 346635.90
558.2 1.00 3488.74 348873.75
559.6 1.00 3513.22 351321.50
561.1 1.00 3550.30 355030.00
562.5 1.00 3585.43 358543.35
564.0 1.00 3628.07 362806.50
565.4 1.00 3669.27 366927.15
566.8 1.00 3714.62 371462.00
568.3 1.00 3755.13 375513.00
569.7 1.00 3794.20 379420.20
571.1 1.00 3826.33 382633.20
572.6 1.00 3861.43 386143.20
574.0 1.00 3891.36 389136.00
575.4 1.00 3917.36 391736.25
576.9 1.00 3943.17 394317.00
578.3 1.00 3965.03 396503.25
579.7 1.00 3986.02 398602.40
581.1 1.00 4000.66 400066.15
582.6 1.00 4015.88 401587.60
584.0 1.00 4033.94 403393.60
585.4 1.00 4066.01 406600.80
586.8 1.00 4112.07 411206.55
588.3 1.00 4172.69 417268.80
589.7 1.00 4218.08 421808.40
591.1 1.00 4243.03 424303.10
592.5 1.00 4248.98 424897.50
594.0 1.00 4243.31 424330.80
595.4 1.00 4234.87 423486.80
596.8 1.00 4217.50 421749.90
598.2 1.00 4209.03 420902.80
599.6 1.00 4200.03 420003.00
601.0 1.00 4198.14 419814.15
602.4 1.00 4193.32 419332.00
603.9 1.00 4197.41 419740.75
605.3 1.00 4194.61 419460.65
606.7 1.00 4186.08 418608.00
608.1 1.00 4188.48 418847.50
609.5 1.00 4196.31 419631.00
610.9 1.00 4203.89 420389.45
612.3 1.00 4207.10 420710.40
613.7 1.00 4220.70 422070.40
615.1 1.00 4212.00 421200.00
616.5 1.00 4206.71 420670.50
617.9 1.00 4227.07 422707.45
619.3 1.00 4256.78 425678.10
620.7 1.00 4303.98 430397.50
622.1 1.00 4312.86 431285.75
623.5 1.00 4317.92 431791.50
624.9 1.00 4355.98 435597.75
626.3 1.00 4384.29 438429.15
627.7 1.00 4346.97 434697.30
629.1 1.00 4324.36 432436.20
630.5 1.00 4321.10 432109.50
631.9 1.00 4325.72 432572.20
633.3 1.00 4323.75 432374.70
634.7 1.00 4333.85 433384.90
636.1 1.00 4301.83 430182.80
637.5 1.00 4257.20 425719.80
638.9 1.00 4206.31 420631.00
640.2 1.00 4140.58 414057.80
641.6 1.00 4064.58 406458.00
643.0 1.00 3997.29 399728.70
644.4 1.00 3949.36 394935.50
645.8 1.00 3915.24 391524.45
647.2 1.00 3914.95 391495.00
648.5 1.00 3914.98 391497.75
649.9 1.00 3904.41 390440.70
651.3 1.00 3909.15 390915.00
652.7 1.00 3899.46 389946.00
654.1 1.00 3773.64 377364.00
655.5 1.00 3607.32 360732.35
656.8 1.00 3452.18 345218.15
658.2 1.00 3351.63 335162.70
659.6 1.00 3278.30 327830.25
660.9 1.00 3204.93 320492.90
662.3 1.00 3124.32 312432.00
663.7 1.00 3044.58 304458.00
665.0 1.00 2972.14 297214.40
666.4 1.00 2908.76 290875.90
667.8 1.00 2858.51 285850.50
669.1 1.00 2814.33 281432.90
670.5 1.00 2789.24 278923.80
671.9 1.00 2763.38 276338.40
673.2 1.00 2762.39 276238.60
674.6 1.00 2777.54 277753.80
676.0 1.00 2808.24 280823.75
677.3 1.00 2857.16 285716.10
678.7 1.00 2924.85 292485.00
680.0 1.00 3028.84 302883.50
681.4 1.00 3170.14 317013.80
682.8 1.00 3350.17 335016.50
684.1 1.00 3584.41 358441.20
685.5 1.00 3869.47 386946.65
686.8 1.00 4200.20 420020.40
688.2 1.00 4566.56 456656.20
689.5 1.00 4953.39 495339.45
690.9 1.00 5369.76 536976.00
692.2 1.00 5796.15 579615.00
693.6 1.00 6244.39 624439.20
694.9 1.00 6672.93 667293.25
696.2 1.00 7106.31 710631.00
697.6 1.00 7518.25 751825.25
698.9 1.00 7925.28 792528.00
700.3 1.00 8318.65 831865.20
701.6 1.00 8685.29 868529.45
703.0 1.00 9030.91 903091.25
704.3 1.00 9321.23 932122.75
705.6 1.00 9599.83 959983.20
707.0 1.00 9859.56 985955.95
708.3 1.00 10071.87 1007186.90
709.6 1.00 10265.65 1026565.00
711.0 1.00 10430.01 1043001.00
712.3 1.00 10586.36 1058635.50
713.6 1.00 10750.99 1075099.20
714.9 1.00 10902.00 1090200.00
716.3 1.00 11051.36 1105136.00
717.6 1.00 11211.05 1121104.60
718.9 1.00 11324.07 1132407.40
720.2 1.00 11382.01 1138201.40
721.6 1.00 11452.90 1145289.60
722.9 1.00 11511.50 1151149.80
724.2 1.00 11549.81 1154981.30
725.5 1.00 11598.01 1159800.60
726.8 1.00 11625.15 1162514.65
728.1 1.00 11665.58 1166557.50
729.5 1.00 11707.56 1170756.30
730.8 1.00 11756.47 1175646.75
732.1 1.00 11791.75 1179175.20
733.4 1.00 11838.15 1183815.20
734.7 1.00 11863.76 1186376.20
736.0 1.00 11917.35 1191734.70
737.3 1.00 11963.15 1196314.50
738.6 1.00 12037.47 1203747.45
739.9 1.00 12157.18 1215717.60
741.2 1.00 12230.95 1223094.60
742.5 1.00 12360.72 1236072.20
743.8 1.00 12549.65 1254965.25
745.1 1.00 12814.46 1281446.40
746.4 1.00 13094.17 1309417.20
747.7 1.00 13380.50 1338049.80
749.0 1.00 13663.94 1366393.70
750.3 1.00 13814.78 1381478.00
751.6 1.00 13820.52 1382052.10
752.9 1.00 13732.95 1373295.00
754.2 1.00 13623.48 1362347.70
755.4 1.00 13504.66 1350466.35
756.7 1.00 13497.30 1349729.95
758.0 1.00 13550.40 1355040.40
759.3 1.00 13684.57 1368456.70
760.6 1.00 13860.62 1386061.60
761.9 1.00 14016.28 1401628.00
763.1 1.00 14115.92 1411591.95
764.4 1.00 14230.63 1423062.90
765.7 1.00 14319.50 1431950.00
767.0 1.00 14391.63 1439163.45
768.2 1.00 14466.14 1446614.40
769.5 1.00 14533.94 1453394.40
770.8 1.00 14618.84 1461883.85
772.0 1.00 14656.45 1465644.80
773.3 1.00 14725.09 1472509.35
774.6 1.00 14792.83 1479283.00
775.8 1.00 14831.90 1483189.50
777.1 1.00 14866.25 1486625.40
778.4 1.00 14849.65 1484965.30
779.6 1.00 14867.98 1486797.60
780.9 1.00 14870.40 1487040.00
782.1 1.00 14847.52 1484752.05
783.4 1.00 14867.01 1486700.80
784.6 1.00 14902.10 1490210.40
785.9 1.00 15037.34 1503733.60
787.1 1.00 15258.89 1525889.05
788.4 1.00 15375.77 1537577.10
789.6 1.00 15321.95 1532194.85
790.9 1.00 15167.39 1516738.50
792.1 1.00 15031.38 1503137.60
793.4 1.00 14890.30 1489029.75
794.6 1.00 14787.52 1478751.60
795.8 1.00 14710.56 1471056.30
797.1 1.00 14624.45 1462444.50
798.3 1.00 14583.53 1458352.50
799.5 1.00 14538.93 1453893.30
800.8 1.00 14512.02 1451201.70
802.0 1.00 14475.75 1447575.20
803.2 1.00 14416.99 1441699.20
804.5 1.00 14379.74 1437974.10
805.7 1.00 14338.13 1433813.40
806.9 1.00 14295.38 1429538.00
808.1 1.00 14282.18 1428218.40
809.4 1.00 14264.99 1426499.25
810.6 1.00 14244.23 1424423.00
811.8 1.00 14243.34 1424333.75
813.0 1.00 14266.66 1426666.30
814.2 1.00 14286.20 1428619.50
815.4 1.00 14316.37 1431637.40
816.6 1.00 14337.57 1433757.00
817.9 1.00 14341.29 1434128.80
819.1 1.00 14314.87 1431486.60
820.3 1.00 14274.68 1427467.80
821.5 1.00 14247.82 1424781.60
822.7 1.00 14232.91 1423291.40
823.9 1.00 14219.55 1421954.60
825.1 1.00 14214.33 1421433.30
826.3 1.00 14211.67 1421166.55
827.5 1.00 14220.03 1422003.25
828.7 1.00 14208.96 1420896.00
829.9 1.00 14217.73 1421773.15
831.0 1.00 14243.58 1424358.10
832.2 1.00 14279.83 1427982.70
833.4 1.00 14292.48 1429248.00
834.6 1.00 14326.88 1432687.50
835.8 1.00 14347.94 1434793.50
837.0 1.00 14413.11 1441310.60
838.1 1.00 14469.84 1446984.30
839.3 1.00 14515.52 1451552.20
840.5 1.00 14562.23 1456223.40
841.7 1.00 14641.34 1464134.40
842.9 1.00 14731.55 1473155.45
844.0 1.00 14788.66 1478866.40
845.2 1.00 14855.59 1485559.20
846.4 1.00 14899.02 1489901.70
847.5 1.00 14995.86 1499585.50
848.7 1.00 15072.88 1507287.60
849.9 1.00 15119.45 1511945.45
851.0 1.00 15136.17 1513617.10
852.2 1.00 15157.33 1515732.60
853.3 1.00 15161.69 1516169.45
854.5 1.00 15167.54 1516753.50
855.6 1.00 15184.75 1518474.60
856.8 1.00 15213.20 1521319.80
857.9 1.00 15222.09 1522209.15
859.1 1.00 15270.60 1527060.00
860.2 1.00 15288.03 1528803.20
861.4 1.00 15307.47 1530747.00
862.5 1.00 15344.31 1534431.15
863.7 1.00 15378.03 1537803.00
864.8 1.00 15400.07 1540007.00
865.9 1.00 15400.49 1540049.40
867.1 1.00 15413.72 1541372.25
868.2 1.00 15437.33 1543733.10
869.3 1.00 15439.16 1543916.20
870.5 1.00 15413.64 1541363.75
871.6 1.00 15436.70 1543670.25
872.7 1.00 15479.12 1547911.75
873.9 1.00 15469.45 1546945.20
875.0 1.00 15458.77 1545877.25
876.1 1.00 15455.84 1545583.65
877.2 1.00 15464.49 1546448.80
878.3 1.00 15452.10 1545210.00
879.4 1.00 15457.34 1545734.35
880.5 1.00 15475.32 1547532.00
881.7 1.00 15470.26 1547026.00
882.8 1.00 15467.37 1546737.10
883.9 1.00 15444.73 1544472.70
885.0 1.00 15416.86 1541685.60
886.1 1.00 15364.65 1536464.70
887.2 1.00 15269.59 1526959.20
888.3 1.00 15226.10 1522610.10
889.4 1.00 15155.39 1515538.90
890.5 1.00 15110.39 1511039.00
891.6 1.00 15082.01 1508201.10
892.7 1.00 15067.71 1506770.65
893.8 1.00 15077.47 1507746.60
894.9 1.00 15077.28 1507728.20
896.0 1.00 15043.76 1504375.80
897.0 1.00 15037.90 1503789.60
898.1 1.00 15027.18 1502717.50
899.2 1.00 15011.25 1501124.80
900.3 1.00 14975.17 1497517.20
901.4 1.00 14923.73 1492373.25
902.4 1.00 14920.93 1492093.20
903.5 1.00 14883.04 1488304.05
904.6 1.00 14878.82 1487882.40
905.7 1.00 14841.55 1484154.60
906.7 1.00 14812.85 1481284.90
907.8 1.00 14804.49 1480449.10
908.9 1.00 14758.94 1475893.90
909.9 1.00 14723.80 1472380.25
911.0 1.00 14683.79 1468378.90
912.1 1.00 14612.84 1461284.30
913.1 1.00 14580.90 1458090.40
914.2 1.00 14535.85 1453584.55
915.2 1.00 14511.47 1451147.40
916.3 1.00 14469.99 1446999.00
917.3 1.00 14414.25 1441424.70
918.4 1.00 14354.89 1435489.00
919.4 1.00 14299.36 1429936.15
920.5 1.00 14255.40 1425540.00
921.5 1.00 14218.18 1421817.60
922.6 1.00 14134.62 1413461.50
923.6 1.00 14128.98 1412898.30
924.7 1.00 14082.50 1408250.00
925.7 1.00 14022.43 1402243.20
926.7 1.00 13995.53 1399552.60
927.8 1.00 13948.43 1394843.45
928.8 1.00 13904.69 1390469.40
929.9 1.00 13909.67 1390967.20
930.9 1.00 13906.52 1390651.50
931.9 1.00 13933.57 1393356.65
932.9 1.00 13963.65 1396365.30
934.0 1.00 13903.99 1390398.55
935.0 1.00 13860.93 1386093.30
936.0 1.00 13797.06 1379705.60
937.0 1.00 13722.07 1372207.20
938.1 1.00 13648.36 1364835.70
939.1 1.00 13603.81 1360381.00
940.1 1.00 13562.81 1356280.80
941.1 1.00 13574.58 1357457.85
942.1 1.00 13584.78 1358478.25
943.1 1.00 13572.81 1357281.15
944.1 1.00 13608.38 1360837.80
945.2 1.00 13543.40 1354340.40
946.2 1.00 13469.54 1346954.25
947.2 1.00 13436.53 1343652.50
948.2 1.00 13404.42 1340441.55
949.2 1.00 13356.69 1335668.75
950.2 1.00 13288.49 1328849.00
951.2 1.00 13226.14 1322613.60
952.2 1.00 13147.39 1314738.75
953.2 1.00 13140.17 1314017.25
954.2 1.00 13073.04 1307304.00
955.2 1.00 13021.26 1302125.50
956.2 1.00 12956.08 1295607.80
957.2 1.00 12906.11 1290610.60
958.2 1.00 12860.09 1286009.45
959.2 1.00 12840.48 1284048.00
960.1 1.00 12826.27 1282627.20
961.1 1.00 12829.33 1282932.75
962.1 1.00 12807.19 1280718.75
963.1 1.00 12791.64 1279164.10
964.1 1.00 12823.97 1282397.15
965.1 1.00 12852.28 1285227.50
966.1 1.00 12802.86 1280286.30
967.0 1.00 12850.10 1285009.60
968.0 1.00 12850.83 1285083.25
969.0 1.00 12865.68 1286568.00
970.0 1.00 12877.10 1287709.65
971.0 1.00 12882.64 1288263.90
971.9 1.00 12932.94 1293294.30
972.9 1.00 12957.61 1295761.25
973.9 1.00 12991.55 1299155.00
974.9 1.00 12943.76 1294375.95
975.8 1.00 12993.51 1299350.85
976.8 1.00 12964.92 1296491.95
977.8 1.00 13036.09 1303608.90
978.8 1.00 13088.82 1308882.00
979.7 1.00 13105.86 1310585.80
980.7 1.00 13201.98 1320198.00
981.7 1.00 13312.81 1331281.05
982.6 1.00 13413.99 1341399.40
983.6 1.00 13656.64 1365664.30
984.6 1.00 13766.07 1376607.00
985.5 1.00 14040.79 1404079.20
986.5 1.00 14196.48 1419648.20
987.5 1.00 14591.48 1459147.60
988.4 1.00 14895.32 1489532.00
989.4 1.00 15155.27 1515527.25
990.4 1.00 15472.82 1547282.00
991.3 1.00 15781.12 1578112.35
992.3 1.00 16276.62 1627662.40
993.2 1.00 16470.59 1647059.30
994.2 1.00 16850.63 1685063.25
995.2 1.00 17289.94 1728994.05
996.1 1.00 16809.79 1680978.75
997.1 1.00 16937.18 1693718.00
998.0 1.00 17198.52 1719852.00
999.0 1.00 16549.03 1654902.85
1000.0 1.00 16950.68 1695067.80
1000.9 1.00 16447.88 1644788.20
1001.9 1.00 16541.75 1654174.80
1002.8 1.00 16976.59 1697658.55
1003.8 1.00 16496.39 1649639.25
1004.8 1.00 16702.78 1670277.60
961.5 1.00 13632.02 1363202.10
965.5 1.00 13732.66 1373265.60
969.5 1.00 13791.23 1379123.00
973.4 1.00 13478.32 1347832.20
977.4 1.00 13083.12 1308311.90
981.4 1.00 12970.82 1297081.80
985.3 1.00 12941.54 1294154.40
989.3 1.00 12980.98 1298098.20
993.3 1.00 13019.99 1301998.50
997.2 1.00 13011.19 1301119.40
1001.2 1.00 13056.55 1305655.00
1005.2 1.00 13186.19 1318619.10
1009.1 1.00 13353.94 1335393.80
1013.1 1.00 13550.30 1355029.50
1017.1 1.00 13724.09 1372409.40
1021.0 1.00 13860.50 1386050.40
1025.0 1.00 13994.96 1399495.50
1029.0 1.00 14062.76 1406275.50
1032.9 1.00 14167.14 1416714.00
1036.9 1.00 14322.96 1432296.00
1040.9 1.00 14489.69 1448968.50
1044.8 1.00 14677.37 1467736.60
1048.8 1.00 14844.06 1484406.40
1052.7 1.00 14970.59 1497059.20
1056.7 1.00 15070.08 1507007.60
1060.7 1.00 15141.92 1514192.00
1064.6 1.00 15192.51 1519251.40
1068.6 1.00 15195.79 1519578.90
1072.5 1.00 15171.46 1517146.40
1076.5 1.00 15158.95 1515895.40
1080.4 1.00 15119.37 1511937.00
1084.4 1.00 15073.97 1507396.80
1088.3 1.00 15048.44 1504843.90
1092.3 1.00 14951.26 1495125.60
1096.2 1.00 14833.97 1483396.50
1100.2 1.00 14723.58 1472358.30
1104.1 1.00 14562.36 1456235.80
1108.1 1.00 14438.02 1443802.40
1112.0 1.00 14285.84 1428583.50
1116.0 1.00 14087.65 1408764.50
1119.9 1.00 13847.84 1384784.40
1123.9 1.00 13643.78 1364378.40
1127.8 1.00 13328.64 1332864.00
1131.8 1.00 12889.23 1288923.00
1135.7 1.00 12382.02 1238201.70
1139.6 1.00 11827.92 1182792.00
1143.6 1.00 11296.46 1129646.40
1147.5 1.00 10847.57 1084756.50
1151.4 1.00 10483.58 1048357.50
1155.4 1.00 10267.79 1026778.70
1159.3 1.00 10126.26 1012626.00
1163.2 1.00 9990.60 999059.60
1167.2 1.00 9929.70 992970.00
1171.1 1.00 9872.90 987289.60
1175.0 1.00 9810.78 981078.00
1179.0 1.00 9767.39 976739.40
1182.9 1.00 9746.12 974611.80
1186.8 1.00 9719.67 971966.50
1190.7 1.00 9638.89 963888.90
1194.7 1.00 9554.80 955479.60
1198.6 1.00 9511.43 951142.50
1202.5 1.00 9481.23 948123.00
1206.4 1.00 9475.13 947512.80
1210.3 1.00 9492.18 949218.40
1214.2 1.00 9507.86 950786.40
1218.2 1.00 9541.23 954123.30
1222.1 1.00 9589.20 958920.00
1226.0 1.00 9632.84 963283.60
1229.9 1.00 9664.02 966402.00
1233.8 1.00 9693.58 969357.60
1237.7 1.00 9723.99 972398.60
1241.6 1.00 9753.75 975375.10
1245.5 1.00 9757.83 975783.00
1249.4 1.00 9760.71 976070.50
1253.3 1.00 9770.98 977097.90
1257.2 1.00 9782.53 978253.20
1261.1 1.00 9783.18 978318.00
1265.0 1.00 9762.89 976289.00
1268.9 1.00 9705.83 970582.70
1272.8 1.00 9695.70 969570.00
1276.7 1.00 9710.55 971055.20
1280.6 1.00 9681.43 968143.00
1284.5 1.00 9604.94 960493.80
1288.4 1.00 9531.13 953113.20
1292.3 1.00 9416.00 941600.00
1296.2 1.00 9276.45 927645.20
1300.1 1.00 9118.59 911859.00
1303.9 1.00 8917.48 891748.20
1307.8 1.00 8709.13 870912.90
1311.7 1.00 8490.71 849070.70
1315.6 1.00 8256.12 825612.00
1319.5 1.00 8009.12 800911.50
1323.3 1.00 7753.48 775348.20
1327.2 1.00 7496.50 749649.80
1331.1 1.00 7234.87 723487.20
1335.0 1.00 6979.95 697995.20
1338.8 1.00 6747.88 674788.40
1342.7 1.00 6535.03 653502.50
1346.5 1.00 6311.33 631132.50
1350.4 1.00 6108.30 610830.00
1354.3 1.00 5894.71 589471.20
1358.1 1.00 5684.82 568482.10
1362.0 1.00 5501.13 550113.20
1365.8 1.00 5337.88 533787.90
1369.7 1.00 5161.90 516190.00
1373.5 1.00 4897.91 489791.40
1377.4 1.00 4577.03 457703.00
1381.2 1.00 4223.89 422389.00
1385.1 1.00 3852.62 385261.50
1389.0 1.00 3476.84 347683.60
1392.8 1.00 3129.71 312971.40
1396.6 1.00 2816.48 281648.40
1400.5 1.00 2545.08 254507.50
1404.3 1.00 2346.02 234602.40
1408.2 1.00 2182.91 218290.50
1412.0 1.00 2048.77 204876.80
1415.8 1.00 1962.11 196211.40
1419.6 1.00 1888.87 188886.60
1423.5 1.00 1832.19 183219.00
1427.3 1.00 1788.57 178857.00
1431.1 1.00 1757.70 175770.00
1434.9 1.00 1727.66 172765.50
1438.8 1.00 1708.47 170847.00
1442.6 1.00 1701.00 170099.60
1446.4 1.00 1684.96 168495.50
1450.2 1.00 1684.43 168443.40
1454.0 1.00 1680.36 168036.00
1457.8 1.00 1675.20 167520.10
1461.6 1.00 1689.53 168953.40
1465.4 1.00 1710.03 171002.70
1469.2 1.00 1724.45 172445.00
1473.0 1.00 1751.01 175101.30
1476.8 1.00 1790.51 179050.80
1480.7 1.00 1832.32 183231.60
1484.4 1.00 1881.00 188100.00
1488.2 1.00 1938.00 193800.00
1492.0 1.00 1994.30 199429.80
1495.8 1.00 2042.95 204295.00
1499.6 1.00 2092.12 209212.20
1503.4 1.00 2130.13 213012.80
1507.2 1.00 2152.49 215249.30
1510.9 1.00 2183.68 218367.60
1514.7 1.00 2214.64 221464.20
1518.5 1.00 2254.69 225469.20
1522.3 1.00 2295.56 229556.10
1526.0 1.00 2335.76 233576.10
1529.8 1.00 2390.15 239014.90
1533.6 1.00 2437.80 243780.00
1537.3 1.00 2492.24 249223.80
1541.1 1.00 2556.79 255679.20
1544.8 1.00 2604.00 260400.00
1548.6 1.00 2642.00 264199.60
1552.4 1.00 2685.29 268528.70
1556.1 1.00 2718.48 271848.00
1559.9 1.00 2743.52 274352.40
1563.6 1.00 2783.19 278318.50
1567.3 1.00 2834.54 283454.00
1571.1 1.00 2865.60 286560.00
1574.8 1.00 2895.43 289543.10
1578.6 1.00 2939.63 293962.80
1582.3 1.00 2971.92 297191.60
1586.0 1.00 2997.40 299739.60
1589.8 1.00 3019.53 301953.00
1593.5 1.00 3033.73 303372.60
1597.2 1.00 3056.47 305647.30
1600.9 1.00 3075.84 307584.00
1604.7 1.00 3095.06 309506.40
1608.4 1.00 3118.18 311817.60
1612.1 1.00 3140.72 314072.10
1615.8 1.00 3156.67 315667.20
1619.5 1.00 3178.79 317879.00
1623.2 1.00 3184.07 318406.60
1626.9 1.00 3189.77 318977.40
1630.6 1.00 3208.92 320892.00
1634.3 1.00 3213.52 321352.20
1638.0 1.00 3209.04 320904.10
1641.7 1.00 3213.88 321387.60
1645.4 1.00 3207.96 320796.00
1649.1 1.00 3197.68 319768.30
1652.8 1.00 3189.70 318969.60
1656.4 1.00 3175.55 317554.50
1660.1 1.00 3160.36 316035.60
1663.8 1.00 3144.94 314494.40
1667.5 1.00 3132.59 313259.10
1671.1 1.00 3113.89 311388.80
1674.8 1.00 3091.23 309122.50
1678.5 1.00 3075.49 307549.20
1682.1 1.00 3071.39 307139.20
1685.8 1.00 3056.55 305654.70
1689.5 1.00 3027.00 302700.30
1693.1 1.00 2998.05 299805.00
1696.8 1.00 2954.50 295450.00
1700.4 1.00 2910.80 291080.40
1704.0 1.00 2877.58 287757.60
1707.7 1.00 2827.39 282739.20
1711.3 1.00 2765.37 276537.40
1715.0 1.00 2706.61 270661.20
1718.6 1.00 2671.54 267154.00
1722.2 1.00 2631.94 263194.40
1725.9 1.00 2574.67 257467.10
1729.5 1.00 2536.22 253622.00
1733.1 1.00 2516.55 251655.10
1736.7 1.00 2497.36 249735.90
1740.3 1.00 2462.06 246206.00
1744.0 1.00 2441.52 244152.40
1747.5 1.00 2410.13 241012.80
1751.2 1.00 2350.78 235077.60
1754.8 1.00 2306.30 230629.50
1758.4 1.00 2274.34 227433.60
1762.0 1.00 2226.55 222654.80
1765.5 1.00 2197.88 219788.00
1769.1 1.00 2188.80 218880.00
1772.7 1.00 2166.80 216679.50
1776.3 1.00 2143.68 214368.00
1779.9 1.00 2120.98 212098.00
1783.5 1.00 2105.52 210552.00
1787.0 1.00 2089.16 208916.40
1790.6 1.00 2076.60 207659.70
1794.2 1.00 2072.81 207281.20
1797.8 1.00 2060.50 206049.80
1801.3 1.00 2048.24 204824.40
1804.9 1.00 2034.38 203437.50
1808.4 1.00 2039.12 203911.60
1812.0 1.00 2033.54 203353.50
1815.5 1.00 2015.50 201550.00
1819.1 1.00 2003.61 200361.00
1822.6 1.00 1985.57 198556.80
1826.2 1.00 1972.99 197299.20
1829.7 1.00 1954.30 195430.20
1833.2 1.00 1920.11 192011.40
1836.8 1.00 1888.71 188870.50
1840.3 1.00 1869.17 186916.50
1843.8 1.00 1848.77 184877.00
1847.3 1.00 1819.33 181932.80
1850.8 1.00 1778.11 177811.20
1854.3 1.00 1726.72 172672.00
1857.8 1.00 1679.60 167960.00
1861.3 1.00 1628.11 162810.80
1864.8 1.00 1519.54 151953.80
1868.3 1.00 1402.90 140289.50
1871.8 1.00 1297.92 129792.00
1875.3 1.00 1183.46 118345.50
1878.8 1.00 1067.29 106729.20
1882.3 1.00 955.63 95562.60
1885.8 1.00 851.29 85128.60
1889.3 1.00 759.03 75903.10
1892.7 1.00 699.47 69946.60
1896.2 1.00 665.64 66564.30
1899.7 1.00 655.32 65532.00
1903.1 1.00 685.61 68560.80
1906.6 1.00 690.02 69002.10
1910.0 1.00 771.38 77137.60
1913.5 1.00 918.75 91875.30
1917.0 1.00 1181.60 118160.00
1920.4 1.00 1479.20 147920.00
1923.8 1.00 1571.31 157130.70
1871.2 1.00 0.00 0.00
1873.9 1.00 0.00 0.00
1876.7 1.00 1198.20 119820.00
1879.5 1.00 0.00 0.00
1882.3 1.00 270.65 27065.00
1885.1 1.00 1034.40 103440.00
1887.8 1.00 0.00 0.00
1890.6 1.00 233.90 23390.00
1893.4 1.00 660.00 66000.00
1896.2 1.00 -206.30 -20630.00
1898.9 1.00 0.00 0.00
1901.7 1.00 529.05 52905.00
1904.5 1.00 -158.70 -15870.00
1907.2 1.00 0.00 0.00
1910.0 1.00 389.10 38910.00
1912.7 1.00 -120.10 -12010.00
1915.5 1.00 0.00 0.00
1918.2 1.00 429.40 42940.00
1921.0 1.00 0.00 0.00
1923.7 1.00 100.05 10005.00
1926.5 1.00 293.10 29310.00
1929.2 1.00 0.00 0.00
1932.0 1.00 94.80 9480.00
1934.7 1.00 375.20 37520.00
1937.4 1.00 0.00 0.00
1940.2 1.00 92.20 9220.00
1942.9 1.00 365.40 36540.00
1945.6 1.00 0.00 0.00
1948.3 1.00 0.00 0.00
1951.1 1.00 270.90 27090.00
1953.8 1.00 0.00 0.00
1956.5 1.00 179.70 17970.00
1959.2 1.00 358.80 35880.00
1961.9 1.00 0.00 0.00
1964.6 1.00 178.50 17850.00
1967.3 1.00 356.00 35600.00
1970.0 1.00 0.00 0.00
1972.8 1.00 176.50 17650.00
1975.5 1.00 439.00 43900.00
1978.2 1.00 87.60 8760.00
1980.9 1.00 174.90 17490.00
1983.5 1.00 436.25 43625.00
1986.2 1.00 0.00 0.00
1988.9 1.00 87.30 8730.00
1991.6 1.00 434.50 43450.00
1994.3 1.00 86.65 8665.00
1997.0 1.00 259.50 25950.00
1999.7 1.00 603.05 60305.00
2002.3 1.00 172.60 17260.00
2005.0 1.00 345.20 34520.00
2007.7 1.00 516.00 51600.00
2010.4 1.00 171.30 17130.00
2013.0 1.00 341.40 34140.00
2015.7 1.00 596.75 59675.00
2018.4 1.00 170.20 17020.00
2021.0 1.00 255.00 25500.00
2023.7 1.00 593.60 59360.00
2026.4 1.00 253.50 25350.00
2029.0 1.00 337.40 33740.00
2031.7 1.00 676.00 67600.00
2034.3 1.00 253.50 25350.00
2037.0 1.00 337.80 33780.00
2039.6 1.00 590.80 59080.00
2042.3 1.00 168.50 16850.00
2044.9 1.00 336.60 33660.00
2047.5 1.00 504.90 50490.00
2050.2 1.00 168.00 16800.00
2052.8 1.00 252.00 25200.00
2055.4 1.00 588.35 58835.00
2058.1 1.00 168.00 16800.00
2060.7 1.00 335.40 33540.00
2063.3 1.00 585.20 58520.00
2065.9 1.00 167.50 16750.00
2068.6 1.00 335.00 33500.00
2071.2 1.00 585.90 58590.00
2073.8 1.00 167.90 16790.00
2076.4 1.00 421.00 42100.00
2079.0 1.00 674.40 67440.00
2081.6 1.00 168.80 16880.00
2084.2 1.00 423.25 42325.00
2086.8 1.00 678.80 67880.00
2089.4 1.00 170.20 17020.00
2092.1 1.00 425.00 42500.00
2094.7 1.00 678.00 67800.00
2097.2 1.00 255.00 25500.00
2099.8 1.00 427.00 42700.00
2102.4 1.00 682.40 68240.00
2105.0 1.00 256.50 25650.00
2107.6 1.00 427.25 42725.00
2110.2 1.00 682.00 68200.00
2112.8 1.00 343.60 34360.00
2115.3 1.00 519.60 51960.00
2117.9 1.00 696.40 69640.00
2120.5 1.00 262.35 26235.00
2123.1 1.00 438.75 43875.00
2125.6 1.00 702.80 70280.00
2128.2 1.00 351.20 35120.00
2130.8 1.00 526.50 52650.00
2133.3 1.00 704.00 70400.00
2135.9 1.00 264.75 26475.00
2138.4 1.00 530.40 53040.00
2141.0 1.00 705.20 70520.00
2143.6 1.00 351.80 35180.00
2146.1 1.00 528.90 52890.00
2148.7 1.00 792.90 79290.00
2151.2 1.00 264.00 26400.00
2153.8 1.00 353.20 35320.00
2156.3 1.00 708.80 70880.00
2158.8 1.00 354.40 35440.00
2161.4 1.00 442.25 44225.00
2163.9 1.00 619.15 61915.00
2166.4 1.00 177.40 17740.00
2169.0 1.00 443.50 44350.00
2171.5 1.00 709.60 70960.00
2174.0 1.00 267.75 26775.00
2176.5 1.00 448.50 44850.00
2179.1 1.00 722.80 72280.00
2181.6 1.00 182.50 18250.00
2184.1 1.00 369.60 36960.00
2186.6 1.00 753.20 75320.00
2189.1 1.00 192.60 19260.00
2191.6 1.00 392.00 39200.00
2194.1 1.00 697.55 69755.00
2196.6 1.00 203.80 20380.00
2199.2 1.00 523.25 52325.00
2201.7 1.00 752.15 75215.00
2204.1 1.00 109.95 10995.00
2206.6 1.00 447.60 44760.00
2209.1 1.00 794.85 79485.00
2211.6 1.00 114.20 11420.00
2214.1 1.00 342.15 34215.00
2216.6 1.00 797.65 79765.00
2219.1 1.00 113.95 11395.00
2221.6 1.00 228.40 22840.00
2224.0 1.00 685.80 68580.00
2226.5 1.00 228.30 22830.00
2229.0 1.00 342.60 34260.00
2231.5 1.00 689.40 68940.00
2233.9 1.00 230.90 23090.00
2236.4 1.00 463.20 46320.00
2238.9 1.00 697.50 69750.00
2241.3 1.00 116.60 11660.00
2243.8 1.00 349.80 34980.00
2246.2 1.00 697.80 69780.00
2248.7 1.00 0.00 0.00
2251.2 1.00 230.60 23060.00
2253.6 1.00 691.20 69120.00
2256.1 1.00 115.20 11520.00
2258.5 1.00 345.75 34575.00
2260.9 1.00 575.25 57525.00
2263.4 1.00 115.15 11515.00
2265.8 1.00 230.80 23080.00
2268.3 1.00 577.25 57725.00
2270.7 1.00 0.00 0.00
2273.1 1.00 230.10 23010.00
2275.6 1.00 691.20 69120.00
2278.0 1.00 0.00 0.00
2280.4 1.00 230.90 23090.00
2282.8 1.00 580.75 58075.00
2285.3 1.00 0.00 0.00
2287.7 1.00 117.15 11715.00
2290.1 1.00 474.40 47440.00
2292.5 1.00 0.00 0.00
2294.9 1.00 237.10 23710.00
2297.3 1.00 593.25 59325.00
2299.7 1.00 0.00 0.00
2302.1 1.00 117.85 11785.00
2304.5 1.00 588.00 58800.00
2306.9 1.00 0.00 0.00
2309.3 1.00 235.10 23510.00
2311.7 1.00 353.25 35325.00
2314.1 1.00 0.00 0.00
2316.5 1.00 236.40 23640.00
2318.9 1.00 591.25 59125.00
2321.3 1.00 0.00 0.00
2323.7 1.00 0.00 0.00
2326.1 1.00 483.60 48360.00
2328.4 1.00 0.00 0.00
2330.8 1.00 122.70 12270.00
2333.2 1.00 494.20 49420.00
2335.6 1.00 0.00 0.00
2337.9 1.00 125.20 12520.00
2340.3 1.00 503.80 50380.00
2342.7 1.00 0.00 0.00
2345.0 1.00 0.00 0.00
2347.4 1.00 510.00 51000.00
2349.7 1.00 0.00 0.00
2352.1 1.00 128.65 12865.00
2354.4 1.00 386.85 38685.00
2356.8 1.00 0.00 0.00
2359.2 1.00 130.00 13000.00
2361.5 1.00 523.60 52360.00
2363.8 1.00 0.00 0.00
2366.2 1.00 0.00 0.00
2368.5 1.00 534.00 53400.00
2370.9 1.00 0.00 0.00
2373.2 1.00 0.00 0.00
2375.5 1.00 407.25 40725.00
2377.9 1.00 -136.75 -13675.00
2380.2 1.00 0.00 0.00
2382.5 1.00 275.70 27570.00
2384.8 1.00 0.00 0.00
2387.2 1.00 0.00 0.00
2389.5 1.00 424.95 42495.00
2391.8 1.00 0.00 0.00
2394.1 1.00 0.00 0.00
2396.4 1.00 290.30 29030.00
2398.7 1.00 -146.15 -14615.00
2401.0 1.00 0.00 0.00
2403.3 1.00 298.80 29880.00
2405.6 1.00 0.00 0.00
2407.9 1.00 0.00 0.00
2410.2 1.00 451.20 45120.00
2412.5 1.00 0.00 0.00
2414.8 1.00 0.00 0.00
2417.1 1.00 309.70 30970.00
2419.4 1.00 -156.30 -15630.00
2421.7 1.00 0.00 0.00
2424.0 1.00 475.50 47550.00
2426.2 1.00 -160.50 -16050.00
2428.5 1.00 0.00 0.00
2430.8 1.00 327.00 32700.00
2433.1 1.00 0.00 0.00
2435.4 1.00 0.00 0.00
2437.6 1.00 335.70 33570.00
2439.9 1.00 -168.45 -16845.00
2442.2 1.00 0.00 0.00
2444.4 1.00 344.60 34460.00
2446.7 1.00 0.00 0.00
2448.9 1.00 0.00 0.00
2451.2 1.00 178.80 17880.00
2453.4 1.00 -361.60 -36160.00
2455.7 1.00 0.00 0.00
2457.9 1.00 366.30 36630.00
2460.2 1.00 0.00 0.00
2462.4 1.00 0.00 0.00
2464.7 1.00 378.50 37850.00
2466.9 1.00 -192.60 -19260.00
2469.2 1.00 0.00 0.00
2471.4 1.00 393.90 39390.00
2473.6 1.00 -200.85 -20085.00
2475.9 1.00 0.00 0.00
2478.1 1.00 614.85 61485.00
2480.3 1.00 -208.85 -20885.00
2482.5 1.00 0.00 0.00
2484.8 1.00 218.45 21845.00
2487.0 1.00 -444.40 -44440.00
2489.2 1.00 0.00 0.00
2491.4 1.00 461.10 46110.00
2493.6 1.00 -235.15 -23515.00
2495.8 1.00 0.00 0.00
2498.0 1.00 486.40 48640.00
2500.2 1.00 -505.50 -50550.00
2502.4 1.00 0.00 0.00
2504.6 1.00 281.70 28170.00
2506.8 1.00 0.00 0.00
