/*** Spectra Vista SIG Data ***/
name= \My Documents\HR1024_Data\GD4S5.
instrument= HR: 1091052
integration= 0, 0, 0, 1000, 60, 1
scan time= 0, 1
scan settings= , , AD, AI
external data set1= 0, 0, 0, 0, 0, 0, 0, 0, 0, 0, 0, 0, 0, 0, 0, 0
external data set2= 8224, 8224, 8224, 8224, 8224, 8224, 8224, 8224, 8224, 8224, 8224, 8224, 8224, 8224, 8224, 8224
external data dark= 0,0,0,0,0,0,0,0
external data mask= 0
optic= , LENS4 
temp= 0.00, 0.00, 0.00, 35.16, 8.88, -5.37
battery= 0.0, 6.0
error= 0, 0
units= Radiance, Radiance
time= , 2/3/08 10:09:19 AM
longitude= , 
latitude= , 
gpstime= , 
comm= 
memory slot= 2, 0
factors= 
data= 
346.4 1.00 68.80 6879.60
347.9 1.00 71.54 7153.50
349.5 1.00 74.26 7425.60
351.1 1.00 71.14 7113.60
352.6 1.00 70.21 7020.75
354.2 1.00 73.30 7330.40
355.7 1.00 75.43 7543.20
357.3 1.00 80.45 8044.60
358.8 1.00 83.18 8318.10
360.4 1.00 84.42 8442.00
361.9 1.00 82.88 8288.35
363.5 1.00 81.72 8171.50
365.1 1.00 81.83 8183.30
366.6 1.00 87.00 8700.30
368.2 1.00 87.97 8796.65
369.7 1.00 86.85 8684.90
371.3 1.00 86.92 8692.20
372.8 1.00 90.97 9096.80
374.4 1.00 87.44 8744.25
375.9 1.00 88.71 8870.80
377.4 1.00 88.47 8846.80
379.0 1.00 92.93 9292.90
380.5 1.00 91.71 9170.95
382.1 1.00 89.24 8924.10
383.6 1.00 95.26 9525.60
385.2 1.00 89.65 8965.00
386.7 1.00 91.51 9151.35
388.3 1.00 97.29 9728.65
389.8 1.00 101.57 10156.50
391.3 1.00 104.72 10471.60
392.9 1.00 107.54 10754.10
394.4 1.00 118.11 11810.65
395.9 1.00 123.09 12308.80
397.5 1.00 132.43 13243.00
399.0 1.00 131.02 13101.60
400.6 1.00 135.84 13584.00
402.1 1.00 132.61 13261.20
403.6 1.00 131.86 13186.25
405.1 1.00 132.53 13253.00
406.7 1.00 139.33 13932.80
408.2 1.00 139.89 13988.70
409.7 1.00 146.05 14604.80
411.3 1.00 156.98 15697.80
412.8 1.00 162.11 16210.80
414.3 1.00 168.88 16887.75
415.8 1.00 177.00 17700.00
417.4 1.00 182.16 18216.00
418.9 1.00 189.75 18975.00
420.4 1.00 193.92 19391.65
421.9 1.00 199.89 19989.20
423.5 1.00 201.74 20174.40
425.0 1.00 202.28 20227.50
426.5 1.00 208.12 20812.00
428.0 1.00 208.53 20853.40
429.5 1.00 214.09 21409.00
431.1 1.00 220.20 22020.30
432.6 1.00 226.86 22685.50
434.1 1.00 236.39 23639.00
435.6 1.00 243.81 24381.00
437.1 1.00 249.99 24999.00
438.6 1.00 256.24 25623.60
440.1 1.00 266.05 26605.15
441.6 1.00 274.34 27434.25
443.1 1.00 287.15 28714.50
444.7 1.00 297.15 29715.30
446.2 1.00 308.59 30859.30
447.7 1.00 321.47 32146.75
449.2 1.00 337.39 33739.20
450.7 1.00 345.28 34528.00
452.2 1.00 357.24 35723.70
453.7 1.00 367.29 36728.50
455.2 1.00 383.41 38341.20
456.7 1.00 395.65 39564.80
458.2 1.00 413.46 41345.85
459.7 1.00 429.45 42945.00
461.2 1.00 444.07 44407.40
462.7 1.00 458.60 45859.80
464.2 1.00 473.24 47323.80
465.7 1.00 486.65 48664.80
467.2 1.00 498.96 49896.00
468.7 1.00 508.80 50880.00
470.2 1.00 520.91 52090.50
471.7 1.00 533.90 53390.00
473.2 1.00 553.66 55365.80
474.6 1.00 574.85 57484.95
476.1 1.00 582.58 58257.60
477.6 1.00 588.03 58803.30
479.1 1.00 591.25 59125.05
480.6 1.00 596.21 59621.40
482.1 1.00 612.29 61229.25
483.6 1.00 624.48 62448.30
485.1 1.00 642.48 64248.25
486.6 1.00 664.60 66460.15
488.0 1.00 687.38 68737.50
489.5 1.00 717.06 71706.00
491.0 1.00 749.81 74981.25
492.5 1.00 783.76 78375.60
494.0 1.00 825.68 82567.50
495.4 1.00 863.61 86361.00
496.9 1.00 913.16 91315.60
498.4 1.00 962.36 96235.55
499.9 1.00 1012.98 101298.15
501.4 1.00 1070.03 107003.40
502.8 1.00 1130.15 113014.60
504.3 1.00 1190.16 119016.00
505.8 1.00 1258.05 125805.10
507.2 1.00 1318.75 131874.55
508.7 1.00 1380.47 138047.30
510.2 1.00 1442.75 144274.80
511.6 1.00 1501.21 150121.40
513.1 1.00 1569.30 156930.40
514.6 1.00 1640.49 164049.00
516.0 1.00 1708.70 170870.45
517.5 1.00 1785.36 178536.00
519.0 1.00 1867.58 186757.50
520.5 1.00 1947.01 194700.80
521.9 1.00 2032.40 203239.50
523.4 1.00 2122.63 212262.60
524.8 1.00 2206.95 220695.40
526.3 1.00 2299.97 229997.00
527.8 1.00 2388.26 238826.25
529.2 1.00 2470.67 247067.25
530.7 1.00 2556.79 255679.25
532.1 1.00 2632.74 263273.50
533.6 1.00 2717.76 271776.30
535.0 1.00 2799.72 279972.00
536.5 1.00 2881.68 288168.30
538.0 1.00 2956.88 295688.00
539.4 1.00 3029.65 302965.00
540.9 1.00 3117.70 311769.80
542.3 1.00 3204.31 320431.10
543.8 1.00 3277.63 327763.05
545.2 1.00 3319.45 331945.00
546.6 1.00 3337.66 333765.90
548.1 1.00 3357.82 335781.60
549.5 1.00 3374.99 337499.40
551.0 1.00 3396.07 339607.45
552.4 1.00 3416.46 341645.85
553.9 1.00 3430.36 343035.60
555.3 1.00 3448.58 344857.50
556.8 1.00 3474.97 347497.15
558.2 1.00 3497.85 349785.00
559.6 1.00 3526.10 352610.45
561.1 1.00 3559.08 355907.50
562.5 1.00 3595.37 359536.90
564.0 1.00 3642.96 364296.40
565.4 1.00 3679.96 367996.45
566.8 1.00 3724.67 372466.80
568.3 1.00 3765.19 376519.40
569.7 1.00 3806.23 380622.90
571.1 1.00 3839.11 383911.20
572.6 1.00 3871.15 387115.20
574.0 1.00 3904.23 390423.00
575.4 1.00 3929.85 392985.00
576.9 1.00 3955.99 395599.05
578.3 1.00 3975.04 397504.25
579.7 1.00 3999.75 399975.10
581.1 1.00 4013.80 401380.25
582.6 1.00 4031.25 403124.70
584.0 1.00 4046.23 404623.20
585.4 1.00 4075.77 407576.50
586.8 1.00 4127.23 412722.90
588.3 1.00 4184.39 418438.80
589.7 1.00 4235.87 423586.80
591.1 1.00 4260.11 426010.65
592.5 1.00 4263.46 426345.50
594.0 1.00 4258.85 425884.80
595.4 1.00 4248.38 424838.40
596.8 1.00 4239.81 423980.70
598.2 1.00 4228.02 422801.80
599.6 1.00 4214.11 421410.60
601.0 1.00 4209.90 420990.10
602.4 1.00 4208.33 420833.00
603.9 1.00 4210.06 421006.30
605.3 1.00 4213.18 421318.15
606.7 1.00 4200.84 420084.00
608.1 1.00 4203.90 420389.70
609.5 1.00 4210.01 421001.00
610.9 1.00 4218.03 421802.75
612.3 1.00 4223.37 422337.20
613.7 1.00 4235.79 423579.20
615.1 1.00 4227.23 422722.80
616.5 1.00 4221.47 422147.10
617.9 1.00 4242.78 424277.90
619.3 1.00 4268.66 426865.80
620.7 1.00 4320.13 432012.50
622.1 1.00 4328.49 432848.50
623.5 1.00 4338.13 433812.80
624.9 1.00 4371.05 437104.50
626.3 1.00 4402.02 440202.45
627.7 1.00 4363.09 436308.60
629.1 1.00 4337.53 433752.90
630.5 1.00 4338.57 433857.45
631.9 1.00 4345.20 434520.35
633.3 1.00 4342.71 434271.45
634.7 1.00 4346.70 434670.40
636.1 1.00 4316.69 431668.60
637.5 1.00 4273.68 427368.15
638.9 1.00 4222.20 422220.00
640.2 1.00 4158.12 415811.50
641.6 1.00 4082.83 408283.20
643.0 1.00 4012.44 401243.90
644.4 1.00 3964.68 396468.30
645.8 1.00 3928.33 392832.60
647.2 1.00 3927.79 392779.40
648.5 1.00 3925.03 392502.75
649.9 1.00 3915.05 391505.40
651.3 1.00 3921.90 392190.00
652.7 1.00 3913.74 391374.00
654.1 1.00 3782.00 378200.40
655.5 1.00 3618.62 361861.55
656.8 1.00 3459.84 345984.00
658.2 1.00 3357.34 335734.05
659.6 1.00 3280.91 328090.95
660.9 1.00 3206.22 320621.75
662.3 1.00 3124.32 312432.00
663.7 1.00 3046.68 304668.00
665.0 1.00 2969.23 296922.85
666.4 1.00 2903.39 290339.00
667.8 1.00 2854.81 285480.60
669.1 1.00 2802.06 280205.90
670.5 1.00 2777.39 277739.15
671.9 1.00 2749.51 274951.20
673.2 1.00 2742.35 274234.50
674.6 1.00 2753.70 275370.00
676.0 1.00 2780.47 278046.60
677.3 1.00 2822.80 282280.30
678.7 1.00 2892.98 289297.50
680.0 1.00 2989.43 298943.20
681.4 1.00 3124.90 312490.10
682.8 1.00 3308.76 330876.00
684.1 1.00 3539.48 353948.40
685.5 1.00 3821.42 382141.65
686.8 1.00 4150.51 415051.20
688.2 1.00 4523.52 452351.90
689.5 1.00 4918.01 491800.95
690.9 1.00 5338.23 533823.30
692.2 1.00 5768.61 576861.00
693.6 1.00 6220.35 622035.15
694.9 1.00 6652.91 665290.60
696.2 1.00 7084.58 708457.50
697.6 1.00 7508.85 750884.75
698.9 1.00 7921.06 792105.60
700.3 1.00 8316.52 831651.60
701.6 1.00 8684.75 868475.40
703.0 1.00 9034.74 903473.80
704.3 1.00 9326.75 932675.25
705.6 1.00 9608.20 960820.20
707.0 1.00 9873.08 987308.35
708.3 1.00 10085.53 1008552.50
709.6 1.00 10277.12 1027712.00
711.0 1.00 10449.66 1044966.20
712.3 1.00 10603.83 1060383.00
713.6 1.00 10769.22 1076922.00
714.9 1.00 10920.96 1092096.00
716.3 1.00 11072.27 1107227.25
717.6 1.00 11232.72 1123271.80
718.9 1.00 11343.39 1134338.60
720.2 1.00 11401.88 1140188.00
721.6 1.00 11470.84 1147083.60
722.9 1.00 11536.91 1153691.10
724.2 1.00 11566.72 1156672.00
725.5 1.00 11616.96 1161696.45
726.8 1.00 11647.24 1164724.00
728.1 1.00 11682.92 1168291.95
729.5 1.00 11723.60 1172360.00
730.8 1.00 11774.54 1177453.50
732.1 1.00 11812.35 1181234.80
733.4 1.00 11856.44 1185644.40
734.7 1.00 11885.68 1188567.65
736.0 1.00 11938.13 1193813.40
737.3 1.00 11982.32 1198231.50
738.6 1.00 12060.99 1206099.25
739.9 1.00 12171.18 1217117.70
741.2 1.00 12254.42 1225442.40
742.5 1.00 12384.74 1238473.75
743.8 1.00 12572.75 1257275.25
745.1 1.00 12833.79 1283379.20
746.4 1.00 13114.56 1311455.60
747.7 1.00 13418.05 1341804.60
749.0 1.00 13693.89 1369388.65
750.3 1.00 13850.13 1385013.00
751.6 1.00 13844.97 1384496.85
752.9 1.00 13770.83 1377083.40
754.2 1.00 13659.93 1365993.30
755.4 1.00 13539.29 1353928.60
756.7 1.00 13532.38 1353238.30
758.0 1.00 13590.02 1359002.15
759.3 1.00 13723.06 1372306.00
760.6 1.00 13898.81 1389880.80
761.9 1.00 14061.17 1406117.20
763.1 1.00 14152.55 1415254.65
764.4 1.00 14270.98 1427098.05
765.7 1.00 14361.75 1436175.00
767.0 1.00 14443.15 1444315.35
768.2 1.00 14516.54 1451654.40
769.5 1.00 14572.90 1457290.35
770.8 1.00 14662.72 1466271.80
772.0 1.00 14710.33 1471033.20
773.3 1.00 14781.37 1478137.05
774.6 1.00 14844.25 1484424.50
775.8 1.00 14884.97 1488496.75
777.1 1.00 14908.08 1490808.15
778.4 1.00 14900.70 1490070.40
779.6 1.00 14920.64 1492063.80
780.9 1.00 14931.20 1493120.00
782.1 1.00 14907.79 1490779.35
783.4 1.00 14917.76 1491776.00
784.6 1.00 14950.90 1495089.60
785.9 1.00 15086.40 1508639.60
787.1 1.00 15307.85 1530784.85
788.4 1.00 15445.74 1544574.15
789.6 1.00 15382.04 1538203.85
790.9 1.00 15228.92 1522892.00
792.1 1.00 15090.91 1509091.20
793.4 1.00 14949.72 1494972.45
794.6 1.00 14847.80 1484780.40
795.8 1.00 14764.33 1476432.90
797.1 1.00 14684.84 1468483.50
798.3 1.00 14628.90 1462890.00
799.5 1.00 14604.06 1460405.70
800.8 1.00 14572.55 1457255.15
802.0 1.00 14527.28 1452728.00
803.2 1.00 14479.37 1447936.80
804.5 1.00 14440.34 1444034.25
805.7 1.00 14396.02 1439602.20
806.9 1.00 14356.02 1435601.50
808.1 1.00 14344.70 1434469.80
809.4 1.00 14331.24 1433124.00
810.6 1.00 14306.11 1430611.00
811.8 1.00 14308.27 1430826.70
813.0 1.00 14322.87 1432287.45
814.2 1.00 14348.57 1434857.20
815.4 1.00 14382.24 1438224.40
816.6 1.00 14402.00 1440200.00
817.9 1.00 14405.82 1440582.00
819.1 1.00 14371.66 1437165.60
820.3 1.00 14325.38 1432538.40
821.5 1.00 14312.02 1431202.05
822.7 1.00 14291.00 1429100.00
823.9 1.00 14283.63 1428363.10
825.1 1.00 14279.93 1427992.50
826.3 1.00 14275.26 1427526.05
827.5 1.00 14273.69 1427369.30
828.7 1.00 14271.89 1427188.80
829.9 1.00 14285.40 1428540.45
831.0 1.00 14306.99 1430699.20
832.2 1.00 14336.22 1433622.15
833.4 1.00 14357.62 1435761.50
834.6 1.00 14394.38 1439437.50
835.8 1.00 14419.76 1441975.50
837.0 1.00 14470.32 1447031.60
838.1 1.00 14524.76 1452476.25
839.3 1.00 14565.20 1456519.60
840.5 1.00 14625.34 1462533.80
841.7 1.00 14709.28 1470927.60
842.9 1.00 14785.32 1478532.30
844.0 1.00 14839.18 1483918.30
845.2 1.00 14915.53 1491552.75
846.4 1.00 14973.16 1497315.75
847.5 1.00 15062.89 1506289.40
848.7 1.00 15135.79 1513579.20
849.9 1.00 15196.20 1519620.30
851.0 1.00 15209.53 1520953.45
852.2 1.00 15238.61 1523860.80
853.3 1.00 15233.00 1523300.45
854.5 1.00 15229.81 1522980.50
855.6 1.00 15241.43 1524142.80
856.8 1.00 15287.34 1528734.35
857.9 1.00 15288.32 1528832.25
859.1 1.00 15337.56 1533756.00
860.2 1.00 15358.37 1535836.80
861.4 1.00 15386.43 1538642.70
862.5 1.00 15412.76 1541276.10
863.7 1.00 15446.20 1544620.20
864.8 1.00 15469.23 1546923.00
865.9 1.00 15470.67 1547066.80
867.1 1.00 15486.31 1548630.60
868.2 1.00 15499.90 1549990.35
869.3 1.00 15495.60 1549560.20
870.5 1.00 15505.19 1550518.95
871.6 1.00 15512.18 1551218.05
872.7 1.00 15554.27 1555426.60
873.9 1.00 15547.22 1554721.80
875.0 1.00 15540.72 1554071.75
876.1 1.00 15522.08 1552207.80
877.2 1.00 15534.98 1553498.05
878.3 1.00 15525.38 1552537.80
879.4 1.00 15527.15 1552715.40
880.5 1.00 15539.90 1553990.40
881.7 1.00 15532.79 1553279.00
882.8 1.00 15532.85 1553284.50
883.9 1.00 15530.55 1553055.05
885.0 1.00 15471.87 1547186.55
886.1 1.00 15438.02 1543801.65
887.2 1.00 15354.00 1535400.40
888.3 1.00 15292.65 1529264.55
889.4 1.00 15229.17 1522916.85
890.5 1.00 15196.84 1519683.80
891.6 1.00 15145.17 1514516.85
892.7 1.00 15134.66 1513465.80
893.8 1.00 15150.15 1515014.60
894.9 1.00 15150.32 1515032.20
896.0 1.00 15096.99 1509698.75
897.0 1.00 15095.14 1509513.75
898.1 1.00 15082.90 1508290.00
899.2 1.00 15087.84 1508783.60
900.3 1.00 15035.27 1503526.80
901.4 1.00 14987.84 1498783.95
902.4 1.00 14973.96 1497396.40
903.5 1.00 14949.59 1494959.30
904.6 1.00 14945.66 1494565.65
905.7 1.00 14912.55 1491254.90
906.7 1.00 14889.93 1488992.90
907.8 1.00 14868.41 1486841.20
908.9 1.00 14830.85 1483084.85
909.9 1.00 14786.28 1478628.25
911.0 1.00 14768.13 1476813.35
912.1 1.00 14707.26 1470725.90
913.1 1.00 14634.26 1463425.60
914.2 1.00 14581.51 1458151.20
915.2 1.00 14569.42 1456941.60
916.3 1.00 14528.28 1452828.00
917.3 1.00 14484.96 1448496.45
918.4 1.00 14420.01 1442001.00
919.4 1.00 14346.50 1434650.00
920.5 1.00 14315.31 1431531.40
921.5 1.00 14291.19 1429118.60
922.6 1.00 14206.24 1420623.60
923.6 1.00 14197.10 1419709.50
924.7 1.00 14155.60 1415560.00
925.7 1.00 14100.62 1410062.40
926.7 1.00 14045.99 1404598.80
927.8 1.00 14012.71 1401271.30
928.8 1.00 13996.45 1399645.20
929.9 1.00 13963.94 1396393.60
930.9 1.00 13988.72 1398872.10
931.9 1.00 13993.54 1399353.55
932.9 1.00 14021.82 1402181.55
934.0 1.00 13962.57 1396257.30
935.0 1.00 13910.42 1391041.95
936.0 1.00 13856.28 1385628.10
937.0 1.00 13791.06 1379106.30
938.1 1.00 13722.42 1372241.60
939.1 1.00 13663.90 1366389.75
940.1 1.00 13630.79 1363079.20
941.1 1.00 13641.01 1364101.20
942.1 1.00 13652.27 1365226.90
943.1 1.00 13633.69 1363368.75
944.1 1.00 13657.24 1365723.65
945.2 1.00 13600.69 1360069.20
946.2 1.00 13532.87 1353286.65
947.2 1.00 13516.78 1351677.50
948.2 1.00 13475.12 1347512.25
949.2 1.00 13400.89 1340088.75
950.2 1.00 13375.60 1337560.00
951.2 1.00 13288.97 1328896.80
952.2 1.00 13214.21 1321421.40
953.2 1.00 13163.83 1316383.25
954.2 1.00 13160.48 1316047.50
955.2 1.00 13064.27 1306427.00
956.2 1.00 13012.44 1301243.60
957.2 1.00 12963.58 1296358.00
958.2 1.00 12938.37 1293837.05
959.2 1.00 12927.06 1292706.00
960.1 1.00 12907.97 1290796.80
961.1 1.00 12902.44 1290243.90
962.1 1.00 12882.00 1288200.00
963.1 1.00 12879.21 1287920.50
964.1 1.00 12906.15 1290615.25
965.1 1.00 12932.84 1293284.15
966.1 1.00 12893.36 1289335.65
967.0 1.00 12914.83 1291483.20
968.0 1.00 12917.35 1291735.25
969.0 1.00 12929.88 1292988.00
970.0 1.00 12943.31 1294331.40
971.0 1.00 12978.34 1297833.60
971.9 1.00 13008.52 1300851.90
972.9 1.00 13011.71 1301170.50
973.9 1.00 13042.90 1304290.00
974.9 1.00 13056.88 1305687.60
975.8 1.00 13050.27 1305027.35
976.8 1.00 13036.91 1303691.35
977.8 1.00 13118.92 1311891.85
978.8 1.00 13129.68 1312968.00
979.7 1.00 13208.53 1320853.40
980.7 1.00 13313.32 1331332.20
981.7 1.00 13382.37 1338237.45
982.6 1.00 13538.82 1353882.00
983.6 1.00 13742.40 1374239.90
984.6 1.00 13935.13 1393512.70
985.5 1.00 14027.04 1402704.00
986.5 1.00 14465.24 1446523.50
987.5 1.00 14756.46 1475645.50
988.4 1.00 15023.36 1502336.00
989.4 1.00 15205.21 1520520.75
990.4 1.00 15443.63 1544362.60
991.3 1.00 15917.46 1591746.15
992.3 1.00 16276.62 1627662.40
993.2 1.00 16784.75 1678474.60
994.2 1.00 16800.03 1680003.00
995.2 1.00 16786.35 1678635.00
996.1 1.00 17176.55 1717654.65
997.1 1.00 16806.89 1680689.40
998.0 1.00 16855.92 1685592.00
999.0 1.00 17054.89 1705489.40
1000.0 1.00 16425.66 1642565.70
1000.9 1.00 17470.96 1747095.60
1001.9 1.00 16703.92 1670392.20
1002.8 1.00 17060.21 1706021.40
1003.8 1.00 16583.68 1658367.50
1004.8 1.00 15972.60 1597260.00
961.5 1.00 14018.75 1401874.50
965.5 1.00 13647.36 1364736.00
969.5 1.00 13726.79 1372678.50
973.4 1.00 13568.48 1356847.80
977.4 1.00 13142.19 1314218.50
981.4 1.00 13085.60 1308560.40
985.3 1.00 13046.44 1304644.00
989.3 1.00 13059.77 1305977.40
993.3 1.00 13077.13 1307712.60
997.2 1.00 13062.45 1306244.80
1001.2 1.00 13132.34 1313234.00
1005.2 1.00 13219.21 1321920.60
1009.1 1.00 13404.35 1340435.40
1013.1 1.00 13616.39 1361639.40
1017.1 1.00 13793.47 1379346.60
1021.0 1.00 13933.40 1393339.50
1025.0 1.00 14038.95 1403894.70
1029.0 1.00 14133.15 1413315.00
1032.9 1.00 14247.09 1424709.00
1036.9 1.00 14354.37 1435437.00
1040.9 1.00 14520.35 1452035.10
1044.8 1.00 14747.28 1474728.20
1048.8 1.00 14912.83 1491283.20
1052.7 1.00 15047.76 1504776.00
1056.7 1.00 15141.21 1514120.60
1060.7 1.00 15212.20 1521219.50
1064.6 1.00 15266.47 1526646.60
1068.6 1.00 15268.61 1526860.50
1072.5 1.00 15247.59 1524759.00
1076.5 1.00 15220.54 1522054.00
1080.4 1.00 15179.93 1517993.40
1084.4 1.00 15146.44 1514643.90
1088.3 1.00 15098.92 1509892.30
1092.3 1.00 14988.89 1498888.50
1096.2 1.00 14879.74 1487973.60
1100.2 1.00 14777.36 1477736.40
1104.1 1.00 14631.96 1463195.60
1108.1 1.00 14514.82 1451482.20
1112.0 1.00 14357.93 1435792.50
1116.0 1.00 14139.19 1413919.00
1119.9 1.00 13910.29 1391029.20
1123.9 1.00 13697.88 1369788.00
1127.8 1.00 13367.04 1336704.00
1131.8 1.00 12938.76 1293876.00
1135.7 1.00 12435.18 1243517.50
1139.6 1.00 11877.20 1187720.30
1143.6 1.00 11349.22 1134921.60
1147.5 1.00 10888.78 1088878.20
1151.4 1.00 10509.55 1050955.20
1155.4 1.00 10300.83 1030082.60
1159.3 1.00 10162.62 1016262.00
1163.2 1.00 10022.87 1002287.00
1167.2 1.00 9961.56 996156.00
1171.1 1.00 9914.97 991496.80
1175.0 1.00 9859.49 985948.60
1179.0 1.00 9819.46 981945.90
1182.9 1.00 9791.38 979138.40
1186.8 1.00 9754.52 975451.50
1190.7 1.00 9677.18 967718.00
1194.7 1.00 9600.00 959999.70
1198.6 1.00 9539.15 953914.50
1202.5 1.00 9512.32 951231.60
1206.4 1.00 9523.26 952326.00
1210.3 1.00 9533.13 953312.80
1214.2 1.00 9551.65 955164.80
1218.2 1.00 9577.76 957776.40
1222.1 1.00 9625.23 962522.50
1226.0 1.00 9674.77 967477.40
1229.9 1.00 9705.36 970536.00
1233.8 1.00 9734.28 973427.90
1237.7 1.00 9779.53 977953.40
1241.6 1.00 9796.44 979643.70
1245.5 1.00 9782.00 978199.80
1249.4 1.00 9787.66 978766.00
1253.3 1.00 9806.61 980660.70
1257.2 1.00 9826.68 982667.70
1261.1 1.00 9824.00 982400.40
1265.0 1.00 9806.35 980634.50
1268.9 1.00 9757.47 975746.90
1272.8 1.00 9747.00 974700.00
1276.7 1.00 9753.24 975324.20
1280.6 1.00 9721.05 972105.00
1284.5 1.00 9644.22 964422.20
1288.4 1.00 9572.86 957286.20
1292.3 1.00 9457.25 945725.00
1296.2 1.00 9322.59 932259.00
1300.1 1.00 9158.76 915876.00
1303.9 1.00 8959.77 895977.00
1307.8 1.00 8743.10 874309.80
1311.7 1.00 8521.80 852179.90
1315.6 1.00 8294.64 829464.00
1319.5 1.00 8039.66 803965.50
1323.3 1.00 7781.19 778119.10
1327.2 1.00 7526.47 752647.40
1331.1 1.00 7276.96 727696.40
1335.0 1.00 7009.42 700942.40
1338.8 1.00 6769.88 676988.00
1342.7 1.00 6564.34 656434.10
1346.5 1.00 6333.38 633338.40
1350.4 1.00 6125.58 612557.60
1354.3 1.00 5917.23 591723.00
1358.1 1.00 5700.06 570005.50
1362.0 1.00 5529.16 552916.00
1365.8 1.00 5370.78 537078.20
1369.7 1.00 5184.56 518456.20
1373.5 1.00 4928.23 492822.60
1377.4 1.00 4602.60 460260.00
1381.2 1.00 4226.48 422647.50
1385.1 1.00 3868.08 386807.70
1389.0 1.00 3507.42 350742.40
1392.8 1.00 3139.82 313981.80
1396.6 1.00 2826.52 282651.60
1400.5 1.00 2562.46 256245.60
1404.3 1.00 2358.29 235829.40
1408.2 1.00 2192.66 219266.10
1412.0 1.00 2068.10 206809.60
1415.8 1.00 1974.05 197404.90
1419.6 1.00 1895.97 189596.70
1423.5 1.00 1841.61 184161.00
1427.3 1.00 1797.92 179792.20
1431.1 1.00 1762.35 176235.00
1434.9 1.00 1739.25 173925.00
1438.8 1.00 1724.68 172467.50
1442.6 1.00 1707.92 170792.00
1446.4 1.00 1696.48 169648.00
1450.2 1.00 1689.03 168903.00
1454.0 1.00 1678.08 167808.00
1457.8 1.00 1686.57 168656.60
1461.6 1.00 1700.92 170091.90
1465.4 1.00 1710.03 171002.70
1469.2 1.00 1724.45 172445.00
1473.0 1.00 1751.01 175101.30
1476.8 1.00 1792.79 179278.60
1480.7 1.00 1843.71 184371.10
1484.4 1.00 1890.12 189012.00
1488.2 1.00 1942.56 194256.00
1492.0 1.00 2003.39 200339.40
1495.8 1.00 2063.43 206342.50
1499.6 1.00 2108.08 210807.50
1503.4 1.00 2143.86 214385.60
1507.2 1.00 2175.66 217566.30
1510.9 1.00 2197.73 219773.40
1514.7 1.00 2226.40 222639.70
1518.5 1.00 2268.83 226882.80
1522.3 1.00 2309.78 230977.50
1526.0 1.00 2350.05 235004.70
1529.8 1.00 2399.68 239968.10
1533.6 1.00 2454.53 245453.00
1537.3 1.00 2511.45 251144.60
1541.1 1.00 2559.20 255919.50
1544.8 1.00 2608.80 260880.00
1548.6 1.00 2656.42 265642.00
1552.4 1.00 2699.79 269978.90
1556.1 1.00 2735.35 273535.00
1559.9 1.00 2762.68 276267.60
1563.6 1.00 2802.30 280229.70
1567.3 1.00 2846.49 284649.00
1571.1 1.00 2879.93 287992.80
1574.8 1.00 2919.30 291930.10
1578.6 1.00 2961.12 296112.00
1582.3 1.00 2988.64 298863.90
1586.0 1.00 3011.77 301177.20
1589.8 1.00 3031.56 303156.00
1593.5 1.00 3050.54 305054.00
1597.2 1.00 3075.68 307568.10
1600.9 1.00 3092.66 309266.10
1604.7 1.00 3111.89 311188.50
1608.4 1.00 3142.24 314223.60
1612.1 1.00 3155.14 315513.90
1615.8 1.00 3168.70 316870.20
1619.5 1.00 3183.61 318361.00
1623.2 1.00 3198.55 319855.00
1626.9 1.00 3211.57 321157.20
1630.6 1.00 3223.44 322344.00
1634.3 1.00 3232.87 323286.60
1638.0 1.00 3230.74 323074.00
1641.7 1.00 3225.89 322588.60
1645.4 1.00 3219.93 321993.00
1649.1 1.00 3214.35 321435.00
1652.8 1.00 3206.27 320627.20
1656.4 1.00 3189.71 318971.10
1660.1 1.00 3172.17 317216.60
1663.8 1.00 3156.71 315671.40
1667.5 1.00 3151.34 315133.50
1671.1 1.00 3134.91 313491.20
1674.8 1.00 3114.56 311455.50
1678.5 1.00 3098.86 309886.20
1682.1 1.00 3087.78 308777.90
1685.8 1.00 3073.02 307301.80
1689.5 1.00 3038.82 303881.80
1693.1 1.00 3009.90 300990.00
1696.8 1.00 2973.50 297350.00
1700.4 1.00 2929.86 292986.00
1704.0 1.00 2887.14 288714.40
1707.7 1.00 2836.94 283694.40
1711.3 1.00 2784.46 278446.20
1715.0 1.00 2732.91 273291.30
1718.6 1.00 2678.73 267872.80
1722.2 1.00 2629.54 262953.60
1725.9 1.00 2591.56 259156.20
1729.5 1.00 2560.26 256026.00
1733.1 1.00 2538.14 253814.20
1736.7 1.00 2506.96 250695.50
1740.3 1.00 2483.62 248361.50
1744.0 1.00 2463.09 246308.80
1747.5 1.00 2419.69 241969.20
1751.2 1.00 2367.50 236749.90
1754.8 1.00 2325.38 232537.50
1758.4 1.00 2288.64 228864.00
1762.0 1.00 2238.49 223849.30
1765.5 1.00 2207.44 220743.60
1769.1 1.00 2198.40 219840.00
1772.7 1.00 2178.90 217890.00
1776.3 1.00 2155.86 215586.00
1779.9 1.00 2138.14 213814.40
1783.5 1.00 2120.40 212040.00
1787.0 1.00 2094.16 209416.20
1790.6 1.00 2081.62 208161.90
1794.2 1.00 2077.88 207788.00
1797.8 1.00 2065.63 206563.00
1801.3 1.00 2050.84 205084.00
1804.9 1.00 2050.13 205012.50
1808.4 1.00 2057.80 205779.90
1812.0 1.00 2044.40 204439.50
1815.5 1.00 2029.40 202940.00
1819.1 1.00 2020.66 202066.20
1822.6 1.00 2000.00 199999.80
1826.2 1.00 1972.99 197299.20
1829.7 1.00 1963.31 196330.80
1833.2 1.00 1947.90 194789.70
1836.8 1.00 1907.82 190781.50
1840.3 1.00 1872.45 187245.00
1843.8 1.00 1852.20 185220.00
1847.3 1.00 1834.00 183400.00
1850.8 1.00 1786.18 178617.60
1854.3 1.00 1744.90 174489.60
1857.8 1.00 1684.80 168480.00
1861.3 1.00 1610.28 161028.20
1864.8 1.00 1539.62 153962.00
1868.3 1.00 1424.93 142493.00
1871.8 1.00 1290.24 129024.00
1875.3 1.00 1191.19 119119.00
1878.8 1.00 1082.76 108276.00
1882.3 1.00 955.63 95562.60
1885.8 1.00 867.35 86734.80
1889.3 1.00 784.05 78405.40
1892.7 1.00 717.17 71717.40
1896.2 1.00 675.29 67529.00
1899.7 1.00 666.24 66624.20
1903.1 1.00 659.74 65973.60
1906.6 1.00 690.02 69002.10
1910.0 1.00 771.38 77137.60
1913.5 1.00 807.39 80738.90
1917.0 1.00 1144.68 114467.50
1920.4 1.00 1525.43 152542.50
1923.8 1.00 1625.49 162549.00
1871.2 1.00 0.00 0.00
1873.9 1.00 322.15 32215.00
1876.7 1.00 1497.75 149775.00
1879.5 1.00 0.00 0.00
1882.3 1.00 0.00 0.00
1885.1 1.00 517.20 51720.00
1887.8 1.00 0.00 0.00
1890.6 1.00 0.00 0.00
1893.4 1.00 660.00 66000.00
1896.2 1.00 0.00 0.00
1898.9 1.00 0.00 0.00
1901.7 1.00 529.05 52905.00
1904.5 1.00 0.00 0.00
1907.2 1.00 142.50 14250.00
1910.0 1.00 389.10 38910.00
1912.7 1.00 0.00 0.00
1915.5 1.00 0.00 0.00
1918.2 1.00 322.05 32205.00
1921.0 1.00 0.00 0.00
1923.7 1.00 0.00 0.00
1926.5 1.00 293.10 29310.00
1929.2 1.00 0.00 0.00
1932.0 1.00 94.80 9480.00
1934.7 1.00 281.40 28140.00
1937.4 1.00 0.00 0.00
1940.2 1.00 0.00 0.00
1942.9 1.00 365.40 36540.00
1945.6 1.00 0.00 0.00
1948.3 1.00 180.50 18050.00
1951.1 1.00 451.50 45150.00
1953.8 1.00 0.00 0.00
1956.5 1.00 89.85 8985.00
1959.2 1.00 269.10 26910.00
1961.9 1.00 0.00 0.00
1964.6 1.00 178.50 17850.00
1967.3 1.00 356.00 35600.00
1970.0 1.00 0.00 0.00
1972.8 1.00 264.75 26475.00
1975.5 1.00 439.00 43900.00
1978.2 1.00 0.00 0.00
1980.9 1.00 174.90 17490.00
1983.5 1.00 436.25 43625.00
1986.2 1.00 0.00 0.00
1988.9 1.00 87.30 8730.00
1991.6 1.00 434.50 43450.00
1994.3 1.00 86.65 8665.00
1997.0 1.00 259.50 25950.00
1999.7 1.00 603.05 60305.00
2002.3 1.00 86.30 8630.00
2005.0 1.00 172.60 17260.00
2007.7 1.00 516.00 51600.00
2010.4 1.00 171.30 17130.00
2013.0 1.00 256.05 25605.00
2015.7 1.00 511.50 51150.00
2018.4 1.00 170.20 17020.00
2021.0 1.00 340.00 34000.00
2023.7 1.00 593.60 59360.00
2026.4 1.00 169.00 16900.00
2029.0 1.00 337.40 33740.00
2031.7 1.00 591.50 59150.00
2034.3 1.00 169.00 16900.00
2037.0 1.00 337.80 33780.00
2039.6 1.00 590.80 59080.00
2042.3 1.00 168.50 16850.00
2044.9 1.00 336.60 33660.00
2047.5 1.00 589.05 58905.00
2050.2 1.00 168.00 16800.00
2052.8 1.00 336.00 33600.00
2055.4 1.00 588.35 58835.00
2058.1 1.00 168.00 16800.00
2060.7 1.00 251.55 25155.00
2063.3 1.00 585.20 58520.00
2065.9 1.00 251.25 25125.00
2068.6 1.00 418.75 41875.00
2071.2 1.00 669.60 66960.00
2073.8 1.00 251.85 25185.00
2076.4 1.00 421.00 42100.00
2079.0 1.00 674.40 67440.00
2081.6 1.00 253.20 25320.00
2084.2 1.00 338.60 33860.00
2086.8 1.00 593.95 59395.00
2089.4 1.00 170.20 17020.00
2092.1 1.00 425.00 42500.00
2094.7 1.00 678.00 67800.00
2097.2 1.00 255.00 25500.00
2099.8 1.00 427.00 42700.00
2102.4 1.00 682.40 68240.00
2105.0 1.00 342.00 34200.00
2107.6 1.00 512.70 51270.00
2110.2 1.00 767.25 76725.00
2112.8 1.00 343.60 34360.00
2115.3 1.00 433.00 43300.00
2117.9 1.00 696.40 69640.00
2120.5 1.00 262.35 26235.00
2123.1 1.00 526.50 52650.00
2125.6 1.00 702.80 70280.00
2128.2 1.00 175.60 17560.00
2130.8 1.00 438.75 43875.00
2133.3 1.00 792.00 79200.00
2135.9 1.00 353.00 35300.00
2138.4 1.00 530.40 53040.00
2141.0 1.00 793.35 79335.00
2143.6 1.00 263.85 26385.00
2146.1 1.00 440.75 44075.00
2148.7 1.00 792.90 79290.00
2151.2 1.00 352.00 35200.00
2153.8 1.00 529.80 52980.00
2156.3 1.00 797.40 79740.00
2158.8 1.00 265.80 26580.00
2161.4 1.00 442.25 44225.00
2163.9 1.00 707.60 70760.00
2166.4 1.00 266.10 26610.00
2169.0 1.00 443.50 44350.00
2171.5 1.00 709.60 70960.00
2174.0 1.00 267.75 26775.00
2176.5 1.00 448.50 44850.00
2179.1 1.00 722.80 72280.00
2181.6 1.00 273.75 27375.00
2184.1 1.00 462.00 46200.00
2186.6 1.00 753.20 75320.00
2189.1 1.00 288.90 28890.00
2191.6 1.00 392.00 39200.00
2194.1 1.00 697.55 69755.00
2196.6 1.00 305.70 30570.00
2199.2 1.00 523.25 52325.00
2201.7 1.00 859.60 85960.00
2204.1 1.00 329.85 32985.00
2206.6 1.00 447.60 44760.00
2209.1 1.00 681.30 68130.00
2211.6 1.00 228.40 22840.00
2214.1 1.00 342.15 34215.00
2216.6 1.00 569.75 56975.00
2219.1 1.00 113.95 11395.00
2221.6 1.00 456.80 45680.00
2224.0 1.00 685.80 68580.00
2226.5 1.00 114.15 11415.00
2229.0 1.00 342.60 34260.00
2231.5 1.00 804.30 80430.00
2233.9 1.00 115.45 11545.00
2236.4 1.00 347.40 34740.00
2238.9 1.00 697.50 69750.00
2241.3 1.00 233.20 23320.00
2243.8 1.00 349.80 34980.00
2246.2 1.00 697.80 69780.00
2248.7 1.00 115.70 11570.00
2251.2 1.00 345.90 34590.00
2253.6 1.00 691.20 69120.00
2256.1 1.00 0.00 0.00
2258.5 1.00 230.50 23050.00
2260.9 1.00 690.30 69030.00
2263.4 1.00 115.15 11515.00
2265.8 1.00 346.20 34620.00
2268.3 1.00 577.25 57725.00
2270.7 1.00 0.00 0.00
2273.1 1.00 230.10 23010.00
2275.6 1.00 576.00 57600.00
2278.0 1.00 0.00 0.00
2280.4 1.00 230.90 23090.00
2282.8 1.00 580.75 58075.00
2285.3 1.00 0.00 0.00
2287.7 1.00 234.30 23430.00
2290.1 1.00 711.60 71160.00
2292.5 1.00 0.00 0.00
2294.9 1.00 118.55 11855.00
2297.3 1.00 593.25 59325.00
2299.7 1.00 0.00 0.00
2302.1 1.00 117.85 11785.00
2304.5 1.00 470.40 47040.00
2306.9 1.00 0.00 0.00
2309.3 1.00 117.55 11755.00
2311.7 1.00 471.00 47100.00
2314.1 1.00 0.00 0.00
2316.5 1.00 236.40 23640.00
2318.9 1.00 591.25 59125.00
2321.3 1.00 0.00 0.00
2323.7 1.00 119.80 11980.00
2326.1 1.00 483.60 48360.00
2328.4 1.00 0.00 0.00
2330.8 1.00 245.40 24540.00
2333.2 1.00 494.20 49420.00
2335.6 1.00 0.00 0.00
2337.9 1.00 250.40 25040.00
2340.3 1.00 503.80 50380.00
2342.7 1.00 0.00 0.00
2345.0 1.00 127.40 12740.00
2347.4 1.00 510.00 51000.00
2349.7 1.00 0.00 0.00
2352.1 1.00 0.00 0.00
2354.4 1.00 386.85 38685.00
2356.8 1.00 0.00 0.00
2359.2 1.00 0.00 0.00
2361.5 1.00 392.70 39270.00
2363.8 1.00 -131.75 -13175.00
2366.2 1.00 0.00 0.00
2368.5 1.00 400.50 40050.00
2370.9 1.00 0.00 0.00
2373.2 1.00 134.90 13490.00
2375.5 1.00 407.25 40725.00
2377.9 1.00 0.00 0.00
2380.2 1.00 137.45 13745.00
2382.5 1.00 413.55 41355.00
2384.8 1.00 0.00 0.00
2387.2 1.00 0.00 0.00
2389.5 1.00 424.95 42495.00
2391.8 1.00 0.00 0.00
2394.1 1.00 0.00 0.00
2396.4 1.00 435.45 43545.00
2398.7 1.00 0.00 0.00
2401.0 1.00 0.00 0.00
2403.3 1.00 298.80 29880.00
2405.6 1.00 0.00 0.00
2407.9 1.00 0.00 0.00
2410.2 1.00 300.80 30080.00
2412.5 1.00 -152.45 -15245.00
2414.8 1.00 0.00 0.00
2417.1 1.00 309.70 30970.00
2419.4 1.00 -156.30 -15630.00
2421.7 1.00 0.00 0.00
2424.0 1.00 317.00 31700.00
2426.2 1.00 -160.50 -16050.00
2428.5 1.00 0.00 0.00
2430.8 1.00 490.50 49050.00
2433.1 1.00 -165.95 -16595.00
2435.4 1.00 0.00 0.00
2437.6 1.00 335.70 33570.00
2439.9 1.00 -168.45 -16845.00
2442.2 1.00 0.00 0.00
2444.4 1.00 344.60 34460.00
2446.7 1.00 -175.20 -17520.00
2448.9 1.00 0.00 0.00
2451.2 1.00 357.60 35760.00
2453.4 1.00 -180.80 -18080.00
2455.7 1.00 0.00 0.00
2457.9 1.00 366.30 36630.00
2460.2 1.00 -184.95 -18495.00
2462.4 1.00 0.00 0.00
2464.7 1.00 378.50 37850.00
2466.9 1.00 -192.60 -19260.00
2469.2 1.00 0.00 0.00
2471.4 1.00 393.90 39390.00
2473.6 1.00 -401.70 -40170.00
2475.9 1.00 0.00 0.00
2478.1 1.00 409.90 40990.00
2480.3 1.00 -417.70 -41770.00
2482.5 1.00 0.00 0.00
2484.8 1.00 218.45 21845.00
2487.0 1.00 -222.20 -22220.00
2489.2 1.00 0.00 0.00
2491.4 1.00 461.10 46110.00
2493.6 1.00 -235.15 -23515.00
2495.8 1.00 0.00 0.00
2498.0 1.00 486.40 48640.00
2500.2 1.00 -758.25 -75825.00
2502.4 1.00 -266.40 -26640.00
2504.6 1.00 281.70 28170.00
2506.8 1.00 0.00 0.00
