/*** Spectra Vista SIG Data ***/
name= \My Documents\HR1024_Data\RD5T2.
instrument= HR: 1091052
integration= 400, 60, 30, 1000, 60, 30
scan time= 1, 1
scan settings= AD, AI, AD, AI
external data set1= 8224, 8224, 8224, 8224, 8224, 8224, 8224, 8224, 8224, 8224, 8224, 8224, 8224, 8224, 8224, 8224
external data set2= 8224, 8224, 8224, 8224, 8224, 8224, 8224, 8224, 8224, 8224, 8224, 8224, 8224, 8224, 8224, 8224
external data dark= 0,0,0,0,0,0,0,0
external data mask= 0
optic= LENS4 , LENS4 
temp= 32.34, 8.94, -5.37, 39.51, 8.88, -5.30
battery= 7.5, 7.2
error= 0, 0
units= Radiance, Radiance
time= 3/11/08 9:20:48 AM, 3/11/08 9:35:11 AM
longitude= , 
latitude= , 
gpstime= , 
comm= 
memory slot= 0, 0
factors= 
data= 
346.4 366.28 67.52 18.43
347.9 400.03 67.77 16.94
349.5 432.12 66.77 15.45
351.1 468.00 68.64 14.67
352.6 496.51 73.37 14.78
354.2 520.33 72.00 13.84
355.7 575.84 76.78 13.33
357.3 598.14 81.83 13.68
358.8 616.87 80.39 13.03
360.4 668.33 82.31 12.32
361.9 686.05 89.15 12.99
363.5 715.01 79.64 11.14
365.1 743.78 82.53 11.10
366.6 778.54 84.24 10.82
368.2 824.27 86.62 10.51
369.7 873.39 85.54 9.79
371.3 928.49 85.61 9.22
372.8 977.74 94.95 9.71
374.4 1016.27 93.45 9.20
375.9 1052.58 89.37 8.49
377.4 1084.71 92.37 8.52
379.0 1129.79 96.75 8.56
380.5 1157.14 94.79 8.19
382.1 1186.43 95.15 8.02
383.6 1234.64 91.29 7.39
385.2 1293.88 88.55 6.84
386.7 1345.63 94.76 7.04
388.3 1410.38 96.20 6.82
389.8 1464.46 97.72 6.67
391.3 1527.57 98.59 6.45
392.9 1567.60 100.14 6.39
394.4 1609.87 104.46 6.49
395.9 1662.63 111.16 6.69
397.5 1749.05 117.57 6.72
399.0 1827.74 117.42 6.42
400.6 1876.29 112.07 5.97
402.1 1904.04 107.33 5.64
403.6 1943.17 106.93 5.50
405.1 1994.81 105.11 5.27
406.7 2061.92 108.42 5.26
408.2 2135.06 109.15 5.11
409.7 2198.56 112.00 5.09
411.3 2272.05 115.21 5.07
412.8 2335.64 120.40 5.15
414.3 2399.77 123.35 5.14
415.8 2475.00 125.50 5.07
417.4 2547.71 128.52 5.04
418.9 2612.23 130.55 5.00
420.4 2658.25 131.11 4.93
421.9 2705.56 130.20 4.81
423.5 2743.63 133.56 4.87
425.0 2788.02 131.70 4.72
426.5 2844.45 134.16 4.72
428.0 2917.63 135.05 4.63
429.5 3009.90 136.67 4.54
431.1 3112.45 139.71 4.49
432.6 3227.88 143.42 4.44
434.1 3329.29 145.15 4.36
435.6 3423.98 148.61 4.34
437.1 3517.80 156.39 4.45
438.6 3607.74 157.99 4.38
440.1 3694.39 163.75 4.43
441.6 3790.73 163.00 4.30
443.1 3873.83 169.29 4.37
444.7 3959.99 174.68 4.41
446.2 4024.76 173.03 4.30
447.7 4101.41 178.64 4.36
449.2 4174.20 181.01 4.34
450.7 4238.00 180.13 4.25
452.2 4313.18 181.96 4.22
453.7 4393.64 182.90 4.16
455.2 4491.99 186.68 4.16
456.7 4618.24 189.38 4.10
458.2 4761.06 195.72 4.11
459.7 4899.13 199.50 4.07
461.2 5044.37 208.62 4.14
462.7 5165.05 211.58 4.10
464.2 5287.79 215.21 4.07
465.7 5408.14 222.67 4.12
467.2 5518.98 228.31 4.14
468.7 5631.00 232.80 4.13
470.2 5705.20 240.65 4.22
471.7 5821.13 247.95 4.26
473.2 6011.22 256.95 4.27
474.6 6153.75 260.49 4.23
476.1 6204.18 255.25 4.11
477.6 6220.94 257.22 4.13
479.1 6250.52 258.46 4.14
480.6 6293.37 262.09 4.16
482.1 6374.96 262.26 4.11
483.6 6474.12 265.53 4.10
485.1 6599.29 270.75 4.10
486.6 6739.10 275.13 4.08
488.0 6898.13 283.73 4.11
489.5 7058.36 293.28 4.16
491.0 7224.81 296.06 4.10
492.5 7392.87 305.86 4.14
494.0 7557.79 311.96 4.13
495.4 7702.20 320.76 4.16
496.9 7844.83 327.99 4.18
498.4 7990.29 335.45 4.20
499.9 8131.50 344.19 4.23
501.4 8263.45 350.75 4.24
502.8 8392.79 357.69 4.26
504.3 8499.60 362.88 4.27
505.8 8611.18 370.98 4.31
507.2 8674.01 378.00 4.36
508.7 8728.20 382.70 4.38
510.2 8764.92 389.68 4.45
511.6 8789.76 394.34 4.49
513.1 8840.43 399.81 4.52
514.6 8904.34 404.80 4.55
516.0 8958.85 409.62 4.57
517.5 9056.55 417.28 4.61
519.0 9171.31 427.69 4.66
520.5 9287.32 435.26 4.69
521.9 9437.16 445.05 4.72
523.4 9612.27 459.04 4.78
524.8 9785.79 470.11 4.80
526.3 9984.58 482.28 4.83
527.8 10184.06 499.38 4.90
529.2 10366.76 514.07 4.96
530.7 10567.61 526.62 4.98
532.1 10746.40 541.98 5.04
533.6 10959.02 559.01 5.10
535.0 11168.56 575.54 5.15
536.5 11376.00 591.20 5.20
538.0 11592.92 609.04 5.25
539.4 11785.91 625.87 5.31
540.9 12037.93 651.98 5.42
542.3 12246.63 674.81 5.51
543.8 12400.56 692.81 5.59
545.2 12445.48 704.47 5.66
546.6 12442.01 710.48 5.71
548.1 12455.19 718.77 5.77
549.5 12460.55 726.53 5.83
551.0 12456.77 738.26 5.93
552.4 12484.13 748.32 5.99
553.9 12491.52 758.96 6.08
555.3 12509.64 771.50 6.17
556.8 12569.08 783.39 6.23
558.2 12630.94 802.91 6.36
559.6 12713.51 815.67 6.42
561.1 12831.00 833.63 6.50
562.5 12959.42 856.06 6.61
564.0 13129.35 879.36 6.70
565.4 13288.41 903.24 6.80
566.8 13487.87 929.75 6.89
568.3 13678.39 961.74 7.03
569.7 13879.32 993.18 7.16
571.1 14074.77 1023.68 7.27
572.6 14269.77 1053.65 7.38
574.0 14463.08 1088.67 7.53
575.4 14650.03 1122.53 7.66
576.9 14818.07 1157.66 7.81
578.3 14977.46 1185.83 7.92
579.7 15131.24 1220.96 8.07
581.1 15254.19 1253.81 8.22
582.6 15387.18 1289.14 8.38
584.0 15508.86 1320.76 8.52
585.4 15681.05 1359.33 8.67
586.8 15909.04 1411.12 8.87
588.3 16162.38 1462.97 9.05
589.7 16371.81 1508.36 9.21
591.1 16519.39 1548.33 9.37
592.5 16589.78 1580.58 9.53
594.0 16627.80 1605.50 9.66
595.4 16637.76 1627.15 9.78
596.8 16651.64 1656.37 9.95
598.2 16659.51 1678.29 10.07
599.6 16659.36 1705.27 10.24
601.0 16705.59 1741.62 10.43
602.4 16752.94 1771.97 10.58
603.9 16822.23 1807.05 10.74
605.3 16905.11 1843.01 10.90
606.7 16973.10 1879.56 11.07
608.1 17114.04 1921.79 11.23
609.5 17255.15 1971.77 11.43
610.9 17434.91 2023.37 11.61
612.3 17598.49 2078.98 11.81
613.7 17818.60 2141.18 12.02
615.1 17967.42 2195.75 12.22
616.5 18122.06 2251.82 12.43
617.9 18356.64 2325.87 12.67
619.3 18578.68 2397.87 12.91
620.7 18848.67 2484.52 13.18
622.1 19119.58 2557.92 13.38
623.5 19414.06 2622.81 13.51
624.9 19741.18 2698.55 13.67
626.3 19952.52 2767.12 13.87
627.7 19741.37 2777.33 14.07
629.1 19544.02 2785.02 14.25
630.5 19457.12 2801.60 14.40
631.9 19461.81 2842.64 14.61
633.3 19457.49 2897.39 14.89
634.7 19533.17 2968.65 15.20
636.1 19566.68 3031.91 15.50
637.5 19597.55 3094.89 15.79
638.9 19677.50 3158.48 16.05
640.2 19731.43 3211.12 16.27
641.6 19754.28 3244.18 16.42
643.0 19715.36 3261.47 16.54
644.4 19707.26 3269.18 16.59
645.8 19650.11 3265.53 16.62
647.2 19716.78 3303.87 16.76
648.5 19765.84 3352.18 16.96
649.9 19671.60 3376.11 17.16
651.3 19608.23 3412.41 17.40
652.7 19503.68 3433.83 17.61
654.1 19390.95 3399.23 17.53
655.5 19238.75 3344.78 17.39
656.8 19118.09 3295.86 17.24
658.2 19225.93 3296.25 17.14
659.6 19449.31 3321.32 17.08
660.9 19643.18 3343.66 17.02
662.3 19825.21 3370.11 17.00
663.7 20008.80 3397.38 16.98
665.0 20165.89 3432.38 17.02
666.4 20328.89 3470.85 17.07
667.8 20535.62 3528.85 17.18
669.1 20711.76 3583.25 17.30
670.5 20914.18 3663.43 17.52
671.9 21055.86 3741.77 17.77
673.2 21237.33 3845.01 18.10
674.6 21400.77 3963.27 18.52
676.0 21596.49 4096.50 18.97
677.3 21793.24 4244.89 19.48
678.7 21992.69 4403.43 20.02
680.0 22269.19 4594.13 20.63
681.4 22542.00 4795.12 21.27
682.8 22829.63 5000.91 21.91
684.1 23112.18 5211.65 22.55
685.5 23364.31 5426.29 23.22
686.8 23617.23 5627.99 23.83
688.2 23841.32 5822.32 24.42
689.5 23927.84 5981.08 25.00
690.9 23997.39 6127.93 25.54
692.2 24047.78 6265.35 26.05
693.6 24110.83 6402.96 26.56
694.9 24095.99 6506.05 27.00
696.2 24121.97 6616.76 27.43
697.6 24149.95 6727.19 27.86
698.9 24174.48 6842.88 28.31
700.3 24215.57 6959.09 28.74
701.6 24264.40 7072.44 29.15
703.0 24323.35 7192.49 29.57
704.3 24329.34 7289.69 29.96
705.6 24327.41 7388.48 30.37
707.0 24334.75 7488.92 30.77
708.3 24282.08 7568.27 31.17
709.6 24223.21 7637.87 31.53
711.0 24124.28 7702.43 31.93
712.3 24015.02 7755.99 32.30
713.6 23977.17 7832.16 32.67
714.9 23907.38 7895.66 33.03
716.3 23880.58 7976.03 33.40
717.6 23876.83 8058.37 33.75
718.9 23805.06 8127.94 34.14
720.2 23675.16 8167.94 34.50
721.6 23576.15 8215.92 34.85
722.9 23446.45 8260.41 35.23
724.2 23274.82 8278.60 35.57
725.5 23133.68 8311.87 35.93
726.8 23009.81 8340.01 36.25
728.1 22933.91 8380.75 36.54
729.5 22856.87 8425.51 36.86
730.8 22796.53 8480.23 37.20
732.1 22719.29 8525.12 37.52
733.4 22660.56 8568.73 37.81
734.7 22602.67 8617.74 38.13
736.0 22569.89 8679.91 38.46
737.3 22520.76 8736.20 38.79
738.6 22554.56 8819.25 39.10
739.9 22633.16 8929.41 39.45
741.2 22698.59 9015.55 39.72
742.5 22841.25 9147.67 40.05
743.8 23091.34 9315.08 40.34
745.1 23491.07 9551.05 40.66
746.4 23957.57 9816.17 40.97
747.7 24466.55 10112.48 41.33
749.0 24948.63 10414.07 41.74
750.3 25229.30 10625.50 42.12
751.6 25175.69 10708.01 42.53
752.9 24925.64 10697.49 42.92
754.2 24630.59 10654.92 43.26
755.4 24314.44 10594.49 43.57
756.7 24210.69 10617.38 43.85
758.0 24235.24 10702.82 44.16
759.3 24394.18 10846.47 44.46
760.6 24621.52 11017.16 44.75
761.9 24823.09 11192.45 45.09
763.1 24955.30 11315.22 45.34
764.4 25125.21 11460.47 45.61
765.7 25257.38 11590.80 45.89
767.0 25349.99 11714.63 46.21
768.2 25431.84 11829.22 46.51
769.5 25509.93 11937.33 46.79
770.8 25646.87 12081.49 47.11
772.0 25674.66 12170.69 47.40
773.3 25762.96 12284.98 47.68
774.6 25839.71 12399.09 47.98
775.8 25921.43 12506.42 48.25
777.1 25948.26 12602.25 48.57
778.4 25918.05 12669.93 48.88
779.6 25945.86 12755.99 49.16
780.9 25904.00 12810.40 49.45
782.1 25811.51 12834.08 49.72
783.4 25819.04 12917.63 50.03
784.6 25849.06 12987.23 50.24
785.9 26028.56 13147.19 50.51
787.1 26416.14 13404.14 50.74
788.4 26716.91 13652.13 51.10
789.6 26732.54 13759.61 51.47
790.9 26499.75 13735.21 51.83
792.1 26215.36 13663.02 52.12
793.4 25939.41 13596.32 52.42
794.6 25766.06 13574.22 52.68
795.8 25608.38 13570.35 52.99
797.1 25427.85 13539.26 53.25
798.3 25301.10 13538.09 53.51
799.5 25235.55 13576.55 53.80
800.8 25155.70 13602.19 54.07
802.0 25074.70 13621.47 54.32
803.2 24986.56 13637.74 54.58
804.5 24925.76 13657.95 54.79
805.7 24855.66 13685.09 55.06
806.9 24776.64 13703.51 55.31
808.1 24708.89 13733.15 55.58
809.4 24677.19 13768.59 55.79
810.6 24617.78 13803.79 56.07
811.8 24606.91 13847.36 56.27
813.0 24601.75 13904.51 56.52
814.2 24620.30 13967.79 56.73
815.4 24684.78 14050.07 56.92
816.6 24715.54 14121.54 57.14
817.9 24752.29 14197.99 57.36
819.1 24717.85 14226.84 57.56
820.3 24615.89 14230.55 57.81
821.5 24558.22 14247.82 58.02
822.7 24525.20 14272.56 58.20
823.9 24512.51 14297.36 58.33
825.1 24512.73 14343.70 58.52
826.3 24527.23 14383.37 58.64
827.5 24554.23 14418.30 58.72
828.7 24585.24 14466.14 58.84
829.9 24620.63 14512.20 58.94
831.0 24677.45 14574.42 59.06
832.2 24735.00 14628.36 59.14
833.4 24800.15 14680.50 59.20
834.6 24827.34 14738.44 59.36
835.8 24886.58 14798.70 59.46
837.0 24941.18 14871.74 59.63
838.1 25036.55 14956.41 59.74
839.3 25073.20 15010.31 59.87
840.5 25138.07 15081.86 60.00
841.7 25214.76 15159.83 60.12
842.9 25311.78 15244.89 60.23
844.0 25352.29 15314.47 60.41
845.2 25454.19 15398.17 60.49
846.4 25527.43 15484.62 60.66
847.5 25656.16 15586.02 60.75
848.7 25745.00 15682.94 60.92
849.9 25879.71 15788.43 61.01
851.0 25913.04 15843.02 61.14
852.2 25966.07 15915.96 61.30
853.3 25941.98 15947.29 61.47
854.5 25934.86 15990.22 61.66
855.6 25916.94 16008.44 61.77
856.8 25944.85 16047.03 61.85
857.9 25943.54 16074.51 61.96
859.1 25996.60 16155.96 62.15
860.2 26027.46 16184.82 62.18
861.4 26023.97 16224.39 62.34
862.5 26059.24 16274.19 62.45
863.7 26115.12 16316.71 62.48
864.8 26101.25 16361.66 62.69
865.9 26082.46 16361.34 62.73
867.1 26099.25 16402.50 62.85
868.2 26099.69 16421.81 62.92
869.3 26128.19 16452.26 62.97
870.5 26099.47 16446.46 63.01
871.6 26087.08 16481.78 63.18
872.7 26136.21 16547.41 63.31
873.9 26148.82 16570.14 63.37
875.0 26142.73 16566.55 63.37
876.1 26142.29 16586.56 63.45
877.2 26184.05 16617.43 63.46
878.3 26169.01 16618.18 63.50
879.4 26191.11 16644.12 63.55
880.5 26214.48 16669.30 63.59
881.7 26220.35 16680.30 63.62
882.8 26271.44 16714.82 63.62
883.9 26272.50 16761.86 63.80
885.0 26275.91 16742.41 63.72
886.1 26278.81 16765.83 63.80
887.2 26194.66 16729.74 63.87
888.3 26154.69 16700.87 63.85
889.4 26083.75 16666.97 63.90
890.5 26060.47 16661.05 63.93
891.6 26043.45 16632.08 63.86
892.7 26025.13 16622.07 63.87
893.8 26046.70 16641.90 63.89
894.9 26070.72 16653.12 63.88
896.0 26059.51 16624.12 63.79
897.0 26054.12 16651.74 63.91
898.1 26079.30 16646.92 63.83
899.2 26095.96 16655.09 63.82
900.3 26052.56 16609.03 63.75
901.4 26029.33 16567.89 63.65
902.4 26018.83 16585.76 63.75
903.5 26017.27 16571.57 63.69
904.6 26012.16 16564.91 63.68
905.7 26050.43 16553.29 63.54
906.7 26024.14 16547.15 63.58
907.8 26076.86 16549.73 63.47
908.9 26057.48 16535.30 63.46
909.9 26017.06 16484.96 63.36
911.0 26009.49 16441.29 63.21
912.1 25979.15 16408.71 63.16
913.1 25944.88 16365.23 63.08
914.2 25856.17 16289.04 63.00
915.2 25844.13 16253.73 62.89
916.3 25883.78 16222.71 62.68
917.3 25847.25 16192.29 62.65
918.4 25819.06 16115.17 62.42
919.4 25792.96 16070.13 62.30
920.5 25804.34 16005.30 62.03
921.5 25824.68 15964.16 61.82
922.6 25820.42 15899.86 61.58
923.6 25802.74 15859.45 61.46
924.7 25837.63 15793.90 61.13
925.7 25830.51 15712.25 60.83
926.7 25889.20 15643.22 60.42
927.8 25949.67 15575.35 60.02
928.8 26061.51 15567.53 59.73
929.9 26114.55 15528.55 59.46
930.9 26214.58 15504.97 59.15
931.9 26363.30 15472.00 58.69
932.9 26568.63 15496.82 58.33
934.0 26604.58 15403.83 57.90
935.0 26610.78 15321.96 57.58
936.0 26639.41 15213.72 57.11
937.0 26632.91 15082.86 56.63
938.1 26589.57 14957.53 56.25
939.1 26594.73 14865.65 55.90
940.1 26647.30 14754.96 55.37
941.1 26757.94 14723.63 55.03
942.1 26950.86 14704.56 54.56
943.1 27064.46 14630.53 54.06
944.1 27200.04 14549.55 53.49
945.2 27250.86 14467.82 53.09
946.2 27341.46 14366.63 52.55
947.2 27385.31 14225.65 51.95
948.2 27528.14 14133.24 51.34
949.2 27562.84 14014.16 50.84
950.2 27601.23 13867.35 50.24
951.2 27696.06 13768.78 49.71
952.2 27776.58 13638.42 49.10
953.2 27874.44 13530.56 48.54
954.2 27994.28 13410.72 47.91
955.2 28013.52 13267.06 47.36
956.2 27975.49 13153.33 47.02
957.2 28074.45 13075.34 46.57
958.2 28163.05 12993.82 46.14
959.2 28188.45 12903.75 45.78
960.1 28244.69 12853.50 45.51
961.1 28322.00 12801.48 45.20
962.1 28304.06 12728.81 44.97
963.1 28357.97 12696.78 44.77
964.1 28464.51 12726.85 44.71
965.1 28543.56 12710.32 44.53
966.1 28584.14 12653.35 44.27
967.0 28655.80 12712.53 44.36
968.0 28697.14 12667.90 44.14
969.0 28718.80 12647.40 44.04
970.0 28760.47 12665.20 44.04
971.0 28834.42 12641.12 43.84
971.9 28848.78 12635.36 43.80
972.9 28890.31 12657.65 43.81
973.9 28948.56 12621.83 43.60
974.9 29046.70 12636.73 43.50
975.8 29063.68 12635.89 43.48
976.8 29052.58 12634.95 43.49
977.8 29165.54 12666.54 43.43
978.8 29197.88 12632.55 43.27
979.7 29189.32 12658.48 43.37
980.7 29306.81 12685.04 43.28
981.7 29477.75 12721.52 43.16
982.6 29574.16 12847.48 43.44
983.6 29987.80 12895.56 43.00
984.6 30188.75 13089.84 43.36
985.5 30563.82 13215.67 43.24
986.5 30946.12 13406.03 43.32
987.5 31666.80 13748.25 43.42
988.4 32276.75 14084.40 43.64
989.4 33081.94 14481.15 43.77
990.4 33865.04 14713.78 43.45
991.3 34680.98 15338.03 44.23
992.3 35996.38 15533.22 43.15
993.2 37249.57 16066.68 43.13
994.2 37192.84 16395.21 44.08
995.2 38468.72 17010.17 44.22
996.1 38815.33 17482.18 45.04
997.1 39248.66 16806.89 42.82
998.0 39056.40 17404.08 44.56
999.0 38843.24 17922.09 46.14
1000.0 39939.10 17550.70 43.94
1000.9 41119.71 18572.73 45.17
1001.9 38921.76 18406.75 47.29
1002.8 38260.04 17812.87 46.56
1003.8 38840.71 17892.91 46.07
1004.8 39018.78 17706.77 45.38
961.5 34611.80 14598.83 42.18
965.5 33947.81 14415.02 42.46
969.5 32673.62 14177.90 43.39
973.4 31329.21 14019.26 44.75
977.4 30182.73 13821.44 45.79
981.4 29653.05 13755.19 46.39
985.3 29580.67 13767.60 46.54
989.3 29694.74 13906.79 46.83
993.3 29811.28 14073.01 47.21
997.2 29873.76 14219.32 47.60
1001.2 29847.48 14427.66 48.34
1005.2 29766.32 14652.06 49.22
1009.1 29802.16 14916.83 50.05
1013.1 29912.80 15226.81 50.90
1017.1 29980.27 15550.89 51.87
1021.0 29997.45 15828.56 52.77
1025.0 29986.05 16112.07 53.73
1029.0 29874.56 16342.47 54.70
1032.9 29757.39 16565.64 55.67
1036.9 29719.10 16856.70 56.72
1040.9 29786.91 17162.74 57.62
1044.8 29914.06 17464.02 58.38
1048.8 30017.23 17771.62 59.20
1052.7 30081.05 18023.55 59.92
1056.7 30106.96 18176.09 60.37
1060.7 30124.55 18313.67 60.79
1064.6 30126.20 18423.29 61.15
1068.6 30068.46 18440.65 61.33
1072.5 30024.99 18435.93 61.40
1076.5 29992.38 18401.02 61.35
1080.4 29983.51 18316.28 61.09
1084.4 30049.89 18245.64 60.72
1088.3 30134.74 18161.62 60.27
1092.3 30115.74 17978.30 59.70
1096.2 30104.84 17759.15 58.99
1100.2 30142.18 17578.11 58.32
1104.1 30082.71 17325.81 57.59
1108.1 30052.27 17069.37 56.80
1112.0 29977.43 16792.97 56.02
1116.0 29868.35 16446.82 55.06
1119.9 29779.89 16060.85 53.93
1123.9 29822.35 15680.11 52.58
1127.8 29798.40 15106.56 50.70
1131.8 29786.58 14337.03 48.13
1135.7 29821.64 13475.55 45.19
1139.6 29831.38 12555.79 42.09
1143.6 29819.95 11665.73 39.12
1147.5 29803.64 10900.02 36.57
1151.4 29713.98 10286.89 34.62
1155.4 29731.43 9886.00 33.25
1159.3 29760.66 9635.40 32.38
1163.2 29674.15 9424.01 31.76
1167.2 29672.28 9296.04 31.33
1171.1 29681.80 9210.26 31.03
1175.0 29651.52 9125.42 30.78
1179.0 29638.87 9062.78 30.58
1182.9 29697.98 9011.42 30.34
1186.8 29706.14 8946.00 30.11
1190.7 29571.10 8848.70 29.92
1194.7 29411.94 8762.04 29.79
1198.6 29289.65 8711.01 29.74
1202.5 29196.66 8686.81 29.75
1206.4 29112.98 8680.95 29.82
1210.3 29056.59 8690.36 29.91
1214.2 29008.58 8723.12 30.07
1218.2 28915.95 8747.51 30.25
1222.1 28833.10 8780.28 30.45
1226.0 28785.60 8826.34 30.66
1229.9 28734.48 8878.56 30.90
1233.8 28673.70 8917.09 31.10
1237.7 28644.25 8961.74 31.29
1241.6 28596.57 8997.60 31.46
1245.5 28494.07 9005.60 31.61
1249.4 28422.55 9017.95 31.73
1253.3 28356.92 9037.64 31.87
1257.2 28323.43 9049.73 31.95
1261.1 28264.79 9048.35 32.01
1265.0 28184.91 9018.36 32.00
1268.9 28067.43 8948.41 31.88
1272.8 28106.70 8920.50 31.74
1276.7 28238.01 8907.98 31.55
1280.6 28297.17 8849.41 31.27
1284.5 28250.81 8740.69 30.94
1288.4 28234.52 8629.76 30.56
1292.3 28165.50 8472.75 30.08
1296.2 28076.33 8283.13 29.50
1300.1 27971.71 8060.78 28.82
1303.9 27830.79 7820.64 28.10
1307.8 27679.51 7572.47 27.36
1311.7 27513.83 7296.26 26.52
1315.6 27356.90 7015.78 25.65
1319.5 27190.78 6708.62 24.67
1323.3 27036.43 6408.34 23.70
1327.2 26898.46 6122.60 22.76
1331.1 26745.75 5826.03 21.78
1335.0 26551.82 5540.74 20.87
1338.8 26417.20 5296.15 20.05
1342.7 26306.22 5079.00 19.31
1346.5 26068.84 4840.73 18.57
1350.4 25867.11 4625.03 17.88
1354.3 25587.95 4428.54 17.31
1358.1 25293.52 4237.59 16.75
1362.0 25095.25 4058.96 16.17
1365.8 25024.00 3895.21 15.57
1369.7 25106.98 3744.27 14.91
1373.5 25078.13 3541.45 14.12
1377.4 24917.97 3288.30 13.20
1381.2 24782.40 3011.53 12.15
1385.1 24754.66 2749.66 11.11
1389.0 24692.16 2492.92 10.10
1392.8 24567.88 2248.14 9.15
1396.6 24460.52 2054.05 8.40
1400.5 24320.99 1894.53 7.79
1404.3 24225.89 1761.97 7.27
1408.2 24204.64 1663.40 6.87
1412.0 24174.50 1587.31 6.57
1415.8 24201.79 1537.23 6.35
1419.6 24176.54 1495.94 6.19
1423.5 24162.30 1462.46 6.05
1427.3 24156.22 1433.19 5.93
1431.1 24149.78 1408.95 5.83
1434.9 24082.82 1386.76 5.76
1438.8 24045.91 1382.06 5.75
1442.6 24021.66 1368.64 5.70
1446.4 23948.95 1355.34 5.66
1450.2 23899.20 1351.22 5.65
1454.0 23823.72 1347.48 5.66
1457.8 23805.13 1347.89 5.66
1461.6 23794.65 1347.98 5.67
1465.4 23719.51 1345.71 5.67
1469.2 23598.58 1349.08 5.72
1473.0 23505.47 1361.65 5.79
1476.8 23479.35 1371.36 5.84
1480.7 23444.07 1394.75 5.95
1484.4 23358.60 1411.32 6.04
1488.2 23294.76 1434.12 6.16
1492.0 23212.99 1469.00 6.33
1495.8 23134.48 1490.13 6.44
1499.6 23068.04 1506.42 6.53
1503.4 22989.82 1510.08 6.57
1507.2 22924.40 1499.10 6.54
1510.9 22832.54 1497.18 6.56
1514.7 22729.47 1506.99 6.63
1518.5 22650.58 1536.11 6.78
1522.3 22564.73 1558.80 6.91
1526.0 22502.83 1571.46 6.98
1529.8 22457.39 1584.70 7.06
1533.6 22379.96 1608.47 7.19
1537.3 22300.49 1644.69 7.38
1541.1 22218.14 1658.07 7.46
1544.8 22130.40 1672.80 7.56
1548.6 22049.49 1699.63 7.71
1552.4 21992.28 1735.41 7.89
1556.1 21940.64 1749.66 7.97
1559.9 21881.16 1757.20 8.03
1563.6 21806.79 1779.81 8.16
1567.3 21732.27 1809.23 8.33
1571.1 21585.13 1826.82 8.46
1574.8 21494.94 1849.93 8.61
1578.6 21441.85 1879.36 8.76
1582.3 21360.05 1889.70 8.85
1586.0 21278.88 1900.03 8.93
1589.8 21182.42 1915.18 9.04
1593.5 21087.16 1914.39 9.08
1597.2 21011.15 1918.40 9.13
1600.9 20910.91 1929.61 9.23
1604.7 20817.19 1944.03 9.34
1608.4 20751.75 1956.08 9.43
1612.1 20653.79 1960.85 9.49
1615.8 20554.46 1963.30 9.55
1619.5 20509.10 1976.20 9.64
1623.2 20415.20 1989.14 9.74
1626.9 20293.94 1990.88 9.81
1630.6 20187.64 2003.76 9.93
1634.3 20108.09 2009.36 9.99
1638.0 20016.12 2008.36 10.03
1641.7 19907.78 2012.88 10.11
1645.4 19793.59 2008.57 10.15
1649.1 19676.58 2007.18 10.20
1652.8 19573.89 2010.43 10.27
1656.4 19468.81 1995.05 10.25
1660.1 19373.12 1988.80 10.27
1663.8 19253.37 1984.42 10.31
1667.5 19154.03 1977.49 10.32
1671.1 19073.44 1964.58 10.30
1674.8 18955.63 1945.72 10.26
1678.5 18920.35 1928.03 10.19
1682.1 18926.99 1914.94 10.12
1685.8 18934.59 1915.34 10.12
1689.5 18875.64 1899.85 10.07
1693.1 18777.51 1872.30 9.97
1696.8 18693.63 1854.88 9.92
1700.4 18605.80 1836.52 9.87
1704.0 18533.22 1808.35 9.76
1707.7 18380.44 1769.51 9.63
1711.3 18186.09 1734.62 9.54
1715.0 18064.01 1709.57 9.46
1718.6 17962.81 1670.01 9.30
1722.2 17869.77 1637.44 9.16
1725.9 17778.98 1607.06 9.04
1729.5 17683.82 1581.83 8.95
1733.1 17615.86 1568.95 8.91
1736.7 17543.89 1547.36 8.82
1740.3 17426.02 1523.22 8.74
1744.0 17375.79 1504.69 8.66
1747.5 17289.32 1482.42 8.57
1751.2 17148.24 1447.73 8.44
1754.8 17043.21 1423.85 8.35
1758.4 16959.78 1399.41 8.25
1762.0 16844.84 1373.68 8.15
1765.5 16763.61 1361.73 8.12
1769.1 16735.20 1351.20 8.07
1772.7 16687.95 1341.23 8.04
1776.3 16608.65 1320.31 7.95
1779.9 16528.93 1302.01 7.88
1783.5 16504.40 1294.56 7.84
1787.0 16420.93 1274.49 7.76
1790.6 16313.97 1258.01 7.71
1794.2 16250.54 1254.33 7.72
1797.8 16183.76 1247.08 7.71
1801.3 16118.56 1240.89 7.70
1804.9 16020.38 1233.75 7.70
1808.4 15971.30 1219.73 7.64
1812.0 15882.75 1210.89 7.62
1815.5 15784.84 1209.30 7.66
1819.1 15650.89 1193.64 7.63
1822.6 15532.45 1189.03 7.66
1826.2 15446.30 1192.02 7.72
1829.7 15337.22 1176.78 7.67
1833.2 15178.78 1154.54 7.61
1836.8 15030.02 1133.86 7.54
1840.3 14950.04 1113.62 7.45
1843.8 14886.20 1114.75 7.49
1847.3 14837.06 1115.07 7.52
1850.8 14793.41 1092.67 7.39
1854.3 14722.56 1076.93 7.31
1857.8 14658.80 1060.80 7.24
1861.3 14629.20 1022.02 6.99
1864.8 14572.84 970.63 6.66
1868.3 14425.58 925.47 6.42
1871.8 14284.80 883.20 6.18
1875.3 14255.61 827.65 5.81
1878.8 14246.03 812.07 5.70
1882.3 14193.40 783.30 5.52
1885.8 14118.50 714.76 5.06
1889.3 13979.52 667.28 4.77
1892.7 13865.36 628.63 4.53
1896.2 13804.86 617.41 4.47
1899.7 13707.11 644.40 4.70
1903.1 13634.54 646.80 4.74
1906.6 13688.09 625.83 4.57
1910.0 13884.77 667.14 4.80
1913.5 14226.75 807.39 5.68
1917.0 14474.60 960.05 6.63
1920.4 14745.78 1109.40 7.52
1923.8 15062.87 1137.84 7.55
1871.2 12888.95 686.80 5.33
1873.9 13047.08 665.78 5.10
1876.7 13250.10 629.06 4.75
1879.5 13307.88 624.25 4.69
1882.3 13009.24 676.63 5.20
1885.1 13033.44 603.40 4.63
1887.8 13145.19 569.02 4.33
1890.6 12997.04 615.94 4.74
1893.4 12958.00 550.00 4.24
1896.2 12845.61 536.38 4.18
1898.9 12795.28 603.79 4.72
1901.7 12697.20 546.69 4.31
1904.5 12812.38 523.71 4.09
1907.2 12777.50 536.75 4.20
1910.0 12693.31 527.45 4.16
1912.7 12674.55 516.43 4.07
1915.5 12622.22 508.05 4.03
1918.2 12592.16 522.44 4.15
1921.0 12470.84 498.56 4.00
1923.7 12502.92 513.59 4.11
1926.5 12525.14 501.53 4.00
1929.2 12499.59 513.07 4.10
1932.0 12466.20 559.32 4.49
1934.7 12450.39 515.90 4.14
1937.4 12388.06 517.98 4.18
1940.2 12333.29 534.76 4.34
1942.9 12377.93 514.61 4.16
1945.6 12406.16 528.50 4.26
1948.3 12364.25 514.43 4.16
1951.1 12353.04 511.70 4.14
1953.8 12345.00 531.00 4.30
1956.5 12249.55 518.14 4.23
1959.2 12291.89 529.23 4.31
1961.9 12307.40 527.46 4.29
1964.6 12224.28 505.75 4.14
1967.3 12284.97 528.07 4.30
1970.0 12156.72 538.72 4.43
1972.8 12093.19 523.62 4.33
1975.5 12180.79 532.65 4.37
1978.2 12109.24 531.44 4.39
1980.9 12027.29 527.62 4.39
1983.5 11996.88 552.58 4.61
1986.2 11983.38 538.35 4.49
1988.9 11983.38 529.62 4.42
1991.6 11899.51 547.47 4.60
1994.3 11798.84 548.78 4.65
1997.0 11807.25 562.25 4.76
1999.7 11770.96 565.72 4.81
2002.3 11768.44 535.06 4.55
2005.0 11742.55 514.92 4.39
2007.7 11687.40 527.47 4.51
2010.4 11651.26 531.03 4.56
2013.0 11630.36 529.17 4.55
2015.7 11528.64 537.08 4.66
2018.4 11457.30 555.99 4.85
2021.0 11452.33 561.00 4.90
2023.7 11380.16 542.72 4.77
2026.4 11323.00 535.17 4.73
2029.0 11263.54 528.59 4.69
2031.7 11193.43 543.62 4.86
2034.3 11193.43 552.07 4.93
2037.0 11130.51 501.07 4.50
2039.6 11076.09 500.77 4.52
2042.3 11047.98 536.39 4.86
2044.9 11026.46 532.95 4.83
2047.5 11001.21 527.34 4.79
2050.2 10900.40 546.00 5.01
2052.8 10894.80 532.00 4.88
2055.4 10822.84 523.91 4.84
2058.1 10738.00 543.20 5.06
2060.7 10718.83 528.26 4.93
2063.3 10653.43 526.68 4.94
2065.9 10619.50 536.00 5.05
2068.6 10577.63 547.17 5.17
2071.2 10537.83 552.42 5.24
2073.8 10490.95 534.48 5.09
2076.4 10463.25 541.69 5.18
2079.0 10439.15 542.33 5.20
2081.6 10423.40 514.84 4.94
2084.2 10414.77 527.65 5.07
2086.8 10346.04 528.90 5.11
2089.4 10282.92 524.78 5.10
2092.1 10234.00 529.83 5.18
2094.7 10195.43 522.63 5.13
2097.2 10197.17 527.00 5.17
2099.8 10202.45 532.33 5.22
2102.4 10082.46 520.33 5.16
2105.0 9986.40 530.10 5.31
2107.6 9963.47 538.34 5.40
2110.2 9945.83 522.87 5.26
2112.8 9950.08 552.62 5.55
2115.3 9950.34 545.58 5.48
2117.9 9955.62 522.30 5.25
2120.5 9928.49 542.19 5.46
2123.1 9866.03 552.83 5.60
2125.6 9842.13 544.67 5.53
2128.2 9772.14 547.29 5.60
2130.8 9719.78 538.20 5.54
2133.3 9694.67 536.80 5.54
2135.9 9628.08 535.38 5.56
2138.4 9561.93 518.61 5.42
2141.0 9493.76 520.09 5.48
2143.6 9481.01 527.70 5.57
2146.1 9385.04 511.27 5.45
2148.7 9294.55 516.85 5.56
2151.2 9319.20 539.73 5.79
2153.8 9286.22 535.69 5.77
2156.3 9196.68 534.55 5.81
2158.8 9176.01 487.30 5.31
2161.4 9166.37 504.17 5.50
2163.9 9107.40 530.70 5.83
2166.4 9056.27 517.42 5.71
2169.0 9041.49 508.55 5.62
2171.5 8982.35 502.63 5.60
2174.0 8919.05 523.60 5.87
2176.5 8910.20 511.29 5.74
2179.1 8872.37 478.86 5.40
2181.6 8820.83 483.63 5.48
2184.1 8802.64 505.12 5.74
2186.6 8815.58 505.27 5.73
2189.1 8766.51 503.97 5.75
2191.6 8725.27 486.73 5.58
2194.1 8759.24 504.89 5.76
2196.6 8743.02 526.48 6.02
2199.2 8762.69 491.86 5.61
2201.7 8728.52 505.02 5.79
2204.1 8693.38 498.44 5.73
2206.6 8724.47 488.63 5.60
2209.1 8690.36 484.48 5.57
2211.6 8648.75 487.25 5.63
2214.1 8641.19 513.23 5.94
2216.6 8629.81 482.39 5.59
2219.1 8603.23 455.80 5.30
2221.6 8565.00 494.87 5.78
2224.0 8580.12 491.49 5.73
2226.5 8553.64 468.02 5.47
2229.0 8526.93 491.06 5.76
2231.5 8456.64 501.73 5.93
2233.9 8447.09 477.19 5.65
2236.4 8434.10 459.34 5.45
2238.9 8377.75 476.63 5.69
2241.3 8418.52 497.49 5.91
2243.8 8391.31 462.51 5.51
2246.2 8272.81 453.57 5.48
2248.7 8260.98 462.80 5.60
2251.2 8270.85 472.73 5.72
2253.6 8217.60 464.64 5.65
2256.1 8198.40 426.24 5.20
2258.5 8205.80 414.90 5.06
2260.9 8176.22 425.69 5.21
2263.4 8125.75 418.38 5.15
2265.8 8124.16 388.51 4.78
2268.3 8073.80 388.68 4.81
2270.7 8110.40 437.57 5.40
2273.1 8107.19 444.86 5.49
2275.6 8037.12 407.04 5.06
2278.0 8047.94 395.86 4.92
2280.4 8050.71 396.38 4.92
2282.8 7936.92 402.65 5.07
2285.3 7936.09 427.72 5.39
2287.7 8013.06 429.55 5.36
2290.1 7946.20 391.38 4.93
2292.5 7908.89 392.87 4.97
2294.9 7966.56 367.51 4.61
2297.3 7878.36 355.95 4.52
2299.7 7782.17 375.09 4.82
2302.1 7817.38 333.91 4.27
2304.5 7722.40 356.72 4.62
2306.9 7647.92 372.40 4.87
2309.3 7632.91 352.65 4.62
2311.7 7536.00 368.95 4.90
2314.1 7439.51 354.45 4.76
2316.5 7426.90 334.90 4.51
2318.9 7433.98 350.81 4.72
2321.3 7420.20 340.70 4.59
2323.7 7439.58 347.42 4.67
2326.1 7403.11 362.70 4.90
2328.4 7412.50 329.54 4.45
2330.8 7505.15 351.74 4.69
2333.2 7417.12 391.24 5.27
2335.6 7356.75 357.04 4.85
2337.9 7411.84 325.52 4.39
2340.3 7376.47 335.87 4.55
2342.7 7282.70 334.30 4.59
2345.0 7270.29 305.76 4.21
2347.4 7284.50 314.50 4.32
2349.7 7133.68 354.55 4.97
2352.1 7080.04 330.20 4.66
2354.4 7143.83 309.48 4.33
2356.8 7126.82 297.85 4.18
2359.2 7067.67 268.67 3.80
2361.5 7038.06 287.98 4.09
2363.8 7031.06 324.98 4.62
2366.2 7039.27 300.11 4.26
2368.5 7035.45 302.60 4.30
2370.9 7023.13 335.50 4.78
2373.2 6987.82 283.29 4.05
2375.5 6900.63 239.83 3.48
2377.9 6892.20 305.41 4.43
2380.2 6890.83 348.21 5.05
2382.5 6864.93 303.27 4.42
2384.8 6830.08 287.68 4.21
2387.2 6784.02 304.74 4.49
2389.5 6780.31 306.91 4.53
2391.8 6787.76 247.17 3.64
2394.1 6727.26 230.32 3.42
2396.4 6676.90 275.79 4.13
2398.7 6732.64 272.81 4.05
2401.0 6690.59 237.36 3.55
2403.3 6603.48 239.04 3.62
2405.6 6572.81 274.91 4.18
2407.9 6583.14 260.52 3.96
2410.2 6542.40 275.73 4.21
2412.5 6479.13 304.90 4.71
2414.8 6475.24 256.75 3.97
2417.1 6452.08 263.25 4.08
2419.4 6434.35 286.55 4.45
2421.7 6386.85 268.09 4.20
2424.0 6345.28 248.32 3.91
2426.2 6355.80 219.35 3.45
2428.5 6327.75 200.11 3.16
2430.8 6349.25 234.35 3.69
2433.1 6300.57 248.93 3.95
2435.4 6204.86 251.78 4.06
2437.6 6227.24 296.54 4.76
2439.9 6165.27 247.06 4.01
2442.2 6149.09 227.53 3.70
2444.4 6162.60 235.48 3.82
2446.7 6079.44 256.96 4.23
2448.9 6081.55 290.16 4.77
2451.2 6103.04 232.44 3.81
2453.4 6038.72 216.96 3.59
2455.7 6026.93 231.10 3.83
2457.9 5958.48 244.20 4.10
2460.2 5949.23 234.27 3.94
2462.4 5977.92 187.20 3.13
2464.7 5891.98 189.25 3.21
2466.9 5829.36 211.86 3.63
2469.2 5872.39 207.41 3.53
2471.4 5796.90 223.21 3.85
2473.6 5737.62 200.85 3.50
2475.9 5730.24 196.43 3.43
2478.1 5663.45 218.61 3.86
2480.3 5645.91 187.97 3.33
2482.5 5682.93 200.15 3.52
2484.8 5614.17 182.04 3.24
2487.0 5547.59 199.98 3.60
2489.2 5555.75 211.07 3.80
2491.4 5471.72 153.70 2.81
2493.6 5479.00 203.80 3.72
2495.8 5550.75 285.06 5.14
2498.0 5512.53 194.56 3.53
2500.2 5509.95 126.38 2.29
2502.4 5736.48 239.76 4.18
2504.6 5803.02 253.53 4.37
2506.8 5806.03 165.61 2.85
