/*** Spectra Vista SIG Data ***/
name= \My Documents\HR1024_Data\RD4T1.
instrument= HR: 1091052
integration= 400, 60, 30, 500, 60, 30
scan time= 1, 1
scan settings= AD, AI, AD, AI
external data set1= 8224, 8224, 8224, 8224, 8224, 8224, 8224, 8224, 8224, 8224, 8224, 8224, 8224, 8224, 8224, 8224
external data set2= 8224, 8224, 8224, 8224, 8224, 8224, 8224, 8224, 8224, 8224, 8224, 8224, 8224, 8224, 8224, 8224
external data dark= 0,0,0,0,0,0,0,0
external data mask= 0
optic= LENS4 , LENS4 
temp= 30.65, 8.88, -5.44, 31.77, 8.94, -5.37
battery= 7.2, 7.1
error= 0, 0
units= Radiance, Radiance
time= 2/3/08 11:43:53 AM, 2/3/08 11:45:04 AM
longitude= , 
latitude= , 
gpstime= , 
comm= 
memory slot= 0, 0
factors= 
data= 
346.4 340.80 68.80 20.19
347.9 367.09 71.54 19.49
349.5 399.36 74.88 18.75
351.1 433.68 79.87 18.42
352.6 460.14 80.96 17.59
354.2 492.51 75.92 15.42
355.7 538.80 79.47 14.75
357.3 568.67 85.99 15.12
358.8 585.41 86.68 14.81
360.4 620.84 92.86 14.96
361.9 639.04 86.37 13.51
363.5 669.99 88.64 13.23
365.1 686.57 92.93 13.54
366.6 733.66 85.62 11.67
368.2 777.26 80.58 10.37
369.7 809.72 92.73 11.45
371.3 867.57 88.24 10.17
372.8 909.68 90.30 9.93
374.4 951.19 85.44 8.98
375.9 983.07 87.38 8.89
377.4 1019.66 91.07 8.93
379.0 1055.00 85.29 8.08
380.5 1084.82 92.33 8.51
382.1 1116.99 83.92 7.51
383.6 1163.77 88.45 7.60
385.2 1204.50 82.50 6.85
386.7 1260.34 88.81 7.05
388.3 1320.71 84.79 6.42
389.8 1373.87 88.94 6.47
391.3 1425.92 92.46 6.48
392.9 1463.75 86.49 5.91
394.4 1503.04 98.52 6.55
395.9 1566.86 102.99 6.57
397.5 1640.84 108.53 6.61
399.0 1713.41 107.53 6.28
400.6 1767.34 91.69 5.19
402.1 1795.68 89.78 5.00
403.6 1820.90 88.23 4.85
405.1 1866.85 88.66 4.75
406.7 1930.88 88.70 4.59
408.2 2001.41 93.56 4.67
409.7 2064.16 91.39 4.43
411.3 2128.61 98.23 4.61
412.8 2179.22 109.97 5.05
414.3 2248.03 104.75 4.66
415.8 2315.00 105.00 4.54
417.4 2384.53 109.30 4.58
418.9 2438.92 109.30 4.48
420.4 2491.25 104.69 4.20
421.9 2528.90 113.26 4.48
423.5 2576.67 111.15 4.31
425.0 2614.97 112.38 4.30
426.5 2670.30 107.50 4.03
428.0 2738.04 109.19 3.99
429.5 2820.30 112.18 3.98
431.1 2917.98 108.36 3.71
432.6 3022.17 108.43 3.59
434.1 3121.39 114.73 3.68
435.6 3210.17 114.55 3.57
437.1 3292.58 121.68 3.70
438.6 3380.78 116.33 3.44
440.1 3459.46 121.33 3.51
441.6 3549.43 126.56 3.57
443.1 3629.81 132.03 3.64
444.7 3707.22 135.63 3.66
446.2 3767.95 130.51 3.46
447.7 3836.04 135.49 3.53
449.2 3908.52 133.92 3.43
450.7 3965.52 133.12 3.36
452.2 4034.15 139.91 3.47
453.7 4115.19 134.10 3.26
455.2 4205.69 137.14 3.26
456.7 4326.08 135.17 3.12
458.2 4453.50 134.21 3.01
459.7 4591.13 142.10 3.10
461.2 4724.02 143.32 3.03
462.7 4831.21 150.36 3.11
464.2 4944.66 152.26 3.08
465.7 5062.68 158.46 3.13
467.2 5160.93 157.08 3.04
468.7 5264.00 162.40 3.09
470.2 5336.05 168.76 3.16
471.7 5439.94 173.85 3.20
473.2 5622.31 177.93 3.16
474.6 5770.75 178.03 3.09
476.1 5808.80 170.45 2.93
477.6 5821.61 176.18 3.03
479.1 5853.68 169.57 2.90
480.6 5893.36 174.48 2.96
482.1 5967.83 174.84 2.93
483.6 6058.48 169.00 2.79
485.1 6170.68 172.45 2.79
486.6 6309.93 175.95 2.79
488.0 6450.44 177.45 2.75
489.5 6599.70 177.00 2.68
491.0 6753.96 183.18 2.71
492.5 6904.44 184.03 2.67
494.0 7062.38 190.97 2.70
495.4 7196.48 189.42 2.63
496.9 7332.14 193.72 2.64
498.4 7463.08 197.01 2.64
499.9 7593.07 203.35 2.68
501.4 7717.26 212.19 2.75
502.8 7836.22 212.70 2.71
504.3 7936.20 213.12 2.69
505.8 8043.74 224.42 2.79
507.2 8110.53 225.40 2.78
508.7 8150.98 223.05 2.74
510.2 8186.99 231.17 2.82
511.6 8208.23 237.51 2.89
513.1 8262.60 229.64 2.78
514.6 8332.74 236.35 2.84
516.0 8382.21 240.99 2.88
517.5 8475.27 238.74 2.82
519.0 8590.00 246.32 2.87
520.5 8695.28 250.59 2.88
521.9 8839.73 258.00 2.92
523.4 9001.38 266.68 2.96
524.8 9160.51 272.62 2.98
526.3 9344.82 280.04 3.00
527.8 9530.69 290.11 3.04
529.2 9699.19 295.41 3.05
530.7 9886.41 304.58 3.08
532.1 10053.97 318.54 3.17
533.6 10247.97 322.05 3.14
535.0 10444.38 333.33 3.19
536.5 10635.67 337.01 3.17
538.0 10840.36 348.86 3.22
539.4 11019.87 355.89 3.23
540.9 11250.92 367.54 3.27
542.3 11448.91 377.70 3.30
543.8 11594.57 388.17 3.35
545.2 11631.87 390.06 3.35
546.6 11636.32 387.04 3.33
548.1 11642.11 392.40 3.37
549.5 11642.27 398.47 3.42
551.0 11643.87 398.32 3.42
552.4 11663.09 399.49 3.43
553.9 11675.28 407.40 3.49
555.3 11692.69 412.78 3.53
556.8 11756.06 419.60 3.57
558.2 11809.13 421.88 3.57
559.6 11881.48 428.99 3.61
561.1 11993.31 441.35 3.68
562.5 12114.90 448.70 3.70
564.0 12277.41 463.45 3.77
565.4 12429.83 471.12 3.79
566.8 12614.17 489.84 3.88
568.3 12791.50 505.09 3.95
569.7 12985.20 524.12 4.04
571.1 13165.80 545.71 4.14
572.6 13351.23 566.35 4.24
574.0 13536.60 584.76 4.32
575.4 13706.72 606.15 4.42
576.9 13868.66 633.40 4.57
578.3 14020.26 654.23 4.67
579.7 14159.22 689.32 4.87
581.1 14279.24 716.57 5.02
582.6 14408.29 746.71 5.18
584.0 14522.00 777.62 5.35
585.4 14676.52 816.04 5.56
586.8 14905.03 864.78 5.80
588.3 15133.95 913.54 6.04
589.7 15331.68 957.53 6.25
591.1 15466.02 1004.22 6.49
592.5 15536.59 1043.47 6.72
594.0 15573.30 1086.91 6.98
595.4 15581.55 1134.47 7.28
596.8 15596.30 1179.75 7.56
598.2 15598.18 1226.33 7.86
599.6 15596.42 1277.60 8.19
601.0 15639.12 1336.53 8.55
602.4 15673.60 1397.51 8.92
603.9 15748.43 1469.57 9.33
605.3 15815.68 1540.24 9.74
606.7 15881.40 1614.96 10.17
608.1 16009.09 1692.92 10.57
609.5 16141.17 1778.95 11.02
610.9 16300.90 1877.00 11.51
612.3 16453.92 1976.06 12.01
613.7 16654.20 2084.11 12.51
615.1 16792.11 2194.13 13.07
616.5 16936.76 2295.79 13.56
617.9 17154.76 2420.42 14.11
619.3 17355.67 2555.16 14.72
620.7 17602.69 2691.88 15.29
622.1 17855.25 2820.27 15.80
623.5 18142.91 2939.25 16.20
624.9 18464.12 3063.48 16.59
626.3 18676.51 3178.83 17.02
627.7 18480.83 3243.04 17.55
629.1 18305.12 3332.45 18.21
630.5 18226.44 3438.99 18.87
631.9 18223.49 3551.44 19.49
633.3 18218.28 3653.56 20.05
634.7 18285.17 3764.80 20.59
636.1 18311.39 3837.73 20.96
637.5 18342.35 3918.62 21.36
638.9 18405.16 3985.21 21.65
640.2 18464.62 4046.43 21.91
641.6 18482.49 4091.26 22.14
643.0 18453.48 4122.29 22.34
644.4 18445.09 4143.35 22.46
645.8 18385.56 4166.70 22.66
647.2 18449.67 4212.83 22.83
648.5 18488.23 4248.14 22.98
649.9 18404.10 4277.05 23.24
651.3 18337.05 4318.68 23.55
652.7 18249.08 4370.70 23.95
654.1 18146.19 4334.52 23.89
655.5 18027.21 4268.38 23.68
656.8 17913.01 4202.26 23.46
658.2 18029.39 4196.35 23.28
659.6 18243.57 4209.44 23.07
660.9 18420.18 4210.82 22.86
662.3 18592.04 4186.42 22.52
663.7 18769.80 4172.28 22.23
665.0 18918.47 4155.84 21.97
666.4 19067.18 4125.87 21.64
667.8 19256.38 4119.04 21.39
669.1 19421.37 4118.63 21.21
670.5 19609.02 4138.11 21.10
671.9 19731.90 4158.34 21.07
673.2 19898.87 4203.70 21.13
674.6 20056.80 4280.15 21.34
676.0 20228.64 4372.98 21.62
677.3 20404.25 4505.09 22.08
678.7 20600.81 4672.45 22.68
680.0 20846.79 4911.09 23.56
681.4 21108.38 5216.45 24.71
682.8 21364.53 5601.96 26.22
684.1 21619.26 6067.15 28.06
685.5 21847.13 6604.95 30.23
686.8 22073.58 7208.78 32.66
688.2 22276.00 7827.82 35.14
689.5 22357.00 8429.72 37.71
690.9 22421.04 9021.81 40.24
692.2 22466.78 9582.90 42.65
693.6 22511.12 10106.22 44.89
694.9 22502.85 10572.97 46.98
696.2 22528.07 11015.51 48.90
697.6 22551.10 11416.63 50.63
698.9 22578.60 11776.51 52.16
700.3 22606.89 12105.78 53.55
701.6 22646.95 12422.85 54.85
703.0 22694.78 12705.03 55.98
704.3 22706.37 12936.24 56.97
705.6 22702.23 13139.78 57.88
707.0 22704.82 13335.79 58.74
708.3 22646.20 13477.33 59.51
709.6 22597.33 13596.54 60.17
711.0 22500.10 13685.88 60.83
712.3 22411.69 13770.30 61.44
713.6 22354.29 13856.81 61.99
714.9 22303.18 13923.75 62.43
716.3 22276.29 14004.21 62.87
717.6 22261.96 14101.25 63.34
718.9 22214.84 14142.42 63.66
720.2 22081.36 14133.76 64.01
721.6 21997.43 14118.78 64.18
722.9 21880.30 14109.53 64.49
724.2 21710.92 14075.95 64.83
725.5 21599.76 14054.57 65.07
726.8 21485.93 14032.21 65.31
728.1 21416.26 14023.31 65.48
729.5 21341.65 14003.07 65.61
730.8 21295.01 13993.01 65.71
732.1 21223.37 13976.01 65.85
733.4 21170.30 13983.70 66.05
734.7 21120.77 13962.21 66.11
736.0 21106.80 13976.33 66.22
737.3 21048.39 13976.00 66.40
738.6 21092.71 14032.76 66.53
739.9 21176.51 14125.93 66.71
741.2 21233.94 14192.72 66.84
742.5 21368.21 14326.64 67.05
743.8 21611.49 14521.82 67.19
745.1 21972.01 14812.50 67.42
746.4 22417.62 15140.22 67.54
747.7 22884.17 15460.39 67.56
749.0 23318.82 15763.19 67.60
750.3 23585.52 15917.40 67.49
751.6 23542.94 15876.91 67.44
752.9 23315.57 15761.10 67.60
754.2 23042.15 15596.66 67.69
755.4 22753.28 15455.48 67.93
756.7 22664.25 15435.51 68.11
758.0 22673.40 15492.27 68.33
759.3 22820.85 15633.05 68.50
760.6 23029.16 15815.18 68.67
761.9 23226.93 15990.28 68.84
763.1 23344.98 16103.25 68.98
764.4 23488.74 16234.11 69.11
765.7 23599.88 16342.30 69.25
767.0 23700.39 16418.71 69.28
768.2 23773.68 16500.29 69.41
769.5 23833.65 16569.41 69.52
770.8 23956.12 16681.18 69.63
772.0 23990.79 16725.31 69.72
773.3 24042.18 16792.19 69.84
774.6 24115.47 16878.81 69.99
775.8 24202.18 16929.38 69.95
777.1 24216.22 16974.36 70.09
778.4 24195.08 16981.42 70.19
779.6 24187.19 17001.18 70.29
780.9 24146.00 17020.80 70.49
782.1 24062.37 16983.95 70.58
783.4 24078.08 17014.40 70.66
784.6 24096.40 17049.81 70.76
785.9 24266.86 17233.44 71.02
787.1 24608.46 17504.37 71.13
788.4 24866.63 17654.25 71.00
789.6 24869.75 17580.33 70.69
790.9 24661.14 17406.47 70.58
792.1 24392.68 17263.49 70.77
793.4 24151.80 17107.31 70.83
794.6 23969.19 16978.61 70.84
795.8 23823.90 16908.48 70.97
797.1 23657.33 16801.23 71.02
798.3 23526.94 16765.16 71.26
799.5 23474.04 16726.01 71.25
800.8 23402.91 16700.29 71.36
802.0 23314.16 16642.64 71.38
803.2 23223.76 16602.86 71.49
804.5 23155.20 16545.11 71.45
805.7 23091.89 16510.74 71.50
806.9 23005.10 16456.52 71.53
808.1 22953.51 16429.40 71.58
809.4 22916.64 16403.97 71.58
810.6 22856.93 16376.36 71.65
811.8 22862.50 16373.21 71.62
813.0 22853.20 16386.11 71.70
814.2 22877.00 16419.12 71.77
815.4 22934.52 16433.62 71.65
816.6 22960.29 16469.45 71.73
817.9 22999.02 16455.66 71.55
819.1 22952.63 16410.42 71.50
820.3 22878.74 16353.62 71.48
821.5 22815.86 16298.64 71.44
822.7 22791.84 16264.08 71.36
823.9 22775.35 16248.29 71.34
825.1 22775.00 16235.84 71.29
826.3 22791.99 16220.36 71.17
827.5 22821.63 16203.65 71.00
828.7 22859.28 16189.82 70.82
829.9 22876.22 16164.70 70.66
831.0 22931.35 16185.43 70.58
832.2 22973.83 16189.84 70.47
833.4 23011.27 16207.45 70.43
834.6 23055.47 16209.38 70.31
835.8 23102.89 16221.87 70.22
837.0 23141.45 16255.27 70.24
838.1 23220.35 16306.27 70.22
839.3 23268.86 16335.93 70.21
840.5 23336.16 16383.38 70.21
841.7 23406.57 16425.56 70.17
842.9 23478.07 16497.80 70.27
844.0 23532.58 16541.36 70.29
845.2 23619.32 16613.70 70.34
846.4 23671.24 16646.15 70.32
847.5 23782.36 16728.98 70.34
848.7 23899.65 16800.82 70.30
849.9 23995.36 16843.43 70.19
851.0 24041.10 16847.99 70.08
852.2 24081.27 16876.03 70.08
853.3 24064.15 16836.29 69.96
854.5 24063.76 16834.46 69.96
855.6 24077.79 16840.58 69.94
856.8 24094.25 16846.83 69.92
857.9 24088.46 16842.30 69.92
859.1 24139.70 16901.20 70.01
860.2 24162.30 16895.71 69.93
861.4 24186.95 16919.72 69.95
862.5 24205.94 16936.73 69.97
863.7 24256.78 16948.61 69.87
864.8 24282.48 16973.46 69.90
865.9 24260.64 16944.32 69.84
867.1 24288.08 16962.63 69.84
868.2 24288.56 16947.41 69.78
869.3 24311.53 16943.29 69.69
870.5 24282.74 16922.82 69.69
871.6 24305.37 16924.49 69.63
872.7 24342.22 16951.14 69.64
873.9 24350.48 16976.92 69.72
875.0 24336.91 16932.27 69.57
876.1 24343.75 16917.77 69.50
877.2 24343.41 16905.67 69.45
878.3 24368.92 16892.17 69.32
879.4 24397.15 16907.13 69.30
880.5 24413.58 16901.14 69.23
881.7 24420.50 16886.48 69.15
882.8 24475.22 16864.72 68.91
883.9 24468.46 16866.95 68.93
885.0 24474.79 16800.97 68.65
886.1 24498.26 16753.30 68.39
887.2 24394.17 16692.02 68.43
888.3 24342.70 16600.16 68.19
889.4 24315.74 16530.21 67.98
890.5 24277.48 16482.75 67.89
891.6 24261.50 16453.43 67.82
892.7 24242.78 16426.64 67.76
893.8 24216.07 16454.75 67.95
894.9 24253.85 16415.74 67.68
896.0 24260.72 16442.41 67.77
897.0 24313.79 16393.23 67.42
898.1 24310.03 16390.58 67.42
899.2 24312.02 16359.94 67.29
900.3 24277.85 16319.82 67.22
901.4 24223.96 16256.78 67.11
902.4 24262.14 16288.40 67.14
903.5 24215.60 16242.61 67.07
904.6 24255.42 16196.38 66.77
905.7 24275.35 16181.01 66.66
906.7 24232.03 16159.82 66.69
907.8 24260.93 16185.57 66.71
908.9 24225.73 16096.07 66.44
909.9 24230.53 16065.17 66.30
911.0 24219.62 16045.07 66.25
912.1 24159.68 15968.11 66.09
913.1 24146.72 15942.37 66.02
914.2 24044.41 15868.12 66.00
915.2 24065.91 15840.14 65.82
916.3 24074.78 15774.48 65.52
917.3 24064.16 15727.57 65.36
918.4 24018.09 15673.57 65.26
919.4 24009.89 15621.29 65.06
920.5 24001.76 15561.11 64.83
921.5 23994.22 15524.01 64.70
922.6 23961.44 15444.86 64.46
923.6 24014.80 15427.37 64.24
924.7 24026.25 15385.40 64.04
925.7 24027.75 15329.98 63.80
926.7 24068.18 15243.91 63.34
927.8 24121.06 15231.79 63.15
928.8 24198.38 15182.59 62.74
929.9 24249.23 15171.31 62.56
930.9 24364.95 15148.74 62.17
931.9 24471.97 15199.84 62.11
932.9 24649.27 15224.62 61.76
934.0 24688.77 15129.64 61.28
935.0 24731.47 15105.17 61.08
936.0 24726.44 14986.29 60.61
937.0 24705.92 14902.06 60.32
938.1 24690.32 14830.91 60.07
939.1 24641.88 14771.91 59.95
940.1 24710.97 14723.39 59.58
941.1 24857.20 14728.55 59.25
942.1 24988.75 14697.06 58.81
943.1 25073.30 14716.77 58.69
944.1 25226.42 14693.55 58.25
945.2 25252.29 14613.65 57.87
946.2 25309.81 14543.41 57.46
947.2 25385.75 14503.85 57.13
948.2 25440.92 14440.55 56.76
949.2 25546.22 14381.58 56.30
950.2 25592.08 14336.62 56.02
951.2 25611.18 14245.73 55.62
952.2 25670.09 14143.97 55.10
953.2 25848.55 14095.45 54.53
954.2 25898.85 14061.96 54.30
955.2 25901.18 13979.88 53.97
956.2 25924.68 13914.16 53.67
957.2 25967.07 13812.92 53.19
958.2 26043.08 13770.05 52.87
959.2 26073.90 13772.88 52.82
960.1 26108.68 13752.16 52.67
961.1 26163.47 13731.04 52.48
962.1 26166.56 13637.25 52.12
963.1 26232.72 13674.58 52.13
964.1 26279.24 13627.10 51.86
965.1 26385.53 13650.27 51.73
966.1 26430.00 13692.06 51.80
967.0 26460.84 13618.84 51.47
968.0 26462.49 13686.49 51.72
969.0 26514.60 13653.20 51.49
970.0 26531.15 13658.46 51.48
971.0 26601.49 13734.80 51.63
971.9 26640.54 13650.92 51.24
972.9 26689.73 13729.66 51.44
973.9 26702.00 13782.34 51.62
974.9 26784.37 13778.67 51.44
975.8 26835.65 13827.95 51.53
976.8 26907.76 13834.85 51.42
977.8 26919.59 13915.36 51.69
978.8 27001.65 13987.74 51.80
979.7 27154.14 14066.61 51.80
980.7 27139.61 13965.47 51.46
981.7 27195.18 14121.49 51.93
982.6 27509.73 14499.02 52.71
983.6 27656.31 14557.08 52.64
984.6 27924.59 14780.41 52.93
985.5 28363.50 14962.18 52.75
986.5 28732.86 15303.11 53.26
987.5 29375.43 15764.66 53.67
988.4 30036.05 15876.96 52.86
989.4 30959.70 16278.81 52.58
990.4 31602.51 16348.64 51.73
991.3 32380.28 16769.57 51.79
992.3 32475.00 17372.17 53.49
993.2 34108.04 17861.84 52.37
994.2 35042.23 17508.47 49.96
995.2 35391.22 18576.89 52.49
996.1 36217.45 18337.95 50.63
997.1 36154.37 17979.47 49.73
998.0 35116.50 17267.04 49.17
999.0 35049.25 19656.49 56.08
1000.0 35251.41 18750.75 53.19
1000.9 36594.57 19359.71 52.90
1001.9 36083.72 18974.36 52.58
1002.8 36587.47 18063.76 49.37
1003.8 35567.62 18329.33 51.53
1004.8 35596.08 17889.31 50.26
961.5 32484.82 14985.56 46.13
965.5 31986.00 15267.98 47.73
969.5 30740.27 15080.13 49.06
973.4 29390.86 14605.27 49.69
977.4 28381.21 14353.04 50.57
981.4 27931.26 14176.07 50.75
985.3 27744.99 14108.51 50.85
989.3 27823.43 14221.96 51.12
993.3 27933.79 14317.90 51.26
997.2 27911.46 14387.73 51.55
1001.2 27870.05 14482.78 51.97
1005.2 27818.44 14586.03 52.43
1009.1 27854.84 14759.28 52.99
1013.1 27947.86 14980.44 53.60
1017.1 28020.51 15175.13 54.16
1021.0 28018.18 15351.97 54.79
1025.0 28006.41 15529.18 55.45
1029.0 27914.33 15622.28 55.97
1032.9 27806.61 15712.84 56.51
1036.9 27803.09 15877.76 57.11
1040.9 27854.95 16079.21 57.72
1044.8 27961.41 16320.39 58.37
1048.8 28076.99 16519.06 58.83
1052.7 28142.21 16677.93 59.26
1056.7 28153.25 16796.16 59.66
1060.7 28175.59 16870.69 59.88
1064.6 28184.96 16944.25 60.12
1068.6 28120.63 16943.37 60.25
1072.5 28059.15 16904.45 60.25
1076.5 28039.23 16874.56 60.18
1080.4 28041.13 16828.14 60.01
1084.4 28101.70 16800.48 59.78
1088.3 28182.69 16752.27 59.44
1092.3 28163.22 16623.66 59.03
1096.2 28140.84 16498.37 58.63
1100.2 28181.24 16403.21 58.21
1104.1 28117.59 16228.62 57.72
1108.1 28067.65 16083.12 57.30
1112.0 28014.98 15919.88 56.83
1116.0 27913.60 15681.58 56.18
1119.9 27824.49 15440.27 55.49
1123.9 27874.90 15197.11 54.52
1127.8 27855.36 14818.56 53.20
1131.8 27835.86 14352.27 51.56
1135.7 27854.79 13802.10 49.55
1139.6 27860.06 13188.89 47.34
1143.6 27849.29 12585.12 45.19
1147.5 27851.45 12080.33 43.37
1151.4 27758.28 11641.41 41.94
1155.4 27752.76 11358.07 40.93
1159.3 27779.04 11173.43 40.22
1163.2 27676.75 10994.68 39.73
1167.2 27672.18 10903.20 39.40
1171.1 27690.39 10826.53 39.10
1175.0 27654.57 10760.55 38.91
1179.0 27636.10 10708.04 38.75
1182.9 27688.86 10658.40 38.49
1186.8 27695.30 10604.86 38.29
1190.7 27569.52 10509.14 38.12
1194.7 27419.62 10406.66 37.95
1198.6 27293.81 10343.03 37.90
1202.5 27200.25 10313.64 37.92
1206.4 27132.70 10307.12 37.99
1210.3 27081.04 10300.83 38.04
1214.2 27024.83 10322.92 38.20
1218.2 26933.31 10358.20 38.46
1222.1 26861.55 10398.13 38.71
1226.0 26811.29 10432.88 38.91
1229.9 26766.06 10471.74 39.12
1233.8 26716.82 10513.90 39.35
1237.7 26693.90 10551.03 39.53
1241.6 26651.31 10573.93 39.68
1245.5 26563.65 10591.63 39.87
1249.4 26496.77 10599.31 40.00
1253.3 26424.10 10599.33 40.11
1257.2 26386.94 10609.52 40.21
1261.1 26334.40 10599.66 40.25
1265.0 26252.61 10579.84 40.30
1268.9 26145.20 10537.84 40.31
1272.8 26185.80 10527.90 40.20
1276.7 26302.73 10535.89 40.06
1280.6 26352.96 10516.28 39.91
1284.5 26317.47 10441.13 39.67
1288.4 26317.72 10354.60 39.34
1292.3 26251.50 10224.50 38.95
1296.2 26160.25 10079.80 38.53
1300.1 26059.62 9919.31 38.06
1303.9 25925.19 9710.38 37.46
1307.8 25787.70 9479.96 36.76
1311.7 25630.17 9244.69 36.07
1315.6 25482.26 8993.14 35.29
1319.5 25332.93 8719.17 34.42
1323.3 25187.48 8443.69 33.52
1327.2 25064.93 8165.96 32.58
1331.1 24923.42 7886.06 31.64
1335.0 24744.20 7598.86 30.71
1338.8 24620.86 7339.33 29.81
1342.7 24530.16 7106.69 28.97
1346.5 24331.08 6853.00 28.17
1350.4 24169.12 6646.32 27.50
1354.3 23949.14 6425.14 26.83
1358.1 23693.95 6202.78 26.18
1362.0 23530.78 5995.44 25.48
1365.8 23459.84 5795.99 24.71
1369.7 23508.05 5597.51 23.81
1373.5 23469.07 5342.49 22.76
1377.4 23330.07 5004.05 21.45
1381.2 23213.30 4590.96 19.78
1385.1 23185.27 4182.47 18.04
1389.0 23111.78 3759.78 16.27
1392.8 22984.07 3334.32 14.51
1396.6 22895.53 2961.95 12.94
1400.5 22761.66 2636.95 11.59
1404.3 22655.33 2370.56 10.46
1408.2 22624.16 2173.15 9.61
1412.0 22589.60 2019.78 8.94
1415.8 22607.28 1897.67 8.39
1419.6 22576.45 1806.02 8.00
1423.5 22542.06 1735.64 7.70
1427.3 22514.94 1683.36 7.48
1431.1 22506.00 1636.80 7.27
1434.9 22447.92 1597.79 7.12
1438.8 22413.83 1576.52 7.03
1442.6 22382.98 1560.21 6.97
1446.4 22300.88 1542.05 6.91
1450.2 22249.24 1532.77 6.89
1454.0 22182.12 1525.32 6.88
1457.8 22164.02 1527.46 6.89
1461.6 22148.38 1536.98 6.94
1465.4 22082.35 1541.53 6.98
1469.2 21969.68 1558.38 7.09
1473.0 21877.42 1584.79 7.24
1476.8 21850.58 1619.66 7.41
1480.7 21812.31 1665.95 7.64
1484.4 21730.68 1710.00 7.87
1488.2 21671.40 1767.00 8.15
1492.0 21591.63 1835.12 8.50
1495.8 21523.78 1895.08 8.80
1499.6 21454.51 1939.43 9.04
1503.4 21379.07 1972.26 9.23
1507.2 21323.35 1987.99 9.32
1510.9 21243.98 2019.67 9.51
1514.7 21144.89 2061.83 9.75
1518.5 21072.06 2106.26 10.00
1522.3 20989.34 2155.79 10.27
1526.0 20921.85 2204.81 10.54
1529.8 20884.61 2259.08 10.82
1533.6 20802.56 2308.74 11.10
1537.3 20718.23 2352.98 11.36
1541.1 20646.58 2400.60 11.63
1544.8 20580.00 2450.40 11.91
1548.6 20494.10 2500.16 12.20
1552.4 20440.57 2549.94 12.47
1556.1 20395.83 2588.34 12.69
1559.9 20329.85 2614.25 12.86
1563.6 20251.55 2642.23 13.05
1567.3 20197.89 2691.14 13.32
1571.1 20068.75 2736.65 13.64
1574.8 19979.19 2778.47 13.91
1578.6 19927.86 2825.00 14.18
1582.3 19847.81 2854.86 14.38
1586.0 19767.00 2884.78 14.59
1589.8 19685.89 2913.67 14.80
1593.5 19600.32 2935.24 14.98
1597.2 19524.93 2953.23 15.13
1600.9 19437.87 2974.91 15.30
1604.7 19353.76 3003.75 15.52
1608.4 19286.50 3026.75 15.69
1612.1 19192.76 3044.60 15.86
1615.8 19101.23 3062.84 16.03
1619.5 19051.05 3092.03 16.23
1623.2 18959.56 3109.23 16.40
1626.9 18852.85 3114.69 16.52
1630.6 18764.68 3136.32 16.71
1634.3 18691.14 3157.91 16.90
1638.0 18598.45 3156.00 16.97
1641.7 18509.81 3153.83 17.04
1645.4 18402.68 3155.29 17.15
1649.1 18288.46 3145.30 17.20
1652.8 18195.71 3137.60 17.24
1656.4 18092.34 3133.05 17.32
1660.1 18000.80 3122.56 17.35
1663.8 17885.69 3104.93 17.36
1667.5 17799.77 3085.73 17.34
1671.1 17730.24 3069.50 17.31
1674.8 17616.48 3051.56 17.32
1678.5 17581.25 3038.10 17.28
1682.1 17590.27 3031.60 17.23
1685.8 17607.50 3018.90 17.15
1689.5 17542.91 2989.20 17.04
1693.1 17457.42 2957.76 16.94
1696.8 17380.25 2921.25 16.81
1700.4 17288.56 2879.84 16.66
1704.0 17215.22 2839.30 16.49
1707.7 17067.04 2784.41 16.31
1711.3 16895.27 2720.04 16.10
1715.0 16777.65 2668.36 15.90
1718.6 16676.16 2623.62 15.73
1722.2 16593.53 2576.56 15.53
1725.9 16502.51 2536.06 15.37
1729.5 16414.51 2492.95 15.19
1733.1 16344.39 2456.58 15.03
1736.7 16279.61 2444.58 15.02
1740.3 16185.41 2411.77 14.90
1744.0 16134.66 2386.42 14.79
1747.5 16057.96 2352.74 14.65
1751.2 15927.46 2300.61 14.44
1754.8 15831.63 2253.83 14.24
1758.4 15751.09 2212.35 14.05
1762.0 15645.56 2173.99 13.90
1765.5 15566.72 2142.93 13.77
1769.1 15535.20 2126.40 13.69
1772.7 15491.98 2108.69 13.61
1776.3 15419.88 2085.22 13.52
1779.9 15347.07 2067.04 13.47
1783.5 15311.52 2050.96 13.39
1787.0 15236.40 2026.69 13.30
1790.6 15143.84 2011.31 13.28
1794.2 15087.44 2004.39 13.29
1797.8 15036.76 1996.35 13.28
1801.3 14981.52 1996.32 13.33
1804.9 14902.13 1995.00 13.39
1808.4 14858.32 1991.07 13.40
1812.0 14777.75 1981.95 13.41
1815.5 14700.64 1971.02 13.41
1819.1 14590.83 1958.14 13.42
1822.6 14487.72 1948.05 13.45
1826.2 14418.70 1937.76 13.44
1829.7 14328.55 1921.28 13.41
1833.2 14190.94 1898.51 13.38
1836.8 14045.85 1872.78 13.33
1840.3 13941.54 1842.89 13.22
1843.8 13860.63 1817.90 13.12
1847.3 13802.68 1786.32 12.94
1850.8 13724.93 1761.98 12.84
1854.3 13613.82 1713.09 12.58
1857.8 13561.60 1643.20 12.12
1861.3 13547.76 1556.80 11.49
1864.8 13535.27 1465.99 10.83
1868.3 13463.39 1351.48 10.04
1871.8 13340.16 1205.76 9.04
1875.3 13273.26 1075.17 8.10
1878.8 13256.08 989.95 7.47
1882.3 13214.27 892.96 6.76
1885.8 13106.59 779.01 5.94
1889.3 12978.60 717.33 5.53
1892.7 12864.86 646.34 5.02
1896.2 12801.57 617.41 4.82
1899.7 12669.52 633.48 5.00
1903.1 12560.86 633.86 5.05
1906.6 12596.90 722.12 5.73
1910.0 12738.13 771.38 6.06
1913.5 12973.91 863.07 6.65
1917.0 13403.78 1033.90 7.71
1920.4 13682.60 1201.85 8.78
1923.8 13545.75 1408.76 10.40
1871.2 12087.68 927.18 7.67
1873.9 12220.22 880.54 7.21
1876.7 12301.52 808.79 6.57
1879.5 12428.25 737.75 5.94
1882.3 12206.32 667.60 5.47
1885.1 12128.34 551.68 4.55
1887.8 12221.56 544.28 4.45
1890.6 12108.22 522.38 4.31
1893.4 12100.00 476.67 3.94
1896.2 12041.04 446.98 3.71
1898.9 12011.63 417.52 3.48
1901.7 11891.87 411.48 3.46
1904.5 12018.88 396.75 3.30
1907.2 12012.75 389.50 3.24
1910.0 11893.49 380.45 3.20
1912.7 11869.88 372.31 3.14
1915.5 11831.92 346.23 2.93
1918.2 11779.87 332.79 2.83
1921.0 11683.46 319.77 2.74
1923.7 11689.18 326.83 2.80
1926.5 11652.35 341.95 2.93
1929.2 11640.20 336.70 2.89
1932.0 11635.12 331.80 2.85
1934.7 11593.68 315.79 2.72
1937.4 11519.59 303.96 2.64
1940.2 11491.19 328.85 2.86
1942.9 11531.42 341.04 2.96
1945.6 11563.58 320.12 2.77
1948.3 11524.93 336.93 2.92
1951.1 11489.17 337.12 2.93
1953.8 11466.00 333.00 2.90
1956.5 11360.04 335.44 2.95
1959.2 11418.81 340.86 2.99
1961.9 11446.18 369.52 3.23
1964.6 11367.48 365.93 3.22
1967.3 11400.90 361.93 3.17
1970.0 11289.44 375.92 3.33
1972.8 11234.23 367.71 3.27
1975.5 11291.08 359.98 3.19
1978.2 11253.68 373.76 3.32
1980.9 11190.69 381.87 3.41
1983.5 11156.37 386.81 3.47
1986.2 11145.30 410.31 3.68
1988.9 11136.57 413.22 3.71
1991.6 11039.20 402.64 3.65
1994.3 10958.34 395.70 3.61
1997.0 10994.15 392.13 3.57
1999.7 10961.15 404.91 3.69
2002.3 10945.72 411.36 3.76
2005.0 10902.57 440.13 4.04
2007.7 10847.47 444.33 4.10
2010.4 10803.32 436.82 4.04
2013.0 10762.64 466.58 4.34
2015.7 10696.03 466.03 4.36
2018.4 10628.99 465.21 4.38
2021.0 10616.50 467.50 4.40
2023.7 10554.77 460.75 4.37
2026.4 10528.70 436.58 4.15
2029.0 10481.89 444.24 4.24
2031.7 10396.32 478.83 4.61
2034.3 10404.77 476.02 4.57
2037.0 10328.24 478.55 4.63
2039.6 10285.55 489.52 4.76
2042.3 10275.69 494.27 4.81
2044.9 10201.79 496.49 4.87
2047.5 10204.59 493.68 4.84
2050.2 10158.40 487.20 4.80
2052.8 10105.20 504.00 4.99
2055.4 10049.58 504.30 5.02
2058.1 9962.40 498.40 5.00
2060.7 9933.43 514.28 5.18
2063.3 9914.96 496.03 5.00
2065.9 9868.54 502.50 5.09
2068.6 9795.96 527.63 5.39
2071.2 9784.53 510.57 5.22
2073.8 9724.21 509.30 5.24
2076.4 9688.61 541.69 5.59
2079.0 9694.50 545.14 5.62
2081.6 9703.19 528.91 5.45
2084.2 9703.71 530.47 5.47
2086.8 9599.36 537.38 5.60
2089.4 9542.55 527.62 5.53
2092.1 9497.33 558.17 5.88
2094.7 9458.10 556.53 5.88
2097.2 9452.00 541.17 5.73
2099.8 9456.63 546.56 5.78
2102.4 9374.47 540.23 5.76
2105.0 9285.30 555.75 5.99
2107.6 9259.93 558.27 6.03
2110.2 9238.26 565.49 6.12
2112.8 9225.66 566.94 6.15
2115.3 9245.99 574.45 6.21
2117.9 9244.71 568.73 6.15
2120.5 9193.91 574.26 6.25
2123.1 9158.18 579.15 6.32
2125.6 9124.69 565.17 6.19
2128.2 9072.67 579.48 6.39
2130.8 9041.18 590.85 6.54
2133.3 9008.27 592.53 6.58
2135.9 8954.43 585.39 6.54
2138.4 8866.52 595.23 6.71
2141.0 8800.31 614.11 6.98
2143.6 8777.41 606.86 6.91
2146.1 8706.28 587.67 6.75
2148.7 8619.12 584.40 6.78
2151.2 8597.60 592.53 6.89
2153.8 8623.97 603.38 7.00
2156.3 8588.29 590.67 6.88
2158.8 8514.46 581.81 6.83
2161.4 8488.25 619.15 7.29
2163.9 8446.98 610.31 7.23
2166.4 8385.11 594.29 7.09
2169.0 8382.15 626.81 7.48
2171.5 8320.06 623.86 7.50
2174.0 8255.63 592.03 7.17
2176.5 8255.39 600.99 7.28
2179.1 8221.85 608.36 7.40
2181.6 8179.04 587.04 7.18
2184.1 8165.08 609.84 7.47
2186.6 8194.19 618.25 7.55
2189.1 8127.72 629.16 7.74
2191.6 8085.00 620.67 7.68
2194.1 8104.87 601.22 7.42
2196.6 8087.46 618.19 7.64
2199.2 8120.84 610.46 7.52
2201.7 8090.99 619.63 7.66
2204.1 8070.33 615.72 7.63
2206.6 8079.18 619.18 7.66
2209.1 8065.84 605.60 7.51
2211.6 8043.49 574.81 7.15
2214.1 8006.31 608.27 7.60
2216.6 7980.30 619.13 7.76
2219.1 7980.30 600.14 7.52
2221.6 7948.32 612.87 7.71
2224.0 7898.13 609.60 7.72
2226.5 7883.96 582.17 7.38
2229.0 7929.29 586.23 7.39
2231.5 7843.84 593.65 7.57
2233.9 7819.81 596.49 7.63
2236.4 7847.38 563.56 7.18
2238.9 7800.38 530.88 6.81
2241.3 7769.45 555.79 7.15
2243.8 7738.35 563.57 7.28
2246.2 7675.80 527.23 6.87
2248.7 7674.77 547.65 7.14
2251.2 7655.92 557.28 7.28
2253.6 7622.40 499.20 6.55
2256.1 7614.72 499.20 6.56
2258.5 7598.82 526.31 6.93
2260.9 7551.12 487.05 6.45
2263.4 7519.30 456.76 6.07
2265.8 7501.00 480.83 6.41
2268.3 7442.68 457.95 6.15
2270.7 7484.75 441.41 5.90
2273.1 7474.42 433.36 5.80
2275.6 7426.56 437.76 5.89
2278.0 7406.10 430.45 5.81
2280.4 7419.59 427.17 5.76
2282.8 7360.04 414.27 5.63
2285.3 7360.62 396.61 5.39
2287.7 7403.88 425.65 5.75
2290.1 7361.11 415.10 5.64
2292.5 7357.29 384.93 5.23
2294.9 7334.29 399.12 5.44
2297.3 7269.29 375.73 5.17
2299.7 7205.71 351.40 4.88
2302.1 7180.99 361.41 5.03
2304.5 7138.32 356.72 5.00
2306.9 7063.84 333.20 4.72
2309.3 7009.90 356.57 5.09
2311.7 6986.50 353.25 5.06
2314.1 6892.08 319.01 4.63
2316.5 6859.54 338.84 4.94
2318.9 6866.38 335.04 4.88
2321.3 6841.80 324.86 4.75
2323.7 6852.56 311.48 4.55
2326.1 6818.76 326.43 4.79
2328.4 6814.46 325.47 4.78
2330.8 6895.74 331.29 4.80
2333.2 6844.67 337.70 4.93
2335.6 6792.13 290.62 4.28
2337.9 6860.96 308.83 4.50
2340.3 6818.09 314.88 4.62
2342.7 6753.74 300.45 4.45
2345.0 6730.97 335.49 4.98
2347.4 6681.00 297.50 4.45
2349.7 6586.91 273.39 4.15
2352.1 6586.88 295.90 4.49
2354.4 6606.54 257.90 3.90
2356.8 6561.33 241.73 3.68
2359.2 6526.00 260.00 3.98
2361.5 6527.55 266.16 4.08
2363.8 6552.37 232.76 3.55
2366.2 6509.67 255.97 3.93
2368.5 6448.05 267.00 4.14
2370.9 6490.81 246.03 3.79
2373.2 6466.21 242.82 3.76
2375.5 6384.78 235.30 3.69
2377.9 6372.55 246.15 3.86
2380.2 6359.35 242.83 3.82
2382.5 6341.10 234.35 3.70
2384.8 6319.68 208.80 3.30
2387.2 6319.87 234.42 3.71
2389.5 6312.87 221.92 3.52
2391.8 6274.40 175.87 2.80
2394.1 6213.84 239.92 3.86
2396.4 6168.88 227.40 3.69
2398.7 6216.25 170.51 2.74
2401.0 6176.31 217.58 3.52
2403.3 6100.50 224.10 3.67
2405.6 6107.96 174.94 2.86
2407.9 6102.18 195.39 3.20
2410.2 6026.03 220.59 3.66
2412.5 6001.45 177.86 2.96
2414.8 6028.49 195.13 3.24
2417.1 5987.53 227.11 3.79
2419.4 5949.82 187.56 3.15
2421.7 5887.47 157.70 2.68
2424.0 5859.22 153.22 2.61
2426.2 5874.30 165.85 2.82
2428.5 5808.55 183.88 3.17
2430.8 5804.25 196.20 3.38
2433.1 5808.25 182.55 3.14
2435.4 5762.85 201.42 3.50
2437.6 5757.26 162.26 2.82
2439.9 5676.77 151.61 2.67
2442.2 5722.46 170.65 2.98
2444.4 5754.82 137.84 2.40
2446.7 5635.60 146.00 2.59
2448.9 5649.27 136.20 2.41
2451.2 5656.04 178.80 3.16
2453.4 5604.80 162.72 2.90
2455.7 5570.81 152.04 2.73
2457.9 5506.71 164.84 2.99
2460.2 5530.01 98.64 1.78
2462.4 5516.16 99.84 1.81
2464.7 5488.25 119.86 2.18
2466.9 5424.90 128.40 2.37
2469.2 5373.30 168.52 3.14
2471.4 5389.87 183.82 3.41
2473.6 5329.22 73.65 1.38
2475.9 5276.43 101.60 1.93
2478.1 5287.71 198.12 3.75
2480.3 5200.37 90.50 1.74
2482.5 5189.69 78.63 1.52
2484.8 5177.27 101.94 1.97
2487.0 5147.63 155.54 3.02
2489.2 5193.91 135.69 2.61
2491.4 5072.10 76.85 1.52
2493.6 5118.43 101.90 1.99
2495.8 5194.43 102.94 1.98
2498.0 5082.88 97.28 1.91
2500.2 5097.13 92.68 1.82
2502.4 5283.60 97.68 1.85
2504.6 5305.35 75.12 1.42
2506.8 5309.21 29.23 0.55
