/*** Spectra Vista SIG Data ***/
name= \My Documents\HR1024_Data\RD4T3.
instrument= HR: 1091052
integration= 400, 60, 30, 500, 60, 30
scan time= 1, 1
scan settings= AD, AI, AD, AI
external data set1= 8224, 8224, 8224, 8224, 8224, 8224, 8224, 8224, 8224, 8224, 8224, 8224, 8224, 8224, 8224, 8224
external data set2= 8224, 8224, 8224, 8224, 8224, 8224, 8224, 8224, 8224, 8224, 8224, 8224, 8224, 8224, 8224, 8224
external data dark= 0,0,0,0,0,0,0,0
external data mask= 0
optic= LENS4 , LENS4 
temp= 30.65, 8.88, -5.44, 32.66, 8.88, -5.37
battery= 7.2, 7.1
error= 0, 0
units= Radiance, Radiance
time= 2/3/08 11:43:53 AM, 2/3/08 11:46:13 AM
longitude= , 
latitude= , 
gpstime= , 
comm= 
memory slot= 0, 0
factors= 
data= 
346.4 340.80 75.17 22.06
347.9 367.09 67.77 18.46
349.5 399.36 72.38 18.13
351.1 433.68 69.89 16.12
352.6 460.14 72.11 15.67
354.2 492.51 75.92 15.42
355.7 538.80 87.56 16.25
357.3 568.67 80.45 14.15
358.8 585.41 89.47 15.28
360.4 620.84 88.64 14.28
361.9 639.04 89.15 13.95
363.5 669.99 90.03 13.44
365.1 686.57 92.93 13.54
366.6 733.66 85.62 11.67
368.2 777.26 94.01 12.10
369.7 809.72 86.20 10.65
371.3 867.57 102.73 11.84
372.8 909.68 83.66 9.20
374.4 951.19 94.79 9.96
375.9 983.07 84.74 8.62
377.4 1019.66 89.77 8.80
379.0 1055.00 89.11 8.45
380.5 1084.82 88.63 8.17
382.1 1116.99 87.47 7.83
383.6 1163.77 85.05 7.31
385.2 1204.50 85.80 7.12
386.7 1260.34 87.72 6.96
388.3 1320.71 90.22 6.83
389.8 1373.87 94.43 6.87
391.3 1425.92 90.23 6.33
392.9 1463.75 100.14 6.84
394.4 1503.04 97.33 6.48
395.9 1566.86 106.76 6.81
397.5 1640.84 117.57 7.17
399.0 1713.41 119.89 7.00
400.6 1767.34 103.01 5.83
402.1 1795.68 101.14 5.63
403.6 1820.90 98.78 5.42
405.1 1866.85 88.66 4.75
406.7 1930.88 94.98 4.92
408.2 2001.41 99.79 4.99
409.7 2064.16 105.73 5.12
411.3 2128.61 101.90 4.79
412.8 2179.22 109.97 5.05
414.3 2248.03 107.69 4.79
415.8 2315.00 117.00 5.05
417.4 2384.53 116.38 4.88
418.9 2438.92 117.39 4.81
420.4 2491.25 114.66 4.60
421.9 2528.90 118.10 4.67
423.5 2576.67 109.28 4.24
425.0 2614.97 109.68 4.19
426.5 2670.30 112.66 4.22
428.0 2738.04 108.37 3.96
429.5 2820.30 114.55 4.06
431.1 2917.98 112.23 3.85
432.6 3022.17 119.20 3.94
434.1 3121.39 117.04 3.75
435.6 3210.17 119.20 3.71
437.1 3292.58 126.36 3.84
438.6 3380.78 127.33 3.77
440.1 3459.46 129.26 3.74
441.6 3549.43 128.96 3.63
443.1 3629.81 130.41 3.59
444.7 3707.22 135.63 3.66
446.2 3767.95 139.77 3.71
447.7 3836.04 139.81 3.64
449.2 3908.52 134.78 3.45
450.7 3965.52 139.78 3.52
452.2 4034.15 143.84 3.57
453.7 4115.19 139.32 3.39
455.2 4205.69 140.73 3.35
456.7 4326.08 143.62 3.32
458.2 4453.50 143.99 3.23
459.7 4591.13 145.60 3.17
461.2 4724.02 144.73 3.06
462.7 4831.21 151.79 3.14
464.2 4944.66 156.65 3.17
465.7 5062.68 158.46 3.13
467.2 5160.93 162.47 3.15
468.7 5264.00 169.60 3.22
470.2 5336.05 173.06 3.24
471.7 5439.94 183.35 3.37
473.2 5622.31 178.92 3.18
474.6 5770.75 178.03 3.09
476.1 5808.80 181.47 3.12
477.6 5821.61 173.04 2.97
479.1 5853.68 169.57 2.90
480.6 5893.36 170.86 2.90
482.1 5967.83 174.84 2.93
483.6 6058.48 172.44 2.85
485.1 6170.68 171.11 2.77
486.6 6309.93 173.32 2.75
488.0 6450.44 181.35 2.81
489.5 6599.70 182.82 2.77
491.0 6753.96 186.41 2.76
492.5 6904.44 186.62 2.70
494.0 7062.38 191.62 2.71
495.4 7196.48 195.36 2.71
496.9 7332.14 199.73 2.72
498.4 7463.08 202.42 2.71
499.9 7593.07 212.28 2.80
501.4 7717.26 207.31 2.69
502.8 7836.22 213.41 2.72
504.3 7936.20 221.76 2.79
505.8 8043.74 231.00 2.87
507.2 8110.53 228.35 2.82
508.7 8150.98 236.48 2.90
510.2 8186.99 236.44 2.89
511.6 8208.23 237.51 2.89
513.1 8262.60 234.12 2.83
514.6 8332.74 242.22 2.91
516.0 8382.21 245.99 2.93
517.5 8475.27 249.81 2.95
519.0 8590.00 254.39 2.96
520.5 8695.28 261.09 3.00
521.9 8839.73 261.87 2.96
523.4 9001.38 269.87 3.00
524.8 9160.51 280.23 3.06
526.3 9344.82 283.85 3.04
527.8 9530.69 295.22 3.10
529.2 9699.19 302.51 3.12
530.7 9886.41 312.44 3.16
532.1 10053.97 315.88 3.14
533.6 10247.97 326.80 3.19
535.0 10444.38 336.80 3.22
536.5 10635.67 349.81 3.29
538.0 10840.36 362.85 3.35
539.4 11019.87 374.30 3.40
540.9 11250.92 377.13 3.35
542.3 11448.91 387.46 3.38
543.8 11594.57 393.01 3.39
545.2 11631.87 396.36 3.41
546.6 11636.32 397.07 3.41
548.1 11642.11 399.99 3.44
549.5 11642.27 399.97 3.44
551.0 11643.87 406.45 3.49
552.4 11663.09 410.43 3.52
553.9 11675.28 416.00 3.56
555.3 11692.69 416.99 3.57
556.8 11756.06 422.36 3.59
558.2 11809.13 428.63 3.63
559.6 11881.48 436.92 3.68
561.1 11993.31 445.25 3.71
562.5 12114.90 459.60 3.79
564.0 12277.41 464.72 3.79
565.4 12429.83 482.44 3.88
566.8 12614.17 496.75 3.94
568.3 12791.50 510.75 3.99
569.7 12985.20 530.45 4.09
571.1 13165.80 551.46 4.19
572.6 13351.23 574.13 4.30
574.0 13536.60 591.36 4.37
575.4 13706.72 616.95 4.50
576.9 13868.66 639.64 4.61
578.3 14020.26 667.10 4.76
579.7 14159.22 696.00 4.92
581.1 14279.24 721.21 5.05
582.6 14408.29 750.75 5.21
584.0 14522.00 797.12 5.49
585.4 14676.52 838.22 5.71
586.8 14905.03 875.81 5.88
588.3 15133.95 923.83 6.10
589.7 15331.68 970.63 6.33
591.1 15466.02 1012.53 6.55
592.5 15536.59 1056.14 6.80
594.0 15573.30 1101.12 7.07
595.4 15581.55 1146.68 7.36
596.8 15596.30 1190.90 7.64
598.2 15598.18 1246.59 7.99
599.6 15596.42 1299.13 8.33
601.0 15639.12 1354.37 8.66
602.4 15673.60 1418.84 9.05
603.9 15748.43 1491.05 9.47
605.3 15815.68 1567.73 9.91
606.7 15881.40 1636.56 10.30
608.1 16009.09 1722.36 10.76
609.5 16141.17 1813.88 11.24
610.9 16300.90 1902.57 11.67
612.3 16453.92 2004.62 12.18
613.7 16654.20 2112.98 12.69
615.1 16792.11 2221.99 13.23
616.5 16936.76 2331.10 13.76
617.9 17154.76 2459.52 14.34
619.3 17355.67 2589.83 14.92
620.7 17602.69 2725.47 15.48
622.1 17855.25 2861.50 16.03
623.5 18142.91 2980.37 16.43
624.9 18464.12 3103.91 16.81
626.3 18676.51 3216.61 17.22
627.7 18480.83 3287.84 17.79
629.1 18305.12 3376.34 18.44
630.5 18226.44 3485.33 19.12
631.9 18223.49 3597.03 19.74
633.3 18218.28 3704.14 20.33
634.7 18285.17 3817.08 20.88
636.1 18311.39 3901.54 21.31
637.5 18342.35 3972.08 21.66
638.9 18405.16 4045.14 21.98
640.2 18464.62 4106.43 22.24
641.6 18482.49 4144.61 22.42
643.0 18453.48 4173.43 22.62
644.4 18445.09 4210.41 22.83
645.8 18385.56 4229.69 23.01
647.2 18449.67 4278.04 23.19
648.5 18488.23 4314.47 23.34
649.9 18404.10 4341.95 23.59
651.3 18337.05 4378.86 23.88
652.7 18249.08 4428.84 24.27
654.1 18146.19 4407.34 24.29
655.5 18027.21 4338.95 24.07
656.8 17913.01 4266.24 23.82
658.2 18029.39 4257.88 23.62
659.6 18243.57 4265.05 23.38
660.9 18420.18 4264.94 23.15
662.3 18592.04 4255.19 22.89
663.7 18769.80 4236.12 22.57
665.0 18918.47 4212.48 22.27
666.4 19067.18 4187.82 21.96
667.8 19256.38 4179.87 21.71
669.1 19421.37 4172.62 21.48
670.5 19609.02 4194.48 21.39
671.9 19731.90 4210.56 21.34
673.2 19898.87 4265.05 21.43
674.6 20056.80 4332.76 21.60
676.0 20228.64 4431.01 21.90
677.3 20404.25 4552.85 22.31
678.7 20600.81 4735.35 22.99
680.0 20846.79 4963.05 23.81
681.4 21108.38 5276.76 25.00
682.8 21364.53 5669.30 26.54
684.1 21619.26 6137.35 28.39
685.5 21847.13 6683.76 30.59
686.8 22073.58 7288.49 33.02
688.2 22276.00 7919.91 35.55
689.5 22357.00 8539.92 38.20
690.9 22421.04 9130.63 40.72
692.2 22466.78 9700.20 43.18
693.6 22511.12 10237.16 45.48
694.9 22502.85 10709.56 47.59
696.2 22528.07 11162.48 49.55
697.6 22551.10 11557.70 51.25
698.9 22578.60 11932.80 52.85
700.3 22606.89 12270.25 54.28
701.6 22646.95 12591.49 55.60
703.0 22694.78 12872.26 56.72
704.3 22706.37 13113.04 57.75
705.6 22702.23 13325.04 58.69
707.0 22704.82 13508.22 59.49
708.3 22646.20 13652.59 60.29
709.6 22597.33 13785.79 61.01
711.0 22500.10 13868.53 61.64
712.3 22411.69 13954.37 62.26
713.6 22354.29 14039.09 62.80
714.9 22303.18 14110.98 63.27
716.3 22276.29 14190.63 63.70
717.6 22261.96 14286.66 64.18
718.9 22214.84 14335.54 64.53
720.2 22081.36 14320.38 64.85
721.6 21997.43 14317.32 65.09
722.9 21880.30 14305.75 65.38
724.2 21710.92 14267.18 65.71
725.5 21599.76 14255.64 66.00
726.8 21485.93 14229.35 66.23
728.1 21416.26 14207.94 66.34
729.5 21341.65 14195.51 66.52
730.8 21295.01 14189.01 66.63
732.1 21223.37 14170.05 66.77
733.4 21170.30 14164.46 66.91
734.7 21120.77 14152.49 67.01
736.0 21106.80 14171.40 67.14
737.3 21048.39 14164.50 67.29
738.6 21092.71 14232.67 67.48
739.9 21176.51 14329.49 67.67
741.2 21233.94 14400.20 67.82
742.5 21368.21 14533.29 68.01
743.8 21611.49 14732.03 68.17
745.1 21972.01 15028.73 68.40
746.4 22417.62 15355.52 68.50
747.7 22884.17 15683.00 68.53
749.0 23318.82 15986.07 68.55
750.3 23585.52 16145.05 68.45
751.6 23542.94 16110.20 68.43
752.9 23315.57 15973.52 68.51
754.2 23042.15 15831.02 68.70
755.4 22753.28 15685.88 68.94
756.7 22664.25 15666.94 69.13
758.0 22673.40 15712.91 69.30
759.3 22820.85 15862.78 69.51
760.6 23029.16 16048.03 69.69
761.9 23226.93 16230.95 69.88
763.1 23344.98 16336.91 69.98
764.4 23488.74 16472.38 70.13
765.7 23599.88 16576.30 70.24
767.0 23700.39 16667.06 70.32
768.2 23773.68 16752.96 70.47
769.5 23833.65 16820.94 70.58
770.8 23956.12 16933.31 70.68
772.0 23990.79 16979.13 70.77
773.3 24042.18 17054.82 70.94
774.6 24115.47 17132.95 71.05
775.8 24202.18 17199.98 71.07
777.1 24216.22 17232.93 71.16
778.4 24195.08 17241.32 71.26
779.6 24187.19 17266.85 71.39
780.9 24146.00 17267.20 71.51
782.1 24062.37 17260.88 71.73
783.4 24078.08 17277.31 71.76
784.6 24096.40 17330.58 71.92
785.9 24266.86 17495.69 72.10
787.1 24608.46 17760.46 72.17
788.4 24866.63 17934.13 72.12
789.6 24869.75 17832.71 71.70
790.9 24661.14 17680.40 71.69
792.1 24392.68 17542.62 71.92
793.4 24151.80 17371.85 71.93
794.6 23969.19 17248.02 71.96
795.8 23823.90 17166.19 72.05
797.1 23657.33 17079.39 72.19
798.3 23526.94 17017.44 72.33
799.5 23474.04 16991.94 72.39
800.8 23402.91 16956.89 72.46
802.0 23314.16 16902.99 72.50
803.2 23223.76 16836.10 72.50
804.5 23155.20 16823.70 72.66
805.7 23091.89 16762.19 72.59
806.9 23005.10 16718.97 72.68
808.1 22953.51 16674.02 72.64
809.4 22916.64 16665.33 72.72
810.6 22856.93 16629.34 72.75
811.8 22862.50 16636.58 72.77
813.0 22853.20 16658.88 72.90
814.2 22877.00 16670.49 72.87
815.4 22934.52 16706.51 72.84
816.6 22960.29 16713.90 72.79
817.9 22999.02 16717.58 72.69
819.1 22952.63 16684.90 72.69
820.3 22878.74 16610.91 72.60
821.5 22815.86 16568.48 72.62
822.7 22791.84 16529.62 72.52
823.9 22775.35 16511.96 72.50
825.1 22775.00 16479.99 72.36
826.3 22791.99 16465.65 72.24
827.5 22821.63 16476.50 72.20
828.7 22859.28 16456.13 71.99
829.9 22876.22 16435.39 71.84
831.0 22931.35 16435.40 71.67
832.2 22973.83 16441.31 71.57
833.4 23011.27 16447.52 71.48
834.6 23055.47 16475.63 71.46
835.8 23102.89 16486.47 71.36
837.0 23141.45 16512.71 71.36
838.1 23220.35 16556.78 71.30
839.3 23268.86 16585.27 71.28
840.5 23336.16 16643.68 71.32
841.7 23406.57 16697.29 71.34
842.9 23478.07 16763.60 71.40
844.0 23532.58 16803.24 71.40
845.2 23619.32 16855.55 71.36
846.4 23671.24 16904.03 71.41
847.5 23782.36 16979.55 71.40
848.7 23899.65 17041.25 71.30
849.9 23995.36 17093.15 71.24
851.0 24041.10 17106.51 71.16
852.2 24081.27 17121.05 71.10
853.3 24064.15 17097.76 71.05
854.5 24063.76 17061.98 70.90
855.6 24077.79 17072.14 70.90
856.8 24094.25 17104.52 70.99
857.9 24088.46 17075.33 70.89
859.1 24139.70 17112.00 70.89
860.2 24162.30 17121.79 70.86
861.4 24186.95 17126.03 70.81
862.5 24205.94 17151.12 70.86
863.7 24256.78 17160.99 70.75
864.8 24282.48 17191.58 70.80
865.9 24260.64 17168.34 70.77
867.1 24288.08 17181.75 70.74
868.2 24288.56 17167.11 70.68
869.3 24311.53 17146.47 70.53
870.5 24282.74 17143.11 70.60
871.6 24305.37 17124.80 70.46
872.7 24342.22 17166.28 70.52
873.9 24350.48 17165.35 70.49
875.0 24336.91 17141.68 70.43
876.1 24343.75 17111.87 70.29
877.2 24343.41 17112.45 70.30
878.3 24368.92 17108.82 70.21
879.4 24397.15 17098.70 70.08
880.5 24413.58 17109.79 70.08
881.7 24420.50 17096.04 70.01
882.8 24475.22 17085.27 69.81
883.9 24468.46 17066.62 69.75
885.0 24474.79 17031.65 69.59
886.1 24498.26 16953.72 69.20
887.2 24394.17 16889.58 69.24
888.3 24342.70 16823.17 69.11
889.4 24315.74 16764.14 68.94
890.5 24277.48 16702.47 68.80
891.6 24261.50 16648.32 68.62
892.7 24242.78 16643.78 68.65
893.8 24216.07 16625.55 68.66
894.9 24253.85 16631.21 68.57
896.0 24260.72 16614.95 68.48
897.0 24313.79 16588.96 68.23
898.1 24310.03 16583.76 68.22
899.2 24312.02 16565.42 68.14
900.3 24277.85 16511.38 68.01
901.4 24223.96 16460.42 67.95
902.4 24262.14 16443.71 67.78
903.5 24215.60 16409.95 67.77
904.6 24255.42 16421.70 67.70
905.7 24275.35 16369.07 67.43
906.7 24232.03 16360.23 67.51
907.8 24260.93 16348.28 67.39
908.9 24225.73 16305.97 67.31
909.9 24230.53 16240.90 67.03
911.0 24219.62 16194.14 66.86
912.1 24159.68 16137.27 66.79
913.1 24146.72 16076.74 66.58
914.2 24044.41 16042.84 66.72
915.2 24065.91 15976.01 66.38
916.3 24074.78 15983.52 66.39
917.3 24064.16 15909.42 66.11
918.4 24018.09 15840.44 65.95
919.4 24009.89 15760.66 65.64
920.5 24001.76 15714.00 65.47
921.5 23994.22 15678.38 65.34
922.6 23961.44 15609.17 65.14
923.6 24014.80 15635.96 65.11
924.7 24026.25 15527.30 64.63
925.7 24027.75 15468.98 64.38
926.7 24068.18 15436.98 64.14
927.8 24121.06 15382.51 63.77
928.8 24198.38 15361.63 63.48
929.9 24249.23 15334.10 63.24
930.9 24364.95 15290.32 62.76
931.9 24471.97 15319.77 62.60
932.9 24649.27 15368.86 62.35
934.0 24688.77 15312.43 62.02
935.0 24731.47 15241.84 61.63
936.0 24726.44 15133.17 61.20
937.0 24705.92 15073.34 61.01
938.1 24690.32 14979.03 60.67
939.1 24641.88 14935.35 60.61
940.1 24710.97 14859.36 60.13
941.1 24857.20 14856.50 59.77
942.1 24988.75 14902.02 59.63
943.1 25073.30 14833.45 59.16
944.1 25226.42 14852.98 58.88
945.2 25252.29 14738.64 58.37
946.2 25309.81 14712.28 58.13
947.2 25385.75 14653.65 57.72
948.2 25440.92 14581.96 57.32
949.2 25546.22 14536.28 56.90
950.2 25592.08 14465.88 56.52
951.2 25611.18 14405.66 56.25
952.2 25670.09 14283.44 55.64
953.2 25848.55 14225.58 55.03
954.2 25898.85 14170.50 54.71
955.2 25901.18 14102.78 54.45
956.2 25924.68 13989.31 53.96
957.2 25967.07 13959.80 53.76
958.2 26043.08 13939.65 53.53
959.2 26073.90 13926.06 53.41
960.1 26108.68 13888.32 53.19
961.1 26163.47 13821.56 52.83
962.1 26166.56 13822.50 52.83
963.1 26232.72 13805.92 52.63
964.1 26279.24 13769.05 52.40
965.1 26385.53 13796.05 52.29
966.1 26430.00 13786.49 52.16
967.0 26460.84 13804.95 52.17
968.0 26462.49 13877.74 52.44
969.0 26514.60 13850.08 52.24
970.0 26531.15 13870.36 52.28
971.0 26601.49 13844.17 52.04
971.9 26640.54 13849.30 51.99
972.9 26689.73 13955.87 52.29
973.9 26702.00 13946.66 52.23
974.9 26784.37 13940.26 52.05
975.8 26835.65 13941.48 51.95
976.8 26907.76 13906.84 51.68
977.8 26919.59 14055.53 52.21
978.8 27001.65 14083.08 52.16
979.7 27154.14 14213.29 52.34
980.7 27139.61 14235.87 52.45
981.7 27195.18 14504.09 53.33
982.6 27509.73 14595.04 53.05
983.6 27656.31 14728.59 53.26
984.6 27924.59 14732.11 52.76
985.5 28363.50 15099.70 53.24
986.5 28732.86 15303.11 53.26
987.5 29375.43 15837.98 53.92
988.4 30036.05 15876.96 52.86
989.4 30959.70 16478.55 53.23
990.4 31602.51 16465.42 52.10
991.3 32380.28 17042.25 52.63
992.3 32475.00 17137.41 52.77
993.2 34108.04 18041.36 52.89
994.2 35042.23 18014.49 51.41
995.2 35391.22 18576.89 52.49
996.1 36217.45 18215.70 50.30
997.1 36154.37 18370.33 50.81
998.0 35116.50 18637.44 53.07
999.0 35049.25 18789.29 53.61
1000.0 35251.41 19050.76 54.04
1000.9 36594.57 19044.92 52.04
1001.9 36083.72 18001.31 49.89
1002.8 36587.47 18732.78 51.20
1003.8 35567.62 17980.20 50.55
1004.8 35596.08 18984.58 53.33
961.5 32484.82 15372.28 47.32
965.5 31986.00 15097.39 47.20
969.5 30740.27 15015.69 48.85
973.4 29390.86 14830.66 50.46
977.4 28381.21 14441.64 50.88
981.4 27931.26 14271.73 51.10
985.3 27744.99 14265.86 51.42
989.3 27823.43 14349.99 51.58
993.3 27933.79 14464.84 51.78
997.2 27911.46 14534.17 52.07
1001.2 27870.05 14620.58 52.46
1005.2 27818.44 14724.69 52.93
1009.1 27854.84 14891.63 53.46
1013.1 27947.86 15118.64 54.10
1017.1 28020.51 15336.99 54.73
1021.0 28018.18 15492.14 55.29
1025.0 28006.41 15650.15 55.88
1029.0 27914.33 15768.48 56.49
1032.9 27806.61 15862.08 57.04
1036.9 27803.09 16019.10 57.62
1040.9 27854.95 16237.65 58.29
1044.8 27961.41 16465.22 58.89
1048.8 28076.99 16656.59 59.32
1052.7 28142.21 16822.62 59.78
1056.7 28153.25 16938.42 60.17
1060.7 28175.59 17015.92 60.39
1064.6 28184.96 17087.53 60.63
1068.6 28120.63 17079.90 60.74
1072.5 28059.15 17043.27 60.74
1076.5 28039.23 17028.53 60.73
1080.4 28041.13 16988.20 60.58
1084.4 28101.70 16945.43 60.30
1088.3 28182.69 16899.52 59.96
1092.3 28163.22 16765.81 59.53
1096.2 28140.84 16644.00 59.15
1100.2 28181.24 16543.86 58.71
1104.1 28117.59 16380.09 58.26
1108.1 28067.65 16232.67 57.83
1112.0 28014.98 16056.05 57.31
1116.0 27913.60 15828.28 56.70
1119.9 27824.49 15569.07 55.95
1123.9 27874.90 15316.90 54.95
1127.8 27855.36 14929.92 53.60
1131.8 27835.86 14466.57 51.97
1135.7 27854.79 13927.40 50.00
1139.6 27860.06 13302.62 47.75
1143.6 27849.29 12705.70 45.62
1147.5 27851.45 12188.99 43.76
1151.4 27758.28 11741.60 42.30
1155.4 27752.76 11453.52 41.27
1159.3 27779.04 11275.24 40.59
1163.2 27676.75 11102.26 40.11
1167.2 27672.18 10998.78 39.75
1171.1 27690.39 10924.70 39.45
1175.0 27654.57 10844.04 39.21
1179.0 27636.10 10787.87 39.04
1182.9 27688.86 10752.42 38.83
1186.8 27695.30 10688.50 38.59
1190.7 27569.52 10589.20 38.41
1194.7 27419.62 10493.59 38.27
1198.6 27293.81 10436.58 38.24
1202.5 27200.25 10403.45 38.25
1206.4 27132.70 10382.76 38.27
1210.3 27081.04 10389.54 38.36
1214.2 27024.83 10413.86 38.53
1218.2 26933.31 10441.22 38.77
1222.1 26861.55 10473.45 38.99
1226.0 26811.29 10516.76 39.23
1229.9 26766.06 10563.96 39.47
1233.8 26716.82 10604.70 39.69
1237.7 26693.90 10646.70 39.88
1241.6 26651.31 10668.45 40.03
1245.5 26563.65 10676.21 40.19
1249.4 26496.77 10689.16 40.34
1253.3 26424.10 10697.31 40.48
1257.2 26386.94 10709.58 40.59
1261.1 26334.40 10701.72 40.64
1265.0 26252.61 10678.34 40.68
1268.9 26145.20 10626.78 40.65
1272.8 26185.80 10610.55 40.52
1276.7 26302.73 10629.81 40.41
1280.6 26352.96 10612.50 40.27
1284.5 26317.47 10519.69 39.97
1288.4 26317.72 10435.28 39.65
1292.3 26251.50 10320.75 39.31
1296.2 26160.25 10177.50 38.90
1300.1 26059.62 10002.33 38.38
1303.9 25925.19 9787.03 37.75
1307.8 25787.70 9558.35 37.07
1311.7 25630.17 9317.24 36.35
1315.6 25482.26 9062.47 35.56
1319.5 25332.93 8790.43 34.70
1323.3 25187.48 8509.18 33.78
1327.2 25064.93 8233.41 32.85
1331.1 24923.42 7957.86 31.93
1335.0 24744.20 7662.72 30.97
1338.8 24620.86 7395.54 30.04
1342.7 24530.16 7165.32 29.21
1346.5 24331.08 6911.82 28.41
1350.4 24169.12 6695.68 27.70
1354.3 23949.14 6467.67 27.01
1358.1 23693.95 6235.78 26.32
1362.0 23530.78 6041.31 25.67
1365.8 23459.84 5841.55 24.90
1369.7 23508.05 5647.87 24.03
1373.5 23469.07 5382.91 22.94
1377.4 23330.07 5034.73 21.58
1381.2 23213.30 4629.74 19.94
1385.1 23185.27 4205.66 18.14
1389.0 23111.78 3787.81 16.39
1392.8 22984.07 3369.68 14.66
1396.6 22895.53 2974.49 12.99
1400.5 22761.66 2644.40 11.62
1404.3 22655.33 2390.20 10.55
1408.2 22624.16 2187.78 9.67
1412.0 22589.60 2031.86 8.99
1415.8 22607.28 1914.37 8.47
1419.6 22576.45 1820.22 8.06
1423.5 22542.06 1740.35 7.72
1427.3 22514.94 1681.02 7.47
1431.1 22506.00 1646.10 7.31
1434.9 22447.92 1607.07 7.16
1438.8 22413.83 1592.72 7.11
1442.6 22382.98 1578.67 7.05
1446.4 22300.88 1555.88 6.98
1450.2 22249.24 1541.96 6.93
1454.0 22182.12 1532.16 6.91
1457.8 22164.02 1541.09 6.95
1461.6 22148.38 1548.36 6.99
1465.4 22082.35 1559.75 7.06
1469.2 21969.68 1572.03 7.16
1473.0 21877.42 1598.45 7.31
1476.8 21850.58 1637.88 7.50
1480.7 21812.31 1679.62 7.70
1484.4 21730.68 1730.52 7.96
1488.2 21671.40 1785.24 8.24
1492.0 21591.63 1844.21 8.54
1495.8 21523.78 1913.28 8.89
1499.6 21454.51 1964.50 9.16
1503.4 21379.07 1985.98 9.29
1507.2 21323.35 2001.89 9.39
1510.9 21243.98 2036.07 9.58
1514.7 21144.89 2080.64 9.84
1518.5 21072.06 2127.47 10.10
1522.3 20989.34 2170.00 10.34
1526.0 20921.85 2219.09 10.61
1529.8 20884.61 2282.91 10.93
1533.6 20802.56 2335.03 11.22
1537.3 20718.23 2379.39 11.48
1541.1 20646.58 2429.43 11.77
1544.8 20580.00 2476.80 12.03
1548.6 20494.10 2524.20 12.32
1552.4 20440.57 2569.27 12.57
1556.1 20395.83 2600.39 12.75
1559.9 20329.85 2631.01 12.94
1563.6 20251.55 2673.29 13.20
1567.3 20197.89 2724.60 13.49
1571.1 20068.75 2760.53 13.76
1574.8 19979.19 2807.11 14.05
1578.6 19927.86 2856.05 14.33
1582.3 19847.81 2890.69 14.56
1586.0 19767.00 2918.33 14.76
1589.8 19685.89 2942.54 14.95
1593.5 19600.32 2956.86 15.09
1597.2 19524.93 2974.84 15.24
1600.9 19437.87 2998.94 15.43
1604.7 19353.76 3020.57 15.61
1608.4 19286.50 3050.81 15.82
1612.1 19192.76 3073.44 16.01
1615.8 19101.23 3086.90 16.16
1619.5 19051.05 3118.54 16.37
1623.2 18959.56 3140.61 16.56
1626.9 18852.85 3143.76 16.68
1630.6 18764.68 3155.68 16.82
1634.3 18691.14 3172.42 16.97
1638.0 18598.45 3180.11 17.10
1641.7 18509.81 3182.65 17.19
1645.4 18402.68 3184.02 17.30
1649.1 18288.46 3169.11 17.33
1652.8 18195.71 3158.91 17.36
1656.4 18092.34 3154.30 17.43
1660.1 18000.80 3143.82 17.46
1663.8 17885.69 3128.47 17.49
1667.5 17799.77 3111.50 17.48
1671.1 17730.24 3099.87 17.48
1674.8 17616.48 3079.56 17.48
1678.5 17581.25 3063.81 17.43
1682.1 17590.27 3050.32 17.34
1685.8 17607.50 3037.72 17.25
1689.5 17542.91 3015.19 17.19
1693.1 17457.42 2979.09 17.06
1696.8 17380.25 2940.25 16.92
1700.4 17288.56 2901.28 16.78
1704.0 17215.22 2863.22 16.63
1707.7 17067.04 2808.29 16.45
1711.3 16895.27 2743.90 16.24
1715.0 16777.65 2694.66 16.06
1718.6 16676.16 2640.39 15.83
1722.2 16593.53 2593.42 15.63
1725.9 16502.51 2545.72 15.43
1729.5 16414.51 2507.37 15.28
1733.1 16344.39 2482.97 15.19
1736.7 16279.61 2458.98 15.10
1740.3 16185.41 2430.93 15.02
1744.0 16134.66 2407.98 14.92
1747.5 16057.96 2369.48 14.76
1751.2 15927.46 2314.94 14.53
1754.8 15831.63 2270.52 14.34
1758.4 15751.09 2238.58 14.21
1762.0 15645.56 2193.10 14.02
1765.5 15566.72 2157.27 13.86
1769.1 15535.20 2143.20 13.80
1772.7 15491.98 2125.64 13.72
1776.3 15419.88 2104.70 13.65
1779.9 15347.07 2079.30 13.55
1783.5 15311.52 2068.32 13.51
1787.0 15236.40 2044.18 13.42
1790.6 15143.84 2026.38 13.38
1794.2 15087.44 2024.67 13.42
1797.8 15036.76 2011.74 13.38
1801.3 14981.52 2006.71 13.39
1804.9 14902.13 1997.63 13.40
1808.4 14858.32 2001.75 13.47
1812.0 14777.75 1995.53 13.50
1815.5 14700.64 1993.26 13.56
1819.1 14590.83 1980.87 13.58
1822.6 14487.72 1968.25 13.59
1826.2 14418.70 1955.38 13.56
1829.7 14328.55 1936.29 13.51
1833.2 14190.94 1913.94 13.49
1836.8 14045.85 1888.71 13.45
1840.3 13941.54 1859.31 13.34
1843.8 13860.63 1824.76 13.17
1847.3 13802.68 1808.32 13.10
1850.8 13724.93 1770.05 12.90
1854.3 13613.82 1717.63 12.62
1857.8 13561.60 1653.60 12.19
1861.3 13547.76 1574.63 11.62
1864.8 13535.27 1492.76 11.03
1868.3 13463.39 1366.17 10.15
1871.8 13340.16 1244.16 9.33
1875.3 13273.26 1113.84 8.39
1878.8 13256.08 982.22 7.41
1882.3 13214.27 885.13 6.70
1885.8 13106.59 795.07 6.07
1889.3 12978.60 734.01 5.66
1892.7 12864.86 699.47 5.44
1896.2 12801.57 675.29 5.28
1899.7 12669.52 622.55 4.91
1903.1 12560.86 595.06 4.74
1906.6 12596.90 673.97 5.35
1910.0 12738.13 750.53 5.89
1913.5 12973.91 918.75 7.08
1917.0 13403.78 1144.68 8.54
1920.4 13682.60 1386.75 10.14
1923.8 13545.75 1462.94 10.80
1871.2 12087.68 915.73 7.58
1873.9 12220.22 923.50 7.56
1876.7 12301.52 838.74 6.82
1879.5 12428.25 756.67 6.09
1882.3 12206.32 685.65 5.62
1885.1 12128.34 551.68 4.55
1887.8 12221.56 486.55 3.98
1890.6 12108.22 506.78 4.19
1893.4 12100.00 454.67 3.76
1896.2 12041.04 446.98 3.71
1898.9 12011.63 423.94 3.53
1901.7 11891.87 370.34 3.11
1904.5 12018.88 370.30 3.08
1907.2 12012.75 399.00 3.32
1910.0 11893.49 393.42 3.31
1912.7 11869.88 344.29 2.90
1915.5 11831.92 334.94 2.83
1918.2 11779.87 318.47 2.70
1921.0 11683.46 312.89 2.68
1923.7 11689.18 320.16 2.74
1926.5 11652.35 309.38 2.66
1929.2 11640.20 311.05 2.67
1932.0 11635.12 319.16 2.74
1934.7 11593.68 328.30 2.83
1937.4 11519.59 316.37 2.75
1940.2 11491.19 319.63 2.78
1942.9 11531.42 341.04 2.96
1945.6 11563.58 320.12 2.77
1948.3 11524.93 330.92 2.87
1951.1 11489.17 331.10 2.88
1953.8 11466.00 339.00 2.96
1956.5 11360.04 368.39 3.24
1959.2 11418.81 346.84 3.04
1961.9 11446.18 333.76 2.92
1964.6 11367.48 357.00 3.14
1967.3 11400.90 373.80 3.28
1970.0 11289.44 361.12 3.20
1972.8 11234.23 379.48 3.38
1975.5 11291.08 365.83 3.24
1978.2 11253.68 353.32 3.14
1980.9 11190.69 381.87 3.41
1983.5 11156.37 386.81 3.47
1986.2 11145.30 381.21 3.42
1988.9 11136.57 410.31 3.68
1991.6 11039.20 405.53 3.67
1994.3 10958.34 398.59 3.64
1997.0 10994.15 438.27 3.99
1999.7 10961.15 422.14 3.85
2002.3 10945.72 417.12 3.81
2005.0 10902.57 428.62 3.93
2007.7 10847.47 430.00 3.96
2010.4 10803.32 439.67 4.07
2013.0 10762.64 446.67 4.15
2015.7 10696.03 454.67 4.25
2018.4 10628.99 448.19 4.22
2021.0 10616.50 461.83 4.35
2023.7 10554.77 469.23 4.45
2026.4 10528.70 439.40 4.17
2029.0 10481.89 461.11 4.40
2031.7 10396.32 473.20 4.55
2034.3 10404.77 461.93 4.44
2037.0 10328.24 472.92 4.58
2039.6 10285.55 464.20 4.51
2042.3 10275.69 471.80 4.59
2044.9 10201.79 496.49 4.87
2047.5 10204.59 496.49 4.87
2050.2 10158.40 490.00 4.82
2052.8 10105.20 492.80 4.88
2055.4 10049.58 501.50 4.99
2058.1 9962.40 506.80 5.09
2060.7 9933.43 525.46 5.29
2063.3 9914.96 526.68 5.31
2065.9 9868.54 494.13 5.01
2068.6 9795.96 524.83 5.36
2071.2 9784.53 541.26 5.53
2073.8 9724.21 520.49 5.35
2076.4 9688.61 527.65 5.45
2079.0 9694.50 528.28 5.45
2081.6 9703.19 523.28 5.39
2084.2 9703.71 547.40 5.64
2086.8 9599.36 540.21 5.63
2089.4 9542.55 513.44 5.38
2092.1 9497.33 538.33 5.67
2094.7 9458.10 565.00 5.97
2097.2 9452.00 566.67 6.00
2099.8 9456.63 575.03 6.08
2102.4 9374.47 557.29 5.94
2105.0 9285.30 547.20 5.89
2107.6 9259.93 558.27 6.03
2110.2 9238.26 565.49 6.12
2112.8 9225.66 561.21 6.08
2115.3 9245.99 551.35 5.96
2117.9 9244.71 577.43 6.25
2120.5 9193.91 580.09 6.31
2123.1 9158.18 587.93 6.42
2125.6 9124.69 582.74 6.39
2128.2 9072.67 564.85 6.23
2130.8 9041.18 585.00 6.47
2133.3 9008.27 580.80 6.45
2135.9 8954.43 582.45 6.50
2138.4 8866.52 607.01 6.85
2141.0 8800.31 599.42 6.81
2143.6 8777.41 586.33 6.68
2146.1 8706.28 593.54 6.82
2148.7 8619.12 602.02 6.98
2151.2 8597.60 595.47 6.93
2153.8 8623.97 609.27 7.06
2156.3 8588.29 611.34 7.12
2158.8 8514.46 590.67 6.94
2161.4 8488.25 619.15 7.29
2163.9 8446.98 610.31 7.23
2166.4 8385.11 597.25 7.12
2169.0 8382.15 609.07 7.27
2171.5 8320.06 606.12 7.29
2174.0 8255.63 606.90 7.35
2176.5 8255.39 618.93 7.50
2179.1 8221.85 611.37 7.44
2181.6 8179.04 596.17 7.29
2184.1 8165.08 600.60 7.36
2186.6 8194.19 618.25 7.55
2189.1 8127.72 613.11 7.54
2191.6 8085.00 601.07 7.43
2194.1 8104.87 597.90 7.38
2196.6 8087.46 591.02 7.31
2199.2 8120.84 627.90 7.73
2201.7 8090.99 633.96 7.84
2204.1 8070.33 604.73 7.49
2206.6 8079.18 607.99 7.53
2209.1 8065.84 598.03 7.41
2211.6 8043.49 586.23 7.29
2214.1 8006.31 604.47 7.55
2216.6 7980.30 619.13 7.76
2219.1 7980.30 592.54 7.43
2221.6 7948.32 601.45 7.57
2224.0 7898.13 601.98 7.62
2226.5 7883.96 563.14 7.14
2229.0 7929.29 574.81 7.25
2231.5 7843.84 574.50 7.32
2233.9 7819.81 554.16 7.09
2236.4 7847.38 575.14 7.33
2238.9 7800.38 581.25 7.45
2241.3 7769.45 532.47 6.85
2243.8 7738.35 513.04 6.63
2246.2 7675.80 531.10 6.92
2248.7 7674.77 528.36 6.88
2251.2 7655.92 530.38 6.93
2253.6 7622.40 518.40 6.80
2256.1 7614.72 499.20 6.56
2258.5 7598.82 495.58 6.52
2260.9 7551.12 460.20 6.09
2263.4 7519.30 464.44 6.18
2265.8 7501.00 488.53 6.51
2268.3 7442.68 438.71 5.89
2270.7 7484.75 437.57 5.85
2273.1 7474.42 437.19 5.85
2275.6 7426.56 414.72 5.58
2278.0 7406.10 422.77 5.71
2280.4 7419.59 431.01 5.81
2282.8 7360.04 414.27 5.63
2285.3 7360.62 396.61 5.39
2287.7 7403.88 394.41 5.33
2290.1 7361.11 375.57 5.10
2292.5 7357.29 400.80 5.45
2294.9 7334.29 422.83 5.77
2297.3 7269.29 379.68 5.22
2299.7 7205.71 347.45 4.82
2302.1 7180.99 369.26 5.14
2304.5 7138.32 352.80 4.94
2306.9 7063.84 344.96 4.88
2309.3 7009.90 344.81 4.92
2311.7 6986.50 314.00 4.49
2314.1 6892.08 315.07 4.57
2316.5 6859.54 303.38 4.42
2318.9 6866.38 303.51 4.42
2321.3 6841.80 324.86 4.75
2323.7 6852.56 343.43 5.01
2326.1 6818.76 314.34 4.61
2328.4 6814.46 296.99 4.36
2330.8 6895.74 327.20 4.74
2333.2 6844.67 345.94 5.05
2335.6 6792.13 294.77 4.34
2337.9 6860.96 283.79 4.14
2340.3 6818.09 302.28 4.43
2342.7 6753.74 287.75 4.26
2345.0 6730.97 310.01 4.61
2347.4 6681.00 284.75 4.26
2349.7 6586.91 247.76 3.76
2352.1 6586.88 265.88 4.04
2354.4 6606.54 279.39 4.23
2356.8 6561.33 254.68 3.88
2359.2 6526.00 268.67 4.12
2361.5 6527.55 261.80 4.01
2363.8 6552.37 228.37 3.49
2366.2 6509.67 273.63 4.20
2368.5 6448.05 271.45 4.21
2370.9 6490.81 250.51 3.86
2373.2 6466.21 278.79 4.31
2375.5 6384.78 244.35 3.83
2377.9 6372.55 227.92 3.58
2380.2 6359.35 242.83 3.82
2382.5 6341.10 215.97 3.41
2384.8 6319.68 222.72 3.52
2387.2 6319.87 248.48 3.93
2389.5 6312.87 212.48 3.37
2391.8 6274.40 171.12 2.73
2394.1 6213.84 206.33 3.32
2396.4 6168.88 261.27 4.24
2398.7 6216.25 219.23 3.53
2401.0 6176.31 173.08 2.80
2403.3 6100.50 194.22 3.18
2405.6 6107.96 209.93 3.44
2407.9 6102.18 200.40 3.28
2410.2 6026.03 175.47 2.91
2412.5 6001.45 188.02 3.13
2414.8 6028.49 210.54 3.49
2417.1 5987.53 216.79 3.62
2419.4 5949.82 156.30 2.63
2421.7 5887.47 157.70 2.68
2424.0 5859.22 190.20 3.25
2426.2 5874.30 160.50 2.73
2428.5 5808.55 178.48 3.07
2430.8 5804.25 207.10 3.57
2433.1 5808.25 171.48 2.95
2435.4 5762.85 145.47 2.52
2437.6 5757.26 167.85 2.92
2439.9 5676.77 140.38 2.47
2442.2 5722.46 147.90 2.58
2444.4 5754.82 160.81 2.79
2446.7 5635.60 134.32 2.38
2448.9 5649.27 195.42 3.46
2451.2 5656.04 202.64 3.58
2453.4 5604.80 132.59 2.37
2455.7 5570.81 139.88 2.51
2457.9 5506.71 134.31 2.44
2460.2 5530.01 110.97 2.01
2462.4 5516.16 156.00 2.83
2464.7 5488.25 151.40 2.76
2466.9 5424.90 134.82 2.49
2469.2 5373.30 168.52 3.14
2471.4 5389.87 144.43 2.68
2473.6 5329.22 100.43 1.88
2475.9 5276.43 128.69 2.44
2478.1 5287.71 109.31 2.07
2480.3 5200.37 76.58 1.47
2482.5 5189.69 150.12 2.89
2484.8 5177.27 123.79 2.39
2487.0 5147.63 37.03 0.72
2489.2 5193.91 120.61 2.32
2491.4 5072.10 107.59 2.12
2493.6 5118.43 78.38 1.53
2495.8 5194.43 142.53 2.74
2498.0 5082.88 72.96 1.44
2500.2 5097.13 84.25 1.65
2502.4 5283.60 133.20 2.52
2504.6 5305.35 75.12 1.42
2506.8 5309.21 0.00 0.00
