/*** Spectra Vista SIG Data ***/
name= \My Documents\HR1024_Data\GD3S8.
instrument= HR: 1091052
integration= 200, 60, 30, 400, 60, 30
scan time= 1, 1
scan settings= AD, AI, AD, AI
external data set1= 8224, 8224, 8224, 8224, 8224, 8224, 8224, 8224, 8224, 8224, 8224, 8224, 8224, 8224, 8224, 8224
external data set2= 8224, 8224, 8224, 8224, 8224, 8224, 8224, 8224, 8224, 8224, 8224, 8224, 8224, 8224, 8224, 8224
external data dark= 0,0,0,0,0,0,0,0
external data mask= 0
optic= LENS4 , LENS4 
temp= 32.98, 8.88, -5.37, 39.27, 8.94, -5.37
battery= 7.6, 7.3
error= 0, 0
units= Radiance, Radiance
time= 1/26/08 10:33:54 AM, 1/26/08 10:48:38 AM
longitude= , 
latitude= , 
gpstime= , 
comm= 
memory slot= 0, 0
factors= 
data= 
346.4 598.78 173.58 28.99
347.9 627.50 189.82 30.25
349.5 677.04 187.20 27.65
351.1 739.44 191.88 25.95
352.6 790.63 200.82 25.40
354.2 841.03 212.71 25.29
355.7 912.59 222.26 24.35
357.3 974.37 230.59 23.67
358.8 992.58 232.42 23.42
360.4 1062.29 246.23 23.18
361.9 1117.88 250.74 22.43
363.5 1149.55 256.23 22.29
365.1 1196.29 256.60 21.45
366.6 1260.16 264.12 20.96
368.2 1349.72 258.53 19.15
369.7 1403.95 264.47 18.84
371.3 1488.21 279.86 18.81
372.8 1577.00 285.52 18.11
374.4 1638.71 297.04 18.13
375.9 1688.10 291.28 17.25
377.4 1740.09 295.98 17.01
379.0 1788.57 300.75 16.81
380.5 1855.73 310.83 16.75
382.1 1905.98 313.23 16.43
383.6 1973.16 317.52 16.09
385.2 2065.25 321.75 15.58
386.7 2149.76 328.96 15.30
388.3 2271.83 349.20 15.37
389.8 2363.45 365.09 15.45
391.3 2453.59 381.55 15.55
392.9 2526.36 396.88 15.71
394.4 2602.50 416.93 16.02
395.9 2690.98 438.03 16.28
397.5 2829.48 460.28 16.27
399.0 2963.31 460.41 15.54
400.6 3033.76 462.71 15.25
402.1 3072.78 468.27 15.24
403.6 3116.75 460.32 14.77
405.1 3199.00 474.14 14.82
406.7 3304.00 490.56 14.85
408.2 3412.53 510.10 14.95
409.7 3521.28 525.28 14.92
411.3 3642.17 548.51 15.06
412.8 3732.75 566.43 15.17
414.3 3845.02 591.07 15.37
415.8 3965.00 613.75 15.48
417.4 4085.95 629.97 15.42
418.9 4192.21 643.89 15.36
420.4 4267.16 660.51 15.48
421.9 4346.32 669.13 15.40
423.5 4413.15 680.65 15.42
425.0 4492.75 683.24 15.21
426.5 4594.55 696.60 15.16
428.0 4712.54 710.17 15.07
429.5 4856.53 724.83 14.92
431.1 5025.20 750.78 14.94
432.6 5198.44 776.69 14.94
434.1 5370.75 797.91 14.86
435.6 5520.56 821.41 14.88
437.1 5670.60 847.28 14.94
438.6 5806.58 870.50 14.99
440.1 5943.54 896.09 15.08
441.6 6091.61 919.15 15.09
443.1 6230.93 952.76 15.29
444.7 6356.12 979.21 15.41
446.2 6474.98 1017.77 15.72
447.7 6582.53 1048.55 15.93
449.2 6691.68 1067.04 15.95
450.7 6814.08 1087.84 15.96
452.2 6930.56 1120.05 16.16
453.7 7066.33 1156.61 16.37
455.2 7233.85 1194.57 16.51
456.7 7443.04 1239.92 16.66
458.2 7673.27 1288.78 16.80
459.7 7920.50 1337.00 16.88
461.2 8156.07 1384.64 16.98
462.7 8366.46 1431.11 17.11
464.2 8568.06 1471.32 17.17
465.7 8788.58 1507.63 17.15
467.2 8970.50 1546.74 17.24
468.7 9176.00 1599.00 17.43
470.2 9305.26 1646.66 17.70
471.7 9490.50 1683.88 17.74
473.2 9788.42 1684.83 17.21
474.6 10042.30 1701.83 16.95
476.1 10127.24 1734.16 17.12
477.6 10169.21 1773.50 17.44
479.1 10224.56 1794.67 17.55
480.6 10293.47 1809.10 17.58
482.1 10426.95 1835.64 17.60
483.6 10590.11 1870.36 17.66
485.1 10796.39 1914.03 17.73
486.6 11041.55 1966.29 17.81
488.0 11290.50 2035.31 18.03
489.5 11568.25 2107.58 18.22
491.0 11840.59 2184.13 18.45
492.5 12119.22 2272.86 18.75
494.0 12409.65 2368.30 19.08
495.4 12660.45 2464.28 19.46
496.9 12912.44 2578.48 19.97
498.4 13155.80 2689.38 20.44
499.9 13408.52 2812.41 20.97
501.4 13645.90 2949.92 21.62
502.8 13864.50 3085.92 22.26
504.3 14081.40 3241.80 23.02
505.8 14291.05 3397.32 23.77
507.2 14436.37 3549.05 24.58
508.7 14548.87 3704.82 25.46
510.2 14651.50 3859.13 26.34
511.6 14718.08 4003.74 27.20
513.1 14838.45 4171.97 28.12
514.6 14986.45 4347.12 29.01
516.0 15112.04 4519.53 29.91
517.5 15305.31 4721.17 30.85
519.0 15537.89 4940.66 31.80
520.5 15768.60 5156.16 32.70
521.9 16045.99 5395.43 33.62
523.4 16363.11 5638.33 34.46
524.8 16675.79 5881.94 35.27
526.3 17027.53 6134.89 36.03
527.8 17380.80 6382.01 36.72
529.2 17706.86 6616.89 37.37
530.7 18056.71 6852.12 37.95
532.1 18377.28 7063.13 38.43
533.6 18738.23 7283.42 38.87
535.0 19114.67 7512.12 39.30
536.5 19476.07 7730.35 39.69
538.0 19846.24 7952.48 40.07
539.4 20198.95 8150.33 40.35
540.9 20626.19 8361.54 40.54
542.3 20984.92 8524.62 40.62
543.8 21250.33 8673.23 40.81
545.2 21329.19 8769.46 41.11
546.6 21331.64 8837.59 41.43
548.1 21362.06 8890.74 41.62
549.5 21376.46 8941.19 41.83
551.0 21386.66 8971.46 41.95
552.4 21443.54 9023.20 42.08
553.9 21463.89 9053.82 42.18
555.3 21521.57 9088.27 42.23
556.8 21650.10 9143.89 42.23
558.2 21773.81 9185.91 42.19
559.6 21936.94 9246.56 42.15
561.1 22168.25 9330.75 42.09
562.5 22423.78 9415.49 41.99
564.0 22757.43 9524.27 41.85
565.4 23059.14 9618.20 41.71
566.8 23449.52 9729.29 41.49
568.3 23818.66 9824.19 41.25
569.7 24198.01 9916.74 40.98
571.1 24579.14 10001.15 40.69
572.6 24952.86 10073.97 40.37
574.0 25317.60 10145.85 40.07
575.4 25678.69 10210.22 39.76
576.9 26008.29 10276.32 39.51
578.3 26306.64 10327.28 39.26
579.7 26593.28 10378.73 39.03
581.1 26823.10 10409.41 38.81
582.6 27065.10 10452.28 38.62
584.0 27286.52 10475.98 38.39
585.4 27587.92 10525.36 38.15
586.8 27978.96 10598.37 37.88
588.3 28419.30 10683.27 37.59
589.7 28786.68 10761.66 37.38
591.1 29016.81 10804.87 37.24
592.5 29127.43 10818.14 37.14
594.0 29186.34 10805.85 37.02
595.4 29194.56 10776.83 36.91
596.8 29193.45 10737.87 36.78
598.2 29177.08 10700.87 36.68
599.6 29153.88 10640.84 36.50
601.0 29216.28 10613.96 36.33
602.4 29261.60 10567.24 36.11
603.9 29364.60 10532.83 35.87
605.3 29484.10 10510.66 35.65
606.7 29584.80 10465.20 35.37
608.1 29785.49 10451.91 35.09
609.5 30013.28 10445.39 34.80
610.9 30296.78 10442.44 34.47
612.3 30557.28 10434.76 34.15
613.7 30914.00 10454.18 33.82
615.1 31159.08 10423.08 33.45
616.5 31406.64 10400.40 33.12
617.9 31801.61 10446.70 32.85
619.3 32170.62 10497.50 32.63
620.7 32635.92 10595.21 32.46
622.1 33083.75 10680.73 32.28
623.5 33564.04 10774.75 32.10
624.9 34116.86 10875.24 31.88
626.3 34490.69 10897.12 31.59
627.7 34145.81 10675.85 31.27
629.1 33851.16 10448.81 30.87
630.5 33743.57 10215.35 30.27
631.9 33775.53 10023.65 29.68
633.3 33808.52 9972.69 29.50
634.7 33992.91 10064.39 29.61
636.1 34075.08 10168.99 29.84
637.5 34196.58 10294.39 30.10
638.9 34374.61 10417.03 30.30
640.2 34545.58 10503.74 30.41
641.6 34634.34 10537.02 30.42
643.0 34657.83 10499.86 30.30
644.4 34696.37 10436.21 30.08
645.8 34653.86 10328.33 29.80
647.2 34834.41 10241.86 29.40
648.5 34958.93 10136.68 29.00
649.9 34861.32 9966.35 28.59
651.3 34789.65 9818.78 28.22
652.7 34680.00 9641.55 27.80
654.1 34452.30 9306.18 27.01
655.5 34172.42 8954.79 26.20
656.8 33904.63 8622.57 25.43
658.2 34070.04 8423.02 24.72
659.6 34442.82 8270.71 24.01
660.9 34748.70 8105.74 23.33
662.3 35067.95 7933.91 22.62
663.7 35364.00 7770.00 21.97
665.0 35617.00 7618.83 21.39
666.4 35877.31 7476.33 20.84
667.8 36209.10 7380.53 20.38
669.1 36482.80 7300.65 20.01
670.5 36799.72 7249.85 19.70
671.9 36995.40 7192.02 19.44
673.2 37270.13 7178.97 19.26
674.6 37530.47 7203.80 19.19
676.0 37841.78 7261.00 19.19
677.3 38141.57 7331.45 19.22
678.7 38483.75 7457.69 19.38
680.0 38922.37 7659.77 19.68
681.4 39389.45 7955.28 20.20
682.8 39844.35 8327.64 20.90
684.1 40287.78 8799.57 21.84
685.5 40705.56 9372.15 23.02
686.8 41091.84 10063.86 24.49
688.2 41433.89 10840.83 26.16
689.5 41549.57 11666.94 28.08
690.9 41633.44 12561.22 30.17
692.2 41697.60 13520.10 32.42
693.6 41771.65 14540.67 34.81
694.9 41721.88 15534.66 37.23
696.2 41751.90 16569.06 39.68
697.6 41766.04 17576.90 42.08
698.9 41796.48 18563.16 44.41
700.3 41844.24 19517.70 46.64
701.6 41918.48 20416.04 48.70
703.0 41979.40 21264.32 50.65
704.3 41981.71 22025.41 52.46
705.6 41967.18 22745.48 54.20
707.0 41980.75 23430.33 55.81
708.3 41872.71 24010.38 57.34
709.6 41753.67 24538.63 58.77
711.0 41589.99 24971.05 60.04
712.3 41418.66 25366.42 61.24
713.6 41354.04 25797.03 62.38
714.9 41240.96 26169.24 63.45
716.3 41218.54 26551.41 64.42
717.6 41221.95 26927.46 65.32
718.9 41134.56 27211.82 66.15
720.2 40936.00 27389.50 66.91
721.6 40765.66 27593.22 67.69
722.9 40572.15 27759.27 68.42
724.2 40305.71 27863.03 69.13
725.5 40134.57 27985.33 69.73
726.8 39960.91 28061.58 70.22
728.1 39855.98 28193.21 70.74
729.5 39766.23 28317.75 71.21
730.8 39707.44 28443.99 71.63
732.1 39612.07 28536.30 72.04
733.4 39556.45 28622.95 72.36
734.7 39507.57 28685.28 72.61
736.0 39511.29 28805.99 72.91
737.3 39463.58 28886.79 73.20
738.6 39569.04 29083.48 73.50
739.9 39770.92 29359.02 73.82
741.2 39928.98 29571.36 74.06
742.5 40206.42 29899.30 74.36
743.8 40696.43 30388.05 74.67
745.1 41398.16 31041.07 74.98
746.4 42245.84 31738.53 75.13
747.7 43136.62 32406.94 75.13
749.0 43980.49 33000.17 75.03
750.3 44484.44 33287.33 74.83
751.6 44396.66 33197.96 74.78
752.9 43969.12 32898.20 74.82
754.2 43470.53 32592.32 74.98
755.4 42928.75 32309.09 75.26
756.7 42746.48 32302.98 75.57
758.0 42774.71 32452.83 75.87
759.3 43048.01 32775.57 76.14
760.6 43418.76 33163.90 76.38
761.9 43775.94 33502.21 76.53
763.1 43996.61 33704.73 76.61
764.4 44239.34 33944.90 76.73
765.7 44424.25 34151.00 76.87
767.0 44583.75 34311.32 76.96
768.2 44688.00 34470.24 77.14
769.5 44782.92 34561.18 77.17
770.8 44990.42 34741.42 77.22
772.0 45014.41 34790.63 77.29
773.3 45100.97 34891.74 77.36
774.6 45226.84 35019.12 77.43
775.8 45313.45 35113.81 77.49
777.1 45344.81 35157.92 77.53
778.4 45245.88 35134.30 77.65
779.6 45226.44 35171.54 77.77
780.9 45132.00 35146.00 77.87
782.1 44952.26 35052.01 77.98
783.4 44936.32 35072.96 78.05
784.6 44935.72 35143.08 78.21
785.9 45255.62 35477.07 78.39
787.1 45836.93 36012.38 78.57
788.4 46288.94 36295.97 78.41
789.6 46219.23 36048.99 78.00
790.9 45788.99 35583.61 77.71
792.1 45296.16 35211.64 77.74
793.4 44771.54 34860.65 77.86
794.6 44415.30 34599.66 77.90
795.8 44134.47 34389.38 77.92
797.1 43801.05 34193.55 78.07
798.3 43569.08 34078.89 78.22
799.5 43411.48 34013.72 78.35
800.8 43273.13 33917.39 78.38
802.0 43071.08 33811.86 78.50
803.2 42890.28 33658.18 78.48
804.5 42742.15 33550.17 78.49
805.7 42601.95 33428.06 78.47
806.9 42426.40 33319.84 78.54
808.1 42305.67 33252.47 78.60
809.4 42221.44 33207.69 78.65
810.6 42105.70 33155.85 78.74
811.8 42062.43 33159.77 78.83
813.0 42071.08 33201.65 78.92
814.2 42081.20 33255.32 79.03
815.4 42185.03 33344.34 79.04
816.6 42225.34 33340.16 78.96
817.9 42273.21 33336.00 78.86
819.1 42166.58 33217.42 78.78
820.3 42039.03 33069.23 78.66
821.5 41905.07 32958.31 78.65
822.7 41849.58 32892.35 78.60
823.9 41838.35 32882.47 78.59
825.1 41851.34 32841.55 78.47
826.3 41890.94 32840.00 78.39
827.5 41937.05 32826.13 78.27
828.7 42011.28 32836.56 78.16
829.9 42039.57 32835.12 78.11
831.0 42140.75 32863.44 77.98
832.2 42235.78 32909.89 77.92
833.4 42305.18 32939.70 77.86
834.6 42417.19 33023.44 77.85
835.8 42496.65 33098.63 77.89
837.0 42597.61 33193.72 77.92
838.1 42745.68 33334.69 77.98
839.3 42856.00 33415.51 77.97
840.5 42989.60 33516.61 77.96
841.7 43156.80 33688.78 78.06
842.9 43298.86 33856.40 78.19
844.0 43430.88 33961.14 78.20
845.2 43568.90 34105.40 78.28
846.4 43732.15 34236.26 78.29
847.5 43960.00 34439.91 78.34
848.7 44164.79 34612.23 78.37
849.9 44393.85 34720.11 78.21
851.0 44478.08 34707.92 78.03
852.2 44569.63 34777.51 78.03
853.3 44562.81 34769.57 78.02
854.5 44594.90 34760.43 77.95
855.6 44615.97 34784.06 77.96
856.8 44687.86 34814.96 77.91
857.9 44681.40 34838.73 77.97
859.1 44832.20 34974.20 78.01
860.2 44876.88 35014.14 78.02
861.4 44954.55 35104.03 78.09
862.5 45021.69 35180.46 78.14
863.7 45150.84 35256.07 78.09
864.8 45213.35 35284.90 78.04
865.9 45167.77 35262.44 78.07
867.1 45241.43 35309.13 78.05
868.2 45295.54 35329.13 78.00
869.3 45314.27 35313.80 77.93
870.5 45282.48 35297.59 77.95
871.6 45315.83 35289.59 77.87
872.7 45413.27 35364.00 77.87
873.9 45478.16 35383.53 77.80
875.0 45456.71 35353.96 77.77
876.1 45452.45 35342.92 77.76
877.2 45498.99 35371.57 77.74
878.3 45519.98 35348.67 77.66
879.4 45563.53 35319.24 77.52
880.5 45631.08 35326.62 77.42
881.7 45596.20 35261.85 77.34
882.8 45693.96 35256.89 77.16
883.9 45722.91 35244.56 77.08
885.0 45675.63 35126.23 76.90
886.1 45712.78 35047.36 76.67
887.2 45537.58 34855.87 76.54
888.3 45475.07 34733.53 76.38
889.4 45347.40 34590.89 76.28
890.5 45259.13 34507.16 76.24
891.6 45193.70 34384.75 76.08
892.7 45201.31 34366.93 76.03
893.8 45270.56 34377.64 75.94
894.9 45248.28 34324.24 75.86
896.0 45235.90 34282.55 75.79
897.0 45257.72 34257.19 75.69
898.1 45230.13 34233.73 75.69
899.2 45252.30 34226.43 75.63
900.3 45165.90 34095.09 75.49
901.4 45101.16 33957.86 75.29
902.4 45077.20 33935.75 75.28
903.5 45018.01 33837.19 75.16
904.6 45035.56 33774.28 74.99
905.7 45038.93 33731.22 74.89
906.7 44985.82 33688.78 74.89
907.8 45025.57 33708.64 74.87
908.9 44904.57 33564.25 74.75
909.9 44897.74 33543.95 74.71
911.0 44830.08 33379.83 74.46
912.1 44749.25 33252.14 74.31
913.1 44707.00 33147.40 74.14
914.2 44554.62 32969.23 74.00
915.2 44505.45 32907.06 73.94
916.3 44491.35 32813.25 73.75
917.3 44461.10 32762.41 73.69
918.4 44383.35 32590.53 73.43
919.4 44330.69 32453.83 73.21
920.5 44315.70 32338.07 72.97
921.5 44285.78 32270.42 72.87
922.6 44268.10 32129.39 72.58
923.6 44262.16 32049.89 72.41
924.7 44333.00 31965.13 72.10
925.7 44276.22 31836.09 71.90
926.7 44252.98 31747.18 71.74
927.8 44374.33 31623.91 71.27
928.8 44502.63 31589.37 70.98
929.9 44598.23 31523.99 70.68
930.9 44802.27 31529.43 70.37
931.9 45011.35 31524.09 70.04
932.9 45355.12 31669.48 69.83
934.0 45370.16 31543.51 69.52
935.0 45397.97 31453.38 69.28
936.0 45413.73 31330.03 68.99
937.0 45319.95 31147.06 68.73
938.1 45295.44 30955.47 68.34
939.1 45257.91 30800.85 68.06
940.1 45342.90 30695.99 67.70
941.1 45568.46 30750.10 67.48
942.1 45803.34 30775.09 67.19
943.1 45999.43 30748.72 66.85
944.1 46171.28 30723.00 66.54
945.2 46338.18 30636.06 66.11
946.2 46411.22 30534.04 65.79
947.2 46518.25 30428.13 65.41
948.2 46693.82 30370.02 65.04
949.2 46838.19 30256.28 64.60
950.2 46912.95 30116.18 64.20
951.2 46909.80 29973.72 63.90
952.2 47054.57 29875.80 63.49
953.2 47260.85 29789.42 63.03
954.2 47365.65 29705.29 62.71
955.2 47408.68 29557.45 62.35
956.2 47434.65 29407.92 62.00
957.2 47543.77 29335.69 61.70
958.2 47601.59 29280.12 61.51
959.2 47735.55 29212.43 61.20
960.1 47775.14 29189.30 61.10
961.1 47870.63 29131.45 60.85
962.1 47933.44 29078.91 60.67
963.1 48032.50 29133.27 60.65
964.1 48057.21 29164.92 60.69
965.1 48243.99 29234.13 60.60
966.1 48335.33 29164.48 60.34
967.0 48410.39 29242.47 60.41
968.0 48434.88 29268.80 60.43
969.0 48556.60 29339.40 60.42
970.0 48603.65 29356.43 60.40
971.0 48737.12 29358.47 60.24
971.9 48722.90 29332.94 60.20
972.9 48879.95 29369.77 60.09
973.9 48859.53 29449.23 60.27
974.9 49044.08 29477.62 60.10
975.8 49101.73 29404.27 59.88
976.8 49135.91 29322.56 59.68
977.8 49315.41 29452.26 59.72
978.8 49372.50 29572.43 59.90
979.7 49504.50 29647.70 59.89
980.7 49626.72 29704.46 59.86
981.7 49868.69 29956.00 60.07
982.6 50026.42 30270.31 60.51
983.6 50542.44 30496.98 60.34
984.6 51139.74 30852.90 60.33
985.5 51570.00 31285.80 60.67
986.5 52881.11 31855.14 60.24
987.5 53801.49 32491.70 60.39
988.4 54737.10 33343.75 60.92
989.4 56052.04 34080.64 60.80
990.4 57074.27 34667.88 60.74
991.3 59136.61 35362.67 59.80
992.3 61232.97 36387.65 59.42
993.2 62381.81 37698.36 60.43
994.2 63759.15 37825.37 59.33
995.2 64627.45 37629.40 58.23
996.1 65405.36 38815.33 59.35
997.1 65143.00 38108.66 58.50
998.0 67149.60 37514.70 55.87
999.0 66846.51 37759.25 56.49
1000.0 67127.69 37876.52 56.42
1000.9 65712.83 38168.53 58.08
1001.9 66491.34 37300.02 56.10
1002.8 64393.95 36587.47 56.82
1003.8 65025.46 38404.30 59.06
1004.8 66172.20 37649.70 56.90
961.5 59748.86 31324.64 52.43
965.5 58598.35 30706.56 52.40
969.5 56260.49 29709.15 52.81
973.4 53913.29 28624.53 53.09
977.4 51859.95 27731.49 53.47
981.4 50850.20 27452.99 53.99
985.3 50481.20 27587.65 54.65
989.3 50535.22 28000.71 55.41
993.3 50635.09 28480.71 56.25
997.2 50595.02 28826.71 56.98
1001.2 50545.04 29068.91 57.51
1005.2 50473.33 29264.50 57.98
1009.1 50535.74 29594.19 58.56
1013.1 50697.93 29996.93 59.17
1017.1 50843.90 30419.62 59.83
1021.0 50855.49 30771.22 60.51
1025.0 50816.26 31058.35 61.12
1029.0 50641.08 31244.55 61.70
1032.9 50496.42 31441.67 62.27
1036.9 50486.34 31739.81 62.87
1040.9 50614.23 32107.30 63.44
1044.8 50848.91 32510.94 63.94
1048.8 51055.33 32900.58 64.44
1052.7 51200.97 33240.12 64.92
1056.7 51265.76 33450.07 65.25
1060.7 51328.86 33614.88 65.49
1064.6 51364.29 33735.98 65.68
1068.6 51285.22 33727.46 65.76
1072.5 51205.93 33670.08 65.75
1076.5 51155.97 33612.76 65.71
1080.4 51154.95 33543.80 65.57
1084.4 51258.31 33481.60 65.32
1088.3 51367.47 33390.96 65.00
1092.3 51376.13 33213.86 64.65
1096.2 51342.58 32980.09 64.24
1100.2 51360.86 32748.49 63.76
1104.1 51244.60 32444.95 63.31
1108.1 51175.76 32166.24 62.85
1112.0 51059.75 31835.75 62.35
1116.0 50831.30 31394.87 61.76
1119.9 50653.13 30903.95 61.01
1123.9 50703.41 30483.10 60.12
1127.8 50649.60 29840.64 58.92
1131.8 50608.23 28997.91 57.30
1135.7 50617.81 28033.25 55.38
1139.6 50606.06 26954.01 53.26
1143.6 50555.26 25901.23 51.23
1147.5 50517.05 24999.98 49.49
1151.4 50365.69 24217.99 48.08
1155.4 50355.11 23733.02 47.13
1159.3 50376.78 23444.93 46.54
1163.2 50207.59 23176.32 46.16
1167.2 50161.80 23052.48 45.96
1171.1 50174.37 22967.81 45.78
1175.0 50101.08 22860.51 45.63
1179.0 50065.70 22766.29 45.47
1182.9 50165.17 22727.01 45.30
1186.8 50159.61 22649.02 45.15
1190.7 49934.95 22469.86 45.00
1194.7 49665.47 22298.00 44.90
1198.6 49438.62 22196.79 44.90
1202.5 49264.40 22126.32 44.91
1206.4 49122.14 22082.27 44.95
1210.3 49037.26 22079.05 45.03
1214.2 48930.30 22097.45 45.16
1218.2 48765.56 22124.50 45.37
1222.1 48630.48 22168.48 45.59
1226.0 48538.40 22233.59 45.81
1229.9 48450.48 22279.08 45.98
1233.8 48352.03 22333.42 46.19
1237.7 48317.50 22413.62 46.39
1241.6 48229.08 22461.98 46.57
1245.5 48061.09 22464.16 46.74
1249.4 47934.98 22471.49 46.88
1253.3 47803.87 22478.30 47.02
1257.2 47735.46 22478.63 47.09
1261.1 47624.11 22456.12 47.15
1265.0 47490.52 22408.30 47.18
1268.9 47304.07 22297.87 47.14
1272.8 47372.70 22298.40 47.07
1276.7 47590.81 22335.41 46.93
1280.6 47691.16 22294.74 46.75
1284.5 47615.01 22142.15 46.50
1288.4 47591.67 21977.80 46.18
1292.3 47467.75 21747.00 45.81
1296.2 47318.59 21486.74 45.41
1300.1 47148.87 21182.98 44.93
1303.9 46897.39 20797.77 44.35
1307.8 46639.44 20391.85 43.72
1311.7 46386.67 19950.70 43.01
1315.6 46123.85 19496.26 42.27
1319.5 45848.18 19016.24 41.48
1323.3 45606.50 18517.17 40.60
1327.2 45386.16 18025.57 39.72
1331.1 45132.53 17525.13 38.83
1335.0 44824.46 17010.26 37.95
1338.8 44600.56 16548.32 37.10
1342.7 44421.07 16131.13 36.31
1346.5 44042.02 15661.89 35.56
1350.4 43720.62 15262.11 34.91
1354.3 43279.60 14839.36 34.29
1358.1 42799.92 14391.05 33.62
1362.0 42533.76 14008.90 32.94
1365.8 42447.40 13672.46 32.21
1369.7 42569.31 13357.99 31.38
1373.5 42515.11 12905.33 30.35
1377.4 42239.08 12286.39 29.09
1381.2 42024.35 11575.63 27.55
1385.1 42007.68 10867.21 25.87
1389.0 41913.21 10134.82 24.18
1392.8 41686.58 9386.62 22.52
1396.6 41522.45 8705.27 20.97
1400.5 41297.26 8094.58 19.60
1404.3 41119.22 7600.04 18.48
1408.2 41089.83 7214.56 17.56
1412.0 41038.18 6907.34 16.83
1415.8 41063.56 6690.76 16.29
1419.6 41020.11 6511.62 15.87
1423.5 40984.07 6370.28 15.54
1427.3 40938.38 6261.16 15.29
1431.1 40915.35 6186.83 15.12
1434.9 40812.08 6112.88 14.98
1438.8 40755.58 6067.62 14.89
1442.6 40720.04 6037.73 14.83
1446.4 40579.53 5997.61 14.78
1450.2 40476.97 5979.40 14.77
1454.0 40349.16 5966.76 14.79
1457.8 40313.93 5973.44 14.82
1461.6 40291.52 5999.90 14.89
1465.4 40157.17 6020.39 14.99
1469.2 39958.10 6046.95 15.13
1473.0 39808.79 6102.36 15.33
1476.8 39739.71 6193.88 15.59
1480.7 39668.27 6292.32 15.86
1484.4 39532.92 6390.84 16.17
1488.2 39418.92 6509.40 16.51
1492.0 39281.08 6640.08 16.90
1495.8 39157.30 6765.85 17.28
1499.6 39041.55 6871.19 17.60
1503.4 38891.42 6950.94 17.87
1507.2 38758.78 7013.56 18.10
1510.9 38603.27 7059.46 18.29
1514.7 38431.80 7097.67 18.47
1518.5 38296.78 7185.80 18.76
1522.3 38148.01 7306.00 19.15
1526.0 38038.86 7423.96 19.52
1529.8 37977.87 7544.58 19.87
1533.6 37845.65 7636.05 20.18
1537.3 37710.11 7724.02 20.48
1541.1 37580.52 7807.35 20.77
1544.8 37449.60 7886.40 21.06
1548.6 37314.89 7957.24 21.32
1552.4 37219.38 8046.19 21.62
1556.1 37135.69 8131.34 21.90
1559.9 37030.39 8182.69 22.10
1563.6 36900.49 8234.88 22.32
1567.3 36782.10 8331.54 22.65
1571.1 36560.28 8415.31 23.02
1574.8 36404.14 8495.33 23.34
1578.6 36302.38 8558.59 23.58
1582.3 36157.52 8605.18 23.80
1586.0 36009.48 8642.37 24.00
1589.8 35863.84 8676.04 24.19
1593.5 35710.53 8704.85 24.38
1597.2 35575.62 8734.84 24.55
1600.9 35432.24 8754.13 24.71
1604.7 35280.85 8782.97 24.89
1608.4 35142.04 8832.43 25.13
1612.1 34980.47 8859.86 25.33
1615.8 34834.07 8880.55 25.49
1619.5 34752.20 8917.00 25.66
1623.2 34595.03 8939.04 25.84
1626.9 34406.93 8946.87 26.00
1630.6 34230.90 8958.84 26.17
1634.3 34081.71 8970.78 26.32
1638.0 33920.36 8956.87 26.41
1641.7 33748.10 8937.84 26.48
1645.4 33556.70 8912.86 26.56
1649.1 33353.05 8864.46 26.58
1652.8 33189.89 8823.17 26.58
1656.4 33018.59 8787.64 26.61
1660.1 32845.97 8755.93 26.66
1663.8 32642.92 8712.15 26.69
1667.5 32483.35 8673.79 26.70
1671.1 32351.26 8640.86 26.71
1674.8 32144.07 8583.11 26.70
1678.5 32080.00 8553.42 26.66
1682.1 32102.13 8535.29 26.59
1685.8 32123.16 8515.51 26.51
1689.5 32018.65 8461.90 26.43
1693.1 31881.24 8387.43 26.31
1696.8 31732.38 8305.38 26.17
1700.4 31582.94 8215.52 26.01
1704.0 31466.76 8130.41 25.84
1707.7 31189.67 8002.19 25.66
1711.3 30882.00 7849.94 25.42
1715.0 30659.79 7734.89 25.23
1718.6 30484.31 7633.66 25.04
1722.2 30333.58 7525.00 24.81
1725.9 30181.80 7427.21 24.61
1729.5 30037.98 7339.41 24.43
1733.1 29910.73 7283.36 24.35
1736.7 29788.38 7242.58 24.31
1740.3 29614.18 7168.24 24.21
1744.0 29528.30 7104.14 24.06
1747.5 29373.44 7010.41 23.87
1751.2 29138.63 6897.04 23.67
1754.8 28975.37 6802.02 23.48
1758.4 28834.48 6703.81 23.25
1762.0 28639.33 6605.59 23.06
1765.5 28498.38 6538.69 22.94
1769.1 28452.00 6499.20 22.84
1772.7 28378.96 6456.81 22.75
1776.3 28252.73 6406.68 22.68
1779.9 28119.54 6360.49 22.62
1783.5 28061.20 6328.96 22.55
1787.0 27938.82 6279.99 22.48
1790.6 27774.17 6229.79 22.43
1794.2 27666.21 6203.23 22.42
1797.8 27558.84 6181.49 22.43
1801.3 27465.68 6162.90 22.44
1804.9 27315.75 6126.75 22.43
1808.4 27221.13 6112.01 22.45
1812.0 27071.27 6087.03 22.49
1815.5 26907.62 6057.62 22.51
1819.1 26703.43 6005.15 22.49
1822.6 26545.43 5965.36 22.47
1826.2 26400.51 5936.59 22.49
1829.7 26207.46 5886.92 22.46
1833.2 25952.41 5825.17 22.45
1836.8 25712.51 5752.11 22.37
1840.3 25567.16 5702.76 22.31
1843.8 25454.03 5680.08 22.32
1847.3 25371.56 5663.39 22.32
1850.8 25264.51 5628.67 22.28
1854.3 25105.60 5561.86 22.15
1857.8 25027.60 5454.80 21.80
1861.3 25027.70 5318.09 21.25
1864.8 24948.54 5100.83 20.45
1868.3 24715.93 4788.94 19.38
1871.8 24529.92 4492.80 18.32
1875.3 24489.01 4238.78 17.31
1878.8 24485.84 3998.48 16.33
1882.3 24423.29 3728.51 15.27
1885.8 24245.59 3469.39 14.31
1889.3 24030.42 3252.99 13.54
1892.7 23852.68 3098.90 12.99
1896.2 23673.74 2980.92 12.59
1899.7 23427.69 2938.02 12.54
1903.1 23323.61 2962.34 12.70
1906.6 23396.53 3048.93 13.03
1910.0 23683.33 3293.98 13.91
1913.5 24138.15 3619.33 14.99
1917.0 24628.98 4172.53 16.94
1920.4 25146.40 4714.95 18.75
1923.8 25520.19 5039.02 19.75
1871.2 22263.77 2918.90 13.11
1873.9 22507.55 2770.49 12.31
1876.7 22626.01 2725.91 12.05
1879.5 22737.83 2610.50 11.48
1882.3 22382.76 2354.66 10.52
1885.1 22317.18 2086.04 9.35
1887.8 22505.15 1962.71 8.72
1890.6 22306.26 1863.40 8.35
1893.4 22256.67 1774.67 7.97
1896.2 22163.50 1650.40 7.45
1898.9 22083.42 1573.72 7.13
1901.7 21937.94 1557.76 7.10
1904.5 22143.94 1475.91 6.67
1907.2 22059.00 1429.75 6.48
1910.0 21927.95 1426.70 6.51
1912.7 21918.25 1413.18 6.45
1915.5 21816.04 1407.49 6.45
1918.2 21741.95 1417.02 6.52
1921.0 21589.30 1385.65 6.42
1923.7 21620.81 1387.36 6.42
1926.5 21581.93 1406.88 6.52
1929.2 21568.04 1382.07 6.41
1932.0 21551.20 1390.40 6.45
1934.7 21508.34 1407.00 6.54
1937.4 21385.99 1383.34 6.47
1940.2 21322.79 1373.78 6.44
1942.9 21412.44 1388.52 6.48
1945.6 21432.94 1398.26 6.52
1948.3 21347.13 1425.95 6.68
1951.1 21319.83 1432.76 6.72
1953.8 21321.00 1440.00 6.75
1956.5 21174.65 1464.56 6.92
1959.2 21255.91 1471.08 6.92
1961.9 21274.22 1481.06 6.96
1964.6 21161.18 1520.23 7.18
1967.3 21232.43 1548.60 7.29
1970.0 21063.36 1536.24 7.29
1972.8 20962.32 1541.43 7.35
1975.5 21019.32 1551.13 7.38
1978.2 20951.00 1576.80 7.53
1980.9 20833.51 1597.42 7.67
1983.5 20753.87 1614.13 7.78
1986.2 20730.84 1641.24 7.92
1988.9 20710.47 1684.89 8.14
1991.6 20560.54 1691.65 8.23
1994.3 20429.18 1683.90 8.24
1997.0 20463.02 1701.17 8.31
1999.7 20411.81 1714.39 8.40
2002.3 20392.69 1754.77 8.60
2005.0 20300.64 1754.77 8.64
2007.7 20215.73 1757.27 8.69
2010.4 20150.59 1770.10 8.78
2013.0 20054.41 1795.20 8.95
2015.7 19971.23 1812.98 9.08
2018.4 19850.99 1809.79 9.12
2021.0 19776.67 1847.33 9.34
2023.7 19665.12 1845.81 9.39
2026.4 19623.72 1844.92 9.40
2029.0 19549.52 1889.44 9.66
2031.7 19389.93 1892.80 9.76
2034.3 19392.75 1889.98 9.75
2037.0 19277.12 1914.20 9.93
2039.6 19203.81 1915.88 9.98
2042.3 19169.68 1923.71 10.04
2044.9 19085.22 1955.09 10.24
2047.5 19057.17 1943.87 10.20
2050.2 18939.20 1929.20 10.19
2052.8 18894.40 1976.80 10.46
2055.4 18768.37 1991.99 10.61
2058.1 18622.80 1974.00 10.60
2060.7 18569.98 1973.27 10.63
2063.3 18475.60 1970.17 10.66
2065.9 18427.79 1993.25 10.82
2068.6 18352.42 2021.17 11.01
2071.2 18299.61 2022.75 11.05
2073.8 18217.15 2012.00 11.04
2076.4 18153.52 2023.61 11.15
2079.0 18135.74 2040.06 11.25
2081.6 18151.63 2059.36 11.35
2084.2 18112.28 2076.75 11.47
2086.8 17948.60 2078.83 11.58
2089.4 17865.33 2087.79 11.69
2092.1 17782.00 2093.83 11.78
2094.7 17712.75 2096.15 11.83
2097.2 17685.67 2105.17 11.90
2099.8 17677.80 2140.69 12.11
2102.4 17557.58 2126.81 12.11
2105.0 17419.20 2103.30 12.07
2107.6 17352.05 2127.71 12.26
2110.2 17317.12 2139.78 12.36
2112.8 17308.85 2150.36 12.42
2115.3 17299.79 2156.34 12.46
2117.9 17305.54 2167.55 12.53
2120.5 17283.04 2197.91 12.72
2123.1 17169.75 2196.68 12.79
2125.6 17130.75 2184.54 12.75
2128.2 17041.98 2174.51 12.76
2130.8 16938.68 2202.53 13.00
2133.3 16907.73 2197.07 12.99
2135.9 16811.63 2173.89 12.93
2138.4 16669.29 2207.05 13.24
2141.0 16557.51 2200.81 13.29
2143.6 16519.94 2187.02 13.24
2146.1 16331.26 2174.37 13.31
2148.7 16166.35 2164.32 13.39
2151.2 16200.80 2185.33 13.49
2153.8 16223.65 2210.44 13.62
2156.3 16092.71 2191.37 13.62
2158.8 16012.97 2170.70 13.56
2161.4 15977.02 2181.77 13.66
2163.9 15879.72 2178.82 13.72
2166.4 15806.34 2167.24 13.71
2169.0 15776.77 2167.24 13.74
2171.5 15691.03 2155.41 13.74
2174.0 15580.08 2162.83 13.88
2176.5 15568.93 2155.79 13.85
2179.1 15528.15 2135.27 13.75
2181.6 15436.46 2144.38 13.89
2184.1 15393.84 2152.92 13.99
2186.6 15412.36 2159.17 14.01
2189.1 15330.96 2144.28 13.99
2191.6 15265.13 2149.47 14.08
2194.1 15289.63 2132.51 13.95
2196.6 15291.79 2116.12 13.84
2199.2 15355.64 2138.35 13.93
2201.7 15282.97 2159.75 14.13
2204.1 15217.08 2162.35 14.21
2206.6 15263.16 2148.48 14.08
2209.1 15196.78 2153.67 14.17
2211.6 15154.34 2143.15 14.14
2214.1 15142.04 2128.93 14.06
2216.6 15136.36 2130.87 14.08
2219.1 15121.17 2108.08 13.94
2221.6 15017.30 2105.09 14.02
2224.0 14973.30 2091.69 13.97
2226.5 14953.65 2054.70 13.74
2229.0 14990.65 2047.99 13.66
2231.5 14856.57 2037.56 13.71
2233.9 14819.93 2012.68 13.58
2236.4 14830.12 2011.06 13.56
2238.9 14725.00 1995.63 13.55
2241.3 14738.24 1958.88 13.29
2243.8 14703.26 1982.20 13.48
2246.2 14560.76 1946.09 13.37
2248.7 14543.49 1893.62 13.02
2251.2 14547.02 1933.20 13.29
2253.6 14461.44 1927.68 13.33
2256.1 14411.52 1870.08 12.98
2258.5 14448.51 1878.58 13.00
2260.9 14358.24 1852.31 12.90
2263.4 14286.28 1780.99 12.47
2265.8 14286.52 1781.01 12.47
2268.3 14242.68 1747.14 12.27
2270.7 14293.95 1738.77 12.16
2273.1 14208.68 1756.43 12.36
2275.6 14138.88 1735.68 12.28
2278.0 14162.68 1717.97 12.13
2280.4 14119.54 1704.81 12.07
2282.8 13992.20 1688.05 12.06
2285.3 14040.77 1660.32 11.82
2287.7 14128.29 1644.01 11.64
2290.1 13998.75 1597.15 11.41
2292.5 13976.47 1579.40 11.30
2294.9 14012.61 1592.52 11.36
2297.3 13889.96 1546.41 11.13
2299.7 13787.58 1512.21 10.97
2302.1 13749.17 1520.27 11.06
2304.5 13602.40 1485.68 10.92
2306.9 13496.56 1426.88 10.57
2309.3 13451.64 1418.44 10.54
2311.7 13329.30 1413.00 10.60
2314.1 13154.03 1382.36 10.51
2316.5 13124.14 1406.58 10.72
2318.9 13145.46 1419.00 10.79
2321.3 13101.23 1410.35 10.77
2323.7 13118.10 1405.65 10.72
2326.1 13081.38 1422.59 10.87
2328.4 13108.17 1407.64 10.74
2330.8 13202.52 1411.05 10.69
2333.2 13104.54 1441.42 11.00
2335.6 13023.78 1361.75 10.46
2337.9 13062.53 1347.99 10.32
2340.3 13002.24 1347.67 10.36
2342.7 12902.35 1307.59 10.13
2345.0 12884.39 1303.73 10.12
2347.4 12860.50 1292.00 10.05
2349.7 12661.22 1260.14 9.95
2352.1 12633.43 1269.35 10.05
2354.4 12658.59 1242.22 9.81
2356.8 12578.77 1217.30 9.68
2359.2 12527.67 1239.33 9.89
2361.5 12479.13 1234.82 9.90
2363.8 12494.29 1203.32 9.63
2366.2 12489.73 1209.25 9.68
2368.5 12451.10 1205.95 9.69
2370.9 12453.76 1189.91 9.55
2373.2 12415.30 1200.61 9.67
2375.5 12276.33 1153.88 9.40
2377.9 12211.78 1157.82 9.48
2380.2 12242.21 1177.49 9.62
2382.5 12139.99 1134.97 9.35
2384.8 12068.64 1141.44 9.46
2387.2 12086.52 1125.20 9.31
2389.5 12068.58 1137.92 9.43
2391.8 12016.43 1102.77 9.18
2394.1 11909.46 1065.23 8.94
2396.4 11863.59 1083.79 9.14
2398.7 11940.46 1066.90 8.94
2401.0 11823.50 1117.57 9.45
2403.3 11693.04 1075.68 9.20
2405.6 11741.09 1029.66 8.77
2407.9 11668.29 1057.11 9.06
2410.2 11575.79 1042.77 9.01
2412.5 11525.22 1041.74 9.04
2414.8 11512.67 1047.54 9.10
2417.1 11505.36 1006.53 8.75
2419.4 11477.63 989.90 8.62
2421.7 11364.91 977.74 8.60
2424.0 11316.90 929.87 8.22
2426.2 11347.35 957.65 8.44
2428.5 11281.78 957.28 8.49
2430.8 11243.35 942.85 8.39
2433.1 11179.50 945.92 8.46
2435.4 11100.48 895.20 8.06
2437.6 11066.91 900.80 8.14
2439.9 10932.41 887.17 8.12
2442.2 10967.11 858.94 7.83
2444.4 10975.51 930.42 8.48
2446.7 10909.12 951.92 8.73
2448.9 10931.40 894.17 8.18
2451.2 10853.16 846.32 7.80
2453.4 10787.73 855.79 7.93
2455.7 10721.98 863.60 8.05
2457.9 10647.12 836.39 7.86
2460.2 10665.45 844.61 7.92
2462.4 10576.80 848.64 8.02
2464.7 10503.38 820.08 7.81
2466.9 10471.02 783.24 7.48
2469.2 10480.86 803.73 7.67
2471.4 10359.57 794.37 7.67
2473.6 10250.05 776.62 7.58
2475.9 10220.96 751.84 7.36
2478.1 10124.53 710.49 7.02
2480.3 10080.49 751.86 7.46
2482.5 10057.71 772.02 7.68
2484.8 9961.32 735.45 7.38
2487.0 9924.93 696.23 7.01
2489.2 9935.52 746.30 7.51
2491.4 9875.23 768.50 7.78
2493.6 9884.14 728.97 7.38
2495.8 9866.24 712.65 7.22
2498.0 9849.60 697.17 7.08
2500.2 9865.68 716.13 7.26
2502.4 10096.56 799.20 7.92
2504.6 10244.49 798.15 7.79
2506.8 10345.65 750.11 7.25
