/*** Spectra Vista SIG Data ***/
name= \My Documents\HR1024_Data\GD4S9.
instrument= HR: 1091052
integration= 0, 0, 0, 500, 60, 1
scan time= 0, 1
scan settings= , , AD, AI
external data set1= 0, 0, 0, 0, 0, 0, 0, 0, 0, 0, 0, 0, 0, 0, 0, 0
external data set2= 8224, 8224, 8224, 8224, 8224, 8224, 8224, 8224, 8224, 8224, 8224, 8224, 8224, 8224, 8224, 8224
external data dark= 0,0,0,0,0,0,0,0
external data mask= 0
optic= , LENS4 
temp= 0.00, 0.00, 0.00, 35.48, 8.88, -5.30
battery= 0.0, 5.8
error= 0, 0
units= Radiance, Radiance
time= , 2/3/08 10:11:16 AM
longitude= , 
latitude= , 
gpstime= , 
comm= 
memory slot= 2, 0
factors= 
data= 
346.4 1.00 164.35 16434.60
347.9 1.00 158.13 15813.00
349.5 1.00 165.98 16598.40
351.1 1.00 169.73 16972.80
352.6 1.00 180.90 18089.50
354.2 1.00 189.81 18980.50
355.7 1.00 207.44 20743.80
357.3 1.00 209.44 20943.70
358.8 1.00 208.30 20830.20
360.4 1.00 218.09 21808.50
361.9 1.00 228.45 22845.20
363.5 1.00 225.76 22575.50
365.1 1.00 239.95 23995.10
366.6 1.00 236.15 23615.10
368.2 1.00 237.71 23771.10
369.7 1.00 245.53 24552.80
371.3 1.00 256.82 25681.50
372.8 1.00 273.57 27356.80
374.4 1.00 279.02 27901.50
375.9 1.00 279.36 27936.40
377.4 1.00 282.32 28231.70
379.0 1.00 278.79 27878.70
380.5 1.00 281.90 28189.90
382.1 1.00 282.50 28249.80
383.6 1.00 288.04 28803.60
385.2 1.00 302.50 30250.00
386.7 1.00 306.49 30648.90
388.3 1.00 313.06 31305.60
389.8 1.00 331.60 33159.60
391.3 1.00 337.54 33754.20
392.9 1.00 355.06 35505.60
394.4 1.00 373.91 37390.50
395.9 1.00 393.13 39312.80
397.5 1.00 388.89 38889.20
399.0 1.00 401.70 40170.00
400.6 1.00 412.05 41204.80
402.1 1.00 407.64 40764.00
403.6 1.00 412.37 41237.00
405.1 1.00 416.78 41678.40
406.7 1.00 441.73 44172.80
408.2 1.00 452.63 45262.80
409.7 1.00 472.19 47219.20
411.3 1.00 487.46 48745.80
412.8 1.00 504.34 50433.60
414.3 1.00 524.74 52474.40
415.8 1.00 546.00 54600.00
417.4 1.00 560.65 56064.80
418.9 1.00 583.92 58392.40
420.4 1.00 590.22 59022.40
421.9 1.00 599.19 59919.20
423.5 1.00 620.18 62017.60
425.0 1.00 631.10 63109.80
426.5 1.00 640.70 64070.00
428.0 1.00 654.34 65433.70
429.5 1.00 674.66 67466.00
431.1 1.00 698.92 69892.20
432.6 1.00 722.86 72286.00
434.1 1.00 747.67 74767.00
435.6 1.00 770.90 77090.40
437.1 1.00 798.72 79872.00
438.6 1.00 812.72 81272.40
440.1 1.00 846.92 84692.40
441.6 1.00 863.48 86347.80
443.1 1.00 892.62 89262.00
444.7 1.00 920.64 92064.00
446.2 1.00 951.46 95146.00
447.7 1.00 987.27 98727.20
449.2 1.00 1010.02 101001.60
450.7 1.00 1038.34 103833.60
452.2 1.00 1072.10 107210.40
453.7 1.00 1098.88 109887.50
455.2 1.00 1142.34 114233.80
456.7 1.00 1183.42 118342.40
458.2 1.00 1228.14 122814.30
459.7 1.00 1278.90 127890.00
461.2 1.00 1321.63 132163.20
462.7 1.00 1363.98 136398.00
464.2 1.00 1404.71 140470.80
465.7 1.00 1435.16 143516.10
467.2 1.00 1474.55 147455.00
468.7 1.00 1524.00 152400.00
470.2 1.00 1560.13 156013.20
471.7 1.00 1595.05 159505.00
473.2 1.00 1613.26 161326.20
474.6 1.00 1641.62 164162.40
476.1 1.00 1679.04 167904.00
477.6 1.00 1701.46 170145.90
479.1 1.00 1722.58 172258.20
480.6 1.00 1734.70 173470.40
482.1 1.00 1756.86 175686.00
483.6 1.00 1790.32 179032.20
485.1 1.00 1833.84 183384.30
486.6 1.00 1888.04 188803.50
488.0 1.00 1950.65 195065.00
489.5 1.00 2019.40 201939.60
491.0 1.00 2093.67 209367.00
492.5 1.00 2179.87 217987.20
494.0 1.00 2272.00 227199.60
495.4 1.00 2370.06 237006.00
496.9 1.00 2474.94 247494.00
498.4 1.00 2586.14 258614.00
499.9 1.00 2712.96 271296.30
501.4 1.00 2847.14 284714.20
502.8 1.00 2985.60 298559.90
504.3 1.00 3134.16 313416.00
505.8 1.00 3287.31 328730.70
507.2 1.00 3434.87 343487.20
508.7 1.00 3583.78 358378.40
510.2 1.00 3735.63 373563.30
511.6 1.00 3878.58 387857.60
513.1 1.00 4042.94 404294.00
514.6 1.00 4213.16 421316.00
516.0 1.00 4379.96 437995.90
517.5 1.00 4570.66 457066.00
519.0 1.00 4772.92 477291.60
520.5 1.00 4979.04 497904.00
521.9 1.00 5201.93 520192.50
523.4 1.00 5431.93 543193.20
524.8 1.00 5657.18 565718.20
526.3 1.00 5896.61 589661.00
527.8 1.00 6123.54 612353.70
529.2 1.00 6333.26 633325.50
530.7 1.00 6555.90 655589.50
532.1 1.00 6753.74 675374.00
533.6 1.00 6960.35 696034.80
535.0 1.00 7163.54 716354.10
536.5 1.00 7368.80 736880.40
538.0 1.00 7569.76 756976.00
539.4 1.00 7757.44 775743.80
540.9 1.00 7952.45 795244.70
542.3 1.00 8135.12 813511.60
543.8 1.00 8271.75 827175.00
545.2 1.00 8361.47 836146.80
546.6 1.00 8414.69 841469.40
548.1 1.00 8463.61 846360.90
549.5 1.00 8499.65 849965.20
551.0 1.00 8526.58 852658.20
552.4 1.00 8572.31 857231.10
553.9 1.00 8593.43 859343.20
555.3 1.00 8613.54 861354.00
556.8 1.00 8660.04 866004.10
558.2 1.00 8704.80 870480.00
559.6 1.00 8755.61 875560.60
561.1 1.00 8823.10 882310.00
562.5 1.00 8895.16 889515.70
564.0 1.00 8993.92 899392.40
565.4 1.00 9072.07 907206.70
566.8 1.00 9173.82 917382.40
568.3 1.00 9262.03 926202.50
569.7 1.00 9343.71 934371.30
571.1 1.00 9410.55 941055.30
572.6 1.00 9475.70 947570.40
574.0 1.00 9533.04 953304.00
575.4 1.00 9586.35 958635.00
576.9 1.00 9636.86 963685.80
578.3 1.00 9673.95 967395.00
579.7 1.00 9704.62 970461.80
581.1 1.00 9738.25 973825.40
582.6 1.00 9767.87 976786.60
584.0 1.00 9789.31 978931.20
585.4 1.00 9840.38 984037.80
586.8 1.00 9914.17 991417.20
588.3 1.00 10009.58 1000958.40
589.7 1.00 10091.02 1009101.60
591.1 1.00 10127.16 1012715.60
592.5 1.00 10141.43 1014143.00
594.0 1.00 10126.75 1012675.20
595.4 1.00 10095.14 1009514.40
596.8 1.00 10064.34 1006434.00
598.2 1.00 10039.38 1003938.00
599.6 1.00 9992.30 999230.40
601.0 1.00 9970.43 997043.40
602.4 1.00 9934.25 993425.00
603.9 1.00 9912.71 991270.80
605.3 1.00 9886.36 988635.80
606.7 1.00 9848.88 984888.00
608.1 1.00 9839.24 983923.60
609.5 1.00 9831.12 983112.00
610.9 1.00 9837.24 983724.10
612.3 1.00 9829.19 982919.20
613.7 1.00 9840.00 984000.00
615.1 1.00 9808.78 980877.60
616.5 1.00 9783.44 978343.80
617.9 1.00 9822.04 982204.30
619.3 1.00 9865.61 986561.40
620.7 1.00 9950.98 995098.40
622.1 1.00 10044.83 1004482.50
623.5 1.00 10158.08 1015807.80
624.9 1.00 10285.59 1028559.00
626.3 1.00 10383.06 1038305.70
627.7 1.00 10265.95 1026594.60
629.1 1.00 10155.35 1015534.80
630.5 1.00 10091.77 1009176.90
631.9 1.00 9961.26 996126.40
633.3 1.00 9793.13 979313.10
634.7 1.00 9675.53 967553.00
636.1 1.00 9577.29 957729.20
637.5 1.00 9580.03 958003.20
638.9 1.00 9586.66 958666.40
640.2 1.00 9607.51 960750.70
641.6 1.00 9591.19 959119.20
643.0 1.00 9527.77 952776.70
644.4 1.00 9465.04 946504.00
645.8 1.00 9384.77 938476.50
647.2 1.00 9347.47 934746.80
648.5 1.00 9300.27 930027.00
649.9 1.00 9196.98 919698.00
651.3 1.00 9116.76 911676.00
652.7 1.00 9006.60 900660.00
654.1 1.00 8685.77 868576.80
655.5 1.00 8330.67 833067.30
656.8 1.00 7985.56 798556.30
658.2 1.00 7775.63 777563.40
659.6 1.00 7635.90 763590.30
660.9 1.00 7476.74 747673.60
662.3 1.00 7303.10 730309.80
663.7 1.00 7127.40 712740.00
665.0 1.00 6966.38 696637.90
666.4 1.00 6832.67 683267.20
667.8 1.00 6728.89 672889.20
669.1 1.00 6635.62 663561.60
670.5 1.00 6582.57 658256.90
671.9 1.00 6536.16 653616.00
673.2 1.00 6528.46 652845.80
674.6 1.00 6536.54 653654.40
676.0 1.00 6592.21 659220.80
677.3 1.00 6667.13 666712.80
678.7 1.00 6779.60 677960.00
680.0 1.00 6956.58 695657.80
681.4 1.00 7212.20 721219.70
682.8 1.00 7554.82 755482.00
684.1 1.00 8002.80 800280.00
685.5 1.00 8562.51 856251.00
686.8 1.00 9210.24 921024.00
688.2 1.00 9944.94 994493.50
689.5 1.00 10711.55 1071154.50
690.9 1.00 11553.12 1155312.00
692.2 1.00 12431.76 1243176.00
693.6 1.00 13357.31 1335731.10
694.9 1.00 14276.33 1427632.70
696.2 1.00 15201.05 1520104.50
697.6 1.00 16096.14 1609613.50
698.9 1.00 16963.58 1696358.40
700.3 1.00 17809.97 1780996.80
701.6 1.00 18619.14 1861914.40
703.0 1.00 19341.73 1934172.80
704.3 1.00 19998.29 1999829.00
705.6 1.00 20591.32 2059131.60
707.0 1.00 21150.41 2115040.90
708.3 1.00 21626.55 2162655.20
709.6 1.00 22061.40 2206139.80
711.0 1.00 22425.24 2242524.40
712.3 1.00 22748.96 2274895.50
713.6 1.00 23076.65 2307664.80
714.9 1.00 23368.20 2336820.00
716.3 1.00 23674.15 2367414.50
717.6 1.00 23958.40 2395839.60
718.9 1.00 24158.11 2415810.50
720.2 1.00 24267.82 2426782.40
721.6 1.00 24375.68 2437567.60
722.9 1.00 24466.22 2446621.80
724.2 1.00 24511.65 2451165.20
725.5 1.00 24580.56 2458055.70
726.8 1.00 24603.10 2460309.50
728.1 1.00 24662.76 2466276.00
729.5 1.00 24699.19 2469919.20
730.8 1.00 24763.43 2476342.50
732.1 1.00 24797.58 2479758.40
733.4 1.00 24838.38 2483838.40
734.7 1.00 24849.97 2484997.40
736.0 1.00 24910.29 2491028.80
737.3 1.00 24932.72 2493271.50
738.6 1.00 25065.91 2506591.20
739.9 1.00 25273.96 2527395.90
741.2 1.00 25425.04 2542503.60
742.5 1.00 25676.48 2567647.90
743.8 1.00 26052.18 2605218.00
745.1 1.00 26579.62 2657962.40
746.4 1.00 27166.78 2716677.60
747.7 1.00 27742.61 2774260.80
749.0 1.00 28252.83 2825282.60
750.3 1.00 28480.79 2848078.80
751.6 1.00 28391.23 2839123.10
752.9 1.00 28142.40 2814240.00
754.2 1.00 27857.59 2785759.20
755.4 1.00 27590.99 2759098.50
756.7 1.00 27564.55 2756455.20
758.0 1.00 27690.80 2769080.40
759.3 1.00 27960.58 2796058.20
760.6 1.00 28284.26 2828425.60
761.9 1.00 28581.24 2858124.00
763.1 1.00 28752.20 2875219.50
764.4 1.00 28933.95 2893394.70
765.7 1.00 29092.70 2909270.00
767.0 1.00 29244.30 2924429.80
768.2 1.00 29363.71 2936371.20
769.5 1.00 29472.52 2947252.00
770.8 1.00 29629.11 2962911.00
772.0 1.00 29675.90 2967590.40
773.3 1.00 29757.55 2975754.60
774.6 1.00 29844.20 2984420.40
775.8 1.00 29916.45 2991644.50
777.1 1.00 29962.18 2996217.90
778.4 1.00 29946.83 2994682.60
779.6 1.00 29952.89 2995288.80
780.9 1.00 29948.80 2994880.00
782.1 1.00 29872.60 2987260.20
783.4 1.00 29905.41 2990540.80
784.6 1.00 29949.73 2994972.80
785.9 1.00 30238.80 3023880.00
787.1 1.00 30687.25 3068725.10
788.4 1.00 30938.79 3093878.70
789.6 1.00 30762.07 3076207.40
790.9 1.00 30386.38 3038638.00
792.1 1.00 30056.90 3005689.60
793.4 1.00 29767.18 2976717.60
794.6 1.00 29541.12 2954112.00
795.8 1.00 29363.65 2936365.20
797.1 1.00 29175.69 2917569.00
798.3 1.00 29058.15 2905815.00
799.5 1.00 28996.46 2899646.10
800.8 1.00 28906.58 2890657.90
802.0 1.00 28830.37 2883036.80
803.2 1.00 28698.38 2869838.40
804.5 1.00 28622.00 2862199.80
805.7 1.00 28506.22 2850622.20
806.9 1.00 28380.80 2838080.00
808.1 1.00 28330.62 2833062.00
809.4 1.00 28288.59 2828859.00
810.6 1.00 28211.82 2821182.00
811.8 1.00 28210.50 2821049.60
813.0 1.00 28240.29 2824028.90
814.2 1.00 28280.06 2828005.60
815.4 1.00 28331.63 2833162.80
816.6 1.00 28343.52 2834351.50
817.9 1.00 28327.65 2832765.00
819.1 1.00 28239.77 2823977.40
820.3 1.00 28109.90 2810990.40
821.5 1.00 28019.22 2801921.60
822.7 1.00 27934.76 2793475.60
823.9 1.00 27906.27 2790627.10
825.1 1.00 27865.67 2786566.80
826.3 1.00 27850.98 2785097.60
827.5 1.00 27810.69 2781069.10
828.7 1.00 27792.29 2779228.80
829.9 1.00 27777.02 2777702.30
831.0 1.00 27786.88 2778688.40
832.2 1.00 27796.02 2779601.70
833.4 1.00 27812.65 2781264.50
834.6 1.00 27845.63 2784562.50
835.8 1.00 27885.06 2788506.00
837.0 1.00 27958.53 2795852.70
838.1 1.00 28047.49 2804748.50
839.3 1.00 28111.59 2811158.80
840.5 1.00 28191.71 2819171.20
841.7 1.00 28285.69 2828568.60
842.9 1.00 28428.32 2842831.90
844.0 1.00 28500.96 2850096.40
845.2 1.00 28636.55 2863655.10
846.4 1.00 28712.79 2871278.90
847.5 1.00 28877.32 2887732.40
848.7 1.00 29017.76 2901775.80
849.9 1.00 29123.19 2912319.20
851.0 1.00 29107.84 2910784.20
852.2 1.00 29131.94 2913194.00
853.3 1.00 29101.61 2910161.10
854.5 1.00 29116.02 2911601.50
855.6 1.00 29074.25 2907424.80
856.8 1.00 29118.52 2911851.80
857.9 1.00 29092.58 2909258.00
859.1 1.00 29179.68 2917968.00
860.2 1.00 29207.02 2920702.40
861.4 1.00 29239.56 2923956.00
862.5 1.00 29298.97 2929896.90
863.7 1.00 29337.56 2933755.80
864.8 1.00 29363.74 2936374.00
865.9 1.00 29343.53 2934352.80
867.1 1.00 29389.47 2938947.00
868.2 1.00 29386.83 2938682.70
869.3 1.00 29365.73 2936573.20
870.5 1.00 29319.53 2931952.80
871.6 1.00 29314.49 2931449.40
872.7 1.00 29363.91 2936390.80
873.9 1.00 29386.58 2938657.50
875.0 1.00 29357.56 2935755.50
876.1 1.00 29352.69 2935268.70
877.2 1.00 29362.48 2936247.60
878.3 1.00 29336.69 2933668.80
879.4 1.00 29365.87 2936586.80
880.5 1.00 29364.19 2936419.20
881.7 1.00 29311.36 2931136.00
882.8 1.00 29308.23 2930823.00
883.9 1.00 29274.57 2927457.10
885.0 1.00 29204.72 2920472.10
886.1 1.00 29100.85 2910084.90
887.2 1.00 28955.11 2895511.20
888.3 1.00 28793.99 2879398.50
889.4 1.00 28738.02 2873801.50
890.5 1.00 28625.09 2862509.40
891.6 1.00 28568.84 2856884.40
892.7 1.00 28477.91 2847791.10
893.8 1.00 28512.36 2851236.40
894.9 1.00 28463.69 2846368.80
896.0 1.00 28420.88 2842088.20
897.0 1.00 28384.40 2838439.80
898.1 1.00 28408.61 2840860.50
899.2 1.00 28393.60 2839360.00
900.3 1.00 28305.22 2830521.60
901.4 1.00 28207.08 2820708.00
902.4 1.00 28156.20 2815620.40
903.5 1.00 28096.56 2809656.40
904.6 1.00 28058.19 2805819.30
905.7 1.00 28032.75 2803275.20
906.7 1.00 27937.65 2793764.60
907.8 1.00 27947.04 2794703.60
908.9 1.00 27869.79 2786979.00
909.9 1.00 27807.51 2780750.50
911.0 1.00 27747.38 2774737.90
912.1 1.00 27656.02 2765602.00
913.1 1.00 27549.39 2754939.20
914.2 1.00 27427.70 2742769.70
915.2 1.00 27384.59 2738458.80
916.3 1.00 27307.86 2730786.00
917.3 1.00 27248.46 2724846.30
918.4 1.00 27102.13 2710213.00
919.4 1.00 27016.51 2701650.90
920.5 1.00 26953.04 2695303.60
921.5 1.00 26867.68 2686768.00
922.6 1.00 26777.83 2677782.80
923.6 1.00 26699.90 2669990.40
924.7 1.00 26655.70 2665570.00
925.7 1.00 26515.78 2651577.60
926.7 1.00 26455.25 2645525.20
927.8 1.00 26354.19 2635418.50
928.8 1.00 26336.78 2633678.40
929.9 1.00 26299.95 2629995.20
930.9 1.00 26287.65 2628765.20
931.9 1.00 26294.10 2629410.00
932.9 1.00 26335.98 2633598.00
934.0 1.00 26251.89 2625188.70
935.0 1.00 26190.14 2619014.10
936.0 1.00 26063.74 2606373.80
937.0 1.00 25926.34 2592634.20
938.1 1.00 25791.64 2579164.40
939.1 1.00 25650.15 2565015.20
940.1 1.00 25566.84 2556684.00
941.1 1.00 25579.36 2557935.80
942.1 1.00 25644.87 2564487.00
943.1 1.00 25649.09 2564908.80
944.1 1.00 25643.00 2564299.80
945.2 1.00 25529.62 2552961.60
946.2 1.00 25408.76 2540875.50
947.2 1.00 25369.70 2536970.00
948.2 1.00 25302.23 2530222.80
949.2 1.00 25254.78 2525477.50
950.2 1.00 25149.50 2514950.00
951.2 1.00 25035.70 2503569.60
952.2 1.00 24923.38 2492337.90
953.2 1.00 24831.17 2483117.00
954.2 1.00 24735.06 2473506.00
955.2 1.00 24629.16 2462916.00
956.2 1.00 24553.30 2455330.20
957.2 1.00 24464.77 2446476.60
958.2 1.00 24487.34 2448734.20
959.2 1.00 24422.22 2442222.00
960.1 1.00 24379.45 2437944.80
961.1 1.00 24405.32 2440531.50
962.1 1.00 24346.13 2434612.50
963.1 1.00 24379.28 2437927.70
964.1 1.00 24377.87 2437787.30
965.1 1.00 24407.81 2440781.30
966.1 1.00 24456.85 2445685.20
967.0 1.00 24486.39 2448639.20
968.0 1.00 24529.25 2452925.00
969.0 1.00 24592.88 2459288.00
970.0 1.00 24588.77 2458876.50
971.0 1.00 24626.03 2462602.80
971.9 1.00 24599.99 2459998.80
972.9 1.00 24794.04 2479403.50
973.9 1.00 24719.89 2471989.00
974.9 1.00 24820.99 2482099.20
975.8 1.00 24851.72 2485171.70
976.8 1.00 24945.92 2494592.10
977.8 1.00 25001.77 2500176.60
978.8 1.00 25142.52 2514252.00
979.7 1.00 25331.64 2533163.60
980.7 1.00 25481.41 2548141.20
981.7 1.00 25738.68 2573868.00
982.6 1.00 26002.22 2600221.60
983.6 1.00 26434.29 2643428.70
984.6 1.00 26590.25 2659025.10
985.5 1.00 27311.47 2731147.20
986.5 1.00 27823.84 2782384.00
987.5 1.00 28633.02 2863302.20
988.4 1.00 29150.44 2915044.00
989.4 1.00 29861.13 2986113.00
990.4 1.00 31354.36 3135435.60
991.3 1.00 31085.06 3108506.40
992.3 1.00 31692.47 3169246.50
993.2 1.00 32671.91 3267191.20
994.2 1.00 33600.06 3360006.00
995.2 1.00 33684.61 3368460.90
996.1 1.00 34108.59 3410858.70
997.1 1.00 34004.65 3400464.60
998.0 1.00 33026.64 3302664.00
999.0 1.00 32953.52 3295352.40
1000.0 1.00 34201.37 3420136.80
1000.9 1.00 33367.95 3336795.20
1001.9 1.00 33732.19 3373219.20
1002.8 1.00 32280.60 3228060.10
1003.8 1.00 32294.53 3229452.50
1004.8 1.00 33588.10 3358809.60
961.5 1.00 24943.70 2494369.80
965.5 1.00 24735.84 2473584.00
969.5 1.00 24166.88 2416687.50
973.4 1.00 23395.48 2339548.20
977.4 1.00 22681.34 2268134.40
981.4 1.00 22536.32 2253631.80
985.3 1.00 22749.32 2274932.00
989.3 1.00 23145.15 2314515.00
993.3 1.00 23607.40 2360739.60
997.2 1.00 23899.01 2389900.80
1001.2 1.00 24094.33 2409433.00
1005.2 1.00 24266.03 2426602.50
1009.1 1.00 24521.08 2452108.20
1013.1 1.00 24895.29 2489528.70
1017.1 1.00 25234.07 2523406.50
1021.0 1.00 25517.46 2551745.70
1025.0 1.00 25768.31 2576831.40
1029.0 1.00 25921.61 2592160.50
1032.9 1.00 26069.03 2606903.00
1036.9 1.00 26300.64 2630064.00
1040.9 1.00 26623.20 2662319.90
1044.8 1.00 26967.60 2696760.00
1048.8 1.00 27281.25 2728124.80
1052.7 1.00 27524.86 2752486.10
1056.7 1.00 27698.02 2769802.20
1060.7 1.00 27842.96 2784295.50
1064.6 1.00 27926.12 2792612.40
1068.6 1.00 27915.83 2791583.40
1072.5 1.00 27866.59 2786659.40
1076.5 1.00 27806.08 2780607.90
1080.4 1.00 27751.29 2775129.00
1084.4 1.00 27700.97 2770097.40
1088.3 1.00 27631.58 2763157.60
1092.3 1.00 27473.35 2747335.10
1096.2 1.00 27267.03 2726703.30
1100.2 1.00 27080.80 2708080.20
1104.1 1.00 26823.89 2682388.80
1108.1 1.00 26604.44 2660444.40
1112.0 1.00 26332.88 2633287.50
1116.0 1.00 25986.61 2598661.00
1119.9 1.00 25599.78 2559977.70
1123.9 1.00 25243.51 2524351.20
1127.8 1.00 24721.92 2472192.00
1131.8 1.00 24037.29 2403729.00
1135.7 1.00 23245.23 2324523.40
1139.6 1.00 22397.23 2239722.80
1143.6 1.00 21571.80 2157180.00
1147.5 1.00 20874.54 2087453.70
1151.4 1.00 20273.19 2027319.30
1155.4 1.00 19896.82 1989682.00
1159.3 1.00 19663.49 1966348.80
1163.2 1.00 19450.46 1945046.40
1167.2 1.00 19349.64 1934964.00
1171.1 1.00 19286.51 1928650.60
1175.0 1.00 19211.04 1921103.80
1179.0 1.00 19149.51 1914950.70
1182.9 1.00 19133.59 1913359.00
1186.8 1.00 19069.92 1906992.00
1190.7 1.00 18926.20 1892619.70
1194.7 1.00 18779.28 1877927.70
1198.6 1.00 18679.82 1867981.50
1202.5 1.00 18627.42 1862742.20
1206.4 1.00 18596.14 1859614.20
1210.3 1.00 18591.99 1859198.80
1214.2 1.00 18614.94 1861493.60
1218.2 1.00 18634.13 1863413.10
1222.1 1.00 18664.23 1866422.50
1226.0 1.00 18714.03 1871402.60
1229.9 1.00 18755.64 1875564.00
1233.8 1.00 18789.13 1878913.10
1237.7 1.00 18840.03 1884003.00
1241.6 1.00 18879.41 1887940.80
1245.5 1.00 18863.12 1886312.40
1249.4 1.00 18868.50 1886850.00
1253.3 1.00 18888.78 1888877.80
1257.2 1.00 18894.06 1889406.00
1261.1 1.00 18863.60 1886360.40
1265.0 1.00 18804.43 1880442.70
1268.9 1.00 18728.83 1872883.20
1272.8 1.00 18753.00 1875300.00
1276.7 1.00 18789.29 1878929.20
1280.6 1.00 18765.73 1876573.00
1284.5 1.00 18643.06 1864306.40
1288.4 1.00 18525.34 1852533.80
1292.3 1.00 18348.00 1834800.00
1296.2 1.00 18129.52 1812952.00
1300.1 1.00 17886.36 1788636.20
1303.9 1.00 17581.24 1758123.60
1307.8 1.00 17253.64 1725363.90
1311.7 1.00 16903.68 1690368.40
1315.6 1.00 16548.19 1654819.20
1319.5 1.00 16163.30 1616329.50
1323.3 1.00 15768.94 1576894.00
1327.2 1.00 15372.69 1537269.20
1331.1 1.00 14972.37 1497237.20
1335.0 1.00 14564.08 1456408.00
1338.8 1.00 14202.08 1420208.40
1342.7 1.00 13866.47 1386646.80
1346.5 1.00 13475.60 1347559.80
1350.4 1.00 13142.10 1314210.00
1354.3 1.00 12805.24 1280523.60
1358.1 1.00 12458.87 1245887.30
1362.0 1.00 12161.60 1216160.40
1365.8 1.00 11893.17 1189316.90
1369.7 1.00 11640.71 1164071.40
1373.5 1.00 11253.33 1125333.00
1377.4 1.00 10744.51 1074451.40
1381.2 1.00 10171.98 1017197.50
1385.1 1.00 9594.17 959417.10
1389.0 1.00 9003.07 900306.80
1392.8 1.00 8373.69 837369.00
1396.6 1.00 7807.40 780740.40
1400.5 1.00 7304.99 730498.60
1404.3 1.00 6888.38 688837.80
1408.2 1.00 6565.79 656578.80
1412.0 1.00 6296.10 629609.60
1415.8 1.00 6105.95 610594.60
1419.6 1.00 5955.37 595537.20
1423.5 1.00 5835.69 583569.00
1427.3 1.00 5744.47 574446.60
1431.1 1.00 5684.63 568462.50
1434.9 1.00 5618.94 561893.70
1438.8 1.00 5567.58 556757.50
1442.6 1.00 5550.74 555074.00
1446.4 1.00 5520.48 552047.50
1450.2 1.00 5503.71 550371.00
1454.0 1.00 5487.96 548796.00
1457.8 1.00 5496.11 549611.40
1461.6 1.00 5517.17 551717.10
1465.4 1.00 5533.11 553311.00
1469.2 1.00 5560.10 556010.00
1473.0 1.00 5596.87 559686.60
1476.8 1.00 5663.11 566310.80
1480.7 1.00 5747.64 574763.80
1484.4 1.00 5832.24 583224.00
1488.2 1.00 5934.84 593484.00
1492.0 1.00 6032.92 603292.20
1495.8 1.00 6131.13 613112.50
1499.6 1.00 6219.39 621939.10
1503.4 1.00 6296.58 629657.60
1507.2 1.00 6374.07 637406.70
1510.9 1.00 6433.88 643387.80
1514.7 1.00 6484.06 648405.80
1518.5 1.00 6552.04 655203.60
1522.3 1.00 6609.51 660951.00
1526.0 1.00 6688.23 668822.90
1529.8 1.00 6786.78 678678.40
1533.6 1.00 6861.69 686169.00
1537.3 1.00 6924.48 692448.40
1541.1 1.00 6978.31 697831.20
1544.8 1.00 7053.60 705360.00
1548.6 1.00 7127.86 712786.00
1552.4 1.00 7209.91 720991.10
1556.1 1.00 7263.74 726374.00
1559.9 1.00 7289.73 728973.00
1563.6 1.00 7327.06 732706.30
1567.3 1.00 7387.49 738749.00
1571.1 1.00 7450.56 745056.00
1574.8 1.00 7526.21 752621.10
1578.6 1.00 7586.68 758667.60
1582.3 1.00 7618.52 761852.10
1586.0 1.00 7640.84 764084.40
1589.8 1.00 7675.14 767514.00
1593.5 1.00 7698.41 769841.00
1597.2 1.00 7716.81 771681.40
1600.9 1.00 7735.26 773525.70
1604.7 1.00 7740.06 774006.30
1608.4 1.00 7768.97 776897.40
1612.1 1.00 7800.14 780013.80
1615.8 1.00 7824.31 782431.20
1619.5 1.00 7859.01 785901.00
1623.2 1.00 7869.64 786964.00
1626.9 1.00 7869.08 786907.80
1630.6 1.00 7874.68 787468.00
1634.3 1.00 7880.26 788026.20
1638.0 1.00 7864.68 786468.20
1641.7 1.00 7837.73 783772.60
1645.4 1.00 7811.62 781162.20
1649.1 1.00 7781.11 778110.80
1652.8 1.00 7755.20 775520.00
1656.4 1.00 7725.19 772519.20
1660.1 1.00 7695.40 769539.60
1663.8 1.00 7662.27 766227.00
1667.5 1.00 7635.84 763583.70
1671.1 1.00 7603.68 760368.00
1674.8 1.00 7551.92 755192.10
1678.5 1.00 7529.81 752981.40
1682.1 1.00 7514.61 751461.00
1685.8 1.00 7494.31 749430.50
1689.5 1.00 7443.45 744345.00
1693.1 1.00 7380.18 738018.00
1696.8 1.00 7312.63 731262.50
1700.4 1.00 7236.52 723651.60
1704.0 1.00 7168.82 716882.40
1707.7 1.00 7058.93 705892.80
1711.3 1.00 6931.33 693133.00
1715.0 1.00 6833.48 683347.80
1718.6 1.00 6744.74 674474.00
1722.2 1.00 6658.12 665812.00
1725.9 1.00 6577.84 657783.80
1729.5 1.00 6498.01 649801.20
1733.1 1.00 6448.51 644851.20
1736.7 1.00 6410.13 641012.80
1740.3 1.00 6344.36 634435.50
1744.0 1.00 6284.71 628470.80
1747.5 1.00 6207.04 620703.60
1751.2 1.00 6103.90 610389.50
1754.8 1.00 6022.13 602212.50
1758.4 1.00 5943.31 594331.20
1762.0 1.00 5850.66 585066.10
1765.5 1.00 5795.71 579571.40
1769.1 1.00 5764.80 576480.00
1772.7 1.00 5725.67 572566.50
1776.3 1.00 5685.62 568562.40
1779.9 1.00 5634.70 563469.60
1783.5 1.00 5604.80 560480.00
1787.0 1.00 5565.27 556527.30
1790.6 1.00 5519.18 551917.80
1794.2 1.00 5493.71 549371.20
1797.8 1.00 5478.41 547841.00
1801.3 1.00 5461.98 546198.40
1804.9 1.00 5436.38 543637.50
1808.4 1.00 5418.07 541807.00
1812.0 1.00 5394.71 539470.50
1815.5 1.00 5379.30 537930.00
1819.1 1.00 5334.43 533443.40
1822.6 1.00 5295.81 529581.00
1826.2 1.00 5267.18 526718.40
1829.7 1.00 5229.48 522948.40
1833.2 1.00 5173.81 517381.20
1836.8 1.00 5108.74 510874.00
1840.3 1.00 5065.47 506547.00
1843.8 1.00 5038.67 503867.00
1847.3 1.00 5010.49 501048.80
1850.8 1.00 4971.46 497145.60
1854.3 1.00 4916.61 491660.80
1857.8 1.00 4825.60 482560.00
1861.3 1.00 4717.95 471794.80
1864.8 1.00 4558.61 455861.40
1868.3 1.00 4333.55 433355.00
1871.8 1.00 4078.08 407808.00
1875.3 1.00 3875.24 387523.50
1878.8 1.00 3658.18 365818.20
1882.3 1.00 3423.02 342302.10
1885.8 1.00 3228.46 322846.20
1889.3 1.00 3052.81 305280.60
1892.7 1.00 2904.11 290411.20
1896.2 1.00 2816.92 281692.40
1899.7 1.00 2774.19 277418.80
1903.1 1.00 2768.30 276830.40
1906.6 1.00 2824.27 282427.20
1910.0 1.00 2960.42 296041.60
1913.5 1.00 3229.56 322955.60
1917.0 1.00 3655.58 365557.50
1920.4 1.00 4114.03 411402.50
1923.8 1.00 4334.64 433464.00
1871.2 1.00 1373.60 137360.00
1873.9 1.00 1932.90 193290.00
1876.7 1.00 2695.95 269595.00
1879.5 1.00 1418.75 141875.00
1882.3 1.00 1623.90 162390.00
1885.1 1.00 2327.40 232740.00
1887.8 1.00 989.60 98960.00
1890.6 1.00 1403.40 140340.00
1893.4 1.00 1980.00 198000.00
1896.2 1.00 825.20 82520.00
1898.9 1.00 1156.20 115620.00
1901.7 1.00 1587.15 158715.00
1904.5 1.00 793.50 79350.00
1907.2 1.00 1282.50 128250.00
1910.0 1.00 1686.10 168610.00
1912.7 1.00 960.80 96080.00
1915.5 1.00 1241.90 124190.00
1918.2 1.00 1502.90 150290.00
1921.0 1.00 928.35 92835.00
1923.7 1.00 1200.60 120060.00
1926.5 1.00 1465.50 146550.00
1929.2 1.00 962.00 96200.00
1932.0 1.00 1232.40 123240.00
1934.7 1.00 1500.80 150080.00
1937.4 1.00 1116.60 111660.00
1940.2 1.00 1290.80 129080.00
1942.9 1.00 1461.60 146160.00
1945.6 1.00 1087.20 108720.00
1948.3 1.00 1263.50 126350.00
1951.1 1.00 1535.10 153510.00
1953.8 1.00 1170.00 117000.00
1956.5 1.00 1437.60 143760.00
1959.2 1.00 1614.60 161460.00
1961.9 1.00 1162.20 116220.00
1964.6 1.00 1338.75 133875.00
1967.3 1.00 1691.00 169100.00
1970.0 1.00 1332.00 133200.00
1972.8 1.00 1412.00 141200.00
1975.5 1.00 1580.40 158040.00
1978.2 1.00 1226.40 122640.00
1980.9 1.00 1486.65 148665.00
1983.5 1.00 1657.75 165775.00
1986.2 1.00 1222.20 122220.00
1988.9 1.00 1484.10 148410.00
1991.6 1.00 1651.10 165110.00
1994.3 1.00 1299.75 129975.00
1997.0 1.00 1470.50 147050.00
1999.7 1.00 1809.15 180915.00
2002.3 1.00 1467.10 146710.00
2005.0 1.00 1639.70 163970.00
2007.7 1.00 1806.00 180600.00
2010.4 1.00 1456.05 145605.00
2013.0 1.00 1536.30 153630.00
2015.7 1.00 1790.25 179025.00
2018.4 1.00 1446.70 144670.00
2021.0 1.00 1700.00 170000.00
2023.7 1.00 1950.40 195040.00
2026.4 1.00 1521.00 152100.00
2029.0 1.00 1602.65 160265.00
2031.7 1.00 1943.50 194350.00
2034.3 1.00 1521.00 152100.00
2037.0 1.00 1689.00 168900.00
2039.6 1.00 1856.80 185680.00
2042.3 1.00 1516.50 151650.00
2044.9 1.00 1683.00 168300.00
2047.5 1.00 1935.45 193545.00
2050.2 1.00 1512.00 151200.00
2052.8 1.00 1596.00 159600.00
2055.4 1.00 1849.10 184910.00
2058.1 1.00 1512.00 151200.00
2060.7 1.00 1677.00 167700.00
2063.3 1.00 2006.40 200640.00
2065.9 1.00 1591.25 159125.00
2068.6 1.00 1675.00 167500.00
2071.2 1.00 2008.80 200880.00
2073.8 1.00 1595.05 159505.00
2076.4 1.00 1684.00 168400.00
2079.0 1.00 2023.20 202320.00
2081.6 1.00 1688.00 168800.00
2084.2 1.00 1693.00 169300.00
2086.8 1.00 1951.55 195155.00
2089.4 1.00 1531.80 153180.00
2092.1 1.00 1700.00 170000.00
2094.7 1.00 2034.00 203400.00
2097.2 1.00 1700.00 170000.00
2099.8 1.00 1793.40 179340.00
2102.4 1.00 2047.20 204720.00
2105.0 1.00 1624.50 162450.00
2107.6 1.00 1879.90 187990.00
2110.2 1.00 2046.00 204600.00
2112.8 1.00 1632.10 163210.00
2115.3 1.00 1818.60 181860.00
2117.9 1.00 2089.20 208920.00
2120.5 1.00 1661.55 166155.00
2123.1 1.00 1842.75 184275.00
2125.6 1.00 2108.40 210840.00
2128.2 1.00 1668.20 166820.00
2130.8 1.00 1842.75 184275.00
2133.3 1.00 2112.00 211200.00
2135.9 1.00 1676.75 167675.00
2138.4 1.00 1856.40 185640.00
2141.0 1.00 2115.60 211560.00
2143.6 1.00 1759.00 175900.00
2146.1 1.00 1939.30 193930.00
2148.7 1.00 2114.40 211440.00
2151.2 1.00 1672.00 167200.00
2153.8 1.00 1854.30 185430.00
2156.3 1.00 2126.40 212640.00
2158.8 1.00 1683.40 168340.00
2161.4 1.00 1857.45 185745.00
2163.9 1.00 2034.35 203435.00
2166.4 1.00 1685.30 168530.00
2169.0 1.00 1862.70 186270.00
2171.5 1.00 1951.40 195140.00
2174.0 1.00 1606.50 160650.00
2176.5 1.00 1794.00 179400.00
2179.1 1.00 2078.05 207805.00
2181.6 1.00 1733.75 173375.00
2184.1 1.00 1848.00 184800.00
2186.6 1.00 2071.30 207130.00
2189.1 1.00 1637.10 163710.00
2191.6 1.00 1862.00 186200.00
2194.1 1.00 2092.65 209265.00
2196.6 1.00 1630.40 163040.00
2199.2 1.00 1883.70 188370.00
2201.7 1.00 2149.00 214900.00
2204.1 1.00 1539.30 153930.00
2206.6 1.00 1678.50 167850.00
2209.1 1.00 2043.90 204390.00
2211.6 1.00 1598.80 159880.00
2214.1 1.00 1710.75 171075.00
2216.6 1.00 2051.10 205110.00
2219.1 1.00 1595.30 159530.00
2221.6 1.00 1713.00 171300.00
2224.0 1.00 2057.40 205740.00
2226.5 1.00 1483.95 148395.00
2229.0 1.00 1598.80 159880.00
2231.5 1.00 1953.30 195330.00
2233.9 1.00 1385.40 138540.00
2236.4 1.00 1621.20 162120.00
2238.9 1.00 1976.25 197625.00
2241.3 1.00 1515.80 151580.00
2243.8 1.00 1515.80 151580.00
2246.2 1.00 1860.80 186080.00
2248.7 1.00 1388.40 138840.00
2251.2 1.00 1498.90 149890.00
2253.6 1.00 1843.20 184320.00
2256.1 1.00 1267.20 126720.00
2258.5 1.00 1498.25 149825.00
2260.9 1.00 1725.75 172575.00
2263.4 1.00 1036.35 103635.00
2265.8 1.00 1269.40 126940.00
2268.3 1.00 1731.75 173175.00
2270.7 1.00 1151.50 115150.00
2273.1 1.00 1265.55 126555.00
2275.6 1.00 1728.00 172800.00
2278.0 1.00 1268.30 126830.00
2280.4 1.00 1385.40 138540.00
2282.8 1.00 1742.25 174225.00
2285.3 1.00 1166.50 116650.00
2287.7 1.00 1405.80 140580.00
2290.1 1.00 1779.00 177900.00
2292.5 1.00 1071.45 107145.00
2294.9 1.00 1185.50 118550.00
2297.3 1.00 1542.45 154245.00
2299.7 1.00 947.60 94760.00
2302.1 1.00 1178.50 117850.00
2304.5 1.00 1528.80 152880.00
2306.9 1.00 940.80 94080.00
2309.3 1.00 1057.95 105795.00
2311.7 1.00 1413.00 141300.00
2314.1 1.00 827.05 82705.00
2316.5 1.00 1063.80 106380.00
2318.9 1.00 1419.00 141900.00
2321.3 1.00 831.95 83195.00
2323.7 1.00 1078.20 107820.00
2326.1 1.00 1450.80 145080.00
2328.4 1.00 854.35 85435.00
2330.8 1.00 981.60 98160.00
2333.2 1.00 1359.05 135905.00
2335.6 1.00 747.30 74730.00
2337.9 1.00 1001.60 100160.00
2340.3 1.00 1511.40 151140.00
2342.7 1.00 888.65 88865.00
2345.0 1.00 1019.20 101920.00
2347.4 1.00 1275.00 127500.00
2349.7 1.00 768.90 76890.00
2352.1 1.00 1029.20 102920.00
2354.4 1.00 1418.45 141845.00
2356.8 1.00 647.50 64750.00
2359.2 1.00 780.00 78000.00
2361.5 1.00 1178.10 117810.00
2363.8 1.00 658.75 65875.00
2366.2 1.00 926.80 92680.00
2368.5 1.00 1335.00 133500.00
2370.9 1.00 671.00 67100.00
2373.2 1.00 944.30 94430.00
2375.5 1.00 1221.75 122175.00
2377.9 1.00 683.75 68375.00
2380.2 1.00 962.15 96215.00
2382.5 1.00 1240.65 124065.00
2384.8 1.00 556.80 55680.00
2387.2 1.00 703.25 70325.00
2389.5 1.00 1274.85 127485.00
2391.8 1.00 570.40 57040.00
2394.1 1.00 719.75 71975.00
2396.4 1.00 1161.20 116120.00
2398.7 1.00 438.45 43845.00
2401.0 1.00 741.75 74175.00
2403.3 1.00 1195.20 119520.00
2405.6 1.00 449.85 44985.00
2407.9 1.00 601.20 60120.00
2410.2 1.00 1052.80 105280.00
2412.5 1.00 457.35 45735.00
2414.8 1.00 616.20 61620.00
2417.1 1.00 1083.95 108395.00
2419.4 1.00 312.60 31260.00
2421.7 1.00 630.80 63080.00
2424.0 1.00 951.00 95100.00
2426.2 1.00 321.00 32100.00
2428.5 1.00 649.00 64900.00
2430.8 1.00 1144.50 114450.00
2433.1 1.00 165.95 16595.00
2435.4 1.00 671.40 67140.00
2437.6 1.00 1174.95 117495.00
2439.9 1.00 168.45 16845.00
2442.2 1.00 511.95 51195.00
2444.4 1.00 1033.80 103380.00
2446.7 1.00 175.20 17520.00
2448.9 1.00 355.30 35530.00
2451.2 1.00 894.00 89400.00
2453.4 1.00 180.80 18080.00
2455.7 1.00 364.90 36490.00
2457.9 1.00 915.75 91575.00
2460.2 1.00 0.00 0.00
2462.4 1.00 374.40 37440.00
2464.7 1.00 1135.50 113550.00
2466.9 1.00 0.00 0.00
2469.2 1.00 388.90 38890.00
2471.4 1.00 787.80 78780.00
2473.6 1.00 200.85 20085.00
2475.9 1.00 406.40 40640.00
2478.1 1.00 819.80 81980.00
2480.3 1.00 0.00 0.00
2482.5 1.00 428.90 42890.00
2484.8 1.00 1092.25 109225.00
2487.0 1.00 0.00 0.00
2489.2 1.00 226.15 22615.00
2491.4 1.00 922.20 92220.00
2493.6 1.00 0.00 0.00
2495.8 1.00 237.55 23755.00
2498.0 1.00 972.80 97280.00
2500.2 1.00 0.00 0.00
2502.4 1.00 266.40 26640.00
2504.6 1.00 845.10 84510.00
2506.8 1.00 584.50 58450.00
