/*** Spectra Vista SIG Data ***/
name= \My Documents\HR1024_Data\GD4S8.
instrument= HR: 1091052
integration= 0, 0, 0, 500, 60, 1
scan time= 0, 1
scan settings= , , AD, AI
external data set1= 0, 0, 0, 0, 0, 0, 0, 0, 0, 0, 0, 0, 0, 0, 0, 0
external data set2= 8224, 8224, 8224, 8224, 8224, 8224, 8224, 8224, 8224, 8224, 8224, 8224, 8224, 8224, 8224, 8224
external data dark= 0,0,0,0,0,0,0,0
external data mask= 0
optic= , LENS4 
temp= 0.00, 0.00, 0.00, 35.40, 8.88, -5.37
battery= 0.0, 5.8
error= 0, 0
units= Radiance, Radiance
time= , 2/3/08 10:10:56 AM
longitude= , 
latitude= , 
gpstime= , 
comm= 
memory slot= 2, 0
factors= 
data= 
346.4 1.00 161.80 16179.80
347.9 1.00 161.90 16189.50
349.5 1.00 174.72 17472.00
351.1 1.00 184.70 18470.40
352.6 1.00 177.10 17710.00
354.2 1.00 189.81 18980.50
355.7 1.00 202.05 20205.00
357.3 1.00 206.66 20666.30
358.8 1.00 216.69 21669.00
360.4 1.00 222.31 22230.60
361.9 1.00 220.09 22009.40
363.5 1.00 227.14 22714.00
365.1 1.00 234.40 23440.30
366.6 1.00 236.15 23615.10
368.2 1.00 240.40 24039.70
369.7 1.00 244.22 24422.20
371.3 1.00 252.86 25286.40
372.8 1.00 264.27 26427.20
374.4 1.00 277.68 27768.00
375.9 1.00 275.39 27539.20
377.4 1.00 279.72 27971.50
379.0 1.00 285.15 28515.20
380.5 1.00 278.21 27820.60
382.1 1.00 289.59 28959.00
383.6 1.00 283.50 28350.00
385.2 1.00 298.10 29810.00
386.7 1.00 306.49 30648.90
388.3 1.00 318.49 31849.10
389.8 1.00 332.69 33269.40
391.3 1.00 345.34 34534.00
392.9 1.00 351.64 35164.20
394.4 1.00 371.53 37153.10
395.9 1.00 381.82 38182.40
397.5 1.00 400.52 40052.00
399.0 1.00 405.41 40540.80
400.6 1.00 413.18 41318.00
402.1 1.00 404.54 40454.40
403.6 1.00 410.45 41045.20
405.1 1.00 420.44 42044.00
406.7 1.00 435.46 43545.60
408.2 1.00 458.87 45886.50
409.7 1.00 469.50 46950.40
411.3 1.00 489.29 48929.40
412.8 1.00 509.08 50907.60
414.3 1.00 525.72 52572.30
415.8 1.00 545.00 54500.00
417.4 1.00 568.74 56874.40
418.9 1.00 588.98 58898.40
420.4 1.00 602.19 60218.80
421.9 1.00 606.94 60693.60
423.5 1.00 625.78 62578.00
425.0 1.00 633.80 63379.50
426.5 1.00 640.70 64070.00
428.0 1.00 653.52 65351.60
429.5 1.00 674.66 67466.00
431.1 1.00 697.37 69737.40
432.6 1.00 722.09 72209.10
434.1 1.00 751.52 75152.00
435.6 1.00 771.68 77167.80
437.1 1.00 791.70 79170.00
438.6 1.00 813.51 81351.00
440.1 1.00 843.75 84375.20
441.6 1.00 865.88 86588.10
443.1 1.00 893.43 89343.00
444.7 1.00 927.22 92721.60
446.2 1.00 957.35 95735.40
447.7 1.00 985.55 98554.60
449.2 1.00 1010.02 101001.60
450.7 1.00 1040.00 104000.00
452.2 1.00 1067.39 106738.80
453.7 1.00 1102.60 110260.00
455.2 1.00 1143.06 114305.60
456.7 1.00 1180.61 118060.80
458.2 1.00 1229.54 122954.10
459.7 1.00 1275.40 127540.00
461.2 1.00 1321.63 132163.20
462.7 1.00 1363.26 136326.40
464.2 1.00 1401.78 140178.00
465.7 1.00 1443.42 144342.20
467.2 1.00 1474.55 147455.00
468.7 1.00 1517.60 151760.00
470.2 1.00 1554.11 155410.50
471.7 1.00 1595.05 159505.00
473.2 1.00 1619.23 161922.60
474.6 1.00 1650.99 165099.40
476.1 1.00 1681.58 168158.40
477.6 1.00 1699.89 169989.30
479.1 1.00 1719.59 171959.40
480.6 1.00 1733.26 173325.60
482.1 1.00 1756.16 175615.50
483.6 1.00 1791.01 179100.90
485.1 1.00 1831.83 183183.00
486.6 1.00 1887.38 188737.60
488.0 1.00 1948.05 194805.00
489.5 1.00 2019.40 201939.60
491.0 1.00 2089.80 208980.00
492.5 1.00 2177.28 217728.00
494.0 1.00 2273.96 227395.80
495.4 1.00 2370.72 237072.00
496.9 1.00 2474.27 247427.20
498.4 1.00 2588.17 258817.10
499.9 1.00 2712.28 271227.60
501.4 1.00 2847.14 284714.20
502.8 1.00 2981.35 298134.50
504.3 1.00 3129.12 312912.00
505.8 1.00 3283.65 328365.20
507.2 1.00 3433.39 343339.40
508.7 1.00 3583.04 358303.80
510.2 1.00 3725.84 372584.40
511.6 1.00 3879.33 387933.00
513.1 1.00 4038.45 403845.20
514.6 1.00 4202.15 420215.00
516.0 1.00 4379.25 437924.60
517.5 1.00 4565.12 456512.40
519.0 1.00 4769.55 476955.10
520.5 1.00 4980.35 498035.20
521.9 1.00 5199.99 519999.00
523.4 1.00 5428.10 542810.40
524.8 1.00 5655.91 565591.40
526.3 1.00 5891.53 589153.00
527.8 1.00 6126.73 612673.20
529.2 1.00 6330.03 633003.00
530.7 1.00 6551.97 655196.50
532.1 1.00 6748.42 674842.00
533.6 1.00 6954.92 695492.40
535.0 1.00 7164.93 716492.70
536.5 1.00 7363.12 736311.60
538.0 1.00 7566.82 756681.60
539.4 1.00 7748.23 774823.40
540.9 1.00 7955.64 795564.30
542.3 1.00 8133.49 813348.80
543.8 1.00 8276.59 827659.20
545.2 1.00 8372.50 837250.00
546.6 1.00 8407.76 840775.50
548.1 1.00 8465.89 846588.60
549.5 1.00 8503.40 850339.70
551.0 1.00 8527.32 852732.10
552.4 1.00 8571.58 857158.20
553.9 1.00 8592.72 859271.60
555.3 1.00 8617.05 861705.00
556.8 1.00 8666.24 866624.20
558.2 1.00 8705.48 870547.50
559.6 1.00 8754.95 875494.50
561.1 1.00 8815.95 881595.00
562.5 1.00 8895.80 889579.80
564.0 1.00 8998.36 899836.20
565.4 1.00 9078.99 907898.60
566.8 1.00 9175.71 917570.80
568.3 1.00 9265.17 926517.00
569.7 1.00 9344.98 934497.90
571.1 1.00 9415.03 941502.60
572.6 1.00 9475.06 947505.60
574.0 1.00 9531.72 953172.00
575.4 1.00 9584.33 958432.50
576.9 1.00 9633.39 963339.30
578.3 1.00 9674.67 967466.50
579.7 1.00 9712.04 971203.80
581.1 1.00 9734.39 973438.90
582.6 1.00 9768.68 976867.50
584.0 1.00 9796.94 979694.40
585.4 1.00 9835.06 983505.60
586.8 1.00 9913.25 991325.30
588.3 1.00 10018.01 1001800.80
589.7 1.00 10087.27 1008727.20
591.1 1.00 10123.46 1012346.40
592.5 1.00 10143.24 1014324.00
594.0 1.00 10130.30 1013030.40
595.4 1.00 10102.12 1010212.00
596.8 1.00 10070.35 1007034.60
598.2 1.00 10039.38 1003938.00
599.6 1.00 9992.30 999230.40
601.0 1.00 9967.19 996719.00
602.4 1.00 9939.78 993978.00
603.9 1.00 9915.78 991577.60
605.3 1.00 9893.05 989304.50
606.7 1.00 9853.20 985320.00
608.1 1.00 9844.84 984484.40
609.5 1.00 9831.81 983180.50
610.9 1.00 9836.57 983656.80
612.3 1.00 9827.86 982786.40
613.7 1.00 9840.66 984065.60
615.1 1.00 9808.78 980877.60
616.5 1.00 9784.72 978472.20
617.9 1.00 9823.97 982396.60
619.3 1.00 9864.33 986433.00
620.7 1.00 9952.92 995292.20
622.1 1.00 10039.51 1003950.50
623.5 1.00 10154.59 1015459.30
624.9 1.00 10289.27 1028926.50
626.3 1.00 10386.14 1038614.10
627.7 1.00 10269.09 1026909.00
629.1 1.00 10162.53 1016253.00
630.5 1.00 10080.39 1008038.70
631.9 1.00 9967.07 996706.70
633.3 1.00 9793.97 979397.40
634.7 1.00 9682.39 968238.60
636.1 1.00 9578.17 957816.60
637.5 1.00 9577.36 957735.90
638.9 1.00 9596.65 959665.20
640.2 1.00 9610.28 961027.60
641.6 1.00 9594.00 959400.00
643.0 1.00 9541.03 954102.50
644.4 1.00 9471.75 947174.60
645.8 1.00 9387.67 938767.20
647.2 1.00 9351.42 935142.00
648.5 1.00 9298.26 929826.00
649.9 1.00 9203.06 920306.40
651.3 1.00 9121.86 912186.00
652.7 1.00 9004.56 900456.00
654.1 1.00 8688.72 868872.00
655.5 1.00 8331.61 833161.40
656.8 1.00 7988.27 798826.60
658.2 1.00 7772.12 777211.80
659.6 1.00 7628.95 762895.10
660.9 1.00 7469.01 746900.50
662.3 1.00 7306.49 730649.40
663.7 1.00 7126.56 712656.00
665.0 1.00 6970.54 697054.40
666.4 1.00 6826.89 682689.00
667.8 1.00 6728.89 672889.20
669.1 1.00 6633.98 663398.00
670.5 1.00 6580.12 658011.80
671.9 1.00 6541.87 654187.20
673.2 1.00 6522.73 652273.20
674.6 1.00 6529.97 652996.80
676.0 1.00 6588.89 658889.20
677.3 1.00 6672.99 667299.40
678.7 1.00 6781.30 678130.00
680.0 1.00 6958.31 695831.00
681.4 1.00 7216.63 721663.20
682.8 1.00 7564.83 756483.00
684.1 1.00 8006.54 800654.40
685.5 1.00 8570.20 857019.80
686.8 1.00 9206.30 920630.40
688.2 1.00 9936.93 993692.70
689.5 1.00 10715.59 1071558.90
690.9 1.00 11560.24 1156023.90
692.2 1.00 12435.84 1243584.00
693.6 1.00 13361.40 1336140.30
694.9 1.00 14274.27 1427427.30
696.2 1.00 15203.12 1520311.50
697.6 1.00 16088.82 1608882.00
698.9 1.00 16965.70 1696569.60
700.3 1.00 17815.31 1781530.80
701.6 1.00 18618.06 1861806.30
703.0 1.00 19346.10 1934610.00
704.3 1.00 19991.66 1999166.00
705.6 1.00 20592.43 2059243.20
707.0 1.00 21144.77 2114477.40
708.3 1.00 21627.69 2162769.00
709.6 1.00 22070.57 2207057.40
711.0 1.00 22427.56 2242755.60
712.3 1.00 22755.95 2275594.50
713.6 1.00 23084.88 2308488.00
714.9 1.00 23377.68 2337768.00
716.3 1.00 23681.32 2368131.50
717.6 1.00 23969.23 2396923.20
718.9 1.00 24153.28 2415327.70
720.2 1.00 24265.42 2426541.60
721.6 1.00 24384.05 2438404.80
722.9 1.00 24469.76 2446976.40
724.2 1.00 24511.65 2451165.20
725.5 1.00 24589.75 2458974.90
726.8 1.00 24613.29 2461329.20
728.1 1.00 24672.83 2467283.10
729.5 1.00 24709.15 2470914.60
730.8 1.00 24763.43 2476342.50
732.1 1.00 24796.50 2479650.00
733.4 1.00 24840.54 2484053.60
734.7 1.00 24858.53 2485852.60
736.0 1.00 24909.22 2490922.20
737.3 1.00 24944.43 2494443.00
738.6 1.00 25065.91 2506591.20
739.9 1.00 25266.42 2526642.00
741.2 1.00 25427.22 2542722.00
742.5 1.00 25682.06 2568206.40
743.8 1.00 26053.34 2605333.50
745.1 1.00 26586.87 2658687.20
746.4 1.00 27174.42 2717442.00
747.7 1.00 27742.61 2774260.80
749.0 1.00 28259.79 2825979.10
750.3 1.00 28486.44 2848644.40
751.6 1.00 28395.42 2839542.20
752.9 1.00 28135.64 2813563.50
754.2 1.00 27865.40 2786540.40
755.4 1.00 27589.73 2758972.60
756.7 1.00 27559.63 2755962.80
758.0 1.00 27674.96 2767495.70
759.3 1.00 27952.03 2795202.80
760.6 1.00 28283.02 2828302.40
761.9 1.00 28586.23 2858622.80
763.1 1.00 28755.98 2875598.40
764.4 1.00 28931.39 2893138.50
765.7 1.00 29088.80 2908880.00
767.0 1.00 29254.87 2925486.60
768.2 1.00 29371.78 2937177.60
769.5 1.00 29472.52 2947252.00
770.8 1.00 29626.32 2962632.40
772.0 1.00 29675.90 2967590.40
773.3 1.00 29757.55 2975754.60
774.6 1.00 29858.89 2985889.40
775.8 1.00 29919.44 2991943.50
777.1 1.00 29954.57 2995457.40
778.4 1.00 29936.00 2993599.70
779.6 1.00 29956.03 2995603.20
780.9 1.00 29939.20 2993920.00
782.1 1.00 29884.01 2988400.50
783.4 1.00 29882.11 2988211.20
784.6 1.00 29944.59 2994459.20
785.9 1.00 30233.45 3023344.80
787.1 1.00 30679.72 3067971.90
788.4 1.00 30938.79 3093878.70
789.6 1.00 30768.08 3076808.30
790.9 1.00 30388.37 3038836.50
792.1 1.00 30058.85 3005884.80
793.4 1.00 29771.01 2977101.00
794.6 1.00 29558.08 2955807.60
795.8 1.00 29358.09 2935809.00
797.1 1.00 29173.86 2917386.00
798.3 1.00 29049.08 2904907.50
799.5 1.00 28994.65 2899465.20
800.8 1.00 28904.77 2890477.20
802.0 1.00 28823.14 2882313.60
803.2 1.00 28714.66 2871465.60
804.5 1.00 28627.43 2862742.50
805.7 1.00 28520.69 2852069.40
806.9 1.00 28382.61 2838261.00
808.1 1.00 28337.87 2833786.80
809.4 1.00 28279.52 2827951.50
810.6 1.00 28224.56 2822456.00
811.8 1.00 28219.64 2821964.10
813.0 1.00 28251.35 2825134.70
814.2 1.00 28278.19 2827819.40
815.4 1.00 28331.63 2833162.80
816.6 1.00 28349.20 2834920.00
817.9 1.00 28346.63 2834663.00
819.1 1.00 28239.77 2823977.40
820.3 1.00 28111.78 2811178.20
821.5 1.00 28009.91 2800991.10
822.7 1.00 27956.88 2795688.40
823.9 1.00 27908.10 2790810.20
825.1 1.00 27851.09 2785109.20
826.3 1.00 27834.62 2783462.30
827.5 1.00 27830.70 2783070.00
828.7 1.00 27799.58 2779958.40
829.9 1.00 27778.85 2777885.20
831.0 1.00 27794.24 2779423.60
832.2 1.00 27820.05 2782005.40
833.4 1.00 27818.23 2781822.80
834.6 1.00 27841.88 2784187.50
835.8 1.00 27898.29 2789829.00
837.0 1.00 27956.62 2795662.00
838.1 1.00 28062.90 2806290.10
839.3 1.00 28123.28 2812327.60
840.5 1.00 28207.49 2820748.80
841.7 1.00 28315.66 2831565.60
842.9 1.00 28434.41 2843440.60
844.0 1.00 28527.77 2852777.00
845.2 1.00 28634.45 2863444.80
846.4 1.00 28708.49 2870849.10
847.5 1.00 28892.71 2889271.00
848.7 1.00 29017.76 2901775.80
849.9 1.00 29123.19 2912319.20
851.0 1.00 29089.21 2908921.00
852.2 1.00 29148.43 2914843.20
853.3 1.00 29120.63 2912062.70
854.5 1.00 29104.04 2910404.00
855.6 1.00 29095.96 2909595.60
856.8 1.00 29118.52 2911851.80
857.9 1.00 29095.03 2909503.30
859.1 1.00 29187.12 2918712.00
860.2 1.00 29186.93 2918692.80
861.4 1.00 29254.84 2925484.20
862.5 1.00 29296.39 2929638.60
863.7 1.00 29353.29 2935329.00
864.8 1.00 29371.72 2937172.00
865.9 1.00 29354.32 2935432.40
867.1 1.00 29362.08 2936208.00
868.2 1.00 29400.73 2940073.20
869.3 1.00 29374.20 2937419.80
870.5 1.00 29328.11 2932811.10
871.6 1.00 29346.43 2934642.70
872.7 1.00 29384.54 2938453.70
873.9 1.00 29392.56 2939255.70
875.0 1.00 29354.52 2935452.00
876.1 1.00 29337.28 2933728.20
877.2 1.00 29343.68 2934367.80
878.3 1.00 29355.80 2935580.40
879.4 1.00 29356.13 2935612.70
880.5 1.00 29364.19 2936419.20
881.7 1.00 29318.12 2931812.00
882.8 1.00 29304.78 2930478.40
883.9 1.00 29295.59 2929558.90
885.0 1.00 29204.72 2920472.10
886.1 1.00 29111.59 2911158.60
887.2 1.00 28976.66 2897666.40
888.3 1.00 28822.76 2882276.10
889.4 1.00 28727.22 2872721.80
890.5 1.00 28653.91 2865391.00
891.6 1.00 28561.63 2856162.60
892.7 1.00 28514.10 2851410.10
893.8 1.00 28505.10 2850509.60
894.9 1.00 28489.25 2848925.20
896.0 1.00 28439.24 2843923.70
897.0 1.00 28402.86 2840286.30
898.1 1.00 28408.61 2840860.50
899.2 1.00 28393.60 2839360.00
900.3 1.00 28312.73 2831272.80
901.4 1.00 28210.85 2821085.10
902.4 1.00 28171.36 2817135.60
903.5 1.00 28130.79 2813079.10
904.6 1.00 28073.47 2807346.90
905.7 1.00 28002.05 2800204.80
906.7 1.00 28007.02 2800701.80
907.8 1.00 27993.52 2799352.40
908.9 1.00 27893.11 2789311.20
909.9 1.00 27811.41 2781141.00
911.0 1.00 27747.38 2774737.90
912.1 1.00 27675.69 2767569.00
913.1 1.00 27545.44 2754544.00
914.2 1.00 27423.73 2742372.60
915.2 1.00 27372.60 2737260.00
916.3 1.00 27315.90 2731590.00
917.3 1.00 27244.42 2724442.20
918.4 1.00 27106.20 2710620.00
919.4 1.00 26996.01 2699601.40
920.5 1.00 26940.64 2694064.00
921.5 1.00 26892.71 2689271.20
922.6 1.00 26739.91 2673991.10
923.6 1.00 26721.19 2672118.90
924.7 1.00 26621.30 2662130.00
925.7 1.00 26524.46 2652446.40
926.7 1.00 26459.64 2645964.00
927.8 1.00 26345.32 2634531.90
928.8 1.00 26327.83 2632783.20
929.9 1.00 26281.86 2628186.40
930.9 1.00 26310.49 2631048.70
931.9 1.00 26289.49 2628948.70
932.9 1.00 26373.20 2637320.40
934.0 1.00 26280.01 2628000.90
935.0 1.00 26176.00 2617600.20
936.0 1.00 26073.21 2607321.40
937.0 1.00 25959.65 2595964.80
938.1 1.00 25815.53 2581553.40
939.1 1.00 25659.77 2565976.60
940.1 1.00 25561.98 2556198.40
941.1 1.00 25623.65 2562364.70
942.1 1.00 25654.87 2565486.80
943.1 1.00 25613.58 2561357.70
944.1 1.00 25653.28 2565328.40
945.2 1.00 25540.03 2554003.20
946.2 1.00 25440.42 2544041.70
947.2 1.00 25342.95 2534295.00
948.2 1.00 25313.11 2531310.60
949.2 1.00 25232.68 2523267.50
950.2 1.00 25098.92 2509892.00
951.2 1.00 25064.26 2506425.60
952.2 1.00 24952.43 2495243.40
953.2 1.00 24837.09 2483708.50
954.2 1.00 24771.24 2477124.00
955.2 1.00 24690.61 2469061.00
956.2 1.00 24547.04 2454704.00
957.2 1.00 24490.31 2449031.00
958.2 1.00 24441.68 2444168.10
959.2 1.00 24435.54 2443554.00
960.1 1.00 24386.26 2438625.60
961.1 1.00 24433.17 2443316.70
962.1 1.00 24388.88 2438887.50
963.1 1.00 24350.09 2435008.90
964.1 1.00 24407.76 2440775.70
965.1 1.00 24469.20 2446919.70
966.1 1.00 24409.64 2440963.80
967.0 1.00 24462.12 2446211.60
968.0 1.00 24495.99 2449599.00
969.0 1.00 24575.76 2457576.00
970.0 1.00 24632.91 2463291.00
971.0 1.00 24607.80 2460780.00
971.9 1.00 24666.12 2466611.70
972.9 1.00 24715.36 2471535.50
973.9 1.00 24771.24 2477124.00
974.9 1.00 24831.77 2483176.50
975.8 1.00 24931.19 2493118.80
976.8 1.00 24909.92 2490992.40
977.8 1.00 25027.25 2502725.20
978.8 1.00 25115.28 2511528.00
979.7 1.00 25360.97 2536097.20
980.7 1.00 25370.07 2537007.00
981.7 1.00 25669.12 2566911.60
982.6 1.00 26098.24 2609823.60
983.6 1.00 26327.09 2632709.20
984.6 1.00 26783.46 2678345.90
985.5 1.00 27366.48 2736648.00
986.5 1.00 27507.66 2750766.00
987.5 1.00 28486.37 2848637.40
988.4 1.00 28979.72 2897972.00
989.4 1.00 29561.52 2956152.00
990.4 1.00 30712.09 3071208.80
991.3 1.00 31630.42 3163041.60
992.3 1.00 31614.21 3161421.20
993.2 1.00 32402.64 3240263.80
994.2 1.00 33296.45 3329644.50
995.2 1.00 32901.25 3290124.60
996.1 1.00 33619.58 3361957.50
997.1 1.00 33353.22 3335321.60
998.0 1.00 33437.76 3343776.00
999.0 1.00 33242.59 3324259.00
1000.0 1.00 33901.36 3390135.60
1000.9 1.00 33997.54 3399753.60
1001.9 1.00 32921.32 3292132.20
1002.8 1.00 32615.12 3261511.50
1003.8 1.00 33167.35 3316735.00
1004.8 1.00 32127.74 3212774.40
961.5 1.00 25233.74 2523374.10
965.5 1.00 24991.73 2499172.80
969.5 1.00 24424.66 2442465.50
973.4 1.00 23530.72 2353071.60
977.4 1.00 22740.41 2274041.00
981.4 1.00 22574.58 2257458.00
985.3 1.00 22775.54 2277554.40
989.3 1.00 23174.70 2317469.70
993.3 1.00 23656.37 2365637.40
997.2 1.00 23942.94 2394294.00
1001.2 1.00 24128.78 2412878.00
1005.2 1.00 24299.04 2429904.00
1009.1 1.00 24539.99 2453998.80
1013.1 1.00 24889.28 2488927.80
1017.1 1.00 25239.85 2523984.60
1021.0 1.00 25517.46 2551745.70
1025.0 1.00 25773.81 2577381.30
1029.0 1.00 25932.44 2593243.50
1032.9 1.00 26090.35 2609035.00
1036.9 1.00 26321.58 2632158.00
1040.9 1.00 26618.09 2661808.80
1044.8 1.00 26962.61 2696260.60
1048.8 1.00 27276.34 2727633.60
1052.7 1.00 27534.51 2753450.70
1056.7 1.00 27712.25 2771224.80
1060.7 1.00 27842.96 2784295.50
1064.6 1.00 27935.37 2793536.80
1068.6 1.00 27929.49 2792948.70
1072.5 1.00 27884.51 2788450.60
1076.5 1.00 27832.47 2783247.30
1080.4 1.00 27768.59 2776859.40
1084.4 1.00 27713.76 2771376.30
1088.3 1.00 27644.20 2764419.70
1092.3 1.00 27494.26 2749425.60
1096.2 1.00 27300.32 2730032.10
1100.2 1.00 27097.35 2709735.00
1104.1 1.00 26840.26 2684026.40
1108.1 1.00 26616.57 2661657.00
1112.0 1.00 26344.89 2634489.00
1116.0 1.00 25982.65 2598264.50
1119.9 1.00 25591.97 2559197.10
1123.9 1.00 25247.38 2524737.60
1127.8 1.00 24725.76 2472576.00
1131.8 1.00 24037.29 2403729.00
1135.7 1.00 23256.63 2325662.50
1139.6 1.00 22401.02 2240101.90
1143.6 1.00 21575.57 2157556.80
1147.5 1.00 20882.03 2088203.10
1151.4 1.00 20276.90 2027690.40
1155.4 1.00 19904.16 1990416.20
1159.3 1.00 19674.40 1967439.60
1163.2 1.00 19457.64 1945763.60
1167.2 1.00 19353.18 1935318.00
1171.1 1.00 19286.51 1928650.60
1175.0 1.00 19214.52 1921451.70
1179.0 1.00 19163.39 1916339.10
1182.9 1.00 19137.07 1913707.20
1186.8 1.00 19069.92 1906992.00
1190.7 1.00 18926.20 1892619.70
1194.7 1.00 18789.71 1878970.80
1198.6 1.00 18690.21 1869021.00
1202.5 1.00 18623.97 1862396.80
1206.4 1.00 18606.46 1860645.60
1210.3 1.00 18605.64 1860563.60
1214.2 1.00 18618.30 1861830.40
1218.2 1.00 18634.13 1863413.10
1222.1 1.00 18657.68 1865767.50
1226.0 1.00 18710.80 1871080.00
1229.9 1.00 18758.82 1875882.00
1233.8 1.00 18789.13 1878913.10
1237.7 1.00 18843.12 1884311.60
1241.6 1.00 18879.41 1887940.80
1245.5 1.00 18866.15 1886614.50
1249.4 1.00 18871.50 1887149.50
1253.3 1.00 18882.84 1888284.00
1257.2 1.00 18888.17 1888817.40
1261.1 1.00 18869.44 1886943.60
1265.0 1.00 18813.12 1881311.80
1268.9 1.00 18728.83 1872883.20
1272.8 1.00 18753.00 1875300.00
1276.7 1.00 18803.52 1880352.20
1280.6 1.00 18774.22 1877422.00
1284.5 1.00 18648.68 1864867.60
1288.4 1.00 18530.90 1853090.20
1292.3 1.00 18350.75 1835075.00
1296.2 1.00 18129.52 1812952.00
1300.1 1.00 17878.33 1787832.80
1303.9 1.00 17583.88 1758387.90
1307.8 1.00 17261.48 1726147.80
1311.7 1.00 16914.05 1691404.80
1315.6 1.00 16543.06 1654305.60
1319.5 1.00 16153.12 1615311.50
1323.3 1.00 15768.94 1576894.00
1327.2 1.00 15385.18 1538518.20
1331.1 1.00 14987.23 1498722.80
1335.0 1.00 14561.62 1456162.40
1338.8 1.00 14197.20 1419719.60
1342.7 1.00 13866.47 1386646.80
1346.5 1.00 13478.05 1347804.90
1350.4 1.00 13142.10 1314210.00
1354.3 1.00 12810.24 1281024.00
1358.1 1.00 12471.57 1247156.80
1362.0 1.00 12159.06 1215905.60
1365.8 1.00 11883.05 1188304.50
1369.7 1.00 11640.71 1164071.40
1373.5 1.00 11268.49 1126848.60
1377.4 1.00 10754.74 1075474.20
1381.2 1.00 10171.98 1017197.50
1385.1 1.00 9594.17 959417.10
1389.0 1.00 8995.42 899542.10
1392.8 1.00 8376.22 837621.60
1396.6 1.00 7814.93 781492.80
1400.5 1.00 7309.95 730995.20
1404.3 1.00 6890.83 689083.20
1408.2 1.00 6558.47 655847.10
1412.0 1.00 6300.93 630092.80
1415.8 1.00 6113.11 611310.70
1419.6 1.00 5948.27 594827.10
1423.5 1.00 5830.98 583098.00
1427.3 1.00 5746.80 574680.40
1431.1 1.00 5682.30 568230.00
1434.9 1.00 5621.26 562125.60
1438.8 1.00 5579.15 557915.00
1442.6 1.00 5553.05 555304.80
1446.4 1.00 5515.87 551586.50
1450.2 1.00 5489.92 548992.20
1454.0 1.00 5481.12 548112.00
1457.8 1.00 5496.11 549611.40
1461.6 1.00 5517.17 551717.10
1465.4 1.00 5530.83 553083.30
1469.2 1.00 5553.28 555327.50
1473.0 1.00 5594.59 559458.90
1476.8 1.00 5665.39 566538.60
1480.7 1.00 5745.36 574535.90
1484.4 1.00 5827.68 582768.00
1488.2 1.00 5932.56 593256.00
1492.0 1.00 6032.92 603292.20
1495.8 1.00 6133.40 613340.00
1499.6 1.00 6217.11 621711.20
1503.4 1.00 6292.00 629200.00
1507.2 1.00 6367.12 636711.60
1510.9 1.00 6426.85 642684.90
1514.7 1.00 6481.71 648170.70
1518.5 1.00 6547.32 654732.40
1522.3 1.00 6618.99 661898.60
1526.0 1.00 6695.37 669537.20
1529.8 1.00 6779.64 677963.50
1533.6 1.00 6854.52 685452.00
1537.3 1.00 6922.08 692208.30
1541.1 1.00 6983.12 698311.80
1544.8 1.00 7051.20 705120.00
1548.6 1.00 7123.05 712305.20
1552.4 1.00 7200.24 720024.30
1556.1 1.00 7261.33 726133.00
1559.9 1.00 7287.34 728733.60
1563.6 1.00 7327.06 732706.30
1567.3 1.00 7389.88 738988.00
1571.1 1.00 7448.17 744817.20
1574.8 1.00 7516.66 751666.30
1578.6 1.00 7579.51 757951.20
1582.3 1.00 7616.13 761613.20
1586.0 1.00 7640.84 764084.40
1589.8 1.00 7667.92 766792.20
1593.5 1.00 7688.80 768880.20
1597.2 1.00 7714.41 771441.30
1600.9 1.00 7718.44 771843.60
1604.7 1.00 7735.26 773525.70
1608.4 1.00 7773.79 777378.60
1612.1 1.00 7792.93 779292.90
1615.8 1.00 7812.28 781228.20
1619.5 1.00 7846.96 784696.00
1623.2 1.00 7864.81 786481.20
1626.9 1.00 7866.66 786665.60
1630.6 1.00 7872.26 787226.00
1634.3 1.00 7889.93 788993.40
1638.0 1.00 7869.50 786950.40
1641.7 1.00 7837.73 783772.60
1645.4 1.00 7816.41 781641.00
1649.1 1.00 7778.73 777872.70
1652.8 1.00 7752.83 775283.20
1656.4 1.00 7725.19 772519.20
1660.1 1.00 7695.40 769539.60
1663.8 1.00 7655.21 765520.80
1667.5 1.00 7631.15 763115.10
1671.1 1.00 7603.68 760368.00
1674.8 1.00 7547.26 754725.50
1678.5 1.00 7522.80 752280.30
1682.1 1.00 7505.25 750524.60
1685.8 1.00 7494.31 749430.50
1689.5 1.00 7448.18 744817.60
1693.1 1.00 7380.18 738018.00
1696.8 1.00 7310.25 731025.00
1700.4 1.00 7236.52 723651.60
1704.0 1.00 7166.43 716643.20
1707.7 1.00 7061.32 706131.60
1711.3 1.00 6938.49 693848.80
1715.0 1.00 6838.26 683826.00
1718.6 1.00 6747.14 674713.60
1722.2 1.00 6650.90 665089.60
1725.9 1.00 6570.60 657059.90
1729.5 1.00 6500.42 650041.60
1733.1 1.00 6448.51 644851.20
1736.7 1.00 6405.33 640533.00
1740.3 1.00 6341.96 634196.00
1744.0 1.00 6279.92 627991.60
1747.5 1.00 6199.86 619986.30
1751.2 1.00 6103.90 610389.50
1754.8 1.00 6019.74 601974.00
1758.4 1.00 5943.31 594331.20
1762.0 1.00 5855.44 585543.90
1765.5 1.00 5793.33 579332.50
1769.1 1.00 5764.80 576480.00
1772.7 1.00 5730.51 573050.70
1776.3 1.00 5683.19 568318.80
1779.9 1.00 5634.70 563469.60
1783.5 1.00 5607.28 560728.00
1787.0 1.00 5567.77 556777.20
1790.6 1.00 5521.69 552168.90
1794.2 1.00 5493.71 549371.20
1797.8 1.00 5470.71 547071.20
1801.3 1.00 5456.79 545679.20
1804.9 1.00 5436.38 543637.50
1808.4 1.00 5426.08 542607.70
1812.0 1.00 5402.85 540285.00
1815.5 1.00 5370.96 537096.00
1819.1 1.00 5325.91 532590.80
1822.6 1.00 5290.04 529003.80
1826.2 1.00 5267.18 526718.40
1829.7 1.00 5238.49 523849.00
1833.2 1.00 5176.90 517689.90
1836.8 1.00 5118.30 511829.50
1840.3 1.00 5075.33 507532.50
1843.8 1.00 5035.24 503524.00
1847.3 1.00 5014.16 501415.60
1850.8 1.00 4971.46 497145.60
1854.3 1.00 4902.98 490297.60
1857.8 1.00 4836.00 483600.00
1861.3 1.00 4747.66 474765.80
1864.8 1.00 4585.39 458539.00
1868.3 1.00 4348.24 434824.00
1871.8 1.00 4101.12 410112.00
1875.3 1.00 3867.50 386750.00
1878.8 1.00 3658.18 365818.20
1882.3 1.00 3446.52 344652.00
1885.8 1.00 3252.56 325255.50
1889.3 1.00 3069.49 306948.80
1892.7 1.00 2912.97 291296.60
1896.2 1.00 2807.28 280727.70
1899.7 1.00 2752.34 275234.40
1903.1 1.00 2742.43 274243.20
1906.6 1.00 2808.23 280822.50
1910.0 1.00 3043.81 304380.80
1913.5 1.00 3368.76 336876.10
1917.0 1.00 3729.43 372942.50
1920.4 1.00 4067.80 406780.00
1923.8 1.00 4334.64 433464.00
1871.2 1.00 1717.00 171700.00
1873.9 1.00 1932.90 193290.00
1876.7 1.00 2695.95 269595.00
1879.5 1.00 1418.75 141875.00
1882.3 1.00 1894.55 189455.00
1885.1 1.00 2586.00 258600.00
1887.8 1.00 1237.00 123700.00
1890.6 1.00 1637.30 163730.00
1893.4 1.00 1980.00 198000.00
1896.2 1.00 1031.50 103150.00
1898.9 1.00 1348.90 134890.00
1901.7 1.00 1587.15 158715.00
1904.5 1.00 793.50 79350.00
1907.2 1.00 1282.50 128250.00
1910.0 1.00 1556.40 155640.00
1912.7 1.00 960.80 96080.00
1915.5 1.00 1241.90 124190.00
1918.2 1.00 1610.25 161025.00
1921.0 1.00 1134.65 113465.00
1923.7 1.00 1300.65 130065.00
1926.5 1.00 1563.20 156320.00
1929.2 1.00 1058.20 105820.00
1932.0 1.00 1137.60 113760.00
1934.7 1.00 1500.80 150080.00
1937.4 1.00 1209.65 120965.00
1940.2 1.00 1383.00 138300.00
1942.9 1.00 1552.95 155295.00
1945.6 1.00 1177.80 117780.00
1948.3 1.00 1353.75 135375.00
1951.1 1.00 1535.10 153510.00
1953.8 1.00 1170.00 117000.00
1956.5 1.00 1347.75 134775.00
1959.2 1.00 1614.60 161460.00
1961.9 1.00 1251.60 125160.00
1964.6 1.00 1338.75 133875.00
1967.3 1.00 1691.00 169100.00
1970.0 1.00 1332.00 133200.00
1972.8 1.00 1412.00 141200.00
1975.5 1.00 1668.20 166820.00
1978.2 1.00 1314.00 131400.00
1980.9 1.00 1486.65 148665.00
1983.5 1.00 1657.75 165775.00
1986.2 1.00 1222.20 122220.00
1988.9 1.00 1484.10 148410.00
1991.6 1.00 1824.90 182490.00
1994.3 1.00 1386.40 138640.00
1997.0 1.00 1557.00 155700.00
1999.7 1.00 1809.15 180915.00
2002.3 1.00 1380.80 138080.00
2005.0 1.00 1639.70 163970.00
2007.7 1.00 1806.00 180600.00
2010.4 1.00 1456.05 145605.00
2013.0 1.00 1621.65 162165.00
2015.7 1.00 1790.25 179025.00
2018.4 1.00 1531.80 153180.00
2021.0 1.00 1700.00 170000.00
2023.7 1.00 1865.60 186560.00
2026.4 1.00 1605.50 160550.00
2029.0 1.00 1771.35 177135.00
2031.7 1.00 1943.50 194350.00
2034.3 1.00 1605.50 160550.00
2037.0 1.00 1773.45 177345.00
2039.6 1.00 1941.20 194120.00
2042.3 1.00 1516.50 151650.00
2044.9 1.00 1683.00 168300.00
2047.5 1.00 2019.60 201960.00
2050.2 1.00 1596.00 159600.00
2052.8 1.00 1680.00 168000.00
2055.4 1.00 2017.20 201720.00
2058.1 1.00 1680.00 168000.00
2060.7 1.00 1760.85 176085.00
2063.3 1.00 2006.40 200640.00
2065.9 1.00 1591.25 159125.00
2068.6 1.00 1758.75 175875.00
2071.2 1.00 2008.80 200880.00
2073.8 1.00 1595.05 159505.00
2076.4 1.00 1768.20 176820.00
2079.0 1.00 1938.90 193890.00
2081.6 1.00 1603.60 160360.00
2084.2 1.00 1862.30 186230.00
2086.8 1.00 2121.25 212125.00
2089.4 1.00 1702.00 170200.00
2092.1 1.00 1785.00 178500.00
2094.7 1.00 2118.75 211875.00
2097.2 1.00 1700.00 170000.00
2099.8 1.00 1878.80 187880.00
2102.4 1.00 2132.50 213250.00
2105.0 1.00 1710.00 171000.00
2107.6 1.00 1879.90 187990.00
2110.2 1.00 2046.00 204600.00
2112.8 1.00 1718.00 171800.00
2115.3 1.00 1818.60 181860.00
2117.9 1.00 2089.20 208920.00
2120.5 1.00 1749.00 174900.00
2123.1 1.00 1930.50 193050.00
2125.6 1.00 2196.25 219625.00
2128.2 1.00 1756.00 175600.00
2130.8 1.00 1930.50 193050.00
2133.3 1.00 2112.00 211200.00
2135.9 1.00 1676.75 167675.00
2138.4 1.00 1856.40 185640.00
2141.0 1.00 2115.60 211560.00
2143.6 1.00 1671.05 167105.00
2146.1 1.00 1851.15 185115.00
2148.7 1.00 2114.40 211440.00
2151.2 1.00 1760.00 176000.00
2153.8 1.00 1854.30 185430.00
2156.3 1.00 2126.40 212640.00
2158.8 1.00 1683.40 168340.00
2161.4 1.00 1857.45 185745.00
2163.9 1.00 2034.35 203435.00
2166.4 1.00 1685.30 168530.00
2169.0 1.00 1774.00 177400.00
2171.5 1.00 2040.10 204010.00
2174.0 1.00 1606.50 160650.00
2176.5 1.00 1794.00 179400.00
2179.1 1.00 2168.40 216840.00
2181.6 1.00 1642.50 164250.00
2184.1 1.00 1755.60 175560.00
2186.6 1.00 2071.30 207130.00
2189.1 1.00 1637.10 163710.00
2191.6 1.00 1764.00 176400.00
2194.1 1.00 2092.65 209265.00
2196.6 1.00 1630.40 163040.00
2199.2 1.00 1779.05 177905.00
2201.7 1.00 2149.00 214900.00
2204.1 1.00 1649.25 164925.00
2206.6 1.00 1790.40 179040.00
2209.1 1.00 2157.45 215745.00
2211.6 1.00 1598.80 159880.00
2214.1 1.00 1824.80 182480.00
2216.6 1.00 2165.05 216505.00
2219.1 1.00 1595.30 159530.00
2221.6 1.00 1713.00 171300.00
2224.0 1.00 2057.40 205740.00
2226.5 1.00 1598.10 159810.00
2229.0 1.00 1713.00 171300.00
2231.5 1.00 2068.20 206820.00
2233.9 1.00 1500.85 150085.00
2236.4 1.00 1621.20 162120.00
2238.9 1.00 1976.25 197625.00
2241.3 1.00 1399.20 139920.00
2243.8 1.00 1515.80 151580.00
2246.2 1.00 1860.80 186080.00
2248.7 1.00 1388.40 138840.00
2251.2 1.00 1614.20 161420.00
2253.6 1.00 1958.40 195840.00
2256.1 1.00 1382.40 138240.00
2258.5 1.00 1498.25 149825.00
2260.9 1.00 1840.80 184080.00
2263.4 1.00 1266.65 126665.00
2265.8 1.00 1500.20 150020.00
2268.3 1.00 1847.20 184720.00
2270.7 1.00 1151.50 115150.00
2273.1 1.00 1380.60 138060.00
2275.6 1.00 1843.20 184320.00
2278.0 1.00 1268.30 126830.00
2280.4 1.00 1500.85 150085.00
2282.8 1.00 1626.10 162610.00
2285.3 1.00 1166.50 116650.00
2287.7 1.00 1288.65 128865.00
2290.1 1.00 1660.40 166040.00
2292.5 1.00 1190.50 119050.00
2294.9 1.00 1185.50 118550.00
2297.3 1.00 1542.45 154245.00
2299.7 1.00 1066.05 106605.00
2302.1 1.00 1178.50 117850.00
2304.5 1.00 1411.20 141120.00
2306.9 1.00 940.80 94080.00
2309.3 1.00 1175.50 117550.00
2311.7 1.00 1413.00 141300.00
2314.1 1.00 945.20 94520.00
2316.5 1.00 1182.00 118200.00
2318.9 1.00 1419.00 141900.00
2321.3 1.00 950.80 95080.00
2323.7 1.00 1078.20 107820.00
2326.1 1.00 1450.80 145080.00
2328.4 1.00 854.35 85435.00
2330.8 1.00 1104.30 110430.00
2333.2 1.00 1482.60 148260.00
2335.6 1.00 747.30 74730.00
2337.9 1.00 1001.60 100160.00
2340.3 1.00 1385.45 138545.00
2342.7 1.00 761.70 76170.00
2345.0 1.00 1019.20 101920.00
2347.4 1.00 1402.50 140250.00
2349.7 1.00 897.05 89705.00
2352.1 1.00 1157.85 115785.00
2354.4 1.00 1418.45 141845.00
2356.8 1.00 777.00 77700.00
2359.2 1.00 910.00 91000.00
2361.5 1.00 1439.90 143990.00
2363.8 1.00 658.75 65875.00
2366.2 1.00 794.40 79440.00
2368.5 1.00 1335.00 133500.00
2370.9 1.00 671.00 67100.00
2373.2 1.00 944.30 94430.00
2375.5 1.00 1357.50 135750.00
2377.9 1.00 683.75 68375.00
2380.2 1.00 824.70 82470.00
2382.5 1.00 1240.65 124065.00
2384.8 1.00 696.00 69600.00
2387.2 1.00 843.90 84390.00
2389.5 1.00 1133.20 113320.00
2391.8 1.00 570.40 57040.00
2394.1 1.00 1007.65 100765.00
2396.4 1.00 1306.35 130635.00
2398.7 1.00 584.60 58460.00
2401.0 1.00 741.75 74175.00
2403.3 1.00 1195.20 119520.00
2405.6 1.00 449.85 44985.00
2407.9 1.00 751.50 75150.00
2410.2 1.00 1353.60 135360.00
2412.5 1.00 457.35 45735.00
2414.8 1.00 770.25 77025.00
2417.1 1.00 1238.80 123880.00
2419.4 1.00 312.60 31260.00
2421.7 1.00 630.80 63080.00
2424.0 1.00 1268.00 126800.00
2426.2 1.00 481.50 48150.00
2428.5 1.00 649.00 64900.00
2430.8 1.00 1144.50 114450.00
2433.1 1.00 497.85 49785.00
2435.4 1.00 503.55 50355.00
2437.6 1.00 1007.10 100710.00
2439.9 1.00 336.90 33690.00
2442.2 1.00 511.95 51195.00
2444.4 1.00 1033.80 103380.00
2446.7 1.00 175.20 17520.00
2448.9 1.00 532.95 53295.00
2451.2 1.00 1251.60 125160.00
2453.4 1.00 361.60 36160.00
2455.7 1.00 364.90 36490.00
2457.9 1.00 915.75 91575.00
2460.2 1.00 184.95 18495.00
2462.4 1.00 561.60 56160.00
2464.7 1.00 1135.50 113550.00
2466.9 1.00 385.20 38520.00
2469.2 1.00 777.80 77780.00
2471.4 1.00 1181.70 118170.00
2473.6 1.00 200.85 20085.00
2475.9 1.00 609.60 60960.00
2478.1 1.00 1024.75 102475.00
2480.3 1.00 0.00 0.00
2482.5 1.00 643.35 64335.00
2484.8 1.00 1310.70 131070.00
2487.0 1.00 0.00 0.00
2489.2 1.00 226.15 22615.00
2491.4 1.00 922.20 92220.00
2493.6 1.00 0.00 0.00
2495.8 1.00 712.65 71265.00
2498.0 1.00 1216.00 121600.00
2500.2 1.00 0.00 0.00
2502.4 1.00 266.40 26640.00
2504.6 1.00 1408.50 140850.00
2506.8 1.00 1169.00 116900.00
