/*** Spectra Vista SIG Data ***/
name= \My Documents\HR1024_Data\GD4S7.
instrument= HR: 1091052
integration= 0, 0, 0, 500, 60, 1
scan time= 0, 1
scan settings= , , AD, AI
external data set1= 0, 0, 0, 0, 0, 0, 0, 0, 0, 0, 0, 0, 0, 0, 0, 0
external data set2= 8224, 8224, 8224, 8224, 8224, 8224, 8224, 8224, 8224, 8224, 8224, 8224, 8224, 8224, 8224, 8224
external data dark= 0,0,0,0,0,0,0,0
external data mask= 0
optic= , LENS4 
temp= 0.00, 0.00, 0.00, 35.32, 8.94, -5.30
battery= 0.0, 5.9
error= 0, 0
units= Radiance, Radiance
time= , 2/3/08 10:10:25 AM
longitude= , 
latitude= , 
gpstime= , 
comm= 
memory slot= 2, 0
factors= 
data= 
346.4 1.00 163.07 16307.20
347.9 1.00 164.41 16440.50
349.5 1.00 167.23 16723.20
351.1 1.00 173.47 17347.20
352.6 1.00 174.57 17457.00
354.2 1.00 193.73 19373.20
355.7 1.00 202.05 20205.00
357.3 1.00 210.82 21082.40
358.8 1.00 209.70 20970.00
360.4 1.00 226.53 22652.70
361.9 1.00 240.99 24098.90
363.5 1.00 232.68 23268.00
365.1 1.00 230.24 23024.20
366.6 1.00 230.63 23062.70
368.2 1.00 237.71 23771.10
369.7 1.00 241.61 24161.00
371.3 1.00 264.72 26471.70
372.8 1.00 261.62 26161.60
374.4 1.00 264.33 26433.00
375.9 1.00 285.98 28598.40
377.4 1.00 282.32 28231.70
379.0 1.00 278.79 27878.70
380.5 1.00 284.36 28436.10
382.1 1.00 297.86 29786.40
383.6 1.00 286.90 28690.20
385.2 1.00 299.20 29920.00
386.7 1.00 301.07 30107.40
388.3 1.00 314.14 31414.30
389.8 1.00 326.11 32610.60
391.3 1.00 338.66 33865.60
392.9 1.00 351.64 35164.20
394.4 1.00 366.78 36678.30
395.9 1.00 386.85 38684.80
397.5 1.00 399.23 39922.80
399.0 1.00 400.46 40046.40
400.6 1.00 410.92 41091.60
402.1 1.00 405.58 40557.60
403.6 1.00 412.37 41237.00
405.1 1.00 414.96 41495.60
406.7 1.00 430.98 43097.60
408.2 1.00 455.30 45530.10
409.7 1.00 466.82 46681.60
411.3 1.00 481.95 48195.00
412.8 1.00 513.82 51381.60
414.3 1.00 521.81 52180.70
415.8 1.00 545.00 54500.00
417.4 1.00 566.72 56672.00
418.9 1.00 587.97 58797.20
420.4 1.00 598.20 59820.00
421.9 1.00 601.13 60112.80
423.5 1.00 612.70 61270.40
425.0 1.00 630.20 63019.90
426.5 1.00 642.42 64242.00
428.0 1.00 656.80 65680.00
429.5 1.00 668.34 66834.00
431.1 1.00 695.05 69505.20
432.6 1.00 728.24 72824.30
434.1 1.00 743.05 74305.00
435.6 1.00 769.36 76935.60
437.1 1.00 784.68 78468.00
438.6 1.00 811.15 81115.20
440.1 1.00 844.55 84454.50
441.6 1.00 864.28 86427.90
443.1 1.00 899.91 89991.00
444.7 1.00 920.64 92064.00
446.2 1.00 960.72 96072.20
447.7 1.00 984.68 98468.30
449.2 1.00 1014.34 101433.60
450.7 1.00 1038.34 103833.60
452.2 1.00 1066.60 106660.20
453.7 1.00 1102.60 110260.00
455.2 1.00 1138.75 113874.80
456.7 1.00 1182.02 118201.60
458.2 1.00 1228.84 122884.20
459.7 1.00 1278.90 127890.00
461.2 1.00 1327.28 132728.00
462.7 1.00 1359.68 135968.40
464.2 1.00 1403.98 140397.60
465.7 1.00 1438.92 143891.60
467.2 1.00 1476.86 147686.00
468.7 1.00 1522.40 152240.00
470.2 1.00 1556.69 155668.80
471.7 1.00 1588.40 158840.00
473.2 1.00 1612.27 161226.80
474.6 1.00 1644.44 164443.50
476.1 1.00 1680.74 168073.60
477.6 1.00 1704.59 170459.10
479.1 1.00 1720.34 172034.10
480.6 1.00 1732.53 173253.20
482.1 1.00 1757.57 175756.50
483.6 1.00 1788.26 178826.10
485.1 1.00 1831.83 183183.00
486.6 1.00 1891.33 189133.00
488.0 1.00 1946.75 194675.00
489.5 1.00 2018.75 201875.00
491.0 1.00 2095.61 209560.50
492.5 1.00 2178.58 217857.60
494.0 1.00 2276.57 227657.40
495.4 1.00 2370.06 237006.00
496.9 1.00 2476.28 247627.60
498.4 1.00 2585.46 258546.30
499.9 1.00 2710.22 271021.50
501.4 1.00 2849.24 284923.60
502.8 1.00 2983.47 298347.20
504.3 1.00 3134.16 313416.00
505.8 1.00 3285.11 328511.40
507.2 1.00 3434.13 343413.30
508.7 1.00 3585.28 358527.60
510.2 1.00 3737.14 373713.90
511.6 1.00 3887.62 388762.40
513.1 1.00 4049.67 404967.20
514.6 1.00 4217.56 421756.40
516.0 1.00 4384.95 438495.00
517.5 1.00 4578.96 457896.40
519.0 1.00 4780.32 478031.90
520.5 1.00 4990.19 499019.20
521.9 1.00 5207.73 520773.00
523.4 1.00 5442.78 544277.80
524.8 1.00 5671.13 567113.00
526.3 1.00 5907.41 590740.50
527.8 1.00 6136.96 613695.60
529.2 1.00 6348.09 634809.00
530.7 1.00 6569.00 656899.50
532.1 1.00 6770.37 677036.50
533.6 1.00 6975.26 697526.40
535.0 1.00 7184.33 718433.10
536.5 1.00 7383.74 738373.50
538.0 1.00 7588.16 758816.00
539.4 1.00 7774.31 777431.20
540.9 1.00 7974.02 797402.00
542.3 1.00 8146.51 814651.20
543.8 1.00 8300.00 829999.50
545.2 1.00 8378.02 837801.60
546.6 1.00 8428.57 842857.20
548.1 1.00 8475.75 847575.30
549.5 1.00 8510.14 851013.80
551.0 1.00 8538.41 853840.60
552.4 1.00 8583.25 858324.60
553.9 1.00 8602.74 860274.00
555.3 1.00 8628.28 862828.20
556.8 1.00 8670.38 867037.60
558.2 1.00 8703.45 870345.00
559.6 1.00 8756.93 875692.80
561.1 1.00 8830.90 883090.00
562.5 1.00 8900.29 890028.50
564.0 1.00 8998.36 899836.20
565.4 1.00 9077.10 907709.90
566.8 1.00 9176.34 917633.60
568.3 1.00 9265.17 926517.00
569.7 1.00 9341.18 934118.10
571.1 1.00 9413.11 941310.90
572.6 1.00 9474.41 947440.80
574.0 1.00 9532.38 953238.00
575.4 1.00 9584.33 958432.50
576.9 1.00 9636.17 963616.50
578.3 1.00 9673.24 967323.50
579.7 1.00 9712.78 971278.00
581.1 1.00 9737.48 973748.10
582.6 1.00 9767.87 976786.60
584.0 1.00 9795.25 979524.80
585.4 1.00 9834.17 983416.90
586.8 1.00 9913.25 991325.30
588.3 1.00 10010.52 1001052.00
589.7 1.00 10086.34 1008633.60
591.1 1.00 10127.16 1012715.60
592.5 1.00 10131.48 1013147.50
594.0 1.00 10128.53 1012852.80
595.4 1.00 10096.89 1009688.80
596.8 1.00 10071.20 1007120.40
598.2 1.00 10032.63 1003262.80
599.6 1.00 9983.20 998319.60
601.0 1.00 9968.00 996800.10
602.4 1.00 9928.72 992872.00
603.9 1.00 9908.87 990887.30
605.3 1.00 9885.62 988561.50
606.7 1.00 9846.72 984672.00
608.1 1.00 9839.94 983993.70
609.5 1.00 9833.18 983317.50
610.9 1.00 9833.88 983387.60
612.3 1.00 9830.52 983052.00
613.7 1.00 9833.44 983344.00
615.1 1.00 9805.54 980553.60
616.5 1.00 9779.59 977958.60
617.9 1.00 9816.27 981627.40
619.3 1.00 9855.98 985598.40
620.7 1.00 9946.46 994646.20
622.1 1.00 10041.50 1004150.00
623.5 1.00 10154.59 1015459.30
624.9 1.00 10290.00 1029000.00
626.3 1.00 10373.81 1037380.50
627.7 1.00 10254.16 1025415.60
629.1 1.00 10148.96 1014896.40
630.5 1.00 10079.57 1007957.40
631.9 1.00 9959.61 995960.60
633.3 1.00 9789.76 978975.90
634.7 1.00 9672.96 967295.90
636.1 1.00 9568.55 956855.20
637.5 1.00 9574.69 957468.60
638.9 1.00 9593.02 959302.00
640.2 1.00 9607.51 960750.70
641.6 1.00 9588.38 958838.40
643.0 1.00 9532.50 953250.20
644.4 1.00 9474.62 947462.00
645.8 1.00 9377.01 937701.30
647.2 1.00 9340.55 934055.20
648.5 1.00 9297.26 929725.50
649.9 1.00 9192.92 919292.40
651.3 1.00 9110.64 911064.00
652.7 1.00 8998.44 899844.00
654.1 1.00 8683.80 868380.00
655.5 1.00 8332.56 833255.50
656.8 1.00 7987.37 798736.50
658.2 1.00 7772.12 777211.80
659.6 1.00 7630.69 763068.90
660.9 1.00 7465.57 746556.90
662.3 1.00 7301.40 730140.00
663.7 1.00 7124.88 712488.00
665.0 1.00 6969.71 696971.10
666.4 1.00 6833.50 683349.80
667.8 1.00 6733.00 673300.20
669.1 1.00 6640.52 664052.40
670.5 1.00 6591.56 659155.60
671.9 1.00 6547.58 654758.40
673.2 1.00 6538.27 653827.40
674.6 1.00 6550.52 655051.80
676.0 1.00 6614.59 661459.10
677.3 1.00 6691.43 669143.00
678.7 1.00 6808.50 680850.00
680.0 1.00 6994.68 699468.20
681.4 1.00 7254.77 725477.30
682.8 1.00 7601.23 760123.00
684.1 1.00 8048.66 804866.40
685.5 1.00 8607.68 860767.70
686.8 1.00 9245.66 924566.40
688.2 1.00 9993.98 999398.40
689.5 1.00 10762.10 1076209.50
690.9 1.00 11600.92 1160091.90
692.2 1.00 12473.58 1247358.00
693.6 1.00 13404.37 1340436.90
694.9 1.00 14311.25 1431124.50
696.2 1.00 15236.24 1523623.50
697.6 1.00 16127.49 1612748.50
698.9 1.00 16997.38 1699737.60
700.3 1.00 17848.42 1784841.60
701.6 1.00 18639.68 1863968.30
703.0 1.00 19374.52 1937451.80
704.3 1.00 20017.08 2001707.50
705.6 1.00 20611.40 2061140.40
707.0 1.00 21178.58 2117858.40
708.3 1.00 21659.55 2165955.40
709.6 1.00 22099.25 2209924.90
711.0 1.00 22454.14 2245414.40
712.3 1.00 22773.42 2277342.00
713.6 1.00 23106.05 2310604.80
714.9 1.00 23396.64 2339664.00
716.3 1.00 23693.27 2369326.50
717.6 1.00 23994.52 2399451.60
718.9 1.00 24182.25 2418224.50
720.2 1.00 24293.11 2429310.80
721.6 1.00 24412.75 2441275.20
722.9 1.00 24502.86 2450286.00
724.2 1.00 24539.64 2453963.60
725.5 1.00 24602.39 2460238.80
726.8 1.00 24634.82 2463481.90
728.1 1.00 24680.66 2468066.40
729.5 1.00 24732.37 2473237.20
730.8 1.00 24788.61 2478861.00
732.1 1.00 24819.26 2481926.40
733.4 1.00 24859.90 2485990.40
734.7 1.00 24882.04 2488204.40
736.0 1.00 24938.00 2493800.40
737.3 1.00 24968.93 2496892.50
738.6 1.00 25097.98 2509798.20
739.9 1.00 25292.27 2529226.80
741.2 1.00 25446.88 2544687.60
742.5 1.00 25706.64 2570663.80
743.8 1.00 26074.13 2607412.50
745.1 1.00 26592.91 2659291.20
746.4 1.00 27180.79 2718079.00
747.7 1.00 27758.70 2775870.00
749.0 1.00 28268.15 2826814.90
750.3 1.00 28506.24 2850624.00
751.6 1.00 28408.00 2840799.50
752.9 1.00 28150.52 2815051.80
754.2 1.00 27879.73 2787972.60
755.4 1.00 27608.61 2760861.10
756.7 1.00 27568.25 2756824.50
758.0 1.00 27690.80 2769080.40
759.3 1.00 27956.92 2795691.60
760.6 1.00 28291.65 2829164.80
761.9 1.00 28581.24 2858124.00
763.1 1.00 28744.62 2874461.70
764.4 1.00 28930.10 2893010.40
765.7 1.00 29091.40 2909140.00
767.0 1.00 29236.37 2923637.20
768.2 1.00 29367.74 2936774.40
769.5 1.00 29460.22 2946021.70
770.8 1.00 29627.72 2962771.70
772.0 1.00 29661.72 2966172.40
773.3 1.00 29747.45 2974744.50
774.6 1.00 29857.43 2985742.50
775.8 1.00 29911.96 2991196.00
777.1 1.00 29945.45 2994544.80
778.4 1.00 29918.98 2991898.00
779.6 1.00 29951.32 2995131.60
780.9 1.00 29924.80 2992480.00
782.1 1.00 29856.31 2985631.20
783.4 1.00 29892.10 2989209.60
784.6 1.00 29927.47 2992747.20
785.9 1.00 30219.18 3021917.60
787.1 1.00 30672.19 3067218.70
788.4 1.00 30938.79 3093878.70
789.6 1.00 30746.05 3074605.00
790.9 1.00 30362.56 3036256.00
792.1 1.00 30058.85 3005884.80
793.4 1.00 29765.26 2976525.90
794.6 1.00 29527.93 2952793.20
795.8 1.00 29343.26 2934325.80
797.1 1.00 29146.41 2914641.00
798.3 1.00 29040.00 2904000.00
799.5 1.00 28972.94 2897294.40
800.8 1.00 28901.16 2890115.80
802.0 1.00 28808.67 2880867.20
803.2 1.00 28692.96 2869296.00
804.5 1.00 28602.10 2860209.90
805.7 1.00 28482.71 2848270.50
806.9 1.00 28384.42 2838442.00
808.1 1.00 28307.06 2830706.40
809.4 1.00 28259.55 2825955.00
810.6 1.00 28191.80 2819180.00
811.8 1.00 28195.86 2819586.40
813.0 1.00 28212.64 2821264.40
814.2 1.00 28252.13 2825212.60
815.4 1.00 28316.57 2831657.20
816.6 1.00 28316.99 2831698.50
817.9 1.00 28308.67 2830867.00
819.1 1.00 28224.63 2822463.00
820.3 1.00 28091.12 2809112.40
821.5 1.00 27995.02 2799502.30
822.7 1.00 27920.00 2792000.40
823.9 1.00 27873.31 2787331.30
825.1 1.00 27838.34 2783833.80
826.3 1.00 27829.17 2782917.20
827.5 1.00 27787.04 2778704.40
828.7 1.00 27763.10 2776310.40
829.9 1.00 27755.08 2775507.50
831.0 1.00 27761.15 2776115.20
832.2 1.00 27799.72 2779971.50
833.4 1.00 27794.04 2779403.50
834.6 1.00 27828.75 2782875.00
835.8 1.00 27862.38 2786238.00
837.0 1.00 27939.46 2793945.70
838.1 1.00 28032.07 2803206.90
839.3 1.00 28101.85 2810184.80
840.5 1.00 28193.68 2819368.40
841.7 1.00 28285.69 2828568.60
842.9 1.00 28426.29 2842629.00
844.0 1.00 28500.96 2850096.40
845.2 1.00 28596.59 2859659.40
846.4 1.00 28687.00 2868700.10
847.5 1.00 28868.53 2886853.20
848.7 1.00 28993.04 2899304.10
849.9 1.00 29077.37 2907737.20
851.0 1.00 29077.57 2907756.50
852.2 1.00 29108.38 2910838.00
853.3 1.00 29084.97 2908497.20
854.5 1.00 29082.49 2908248.50
855.6 1.00 29071.84 2907183.60
856.8 1.00 29084.48 2908448.40
857.9 1.00 29055.79 2905578.50
859.1 1.00 29149.92 2914992.00
860.2 1.00 29184.42 2918441.60
861.4 1.00 29209.00 2920899.60
862.5 1.00 29270.56 2927055.60
863.7 1.00 29321.83 2932182.60
864.8 1.00 29355.76 2935576.00
865.9 1.00 29332.73 2933273.20
867.1 1.00 29334.69 2933469.00
868.2 1.00 29350.67 2935067.40
869.3 1.00 29354.44 2935444.40
870.5 1.00 29313.81 2931380.60
871.6 1.00 29308.69 2930868.80
872.7 1.00 29352.12 2935212.00
873.9 1.00 29362.65 2936264.70
875.0 1.00 29315.07 2931506.50
876.1 1.00 29343.44 2934344.40
877.2 1.00 29312.35 2931234.80
878.3 1.00 29317.57 2931757.20
879.4 1.00 29317.16 2931716.30
880.5 1.00 29324.45 2932444.80
881.7 1.00 29291.08 2929108.00
882.8 1.00 29253.09 2925309.40
883.9 1.00 29236.04 2923603.80
885.0 1.00 29176.33 2917632.90
886.1 1.00 29082.95 2908295.40
887.2 1.00 28919.19 2891919.20
888.3 1.00 28822.76 2882276.10
889.4 1.00 28694.83 2869482.70
890.5 1.00 28581.87 2858187.00
891.6 1.00 28514.71 2851470.90
892.7 1.00 28485.15 2848514.90
893.8 1.00 28454.22 2845422.00
894.9 1.00 28478.30 2847829.60
896.0 1.00 28402.53 2840252.70
897.0 1.00 28399.17 2839917.00
898.1 1.00 28378.89 2837888.50
899.2 1.00 28363.71 2836371.20
900.3 1.00 28248.88 2824887.60
901.4 1.00 28237.25 2823724.80
902.4 1.00 28175.14 2817514.40
903.5 1.00 28085.16 2808515.50
904.6 1.00 28062.01 2806201.20
905.7 1.00 28002.05 2800204.80
906.7 1.00 27972.33 2797233.20
907.8 1.00 27958.66 2795865.80
908.9 1.00 27881.45 2788145.10
909.9 1.00 27811.41 2781141.00
911.0 1.00 27770.92 2777091.70
912.1 1.00 27640.28 2764028.40
913.1 1.00 27577.06 2757705.60
914.2 1.00 27423.73 2742372.60
915.2 1.00 27392.58 2739258.00
916.3 1.00 27283.74 2728374.00
917.3 1.00 27220.18 2722017.60
918.4 1.00 27110.27 2711027.00
919.4 1.00 27000.11 2700011.30
920.5 1.00 26936.51 2693650.80
921.5 1.00 26859.34 2685933.60
922.6 1.00 26748.34 2674833.70
923.6 1.00 26687.13 2668713.30
924.7 1.00 26625.60 2662560.00
925.7 1.00 26541.84 2654184.00
926.7 1.00 26428.92 2642892.40
927.8 1.00 26314.29 2631428.80
928.8 1.00 26300.98 2630097.60
929.9 1.00 26259.25 2625925.40
930.9 1.00 26260.25 2626025.00
931.9 1.00 26261.81 2626180.90
932.9 1.00 26322.02 2632202.10
934.0 1.00 26247.20 2624720.00
935.0 1.00 26157.15 2615715.00
936.0 1.00 26059.00 2605900.00
937.0 1.00 25912.07 2591206.80
938.1 1.00 25758.20 2575819.80
939.1 1.00 25654.96 2565495.90
940.1 1.00 25561.98 2556198.40
941.1 1.00 25564.60 2556459.50
942.1 1.00 25634.87 2563487.20
943.1 1.00 25638.94 2563894.20
944.1 1.00 25617.28 2561728.30
945.2 1.00 25503.58 2550357.60
946.2 1.00 25435.14 2543514.00
947.2 1.00 25332.25 2533225.00
948.2 1.00 25302.23 2530222.80
949.2 1.00 25265.83 2526582.50
950.2 1.00 25115.78 2511578.00
951.2 1.00 25035.70 2503569.60
952.2 1.00 24865.27 2486526.90
953.2 1.00 24813.43 2481342.50
954.2 1.00 24747.12 2474712.00
955.2 1.00 24635.31 2463530.50
956.2 1.00 24528.25 2452825.40
957.2 1.00 24496.70 2449669.60
958.2 1.00 24428.64 2442863.50
959.2 1.00 24415.56 2441556.00
960.1 1.00 24365.83 2436583.20
961.1 1.00 24335.69 2433568.50
962.1 1.00 24317.63 2431762.50
963.1 1.00 24284.42 2428441.60
964.1 1.00 24370.40 2437040.20
965.1 1.00 24446.18 2444617.80
966.1 1.00 24456.85 2445685.20
967.0 1.00 24478.30 2447830.00
968.0 1.00 24487.68 2448767.50
969.0 1.00 24610.00 2461000.00
970.0 1.00 24562.28 2456227.80
971.0 1.00 24689.83 2468982.60
971.9 1.00 24628.33 2462832.90
972.9 1.00 24695.69 2469568.50
973.9 1.00 24822.59 2482259.00
974.9 1.00 24842.54 2484253.80
975.8 1.00 24908.48 2490848.20
976.8 1.00 24909.92 2490992.40
977.8 1.00 25040.00 2503999.50
978.8 1.00 25142.52 2514252.00
979.7 1.00 25228.96 2522896.00
980.7 1.00 25481.41 2548141.20
981.7 1.00 25634.33 2563433.40
982.6 1.00 25983.01 2598301.20
983.6 1.00 26434.29 2643428.70
984.6 1.00 26469.50 2646949.60
985.5 1.00 27173.95 2717395.20
986.5 1.00 27823.84 2782384.00
987.5 1.00 28486.37 2848637.40
988.4 1.00 29022.40 2902240.00
989.4 1.00 30010.94 3001093.50
990.4 1.00 30361.76 3036176.00
991.3 1.00 30812.39 3081238.80
992.3 1.00 31222.95 3122294.70
993.2 1.00 33030.94 3303094.40
994.2 1.00 33195.24 3319524.00
995.2 1.00 32229.79 3222979.20
996.1 1.00 33986.33 3398633.40
997.1 1.00 33092.64 3309264.40
998.0 1.00 33848.88 3384888.00
999.0 1.00 32953.52 3295352.40
1000.0 1.00 33751.35 3375135.00
1000.9 1.00 34784.52 3478451.60
1001.9 1.00 33083.50 3308349.60
1002.8 1.00 31611.57 3161157.30
1003.8 1.00 34214.74 3421474.00
1004.8 1.00 32857.92 3285792.00
961.5 1.00 25040.38 2504037.90
965.5 1.00 24735.84 2473584.00
969.5 1.00 24037.99 2403798.50
973.4 1.00 23305.33 2330532.60
977.4 1.00 22622.28 2262227.80
981.4 1.00 22498.06 2249805.60
985.3 1.00 22749.32 2274932.00
989.3 1.00 23184.55 2318454.60
993.3 1.00 23623.72 2362372.20
997.2 1.00 23913.65 2391365.20
1001.2 1.00 24101.22 2410122.00
1005.2 1.00 24259.42 2425942.20
1009.1 1.00 24527.38 2452738.40
1013.1 1.00 24865.24 2486524.20
1017.1 1.00 25210.94 2521094.10
1021.0 1.00 25495.03 2549502.90
1025.0 1.00 25746.32 2574631.80
1029.0 1.00 25899.95 2589994.50
1032.9 1.00 26063.70 2606370.00
1036.9 1.00 26300.64 2630064.00
1040.9 1.00 26597.64 2659764.40
1044.8 1.00 26942.63 2694263.00
1048.8 1.00 27261.60 2726160.00
1052.7 1.00 27529.68 2752968.40
1056.7 1.00 27716.99 2771699.00
1060.7 1.00 27838.27 2783827.00
1064.6 1.00 27926.12 2792612.40
1068.6 1.00 27920.39 2792038.50
1072.5 1.00 27871.07 2787107.20
1076.5 1.00 27819.28 2781927.60
1080.4 1.00 27751.29 2775129.00
1084.4 1.00 27700.97 2770097.40
1088.3 1.00 27631.58 2763157.60
1092.3 1.00 27435.72 2743572.20
1096.2 1.00 27233.75 2723374.50
1100.2 1.00 27076.67 2707666.50
1104.1 1.00 26836.17 2683617.00
1108.1 1.00 26612.53 2661252.80
1112.0 1.00 26336.88 2633688.00
1116.0 1.00 25974.72 2597471.50
1119.9 1.00 25580.26 2558026.20
1123.9 1.00 25239.65 2523964.80
1127.8 1.00 24706.56 2470656.00
1131.8 1.00 24029.67 2402967.00
1135.7 1.00 23256.63 2325662.50
1139.6 1.00 22408.60 2240860.10
1143.6 1.00 21583.10 2158310.40
1147.5 1.00 20874.54 2087453.70
1151.4 1.00 20273.19 2027319.30
1155.4 1.00 19900.49 1990049.10
1159.3 1.00 19656.22 1965621.60
1163.2 1.00 19450.46 1945046.40
1167.2 1.00 19346.10 1934610.00
1171.1 1.00 19283.00 1928300.00
1175.0 1.00 19211.04 1921103.80
1179.0 1.00 19146.04 1914603.60
1182.9 1.00 19126.63 1912662.60
1186.8 1.00 19059.47 1905946.50
1190.7 1.00 18926.20 1892619.70
1194.7 1.00 18793.19 1879318.50
1198.6 1.00 18676.35 1867635.00
1202.5 1.00 18617.06 1861706.00
1206.4 1.00 18592.70 1859270.40
1210.3 1.00 18598.81 1859881.20
1214.2 1.00 18628.41 1862840.80
1218.2 1.00 18624.17 1862416.80
1222.1 1.00 18647.85 1864785.00
1226.0 1.00 18707.57 1870757.40
1229.9 1.00 18746.10 1874610.00
1233.8 1.00 18779.74 1877973.80
1237.7 1.00 18833.86 1883385.80
1241.6 1.00 18864.16 1886416.30
1245.5 1.00 18857.08 1885708.20
1249.4 1.00 18856.52 1885652.00
1253.3 1.00 18876.90 1887690.20
1257.2 1.00 18897.00 1889700.30
1261.1 1.00 18857.77 1885777.20
1265.0 1.00 18804.43 1880442.70
1268.9 1.00 18723.09 1872309.40
1272.8 1.00 18730.20 1873020.00
1276.7 1.00 18783.60 1878360.00
1280.6 1.00 18774.22 1877422.00
1284.5 1.00 18645.87 1864587.00
1288.4 1.00 18514.21 1851421.00
1292.3 1.00 18328.75 1832875.00
1296.2 1.00 18118.66 1811866.40
1300.1 1.00 17883.68 1788368.40
1303.9 1.00 17583.88 1758387.90
1307.8 1.00 17256.25 1725625.20
1311.7 1.00 16908.87 1690886.60
1315.6 1.00 16550.76 1655076.00
1319.5 1.00 16160.75 1616075.00
1323.3 1.00 15768.94 1576894.00
1327.2 1.00 15375.19 1537519.00
1331.1 1.00 14974.85 1497484.80
1335.0 1.00 14561.62 1456162.40
1338.8 1.00 14189.86 1418986.40
1342.7 1.00 13859.14 1385913.90
1346.5 1.00 13470.70 1347069.60
1350.4 1.00 13139.63 1313963.20
1354.3 1.00 12805.24 1280523.60
1358.1 1.00 12461.41 1246141.20
1362.0 1.00 12169.25 1216924.80
1365.8 1.00 11900.76 1190076.20
1369.7 1.00 11643.23 1164323.20
1373.5 1.00 11258.38 1125838.20
1377.4 1.00 10744.51 1074451.40
1381.2 1.00 10166.81 1016680.50
1385.1 1.00 9596.75 959674.80
1389.0 1.00 8990.32 899032.30
1392.8 1.00 8366.11 836611.20
1396.6 1.00 7807.40 780740.40
1400.5 1.00 7297.54 729753.70
1404.3 1.00 6883.47 688347.00
1408.2 1.00 6556.03 655603.20
1412.0 1.00 6293.68 629368.00
1415.8 1.00 6113.11 611310.70
1419.6 1.00 5955.37 595537.20
1423.5 1.00 5833.34 583333.50
1427.3 1.00 5739.79 573979.00
1431.1 1.00 5675.33 567532.50
1434.9 1.00 5607.34 560734.20
1438.8 1.00 5565.26 556526.00
1442.6 1.00 5555.36 555535.60
1446.4 1.00 5513.56 551356.00
1450.2 1.00 5494.52 549451.80
1454.0 1.00 5476.56 547656.00
1457.8 1.00 5482.48 548247.60
1461.6 1.00 5510.34 551034.00
1465.4 1.00 5530.83 553083.30
1469.2 1.00 5553.28 555327.50
1473.0 1.00 5583.20 558320.40
1476.8 1.00 5656.27 565627.40
1480.7 1.00 5738.52 573852.20
1484.4 1.00 5818.56 581856.00
1488.2 1.00 5918.88 591888.00
1492.0 1.00 6019.28 601927.80
1495.8 1.00 6119.75 611975.00
1499.6 1.00 6208.00 620799.60
1503.4 1.00 6292.00 629200.00
1507.2 1.00 6367.12 636711.60
1510.9 1.00 6424.51 642450.60
1514.7 1.00 6472.30 647230.30
1518.5 1.00 6533.19 653318.80
1522.3 1.00 6602.40 660240.30
1526.0 1.00 6678.71 667870.50
1529.8 1.00 6767.72 676772.00
1533.6 1.00 6840.18 684018.00
1537.3 1.00 6910.08 691007.80
1541.1 1.00 6971.10 697110.30
1544.8 1.00 7044.00 704400.00
1548.6 1.00 7120.65 712064.80
1552.4 1.00 7200.24 720024.30
1556.1 1.00 7256.51 725651.00
1559.9 1.00 7280.15 728015.40
1563.6 1.00 7307.95 730795.10
1567.3 1.00 7365.98 736598.00
1571.1 1.00 7431.46 743145.60
1574.8 1.00 7514.28 751427.60
1578.6 1.00 7569.96 756996.00
1582.3 1.00 7601.80 760179.80
1586.0 1.00 7636.05 763605.20
1589.8 1.00 7660.70 766070.40
1593.5 1.00 7679.19 767919.40
1597.2 1.00 7704.81 770480.90
1600.9 1.00 7713.63 771363.00
1604.7 1.00 7725.65 772564.50
1608.4 1.00 7764.16 776416.20
1612.1 1.00 7783.32 778331.70
1615.8 1.00 7805.06 780506.40
1619.5 1.00 7844.55 784455.00
1623.2 1.00 7857.57 785757.00
1626.9 1.00 7856.97 785696.80
1630.6 1.00 7857.74 785774.00
1634.3 1.00 7870.59 787059.00
1638.0 1.00 7862.27 786227.10
1641.7 1.00 7832.92 783292.20
1645.4 1.00 7811.62 781162.20
1649.1 1.00 7778.73 777872.70
1652.8 1.00 7743.36 774336.00
1656.4 1.00 7711.03 771102.60
1660.1 1.00 7683.59 768358.60
1663.8 1.00 7657.56 765756.20
1667.5 1.00 7626.47 762646.50
1671.1 1.00 7592.00 759200.00
1674.8 1.00 7540.26 754025.60
1678.5 1.00 7513.46 751345.50
1682.1 1.00 7507.59 750758.70
1685.8 1.00 7487.25 748724.60
1689.5 1.00 7429.27 742927.20
1693.1 1.00 7373.07 737307.00
1696.8 1.00 7307.88 730787.50
1700.4 1.00 7231.75 723175.20
1704.0 1.00 7159.26 715925.60
1707.7 1.00 7049.38 704937.60
1711.3 1.00 6924.17 692417.20
1715.0 1.00 6823.91 682391.40
1718.6 1.00 6737.55 673755.20
1722.2 1.00 6650.90 665089.60
1725.9 1.00 6568.19 656818.60
1729.5 1.00 6502.82 650282.00
1733.1 1.00 6446.11 644611.30
1736.7 1.00 6398.13 639813.30
1740.3 1.00 6337.17 633717.00
1744.0 1.00 6282.31 628231.20
1747.5 1.00 6204.65 620464.50
1751.2 1.00 6106.28 610628.40
1754.8 1.00 6017.36 601735.50
1758.4 1.00 5931.39 593139.20
1762.0 1.00 5848.27 584827.20
1765.5 1.00 5786.16 578615.80
1769.1 1.00 5752.80 575280.00
1772.7 1.00 5713.56 571356.00
1776.3 1.00 5668.57 566857.20
1779.9 1.00 5629.79 562979.20
1783.5 1.00 5602.32 560232.00
1787.0 1.00 5562.77 556277.40
1790.6 1.00 5514.16 551415.60
1794.2 1.00 5483.58 548357.60
1797.8 1.00 5468.15 546814.60
1801.3 1.00 5459.39 545938.80
1804.9 1.00 5436.38 543637.50
1808.4 1.00 5412.73 541273.20
1812.0 1.00 5389.28 538927.50
1815.5 1.00 5365.40 536540.00
1819.1 1.00 5325.91 532590.80
1822.6 1.00 5295.81 529581.00
1826.2 1.00 5267.18 526718.40
1829.7 1.00 5226.48 522648.20
1833.2 1.00 5164.55 516455.10
1836.8 1.00 5099.19 509918.50
1840.3 1.00 5049.05 504904.50
1843.8 1.00 5024.95 502495.00
1847.3 1.00 5006.82 500682.00
1850.8 1.00 4967.42 496742.40
1854.3 1.00 4898.43 489843.20
1857.8 1.00 4820.40 482040.00
1861.3 1.00 4717.95 471794.80
1864.8 1.00 4565.31 456530.80
1868.3 1.00 4340.90 434089.50
1871.8 1.00 4093.44 409344.00
1875.3 1.00 3875.24 387523.50
1878.8 1.00 3665.92 366591.60
1882.3 1.00 3430.85 343085.40
1885.8 1.00 3220.43 322043.10
1889.3 1.00 3027.78 302778.30
1892.7 1.00 2895.26 289525.80
1896.2 1.00 2797.63 279763.00
1899.7 1.00 2708.66 270865.60
1903.1 1.00 2742.43 274243.20
1906.6 1.00 2776.13 277613.10
1910.0 1.00 2939.57 293956.80
1913.5 1.00 3285.24 328523.80
1917.0 1.00 3692.50 369250.00
1920.4 1.00 3975.35 397535.00
1923.8 1.00 4063.73 406372.50
1871.2 1.00 1373.60 137360.00
1873.9 1.00 1932.90 193290.00
1876.7 1.00 2695.95 269595.00
1879.5 1.00 1135.00 113500.00
1882.3 1.00 1353.25 135325.00
1885.1 1.00 2327.40 232740.00
1887.8 1.00 1237.00 123700.00
1890.6 1.00 1403.40 140340.00
1893.4 1.00 1980.00 198000.00
1896.2 1.00 1031.50 103150.00
1898.9 1.00 1156.20 115620.00
1901.7 1.00 1587.15 158715.00
1904.5 1.00 793.50 79350.00
1907.2 1.00 1140.00 114000.00
1910.0 1.00 1556.40 155640.00
1912.7 1.00 1080.90 108090.00
1915.5 1.00 1354.80 135480.00
1918.2 1.00 1502.90 150290.00
1921.0 1.00 1134.65 113465.00
1923.7 1.00 1300.65 130065.00
1926.5 1.00 1465.50 146550.00
1929.2 1.00 1058.20 105820.00
1932.0 1.00 1137.60 113760.00
1934.7 1.00 1407.00 140700.00
1937.4 1.00 1023.55 102355.00
1940.2 1.00 1198.60 119860.00
1942.9 1.00 1461.60 146160.00
1945.6 1.00 1087.20 108720.00
1948.3 1.00 1263.50 126350.00
1951.1 1.00 1535.10 153510.00
1953.8 1.00 1080.00 108000.00
1956.5 1.00 1347.75 134775.00
1959.2 1.00 1614.60 161460.00
1961.9 1.00 1251.60 125160.00
1964.6 1.00 1338.75 133875.00
1967.3 1.00 1691.00 169100.00
1970.0 1.00 1154.40 115440.00
1972.8 1.00 1323.75 132375.00
1975.5 1.00 1668.20 166820.00
1978.2 1.00 1226.40 122640.00
1980.9 1.00 1399.20 139920.00
1983.5 1.00 1657.75 165775.00
1986.2 1.00 1222.20 122220.00
1988.9 1.00 1396.80 139680.00
1991.6 1.00 1738.00 173800.00
1994.3 1.00 1386.40 138640.00
1997.0 1.00 1643.50 164350.00
1999.7 1.00 1809.15 180915.00
2002.3 1.00 1294.50 129450.00
2005.0 1.00 1467.10 146710.00
2007.7 1.00 1720.00 172000.00
2010.4 1.00 1370.40 137040.00
2013.0 1.00 1536.30 153630.00
2015.7 1.00 1790.25 179025.00
2018.4 1.00 1446.70 144670.00
2021.0 1.00 1615.00 161500.00
2023.7 1.00 1865.60 186560.00
2026.4 1.00 1436.50 143650.00
2029.0 1.00 1687.00 168700.00
2031.7 1.00 1859.00 185900.00
2034.3 1.00 1436.50 143650.00
2037.0 1.00 1604.55 160455.00
2039.6 1.00 1941.20 194120.00
2042.3 1.00 1600.75 160075.00
2044.9 1.00 1767.15 176715.00
2047.5 1.00 1935.45 193545.00
2050.2 1.00 1512.00 151200.00
2052.8 1.00 1680.00 168000.00
2055.4 1.00 1933.15 193315.00
2058.1 1.00 1512.00 151200.00
2060.7 1.00 1677.00 167700.00
2063.3 1.00 2006.40 200640.00
2065.9 1.00 1591.25 159125.00
2068.6 1.00 1758.75 175875.00
2071.2 1.00 2008.80 200880.00
2073.8 1.00 1595.05 159505.00
2076.4 1.00 1684.00 168400.00
2079.0 1.00 1938.90 193890.00
2081.6 1.00 1519.20 151920.00
2084.2 1.00 1777.65 177765.00
2086.8 1.00 2036.40 203640.00
2089.4 1.00 1616.90 161690.00
2092.1 1.00 1785.00 178500.00
2094.7 1.00 2034.00 203400.00
2097.2 1.00 1615.00 161500.00
2099.8 1.00 1793.40 179340.00
2102.4 1.00 2047.20 204720.00
2105.0 1.00 1624.50 162450.00
2107.6 1.00 1794.45 179445.00
2110.2 1.00 2131.25 213125.00
2112.8 1.00 1718.00 171800.00
2115.3 1.00 1818.60 181860.00
2117.9 1.00 2089.20 208920.00
2120.5 1.00 1749.00 174900.00
2123.1 1.00 1842.75 184275.00
2125.6 1.00 2108.40 210840.00
2128.2 1.00 1756.00 175600.00
2130.8 1.00 1930.50 193050.00
2133.3 1.00 2112.00 211200.00
2135.9 1.00 1676.75 167675.00
2138.4 1.00 1856.40 185640.00
2141.0 1.00 2115.60 211560.00
2143.6 1.00 1671.05 167105.00
2146.1 1.00 1851.15 185115.00
2148.7 1.00 2114.40 211440.00
2151.2 1.00 1672.00 167200.00
2153.8 1.00 1766.00 176600.00
2156.3 1.00 2126.40 212640.00
2158.8 1.00 1772.00 177200.00
2161.4 1.00 1857.45 185745.00
2163.9 1.00 2034.35 203435.00
2166.4 1.00 1596.60 159660.00
2169.0 1.00 1862.70 186270.00
2171.5 1.00 2128.80 212880.00
2174.0 1.00 1606.50 160650.00
2176.5 1.00 1704.30 170430.00
2179.1 1.00 2078.05 207805.00
2181.6 1.00 1733.75 173375.00
2184.1 1.00 1755.60 175560.00
2186.6 1.00 2071.30 207130.00
2189.1 1.00 1637.10 163710.00
2191.6 1.00 1862.00 186200.00
2194.1 1.00 2092.65 209265.00
2196.6 1.00 1630.40 163040.00
2199.2 1.00 1883.70 188370.00
2201.7 1.00 2149.00 214900.00
2204.1 1.00 1539.30 153930.00
2206.6 1.00 1678.50 167850.00
2209.1 1.00 1930.35 193035.00
2211.6 1.00 1484.60 148460.00
2214.1 1.00 1596.70 159670.00
2216.6 1.00 2051.10 205110.00
2219.1 1.00 1481.35 148135.00
2221.6 1.00 1713.00 171300.00
2224.0 1.00 2057.40 205740.00
2226.5 1.00 1483.95 148395.00
2229.0 1.00 1713.00 171300.00
2231.5 1.00 1953.30 195330.00
2233.9 1.00 1385.40 138540.00
2236.4 1.00 1505.40 150540.00
2238.9 1.00 1860.00 186000.00
2241.3 1.00 1399.20 139920.00
2243.8 1.00 1515.80 151580.00
2246.2 1.00 1860.80 186080.00
2248.7 1.00 1272.70 127270.00
2251.2 1.00 1498.90 149890.00
2253.6 1.00 1958.40 195840.00
2256.1 1.00 1382.40 138240.00
2258.5 1.00 1498.25 149825.00
2260.9 1.00 1840.80 184080.00
2263.4 1.00 1266.65 126665.00
2265.8 1.00 1384.80 138480.00
2268.3 1.00 1731.75 173175.00
2270.7 1.00 1151.50 115150.00
2273.1 1.00 1380.60 138060.00
2275.6 1.00 1843.20 184320.00
2278.0 1.00 1153.00 115300.00
2280.4 1.00 1269.95 126995.00
2282.8 1.00 1626.10 162610.00
2285.3 1.00 1049.85 104985.00
2287.7 1.00 1288.65 128865.00
2290.1 1.00 1660.40 166040.00
2292.5 1.00 1071.45 107145.00
2294.9 1.00 1304.05 130405.00
2297.3 1.00 1542.45 154245.00
2299.7 1.00 1066.05 106605.00
2302.1 1.00 1178.50 117850.00
2304.5 1.00 1411.20 141120.00
2306.9 1.00 823.20 82320.00
2309.3 1.00 1057.95 105795.00
2311.7 1.00 1413.00 141300.00
2314.1 1.00 708.90 70890.00
2316.5 1.00 1182.00 118200.00
2318.9 1.00 1537.25 153725.00
2321.3 1.00 831.95 83195.00
2323.7 1.00 1078.20 107820.00
2326.1 1.00 1329.90 132990.00
2328.4 1.00 732.30 73230.00
2330.8 1.00 981.60 98160.00
2333.2 1.00 1359.05 135905.00
2335.6 1.00 871.85 87185.00
2337.9 1.00 1001.60 100160.00
2340.3 1.00 1385.45 138545.00
2342.7 1.00 761.70 76170.00
2345.0 1.00 1019.20 101920.00
2347.4 1.00 1402.50 140250.00
2349.7 1.00 640.75 64075.00
2352.1 1.00 900.55 90055.00
2354.4 1.00 1289.50 128950.00
2356.8 1.00 647.50 64750.00
2359.2 1.00 910.00 91000.00
2361.5 1.00 1309.00 130900.00
2363.8 1.00 790.50 79050.00
2366.2 1.00 926.80 92680.00
2368.5 1.00 1201.50 120150.00
2370.9 1.00 402.60 40260.00
2373.2 1.00 809.40 80940.00
2375.5 1.00 1357.50 135750.00
2377.9 1.00 547.00 54700.00
2380.2 1.00 824.70 82470.00
2382.5 1.00 1240.65 124065.00
2384.8 1.00 556.80 55680.00
2387.2 1.00 843.90 84390.00
2389.5 1.00 1133.20 113320.00
2391.8 1.00 427.80 42780.00
2394.1 1.00 719.75 71975.00
2396.4 1.00 1161.20 116120.00
2398.7 1.00 438.45 43845.00
2401.0 1.00 593.40 59340.00
2403.3 1.00 1195.20 119520.00
2405.6 1.00 449.85 44985.00
2407.9 1.00 751.50 75150.00
2410.2 1.00 1203.20 120320.00
2412.5 1.00 457.35 45735.00
2414.8 1.00 616.20 61620.00
2417.1 1.00 1083.95 108395.00
2419.4 1.00 312.60 31260.00
2421.7 1.00 630.80 63080.00
2424.0 1.00 1109.50 110950.00
2426.2 1.00 321.00 32100.00
2428.5 1.00 811.25 81125.00
2430.8 1.00 1144.50 114450.00
2433.1 1.00 165.95 16595.00
2435.4 1.00 503.55 50355.00
2437.6 1.00 1007.10 100710.00
2439.9 1.00 336.90 33690.00
2442.2 1.00 511.95 51195.00
2444.4 1.00 1033.80 103380.00
2446.7 1.00 175.20 17520.00
2448.9 1.00 532.95 53295.00
2451.2 1.00 1072.80 107280.00
2453.4 1.00 0.00 0.00
2455.7 1.00 364.90 36490.00
2457.9 1.00 1098.90 109890.00
2460.2 1.00 184.95 18495.00
2462.4 1.00 374.40 37440.00
2464.7 1.00 1135.50 113550.00
2466.9 1.00 192.60 19260.00
2469.2 1.00 388.90 38890.00
2471.4 1.00 984.75 98475.00
2473.6 1.00 0.00 0.00
2475.9 1.00 406.40 40640.00
2478.1 1.00 1024.75 102475.00
2480.3 1.00 0.00 0.00
2482.5 1.00 428.90 42890.00
2484.8 1.00 873.80 87380.00
2487.0 1.00 0.00 0.00
2489.2 1.00 226.15 22615.00
2491.4 1.00 922.20 92220.00
2493.6 1.00 0.00 0.00
2495.8 1.00 237.55 23755.00
2498.0 1.00 729.60 72960.00
2500.2 1.00 0.00 0.00
2502.4 1.00 0.00 0.00
2504.6 1.00 845.10 84510.00
2506.8 1.00 292.25 29225.00
