/*** Spectra Vista SIG Data ***/
name= \My Documents\HR1024_Data\GD3T6.
instrument= HR: 1091052
integration= 200, 60, 30, 500, 60, 30
scan time= 1, 1
scan settings= AD, AI, AD, AI
external data set1= 8224, 8224, 8224, 8224, 8224, 8224, 8224, 8224, 8224, 8224, 8224, 8224, 8224, 8224, 8224, 8224
external data set2= 8224, 8224, 8224, 8224, 8224, 8224, 8224, 8224, 8224, 8224, 8224, 8224, 8224, 8224, 8224, 8224
external data dark= 0,0,0,0,0,0,0,0
external data mask= 0
optic= LENS4 , LENS4 
temp= 32.98, 8.88, -5.37, 36.85, 8.88, -5.37
battery= 7.6, 7.4
error= 0, 0
units= Radiance, Radiance
time= 1/26/08 10:33:54 AM, 1/26/08 10:40:12 AM
longitude= , 
latitude= , 
gpstime= , 
comm= 
memory slot= 0, 0
factors= 
data= 
346.4 598.78 95.55 15.96
347.9 627.50 94.13 15.00
349.5 677.04 98.59 14.56
351.1 739.44 97.34 13.16
352.6 790.63 106.26 13.44
354.2 841.03 106.03 12.61
355.7 912.59 109.11 11.96
357.3 974.37 122.06 12.53
358.8 992.58 120.23 12.11
360.4 1062.29 116.78 10.99
361.9 1117.88 119.80 10.72
363.5 1149.55 121.88 10.60
365.1 1196.29 124.83 10.43
366.6 1260.16 128.43 10.19
368.2 1349.72 124.90 9.25
369.7 1403.95 121.46 8.65
371.3 1488.21 125.12 8.41
372.8 1577.00 122.18 7.75
374.4 1638.71 126.83 7.74
375.9 1688.10 119.16 7.06
377.4 1740.09 135.30 7.78
379.0 1788.57 131.12 7.33
380.5 1855.73 137.87 7.43
382.1 1905.98 132.38 6.95
383.6 1973.16 137.21 6.95
385.2 2065.25 125.40 6.07
386.7 2149.76 126.71 5.89
388.3 2271.83 135.88 5.98
389.8 2363.45 133.96 5.67
391.3 2453.59 139.25 5.68
392.9 2526.36 144.53 5.72
394.4 2602.50 154.31 5.93
395.9 2690.98 162.02 6.02
397.5 2829.48 174.42 6.16
399.0 2963.31 171.80 5.80
400.6 3033.76 170.93 5.63
402.1 3072.78 153.77 5.00
403.6 3116.75 159.19 5.11
405.1 3199.00 157.21 4.91
406.7 3304.00 166.66 5.04
408.2 3412.53 165.73 4.86
409.7 3521.28 166.66 4.73
411.3 3642.17 174.42 4.79
412.8 3732.75 180.12 4.83
414.3 3845.02 188.95 4.91
415.8 3965.00 200.00 5.04
417.4 4085.95 206.45 5.05
418.9 4192.21 204.42 4.88
420.4 4267.16 206.38 4.84
421.9 4346.32 209.09 4.81
423.5 4413.15 205.48 4.66
425.0 4492.75 208.57 4.64
426.5 4594.55 215.86 4.70
428.0 4712.54 215.92 4.58
429.5 4856.53 219.62 4.52
431.1 5025.20 229.10 4.56
432.6 5198.44 228.39 4.39
434.1 5370.75 237.16 4.42
435.6 5520.56 245.36 4.44
437.1 5670.60 251.94 4.44
438.6 5806.58 250.73 4.32
440.1 5943.54 259.31 4.36
441.6 6091.61 269.14 4.42
443.1 6230.93 278.64 4.47
444.7 6356.12 286.88 4.51
446.2 6474.98 294.70 4.55
447.7 6582.53 303.78 4.61
449.2 6691.68 317.95 4.75
450.7 6814.08 323.65 4.75
452.2 6930.56 330.12 4.76
453.7 7066.33 328.55 4.65
455.2 7233.85 345.36 4.77
456.7 7443.04 358.34 4.81
458.2 7673.27 366.28 4.77
459.7 7920.50 378.70 4.78
461.2 8156.07 391.12 4.80
462.7 8366.46 398.81 4.77
464.2 8568.06 412.85 4.82
465.7 8788.58 421.31 4.79
467.2 8970.50 435.05 4.85
468.7 9176.00 445.60 4.86
470.2 9305.26 448.58 4.82
471.7 9490.50 470.25 4.95
473.2 9788.42 504.95 5.16
474.6 10042.30 514.41 5.12
476.1 10127.24 502.86 4.97
477.6 10169.21 501.12 4.93
479.1 10224.56 504.23 4.93
480.6 10293.47 507.52 4.93
482.1 10426.95 518.88 4.98
483.6 10590.11 528.99 5.00
485.1 10796.39 542.17 5.02
486.6 11041.55 561.47 5.09
488.0 11290.50 577.85 5.12
489.5 11568.25 596.90 5.16
491.0 11840.59 616.62 5.21
492.5 12119.22 640.22 5.28
494.0 12409.65 671.00 5.41
495.4 12660.45 702.90 5.55
496.9 12912.44 735.47 5.70
498.4 13155.80 773.13 5.88
499.9 13408.52 815.47 6.08
501.4 13645.90 860.63 6.31
502.8 13864.50 908.94 6.56
504.3 14081.40 957.60 6.80
505.8 14291.05 1016.82 7.12
507.2 14436.37 1074.51 7.44
508.7 14548.87 1136.90 7.81
510.2 14651.50 1202.54 8.21
511.6 14718.08 1278.78 8.69
513.1 14838.45 1356.12 9.14
514.6 14986.45 1437.91 9.59
516.0 15112.04 1515.13 10.03
517.5 15305.31 1615.82 10.56
519.0 15537.89 1716.82 11.05
520.5 15768.60 1823.02 11.56
521.9 16045.99 1932.42 12.04
523.4 16363.11 2044.79 12.50
524.8 16675.79 2161.94 12.96
526.3 17027.53 2277.11 13.37
527.8 17380.80 2394.97 13.78
529.2 17706.86 2505.83 14.15
530.7 18056.71 2610.83 14.46
532.1 18377.28 2718.52 14.79
533.6 18738.23 2822.51 15.06
535.0 19114.67 2924.46 15.30
536.5 19476.07 3020.33 15.51
538.0 19846.24 3123.58 15.74
539.4 20198.95 3216.03 15.92
540.9 20626.19 3326.24 16.13
542.3 20984.92 3426.13 16.33
543.8 21250.33 3503.99 16.49
545.2 21329.19 3553.88 16.66
546.6 21331.64 3582.07 16.79
548.1 21362.06 3621.19 16.95
549.5 21376.46 3656.62 17.11
551.0 21386.66 3686.87 17.24
552.4 21443.54 3725.19 17.37
553.9 21463.89 3745.40 17.45
555.3 21521.57 3770.44 17.52
556.8 21650.10 3803.97 17.57
558.2 21773.81 3827.93 17.58
559.6 21936.94 3851.65 17.56
561.1 22168.25 3882.45 17.51
562.5 22423.78 3913.31 17.45
564.0 22757.43 3949.19 17.35
565.4 23059.14 3971.51 17.22
566.8 23449.52 4004.76 17.08
568.3 23818.66 4023.71 16.89
569.7 24198.01 4039.17 16.69
571.1 24579.14 4047.43 16.47
572.6 24952.86 4055.83 16.25
574.0 25317.60 4059.00 16.03
575.4 25678.69 4060.13 15.81
576.9 26008.29 4061.67 15.62
578.3 26306.64 4060.49 15.44
579.7 26593.28 4054.29 15.25
581.1 26823.10 4042.79 15.07
582.6 27065.10 4035.29 14.91
584.0 27286.52 4033.09 14.78
585.4 27587.92 4039.40 14.64
586.8 27978.96 4070.25 14.55
588.3 28419.30 4107.17 14.45
589.7 28786.68 4131.50 14.35
591.1 29016.81 4143.35 14.28
592.5 29127.43 4138.57 14.21
594.0 29186.34 4118.54 14.11
595.4 29194.56 4107.99 14.07
596.8 29193.45 4099.52 14.04
598.2 29177.08 4079.05 13.98
599.6 29153.88 4056.37 13.91
601.0 29216.28 4049.32 13.86
602.4 29261.60 4032.16 13.78
603.9 29364.60 4019.08 13.69
605.3 29484.10 3998.08 13.56
606.7 29584.80 3972.24 13.43
608.1 29785.49 3959.25 13.29
609.5 30013.28 3941.49 13.13
610.9 30296.78 3926.96 12.96
612.3 30557.28 3909.63 12.79
613.7 30914.00 3900.58 12.62
615.1 31159.08 3872.45 12.43
616.5 31406.64 3855.21 12.28
617.9 31801.61 3863.31 12.15
619.3 32170.62 3861.63 12.00
620.7 32635.92 3872.77 11.87
622.1 33083.75 3928.82 11.88
623.5 33564.04 4032.84 12.02
624.9 34116.86 4160.10 12.19
626.3 34490.69 4262.86 12.36
627.7 34145.81 4249.12 12.44
629.1 33851.16 4219.82 12.47
630.5 33743.57 4195.89 12.43
631.9 33775.53 4186.45 12.39
633.3 33808.52 4157.68 12.30
634.7 33992.91 4125.60 12.14
636.1 34075.08 4077.21 11.97
637.5 34196.58 4051.38 11.85
638.9 34374.61 3992.48 11.61
640.2 34545.58 3884.91 11.25
641.6 34634.34 3759.91 10.86
643.0 34657.83 3604.28 10.40
644.4 34696.37 3441.14 9.92
645.8 34653.86 3289.76 9.49
647.2 34834.41 3176.42 9.12
648.5 34958.93 3067.26 8.77
649.9 34861.32 2932.49 8.41
651.3 34789.65 2822.34 8.11
652.7 34680.00 2741.76 7.91
654.1 34452.30 2708.95 7.86
655.5 34172.42 2700.67 7.90
656.8 33904.63 2661.55 7.85
658.2 34070.04 2644.03 7.76
659.6 34442.82 2620.04 7.61
660.9 34748.70 2589.03 7.45
662.3 35067.95 2541.06 7.25
663.7 35364.00 2495.64 7.06
665.0 35617.00 2444.02 6.86
666.4 35877.31 2400.36 6.69
667.8 36209.10 2367.36 6.54
669.1 36482.80 2344.39 6.43
670.5 36799.72 2330.08 6.33
671.9 36995.40 2322.34 6.28
673.2 37270.13 2322.30 6.23
674.6 37530.47 2336.12 6.22
676.0 37841.78 2353.53 6.22
677.3 38141.57 2391.65 6.27
678.7 38483.75 2448.85 6.36
680.0 38922.37 2527.85 6.49
681.4 39389.45 2645.03 6.72
682.8 39844.35 2790.06 7.00
684.1 40287.78 2974.61 7.38
685.5 40705.56 3212.62 7.89
686.8 41091.84 3515.83 8.56
688.2 41433.89 3877.87 9.36
689.5 41549.57 4282.60 10.31
690.9 41633.44 4733.12 11.37
692.2 41697.60 5235.66 12.56
693.6 41771.65 5767.67 13.81
694.9 41721.88 6336.59 15.19
696.2 41751.90 6950.03 16.65
697.6 41766.04 7564.76 18.11
698.9 41796.48 8195.62 19.61
700.3 41844.24 8819.54 21.08
701.6 41918.48 9426.32 22.49
703.0 41979.40 10034.83 23.90
704.3 41981.71 10603.58 25.26
705.6 41967.18 11132.10 26.53
707.0 41980.75 11648.67 27.75
708.3 41872.71 12107.18 28.91
709.6 41753.67 12566.53 30.10
711.0 41589.99 12964.54 31.17
712.3 41418.66 13331.10 32.19
713.6 41354.04 13700.40 33.13
714.9 41240.96 14050.55 34.07
716.3 41218.54 14412.90 34.97
717.6 41221.95 14765.86 35.82
718.9 41134.56 15073.02 36.64
720.2 40936.00 15331.74 37.45
721.6 40765.66 15561.16 38.17
722.9 40572.15 15760.79 38.85
724.2 40305.71 15899.58 39.45
725.5 40134.57 16038.89 39.96
726.8 39960.91 16164.51 40.45
728.1 39855.98 16293.76 40.88
729.5 39766.23 16403.09 41.25
730.8 39707.44 16513.70 41.59
732.1 39612.07 16586.28 41.87
733.4 39556.45 16664.01 42.13
734.7 39507.57 16739.47 42.37
736.0 39511.29 16821.48 42.57
737.3 39463.58 16879.19 42.77
738.6 39569.04 17008.86 42.99
739.9 39770.92 17141.53 43.10
741.2 39928.98 17272.16 43.26
742.5 40206.42 17436.37 43.37
743.8 40696.43 17672.66 43.43
745.1 41398.16 18031.82 43.56
746.4 42245.84 18465.36 43.71
747.7 43136.62 18937.60 43.90
749.0 43980.49 19447.67 44.22
750.3 44484.44 19808.73 44.53
751.6 44396.66 19883.50 44.79
752.9 43969.12 19740.27 44.90
754.2 43470.53 19545.62 44.96
755.4 42928.75 19308.02 44.98
756.7 42746.48 19219.60 44.96
758.0 42774.71 19228.51 44.95
759.3 43048.01 19358.92 44.97
760.6 43418.76 19519.81 44.96
761.9 43775.94 19672.67 44.94
763.1 43996.61 19796.26 44.99
764.4 44239.34 19919.55 45.03
765.7 44424.25 20018.70 45.06
767.0 44583.75 20108.26 45.10
768.2 44688.00 20194.94 45.19
769.5 44782.92 20238.44 45.19
770.8 44990.42 20351.73 45.24
772.0 45014.41 20397.93 45.31
773.3 45100.97 20450.20 45.34
774.6 45226.84 20529.28 45.39
775.8 45313.45 20617.55 45.50
777.1 45344.81 20644.53 45.53
778.4 45245.88 20646.26 45.63
779.6 45226.44 20660.80 45.68
780.9 45132.00 20632.00 45.71
782.1 44952.26 20554.72 45.73
783.4 44936.32 20563.71 45.76
784.6 44935.72 20574.82 45.79
785.9 45255.62 20689.05 45.72
787.1 45836.93 20987.92 45.79
788.4 46288.94 21349.87 46.12
789.6 46219.23 21520.23 46.56
790.9 45788.99 21426.09 46.79
792.1 45296.16 21194.82 46.79
793.4 44771.54 20985.40 46.87
794.6 44415.30 20872.84 46.99
795.8 44134.47 20770.36 47.06
797.1 43801.05 20620.44 47.08
798.3 43569.08 20531.28 47.12
799.5 43411.48 20495.97 47.21
800.8 43273.13 20438.98 47.23
802.0 43071.08 20401.47 47.37
803.2 42890.28 20343.62 47.43
804.5 42742.15 20309.64 47.52
805.7 42601.95 20262.61 47.56
806.9 42426.40 20206.84 47.63
808.1 42305.67 20178.43 47.70
809.4 42221.44 20133.80 47.69
810.6 42105.70 20098.26 47.73
811.8 42062.43 20060.47 47.69
813.0 42071.08 20059.21 47.68
814.2 42081.20 20063.05 47.68
815.4 42185.03 20127.99 47.71
816.6 42225.34 20149.54 47.72
817.9 42273.21 20190.92 47.76
819.1 42166.58 20156.66 47.80
820.3 42039.03 20096.48 47.80
821.5 41905.07 20037.39 47.82
822.7 41849.58 19987.12 47.76
823.9 41838.35 19956.07 47.70
825.1 41851.34 19916.28 47.59
826.3 41890.94 19907.05 47.52
827.5 41937.05 19861.66 47.36
828.7 42011.28 19825.06 47.19
829.9 42039.57 19802.58 47.10
831.0 42140.75 19786.07 46.95
832.2 42235.78 19773.21 46.82
833.4 42305.18 19756.38 46.70
834.6 42417.19 19762.50 46.59
835.8 42496.65 19752.39 46.48
837.0 42597.61 19775.59 46.42
838.1 42745.68 19826.90 46.38
839.3 42856.00 19844.28 46.30
840.5 42989.60 19865.93 46.21
841.7 43156.80 19910.07 46.13
842.9 43298.86 19959.27 46.10
844.0 43430.88 20005.52 46.06
845.2 43568.90 20068.93 46.06
846.4 43732.15 20112.49 45.99
847.5 43960.00 20195.22 45.94
848.7 44164.79 20306.14 45.98
849.9 44393.85 20424.27 46.01
851.0 44478.08 20516.16 46.13
852.2 44569.63 20549.03 46.11
853.3 44562.81 20568.18 46.16
854.5 44594.90 20573.05 46.13
855.6 44615.97 20588.83 46.15
856.8 44687.86 20602.73 46.10
857.9 44681.40 20600.29 46.10
859.1 44832.20 20631.12 46.02
860.2 44876.88 20641.10 45.99
861.4 44954.55 20653.62 45.94
862.5 45021.69 20689.83 45.96
863.7 45150.84 20713.80 45.88
864.8 45213.35 20705.44 45.79
865.9 45167.77 20690.53 45.81
867.1 45241.43 20742.45 45.85
868.2 45295.54 20724.01 45.75
869.3 45314.27 20716.30 45.72
870.5 45282.48 20690.75 45.69
871.6 45315.83 20675.17 45.62
872.7 45413.27 20690.89 45.56
873.9 45478.16 20694.73 45.50
875.0 45456.71 20638.00 45.40
876.1 45452.45 20639.62 45.41
877.2 45498.99 20646.47 45.38
878.3 45519.98 20629.35 45.32
879.4 45563.53 20589.23 45.19
880.5 45631.08 20580.77 45.10
881.7 45596.20 20550.40 45.07
882.8 45693.96 20562.28 45.00
883.9 45722.91 20611.65 45.08
885.0 45675.63 20605.49 45.11
886.1 45712.78 20572.09 45.00
887.2 45537.58 20513.91 45.05
888.3 45475.07 20488.51 45.05
889.4 45347.40 20381.14 44.94
890.5 45259.13 20322.48 44.90
891.6 45193.70 20264.54 44.84
892.7 45201.31 20208.50 44.71
893.8 45270.56 20179.60 44.58
894.9 45248.28 20133.48 44.50
896.0 45235.90 20117.08 44.47
897.0 45257.72 20075.15 44.36
898.1 45230.13 20061.00 44.35
899.2 45252.30 20051.11 44.31
900.3 45165.90 19974.41 44.22
901.4 45101.16 19918.42 44.16
902.4 45077.20 19864.27 44.07
903.5 45018.01 19813.63 44.01
904.6 45035.56 19778.60 43.92
905.7 45038.93 19746.51 43.84
906.7 44985.82 19705.50 43.80
907.8 45025.57 19641.18 43.62
908.9 44904.57 19590.48 43.63
909.9 44897.74 19560.15 43.57
911.0 44830.08 19458.08 43.40
912.1 44749.25 19351.35 43.24
913.1 44707.00 19281.81 43.13
914.2 44554.62 19207.73 43.11
915.2 44505.45 19124.86 42.97
916.3 44491.35 19095.00 42.92
917.3 44461.10 18984.62 42.70
918.4 44383.35 18901.08 42.59
919.4 44330.69 18798.01 42.40
920.5 44315.70 18709.70 42.22
921.5 44285.78 18632.15 42.07
922.6 44268.10 18537.20 41.87
923.6 44262.16 18462.61 41.71
924.7 44333.00 18382.50 41.46
925.7 44276.22 18266.52 41.26
926.7 44252.98 18201.42 41.13
927.8 44374.33 18153.14 40.91
928.8 44502.63 18083.04 40.63
929.9 44598.23 18065.39 40.51
930.9 44802.27 18030.52 40.24
931.9 45011.35 18027.60 40.05
932.9 45355.12 17988.50 39.66
934.0 45370.16 17904.34 39.46
935.0 45397.97 17801.00 39.21
936.0 45413.73 17649.05 38.86
937.0 45319.95 17514.20 38.65
938.1 45295.44 17363.25 38.33
939.1 45257.91 17213.87 38.04
940.1 45342.90 17170.82 37.87
941.1 45568.46 17130.00 37.59
942.1 45803.34 17121.58 37.38
943.1 45999.43 17065.57 37.10
944.1 46171.28 16987.33 36.79
945.2 46338.18 16847.88 36.36
946.2 46411.22 16780.86 36.16
947.2 46518.25 16692.00 35.88
948.2 46693.82 16632.46 35.62
949.2 46838.19 16536.33 35.31
950.2 46912.95 16427.26 35.02
951.2 46909.80 16290.62 34.73
952.2 47054.57 16172.01 34.37
953.2 47260.85 16076.97 34.02
954.2 47365.65 16003.62 33.79
955.2 47408.68 15897.12 33.53
956.2 47434.65 15736.41 33.17
957.2 47543.77 15645.70 32.91
958.2 47601.59 15583.45 32.74
959.2 47735.55 15564.42 32.61
960.1 47775.14 15488.20 32.42
961.1 47870.63 15464.82 32.31
962.1 47933.44 15439.88 32.21
963.1 48032.50 15389.37 32.04
964.1 48057.21 15405.20 32.06
965.1 48243.99 15369.02 31.86
966.1 48335.33 15415.37 31.89
967.0 48410.39 15423.35 31.86
968.0 48434.88 15399.38 31.79
969.0 48556.60 15313.84 31.54
970.0 48603.65 15406.61 31.70
971.0 48737.12 15366.20 31.53
971.9 48722.90 15379.72 31.57
972.9 48879.95 15490.13 31.69
973.9 48859.53 15528.24 31.78
974.9 49044.08 15534.67 31.67
975.8 49101.73 15587.67 31.75
976.8 49135.91 15682.69 31.92
977.8 49315.41 15801.32 32.04
978.8 49372.50 15894.54 32.19
979.7 49504.50 15826.77 31.97
980.7 49626.72 15985.53 32.21
981.7 49868.69 15947.55 31.98
982.6 50026.42 16112.16 32.21
983.6 50542.44 16186.45 32.03
984.6 51139.74 16446.83 32.16
985.5 51570.00 16667.42 32.32
986.5 52881.11 17073.72 32.29
987.5 53801.49 17341.13 32.23
988.4 54737.10 17712.20 32.36
989.4 56052.04 18675.69 33.32
990.4 57074.27 18859.32 33.04
991.3 59136.61 19837.18 33.54
992.3 61232.97 20502.29 33.48
993.2 62381.81 21811.19 34.96
994.2 63759.15 21657.87 33.97
995.2 64627.45 22605.62 34.98
996.1 65405.36 22250.05 34.02
997.1 65143.00 22669.76 34.80
998.0 67149.60 23022.72 34.29
999.0 66846.51 24859.68 37.19
1000.0 67127.69 23700.95 35.31
1000.9 65712.83 24711.17 37.60
1001.9 66491.34 24163.93 36.34
1002.8 64393.95 25423.06 39.48
1003.8 65025.46 23391.71 35.97
1004.8 66172.20 24278.35 36.69
961.5 59748.86 18272.71 30.58
965.5 58598.35 18082.75 30.86
969.5 56260.49 17722.38 31.50
973.4 53913.29 17535.34 32.53
977.4 51859.95 17365.40 33.49
981.4 50850.20 17466.60 34.35
985.3 50481.20 17517.63 34.70
989.3 50535.22 17639.56 34.91
993.3 50635.09 17819.83 35.19
997.2 50595.02 17924.26 35.43
1001.2 50545.04 18072.47 35.76
1005.2 50473.33 18263.90 36.19
1009.1 50535.74 18534.18 36.68
1013.1 50697.93 18856.24 37.19
1017.1 50843.90 19169.80 37.70
1021.0 50855.49 19433.86 38.21
1025.0 50816.26 19708.42 38.78
1029.0 50641.08 19932.62 39.36
1032.9 50496.42 20142.07 39.89
1036.9 50486.34 20416.50 40.44
1040.9 50614.23 20735.33 40.97
1044.8 50848.91 21049.71 41.40
1048.8 51055.33 21313.17 41.75
1052.7 51200.97 21553.99 42.10
1056.7 51265.76 21723.10 42.37
1060.7 51328.86 21832.10 42.53
1064.6 51364.29 21926.77 42.69
1068.6 51285.22 21944.92 42.79
1072.5 51205.93 21906.38 42.78
1076.5 51155.97 21867.43 42.75
1080.4 51154.95 21781.41 42.58
1084.4 51258.31 21711.46 42.36
1088.3 51367.47 21628.19 42.10
1092.3 51376.13 21444.35 41.74
1096.2 51342.58 21246.07 41.38
1100.2 51360.86 21065.60 41.01
1104.1 51244.60 20801.61 40.59
1108.1 51175.76 20569.74 40.19
1112.0 51059.75 20301.35 39.76
1116.0 50831.30 19975.67 39.30
1119.9 50653.13 19616.48 38.73
1123.9 50703.41 19269.77 38.00
1127.8 50649.60 18750.72 37.02
1131.8 50608.23 18070.83 35.71
1135.7 50617.81 17302.93 34.18
1139.6 50606.06 16490.85 32.59
1143.6 50555.26 15701.26 31.06
1147.5 50517.05 15010.48 29.71
1151.4 50365.69 14424.66 28.64
1155.4 50355.11 14034.23 27.87
1159.3 50376.78 13794.98 27.38
1163.2 50207.59 13573.01 27.03
1167.2 50161.80 13441.38 26.80
1171.1 50174.37 13347.34 26.60
1175.0 50101.08 13244.55 26.44
1179.0 50065.70 13165.50 26.30
1182.9 50165.17 13123.66 26.16
1186.8 50159.61 13058.30 26.03
1190.7 49934.95 12942.36 25.92
1194.7 49665.47 12840.56 25.85
1198.6 49438.62 12768.53 25.83
1202.5 49264.40 12724.54 25.83
1206.4 49122.14 12717.16 25.89
1210.3 49037.26 12716.52 25.93
1214.2 48930.30 12744.51 26.05
1218.2 48765.56 12785.85 26.22
1222.1 48630.48 12815.08 26.35
1226.0 48538.40 12858.84 26.49
1229.9 48450.48 12913.98 26.65
1233.8 48352.03 12949.82 26.78
1237.7 48317.50 12985.89 26.88
1241.6 48229.08 13007.03 26.97
1245.5 48061.09 13011.45 27.07
1249.4 47934.98 13013.28 27.15
1253.3 47803.87 13013.13 27.22
1257.2 47735.46 13019.83 27.27
1261.1 47624.11 13005.36 27.31
1265.0 47490.52 12966.97 27.30
1268.9 47304.07 12899.02 27.27
1272.8 47372.70 12887.70 27.20
1276.7 47590.81 12889.53 27.08
1280.6 47691.16 12839.71 26.92
1284.5 47615.01 12742.05 26.76
1288.4 47591.67 12635.84 26.55
1292.3 47467.75 12474.00 26.28
1296.2 47318.59 12288.99 25.97
1300.1 47148.87 12077.78 25.62
1303.9 46897.39 11822.14 25.21
1307.8 46639.44 11539.01 24.74
1311.7 46386.67 11239.76 24.23
1315.6 46123.85 10921.70 23.68
1319.5 45848.18 10579.57 23.08
1323.3 45606.50 10254.85 22.49
1327.2 45386.16 9924.55 21.87
1331.1 45132.53 9577.17 21.22
1335.0 44824.46 9241.93 20.62
1338.8 44600.56 8942.60 20.05
1342.7 44421.07 8667.76 19.51
1346.5 44042.02 8372.62 19.01
1350.4 43720.62 8117.25 18.57
1354.3 43279.60 7853.78 18.15
1358.1 42799.92 7594.15 17.74
1362.0 42533.76 7356.08 17.29
1365.8 42447.40 7117.17 16.77
1369.7 42569.31 6896.80 16.20
1373.5 42515.11 6600.44 15.52
1377.4 42239.08 6210.95 14.70
1381.2 42024.35 5790.40 13.78
1385.1 42007.68 5347.28 12.73
1389.0 41913.21 4878.79 11.64
1392.8 41686.58 4430.60 10.63
1396.6 41522.45 4042.90 9.74
1400.5 41297.26 3699.67 8.96
1404.3 41119.22 3418.42 8.31
1408.2 41089.83 3197.53 7.78
1412.0 41038.18 3017.58 7.35
1415.8 41063.56 2890.66 7.04
1419.6 41020.11 2788.33 6.80
1423.5 40984.07 2712.96 6.62
1427.3 40938.38 2651.29 6.48
1431.1 40915.35 2615.63 6.39
1434.9 40812.08 2576.41 6.31
1438.8 40755.58 2546.50 6.25
1442.6 40720.04 2538.80 6.23
1446.4 40579.53 2517.06 6.20
1450.2 40476.97 2500.22 6.18
1454.0 40349.16 2492.04 6.18
1457.8 40313.93 2500.30 6.20
1461.6 40291.52 2513.81 6.24
1465.4 40157.17 2520.64 6.28
1469.2 39958.10 2532.08 6.34
1473.0 39808.79 2550.24 6.41
1476.8 39739.71 2603.75 6.55
1480.7 39668.27 2661.87 6.71
1484.4 39532.92 2717.76 6.87
1488.2 39418.92 2779.32 7.05
1492.0 39281.08 2847.05 7.25
1495.8 39157.30 2923.38 7.47
1499.6 39041.55 2974.10 7.62
1503.4 38891.42 3022.45 7.77
1507.2 38758.78 3074.66 7.93
1510.9 38603.27 3104.48 8.04
1514.7 38431.80 3129.18 8.14
1518.5 38296.78 3175.89 8.29
1522.3 38148.01 3183.94 8.35
1526.0 38038.86 3188.16 8.38
1529.8 37977.87 3243.26 8.54
1533.6 37845.65 3307.76 8.74
1537.3 37710.11 3346.99 8.88
1541.1 37580.52 3376.22 8.98
1544.8 37449.60 3436.80 9.18
1548.6 37314.89 3507.44 9.40
1552.4 37219.38 3574.74 9.60
1556.1 37135.69 3641.51 9.81
1559.9 37030.39 3691.55 9.97
1563.6 36900.49 3743.56 10.15
1567.3 36782.10 3812.05 10.36
1571.1 36560.28 3851.84 10.54
1574.8 36404.14 3897.97 10.71
1578.6 36302.38 3952.14 10.89
1582.3 36157.52 3975.30 10.99
1586.0 36009.48 4003.72 11.12
1589.8 35863.84 4032.46 11.24
1593.5 35710.53 4054.58 11.35
1597.2 35575.62 4074.50 11.45
1600.9 35432.24 4092.31 11.55
1604.7 35280.85 4118.74 11.67
1608.4 35142.04 4145.54 11.80
1612.1 34980.47 4166.80 11.91
1615.8 34834.07 4179.22 12.00
1619.5 34752.20 4207.86 12.11
1623.2 34595.03 4219.67 12.20
1626.9 34406.93 4219.12 12.26
1630.6 34230.90 4227.74 12.35
1634.3 34081.71 4241.17 12.44
1638.0 33920.36 4248.18 12.52
1641.7 33748.10 4261.15 12.63
1645.4 33556.70 4258.93 12.69
1649.1 33353.05 4250.09 12.74
1652.8 33189.89 4255.30 12.82
1656.4 33018.59 4240.36 12.84
1660.1 32845.97 4223.26 12.86
1663.8 32642.92 4206.60 12.89
1667.5 32483.35 4191.63 12.90
1671.1 32351.26 4172.10 12.90
1674.8 32144.07 4136.41 12.87
1678.5 32080.00 4122.47 12.85
1682.1 32102.13 4106.11 12.79
1685.8 32123.16 4077.75 12.69
1689.5 32018.65 4036.00 12.61
1693.1 31881.24 3993.45 12.53
1696.8 31732.38 3949.63 12.45
1700.4 31582.94 3889.81 12.32
1704.0 31466.76 3831.98 12.18
1707.7 31189.67 3763.49 12.07
1711.3 30882.00 3688.76 11.94
1715.0 30659.79 3615.19 11.79
1718.6 30484.31 3550.87 11.65
1722.2 30333.58 3491.60 11.51
1725.9 30181.80 3433.70 11.38
1729.5 30037.98 3389.64 11.28
1733.1 29910.73 3356.20 11.22
1736.7 29788.38 3327.41 11.17
1740.3 29614.18 3290.73 11.11
1744.0 29528.30 3260.96 11.04
1747.5 29373.44 3218.29 10.96
1751.2 29138.63 3158.26 10.84
1754.8 28975.37 3102.89 10.71
1758.4 28834.48 3051.52 10.58
1762.0 28639.33 3002.97 10.49
1765.5 28498.38 2971.92 10.43
1769.1 28452.00 2949.60 10.37
1772.7 28378.96 2922.15 10.30
1776.3 28252.73 2886.66 10.22
1779.9 28119.54 2856.58 10.16
1783.5 28061.20 2847.04 10.15
1787.0 27938.82 2816.37 10.08
1790.6 27774.17 2782.19 10.02
1794.2 27666.21 2767.13 10.00
1797.8 27558.84 2758.45 10.01
1801.3 27465.68 2749.16 10.01
1804.9 27315.75 2735.25 10.01
1808.4 27221.13 2733.06 10.04
1812.0 27071.27 2723.15 10.06
1815.5 26907.62 2704.94 10.05
1819.1 26703.43 2682.85 10.05
1822.6 26545.43 2658.01 10.01
1826.2 26400.51 2627.72 9.95
1829.7 26207.46 2602.73 9.93
1833.2 25952.41 2577.65 9.93
1836.8 25712.51 2528.89 9.84
1840.3 25567.16 2493.32 9.75
1843.8 25454.03 2449.02 9.62
1847.3 25371.56 2395.20 9.44
1850.8 25264.51 2330.50 9.22
1854.3 25105.60 2244.74 8.94
1857.8 25027.60 2178.80 8.71
1861.3 25027.70 2121.29 8.48
1864.8 24948.54 2055.06 8.24
1868.3 24715.93 1953.77 7.90
1871.8 24529.92 1835.52 7.48
1875.3 24489.01 1709.44 6.98
1878.8 24485.84 1585.47 6.48
1882.3 24423.29 1472.60 6.03
1885.8 24245.59 1357.24 5.60
1889.3 24030.42 1276.17 5.31
1892.7 23852.68 1168.73 4.90
1896.2 23673.74 1109.41 4.69
1899.7 23427.69 1103.12 4.71
1903.1 23323.61 1099.56 4.71
1906.6 23396.53 1123.29 4.80
1910.0 23683.33 1230.03 5.19
1913.5 24138.15 1419.89 5.88
1917.0 24628.98 1698.55 6.90
1920.4 25146.40 1849.00 7.35
1923.8 25520.19 2167.32 8.49
1871.2 22263.77 1339.26 6.02
1873.9 22507.55 1310.08 5.82
1876.7 22626.01 1178.23 5.21
1879.5 22737.83 1087.71 4.78
1882.3 22382.76 1019.45 4.55
1885.1 22317.18 922.34 4.13
1887.8 22505.15 857.65 3.81
1890.6 22306.26 803.06 3.60
1893.4 22256.67 726.00 3.26
1896.2 22163.50 701.42 3.16
1898.9 22083.42 693.72 3.14
1901.7 21937.94 640.74 2.92
1904.5 22143.94 608.35 2.75
1907.2 22059.00 627.00 2.84
1910.0 21927.95 631.21 2.88
1912.7 21918.25 636.53 2.90
1915.5 21816.04 620.95 2.85
1918.2 21741.95 590.43 2.72
1921.0 21589.30 567.33 2.63
1923.7 21620.81 576.96 2.67
1926.5 21581.93 582.94 2.70
1929.2 21568.04 573.99 2.66
1932.0 21551.20 581.44 2.70
1934.7 21508.34 584.69 2.72
1937.4 21385.99 561.40 2.63
1940.2 21322.79 568.57 2.67
1942.9 21412.44 590.73 2.76
1945.6 21432.94 600.98 2.80
1948.3 21347.13 616.71 2.89
1951.1 21319.83 605.01 2.84
1953.8 21321.00 591.00 2.77
1956.5 21174.65 616.97 2.91
1959.2 21255.91 645.84 3.04
1961.9 21274.22 646.66 3.04
1964.6 21161.18 645.58 3.05
1967.3 21232.43 625.97 2.95
1970.0 21063.36 636.40 3.02
1972.8 20962.32 667.76 3.19
1975.5 21019.32 661.43 3.15
1978.2 20951.00 665.76 3.18
1980.9 20833.51 696.69 3.34
1983.5 20753.87 700.91 3.38
1986.2 20730.84 683.85 3.30
1988.9 20710.47 707.13 3.41
1991.6 20560.54 735.75 3.58
1994.3 20429.18 722.08 3.53
1997.0 20463.02 729.48 3.56
1999.7 20411.81 735.15 3.60
2002.3 20392.69 742.18 3.64
2005.0 20300.64 765.19 3.77
2007.7 20215.73 771.13 3.81
2010.4 20150.59 765.14 3.80
2013.0 20054.41 771.00 3.84
2015.7 19971.23 787.14 3.94
2018.4 19850.99 780.08 3.93
2021.0 19776.67 782.00 3.95
2023.7 19665.12 802.77 4.08
2026.4 19623.72 802.75 4.09
2029.0 19549.52 818.20 4.19
2031.7 19389.93 822.47 4.24
2034.3 19392.75 816.83 4.21
2037.0 19277.12 836.06 4.34
2039.6 19203.81 832.75 4.34
2042.3 19169.68 822.84 4.29
2044.9 19085.22 841.50 4.41
2047.5 19057.17 841.50 4.42
2050.2 18939.20 823.20 4.35
2052.8 18894.40 856.80 4.53
2055.4 18768.37 871.32 4.64
2058.1 18622.80 848.40 4.56
2060.7 18569.98 858.07 4.62
2063.3 18475.60 869.44 4.71
2065.9 18427.79 859.83 4.67
2068.6 18352.42 871.00 4.75
2071.2 18299.61 884.43 4.83
2073.8 18217.15 878.68 4.82
2076.4 18153.52 867.26 4.78
2079.0 18135.74 879.53 4.85
2081.6 18151.63 905.89 4.99
2084.2 18112.28 908.58 5.02
2086.8 17948.60 913.55 5.09
2089.4 17865.33 902.06 5.05
2092.1 17782.00 895.33 5.04
2094.7 17712.75 909.65 5.14
2097.2 17685.67 932.17 5.27
2099.8 17677.80 936.55 5.30
2102.4 17557.58 918.40 5.23
2105.0 17419.20 920.55 5.28
2107.6 17352.05 931.41 5.37
2110.2 17317.12 946.28 5.46
2112.8 17308.85 930.58 5.38
2115.3 17299.79 943.94 5.46
2117.9 17305.54 969.16 5.60
2120.5 17283.04 956.12 5.53
2123.1 17169.75 962.33 5.60
2125.6 17130.75 978.06 5.71
2128.2 17041.98 977.51 5.74
2130.8 16938.68 976.95 5.77
2133.3 16907.73 973.87 5.76
2135.9 16811.63 979.58 5.83
2138.4 16669.29 978.29 5.87
2141.0 16557.51 954.96 5.77
2143.6 16519.94 949.86 5.75
2146.1 16331.26 969.65 5.94
2148.7 16166.35 966.16 5.98
2151.2 16200.80 962.13 5.94
2153.8 16223.65 991.90 6.11
2156.3 16092.71 992.32 6.17
2158.8 16012.97 974.60 6.09
2161.4 15977.02 984.74 6.16
2163.9 15879.72 970.00 6.11
2166.4 15806.34 940.22 5.95
2169.0 15776.77 963.87 6.11
2171.5 15691.03 963.87 6.14
2174.0 15580.08 954.98 6.13
2176.5 15568.93 971.75 6.24
2179.1 15528.15 963.73 6.21
2181.6 15436.46 961.17 6.23
2184.1 15393.84 976.36 6.34
2186.6 15412.36 966.61 6.27
2189.1 15330.96 953.37 6.22
2191.6 15265.13 957.13 6.27
2194.1 15289.63 963.28 6.30
2196.6 15291.79 968.05 6.33
2199.2 15355.64 945.34 6.16
2201.7 15282.97 938.40 6.14
2204.1 15217.08 956.57 6.29
2206.6 15263.16 958.61 6.28
2209.1 15196.78 965.18 6.35
2211.6 15154.34 959.28 6.33
2214.1 15142.04 946.62 6.25
2216.6 15136.36 972.37 6.42
2219.1 15121.17 941.99 6.23
2221.6 15017.30 928.83 6.19
2224.0 14973.30 971.55 6.49
2226.5 14953.65 932.23 6.23
2229.0 14990.65 936.44 6.25
2231.5 14856.57 923.03 6.21
2233.9 14819.93 881.27 5.95
2236.4 14830.12 907.10 6.12
2238.9 14725.00 895.13 6.08
2241.3 14738.24 886.16 6.01
2243.8 14703.26 882.27 6.00
2246.2 14560.76 845.11 5.80
2248.7 14543.49 836.90 5.75
2251.2 14547.02 826.32 5.68
2253.6 14461.44 821.76 5.68
2256.1 14411.52 810.24 5.62
2258.5 14448.51 791.38 5.48
2260.9 14358.24 786.18 5.48
2263.4 14286.28 790.70 5.53
2265.8 14286.52 784.72 5.49
2268.3 14242.68 731.18 5.13
2270.7 14293.95 733.12 5.13
2273.1 14208.68 763.17 5.37
2275.6 14138.88 737.28 5.21
2278.0 14162.68 718.70 5.07
2280.4 14119.54 727.34 5.15
2282.8 13992.20 720.13 5.15
2285.3 14040.77 680.46 4.85
2287.7 14128.29 695.09 4.92
2290.1 13998.75 679.97 4.86
2292.5 13976.47 646.84 4.63
2294.9 14012.61 675.74 4.82
2297.3 13889.96 656.53 4.73
2299.7 13787.58 623.84 4.52
2302.1 13749.17 624.61 4.54
2304.5 13602.40 615.44 4.52
2306.9 13496.56 576.24 4.27
2309.3 13451.64 556.40 4.14
2311.7 13329.30 557.35 4.18
2314.1 13154.03 582.87 4.43
2316.5 13124.14 598.88 4.56
2318.9 13145.46 591.25 4.50
2321.3 13101.23 578.40 4.41
2323.7 13118.10 583.03 4.44
2326.1 13081.38 572.26 4.37
2328.4 13108.17 573.64 4.38
2330.8 13202.52 601.23 4.55
2333.2 13104.54 568.33 4.34
2335.6 13023.78 518.96 3.98
2337.9 13062.53 575.92 4.41
2340.3 13002.24 566.78 4.36
2342.7 12902.35 520.50 4.03
2345.0 12884.39 539.33 4.19
2347.4 12860.50 527.00 4.10
2349.7 12661.22 529.69 4.18
2352.1 12633.43 527.47 4.18
2354.4 12658.59 490.01 3.87
2356.8 12578.77 483.47 3.84
2359.2 12527.67 515.67 4.12
2361.5 12479.13 488.69 3.92
2363.8 12494.29 483.08 3.87
2366.2 12489.73 511.95 4.10
2368.5 12451.10 502.85 4.04
2370.9 12453.76 460.75 3.70
2373.2 12415.30 445.17 3.59
2375.5 12276.33 466.08 3.80
2377.9 12211.78 433.04 3.55
2380.2 12242.21 453.59 3.71
2382.5 12139.99 473.29 3.90
2384.8 12068.64 431.52 3.58
2387.2 12086.52 436.02 3.61
2389.5 12068.58 439.12 3.64
2391.8 12016.43 465.83 3.88
2394.1 11909.46 484.63 4.07
2396.4 11863.59 411.26 3.47
2398.7 11940.46 379.99 3.18
2401.0 11823.50 425.27 3.60
2403.3 11693.04 433.26 3.71
2405.6 11741.09 414.86 3.53
2407.9 11668.29 425.85 3.65
2410.2 11575.79 406.08 3.51
2412.5 11525.22 386.21 3.35
2414.8 11512.67 400.53 3.48
2417.1 11505.36 361.32 3.14
2419.4 11477.63 385.54 3.36
2421.7 11364.91 404.76 3.56
2424.0 11316.90 375.12 3.31
2426.2 11347.35 363.80 3.21
2428.5 11281.78 362.36 3.21
2430.8 11243.35 348.80 3.10
2433.1 11179.50 331.90 2.97
2435.4 11100.48 414.03 3.73
2437.6 11066.91 391.65 3.54
2439.9 10932.41 308.83 2.82
2442.2 10967.11 392.50 3.58
2444.4 10975.51 361.83 3.30
2446.7 10909.12 280.32 2.57
2448.9 10931.40 319.77 2.93
2451.2 10853.16 321.84 2.97
2453.4 10787.73 295.31 2.74
2455.7 10721.98 340.57 3.18
2457.9 10647.12 341.88 3.21
2460.2 10665.45 271.26 2.54
2462.4 10576.80 318.24 3.01
2464.7 10503.38 309.11 2.94
2466.9 10471.02 263.22 2.51
2469.2 10480.86 291.68 2.78
2471.4 10359.57 308.56 2.98
2473.6 10250.05 354.84 3.46
2475.9 10220.96 338.67 3.31
2478.1 10124.53 245.94 2.43
2480.3 10080.49 250.62 2.49
2482.5 10057.71 343.12 3.41
2484.8 9961.32 320.39 3.22
2487.0 9924.93 266.64 2.69
2489.2 9935.52 286.46 2.88
2491.4 9875.23 276.66 2.80
2493.6 9884.14 227.31 2.30
2495.8 9866.24 261.31 2.65
2498.0 9849.60 243.20 2.47
2500.2 9865.68 185.35 1.88
2502.4 10096.56 266.40 2.64
2504.6 10244.49 319.26 3.12
2506.8 10345.65 292.25 2.82
