/*** Spectra Vista SIG Data ***/
name= \My Documents\HR1024_Data\RD6B4.
instrument= HR: 1091052
integration= 400, 60, 30, 1000, 60, 30
scan time= 1, 1
scan settings= AD, AI, AD, AI
external data set1= 8224, 8224, 8224, 8224, 8224, 8224, 8224, 8224, 8224, 8224, 8224, 8224, 8224, 8224, 8224, 8224
external data set2= 8224, 8224, 8224, 8224, 8224, 8224, 8224, 8224, 8224, 8224, 8224, 8224, 8224, 8224, 8224, 8224
external data dark= 0,0,0,0,0,0,0,0
external data mask= 0
optic= LENS4 , LENS4 
temp= 41.28, 9.01, -5.24, 41.28, 9.01, -5.24
battery= 6.8, 6.7
error= 0, 0
units= Radiance, Radiance
time= 4/7/08 11:01:21 AM, 4/7/08 11:02:26 AM
longitude= , 
latitude= , 
gpstime= , 
comm= 
memory slot= 0, 0
factors= 
data= 
346.4 308.95 49.69 16.08
347.9 327.87 52.71 16.08
349.5 354.12 53.66 15.15
351.1 379.08 53.66 14.16
352.6 403.22 55.66 13.80
354.2 436.88 62.18 14.23
355.7 478.19 61.96 12.96
357.3 511.46 66.58 13.02
358.8 536.48 62.91 11.73
360.4 573.35 64.72 11.29
361.9 592.03 66.86 11.29
363.5 619.79 65.10 10.50
365.1 641.49 72.12 11.24
366.6 678.42 69.74 10.28
368.2 718.51 70.51 9.81
369.7 759.11 69.87 9.20
371.3 813.25 76.39 9.39
372.8 858.22 76.36 8.90
374.4 901.13 76.10 8.44
375.9 931.77 72.82 7.82
377.4 959.49 74.81 7.80
379.0 999.31 77.65 7.77
380.5 1023.27 78.17 7.64
382.1 1059.37 74.47 7.03
383.6 1095.73 73.71 6.73
385.2 1145.38 74.80 6.53
386.7 1194.01 76.89 6.44
388.3 1255.49 79.89 6.36
389.8 1320.35 79.61 6.03
391.3 1368.83 82.99 6.06
392.9 1411.12 82.51 5.85
394.4 1454.08 87.24 6.00
395.9 1500.92 94.83 6.32
397.5 1585.93 98.84 6.23
399.0 1648.52 98.26 5.96
400.6 1700.83 96.22 5.66
402.1 1718.28 91.85 5.35
403.6 1753.77 90.63 5.17
405.1 1794.87 88.20 4.91
406.7 1854.72 91.39 4.93
408.2 1929.02 93.11 4.83
409.7 1988.00 93.18 4.69
411.3 2056.32 98.23 4.78
412.8 2111.67 100.96 4.78
414.3 2181.95 104.26 4.78
415.8 2246.25 108.00 4.81
417.4 2313.69 115.37 4.99
418.9 2370.61 113.85 4.80
420.4 2418.97 110.67 4.57
421.9 2459.93 112.29 4.56
423.5 2499.62 111.15 4.45
425.0 2539.68 113.27 4.46
426.5 2587.53 113.09 4.37
428.0 2664.15 114.12 4.28
429.5 2748.21 116.13 4.23
431.1 2838.65 117.65 4.14
432.6 2952.96 121.50 4.11
434.1 3044.39 124.36 4.08
435.6 3137.60 128.10 4.08
437.1 3221.40 128.31 3.98
438.6 3301.20 128.90 3.90
440.1 3380.16 136.79 4.05
441.6 3466.33 138.57 4.00
443.1 3550.84 141.75 3.99
444.7 3626.05 146.73 4.05
446.2 3699.54 146.09 3.95
447.7 3765.92 151.03 4.01
449.2 3824.28 150.77 3.94
450.7 3883.36 151.01 3.89
452.2 3948.67 151.70 3.84
453.7 4026.73 157.20 3.90
455.2 4124.01 156.88 3.80
456.7 4248.64 162.27 3.82
458.2 4380.11 161.82 3.69
459.7 4510.63 166.95 3.70
461.2 4643.72 172.97 3.72
462.7 4759.61 172.91 3.63
464.2 4878.78 179.34 3.68
465.7 4997.91 183.24 3.67
467.2 5096.44 190.58 3.74
468.7 5206.00 195.20 3.75
470.2 5286.54 198.89 3.76
471.7 5403.13 201.88 3.74
473.2 5562.67 213.71 3.84
474.6 5677.05 214.57 3.78
476.1 5708.10 217.94 3.82
477.6 5741.35 214.15 3.73
479.1 5774.31 212.52 3.68
480.6 5818.25 212.86 3.66
482.1 5891.16 216.08 3.67
483.6 5982.05 217.09 3.63
485.1 6094.36 220.76 3.62
486.6 6235.79 225.05 3.61
488.0 6376.50 231.40 3.63
489.5 6535.10 237.41 3.63
491.0 6687.84 241.23 3.61
492.5 6840.45 247.86 3.62
494.0 7003.52 250.81 3.58
495.4 7140.38 257.73 3.61
496.9 7279.53 262.86 3.61
498.4 7414.00 267.75 3.61
499.9 7544.12 273.43 3.62
501.4 7670.15 280.25 3.65
502.8 7793.68 283.95 3.64
504.3 7899.30 290.16 3.67
505.8 7998.05 295.69 3.70
507.2 8071.73 300.03 3.72
508.7 8113.68 304.37 3.75
510.2 8158.76 308.73 3.78
511.6 8181.84 309.89 3.79
513.1 8233.61 314.53 3.82
514.6 8296.95 318.56 3.84
516.0 8356.36 320.85 3.84
517.5 8442.40 330.43 3.91
519.0 8553.83 332.13 3.88
520.5 8671.50 338.50 3.90
521.9 8815.54 344.75 3.91
523.4 8982.24 352.18 3.92
524.8 9151.00 358.21 3.91
526.3 9344.03 367.98 3.94
527.8 9536.28 377.97 3.96
529.2 9711.28 385.07 3.97
530.7 9905.24 395.95 4.00
532.1 10081.40 405.65 4.02
533.6 10283.57 416.97 4.05
535.0 10485.09 426.89 4.07
536.5 10681.89 437.62 4.10
538.0 10883.60 450.43 4.14
539.4 11084.11 460.97 4.16
540.9 11313.84 477.40 4.22
542.3 11513.01 494.91 4.30
543.8 11650.05 502.36 4.31
545.2 11685.06 510.62 4.37
546.6 11695.11 511.56 4.37
548.1 11707.58 518.02 4.42
549.5 11708.74 520.93 4.45
551.0 11711.30 527.28 4.50
552.4 11728.70 533.63 4.55
553.9 11733.45 539.15 4.59
555.3 11756.75 546.51 4.65
556.8 11812.04 557.40 4.72
558.2 11874.09 561.94 4.73
559.6 11949.23 574.74 4.81
561.1 12064.81 586.30 4.86
562.5 12196.63 595.81 4.89
564.0 12361.42 612.76 4.96
565.4 12524.96 627.74 5.01
566.8 12724.85 644.96 5.07
568.3 12909.44 659.51 5.11
569.7 13111.80 679.84 5.18
571.1 13304.78 698.11 5.25
572.6 13501.08 720.58 5.34
574.0 13699.13 736.56 5.38
575.4 13888.97 760.39 5.47
576.9 14063.57 782.05 5.56
578.3 14224.93 801.87 5.64
579.7 14380.89 819.91 5.70
581.1 14511.14 837.16 5.77
582.6 14644.92 861.18 5.88
584.0 14775.34 880.22 5.96
585.4 14933.75 905.63 6.06
586.8 15162.35 936.00 6.17
588.3 15403.05 972.50 6.31
589.7 15607.80 998.71 6.40
591.1 15736.00 1021.30 6.49
592.5 15811.48 1046.18 6.62
594.0 15845.25 1059.38 6.69
595.4 15861.68 1073.00 6.76
596.8 15877.29 1091.81 6.88
598.2 15880.92 1106.91 6.97
599.6 15876.90 1125.67 7.09
601.0 15917.90 1144.73 7.19
602.4 15950.10 1164.86 7.30
603.9 16019.75 1192.30 7.44
605.3 16097.10 1209.98 7.52
606.7 16157.70 1231.56 7.62
608.1 16283.35 1261.45 7.75
609.5 16423.73 1292.60 7.87
610.9 16587.77 1327.83 8.00
612.3 16739.44 1359.21 8.12
613.7 16950.22 1402.53 8.27
615.1 17086.14 1437.91 8.42
616.5 17232.08 1482.06 8.60
617.9 17454.43 1531.99 8.78
619.3 17666.24 1580.28 8.95
620.7 17923.27 1635.35 9.12
622.1 18167.80 1701.40 9.36
623.5 18433.04 1785.71 9.69
624.9 18747.09 1869.47 9.97
626.3 18950.22 1942.53 10.25
627.7 18769.68 1970.90 10.50
629.1 18601.38 1978.64 10.64
630.5 18540.47 1997.13 10.77
631.9 18548.88 2017.37 10.88
633.3 18558.65 2043.85 11.01
634.7 18648.32 2074.80 11.13
636.1 18688.31 2110.27 11.29
637.5 18739.96 2146.42 11.45
638.9 18821.71 2175.57 11.56
640.2 18894.96 2201.36 11.65
641.6 18924.75 2220.19 11.73
643.0 18911.59 2238.23 11.84
644.4 18927.69 2252.74 11.90
645.8 18880.97 2228.22 11.80
647.2 18968.37 2220.04 11.70
648.5 19028.42 2226.08 11.70
649.9 18970.67 2235.36 11.78
651.3 18919.73 2251.65 11.90
652.7 18829.20 2264.40 12.03
654.1 18700.92 2263.69 12.10
655.5 18557.70 2248.52 12.12
656.8 18423.20 2235.83 12.14
658.2 18539.21 2248.48 12.13
659.6 18762.80 2278.52 12.14
660.9 18952.76 2295.25 12.11
662.3 19129.03 2316.92 12.11
663.7 19304.25 2336.04 12.10
665.0 19465.13 2358.64 12.12
666.4 19618.53 2384.66 12.16
667.8 19815.34 2423.67 12.23
669.1 19985.79 2462.59 12.32
670.5 20183.99 2515.95 12.47
671.9 20318.40 2571.62 12.66
673.2 20493.97 2646.64 12.91
674.6 20662.00 2731.10 13.22
676.0 20848.31 2835.59 13.60
677.3 21031.71 2945.57 14.01
678.7 21233.00 3066.38 14.44
680.0 21503.86 3212.86 14.94
681.4 21774.74 3366.17 15.46
682.8 22058.40 3535.35 16.03
684.1 22348.17 3699.54 16.55
685.5 22599.12 3867.06 17.11
686.8 22839.87 4030.96 17.65
688.2 23056.78 4188.68 18.17
689.5 23127.89 4320.00 18.68
690.9 23200.31 4436.15 19.12
692.2 23248.35 4556.85 19.60
693.6 23307.78 4660.28 19.99
694.9 23294.93 4748.33 20.38
696.2 23315.96 4847.42 20.79
697.6 23334.85 4932.92 21.14
698.9 23369.28 5027.62 21.51
700.3 23413.23 5113.58 21.84
701.6 23463.11 5204.47 22.18
703.0 23521.36 5296.68 22.52
704.3 23533.74 5373.06 22.83
705.6 23530.86 5448.31 23.15
707.0 23545.85 5522.86 23.46
708.3 23486.90 5587.01 23.79
709.6 23437.51 5646.68 24.09
711.0 23343.98 5694.46 24.39
712.3 23243.21 5741.70 24.70
713.6 23211.30 5802.97 25.00
714.9 23143.05 5858.05 25.31
716.3 23135.20 5914.06 25.56
717.6 23130.35 5979.06 25.85
718.9 23068.79 6036.21 26.17
720.2 22963.29 6068.16 26.43
721.6 22870.51 6113.35 26.73
722.9 22756.46 6141.67 26.99
724.2 22597.08 6155.31 27.24
725.5 22465.82 6179.90 27.51
726.8 22354.09 6201.48 27.74
728.1 22290.48 6244.02 28.01
729.5 22225.07 6282.08 28.27
730.8 22183.33 6319.25 28.49
732.1 22125.80 6352.24 28.71
733.4 22071.45 6387.67 28.94
734.7 22029.42 6420.41 29.14
736.0 22022.23 6473.29 29.39
737.3 21973.61 6513.54 29.64
738.6 22034.76 6585.04 29.88
739.9 22126.97 6665.01 30.12
741.2 22204.46 6733.82 30.33
742.5 22374.91 6830.46 30.53
743.8 22648.11 6971.58 30.78
745.1 23050.15 7156.19 31.05
746.4 23540.34 7370.09 31.31
747.7 24057.54 7595.42 31.57
749.0 24553.37 7829.36 31.89
750.3 24833.38 7980.62 32.14
751.6 24781.03 8036.24 32.43
752.9 24523.13 8021.94 32.71
754.2 24238.36 7985.17 32.94
755.4 23932.02 7943.66 33.19
756.7 23841.39 7960.88 33.39
758.0 23871.07 8027.72 33.63
759.3 24055.07 8151.96 33.89
760.6 24287.34 8285.20 34.11
761.9 24506.67 8413.51 34.33
763.1 24645.87 8522.09 34.58
764.4 24811.37 8641.63 34.83
765.7 24938.88 8749.00 35.08
767.0 25051.11 8848.72 35.32
768.2 25152.96 8936.93 35.53
769.5 25226.28 9028.35 35.79
770.8 25364.79 9134.60 36.01
772.0 25417.65 9212.04 36.24
773.3 25485.18 9300.14 36.49
774.6 25580.80 9394.26 36.72
775.8 25652.33 9481.29 36.96
777.1 25703.00 9556.44 37.18
778.4 25680.20 9607.64 37.41
779.6 25708.10 9670.16 37.62
780.9 25670.00 9728.80 37.90
782.1 25577.34 9760.15 38.16
783.4 25598.56 9813.44 38.34
784.6 25609.38 9879.95 38.58
785.9 25823.40 10013.59 38.78
787.1 26225.48 10230.34 39.01
788.4 26559.23 10431.52 39.28
789.6 26557.28 10496.72 39.52
790.9 26298.77 10448.05 39.73
792.1 26012.84 10395.38 39.96
793.4 25747.71 10353.72 40.21
794.6 25556.46 10338.45 40.45
795.8 25402.12 10330.49 40.67
797.1 25247.14 10320.29 40.88
798.3 25126.41 10322.81 41.08
799.5 25070.48 10352.00 41.29
800.8 24990.81 10383.93 41.55
802.0 24930.06 10396.90 41.70
803.2 24830.62 10413.18 41.94
804.5 24774.26 10445.17 42.16
805.7 24715.46 10456.02 42.31
806.9 24636.36 10473.57 42.51
808.1 24563.93 10504.16 42.76
809.4 24543.34 10530.63 42.91
810.6 24481.28 10554.18 43.11
811.8 24483.45 10587.17 43.24
813.0 24484.26 10638.72 43.45
814.2 24515.56 10688.81 43.60
815.4 24600.09 10760.34 43.74
816.6 24630.26 10815.71 43.91
817.9 24674.00 10864.15 44.03
819.1 24618.47 10885.70 44.22
820.3 24543.11 10882.07 44.34
821.5 24472.15 10882.20 44.47
822.7 24433.00 10899.88 44.61
823.9 24425.54 10923.75 44.72
825.1 24430.74 10949.31 44.82
826.3 24450.01 10963.78 44.84
827.5 24470.10 10987.67 44.90
828.7 24514.56 11022.43 44.96
829.9 24545.18 11034.36 44.96
831.0 24603.93 11071.19 45.00
832.2 24649.48 11107.87 45.06
833.4 24697.80 11129.71 45.06
834.6 24747.66 11166.56 45.12
835.8 24782.63 11218.10 45.27
837.0 24845.83 11257.97 45.31
838.1 24937.79 11322.09 45.40
839.3 24975.80 11359.76 45.48
840.5 25032.08 11424.78 45.64
841.7 25117.36 11487.50 45.74
842.9 25184.96 11553.13 45.87
844.0 25256.92 11611.12 45.97
845.2 25341.15 11677.96 46.08
846.4 25395.81 11735.69 46.21
847.5 25532.52 11831.83 46.34
848.7 25652.31 11903.48 46.40
849.9 25747.98 11984.22 46.54
851.0 25782.03 12018.80 46.62
852.2 25821.76 12066.25 46.73
853.3 25790.45 12094.18 46.89
854.5 25782.18 12119.90 47.01
855.6 25790.31 12133.57 47.05
856.8 25802.03 12175.66 47.19
857.9 25787.16 12193.86 47.29
859.1 25844.70 12258.64 47.43
860.2 25842.20 12284.94 47.54
861.4 25874.34 12327.48 47.64
862.5 25904.26 12355.78 47.70
863.7 25934.86 12402.06 47.82
864.8 25941.65 12432.84 47.93
865.9 25903.65 12442.39 48.03
867.1 25928.06 12470.67 48.10
868.2 25943.25 12490.86 48.15
869.3 25934.18 12505.69 48.22
870.5 25913.51 12504.00 48.25
871.6 25902.02 12520.64 48.34
872.7 25940.97 12551.27 48.38
873.9 25976.84 12574.16 48.41
875.0 25934.08 12569.45 48.47
876.1 25934.32 12581.26 48.51
877.2 25945.16 12591.53 48.53
878.3 25953.95 12592.67 48.52
879.4 25971.94 12603.23 48.53
880.5 25990.92 12622.03 48.56
881.7 25996.43 12605.71 48.49
882.8 25995.76 12620.98 48.55
883.9 26001.02 12651.08 48.66
885.0 26000.86 12611.37 48.50
886.1 25988.01 12605.24 48.50
887.2 25916.28 12579.18 48.54
888.3 25871.42 12533.75 48.45
889.4 25773.34 12506.53 48.53
890.5 25727.29 12462.92 48.44
891.6 25714.13 12438.42 48.37
892.7 25694.90 12436.69 48.40
893.8 25719.64 12435.55 48.35
894.9 25728.34 12435.06 48.33
896.0 25692.41 12415.32 48.32
897.0 25707.90 12423.25 48.32
898.1 25744.95 12411.82 48.21
899.2 25773.73 12414.73 48.17
900.3 25705.13 12376.02 48.15
901.4 25642.80 12333.06 48.10
902.4 25687.38 12328.05 47.99
903.5 25646.48 12308.41 47.99
904.6 25644.59 12297.18 47.95
905.7 25690.61 12268.17 47.75
906.7 25648.37 12259.57 47.80
907.8 25684.62 12265.08 47.75
908.9 25644.48 12211.01 47.62
909.9 25650.97 12191.41 47.53
911.0 25597.58 12157.38 47.49
912.1 25575.92 12116.72 47.38
913.1 25524.98 12043.72 47.18
914.2 25464.04 11986.46 47.07
915.2 25484.49 11944.04 46.87
916.3 25476.75 11911.26 46.75
917.3 25473.45 11868.42 46.59
918.4 25406.98 11780.62 46.37
919.4 25408.68 11719.04 46.12
920.5 25396.31 11660.50 45.91
921.5 25449.20 11606.50 45.61
922.6 25425.46 11512.02 45.28
923.6 25478.15 11444.94 44.92
924.7 25461.38 11377.80 44.69
925.7 25461.27 11298.74 44.38
926.7 25477.83 11211.34 44.00
927.8 25539.62 11140.13 43.62
928.8 25613.91 11075.86 43.24
929.9 25690.61 11004.29 42.83
930.9 25837.80 10956.23 42.40
931.9 25942.36 10884.37 41.96
932.9 26155.68 10846.14 41.47
934.0 26188.61 10751.98 41.06
935.0 26221.95 10658.45 40.65
936.0 26201.14 10515.99 40.14
937.0 26204.69 10422.40 39.77
938.1 26213.30 10291.81 39.26
939.1 26216.18 10169.21 38.79
940.1 26252.75 10066.49 38.34
941.1 26351.96 10011.77 37.99
942.1 26513.45 9930.51 37.45
943.1 26639.59 9861.91 37.02
944.1 26820.75 9784.56 36.48
945.2 26886.30 9655.63 35.91
946.2 26945.68 9564.56 35.50
947.2 27030.88 9407.98 34.80
948.2 27140.61 9311.57 34.31
949.2 27196.81 9226.75 33.93
950.2 27271.05 9059.44 33.22
951.2 27353.34 8916.43 32.60
952.2 27398.87 8806.57 32.14
953.2 27526.93 8712.80 31.65
954.2 27609.86 8601.80 31.15
955.2 27667.86 8486.25 30.67
956.2 27685.87 8366.03 30.22
957.2 27723.22 8276.26 29.85
958.2 27787.98 8238.55 29.65
959.2 27905.40 8205.12 29.40
960.1 27904.29 8132.16 29.14
961.1 27999.96 8084.04 28.87
962.1 28036.88 8044.13 28.69
963.1 28047.84 8037.65 28.66
964.1 28165.67 8031.33 28.51
965.1 28246.23 8037.47 28.46
966.1 28328.40 7998.84 28.24
967.0 28372.58 7986.80 28.15
968.0 28416.51 8015.66 28.21
969.0 28440.60 7990.76 28.10
970.0 28517.67 7990.25 28.02
971.0 28583.78 7992.98 27.96
971.9 28695.26 8006.33 27.90
972.9 28693.61 8040.11 28.02
973.9 28614.79 8036.28 28.08
974.9 28750.44 8047.43 27.99
975.8 28737.28 8071.98 28.09
976.8 28812.60 8093.33 28.09
977.8 28910.68 8142.78 28.17
978.8 28891.43 8185.62 28.33
979.7 29060.98 8199.41 28.21
980.7 29068.22 8279.07 28.48
981.7 29151.66 8365.07 28.70
982.6 29382.12 8420.95 28.66
983.6 29559.02 8554.16 28.94
984.6 29796.30 8573.61 28.77
985.5 30288.78 8787.53 29.01
986.5 30946.12 9074.37 29.32
987.5 31437.67 9238.82 29.39
988.4 32010.00 9496.30 29.67
989.4 32832.26 9712.36 29.58
990.4 33281.16 10071.93 30.26
991.3 34510.56 10293.52 29.83
992.3 35018.22 10485.90 29.94
993.2 36576.39 10950.48 29.94
994.2 37445.85 11334.96 30.27
995.2 37489.52 11414.72 30.45
996.1 38662.51 12225.30 31.62
997.1 37620.08 12116.60 32.21
998.0 38199.90 11991.00 31.39
999.0 39204.58 12140.77 30.97
1000.0 38626.55 11775.47 30.49
1000.9 38955.51 12198.19 31.31
1001.9 38719.04 11919.79 30.79
1002.8 38887.25 11791.62 30.32
1003.8 38186.09 11870.42 31.09
1004.8 38334.24 12230.45 31.90
961.5 33838.35 8991.33 26.57
965.5 33094.85 9126.67 27.58
969.5 31771.39 9215.64 29.01
973.4 30427.65 9150.83 30.07
977.4 29414.87 8978.03 30.52
981.4 28964.33 8915.05 30.78
985.3 28767.73 8981.72 31.22
989.3 28818.17 9080.78 31.51
993.3 28888.86 9158.89 31.70
997.2 28863.32 9247.69 32.04
1001.2 28841.54 9370.40 32.49
1005.2 28795.68 9534.73 33.11
1009.1 28837.95 9742.89 33.78
1013.1 28921.32 10004.99 34.59
1017.1 28985.93 10295.96 35.52
1021.0 28993.80 10546.77 36.38
1025.0 28990.73 10800.04 37.25
1029.0 28861.95 11035.77 38.24
1032.9 28755.35 11262.29 39.17
1036.9 28745.39 11527.47 40.10
1040.9 28810.71 11816.63 41.01
1044.8 28945.22 12105.46 41.82
1048.8 29054.48 12368.42 42.57
1052.7 29126.10 12578.38 43.19
1056.7 29158.56 12746.50 43.71
1060.7 29168.81 12888.44 44.19
1064.6 29178.69 12973.95 44.46
1068.6 29140.05 13002.21 44.62
1072.5 29102.52 12986.20 44.62
1076.5 29077.39 12946.26 44.52
1080.4 29079.37 12852.55 44.20
1084.4 29141.87 12759.16 43.78
1088.3 29213.41 12658.86 43.33
1092.3 29216.83 12446.84 42.60
1096.2 29218.54 12216.70 41.81
1100.2 29244.45 12034.53 41.15
1104.1 29194.31 11790.72 40.39
1108.1 29171.11 11547.99 39.59
1112.0 29108.34 11294.10 38.80
1116.0 28976.22 10975.12 37.88
1119.9 28878.30 10627.87 36.80
1123.9 28925.90 10266.65 35.49
1127.8 28911.36 9753.60 33.74
1131.8 28910.28 9128.76 31.58
1135.7 28944.53 8459.72 29.23
1139.6 28951.87 7779.13 26.87
1143.6 28945.78 7185.58 24.82
1147.5 28934.33 6707.13 23.18
1151.4 28856.74 6330.97 21.94
1155.4 28883.43 6101.20 21.12
1159.3 28917.11 5973.95 20.66
1163.2 28842.20 5859.52 20.32
1167.2 28843.92 5780.82 20.04
1171.1 28854.38 5725.30 19.84
1175.0 28823.52 5674.25 19.69
1179.0 28819.71 5626.49 19.52
1182.9 28886.67 5592.09 19.36
1186.8 28897.62 5562.06 19.25
1190.7 28777.43 5496.50 19.10
1194.7 28622.66 5431.07 18.97
1198.6 28496.16 5401.94 18.96
1202.5 28412.60 5388.24 18.96
1206.4 28346.31 5373.59 18.96
1210.3 28299.13 5377.31 19.00
1214.2 28254.15 5388.80 19.07
1218.2 28172.04 5403.27 19.18
1222.1 28099.50 5426.68 19.31
1226.0 28050.07 5439.04 19.39
1229.9 28006.26 5444.16 19.44
1233.8 27953.57 5457.33 19.52
1237.7 27915.96 5477.65 19.62
1241.6 27867.86 5488.20 19.69
1245.5 27790.18 5501.24 19.80
1249.4 27718.73 5507.81 19.87
1253.3 27647.33 5504.53 19.91
1257.2 27611.23 5497.52 19.91
1261.1 27553.28 5485.00 19.91
1265.0 27478.05 5472.43 19.92
1268.9 27373.13 5433.89 19.85
1272.8 27419.85 5415.00 19.75
1276.7 27540.74 5401.71 19.61
1280.6 27586.84 5362.85 19.44
1284.5 27538.08 5303.34 19.26
1288.4 27536.24 5235.72 19.01
1292.3 27469.75 5145.25 18.73
1296.2 27381.55 5048.04 18.44
1300.1 27275.43 4927.52 18.07
1303.9 27130.40 4797.05 17.68
1307.8 26987.06 4651.14 17.23
1311.7 26819.44 4505.75 16.80
1315.6 26660.98 4365.60 16.37
1319.5 26503.63 4209.43 15.88
1323.3 26351.26 4060.63 15.41
1327.2 26219.01 3916.86 14.94
1331.1 26064.85 3780.85 14.51
1335.0 25866.59 3642.25 14.08
1338.8 25715.77 3524.25 13.70
1342.7 25570.88 3417.76 13.37
1346.5 25286.97 3289.24 13.01
1350.4 25015.65 3186.19 12.74
1354.3 24664.72 3077.46 12.48
1358.1 24318.54 2975.71 12.24
1362.0 24139.75 2889.43 11.97
1365.8 24110.31 2814.47 11.67
1369.7 24218.12 2747.14 11.34
1373.5 24191.50 2652.30 10.96
1377.4 24007.67 2513.53 10.47
1381.2 23862.14 2354.94 9.87
1385.1 23860.44 2216.22 9.29
1389.0 23833.15 2074.89 8.71
1392.8 23724.19 1932.39 8.15
1396.6 23635.39 1803.25 7.63
1400.5 23509.04 1690.92 7.19
1404.3 23423.43 1604.92 6.85
1408.2 23429.03 1536.57 6.56
1412.0 23432.78 1483.42 6.33
1415.8 23478.53 1444.14 6.15
1419.6 23473.54 1413.10 6.02
1423.5 23472.29 1391.81 5.93
1427.3 23464.17 1367.73 5.83
1431.1 23463.90 1341.53 5.72
1434.9 23410.31 1328.79 5.68
1438.8 23381.50 1321.87 5.65
1442.6 23368.50 1317.87 5.64
1446.4 23298.94 1311.55 5.63
1450.2 23253.46 1296.07 5.57
1454.0 23196.72 1283.64 5.53
1457.8 23184.60 1286.52 5.55
1461.6 23175.31 1286.51 5.55
1465.4 23102.44 1284.23 5.56
1469.2 22995.70 1285.38 5.59
1473.0 22902.07 1295.61 5.66
1476.8 22862.01 1309.85 5.73
1480.7 22828.74 1324.10 5.80
1484.4 22756.68 1338.36 5.88
1488.2 22692.84 1354.32 5.97
1492.0 22617.20 1380.32 6.10
1495.8 22545.25 1399.13 6.21
1499.6 22480.06 1408.42 6.27
1503.4 22406.38 1425.42 6.36
1507.2 22328.93 1436.54 6.43
1510.9 22239.76 1431.57 6.44
1514.7 22144.07 1420.00 6.41
1518.5 22071.01 1420.67 6.44
1522.3 21986.69 1437.98 6.54
1526.0 21919.49 1459.55 6.66
1529.8 21883.09 1470.31 6.72
1533.6 21813.53 1479.41 6.78
1537.3 21731.45 1479.02 6.81
1541.1 21658.24 1468.23 6.78
1544.8 21578.40 1480.80 6.86
1548.6 21491.76 1507.31 7.01
1552.4 21431.54 1542.05 7.20
1556.1 21379.11 1556.86 7.28
1559.9 21320.96 1565.68 7.34
1563.6 21254.93 1576.74 7.42
1567.3 21192.13 1586.96 7.49
1571.1 21057.38 1599.96 7.60
1574.8 20962.63 1616.00 7.71
1578.6 20902.16 1623.84 7.77
1582.3 20817.75 1624.52 7.80
1586.0 20737.38 1629.28 7.86
1589.8 20653.10 1631.27 7.90
1593.5 20558.72 1635.76 7.96
1597.2 20478.13 1635.08 7.98
1600.9 20399.07 1631.64 8.00
1604.7 20305.35 1631.64 8.04
1608.4 20232.05 1633.67 8.07
1612.1 20144.35 1631.64 8.10
1615.8 20051.60 1631.27 8.14
1619.5 19998.18 1643.62 8.22
1623.2 19908.26 1648.76 8.28
1626.9 19799.85 1644.54 8.31
1630.6 19701.22 1635.92 8.30
1634.3 19622.07 1639.40 8.35
1638.0 19531.51 1641.89 8.41
1641.7 19427.38 1626.15 8.37
1645.4 19317.19 1620.74 8.39
1649.1 19207.53 1619.08 8.43
1652.8 19109.76 1612.61 8.44
1656.4 19006.05 1598.40 8.41
1660.1 18907.81 1594.35 8.43
1663.8 18787.27 1586.60 8.45
1667.5 18697.14 1579.18 8.45
1671.1 18615.58 1567.46 8.42
1674.8 18500.69 1553.78 8.40
1678.5 18469.31 1547.09 8.38
1682.1 18477.51 1535.70 8.31
1685.8 18485.17 1531.80 8.29
1689.5 18424.31 1524.14 8.27
1693.1 18339.06 1507.32 8.22
1696.8 18254.25 1491.50 8.17
1700.4 18165.13 1481.60 8.16
1704.0 18097.87 1459.12 8.06
1707.7 17945.82 1435.19 8.00
1711.3 17761.38 1410.13 7.94
1715.0 17638.41 1386.78 7.86
1718.6 17538.72 1365.72 7.79
1722.2 17453.18 1346.07 7.71
1725.9 17368.77 1329.56 7.65
1729.5 17275.14 1307.78 7.57
1733.1 17198.43 1295.46 7.53
1736.7 17126.46 1290.66 7.54
1740.3 17016.48 1274.14 7.49
1744.0 16958.89 1265.09 7.46
1747.5 16870.90 1255.28 7.44
1751.2 16742.11 1230.34 7.35
1754.8 16644.92 1209.20 7.26
1758.4 16561.65 1199.15 7.24
1762.0 16445.88 1182.56 7.19
1765.5 16362.26 1170.61 7.15
1769.1 16329.60 1164.00 7.13
1772.7 16281.23 1157.24 7.11
1776.3 16201.84 1147.36 7.08
1779.9 16124.35 1135.28 7.04
1783.5 16095.20 1120.96 6.96
1787.0 16013.59 1112.06 6.94
1790.6 15904.67 1109.86 6.98
1794.2 15824.83 1094.69 6.92
1797.8 15755.24 1087.98 6.91
1801.3 15679.84 1085.13 6.92
1804.9 15574.13 1076.25 6.91
1808.4 15506.89 1070.27 6.90
1812.0 15391.34 1064.28 6.91
1815.5 15267.76 1059.18 6.94
1819.1 15122.28 1043.01 6.90
1822.6 15015.86 1027.42 6.84
1826.2 14926.62 1024.66 6.86
1829.7 14790.85 1008.67 6.82
1833.2 14623.12 1006.36 6.88
1836.8 14488.57 1006.46 6.95
1840.3 14424.44 985.50 6.83
1843.8 14402.57 974.12 6.76
1847.3 14415.24 968.35 6.72
1850.8 14418.43 951.55 6.60
1854.3 14381.76 945.15 6.57
1857.8 14346.80 946.40 6.60
1861.3 14302.39 909.13 6.36
1864.8 14164.50 890.30 6.29
1868.3 13926.12 866.71 6.22
1871.8 13800.96 798.72 5.79
1875.3 13814.71 750.30 5.43
1878.8 13843.86 734.73 5.31
1882.3 13793.91 697.14 5.05
1885.8 13700.89 642.48 4.69
1889.3 13587.49 608.89 4.48
1892.7 13475.79 593.22 4.40
1896.2 13390.04 578.82 4.32
1899.7 13313.92 557.02 4.18
1903.1 13362.89 595.06 4.45
1906.6 13511.57 609.79 4.51
1910.0 13738.83 583.74 4.25
1913.5 14059.71 584.66 4.16
1917.0 14363.83 812.35 5.66
1920.4 14607.10 924.50 6.33
1923.8 14629.41 704.38 4.81
1871.2 12385.29 698.25 5.64
1873.9 12531.64 719.47 5.74
1876.7 12690.94 708.94 5.59
1879.5 12730.92 643.17 5.05
1882.3 12648.38 604.45 4.78
1885.1 12559.34 586.16 4.67
1887.8 12609.15 544.28 4.32
1890.6 12498.06 530.17 4.24
1893.4 12371.33 542.67 4.39
1896.2 12274.85 522.63 4.26
1898.9 12268.57 526.71 4.29
1901.7 12132.88 482.02 3.97
1904.5 12172.29 460.23 3.78
1907.2 12188.50 498.75 4.09
1910.0 12070.75 479.89 3.98
1912.7 12062.04 464.39 3.85
1915.5 12069.01 493.00 4.08
1918.2 12048.25 490.23 4.07
1921.0 12003.22 477.93 3.98
1923.7 12049.36 486.91 4.04
1926.5 12039.90 468.96 3.90
1929.2 12053.86 455.35 3.78
1932.0 12049.08 467.68 3.88
1934.7 12022.03 472.13 3.93
1937.4 11987.94 434.23 3.62
1940.2 11998.29 442.56 3.69
1942.9 12067.34 459.80 3.81
1945.6 12073.96 434.88 3.60
1948.3 12015.28 430.19 3.58
1951.1 11982.81 451.50 3.77
1953.8 11979.00 450.00 3.76
1956.5 11920.10 455.24 3.82
1959.2 11974.95 463.45 3.87
1961.9 11982.58 461.90 3.85
1964.6 11941.65 455.18 3.81
1967.3 11964.57 462.80 3.87
1970.0 11845.92 473.60 4.00
1972.8 11804.91 464.78 3.94
1975.5 11858.85 465.34 3.92
1978.2 11820.16 443.84 3.75
1980.9 11750.37 466.40 3.97
1983.5 11708.95 491.51 4.20
1986.2 11683.65 474.33 4.06
1988.9 11672.01 494.70 4.24
1991.6 11606.94 504.02 4.34
1994.3 11504.23 491.02 4.27
1997.0 11521.80 472.87 4.10
1999.7 11518.26 468.08 4.06
2002.3 11495.16 491.91 4.28
2005.0 11449.13 506.29 4.42
2007.7 11409.33 518.87 4.55
2010.4 11368.61 505.34 4.45
2013.0 11328.79 486.50 4.29
2015.7 11264.37 497.29 4.41
2018.4 11199.16 499.25 4.46
2021.0 11186.00 493.00 4.41
2023.7 11105.97 489.01 4.40
2026.4 11058.23 501.37 4.53
2029.0 11032.98 497.67 4.51
2031.7 10956.83 501.37 4.58
2034.3 10945.57 484.47 4.43
2037.0 10874.35 467.29 4.30
2039.6 10828.52 500.77 4.62
2042.3 10814.89 491.46 4.54
2044.9 10788.03 485.27 4.50
2047.5 10765.59 502.10 4.66
2050.2 10679.20 478.80 4.48
2052.8 10645.60 498.40 4.68
2055.4 10590.30 509.90 4.81
2058.1 10508.40 492.80 4.69
2060.7 10484.05 511.49 4.88
2063.3 10441.64 509.96 4.88
2065.9 10396.17 496.92 4.78
2068.6 10351.50 496.92 4.80
2071.2 10314.63 496.62 4.81
2073.8 10261.49 486.91 4.75
2076.4 10247.14 502.39 4.90
2079.0 10242.45 488.94 4.77
2081.6 10218.03 464.20 4.54
2084.2 10205.97 490.97 4.81
2086.8 10142.40 520.41 5.13
2089.4 10087.19 513.44 5.09
2092.1 10030.00 518.50 5.17
2094.7 9986.38 505.68 5.06
2097.2 9987.50 484.50 4.85
2099.8 9986.11 498.17 4.99
2102.4 9903.33 471.99 4.77
2105.0 9818.25 493.05 5.02
2107.6 9795.42 512.70 5.23
2110.2 9781.02 491.61 5.03
2112.8 9763.97 498.22 5.10
2115.3 9765.59 490.73 5.03
2117.9 9758.31 490.38 5.03
2120.5 9733.19 501.38 5.15
2123.1 9693.45 511.88 5.28
2125.6 9686.93 512.46 5.29
2128.2 9617.03 477.05 4.96
2130.8 9538.43 468.00 4.91
2133.3 9545.07 501.60 5.26
2135.9 9475.11 505.97 5.34
2138.4 9382.19 506.83 5.40
2141.0 9332.15 499.52 5.35
2143.6 9316.84 454.41 4.88
2146.1 9211.68 458.38 4.98
2148.7 9112.48 499.23 5.48
2151.2 9119.73 492.80 5.40
2153.8 9124.33 497.42 5.45
2156.3 9057.87 484.35 5.35
2158.8 9013.57 463.67 5.14
2161.4 8992.42 489.42 5.44
2163.9 8930.50 483.53 5.41
2166.4 8893.65 473.07 5.32
2169.0 8887.74 481.94 5.42
2171.5 8828.61 476.02 5.39
2174.0 8770.30 473.03 5.39
2176.5 8757.71 484.38 5.53
2179.1 8715.76 469.82 5.39
2181.6 8644.42 450.17 5.21
2184.1 8642.48 462.00 5.35
2186.6 8668.08 473.89 5.47
2189.1 8609.22 449.40 5.22
2191.6 8558.67 441.00 5.15
2194.1 8549.97 481.64 5.63
2196.6 8552.81 472.14 5.52
2199.2 8633.63 460.46 5.33
2201.7 8603.16 458.45 5.33
2204.1 8543.12 469.12 5.49
2206.6 8560.35 484.90 5.66
2209.1 8520.04 473.13 5.55
2211.6 8507.90 460.61 5.41
2214.1 8489.12 463.80 5.46
2216.6 8470.28 444.41 5.25
2219.1 8474.08 433.01 5.11
2221.6 8458.41 460.61 5.45
2224.0 8412.48 468.63 5.57
2226.5 8390.03 445.19 5.31
2229.0 8420.35 464.41 5.52
2231.5 8334.08 478.75 5.74
2233.9 8304.70 461.80 5.56
2236.4 8314.44 459.34 5.52
2238.9 8288.63 434.00 5.24
2241.3 8298.03 411.99 4.96
2243.8 8251.39 423.65 5.13
2246.2 8172.01 438.06 5.36
2248.7 8176.13 404.95 4.95
2251.2 8155.55 415.08 5.09
2253.6 8106.24 426.24 5.26
2256.1 8071.68 418.56 5.19
2258.5 8090.55 422.58 5.22
2260.9 8045.83 402.68 5.00
2263.4 8018.28 391.51 4.88
2265.8 8020.30 407.75 5.08
2268.3 8000.69 377.14 4.71
2270.7 8033.63 376.16 4.68
2273.1 7984.47 425.69 5.33
2275.6 7948.80 414.72 5.22
2278.0 7928.80 384.33 4.85
2280.4 7919.87 380.99 4.81
2282.8 7840.13 367.81 4.69
2285.3 7866.10 361.62 4.60
2287.7 7911.53 406.12 5.13
2290.1 7831.55 387.43 4.95
2292.5 7837.46 357.15 4.56
2294.9 7812.45 351.70 4.50
2297.3 7779.49 332.22 4.27
2299.7 7758.48 351.40 4.53
2302.1 7727.03 361.41 4.68
2304.5 7624.40 376.32 4.94
2306.9 7573.44 344.96 4.55
2309.3 7534.96 340.90 4.52
2311.7 7453.58 329.70 4.42
2314.1 7360.75 303.25 4.12
2316.5 7332.34 378.24 5.16
2318.9 7363.03 366.58 4.98
2321.3 7325.12 324.86 4.43
2323.7 7327.77 363.39 4.96
2326.1 7338.63 350.61 4.78
2328.4 7335.21 325.47 4.44
2330.8 7382.45 339.47 4.60
2333.2 7318.28 321.23 4.39
2335.6 7257.11 323.83 4.46
2337.9 7324.20 338.04 4.62
2340.3 7296.70 327.47 4.49
2342.7 7219.22 342.77 4.75
2345.0 7206.59 352.47 4.89
2347.4 7203.75 318.75 4.42
2349.7 7065.34 277.66 3.93
2352.1 7037.16 317.34 4.51
2354.4 7083.65 335.27 4.73
2356.8 7010.27 271.95 3.88
2359.2 6976.67 277.33 3.98
2361.5 6990.06 318.52 4.56
2363.8 6978.36 311.81 4.47
2366.2 6973.07 273.63 3.92
2368.5 6937.55 311.50 4.49
2370.9 6924.72 322.08 4.65
2373.2 6906.88 278.79 4.04
2375.5 6832.75 285.08 4.17
2377.9 6796.48 291.73 4.29
2380.2 6799.19 311.55 4.58
2382.5 6754.65 303.27 4.49
2384.8 6760.48 269.12 3.98
2387.2 6723.07 285.99 4.25
2389.5 6685.88 292.74 4.38
2391.8 6716.46 285.20 4.25
2394.1 6664.89 278.30 4.18
2396.4 6594.65 295.14 4.48
2398.7 6630.34 316.66 4.78
2401.0 6596.63 267.03 4.05
2403.3 6498.90 253.98 3.91
2405.6 6497.83 254.92 3.92
2407.9 6497.97 255.51 3.93
2410.2 6457.17 265.71 4.11
2412.5 6433.39 289.66 4.50
2414.8 6393.08 323.51 5.06
2417.1 6359.17 278.73 4.38
2419.4 6377.04 260.50 4.08
2421.7 6302.74 273.35 4.34
2424.0 6303.02 248.32 3.94
2426.2 6334.40 246.10 3.89
2428.5 6246.63 281.23 4.50
2430.8 6245.70 267.05 4.28
2433.1 6217.59 226.80 3.65
2435.4 6160.10 195.83 3.18
2437.6 6126.53 234.99 3.84
2439.9 6036.13 275.14 4.56
2442.2 6046.70 284.42 4.70
2444.4 6082.19 269.94 4.44
2446.7 6038.56 256.96 4.26
2448.9 6046.02 248.71 4.11
2451.2 6013.64 208.60 3.47
2453.4 5924.21 198.88 3.36
2455.7 5972.20 225.02 3.77
2457.9 5927.96 189.26 3.19
2460.2 5856.75 191.12 3.26
2462.4 5871.84 224.64 3.83
2464.7 5797.36 246.03 4.24
2466.9 5733.06 250.38 4.37
2469.2 5729.79 285.19 4.98
2471.4 5731.25 249.47 4.35
2473.6 5730.92 200.85 3.50
2475.9 5676.05 196.43 3.46
2478.1 5574.64 191.29 3.43
2480.3 5492.76 174.04 3.17
2482.5 5518.51 185.86 3.37
2484.8 5526.79 218.45 3.95
2487.0 5503.15 177.76 3.23
2489.2 5502.98 196.00 3.56
2491.4 5371.82 199.81 3.72
2493.6 5384.94 156.77 2.91
2495.8 5431.98 166.29 3.06
2498.0 5326.08 178.35 3.35
2500.2 5341.45 117.95 2.21
2502.4 5514.48 177.60 3.22
2504.6 5587.05 206.58 3.70
2506.8 5659.91 97.42 1.72
