/*** Spectra Vista SIG Data ***/
name= \My Documents\HR1024_Data\RD6B2.
instrument= HR: 1091052
integration= 400, 60, 30, 1000, 60, 30
scan time= 1, 1
scan settings= AD, AI, AD, AI
external data set1= 8224, 8224, 8224, 8224, 8224, 8224, 8224, 8224, 8224, 8224, 8224, 8224, 8224, 8224, 8224, 8224
external data set2= 8224, 8224, 8224, 8224, 8224, 8224, 8224, 8224, 8224, 8224, 8224, 8224, 8224, 8224, 8224, 8224
external data dark= 0,0,0,0,0,0,0,0
external data mask= 0
optic= LENS4 , LENS4 
temp= 32.98, 8.94, -5.37, 40.72, 8.94, -5.30
battery= 7.1, 6.8
error= 0, 0
units= Radiance, Radiance
time= 4/7/08 10:35:00 AM, 4/7/08 11:00:09 AM
longitude= , 
latitude= , 
gpstime= , 
comm= 
memory slot= 0, 0
factors= 
data= 
346.4 350.35 53.51 15.27
347.9 381.21 53.34 13.99
349.5 410.28 50.54 12.32
351.1 433.68 56.16 12.95
352.6 475.96 58.19 12.23
354.2 499.06 57.60 11.54
355.7 540.48 65.33 12.09
357.3 582.54 67.96 11.67
358.8 588.91 65.71 11.16
360.4 636.67 66.83 10.50
361.9 668.64 61.29 9.17
363.5 692.50 64.40 9.30
365.1 712.57 65.19 9.15
366.6 747.47 70.43 9.42
368.2 792.37 70.51 8.90
369.7 840.74 74.44 8.85
371.3 898.85 74.41 8.28
372.8 941.22 76.36 8.11
374.4 986.23 80.10 8.12
375.9 1017.83 79.44 7.80
377.4 1052.18 77.41 7.36
379.0 1086.82 75.11 6.91
380.5 1123.29 79.40 7.07
382.1 1153.93 79.79 6.91
383.6 1194.95 78.25 6.55
385.2 1251.25 81.95 6.55
386.7 1299.60 77.43 5.96
388.3 1372.34 84.79 6.18
389.8 1424.66 85.10 5.97
391.3 1483.01 88.01 5.93
392.9 1530.61 87.63 5.72
394.4 1562.39 86.65 5.55
395.9 1621.81 92.94 5.73
397.5 1711.90 102.71 6.00
399.0 1784.48 100.73 5.65
400.6 1838.09 100.18 5.45
402.1 1856.31 94.94 5.11
403.6 1888.03 97.82 5.18
405.1 1944.54 96.88 4.98
406.7 2010.40 97.66 4.86
408.2 2079.37 97.12 4.67
409.7 2148.16 100.35 4.67
411.3 2213.53 101.90 4.60
412.8 2271.65 106.18 4.67
414.3 2341.03 106.22 4.54
415.8 2417.50 112.00 4.63
417.4 2490.79 116.38 4.67
418.9 2548.98 115.87 4.55
420.4 2593.45 115.65 4.46
421.9 2640.22 121.97 4.62
423.5 2679.41 118.62 4.43
425.0 2722.85 120.02 4.41
426.5 2778.88 121.26 4.36
428.0 2849.90 121.10 4.25
429.5 2939.79 120.87 4.11
431.1 3042.79 127.71 4.20
432.6 3149.06 129.96 4.13
434.1 3259.99 133.60 4.10
435.6 3346.58 135.84 4.06
437.1 3441.75 139.62 4.06
438.6 3531.11 144.62 4.10
440.1 3611.12 144.72 4.01
441.6 3703.62 146.58 3.96
443.1 3787.76 151.88 4.01
444.7 3873.68 150.02 3.87
446.2 3941.61 154.51 3.92
447.7 4009.71 159.66 3.98
449.2 4084.56 162.00 3.97
450.7 4145.44 163.49 3.94
452.2 4210.01 163.10 3.87
453.7 4291.20 167.25 3.90
455.2 4393.26 170.88 3.89
456.7 4515.28 172.83 3.83
458.2 4654.47 173.70 3.73
459.7 4795.00 179.90 3.75
461.2 4934.06 185.33 3.76
462.7 5054.96 189.38 3.75
464.2 5177.07 193.61 3.74
465.7 5301.12 200.14 3.78
467.2 5404.44 205.98 3.81
468.7 5508.00 208.00 3.78
470.2 5586.81 214.39 3.84
471.7 5702.38 217.08 3.81
473.2 5885.72 229.12 3.89
474.6 6027.25 231.44 3.84
476.1 6074.86 234.47 3.86
477.6 6093.70 234.51 3.85
479.1 6122.60 231.20 3.78
480.6 6163.05 233.13 3.78
482.1 6243.66 233.71 3.74
483.6 6332.42 235.98 3.73
485.1 6458.38 242.57 3.76
486.6 6604.00 244.82 3.71
488.0 6753.50 251.55 3.72
489.5 6913.82 256.79 3.71
491.0 7075.65 262.52 3.71
492.5 7238.97 266.98 3.69
494.0 7404.10 270.43 3.65
495.4 7549.58 277.86 3.68
496.9 7695.36 286.91 3.73
498.4 7836.28 290.77 3.71
499.9 7979.51 295.75 3.71
501.4 8103.78 301.54 3.72
502.8 8223.51 309.48 3.76
504.3 8333.10 313.56 3.76
505.8 8444.88 321.27 3.80
507.2 8514.20 322.94 3.79
508.7 8565.01 331.22 3.87
510.2 8590.79 333.96 3.89
511.6 8618.22 336.66 3.91
513.1 8670.26 338.84 3.91
514.6 8732.77 342.78 3.93
516.0 8783.27 347.59 3.96
517.5 8880.96 352.92 3.97
519.0 8994.65 360.06 4.00
520.5 9112.66 364.74 4.00
521.9 9263.01 372.49 4.02
523.4 9434.43 381.21 4.04
524.8 9608.27 390.86 4.07
526.3 9802.81 399.73 4.08
527.8 10000.35 408.96 4.09
529.2 10181.33 418.61 4.11
530.7 10383.39 430.01 4.14
532.1 10567.68 440.23 4.17
533.6 10773.42 451.55 4.19
535.0 10980.59 461.19 4.20
536.5 11186.70 473.53 4.23
538.0 11401.56 485.76 4.26
539.4 11601.83 497.78 4.29
540.9 11838.18 513.36 4.34
542.3 12056.36 529.10 4.39
543.8 12205.88 542.71 4.45
545.2 12241.58 550.81 4.50
546.6 12248.30 552.04 4.51
548.1 12260.70 555.59 4.53
549.5 12261.13 562.50 4.59
551.0 12260.01 569.40 4.64
552.4 12274.54 574.09 4.68
553.9 12279.40 582.11 4.74
555.3 12300.80 588.63 4.79
556.8 12360.66 593.23 4.80
558.2 12414.09 603.45 4.86
559.6 12499.51 618.04 4.94
561.1 12612.44 627.25 4.97
562.5 12742.28 636.83 5.00
564.0 12915.37 655.56 5.08
565.4 13070.62 671.46 5.14
566.8 13269.64 691.11 5.21
568.3 13461.39 705.74 5.24
569.7 13659.35 726.37 5.32
571.1 13859.91 746.99 5.39
572.6 14064.03 766.26 5.45
574.0 14250.23 789.69 5.54
575.4 14437.41 811.01 5.62
576.9 14612.77 832.29 5.70
578.3 14771.90 850.85 5.76
579.7 14927.19 870.37 5.83
581.1 15049.34 892.04 5.93
582.6 15179.87 910.53 6.00
584.0 15306.40 929.83 6.07
585.4 15471.50 959.73 6.20
586.8 15703.41 991.14 6.31
588.3 15959.97 1024.92 6.42
589.7 16164.72 1052.53 6.51
591.1 16308.26 1080.37 6.62
592.5 16380.50 1101.39 6.72
594.0 16416.90 1117.99 6.81
595.4 16426.30 1131.86 6.89
596.8 16438.21 1148.00 6.98
598.2 16446.40 1161.77 7.06
599.6 16446.15 1179.90 7.17
601.0 16488.64 1197.85 7.26
602.4 16524.83 1219.37 7.38
603.9 16595.00 1243.31 7.49
605.3 16677.56 1267.56 7.60
606.7 16748.10 1289.52 7.70
608.1 16880.08 1314.73 7.79
609.5 17023.96 1343.63 7.89
610.9 17200.20 1378.30 8.01
612.3 17363.60 1414.32 8.15
613.7 17583.26 1456.32 8.28
615.1 17730.09 1491.70 8.41
616.5 17885.32 1531.17 8.56
617.9 18120.27 1580.71 8.72
619.3 18343.55 1630.04 8.89
620.7 18613.68 1688.64 9.07
622.1 18877.69 1757.60 9.31
623.5 19168.37 1839.38 9.60
624.9 19495.88 1926.07 9.88
626.3 19705.80 1994.58 10.12
627.7 19502.63 2005.48 10.28
629.1 19316.59 2010.16 10.41
630.5 19234.56 2015.02 10.48
631.9 19243.16 2022.35 10.51
633.3 19227.78 2039.64 10.61
634.7 19307.14 2079.94 10.77
636.1 19335.07 2122.51 10.98
637.5 19378.14 2170.92 11.20
638.9 19457.31 2211.43 11.37
640.2 19514.53 2240.58 11.48
641.6 19531.98 2271.67 11.63
643.0 19504.65 2295.05 11.77
644.4 19507.28 2305.91 11.82
645.8 19449.04 2279.57 11.72
647.2 19526.59 2249.68 11.52
648.5 19579.91 2231.60 11.40
649.9 19492.88 2237.90 11.48
651.3 19428.45 2255.22 11.61
652.7 19344.30 2272.56 11.75
654.1 19217.52 2273.53 11.83
655.5 19076.42 2258.40 11.84
656.8 18936.77 2242.59 11.84
658.2 19052.33 2257.71 11.85
659.6 19274.42 2280.26 11.83
660.9 19463.87 2296.54 11.80
662.3 19650.11 2317.77 11.80
663.7 19826.10 2342.76 11.82
665.0 19986.79 2361.97 11.82
666.4 20146.14 2387.14 11.85
667.8 20346.56 2423.26 11.91
669.1 20529.76 2463.00 12.00
670.5 20738.52 2512.68 12.12
671.9 20872.26 2569.99 12.31
673.2 21059.41 2638.05 12.53
674.6 21230.21 2720.41 12.81
676.0 21420.32 2823.99 13.18
677.3 21614.12 2933.84 13.57
678.7 21817.38 3051.08 13.98
680.0 22089.50 3195.11 14.46
681.4 22373.47 3349.76 14.97
682.8 22657.86 3510.33 15.49
684.1 22942.53 3678.48 16.03
685.5 23200.94 3841.60 16.56
686.8 23448.72 4008.32 17.09
688.2 23672.40 4162.16 17.58
689.5 23749.65 4289.17 18.06
690.9 23825.77 4410.22 18.51
692.2 23869.28 4528.29 18.97
693.6 23926.69 4632.14 19.36
694.9 23920.11 4719.58 19.73
696.2 23942.14 4812.23 20.10
697.6 23961.85 4898.96 20.44
698.9 23992.32 4991.18 20.80
700.3 24038.01 5078.34 21.13
701.6 24084.68 5169.34 21.46
703.0 24137.54 5252.41 21.76
704.3 24141.49 5326.10 22.06
705.6 24144.66 5401.44 22.37
707.0 24151.61 5473.84 22.66
708.3 24094.31 5539.78 22.99
709.6 24038.25 5604.82 23.32
711.0 23936.43 5649.95 23.60
712.3 23827.16 5698.60 23.92
713.6 23789.01 5747.70 24.16
714.9 23716.29 5798.80 24.45
716.3 23686.39 5865.66 24.76
717.6 23672.15 5927.29 25.04
718.9 23614.96 5978.87 25.32
720.2 23494.56 6013.38 25.59
721.6 23399.74 6060.13 25.90
722.9 23270.63 6090.85 26.17
724.2 23091.17 6115.09 26.48
725.5 22957.02 6136.81 26.73
726.8 22832.78 6153.32 26.95
728.1 22750.67 6187.51 27.20
729.5 22685.44 6231.20 27.47
730.8 22628.18 6269.97 27.71
732.1 22547.20 6301.83 27.95
733.4 22493.78 6330.11 28.14
734.7 22430.29 6367.50 28.39
736.0 22412.65 6418.39 28.64
737.3 22354.35 6458.16 28.89
738.6 22392.88 6529.99 29.16
739.9 22486.41 6610.63 29.40
741.2 22557.99 6679.76 29.61
742.5 22690.46 6773.49 29.85
743.8 22954.18 6906.90 30.09
745.1 23356.68 7086.73 30.34
746.4 23838.13 7299.38 30.62
747.7 24340.83 7531.73 30.94
749.0 24845.90 7763.19 31.25
750.3 25109.11 7922.64 31.55
751.6 25056.94 7978.97 31.84
752.9 24812.33 7966.46 32.11
754.2 24511.78 7935.69 32.38
755.4 24190.11 7881.34 32.58
756.7 24095.29 7907.33 32.82
758.0 24119.44 7971.65 33.05
759.3 24282.67 8086.59 33.30
760.6 24509.10 8216.21 33.52
761.9 24709.31 8344.30 33.77
763.1 24854.26 8443.16 33.97
764.4 25021.13 8563.49 34.23
765.7 25148.50 8667.10 34.46
767.0 25255.87 8767.48 34.71
768.2 25351.20 8860.32 34.95
769.5 25424.49 8939.50 35.16
770.8 25570.26 9045.45 35.37
772.0 25587.81 9124.83 35.66
773.3 25669.17 9222.21 35.93
774.6 25760.75 9311.99 36.15
775.8 25826.13 9393.83 36.37
777.1 25851.30 9454.54 36.57
778.4 25836.83 9521.01 36.85
779.6 25861.37 9584.48 37.06
780.9 25820.00 9640.00 37.34
782.1 25728.02 9660.78 37.55
783.4 25750.40 9716.10 37.73
784.6 25767.74 9779.80 37.95
785.9 25975.04 9913.69 38.17
787.1 26352.59 10125.83 38.42
788.4 26662.70 10331.98 38.75
789.6 26677.46 10408.59 39.02
790.9 26422.83 10361.70 39.21
792.1 26144.60 10305.58 39.42
793.4 25865.12 10267.45 39.70
794.6 25676.57 10250.84 39.92
795.8 25513.36 10247.06 40.16
797.1 25350.08 10228.79 40.35
798.3 25228.50 10232.97 40.56
799.5 25169.97 10273.31 40.82
800.8 25099.23 10295.38 41.02
802.0 25011.42 10319.16 41.26
803.2 24918.76 10330.91 41.46
804.5 24860.18 10346.58 41.62
805.7 24781.04 10369.19 41.84
806.9 24699.71 10386.69 42.05
808.1 24647.73 10410.85 42.24
809.4 24609.13 10445.33 42.44
810.6 24558.63 10454.99 42.57
811.8 24538.32 10503.95 42.81
813.0 24560.28 10552.10 42.96
814.2 24583.06 10612.47 43.17
815.4 24644.79 10678.47 43.33
816.6 24675.27 10728.54 43.48
817.9 24704.84 10773.05 43.61
819.1 24672.89 10803.35 43.79
820.3 24583.02 10801.32 43.94
821.5 24511.70 10804.97 44.08
822.7 24474.49 10816.90 44.20
823.9 24466.74 10835.86 44.29
825.1 24483.13 10861.85 44.36
826.3 24493.16 10882.92 44.43
827.5 24511.03 10905.81 44.49
828.7 24560.16 10930.32 44.50
829.9 24556.61 10956.62 44.62
831.0 24631.50 10986.65 44.60
832.2 24684.15 11021.89 44.65
833.4 24732.69 11062.71 44.73
834.6 24771.09 11100.94 44.81
835.8 24806.25 11137.77 44.90
837.0 24848.21 11195.04 45.05
838.1 24942.61 11245.97 45.09
839.3 24987.97 11291.58 45.19
840.5 25056.73 11347.87 45.29
841.7 25139.84 11419.57 45.42
842.9 25202.72 11470.95 45.51
844.0 25272.39 11524.52 45.60
845.2 25356.92 11602.25 45.76
846.4 25406.55 11657.25 45.88
847.5 25535.27 11752.71 46.03
848.7 25649.51 11834.95 46.14
849.9 25759.43 11902.89 46.21
851.0 25787.85 11944.28 46.32
852.2 25836.49 11995.57 46.43
853.3 25835.02 12021.68 46.53
854.5 25803.13 12044.46 46.68
855.6 25784.28 12055.18 46.75
856.8 25811.14 12105.16 46.90
857.9 25796.36 12126.41 47.01
859.1 25866.40 12180.52 47.09
860.2 25870.46 12209.58 47.20
861.4 25883.89 12248.52 47.32
862.5 25913.95 12277.00 47.38
863.7 25967.63 12327.33 47.47
864.8 25978.23 12355.70 47.56
865.9 25934.02 12365.47 47.68
867.1 25972.57 12387.13 47.69
868.2 25960.64 12411.60 47.81
869.3 25983.57 12421.03 47.80
870.5 25945.69 12423.89 47.88
871.6 25952.82 12448.06 47.96
872.7 25988.86 12484.97 48.04
873.9 26010.48 12494.90 48.04
875.0 25998.57 12507.24 48.11
876.1 25976.68 12516.56 48.18
877.2 25992.15 12514.77 48.15
878.3 25997.76 12528.95 48.19
879.4 26016.59 12530.17 48.16
880.5 26032.32 12545.86 48.19
881.7 26038.68 12539.80 48.16
882.8 26051.76 12557.22 48.20
883.9 26088.59 12570.52 48.18
885.0 26049.66 12563.46 48.23
886.1 26068.54 12546.18 48.13
887.2 25979.14 12510.94 48.16
888.3 25929.87 12490.58 48.17
889.4 25867.81 12443.54 48.10
890.5 25830.84 12417.90 48.07
891.6 25777.28 12391.50 48.07
892.7 25812.52 12378.79 47.96
893.8 25792.32 12379.22 48.00
894.9 25833.34 12380.28 47.92
896.0 25797.95 12363.93 47.93
897.0 25823.30 12362.32 47.87
898.1 25837.83 12370.95 47.88
899.2 25853.12 12362.42 47.82
900.3 25827.20 12312.17 47.67
901.4 25755.93 12285.92 47.70
902.4 25796.28 12282.59 47.61
903.5 25760.57 12249.46 47.55
904.6 25773.48 12237.99 47.48
905.7 25786.56 12218.27 47.38
906.7 25778.44 12211.40 47.37
907.8 25791.16 12199.23 47.30
908.9 25756.23 12158.54 47.21
909.9 25738.83 12150.41 47.21
911.0 25715.27 12120.11 47.13
912.1 25708.69 12055.74 46.89
913.1 25683.06 12021.98 46.81
914.2 25568.28 11968.59 46.81
915.2 25594.38 11922.07 46.58
916.3 25582.28 11873.07 46.41
917.3 25579.53 11821.95 46.22
918.4 25529.08 11743.99 46.00
919.4 25526.52 11696.50 45.82
920.5 25540.93 11629.51 45.53
921.5 25532.64 11596.07 45.42
922.6 25509.72 11495.17 45.06
923.6 25552.64 11423.66 44.71
924.7 25558.13 11367.05 44.48
925.7 25559.01 11279.20 44.13
926.7 25571.07 11209.15 43.84
927.8 25622.74 11133.48 43.45
928.8 25737.00 11073.62 43.03
929.9 25798.01 10995.24 42.62
930.9 25912.02 10965.37 42.32
931.9 26063.45 10914.36 41.88
932.9 26272.00 10874.06 41.39
934.0 26311.65 10766.04 40.92
935.0 26328.00 10670.23 40.53
936.0 26313.67 10570.48 40.17
937.0 26305.79 10446.19 39.71
938.1 26273.03 10337.20 39.35
939.1 26282.27 10193.24 38.78
940.1 26307.38 10115.05 38.45
941.1 26474.98 10041.30 37.93
942.1 26613.43 9995.50 37.56
943.1 26709.35 9922.79 37.15
944.1 26891.46 9843.70 36.61
945.2 26931.87 9725.94 36.11
946.2 27005.05 9612.06 35.59
947.2 27050.94 9488.23 35.08
948.2 27161.01 9398.59 34.60
949.2 27258.97 9265.43 33.99
950.2 27257.00 9154.98 33.59
951.2 27381.90 9036.38 33.00
952.2 27427.92 8911.17 32.49
953.2 27549.11 8819.27 32.01
954.2 27670.16 8731.44 31.56
955.2 27683.23 8593.78 31.04
956.2 27678.04 8531.98 30.83
957.2 27683.31 8419.94 30.42
958.2 27771.67 8375.53 30.16
959.2 27855.45 8281.71 29.73
960.1 27895.78 8244.49 29.55
961.1 27947.74 8209.38 29.37
962.1 27921.09 8158.13 29.22
963.1 28038.72 8158.05 29.10
964.1 28081.62 8162.07 29.07
965.1 28159.91 8156.40 28.96
966.1 28230.04 8132.61 28.81
967.0 28291.66 8132.46 28.75
968.0 28354.15 8098.81 28.56
969.0 28355.00 8132.00 28.68
970.0 28440.42 8122.68 28.56
971.0 28447.07 8152.47 28.66
971.9 28529.94 8124.42 28.48
972.9 28619.85 8163.05 28.52
973.9 28640.46 8159.52 28.49
974.9 28629.25 8219.80 28.71
975.8 28737.28 8213.90 28.58
976.8 28722.61 8243.31 28.70
977.8 28846.97 8225.61 28.51
978.8 28789.28 8246.91 28.65
979.7 28914.30 8287.42 28.66
980.7 28909.16 8398.37 29.05
981.7 29108.19 8443.33 29.01
982.6 29310.11 8555.38 29.19
983.6 29612.62 8575.60 28.96
984.6 29886.86 8718.51 29.17
985.5 30220.02 8883.79 29.40
986.5 30590.42 9137.60 29.87
987.5 31346.01 9275.49 29.59
988.4 31956.65 9474.96 29.65
989.4 32957.10 9837.20 29.85
990.4 33646.09 9925.96 29.50
991.3 34254.92 10395.77 30.35
992.3 35605.12 10525.03 29.56
993.2 35791.00 10950.48 30.60
994.2 37066.33 11081.95 29.90
995.2 37769.29 11414.72 30.22
996.1 38356.88 11614.04 30.28
997.1 37945.80 11725.74 30.90
998.0 38542.50 11648.40 30.22
999.0 38301.25 11851.71 30.94
1000.0 38064.02 12450.50 32.71
1000.9 38955.51 12827.77 32.93
1001.9 38313.61 11433.27 29.84
1002.8 38469.11 12460.65 32.39
1003.8 38840.71 11695.86 30.11
1004.8 39018.78 11774.09 30.18
961.5 34418.44 8797.97 25.56
965.5 34203.70 8785.49 25.69
969.5 33124.73 8828.97 26.65
973.4 31599.68 8654.98 27.39
977.4 30418.99 8535.04 28.06
981.4 29806.10 8666.34 29.08
985.3 29606.90 8771.93 29.63
989.3 29665.19 8873.95 29.91
993.3 29713.32 8962.97 30.16
997.2 29668.74 9042.67 30.48
1001.2 29627.00 9156.81 30.91
1005.2 29568.23 9330.04 31.55
1009.1 29600.49 9541.23 32.23
1013.1 29702.49 9794.67 32.98
1017.1 29789.49 10064.72 33.79
1021.0 29789.99 10300.06 34.58
1025.0 29760.59 10558.08 35.48
1029.0 29636.30 10781.27 36.38
1032.9 29533.53 11001.12 37.25
1036.9 29509.70 11281.43 38.23
1040.9 29556.91 11566.19 39.13
1044.8 29679.34 11840.77 39.90
1048.8 29786.37 12093.34 40.60
1052.7 29868.84 12308.30 41.21
1056.7 29898.31 12466.72 41.70
1060.7 29913.73 12597.97 42.11
1064.6 29918.21 12692.01 42.42
1068.6 29859.11 12715.49 42.58
1072.5 29814.52 12695.13 42.58
1076.5 29798.83 12655.92 42.47
1080.4 29797.49 12580.01 42.22
1084.4 29858.05 12486.33 41.82
1088.3 29928.60 12376.99 41.36
1092.3 29919.24 12195.98 40.76
1096.2 29930.07 11992.00 40.07
1100.2 29956.02 11782.18 39.33
1104.1 29873.92 11532.80 38.60
1108.1 29858.25 11297.39 37.84
1112.0 29809.22 11041.79 37.04
1116.0 29674.06 10757.05 36.25
1119.9 29580.84 10440.53 35.29
1123.9 29636.88 10069.58 33.98
1127.8 29621.76 9561.60 32.28
1131.8 29615.13 8964.93 30.27
1135.7 29658.37 8300.24 27.99
1139.6 29649.41 7635.07 25.75
1143.6 29635.32 7049.93 23.79
1147.5 29635.02 6590.97 22.24
1151.4 29535.85 6223.35 21.07
1155.4 29547.88 5991.07 20.28
1159.3 29582.50 5861.23 19.81
1163.2 29498.44 5741.19 19.46
1167.2 29505.90 5667.54 19.21
1171.1 29517.01 5623.62 19.05
1175.0 29484.53 5566.40 18.88
1179.0 29486.15 5508.48 18.68
1182.9 29537.81 5484.15 18.57
1186.8 29538.86 5454.03 18.46
1190.7 29410.97 5402.51 18.37
1194.7 29255.48 5354.58 18.30
1198.6 29133.72 5304.92 18.21
1202.5 29044.69 5281.17 18.18
1206.4 28972.03 5284.21 18.24
1210.3 28920.11 5285.19 18.28
1214.2 28863.76 5297.86 18.35
1218.2 28763.18 5306.96 18.45
1222.1 28692.28 5325.15 18.56
1226.0 28656.56 5342.26 18.64
1229.9 28600.92 5345.58 18.69
1233.8 28545.33 5363.40 18.79
1237.7 28520.81 5381.98 18.87
1241.6 28465.46 5393.68 18.95
1245.5 28370.21 5395.51 19.02
1249.4 28299.76 5399.99 19.08
1253.3 28232.22 5403.58 19.14
1257.2 28191.00 5412.18 19.20
1261.1 28130.65 5397.52 19.19
1265.0 28057.45 5371.04 19.14
1268.9 27949.80 5342.08 19.11
1272.8 27989.85 5329.50 19.04
1276.7 28109.94 5313.48 18.90
1280.6 28175.48 5283.61 18.75
1284.5 28132.96 5221.97 18.56
1288.4 28112.11 5155.05 18.34
1292.3 28036.25 5071.00 18.09
1296.2 27954.20 4972.05 17.79
1300.1 27848.52 4863.25 17.46
1303.9 27706.57 4720.40 17.04
1307.8 27559.31 4577.98 16.61
1311.7 27397.23 4435.79 16.19
1315.6 27238.78 4298.83 15.78
1319.5 27066.08 4158.53 15.36
1323.3 26913.00 4012.77 14.91
1327.2 26776.06 3871.90 14.46
1331.1 26621.95 3731.33 14.02
1335.0 26429.02 3588.22 13.58
1338.8 26290.11 3465.59 13.18
1342.7 26169.42 3364.01 12.85
1346.5 25929.13 3247.58 12.52
1350.4 25728.90 3136.83 12.19
1354.3 25457.85 3027.42 11.89
1358.1 25158.95 2927.47 11.64
1362.0 24980.59 2846.12 11.39
1365.8 24927.82 2779.04 11.15
1369.7 24996.19 2719.44 10.88
1373.5 24961.93 2609.36 10.45
1377.4 24802.90 2475.18 9.98
1381.2 24660.90 2329.09 9.44
1385.1 24643.85 2195.60 8.91
1389.0 24592.75 2062.14 8.39
1392.8 24461.78 1907.13 7.80
1396.6 24365.22 1775.66 7.29
1400.5 24231.60 1671.06 6.90
1404.3 24125.27 1580.38 6.55
1408.2 24097.32 1514.62 6.29
1412.0 24070.61 1461.68 6.07
1415.8 24101.54 1417.88 5.88
1419.6 24084.23 1382.33 5.74
1423.5 24070.46 1358.84 5.65
1427.3 24053.34 1344.35 5.59
1431.1 24042.83 1322.93 5.50
1434.9 23983.10 1310.24 5.46
1438.8 23944.05 1301.03 5.43
1442.6 23927.04 1297.10 5.42
1446.4 23856.75 1286.19 5.39
1450.2 23800.39 1279.99 5.38
1454.0 23730.24 1274.52 5.37
1457.8 23714.21 1266.06 5.34
1461.6 23699.02 1272.84 5.37
1465.4 23623.88 1279.67 5.42
1469.2 23507.58 1283.10 5.46
1473.0 23416.67 1288.78 5.50
1476.8 23385.95 1298.46 5.55
1480.7 23341.52 1310.43 5.61
1484.4 23269.68 1326.96 5.70
1488.2 23205.84 1356.60 5.85
1492.0 23119.76 1380.32 5.97
1495.8 23050.30 1399.13 6.07
1499.6 22974.60 1417.54 6.17
1503.4 22886.86 1423.14 6.22
1507.2 22817.82 1427.27 6.26
1510.9 22736.47 1424.54 6.27
1514.7 22640.13 1405.90 6.21
1518.5 22563.41 1397.11 6.19
1522.3 22469.97 1419.03 6.32
1526.0 22400.45 1452.41 6.48
1529.8 22366.84 1472.69 6.58
1533.6 22289.14 1479.41 6.64
1537.3 22206.85 1486.22 6.69
1541.1 22117.21 1485.05 6.71
1544.8 22039.20 1485.60 6.74
1548.6 21965.35 1507.31 6.86
1552.4 21895.60 1544.46 7.05
1556.1 21841.83 1566.50 7.17
1559.9 21787.79 1575.25 7.23
1563.6 21716.01 1583.91 7.29
1567.3 21641.45 1596.52 7.38
1571.1 21503.94 1607.12 7.47
1574.8 21413.78 1618.39 7.56
1578.6 21355.88 1631.00 7.64
1582.3 21274.05 1638.85 7.70
1586.0 21183.04 1641.26 7.75
1589.8 21100.62 1645.70 7.80
1593.5 21000.69 1640.57 7.81
1597.2 20929.52 1637.48 7.82
1600.9 20843.62 1636.44 7.85
1604.7 20745.10 1641.25 7.91
1608.4 20669.95 1650.52 7.99
1612.1 20567.28 1648.46 8.01
1615.8 20477.47 1648.11 8.05
1619.5 20422.34 1658.08 8.12
1623.2 20328.29 1663.25 8.18
1626.9 20221.28 1654.23 8.18
1630.6 20112.62 1650.44 8.21
1634.3 20025.88 1649.08 8.23
1638.0 19934.15 1649.12 8.27
1641.7 19830.91 1652.58 8.33
1645.4 19716.98 1649.47 8.37
1649.1 19602.77 1642.89 8.38
1652.8 19509.95 1631.55 8.36
1656.4 19395.62 1622.01 8.36
1660.1 19295.18 1608.52 8.34
1663.8 19185.10 1600.72 8.34
1667.5 19083.74 1597.93 8.37
1671.1 18996.35 1586.14 8.35
1674.8 18876.30 1570.11 8.32
1678.5 18838.56 1561.12 8.29
1682.1 18849.73 1556.77 8.26
1685.8 18859.30 1555.33 8.25
1689.5 18795.30 1550.13 8.25
1693.1 18706.41 1535.76 8.21
1696.8 18615.25 1517.63 8.15
1700.4 18529.58 1505.42 8.12
1704.0 18456.67 1495.00 8.10
1707.7 18296.86 1466.23 8.01
1711.3 18114.51 1431.60 7.90
1715.0 17992.28 1408.30 7.83
1718.6 17886.14 1387.28 7.76
1722.2 17799.94 1367.74 7.68
1725.9 17706.59 1353.69 7.65
1729.5 17604.49 1343.84 7.63
1733.1 17541.49 1333.84 7.60
1736.7 17471.92 1321.85 7.57
1740.3 17366.15 1305.28 7.52
1744.0 17315.89 1291.44 7.46
1747.5 17227.16 1283.97 7.45
1751.2 17088.52 1261.39 7.38
1754.8 16976.43 1240.20 7.31
1758.4 16893.02 1230.14 7.28
1762.0 16789.89 1216.00 7.24
1765.5 16699.11 1201.67 7.20
1769.1 16665.60 1197.60 7.19
1772.7 16620.17 1188.71 7.15
1776.3 16550.18 1174.15 7.09
1779.9 16477.44 1162.25 7.05
1783.5 16434.96 1155.68 7.03
1787.0 16345.96 1149.54 7.03
1790.6 16243.66 1137.48 7.00
1794.2 16171.99 1125.10 6.96
1797.8 16109.35 1123.91 6.98
1801.3 16053.66 1113.68 6.94
1804.9 15954.75 1110.38 6.96
1808.4 15901.90 1110.30 6.98
1812.0 15801.30 1094.15 6.92
1815.5 15695.88 1086.98 6.93
1819.1 15574.16 1079.96 6.93
1822.6 15471.85 1064.93 6.88
1826.2 15387.58 1056.96 6.87
1829.7 15274.18 1047.70 6.86
1833.2 15120.13 1037.23 6.86
1836.8 14969.50 1025.57 6.85
1840.3 14877.77 1008.50 6.78
1843.8 14800.45 998.13 6.74
1847.3 14738.02 986.69 6.69
1850.8 14668.42 979.78 6.68
1854.3 14577.15 972.42 6.67
1857.8 14534.00 951.60 6.55
1861.3 14522.25 938.84 6.46
1864.8 14459.04 917.08 6.34
1868.3 14308.06 896.09 6.26
1871.8 14215.68 844.80 5.94
1875.3 14201.46 788.97 5.56
1878.8 14176.42 757.93 5.35
1882.3 14122.90 720.64 5.10
1885.8 14014.10 690.67 4.93
1889.3 13904.45 650.60 4.68
1892.7 13776.82 637.49 4.63
1896.2 13660.15 607.76 4.45
1899.7 13554.20 589.79 4.35
1903.1 13466.38 607.99 4.51
1906.6 13511.57 625.83 4.63
1910.0 13676.29 667.14 4.88
1913.5 13920.50 696.03 5.00
1917.0 14289.98 849.28 5.94
1920.4 14838.23 1016.95 6.85
1923.8 14900.33 921.11 6.18
1871.2 12934.73 606.67 4.69
1873.9 13036.34 558.39 4.28
1876.7 13080.35 599.10 4.58
1879.5 13184.92 624.25 4.73
1882.3 12973.16 559.34 4.31
1885.1 12955.86 594.78 4.59
1887.8 13054.47 503.05 3.85
1890.6 12965.86 405.43 3.13
1893.4 12899.33 447.33 3.47
1896.2 12776.85 488.24 3.82
1898.9 12763.16 456.06 3.57
1901.7 12667.81 435.00 3.43
1904.5 12785.93 449.65 3.52
1907.2 12706.25 418.00 3.29
1910.0 12637.10 440.98 3.49
1912.7 12646.53 436.36 3.45
1915.5 12573.30 429.02 3.41
1918.2 12524.17 422.24 3.37
1921.0 12429.58 416.04 3.35
1923.7 12476.24 440.22 3.53
1926.5 12456.75 429.88 3.45
1929.2 12429.04 410.45 3.30
1932.0 12425.12 420.28 3.38
1934.7 12406.61 422.10 3.40
1937.4 12332.23 431.13 3.50
1940.2 12287.19 414.90 3.38
1942.9 12341.39 404.99 3.28
1945.6 12357.84 425.82 3.45
1948.3 12310.10 430.19 3.49
1951.1 12286.82 421.40 3.43
1953.8 12285.00 426.00 3.47
1956.5 12213.61 422.30 3.46
1959.2 12244.05 448.50 3.66
1961.9 12277.60 467.86 3.81
1964.6 12227.25 428.40 3.50
1967.3 12243.43 427.20 3.49
1970.0 12130.08 438.08 3.61
1972.8 12063.78 423.60 3.51
1975.5 12116.40 415.59 3.43
1978.2 12077.12 438.00 3.63
1980.9 11995.23 434.34 3.62
1983.5 11947.43 433.34 3.63
1986.2 11960.10 445.23 3.72
1988.9 11951.37 465.60 3.90
1991.6 11858.95 475.05 4.01
1994.3 11764.18 447.69 3.81
1997.0 11766.88 446.92 3.80
1999.7 11773.83 450.85 3.83
2002.3 11759.81 448.76 3.82
2005.0 11690.77 471.77 4.04
2007.7 11638.67 475.87 4.09
2010.4 11594.16 445.38 3.84
2013.0 11562.08 440.98 3.81
2015.7 11497.38 460.35 4.00
2018.4 11428.93 476.56 4.17
2021.0 11415.50 447.67 3.92
2023.7 11337.76 466.40 4.11
2026.4 11289.20 492.92 4.37
2029.0 11241.04 483.61 4.30
2031.7 11159.63 453.48 4.06
2034.3 11170.90 461.93 4.14
2037.0 11088.29 478.55 4.32
2039.6 11036.71 464.20 4.21
2042.3 11025.52 474.61 4.30
2044.9 10984.38 468.44 4.26
2047.5 10945.11 457.22 4.18
2050.2 10866.80 462.00 4.25
2052.8 10875.20 453.60 4.17
2055.4 10794.82 431.46 4.00
2058.1 10693.20 470.40 4.40
2060.7 10690.88 475.15 4.44
2063.3 10636.71 440.29 4.14
2065.9 10588.79 435.50 4.11
2068.6 10527.38 460.63 4.38
2071.2 10509.93 474.30 4.51
2073.8 10479.76 481.31 4.59
2076.4 10429.57 488.36 4.68
2079.0 10413.86 469.27 4.51
2081.6 10426.21 464.20 4.45
2084.2 10409.13 468.40 4.50
2086.8 10317.76 483.65 4.69
2089.4 10237.53 476.56 4.66
2092.1 10185.83 436.33 4.28
2094.7 10161.53 449.18 4.42
2097.2 10134.83 478.83 4.72
2099.8 10154.06 455.47 4.49
2102.4 10079.62 460.62 4.57
2105.0 9975.00 470.25 4.71
2107.6 9943.53 452.89 4.55
2110.2 9903.21 463.19 4.68
2112.8 9887.09 475.31 4.81
2115.3 9921.47 479.19 4.83
2117.9 9932.41 472.97 4.76
2120.5 9899.34 483.89 4.89
2123.1 9860.18 491.40 4.98
2125.6 9830.42 465.61 4.74
2128.2 9760.43 465.34 4.77
2130.8 9696.38 459.23 4.74
2133.3 9680.00 457.60 4.73
2135.9 9631.02 473.61 4.92
2138.4 9558.99 471.47 4.93
2141.0 9487.88 461.32 4.86
2143.6 9445.83 466.14 4.93
2146.1 9343.90 437.81 4.69
2148.7 9250.50 455.18 4.92
2151.2 9289.87 481.07 5.18
2153.8 9283.27 456.22 4.91
2156.3 9196.68 451.86 4.91
2158.8 9167.15 457.77 4.99
2161.4 9136.89 451.10 4.94
2163.9 9080.87 436.35 4.81
2166.4 9038.53 419.85 4.65
2169.0 9026.70 431.67 4.78
2171.5 8964.61 452.37 5.05
2174.0 8877.40 434.35 4.89
2176.5 8859.37 439.53 4.96
2179.1 8821.17 451.75 5.12
2181.6 8799.54 441.04 5.01
2184.1 8784.16 425.04 4.84
2186.6 8784.20 439.37 5.00
2189.1 8744.04 430.14 4.92
2191.6 8708.93 427.93 4.91
2194.1 8706.09 425.17 4.88
2196.6 8712.45 434.77 4.99
2199.2 8755.72 436.04 4.98
2201.7 8703.45 429.80 4.94
2204.1 8678.72 439.80 5.07
2206.6 8675.98 391.65 4.51
2209.1 8675.22 401.21 4.62
2211.6 8663.97 452.99 5.23
2214.1 8610.78 448.60 5.21
2216.6 8633.61 406.42 4.71
2219.1 8660.20 414.02 4.78
2221.6 8580.23 433.96 5.06
2224.0 8522.97 426.72 5.01
2226.5 8511.79 426.16 5.01
2229.0 8530.74 433.96 5.09
2231.5 8441.32 425.13 5.04
2233.9 8443.24 411.77 4.88
2236.4 8476.56 413.02 4.87
2238.9 8385.50 422.38 5.04
2241.3 8391.31 404.21 4.82
2243.8 8383.54 392.55 4.68
2246.2 8253.42 407.05 4.93
2248.7 8237.84 401.09 4.87
2251.2 8236.26 388.18 4.71
2253.6 8194.56 372.48 4.55
2256.1 8190.72 387.84 4.74
2258.5 8190.43 399.53 4.88
2260.9 8134.04 395.01 4.86
2263.4 8110.40 376.16 4.64
2265.8 8131.85 350.05 4.30
2268.3 8069.96 369.44 4.58
2270.7 8098.88 395.35 4.88
2273.1 8065.01 375.83 4.66
2275.6 8029.44 376.32 4.69
2278.0 8032.57 372.80 4.64
2280.4 8050.71 350.20 4.35
2282.8 7960.15 375.55 4.72
2285.3 7901.09 342.17 4.33
2287.7 7985.73 343.64 4.30
2290.1 7946.20 391.38 4.93
2292.5 7920.79 365.09 4.61
2294.9 7927.04 331.94 4.19
2297.3 7846.72 367.82 4.69
2299.7 7809.80 343.51 4.40
2302.1 7774.17 322.12 4.14
2304.5 7698.88 305.76 3.97
2306.9 7651.84 270.48 3.53
2309.3 7605.49 286.04 3.76
2311.7 7551.70 294.38 3.90
2314.1 7431.64 303.25 4.08
2316.5 7403.26 299.44 4.04
2318.9 7422.16 303.51 4.09
2321.3 7384.55 324.86 4.40
2323.7 7411.63 303.49 4.09
2326.1 7407.14 318.37 4.30
2328.4 7416.57 313.26 4.22
2330.8 7456.07 314.93 4.22
2333.2 7380.05 366.53 4.97
2335.6 7348.45 336.29 4.58
2337.9 7374.28 313.00 4.24
2340.3 7351.28 314.88 4.28
2342.7 7303.86 287.75 3.94
2345.0 7304.27 297.27 4.07
2347.4 7310.00 301.75 4.13
2349.7 7167.86 307.56 4.29
2352.1 7105.77 304.47 4.28
2354.4 7122.34 292.29 4.10
2356.8 7109.55 284.90 4.01
2359.2 7054.67 273.00 3.87
2361.5 7016.24 301.07 4.29
2363.8 7061.80 294.24 4.17
2366.2 7030.44 269.21 3.83
2368.5 6995.40 289.25 4.13
2370.9 6987.35 272.87 3.91
2373.2 6974.33 269.80 3.87
2375.5 6914.20 298.65 4.32
2377.9 6855.73 287.18 4.19
2380.2 6895.41 279.48 4.05
2382.5 6832.77 257.32 3.77
2384.8 6779.04 245.92 3.63
2387.2 6826.21 276.61 4.05
2389.5 6803.92 278.58 4.09
2391.8 6773.50 270.94 4.00
2394.1 6708.07 268.71 4.01
2396.4 6696.25 270.95 4.05
2398.7 6727.77 267.94 3.98
2401.0 6675.75 262.09 3.93
2403.3 6633.36 268.92 4.05
2405.6 6587.80 254.92 3.87
2407.9 6548.07 220.44 3.37
2410.2 6522.35 225.60 3.46
2412.5 6494.37 243.92 3.76
2414.8 6495.78 256.75 3.95
2417.1 6477.89 299.38 4.62
2419.4 6418.72 270.92 4.22
2421.7 6381.59 252.32 3.95
2424.0 6340.00 258.88 4.08
2426.2 6377.20 240.75 3.78
2428.5 6376.43 248.78 3.90
2430.8 6305.65 239.80 3.80
2433.1 6272.91 237.86 3.79
2435.4 6216.05 223.80 3.60
2437.6 6193.67 223.80 3.61
2439.9 6131.58 207.76 3.39
2442.2 6143.40 182.03 2.96
2444.4 6156.85 229.73 3.73
2446.7 6096.96 274.48 4.50
2448.9 6140.77 230.95 3.76
2451.2 6097.08 190.72 3.13
2453.4 6044.75 174.77 2.89
2455.7 6045.18 212.86 3.52
2457.9 5958.48 183.15 3.07
2460.2 5967.72 184.95 3.10
2462.4 5959.20 218.40 3.66
2464.7 5866.75 201.87 3.44
2466.9 5842.20 211.86 3.63
2469.2 5878.87 200.93 3.42
2471.4 5796.90 210.08 3.62
2473.6 5704.14 220.94 3.87
2475.9 5730.24 223.52 3.90
2478.1 5690.78 170.79 3.00
2480.3 5611.10 201.89 3.60
2482.5 5590.00 293.08 5.24
2484.8 5592.32 218.45 3.91
2487.0 5577.22 199.98 3.59
2489.2 5540.68 211.07 3.81
2491.4 5525.52 176.76 3.20
2493.6 5479.00 227.31 4.15
2495.8 5487.41 221.71 4.04
2498.0 5504.43 186.45 3.39
2500.2 5484.68 168.50 3.07
2502.4 5700.96 124.32 2.18
2504.6 5765.46 112.68 1.95
2506.8 5747.58 175.35 3.05
