/*** Spectra Vista SIG Data ***/
name= \My Documents\HR1024_Data\AT2.
instrument= HR: 1091052
integration= 200, 38.4, 30, 200, 60, 30
scan time= 1, 1
scan settings= AD, AI, AD, AI
external data set1= 8224, 8224, 8224, 8224, 8224, 8224, 8224, 8224, 8224, 8224, 8224, 8224, 8224, 8224, 8224, 8224
external data set2= 8224, 8224, 8224, 8224, 8224, 8224, 8224, 8224, 8224, 8224, 8224, 8224, 8224, 8224, 8224, 8224
external data dark= 0,0,0,0,0,0,0,0
external data mask= 0
optic= LENS4 , LENS4 
temp= 32.02, 8.88, -5.37, 33.55, 8.88, -5.37
battery= 7.2, 7.2
error= 0, 0
units= Radiance, Radiance
time= 1/15/08 12:20:37 PM, 1/15/08 12:22:07 PM
longitude= , 
latitude= , 
gpstime= , 
comm= 
memory slot= 0, 0
factors= 
data= 
346.4 681.59 544.64 79.91
347.9 715.35 574.16 80.26
349.5 770.64 624.00 80.97
351.1 842.40 658.32 78.15
352.6 898.15 705.24 78.52
354.2 935.94 762.49 81.47
355.7 1013.62 831.77 82.06
357.3 1085.33 873.81 80.51
358.8 1118.40 898.22 80.31
360.4 1202.99 956.76 79.53
361.9 1232.81 999.48 81.07
363.5 1270.74 1045.68 82.29
365.1 1317.65 1081.86 82.11
366.6 1387.91 1149.68 82.84
368.2 1463.87 1205.34 82.34
369.7 1534.55 1270.09 82.77
371.3 1633.08 1349.93 82.66
372.8 1713.12 1407.68 82.17
374.4 1792.24 1485.19 82.87
375.9 1860.22 1529.22 82.21
377.4 1899.46 1587.22 83.56
379.0 1960.42 1638.99 83.60
380.5 2031.15 1683.39 82.88
382.1 2086.23 1737.54 83.29
383.6 2157.44 1786.05 82.79
385.2 2246.75 1864.50 82.99
386.7 2352.82 1952.11 82.97
388.3 2459.34 2049.00 83.31
389.8 2572.07 2124.63 82.60
391.3 2656.89 2202.94 82.91
392.9 2742.58 2281.69 83.20
394.4 2813.19 2335.42 83.02
395.9 2929.62 2417.80 82.53
397.5 3078.19 2538.78 82.48
399.0 3204.33 2645.04 82.55
400.6 3294.12 2716.80 82.47
402.1 3341.10 2737.38 81.93
403.6 3394.86 2759.52 81.29
405.1 3468.63 2833.40 81.69
406.7 3608.64 2914.24 80.76
408.2 3731.06 3020.49 80.96
409.7 3852.80 3104.64 80.58
411.3 3974.94 3190.05 80.25
412.8 4078.77 3265.86 80.07
414.3 4209.70 3365.31 79.94
415.8 4355.00 3475.00 79.79
417.4 4488.22 3569.83 79.54
418.9 4602.07 3660.91 79.55
420.4 4700.86 3716.32 79.06
421.9 4779.50 3775.20 78.99
423.5 4868.48 3824.73 78.56
425.0 4946.75 3890.42 78.65
426.5 5061.10 3958.15 78.21
428.0 5190.77 4063.95 78.29
429.5 5352.25 4177.13 78.04
431.1 5547.65 4315.05 77.78
432.6 5755.97 4467.89 77.62
434.1 5948.25 4610.38 77.51
435.6 6124.28 4736.88 77.35
437.1 6302.40 4869.15 77.26
438.6 6474.68 4981.28 76.93
440.1 6639.39 5104.94 76.89
441.6 6824.52 5236.54 76.73
443.1 7000.43 5352.08 76.45
444.7 7161.68 5476.58 76.47
446.2 7304.35 5576.15 76.34
447.7 7436.90 5672.07 76.27
449.2 7603.20 5775.84 75.97
450.7 7741.76 5869.76 75.82
452.2 7897.34 5977.53 75.69
453.7 8068.35 6092.24 75.51
455.2 8271.36 6241.22 75.46
456.7 8521.92 6422.24 75.36
458.2 8798.66 6638.75 75.45
459.7 9084.25 6851.25 75.42
461.2 9358.03 7067.06 75.52
462.7 9610.51 7262.03 75.56
464.2 9858.21 7468.23 75.76
465.7 10114.09 7678.98 75.92
467.2 10348.80 7871.33 76.06
468.7 10580.00 8072.00 76.29
470.2 10734.52 8216.09 76.54
471.7 10963.00 8414.63 76.75
473.2 11373.85 8744.72 76.88
474.6 11705.47 9023.31 77.09
476.1 11816.88 9126.60 77.23
477.6 11856.58 9188.51 77.50
479.1 11942.66 9277.74 77.69
480.6 12045.55 9384.85 77.91
482.1 12235.28 9558.04 78.12
483.6 12450.16 9751.97 78.33
485.1 12713.77 9981.13 78.51
486.6 13023.49 10260.63 78.79
488.0 13336.38 10556.00 79.15
489.5 13672.59 10872.18 79.52
491.0 14011.01 11190.75 79.87
492.5 14354.82 11531.16 80.33
494.0 14711.73 11883.18 80.77
495.4 15019.95 12218.25 81.35
496.9 15327.26 12558.40 81.94
498.4 15628.55 12913.78 82.63
499.9 15928.10 13264.25 83.28
501.4 16209.31 13614.49 83.99
502.8 16473.62 13949.58 84.68
504.3 16714.80 14290.20 85.49
505.8 16959.20 14636.45 86.30
507.2 17126.33 14911.17 87.07
508.7 17247.52 15153.13 87.86
510.2 17339.71 15368.73 88.63
511.6 17411.75 15556.91 89.35
513.1 17544.34 15807.11 90.10
514.6 17698.58 16063.59 90.76
516.0 17825.00 16293.83 91.41
517.5 18047.36 16601.08 91.99
519.0 18295.51 16912.49 92.44
520.5 18536.92 17228.20 92.94
521.9 18853.35 17593.99 93.32
523.4 19205.40 17986.82 93.66
524.8 19558.90 18373.32 93.94
526.3 19954.88 18800.76 94.22
527.8 20358.54 19222.72 94.42
529.2 20720.63 19603.16 94.61
530.7 21131.94 20011.89 94.70
532.1 21496.13 20378.93 94.80
533.6 21912.96 20794.26 94.89
535.0 22337.12 21214.46 94.97
536.5 22744.89 21621.51 95.06
538.0 23176.64 22034.00 95.07
539.4 23579.50 22423.25 95.10
540.9 24073.87 22901.34 95.13
542.3 24503.44 23319.07 95.17
543.8 24803.15 23618.87 95.23
545.2 24902.77 23716.83 95.24
546.6 24905.23 23731.38 95.29
548.1 24938.84 23766.19 95.30
549.5 24960.43 23799.48 95.35
551.0 24980.05 23817.97 95.35
552.4 25028.39 23882.04 95.42
553.9 25067.16 23917.98 95.42
555.3 25131.60 23980.32 95.42
556.8 25277.69 24125.34 95.44
558.2 25413.75 24252.75 95.43
559.6 25588.96 24437.17 95.50
561.1 25845.63 24678.88 95.49
562.5 26127.16 24938.11 95.45
564.0 26493.28 25296.60 95.48
565.4 26820.56 25616.03 95.51
566.8 27250.49 26019.61 95.48
568.3 27646.12 26397.56 95.48
569.7 28068.80 26796.47 95.47
571.1 28477.04 27179.87 95.44
572.6 28887.84 27567.54 95.43
574.0 29285.85 27941.10 95.41
575.4 29666.25 28297.69 95.39
576.9 30024.23 28622.63 95.33
578.3 30349.96 28921.75 95.29
579.7 30653.88 29216.25 95.31
581.1 30910.34 29435.84 95.23
582.6 31174.82 29686.26 95.23
584.0 31418.40 29894.12 95.15
585.4 31752.38 30189.05 95.08
586.8 32199.46 30598.11 95.03
588.3 32687.46 31049.46 94.99
589.7 33118.02 31426.20 94.89
591.1 33373.37 31670.44 94.90
592.5 33516.68 31774.55 94.80
594.0 33586.38 31832.58 94.78
595.4 33595.98 31838.90 94.77
596.8 33610.01 31821.08 94.68
598.2 33616.52 31825.13 94.67
599.6 33610.59 31795.20 94.60
601.0 33699.08 31866.22 94.56
602.4 33774.48 31923.90 94.52
603.9 33926.33 32060.60 94.50
605.3 34072.12 32201.62 94.51
606.7 34210.80 32329.80 94.50
608.1 34483.94 32578.98 94.48
609.5 34774.03 32859.45 94.49
610.9 35139.01 33199.09 94.48
612.3 35462.58 33508.76 94.49
613.7 35909.44 33921.76 94.46
615.1 36223.20 34224.12 94.48
616.5 36545.85 34526.76 94.48
617.9 37036.98 34988.99 94.47
619.3 37494.41 35419.14 94.47
620.7 38051.02 35954.75 94.49
622.1 38641.49 36491.88 94.44
623.5 39289.89 37062.98 94.33
624.9 40013.40 37707.34 94.24
626.3 40479.43 38133.66 94.21
627.7 40087.97 37767.30 94.21
629.1 39710.48 37436.18 94.27
630.5 39552.45 37300.44 94.31
631.9 39557.81 37342.31 94.40
633.3 39572.53 37370.19 94.43
634.7 39751.95 37555.88 94.48
636.1 39830.37 37630.07 94.48
637.5 39936.85 37744.99 94.51
638.9 40099.55 37913.54 94.55
640.2 40240.49 38057.60 94.58
641.6 40287.78 38106.90 94.59
643.0 40238.03 38085.97 94.65
644.4 40224.03 38075.71 94.66
645.8 40114.18 37984.80 94.69
647.2 40273.35 38136.80 94.69
648.5 40378.39 38235.23 94.69
649.9 40207.64 38078.24 94.70
651.3 40068.15 37956.75 94.73
652.7 39902.40 37798.65 94.73
654.1 39689.64 37569.12 94.66
655.5 39416.14 37265.95 94.54
656.8 39148.45 36974.79 94.45
658.2 39361.62 37148.74 94.38
659.6 39806.72 37536.46 94.30
660.9 40175.43 37862.57 94.24
662.3 40554.61 38192.27 94.17
663.7 40918.50 38507.70 94.11
665.0 41229.34 38782.40 94.07
666.4 41547.80 39057.41 94.01
667.8 41946.66 39421.07 93.98
669.1 42284.47 39713.90 93.92
670.5 42673.95 40059.55 93.87
671.9 42913.44 40279.80 93.86
673.2 43266.07 40585.07 93.80
674.6 43566.00 40859.57 93.79
676.0 43930.78 41199.23 93.78
677.3 44282.02 41535.47 93.80
678.7 44697.25 41909.25 93.76
680.0 45213.86 42397.20 93.77
681.4 45766.98 42899.76 93.74
682.8 46293.98 43397.90 93.74
684.1 46823.40 43896.06 93.75
685.5 47322.04 44347.75 93.71
686.8 47792.88 44803.98 93.75
688.2 48223.18 45195.15 93.72
689.5 48388.99 45338.30 93.70
690.9 48523.61 45452.27 93.67
692.2 48646.35 45548.10 93.63
693.6 48753.62 45636.03 93.61
694.9 48726.02 45603.94 93.59
696.2 48776.96 45638.33 93.57
697.6 48830.24 45669.11 93.53
698.9 48898.08 45714.24 93.49
700.3 48978.48 45774.48 93.46
701.6 49085.51 45861.43 93.43
703.0 49193.20 45938.79 93.38
704.3 49249.85 45970.76 93.34
705.6 49257.45 45945.72 93.28
707.0 49309.07 45961.88 93.21
708.3 49207.12 45847.18 93.17
709.6 49114.54 45710.82 93.07
711.0 48939.26 45523.28 93.02
712.3 48769.81 45303.94 92.89
713.6 48704.04 45199.56 92.80
714.9 48602.78 45030.00 92.65
716.3 48588.70 44964.86 92.54
717.6 48617.52 44930.27 92.42
718.9 48536.49 44776.68 92.25
720.2 48307.49 44493.82 92.11
721.6 48153.95 44278.91 91.95
722.9 47936.01 44005.86 91.80
724.2 47639.85 43634.64 91.59
725.5 47424.98 43369.01 91.45
726.8 47209.28 43079.49 91.25
728.1 47104.31 42871.69 91.01
729.5 46996.71 42672.25 90.80
730.8 46923.49 42486.00 90.54
732.1 46798.99 42267.87 90.32
733.4 46744.13 42095.81 90.06
734.7 46680.56 41936.87 89.84
736.0 46677.48 41851.16 89.66
737.3 46612.39 41710.73 89.48
738.6 46734.01 41763.16 89.36
739.9 46954.51 41911.46 89.26
741.2 47125.26 42031.08 89.19
742.5 47447.37 42311.96 89.18
743.8 47996.03 42778.31 89.13
745.1 48809.24 43494.04 89.11
746.4 49781.55 44325.65 89.04
747.7 50790.38 45191.70 88.98
749.0 51767.36 46059.55 88.97
750.3 52328.61 46531.21 88.92
751.6 52272.25 46446.76 88.86
752.9 51775.93 45991.85 88.83
754.2 51201.15 45482.12 88.83
755.4 50592.92 44908.53 88.76
756.7 50384.83 44709.92 88.74
758.0 50414.79 44725.11 88.71
759.3 50743.55 45021.54 88.72
760.6 51174.20 45399.20 88.72
761.9 51603.98 45771.14 88.70
763.1 51849.31 45995.30 88.71
764.4 52152.71 46240.90 88.66
765.7 52377.00 46449.00 88.68
767.0 52549.38 46594.97 88.67
768.2 52701.60 46737.60 88.68
769.5 52810.63 46830.00 88.68
770.8 53045.44 47031.16 88.66
772.0 53100.56 47074.06 88.65
773.3 53188.98 47178.89 88.70
774.6 53354.08 47298.13 88.65
775.8 53461.20 47443.83 88.74
777.1 53508.78 47447.60 88.67
778.4 53425.65 47407.82 88.74
779.6 53400.84 47391.87 88.75
780.9 53292.00 47332.00 88.82
782.1 53076.89 47139.19 88.81
783.4 53094.08 47170.24 88.84
784.6 53123.36 47199.84 88.85
785.9 53493.24 47552.52 88.89
787.1 54140.96 48153.02 88.94
788.4 54650.90 48624.57 88.97
789.6 54606.79 48582.77 88.97
790.9 54195.46 48215.65 88.97
792.1 53621.44 47736.16 89.02
793.4 53038.60 47215.71 89.02
794.6 52638.96 46878.63 89.06
795.8 52305.98 46609.56 89.11
797.1 51958.28 46308.15 89.13
798.3 51700.28 46087.39 89.14
799.5 51533.89 45980.26 89.22
800.8 51368.49 45798.42 89.16
802.0 51198.04 45683.64 89.23
803.2 50985.60 45489.28 89.22
804.5 50860.04 45387.81 89.24
805.7 50719.84 45243.09 89.20
806.9 50562.35 45096.15 89.19
808.1 50423.43 44964.78 89.17
809.4 50370.79 44903.10 89.15
810.6 50259.30 44790.20 89.12
811.8 50219.77 44755.63 89.12
813.0 50240.18 44752.65 89.08
814.2 50269.35 44762.48 89.05
815.4 50395.26 44824.54 88.95
816.6 50435.43 44835.70 88.90
817.9 50520.02 44859.23 88.79
819.1 50453.18 44745.79 88.69
820.3 50292.84 44574.33 88.63
821.5 50186.52 44412.77 88.50
822.7 50129.14 44306.71 88.39
823.9 50164.82 44241.54 88.19
825.1 50200.66 44169.84 87.99
826.3 50240.05 44098.59 87.78
827.5 50318.09 44033.44 87.51
828.7 50415.36 43999.44 87.27
829.9 50507.84 43950.87 87.02
831.0 50650.69 43937.39 86.75
832.2 50792.03 43959.98 86.55
833.4 50916.96 43984.74 86.39
834.6 51046.88 44001.56 86.20
835.8 51200.10 44065.35 86.06
837.0 51345.98 44123.21 85.93
838.1 51556.89 44248.74 85.83
839.3 51695.05 44297.52 85.69
840.5 51868.53 44399.58 85.60
841.7 52057.89 44540.42 85.56
842.9 52261.97 44658.29 85.45
844.0 52431.51 44796.95 85.44
845.2 52643.35 44909.57 85.31
846.4 52843.91 45032.30 85.22
847.5 53153.14 45223.85 85.08
848.7 53388.72 45428.72 85.09
849.9 53666.68 45590.90 84.95
851.0 53788.26 45648.40 84.87
852.2 53905.28 45706.40 84.79
853.3 53940.07 45691.88 84.71
854.5 54007.25 45714.56 84.65
855.6 54016.74 45707.40 84.62
856.8 54107.98 45733.19 84.52
857.9 54162.24 45705.52 84.39
859.1 54349.20 45836.60 84.34
860.2 54391.08 45837.72 84.27
861.4 54467.60 45852.37 84.18
862.5 54552.96 45893.45 84.13
863.7 54662.15 45963.66 84.09
864.8 54702.90 45938.20 83.98
865.9 54674.99 45869.51 83.89
867.1 54786.85 45891.95 83.76
868.2 54827.42 45900.41 83.72
869.3 54894.96 45899.83 83.61
870.5 54823.91 45790.31 83.52
871.6 54852.19 45780.31 83.46
872.7 54976.29 45840.59 83.38
873.9 55056.83 45807.17 83.20
875.0 55062.49 45760.21 83.11
876.1 55095.98 45752.85 83.04
877.2 55156.47 45686.97 82.83
878.3 55149.66 45655.38 82.78
879.4 55272.06 45701.53 82.68
880.5 55376.64 45680.76 82.49
881.7 55347.50 45587.75 82.37
882.8 55420.30 45590.58 82.26
883.9 55513.79 45582.79 82.11
885.0 55479.74 45471.56 81.96
886.1 55501.34 45399.62 81.80
887.2 55343.74 45196.34 81.66
888.3 55258.91 45070.41 81.56
889.4 55154.68 44870.53 81.35
890.5 55047.57 44763.86 81.32
891.6 55001.16 44598.22 81.09
892.7 55026.90 44567.99 80.99
893.8 55055.10 44498.33 80.83
894.9 55090.42 44417.45 80.63
896.0 55028.29 44373.21 80.64
897.0 55118.03 44306.77 80.39
898.1 55158.46 44236.36 80.20
899.2 55180.72 44215.56 80.13
900.3 55062.96 44020.32 79.95
901.4 54962.33 43866.16 79.81
902.4 55001.76 43817.69 79.67
903.5 54972.37 43686.96 79.47
904.6 54964.96 43632.08 79.38
905.7 55017.73 43590.09 79.23
906.7 55035.12 43453.85 78.96
907.8 55039.86 43417.86 78.88
908.9 54991.33 43291.46 78.72
909.9 54943.35 43120.96 78.48
911.0 54872.96 42966.66 78.30
912.1 54790.79 42792.09 78.10
913.1 54735.20 42642.08 77.91
914.2 54541.69 42380.50 77.70
915.2 54595.35 42257.70 77.40
916.3 54551.40 42149.70 77.27
917.3 54573.71 41996.09 76.95
918.4 54446.43 41758.20 76.70
919.4 54414.23 41584.36 76.42
920.5 54428.77 41402.64 76.07
921.5 54475.89 41261.08 75.74
922.6 54410.90 41024.09 75.40
923.6 54447.03 40877.84 75.08
924.7 54459.50 40645.75 74.63
925.7 54495.48 40507.80 74.33
926.7 54553.81 40336.69 73.94
927.8 54636.73 40151.90 73.49
928.8 54842.19 40037.82 73.01
929.9 55044.05 39940.57 72.56
930.9 55283.54 39847.08 72.08
931.9 55540.52 39833.26 71.72
932.9 55963.96 39887.84 71.27
934.0 56021.37 39605.15 70.70
935.0 56120.05 39436.03 70.27
936.0 56003.16 39135.88 69.88
937.0 55977.87 38896.65 69.49
938.1 55974.27 38546.52 68.86
939.1 55917.43 38275.74 68.45
940.1 56074.66 38071.04 67.89
941.1 56382.36 37953.21 67.31
942.1 56663.67 37942.41 66.96
943.1 56919.06 37793.85 66.40
944.1 57215.88 37698.19 65.89
945.2 57301.02 37380.42 65.24
946.2 57440.15 37110.50 64.61
947.2 57566.00 36874.88 64.06
948.2 57830.17 36726.85 63.51
949.2 57915.81 36409.75 62.87
950.2 58040.55 36066.35 62.14
951.2 58176.72 35799.96 61.54
952.2 58298.86 35534.27 60.95
953.2 58588.08 35268.19 60.20
954.2 58732.20 35079.53 59.73
955.2 58792.29 34734.61 59.08
956.2 58815.84 34456.66 58.58
957.2 58926.82 34308.79 58.22
958.2 59082.07 34196.83 57.88
959.2 59207.40 33966.00 57.37
960.1 59348.74 33903.84 57.13
961.1 59359.58 33770.55 56.89
962.1 59493.75 33754.69 56.74
963.1 59598.25 33620.93 56.41
964.1 59786.68 33656.86 56.29
965.1 59964.50 33607.74 56.05
966.1 60040.47 33580.96 55.93
967.0 60244.94 33642.49 55.84
968.0 60221.39 33551.03 55.71
969.0 60305.20 33705.00 55.89
970.0 60412.43 33550.20 55.54
971.0 60471.39 33699.02 55.73
971.9 60602.51 33702.17 55.61
972.9 60755.71 33586.53 55.28
973.9 60849.75 33839.65 55.61
974.9 61002.11 33800.29 55.41
975.8 61135.91 33945.47 55.52
976.8 61284.89 33987.17 55.46
977.8 61421.26 34023.81 55.39
978.8 61596.45 34118.10 55.39
979.7 61642.27 34213.11 55.50
980.7 61834.58 34436.49 55.69
981.7 62172.83 34738.52 55.87
982.6 62605.04 34999.29 55.90
983.6 63245.05 35374.35 55.93
984.6 63939.77 35924.61 56.19
985.5 64840.68 36442.80 56.20
986.5 65844.49 37230.20 56.54
987.5 66724.84 38128.48 57.14
988.4 68288.00 38945.50 57.03
989.4 69534.49 40072.84 57.63
990.4 71817.24 41017.57 57.11
991.3 73281.68 42946.47 58.60
992.3 74535.98 44017.31 59.06
993.2 77416.28 45327.79 58.55
994.2 79445.93 47819.36 60.19
995.2 80574.48 47841.10 59.38
996.1 80992.61 49818.10 61.51
997.1 82080.18 49834.40 60.71
998.0 80511.00 49334.40 61.28
999.0 81661.15 49863.89 61.06
1000.0 81378.26 49501.98 60.83
1000.9 81845.92 50760.21 62.02
1001.9 81897.87 50273.94 61.39
1002.8 82374.07 51013.39 61.93
1003.8 81609.14 50187.44 61.50
1004.8 81688.44 50655.96 62.01
961.5 75985.22 34708.48 45.68
965.5 74100.90 34630.18 46.73
969.5 70587.41 34284.74 48.57
973.4 67194.39 33583.11 49.98
977.4 64603.44 33076.96 51.20
981.4 63251.87 33134.89 52.39
985.3 62876.14 33409.38 53.14
989.3 63064.38 33890.41 53.74
993.3 63365.29 34415.21 54.31
997.2 63438.27 34808.79 54.87
1001.2 63409.53 35180.34 55.48
1005.2 63357.85 35583.57 56.16
1009.1 63463.11 36123.06 56.92
1013.1 63704.79 36781.09 57.74
1017.1 63952.31 37466.66 58.59
1021.0 64068.74 38088.35 59.45
1025.0 64097.72 38679.97 60.35
1029.0 63930.84 39166.70 61.26
1032.9 63818.42 39639.21 62.11
1036.9 63891.54 40204.80 62.93
1040.9 64103.12 40867.56 63.75
1044.8 64414.80 41580.04 64.55
1048.8 64707.93 42218.64 65.24
1052.7 64944.71 42751.07 65.83
1056.7 65091.36 43147.46 66.29
1060.7 65194.70 43439.32 66.63
1064.6 65271.31 43654.79 66.88
1068.6 65221.52 43680.50 66.97
1072.5 65189.88 43611.24 66.90
1076.5 65194.55 43510.51 66.74
1080.4 65234.73 43342.19 66.44
1084.4 65410.41 43175.66 66.01
1088.3 65596.33 42945.06 65.47
1092.3 65667.83 42541.68 64.78
1096.2 65724.30 42080.19 64.03
1100.2 65797.69 41626.49 63.26
1104.1 65695.91 41046.44 62.48
1108.1 65682.50 40508.92 61.67
1112.0 65613.16 39909.83 60.83
1116.0 65416.30 39194.03 59.91
1119.9 65241.08 38389.91 58.84
1123.9 65374.05 37523.30 57.40
1127.8 65376.00 36261.12 55.47
1131.8 65389.13 34636.71 52.97
1135.7 65456.72 32730.14 50.00
1139.6 65507.30 30661.61 46.81
1143.6 65510.21 28715.93 43.83
1147.5 65490.53 27075.82 41.34
1151.4 65354.19 25724.65 39.36
1155.4 65378.22 24830.64 37.98
1159.3 65419.59 24237.58 37.05
1163.2 65259.60 23757.25 36.40
1167.2 65230.03 23459.58 35.96
1171.1 65282.82 23241.27 35.60
1175.0 65242.12 23013.59 35.27
1179.0 65227.68 22801.00 34.96
1182.9 65401.75 22653.89 34.64
1186.8 65409.09 22467.80 34.35
1190.7 65132.77 22201.82 34.09
1194.7 64829.75 21967.69 33.89
1198.6 64578.94 21784.46 33.73
1202.5 64368.53 21660.03 33.65
1206.4 64183.16 21594.08 33.64
1210.3 64065.63 21560.43 33.65
1214.2 63955.16 21582.14 33.75
1218.2 63763.20 21629.67 33.92
1222.1 63606.64 21693.60 34.11
1226.0 63491.71 21785.18 34.31
1229.9 63386.34 21887.94 34.53
1233.8 63280.45 21979.62 34.73
1237.7 63219.60 22064.90 34.90
1241.6 63128.59 22120.50 35.04
1245.5 62954.81 22146.95 35.18
1249.4 62815.45 22174.98 35.30
1253.3 62673.73 22193.28 35.41
1257.2 62580.14 22207.88 35.49
1261.1 62461.63 22179.10 35.51
1265.0 62312.66 22112.80 35.49
1268.9 62118.33 21973.67 35.37
1272.8 62245.78 21913.65 35.21
1276.7 62509.72 21880.05 35.00
1280.6 62688.92 21737.23 34.67
1284.5 62639.57 21457.48 34.26
1288.4 62629.78 21162.67 33.79
1292.3 62498.05 20776.25 33.24
1296.2 62328.71 20322.43 32.61
1300.1 62137.97 19827.91 31.91
1303.9 61850.33 19259.54 31.14
1307.8 61552.48 18641.14 30.28
1311.7 61248.81 17978.95 29.35
1315.6 60933.83 17285.21 28.37
1319.5 60626.67 16562.86 27.32
1323.3 60349.73 15839.47 26.25
1327.2 60092.51 15122.89 25.17
1331.1 59799.27 14430.13 24.13
1335.0 59427.53 13738.86 23.12
1338.8 59179.17 13119.39 22.17
1342.7 59021.35 12571.68 21.30
1346.5 58659.32 12027.06 20.50
1350.4 58383.63 11569.98 19.82
1354.3 57968.21 11111.38 19.17
1358.1 57464.71 10651.11 18.54
1362.0 57154.83 10207.29 17.86
1365.8 57002.87 9757.01 17.12
1369.7 57115.32 9293.94 16.27
1373.5 57079.71 8724.80 15.29
1377.4 56801.36 8016.20 14.11
1381.2 56563.03 7188.89 12.71
1385.1 56480.59 6349.73 11.24
1389.0 56328.92 5536.43 9.83
1392.8 56073.25 4791.82 8.55
1396.6 55881.38 4175.82 7.47
1400.5 55603.68 3667.39 6.60
1404.3 55349.20 3281.00 5.93
1408.2 55296.70 2990.21 5.41
1412.0 55220.70 2771.15 5.02
1415.8 55240.40 2620.93 4.74
1419.6 55184.39 2490.08 4.51
1423.5 55151.16 2390.33 4.33
1427.3 55081.82 2319.30 4.21
1431.1 55055.27 2273.85 4.13
1434.9 54978.42 2233.20 4.06
1438.8 54912.52 2194.62 4.00
1442.6 54865.49 2171.83 3.96
1446.4 54743.75 2141.35 3.91
1450.2 54613.41 2107.27 3.86
1454.0 54445.69 2083.92 3.83
1457.8 54413.49 2084.34 3.83
1461.6 54395.40 2085.73 3.83
1465.4 54253.08 2094.84 3.86
1469.2 54024.14 2115.75 3.92
1473.0 53872.40 2149.49 3.99
1476.8 53771.48 2202.83 4.10
1480.7 53670.45 2269.88 4.23
1484.4 53530.13 2348.40 4.39
1488.2 53387.63 2455.56 4.60
1492.0 53186.73 2576.44 4.84
1495.8 53021.72 2684.50 5.06
1499.6 52879.92 2757.59 5.21
1503.4 52724.10 2786.78 5.29
1507.2 52577.80 2801.25 5.33
1510.9 52399.00 2820.97 5.38
1514.7 52217.91 2837.66 5.43
1518.5 52074.96 2881.39 5.53
1522.3 51892.20 2928.08 5.64
1526.0 51723.50 2997.68 5.80
1529.8 51629.18 3078.84 5.96
1533.6 51463.42 3150.02 6.12
1537.3 51280.11 3229.35 6.30
1541.1 51112.56 3306.53 6.47
1544.8 50943.75 3388.80 6.65
1548.6 50761.96 3473.78 6.84
1552.4 50639.93 3552.99 7.02
1556.1 50553.52 3634.28 7.19
1559.9 50434.85 3720.28 7.38
1563.6 50232.46 3805.68 7.58
1567.3 50048.09 3902.87 7.80
1571.1 49771.14 4007.06 8.05
1574.8 49571.28 4117.58 8.31
1578.6 49405.48 4205.27 8.51
1582.3 49235.80 4261.98 8.66
1586.0 49058.10 4300.82 8.77
1589.8 48860.60 4335.61 8.87
1593.5 48651.76 4366.84 8.98
1597.2 48462.68 4410.64 9.10
1600.9 48266.51 4459.97 9.24
1604.7 48056.25 4491.21 9.35
1608.4 47868.12 4530.50 9.46
1612.1 47665.76 4565.70 9.58
1615.8 47480.91 4595.46 9.68
1619.5 47337.67 4641.66 9.81
1623.2 47118.26 4675.92 9.92
1626.9 46884.62 4696.26 10.02
1630.6 46637.94 4714.16 10.11
1634.3 46440.71 4741.70 10.21
1638.0 46234.69 4756.90 10.29
1641.7 45983.29 4777.58 10.39
1645.4 45721.66 4785.61 10.47
1649.1 45451.06 4776.29 10.51
1652.8 45214.00 4783.36 10.58
1656.4 44984.43 4781.03 10.63
1660.1 44763.59 4771.24 10.66
1663.8 44505.31 4748.02 10.67
1667.5 44286.36 4728.17 10.68
1671.1 44095.65 4714.05 10.69
1674.8 43823.95 4682.33 10.68
1678.5 43731.11 4669.33 10.68
1682.1 43754.75 4651.57 10.63
1685.8 43773.15 4633.06 10.58
1689.5 43615.81 4588.95 10.52
1693.1 43419.14 4536.18 10.45
1696.8 43217.58 4493.50 10.40
1700.4 43009.99 4432.90 10.31
1704.0 42831.75 4365.40 10.19
1707.7 42457.89 4274.52 10.07
1711.3 42034.61 4175.50 9.93
1715.0 41737.89 4081.44 9.78
1718.6 41503.21 3989.34 9.61
1722.2 41289.68 3908.18 9.47
1725.9 41077.55 3827.02 9.32
1729.5 40894.29 3759.86 9.19
1733.1 40719.28 3718.45 9.13
1736.7 40550.60 3658.48 9.02
1740.3 40333.30 3592.50 8.91
1744.0 40211.62 3543.68 8.81
1747.5 39996.95 3462.17 8.66
1751.2 39698.46 3370.88 8.49
1754.8 39468.02 3293.69 8.35
1758.4 39265.23 3223.17 8.21
1762.0 39022.82 3148.70 8.07
1765.5 38843.65 3088.98 7.95
1769.1 38763.75 3067.20 7.91
1772.7 38660.34 3028.67 7.83
1776.3 38507.83 2976.79 7.73
1779.9 38346.98 2935.04 7.65
1783.5 38273.38 2904.08 7.59
1787.0 38117.56 2863.85 7.51
1790.6 37892.56 2824.88 7.45
1794.2 37752.64 2815.27 7.46
1797.8 37636.00 2799.51 7.44
1801.3 37540.59 2788.10 7.43
1804.9 37369.34 2772.00 7.42
1808.4 37286.76 2773.09 7.44
1812.0 37127.63 2766.59 7.45
1815.5 36939.25 2746.64 7.44
1819.1 36706.21 2722.64 7.42
1822.6 36512.41 2707.07 7.41
1826.2 36328.41 2692.31 7.41
1829.7 36122.50 2662.77 7.37
1833.2 35847.79 2617.78 7.30
1836.8 35537.63 2573.48 7.24
1840.3 35318.88 2536.02 7.18
1843.8 35173.58 2493.61 7.09
1847.3 35080.98 2439.22 6.95
1850.8 34933.50 2370.82 6.79
1854.3 34719.00 2299.26 6.62
1857.8 34596.25 2210.00 6.39
1861.3 34565.73 2115.35 6.12
1864.8 34484.56 1994.81 5.78
1868.3 34177.20 1843.60 5.39
1871.8 33852.00 1681.92 4.97
1875.3 33695.59 1500.59 4.45
1878.8 33594.56 1368.92 4.07
1882.3 33473.84 1261.11 3.77
1885.8 33253.36 1156.46 3.48
1889.3 33038.18 1042.63 3.16
1892.7 32870.48 1000.50 3.04
1896.2 32694.29 983.99 3.01
1899.7 32475.88 950.21 2.93
1903.1 32400.64 1047.82 3.23
1906.6 32520.25 1155.38 3.55
1910.0 32900.75 1271.73 3.87
1913.5 33626.71 1503.41 4.47
1917.0 34328.71 2104.73 6.13
1920.4 34668.75 2634.83 7.60
1923.8 34795.65 2654.97 7.63
1871.2 31031.91 1075.99 3.47
1873.9 31162.64 1009.40 3.24
1876.7 31183.16 918.62 2.95
1879.5 31439.50 841.79 2.68
1882.3 31070.62 739.78 2.38
1885.1 30911.32 646.50 2.09
1887.8 31015.71 593.76 1.91
1890.6 30711.07 600.34 1.95
1893.4 30675.33 550.00 1.79
1896.2 30594.29 467.61 1.53
1898.9 30555.80 468.90 1.53
1901.7 30332.20 435.00 1.43
1904.5 30533.88 396.75 1.30
1907.2 30442.75 413.25 1.36
1910.0 30280.63 423.69 1.40
1912.7 30285.22 404.34 1.34
1915.5 30140.54 402.68 1.34
1918.2 30029.37 415.09 1.38
1921.0 29810.35 364.46 1.22
1923.7 29808.23 366.85 1.23
1926.5 29762.68 371.26 1.25
1929.2 29738.63 343.11 1.15
1932.0 29694.52 385.52 1.30
1934.7 29606.41 387.71 1.31
1937.4 29447.22 341.18 1.16
1940.2 29368.77 350.36 1.19
1942.9 29463.42 368.45 1.25
1945.6 29463.12 368.44 1.25
1948.3 29352.31 397.10 1.35
1951.1 29299.34 370.23 1.26
1953.8 29298.00 369.00 1.26
1956.5 29144.35 389.35 1.34
1959.2 29185.39 385.71 1.32
1961.9 29209.96 411.24 1.41
1964.6 29083.60 422.45 1.45
1967.3 29141.57 415.33 1.43
1970.0 28948.80 402.56 1.39
1972.8 28828.33 420.66 1.46
1975.5 28886.20 433.15 1.50
1978.2 28770.76 426.32 1.48
1980.9 28619.47 454.74 1.59
1983.5 28507.48 462.43 1.62
1986.2 28506.36 462.69 1.62
1988.9 28488.90 462.69 1.62
1991.6 28248.29 457.67 1.62
1994.3 28074.60 476.58 1.70
1997.0 28126.92 493.05 1.75
1999.7 28070.54 473.83 1.69
2002.3 28027.36 474.65 1.69
2005.0 27897.91 512.05 1.84
2007.7 27783.73 513.13 1.85
2010.4 27707.78 505.34 1.82
2013.0 27624.95 546.24 1.98
2015.7 27476.08 554.13 2.02
2018.4 27319.94 550.31 2.01
2021.0 27231.17 546.83 2.01
2023.7 27070.99 520.11 1.92
2026.4 27000.57 537.98 1.99
2029.0 26890.78 551.09 2.05
2031.7 26710.45 557.70 2.09
2034.3 26696.37 577.42 2.16
2037.0 26542.64 563.00 2.12
2039.6 26420.01 585.17 2.21
2042.3 26367.44 592.56 2.25
2044.9 26260.41 572.22 2.18
2047.5 26187.48 600.27 2.29
2050.2 26051.20 616.00 2.36
2052.8 25981.20 616.00 2.37
2055.4 25822.96 619.17 2.40
2058.1 25648.00 616.00 2.40
2060.7 25574.25 634.47 2.48
2063.3 25470.13 629.79 2.47
2065.9 25373.46 633.71 2.50
2068.6 25250.63 658.83 2.61
2071.2 25193.70 655.65 2.60
2073.8 25089.86 646.42 2.58
2076.4 25007.40 670.79 2.68
2079.0 25009.00 702.50 2.81
2081.6 24982.40 700.52 2.80
2084.2 24912.50 708.24 2.84
2086.8 24742.26 684.46 2.77
2089.4 24613.76 675.13 2.74
2092.1 24465.83 722.50 2.95
2094.7 24359.98 737.33 3.03
2097.2 24361.00 714.00 2.93
2099.8 24330.46 737.29 3.03
2102.4 24159.80 750.64 3.11
2105.0 23991.30 738.15 3.08
2107.6 23891.82 766.20 3.21
2110.2 23844.43 772.93 3.24
2112.8 23817.21 770.24 3.23
2115.3 23803.45 802.49 3.37
2117.9 23796.57 809.57 3.40
2120.5 23766.00 810.37 3.41
2123.1 23654.48 807.30 3.41
2125.6 23584.80 811.15 3.44
2128.2 23463.09 813.61 3.47
2130.8 23315.18 807.30 3.46
2133.3 23255.47 815.47 3.51
2135.9 23147.98 835.43 3.61
2138.4 22939.80 845.69 3.69
2141.0 22798.53 819.80 3.60
2143.6 22743.87 823.80 3.62
2146.1 22490.00 860.93 3.83
2148.7 22265.81 839.89 3.77
2151.2 22296.27 824.27 3.70
2153.8 22295.75 847.68 3.80
2156.3 22152.95 835.79 3.77
2158.8 22073.21 841.70 3.81
2161.4 21997.52 860.91 3.91
2163.9 21864.84 846.17 3.87
2166.4 21743.33 833.78 3.83
2169.0 21687.15 851.52 3.93
2171.5 21557.06 869.26 4.03
2174.0 21425.95 853.83 3.99
2176.5 21390.46 858.13 4.01
2179.1 21325.61 849.29 3.98
2181.6 21215.63 830.38 3.91
2184.1 21162.68 837.76 3.96
2186.6 21190.03 831.66 3.92
2189.1 21044.76 857.07 4.07
2191.6 20998.13 865.67 4.12
2194.1 21032.79 843.70 4.01
2196.6 21001.59 859.36 4.09
2199.2 21062.56 875.57 4.16
2201.7 20999.31 852.44 4.06
2204.1 20927.15 853.95 4.08
2206.6 20917.84 895.20 4.28
2209.1 20878.06 893.26 4.28
2211.6 20833.89 852.69 4.09
2214.1 20764.70 855.38 4.12
2216.6 20757.89 858.42 4.14
2219.1 20773.09 828.04 3.99
2221.6 20620.71 852.69 4.14
2224.0 20501.61 853.44 4.16
2226.5 20520.37 837.10 4.08
2229.0 20575.03 860.31 4.18
2231.5 20360.28 827.28 4.06
2233.9 20323.05 812.00 4.00
2236.4 20376.94 822.18 4.03
2238.9 20254.63 806.00 3.98
2241.3 20222.33 804.54 3.98
2243.8 20164.03 816.20 4.05
2246.2 19972.59 821.85 4.11
2248.7 19884.97 794.47 4.00
2251.2 19862.35 776.35 3.91
2253.6 19779.84 771.84 3.90
2256.1 19722.24 771.84 3.91
2258.5 19742.33 764.49 3.87
2260.9 19658.21 755.50 3.84
2263.4 19610.05 763.83 3.90
2265.8 19548.76 750.10 3.84
2268.3 19453.33 719.64 3.70
2270.7 19552.47 713.93 3.65
2273.1 19458.79 736.32 3.78
2275.6 19353.60 737.28 3.81
2278.0 19351.18 718.70 3.71
2280.4 19349.42 704.25 3.64
2282.8 19172.49 689.16 3.59
2285.3 19200.59 668.79 3.48
2287.7 19310.23 675.57 3.50
2290.1 19118.32 672.07 3.52
2292.5 19103.56 658.74 3.45
2294.9 19137.92 652.03 3.41
2297.3 18944.45 628.85 3.32
2299.7 18825.65 608.04 3.23
2302.1 18797.08 589.25 3.13
2304.5 18588.64 591.92 3.18
2306.9 18427.92 580.16 3.15
2309.3 18306.45 568.16 3.10
2311.7 18188.45 592.68 3.26
2314.1 17990.31 614.38 3.42
2316.5 17875.78 575.24 3.22
2318.9 17887.28 543.95 3.04
2321.3 17886.93 578.40 3.23
2323.7 17934.06 602.99 3.36
2326.1 17860.96 588.38 3.29
2328.4 17880.33 545.16 3.05
2330.8 17996.00 548.06 3.05
2333.2 17873.57 576.57 3.23
2335.6 17798.20 564.63 3.17
2337.9 17832.65 546.71 3.07
2340.3 17729.56 528.99 2.98
2342.7 17641.82 516.26 2.93
2345.0 17589.69 501.11 2.85
2347.4 17535.50 480.25 2.74
2349.7 17270.35 495.51 2.87
2352.1 17200.51 501.74 2.92
2354.4 17257.81 515.80 2.99
2356.8 17145.80 505.05 2.95
2359.2 17017.00 494.00 2.90
2361.5 16969.00 462.51 2.73
2363.8 17026.49 478.69 2.81
2366.2 17000.16 529.60 3.12
2368.5 16918.90 480.60 2.84
2370.9 16913.67 483.12 2.86
2373.2 16862.50 494.63 2.93
2375.5 16679.15 479.65 2.88
2377.9 16624.24 464.95 2.80
2380.2 16626.87 458.17 2.76
2382.5 16523.62 436.53 2.64
2384.8 16458.08 403.68 2.45
2387.2 16418.54 445.39 2.71
2389.5 16346.41 424.95 2.60
2391.8 16322.95 408.79 2.50
2394.1 16266.35 431.85 2.65
2396.4 16184.23 449.97 2.78
2398.7 16237.27 438.45 2.70
2401.0 16061.36 395.60 2.46
2403.3 15866.28 383.46 2.42
2405.6 15894.70 384.87 2.42
2407.9 15821.58 415.83 2.63
2410.2 15726.83 416.11 2.65
2412.5 15666.78 386.21 2.47
2414.8 15646.35 405.67 2.59
2417.1 15572.75 407.77 2.62
2419.4 15504.96 349.07 2.25
2421.7 15428.32 388.99 2.52
2424.0 15390.35 406.82 2.64
2426.2 15402.65 385.20 2.50
2428.5 15283.95 389.40 2.55
2430.8 15287.25 370.60 2.42
2433.1 15173.36 359.56 2.37
2435.4 15033.77 363.68 2.42
2437.6 15028.17 369.27 2.46
2439.9 14846.06 342.52 2.31
2442.2 14840.86 358.37 2.41
2444.4 14892.46 333.11 2.24
2446.7 14786.88 332.88 2.25
2448.9 14798.25 361.22 2.44
2451.2 14756.96 333.76 2.26
2453.4 14638.77 307.36 2.10
2455.7 14589.92 316.25 2.17
2457.9 14426.12 341.88 2.37
2460.2 14345.96 345.24 2.41
2462.4 14314.56 336.96 2.35
2464.7 14256.83 309.11 2.17
2466.9 14194.62 282.48 1.99
2469.2 14155.96 311.12 2.20
2471.4 14035.97 295.43 2.10
2473.6 13898.82 261.11 1.88
2475.9 13837.92 338.67 2.45
2478.1 13711.16 341.58 2.49
2480.3 13603.10 292.39 2.15
2482.5 13588.98 285.93 2.10
2484.8 13522.06 283.99 2.10
2487.0 13494.95 266.64 1.98
2489.2 13508.69 256.30 1.90
2491.4 13364.22 284.35 2.13
2493.6 13395.71 266.50 1.99
2495.8 13381.98 324.65 2.43
2498.0 13262.51 299.95 2.26
2500.2 13336.78 261.18 1.96
2502.4 13684.08 293.04 2.14
2504.6 13878.42 291.09 2.10
2506.8 14047.48 321.48 2.29
