/*** Spectra Vista SIG Data ***/
name= \My Documents\HR1024_Data\GD3S10.
instrument= HR: 1091052
integration= 200, 60, 30, 400, 60, 30
scan time= 1, 1
scan settings= AD, AI, AD, AI
external data set1= 8224, 8224, 8224, 8224, 8224, 8224, 8224, 8224, 8224, 8224, 8224, 8224, 8224, 8224, 8224, 8224
external data set2= 8224, 8224, 8224, 8224, 8224, 8224, 8224, 8224, 8224, 8224, 8224, 8224, 8224, 8224, 8224, 8224
external data dark= 0,0,0,0,0,0,0,0
external data mask= 0
optic= LENS4 , LENS4 
temp= 32.98, 8.88, -5.37, 39.35, 8.88, -5.37
battery= 7.6, 7.3
error= 0, 0
units= Radiance, Radiance
time= 1/26/08 10:33:54 AM, 1/26/08 10:50:28 AM
longitude= , 
latitude= , 
gpstime= , 
comm= 
memory slot= 0, 0
factors= 
data= 
346.4 598.78 148.10 24.73
347.9 627.50 150.60 24.00
349.5 677.04 148.20 21.89
351.1 739.44 152.88 20.68
352.6 790.63 159.71 20.20
354.2 841.03 160.35 19.07
355.7 912.59 173.43 19.00
357.3 974.37 169.91 17.44
358.8 992.58 166.01 16.73
360.4 1062.29 182.91 17.22
361.9 1117.88 186.31 16.67
363.5 1149.55 180.05 15.66
365.1 1196.29 180.31 15.07
366.6 1260.16 179.53 14.25
368.2 1349.72 188.02 13.93
369.7 1403.95 182.84 13.02
371.3 1488.21 179.44 12.06
372.8 1577.00 185.92 11.79
374.4 1638.71 195.24 11.91
375.9 1688.10 188.67 11.18
377.4 1740.09 190.27 10.93
379.0 1788.57 192.54 10.77
380.5 1855.73 186.19 10.03
382.1 1905.98 186.17 9.77
383.6 1973.16 188.53 9.55
385.2 2065.25 181.50 8.79
386.7 2149.76 188.17 8.75
388.3 2271.83 194.30 8.55
389.8 2363.45 196.27 8.30
391.3 2453.59 207.48 8.46
392.9 2526.36 211.95 8.39
394.4 2602.50 221.08 8.49
395.9 2690.98 227.65 8.46
397.5 2829.48 248.71 8.79
399.0 2963.31 245.66 8.29
400.6 3033.76 234.89 7.74
402.1 3072.78 228.33 7.43
403.6 3116.75 226.56 7.27
405.1 3199.00 227.36 7.11
406.7 3304.00 234.08 7.08
408.2 3412.53 239.46 7.02
409.7 3521.28 246.40 7.00
411.3 3642.17 258.19 7.09
412.8 3732.75 265.44 7.11
414.3 3845.02 285.13 7.42
415.8 3965.00 298.75 7.53
417.4 4085.95 306.13 7.49
418.9 4192.21 317.52 7.57
420.4 4267.16 322.78 7.56
421.9 4346.32 336.38 7.74
423.5 4413.15 333.91 7.57
425.0 4492.75 344.99 7.68
426.5 4594.55 345.08 7.51
428.0 4712.54 352.00 7.47
429.5 4856.53 360.44 7.42
431.1 5025.20 372.49 7.41
432.6 5198.44 385.46 7.41
434.1 5370.75 393.66 7.33
435.6 5520.56 405.38 7.34
437.1 5670.60 419.25 7.39
438.6 5806.58 432.30 7.45
440.1 5943.54 451.02 7.59
441.6 6091.61 469.59 7.71
443.1 6230.93 482.96 7.75
444.7 6356.12 506.56 7.97
446.2 6474.98 530.46 8.19
447.7 6582.53 555.56 8.44
449.2 6691.68 572.40 8.55
450.7 6814.08 592.80 8.70
452.2 6930.56 613.08 8.85
453.7 7066.33 632.32 8.95
455.2 7233.85 655.18 9.06
456.7 7443.04 683.76 9.19
458.2 7673.27 705.99 9.20
459.7 7920.50 734.13 9.27
461.2 8156.07 765.13 9.38
462.7 8366.46 789.39 9.44
464.2 8568.06 818.01 9.55
465.7 8788.58 841.12 9.57
467.2 8970.50 862.40 9.61
468.7 9176.00 887.00 9.67
470.2 9305.26 920.19 9.89
471.7 9490.50 948.81 10.00
473.2 9788.42 971.64 9.93
474.6 10042.30 987.36 9.83
476.1 10127.24 999.58 9.87
477.6 10169.21 1009.09 9.92
479.1 10224.56 1027.13 10.05
480.6 10293.47 1042.56 10.13
482.1 10426.95 1058.38 10.15
483.6 10590.11 1082.03 10.22
485.1 10796.39 1112.18 10.30
486.6 11041.55 1149.13 10.41
488.0 11290.50 1198.44 10.61
489.5 11568.25 1242.74 10.74
491.0 11840.59 1296.45 10.95
492.5 12119.22 1362.42 11.24
494.0 12409.65 1432.26 11.54
495.4 12660.45 1510.58 11.93
496.9 12912.44 1601.53 12.40
498.4 13155.80 1694.19 12.88
499.9 13408.52 1805.09 13.46
501.4 13645.90 1922.99 14.09
502.8 13864.50 2047.24 14.77
504.3 14081.40 2191.50 15.56
505.8 14291.05 2340.11 16.37
507.2 14436.37 2483.04 17.20
508.7 14548.87 2641.77 18.16
510.2 14651.50 2798.34 19.10
511.6 14718.08 2959.45 20.11
513.1 14838.45 3126.64 21.07
514.6 14986.45 3316.76 22.13
516.0 15112.04 3500.83 23.17
517.5 15305.31 3705.66 24.21
519.0 15537.89 3926.96 25.27
520.5 15768.60 4147.56 26.30
521.9 16045.99 4386.81 27.34
523.4 16363.11 4631.88 28.31
524.8 16675.79 4868.33 29.19
526.3 17027.53 5118.10 30.06
527.8 17380.80 5358.81 30.83
529.2 17706.86 5582.48 31.53
530.7 18056.71 5809.85 32.18
532.1 18377.28 6019.08 32.75
533.6 18738.23 6229.13 33.24
535.0 19114.67 6449.23 33.74
536.5 19476.07 6654.07 34.17
538.0 19846.24 6861.36 34.57
539.4 20198.95 7047.77 34.89
540.9 20626.19 7258.92 35.19
542.3 20984.92 7443.01 35.47
543.8 21250.33 7594.88 35.74
545.2 21329.19 7696.79 36.09
546.6 21331.64 7766.86 36.41
548.1 21362.06 7830.98 36.66
549.5 21376.46 7885.10 36.89
551.0 21386.66 7943.33 37.14
552.4 21443.54 8000.78 37.31
553.9 21463.89 8045.16 37.48
555.3 21521.57 8077.39 37.53
556.8 21650.10 8132.78 37.56
558.2 21773.81 8179.31 37.56
559.6 21936.94 8236.06 37.54
561.1 22168.25 8307.00 37.47
562.5 22423.78 8381.88 37.38
564.0 22757.43 8475.79 37.24
565.4 23059.14 8549.68 37.08
566.8 23449.52 8642.07 36.85
568.3 23818.66 8710.86 36.57
569.7 24198.01 8778.92 36.28
571.1 24579.14 8827.79 35.92
572.6 24952.86 8875.17 35.57
574.0 25317.60 8922.38 35.24
575.4 25678.69 8952.19 34.86
576.9 26008.29 8979.55 34.53
578.3 26306.64 9000.96 34.22
579.7 26593.28 9026.43 33.94
581.1 26823.10 9036.37 33.69
582.6 27065.10 9053.72 33.45
584.0 27286.52 9056.64 33.19
585.4 27587.92 9092.86 32.96
586.8 27978.96 9149.79 32.70
588.3 28419.30 9223.11 32.45
589.7 28786.68 9281.61 32.24
591.1 29016.81 9307.30 32.08
592.5 29127.43 9309.06 31.96
594.0 29186.34 9291.81 31.84
595.4 29194.56 9254.10 31.70
596.8 29193.45 9217.07 31.57
598.2 29177.08 9175.34 31.45
599.6 29153.88 9129.74 31.32
601.0 29216.28 9096.38 31.13
602.4 29261.60 9051.43 30.93
603.9 29364.60 9022.80 30.73
605.3 29484.10 8976.37 30.44
606.7 29584.80 8925.30 30.17
608.1 29785.49 8893.94 29.86
609.5 30013.28 8861.33 29.52
610.9 30296.78 8840.70 29.18
612.3 30557.28 8808.79 28.83
613.7 30914.00 8796.96 28.46
615.1 31159.08 8748.81 28.08
616.5 31406.64 8703.92 27.71
617.9 31801.61 8710.39 27.39
619.3 32170.62 8735.21 27.15
620.7 32635.92 8797.71 26.96
622.1 33083.75 8801.28 26.60
623.5 33564.04 8797.01 26.21
624.9 34116.86 8829.19 25.88
626.3 34490.69 8841.44 25.63
627.7 34145.81 8705.93 25.50
629.1 33851.16 8596.46 25.39
630.5 33743.57 8552.76 25.35
631.9 33775.53 8578.08 25.40
633.3 33808.52 8585.96 25.40
634.7 33992.91 8633.20 25.40
636.1 34075.08 8634.03 25.34
637.5 34196.58 8612.63 25.19
638.9 34374.61 8555.63 24.89
640.2 34545.58 8512.37 24.64
641.6 34634.34 8433.36 24.35
643.0 34657.83 8321.76 24.01
644.4 34696.37 8199.28 23.63
645.8 34653.86 8040.28 23.20
647.2 34834.41 7926.23 22.75
648.5 34958.93 7810.11 22.34
649.9 34861.32 7655.70 21.96
651.3 34789.65 7518.68 21.61
652.7 34680.00 7358.03 21.22
654.1 34452.30 7086.03 20.57
655.5 34172.42 6786.96 19.86
656.8 33904.63 6491.71 19.15
658.2 34070.04 6282.65 18.44
659.6 34442.82 6121.02 17.77
660.9 34748.70 5938.91 17.09
662.3 35067.95 5758.34 16.42
663.7 35364.00 5578.65 15.77
665.0 35617.00 5405.13 15.18
666.4 35877.31 5252.33 14.64
667.8 36209.10 5136.47 14.19
669.1 36482.80 5024.57 13.77
670.5 36799.72 4957.15 13.47
671.9 36995.40 4893.96 13.23
673.2 37270.13 4872.21 13.07
674.6 37530.47 4879.60 13.00
676.0 37841.78 4919.08 13.00
677.3 38141.57 4992.39 13.09
678.7 38483.75 5104.25 13.26
680.0 38922.37 5296.67 13.61
681.4 39389.45 5555.95 14.11
682.8 39844.35 5909.31 14.83
684.1 40287.78 6358.95 15.78
685.5 40705.56 6925.21 17.01
686.8 41091.84 7611.24 18.52
688.2 41433.89 8404.65 20.28
689.5 41549.57 9264.55 22.30
690.9 41633.44 10223.39 24.56
692.2 41697.60 11242.95 26.96
693.6 41771.65 12322.04 29.50
694.9 41721.88 13377.96 32.06
696.2 41751.90 14460.24 34.63
697.6 41766.04 15530.01 37.18
698.9 41796.48 16580.52 39.67
700.3 41844.24 17595.30 42.05
701.6 41918.48 18558.07 44.27
703.0 41979.40 19475.89 46.39
704.3 41981.71 20287.80 48.33
705.6 41967.18 21046.37 50.15
707.0 41980.75 21755.33 51.82
708.3 41872.71 22346.05 53.37
709.6 41753.67 22901.29 54.85
711.0 41589.99 23374.32 56.20
712.3 41418.66 23808.23 57.48
713.6 41354.04 24259.41 58.66
714.9 41240.96 24649.48 59.77
716.3 41218.54 25057.66 60.79
717.6 41221.95 25457.08 61.76
718.9 41134.56 25754.36 62.61
720.2 40936.00 25953.73 63.40
721.6 40765.66 26138.58 64.12
722.9 40572.15 26308.37 64.84
724.2 40305.71 26389.50 65.47
725.5 40134.57 26511.74 66.06
726.8 39960.91 26587.26 66.53
728.1 39855.98 26692.35 66.97
729.5 39766.23 26781.79 67.35
730.8 39707.44 26869.93 67.67
732.1 39612.07 26929.27 67.98
733.4 39556.45 27006.26 68.27
734.7 39507.57 27043.03 68.45
736.0 39511.29 27133.70 68.67
737.3 39463.58 27184.13 68.88
738.6 39569.04 27350.37 69.12
739.9 39770.92 27580.62 69.35
741.2 39928.98 27751.82 69.50
742.5 40206.42 28033.91 69.72
743.8 40696.43 28443.32 69.89
745.1 41398.16 29028.24 70.12
746.4 42245.84 29661.91 70.21
747.7 43136.62 30284.81 70.21
749.0 43980.49 30854.95 70.16
750.3 44484.44 31168.10 70.07
751.6 44396.66 31107.70 70.07
752.9 43969.12 30839.94 70.14
754.2 43470.53 30540.04 70.25
755.4 42928.75 30211.28 70.38
756.7 42746.48 30162.58 70.56
758.0 42774.71 30249.49 70.72
759.3 43048.01 30505.70 70.86
760.6 43418.76 30836.96 71.02
761.9 43775.94 31143.83 71.14
763.1 43996.61 31309.77 71.16
764.4 44239.34 31525.41 71.26
765.7 44424.25 31681.00 71.31
767.0 44583.75 31798.12 71.32
768.2 44688.00 31916.64 71.42
769.5 44782.92 32006.60 71.47
770.8 44990.42 32155.66 71.47
772.0 45014.41 32192.15 71.52
773.3 45100.97 32296.14 71.61
774.6 45226.84 32389.61 71.62
775.8 45313.45 32469.53 71.66
777.1 45344.81 32505.67 71.69
778.4 45245.88 32457.99 71.74
779.6 45226.44 32477.52 71.81
780.9 45132.00 32428.00 71.85
782.1 44952.26 32333.61 71.93
783.4 44936.32 32339.84 71.97
784.6 44935.72 32386.76 72.07
785.9 45255.62 32667.27 72.18
787.1 45836.93 33136.09 72.29
788.4 46288.94 33418.31 72.20
789.6 46219.23 33262.32 71.97
790.9 45788.99 32874.08 71.79
792.1 45296.16 32525.20 71.81
793.4 44771.54 32184.03 71.89
794.6 44415.30 31938.51 71.91
795.8 44134.47 31752.07 71.94
797.1 43801.05 31540.05 72.01
798.3 43569.08 31408.58 72.09
799.5 43411.48 31325.10 72.16
800.8 43273.13 31234.00 72.18
802.0 43071.08 31106.64 72.22
803.2 42890.28 30977.82 72.23
804.5 42742.15 30886.41 72.26
805.7 42601.95 30773.35 72.23
806.9 42426.40 30663.66 72.27
808.1 42305.67 30604.68 72.34
809.4 42221.44 30546.45 72.35
810.6 42105.70 30473.63 72.37
811.8 42062.43 30462.00 72.42
813.0 42071.08 30464.79 72.41
814.2 42081.20 30501.89 72.48
815.4 42185.03 30561.33 72.45
816.6 42225.34 30554.51 72.36
817.9 42273.21 30553.06 72.28
819.1 42166.58 30458.37 72.23
820.3 42039.03 30308.57 72.10
821.5 41905.07 30183.09 72.03
822.7 41849.58 30114.83 71.96
823.9 41838.35 30071.89 71.88
825.1 41851.34 30033.39 71.76
826.3 41890.94 29987.31 71.58
827.5 41937.05 29961.20 71.44
828.7 42011.28 29943.24 71.27
829.9 42039.57 29913.30 71.16
831.0 42140.75 29915.75 70.99
832.2 42235.78 29937.62 70.88
833.4 42305.18 29950.47 70.80
834.6 42417.19 30002.34 70.73
835.8 42496.65 30025.01 70.65
837.0 42597.61 30102.00 70.67
838.1 42745.68 30217.77 70.69
839.3 42856.00 30269.49 70.63
840.5 42989.60 30356.48 70.61
841.7 43156.80 30479.49 70.63
842.9 43298.86 30620.15 70.72
844.0 43430.88 30703.18 70.69
845.2 43568.90 30816.84 70.73
846.4 43732.15 30913.37 70.69
847.5 43960.00 31093.46 70.73
848.7 44164.79 31244.54 70.75
849.9 44393.85 31360.93 70.64
851.0 44478.08 31374.54 70.54
852.2 44569.63 31411.37 70.48
853.3 44562.81 31394.23 70.45
854.5 44594.90 31389.47 70.39
855.6 44615.97 31377.11 70.33
856.8 44687.86 31414.60 70.30
857.9 44681.40 31429.06 70.34
859.1 44832.20 31520.80 70.31
860.2 44876.88 31525.60 70.25
861.4 44954.55 31582.80 70.25
862.5 45021.69 31615.92 70.22
863.7 45150.84 31683.59 70.17
864.8 45213.35 31713.85 70.14
865.9 45167.77 31689.63 70.16
867.1 45241.43 31717.62 70.11
868.2 45295.54 31724.26 70.04
869.3 45314.27 31726.34 70.01
870.5 45282.48 31646.24 69.89
871.6 45315.83 31646.33 69.84
872.7 45413.27 31706.04 69.82
873.9 45478.16 31715.82 69.74
875.0 45456.71 31677.81 69.69
876.1 45452.45 31641.87 69.62
877.2 45498.99 31615.89 69.49
878.3 45519.98 31589.19 69.40
879.4 45563.53 31585.19 69.32
880.5 45631.08 31559.22 69.16
881.7 45596.20 31526.95 69.14
882.8 45693.96 31500.75 68.94
883.9 45722.91 31456.94 68.80
885.0 45675.63 31364.29 68.67
886.1 45712.78 31316.25 68.51
887.2 45537.58 31124.68 68.35
888.3 45475.07 31001.64 68.17
889.4 45347.40 30843.43 68.02
890.5 45259.13 30765.58 67.98
891.6 45193.70 30671.99 67.87
892.7 45201.31 30621.26 67.74
893.8 45270.56 30602.82 67.60
894.9 45248.28 30580.94 67.58
896.0 45235.90 30506.01 67.44
897.0 45257.72 30485.72 67.36
898.1 45230.13 30435.14 67.29
899.2 45252.30 30397.03 67.17
900.3 45165.90 30287.45 67.06
901.4 45101.16 30186.86 66.93
902.4 45077.20 30157.22 66.90
903.5 45018.01 30081.73 66.82
904.6 45035.56 30022.11 66.66
905.7 45038.93 29979.58 66.56
906.7 44985.82 29897.41 66.46
907.8 45025.57 29868.54 66.34
908.9 44904.57 29740.41 66.23
909.9 44897.74 29687.76 66.12
911.0 44830.08 29594.13 66.01
912.1 44749.25 29460.74 65.84
913.1 44707.00 29333.72 65.61
914.2 44554.62 29201.74 65.54
915.2 44505.45 29120.85 65.43
916.3 44491.35 29039.48 65.27
917.3 44461.10 28948.71 65.11
918.4 44383.35 28774.90 64.83
919.4 44330.69 28662.26 64.66
920.5 44315.70 28567.62 64.46
921.5 44285.78 28489.55 64.33
922.6 44268.10 28321.89 63.98
923.6 44262.16 28250.52 63.83
924.7 44333.00 28154.25 63.51
925.7 44276.22 28029.66 63.31
926.7 44252.98 27913.17 63.08
927.8 44374.33 27817.08 62.69
928.8 44502.63 27723.23 62.30
929.9 44598.23 27702.90 62.12
930.9 44802.27 27715.98 61.86
931.9 45011.35 27689.53 61.52
932.9 45355.12 27720.25 61.12
934.0 45370.16 27635.72 60.91
935.0 45397.97 27512.14 60.60
936.0 45413.73 27361.95 60.25
937.0 45319.95 27162.23 59.93
938.1 45295.44 27049.45 59.72
939.1 45257.91 26853.10 59.33
940.1 45342.90 26799.05 59.10
941.1 45568.46 26757.94 58.72
942.1 45803.34 26750.90 58.40
943.1 45999.43 26709.35 58.06
944.1 46171.28 26717.89 57.87
945.2 46338.18 26580.33 57.36
946.2 46411.22 26431.17 56.95
947.2 46518.25 26388.88 56.73
948.2 46693.82 26297.57 56.32
949.2 46838.19 26160.88 55.85
950.2 46912.95 26006.55 55.44
951.2 46909.80 25818.24 55.04
952.2 47054.57 25706.41 54.63
953.2 47260.85 25641.53 54.26
954.2 47365.65 25582.28 54.01
955.2 47408.68 25424.94 53.63
956.2 47434.65 25259.34 53.25
957.2 47543.77 25168.82 52.94
958.2 47601.59 25097.24 52.72
959.2 47735.55 25058.25 52.49
960.1 47775.14 24976.85 52.28
961.1 47870.63 24979.76 52.18
962.1 47933.44 24964.22 52.08
963.1 48032.50 24919.26 51.88
964.1 48057.21 24943.80 51.90
965.1 48243.99 25004.39 51.83
966.1 48335.33 24974.24 51.67
967.0 48410.39 25044.74 51.73
968.0 48434.88 25028.15 51.67
969.0 48556.60 25027.30 51.54
970.0 48603.65 25008.14 51.45
971.0 48737.12 25074.89 51.45
971.9 48722.90 25129.02 51.58
972.9 48879.95 25140.72 51.43
973.9 48859.53 25110.15 51.39
974.9 49044.08 25074.16 51.13
975.8 49101.73 25090.13 51.10
976.8 49135.91 25152.90 51.19
977.8 49315.41 25167.43 51.03
978.8 49372.50 25282.13 51.21
979.7 49504.50 25265.63 51.04
980.7 49626.72 25449.60 51.28
981.7 49868.69 25586.51 51.31
982.6 50026.42 25757.37 51.49
983.6 50542.44 25967.99 51.38
984.6 51139.74 26264.21 51.36
985.5 51570.00 26610.12 51.60
986.5 52881.11 27428.62 51.87
987.5 53801.49 27679.81 51.45
988.4 54737.10 28168.80 51.46
989.4 56052.04 29024.72 51.78
990.4 57074.27 29558.93 51.79
991.3 59136.61 30676.05 51.87
992.3 61232.97 31105.57 50.80
993.2 62381.81 32200.68 51.62
994.2 63759.15 32512.11 50.99
995.2 64627.45 32873.27 50.87
996.1 65405.36 33466.76 51.17
997.1 65143.00 32897.22 50.50
998.0 67149.60 32718.30 48.72
999.0 66846.51 33784.59 50.54
1000.0 67127.69 33376.34 49.72
1000.9 65712.83 33643.40 51.20
1001.9 66491.34 33042.95 49.70
1002.8 64393.95 33451.40 51.95
1003.8 65025.46 32730.94 50.34
1004.8 66172.20 31945.20 48.28
961.5 59748.86 27457.40 45.95
965.5 58598.35 27209.42 46.43
969.5 56260.49 26744.68 47.54
973.4 53913.29 26010.01 48.24
977.4 51859.95 25250.72 48.69
981.4 50850.20 24985.09 49.13
985.3 50481.20 25057.03 49.64
989.3 50535.22 25351.33 50.17
993.3 50635.09 25631.82 50.62
997.2 50595.02 25839.34 51.07
1001.2 50545.04 26051.09 51.54
1005.2 50473.33 26260.13 52.03
1009.1 50535.74 26556.63 52.55
1013.1 50697.93 26938.35 53.14
1017.1 50843.90 27326.79 53.75
1021.0 50855.49 27631.30 54.33
1025.0 50816.26 27907.43 54.92
1029.0 50641.08 28098.44 55.49
1032.9 50496.42 28286.31 56.02
1036.9 50486.34 28562.16 56.57
1040.9 50614.23 28923.15 57.14
1044.8 50848.91 29339.75 57.70
1048.8 51055.33 29697.95 58.17
1052.7 51200.97 29989.41 58.57
1056.7 51265.76 30211.28 58.93
1060.7 51328.86 30358.80 59.15
1064.6 51364.29 30463.60 59.31
1068.6 51285.22 30468.95 59.41
1072.5 51205.93 30423.53 59.41
1076.5 51155.97 30375.10 59.38
1080.4 51154.95 30307.96 59.25
1084.4 51258.31 30241.72 59.00
1088.3 51367.47 30130.53 58.66
1092.3 51376.13 29915.06 58.23
1096.2 51342.58 29684.57 57.82
1100.2 51360.86 29496.81 57.43
1104.1 51244.60 29194.31 56.97
1108.1 51175.76 28916.47 56.50
1112.0 51059.75 28595.70 56.00
1116.0 50831.30 28167.36 55.41
1119.9 50653.13 27711.30 54.71
1123.9 50703.41 27295.30 53.83
1127.8 50649.60 26672.64 52.66
1131.8 50608.23 25862.28 51.10
1135.7 50617.81 24927.31 49.25
1139.6 50606.06 23917.42 47.26
1143.6 50555.26 22932.05 45.36
1147.5 50517.05 22114.79 43.78
1151.4 50365.69 21423.60 42.54
1155.4 50355.11 20990.78 41.69
1159.3 50376.78 20725.20 41.14
1163.2 50207.59 20461.72 40.75
1167.2 50161.80 20337.30 40.54
1171.1 50174.37 20254.16 40.37
1175.0 50101.08 20139.93 40.20
1179.0 50065.70 20045.03 40.04
1182.9 50165.17 20004.09 39.88
1186.8 50159.61 19934.20 39.74
1190.7 49934.95 19782.52 39.62
1194.7 49665.47 19627.67 39.52
1198.6 49438.62 19511.42 39.47
1202.5 49264.40 19459.84 39.50
1206.4 49122.14 19445.33 39.59
1210.3 49037.26 19438.16 39.64
1214.2 48930.30 19453.57 39.76
1218.2 48765.56 19467.70 39.92
1222.1 48630.48 19515.73 40.13
1226.0 48538.40 19581.82 40.34
1229.9 48450.48 19630.14 40.52
1233.8 48352.03 19681.47 40.70
1237.7 48317.50 19734.97 40.84
1241.6 48229.08 19766.67 40.98
1245.5 48061.09 19766.40 41.13
1249.4 47934.98 19764.01 41.23
1253.3 47803.87 19758.70 41.33
1257.2 47735.46 19759.30 41.39
1261.1 47624.11 19744.24 41.46
1265.0 47490.52 19699.60 41.48
1268.9 47304.07 19601.01 41.44
1272.8 47372.70 19585.20 41.34
1276.7 47590.81 19617.48 41.22
1280.6 47691.16 19569.45 41.03
1284.5 47615.01 19417.52 40.78
1288.4 47591.67 19284.82 40.52
1292.3 47467.75 19082.25 40.20
1296.2 47318.59 18829.73 39.79
1300.1 47148.87 18550.51 39.34
1303.9 46897.39 18204.98 38.82
1307.8 46639.44 17833.73 38.24
1311.7 46386.67 17445.20 37.61
1315.6 46123.85 17038.68 36.94
1319.5 45848.18 16588.31 36.18
1323.3 45606.50 16141.75 35.39
1327.2 45386.16 15699.93 34.59
1331.1 45132.53 15244.73 33.78
1335.0 44824.46 14777.75 32.97
1338.8 44600.56 14368.28 32.22
1342.7 44421.07 13993.50 31.50
1346.5 44042.02 13573.64 30.82
1350.4 43720.62 13203.80 30.20
1354.3 43279.60 12800.23 29.58
1358.1 42799.92 12395.40 28.96
1362.0 42533.76 12054.59 28.34
1365.8 42447.40 11748.90 27.68
1369.7 42569.31 11456.90 26.91
1373.5 42515.11 11031.04 25.95
1377.4 42239.08 10463.24 24.77
1381.2 42024.35 9794.57 23.31
1385.1 42007.68 9122.58 21.72
1389.0 41913.21 8437.19 20.13
1392.8 41686.58 7732.09 18.55
1396.6 41522.45 7092.62 17.08
1400.5 41297.26 6527.81 15.81
1404.3 41119.22 6063.83 14.75
1408.2 41089.83 5697.50 13.87
1412.0 41038.18 5409.42 13.18
1415.8 41063.56 5206.05 12.68
1419.6 41020.11 5034.61 12.27
1423.5 40984.07 4910.18 11.98
1427.3 40938.38 4813.94 11.76
1431.1 40915.35 4738.35 11.58
1434.9 40812.08 4672.79 11.45
1438.8 40755.58 4636.95 11.38
1442.6 40720.04 4604.46 11.31
1446.4 40579.53 4577.73 11.28
1450.2 40476.97 4568.42 11.29
1454.0 40349.16 4548.60 11.27
1457.8 40313.93 4555.09 11.30
1461.6 40291.52 4583.60 11.38
1465.4 40157.17 4608.65 11.48
1469.2 39958.10 4641.00 11.61
1473.0 39808.79 4692.90 11.79
1476.8 39739.71 4776.97 12.02
1480.7 39668.27 4874.78 12.29
1484.4 39532.92 4972.68 12.58
1488.2 39418.92 5093.52 12.92
1492.0 39281.08 5216.56 13.28
1495.8 39157.30 5334.88 13.62
1499.6 39041.55 5439.97 13.93
1503.4 38891.42 5518.66 14.19
1507.2 38758.78 5586.29 14.41
1510.9 38603.27 5632.57 14.59
1514.7 38431.80 5658.86 14.72
1518.5 38296.78 5718.01 14.93
1522.3 38148.01 5813.53 15.24
1526.0 38038.86 5933.45 15.60
1529.8 37977.87 6062.35 15.96
1533.6 37845.65 6163.81 16.29
1537.3 37710.11 6252.20 16.58
1541.1 37580.52 6341.52 16.87
1544.8 37449.60 6436.80 17.19
1548.6 37314.89 6526.86 17.49
1552.4 37219.38 6600.83 17.73
1556.1 37135.69 6670.88 17.96
1559.9 37030.39 6734.32 18.19
1563.6 36900.49 6799.09 18.43
1567.3 36782.10 6887.98 18.73
1571.1 36560.28 6944.30 18.99
1574.8 36404.14 7020.17 19.28
1578.6 36302.38 7106.69 19.58
1582.3 36157.52 7150.28 19.78
1586.0 36009.48 7183.21 19.95
1589.8 35863.84 7213.19 20.11
1593.5 35710.53 7234.82 20.26
1597.2 35575.62 7270.23 20.44
1600.9 35432.24 7312.33 20.64
1604.7 35280.85 7341.17 20.81
1608.4 35142.04 7369.58 20.97
1612.1 34980.47 7396.43 21.14
1615.8 34834.07 7424.92 21.32
1619.5 34752.20 7461.36 21.47
1623.2 34595.03 7471.33 21.60
1626.9 34406.93 7496.09 21.79
1630.6 34230.90 7516.52 21.96
1634.3 34081.71 7524.82 22.08
1638.0 33920.36 7515.09 22.16
1641.7 33748.10 7494.24 22.21
1645.4 33556.70 7483.64 22.30
1649.1 33353.05 7459.67 22.37
1652.8 33189.89 7430.78 22.39
1656.4 33018.59 7397.01 22.40
1660.1 32845.97 7369.44 22.44
1663.8 32642.92 7337.42 22.48
1667.5 32483.35 7300.79 22.48
1671.1 32351.26 7264.96 22.46
1674.8 32144.07 7208.97 22.43
1678.5 32080.00 7174.59 22.36
1682.1 32102.13 7158.78 22.30
1685.8 32123.16 7143.71 22.24
1689.5 32018.65 7086.64 22.13
1693.1 31881.24 7005.72 21.97
1696.8 31732.38 6930.25 21.84
1700.4 31582.94 6864.92 21.74
1704.0 31466.76 6783.71 21.56
1707.7 31189.67 6664.91 21.37
1711.3 30882.00 6532.87 21.15
1715.0 30659.79 6429.40 20.97
1718.6 30484.31 6337.42 20.79
1722.2 30333.58 6246.35 20.59
1725.9 30181.80 6153.15 20.39
1729.5 30037.98 6077.31 20.23
1733.1 29910.73 6028.69 20.16
1736.7 29788.38 5992.70 20.12
1740.3 29614.18 5922.84 20.00
1744.0 29528.30 5860.62 19.85
1747.5 29373.44 5786.22 19.70
1751.2 29138.63 5681.04 19.50
1754.8 28975.37 5585.67 19.28
1758.4 28834.48 5499.89 19.07
1762.0 28639.33 5420.64 18.93
1765.5 28498.38 5370.47 18.84
1769.1 28452.00 5330.40 18.73
1772.7 28378.96 5285.04 18.62
1776.3 28252.73 5237.40 18.54
1779.9 28119.54 5190.88 18.46
1783.5 28061.20 5160.88 18.39
1787.0 27938.82 5122.95 18.34
1790.6 27774.17 5082.26 18.30
1794.2 27666.21 5057.86 18.28
1797.8 27558.84 5034.49 18.27
1801.3 27465.68 5015.47 18.26
1804.9 27315.75 4998.00 18.30
1808.4 27221.13 4988.36 18.33
1812.0 27071.27 4963.02 18.33
1815.5 26907.62 4934.50 18.34
1819.1 26703.43 4891.08 18.32
1822.6 26545.43 4857.14 18.30
1826.2 26400.51 4835.59 18.32
1829.7 26207.46 4803.20 18.33
1833.2 25952.41 4732.37 18.23
1836.8 25712.51 4659.66 18.12
1840.3 25567.16 4615.43 18.05
1843.8 25454.03 4579.05 17.99
1847.3 25371.56 4544.65 17.91
1850.8 25264.51 4491.65 17.78
1854.3 25105.60 4412.22 17.57
1857.8 25027.60 4300.40 17.18
1861.3 25027.70 4153.46 16.60
1864.8 24948.54 3956.15 15.86
1868.3 24715.93 3672.50 14.86
1871.8 24529.92 3379.20 13.78
1875.3 24489.01 3117.21 12.73
1878.8 24485.84 2884.78 11.78
1882.3 24423.29 2663.22 10.90
1885.8 24245.59 2417.33 9.97
1889.3 24030.42 2218.71 9.23
1892.7 23852.68 2080.69 8.72
1896.2 23673.74 1996.93 8.44
1899.7 23427.69 1922.27 8.21
1903.1 23323.61 1914.53 8.21
1906.6 23396.53 2086.11 8.92
1910.0 23683.33 2272.43 9.60
1913.5 24138.15 2533.53 10.50
1917.0 24628.98 3064.78 12.44
1920.4 25146.40 3328.20 13.24
1923.8 25520.19 3630.26 14.23
1871.2 22263.77 2655.63 11.93
1873.9 22507.55 2502.03 11.12
1876.7 22626.01 2356.46 10.41
1879.5 22737.83 2232.17 9.82
1882.3 22382.76 2147.16 9.59
1885.1 22317.18 1948.12 8.73
1887.8 22505.15 1781.28 7.91
1890.6 22306.26 1754.25 7.86
1893.4 22256.67 1664.67 7.48
1896.2 22163.50 1581.63 7.14
1898.9 22083.42 1560.87 7.07
1901.7 21937.94 1475.46 6.73
1904.5 22143.94 1391.27 6.28
1907.2 22059.00 1349.00 6.12
1910.0 21927.95 1340.23 6.11
1912.7 21918.25 1301.08 5.94
1915.5 21816.04 1264.48 5.80
1918.2 21741.95 1259.57 5.79
1921.0 21589.30 1251.55 5.80
1923.7 21620.81 1223.95 5.66
1926.5 21581.93 1217.99 5.64
1929.2 21568.04 1221.74 5.66
1932.0 21551.20 1219.76 5.66
1934.7 21508.34 1231.91 5.73
1937.4 21385.99 1218.96 5.70
1940.2 21322.79 1217.04 5.71
1942.9 21412.44 1236.27 5.77
1945.6 21432.94 1238.20 5.78
1948.3 21347.13 1269.52 5.95
1951.1 21319.83 1312.36 6.16
1953.8 21321.00 1296.00 6.08
1956.5 21174.65 1293.84 6.11
1959.2 21255.91 1330.55 6.26
1961.9 21274.22 1326.10 6.23
1964.6 21161.18 1353.63 6.40
1967.3 21232.43 1376.53 6.48
1970.0 21063.36 1367.52 6.49
1972.8 20962.32 1385.53 6.61
1975.5 21019.32 1407.73 6.70
1978.2 20951.00 1433.72 6.84
1980.9 20833.51 1454.59 6.98
1983.5 20753.87 1459.98 7.03
1986.2 20730.84 1478.28 7.13
1988.9 20710.47 1495.74 7.22
1991.6 20560.54 1506.27 7.33
1994.3 20429.18 1519.26 7.44
1997.0 20463.02 1562.77 7.64
1999.7 20411.81 1576.55 7.72
2002.3 20392.69 1567.78 7.69
2005.0 20300.64 1602.30 7.89
2007.7 20215.73 1613.93 7.98
2010.4 20150.59 1610.22 7.99
2013.0 20054.41 1627.34 8.11
2015.7 19971.23 1642.48 8.22
2018.4 19850.99 1653.78 8.33
2021.0 19776.67 1660.33 8.40
2023.7 19665.12 1681.87 8.55
2026.4 19623.72 1692.82 8.63
2029.0 19549.52 1706.68 8.73
2031.7 19389.93 1712.53 8.83
2034.3 19392.75 1746.33 9.01
2037.0 19277.12 1767.82 9.17
2039.6 19203.81 1747.08 9.10
2042.3 19169.68 1760.83 9.19
2044.9 19085.22 1769.96 9.27
2047.5 19057.17 1772.76 9.30
2050.2 18939.20 1792.00 9.46
2052.8 18894.40 1803.20 9.54
2055.4 18768.37 1801.47 9.60
2058.1 18622.80 1794.80 9.64
2060.7 18569.98 1819.55 9.80
2063.3 18475.60 1836.41 9.94
2065.9 18427.79 1839.71 9.98
2068.6 18352.42 1848.08 10.07
2071.2 18299.61 1863.72 10.18
2073.8 18217.15 1869.29 10.26
2076.4 18153.52 1863.63 10.27
2079.0 18135.74 1871.46 10.32
2081.6 18151.63 1896.19 10.45
2084.2 18112.28 1915.91 10.58
2086.8 17948.60 1906.30 10.62
2089.4 17865.33 1909.08 10.69
2092.1 17782.00 1935.17 10.88
2094.7 17712.75 1937.95 10.94
2097.2 17685.67 1946.50 11.01
2099.8 17677.80 1972.74 11.16
2102.4 17557.58 1967.59 11.21
2105.0 17419.20 1969.35 11.31
2107.6 17352.05 1973.90 11.38
2110.2 17317.12 1960.75 11.32
2112.8 17308.85 1978.56 11.43
2115.3 17299.79 2029.33 11.73
2117.9 17305.54 2045.68 11.82
2120.5 17283.04 2025.93 11.72
2123.1 17169.75 2012.40 11.72
2125.6 17130.75 2035.19 11.88
2128.2 17041.98 2031.11 11.92
2130.8 16938.68 2035.80 12.02
2133.3 16907.73 2047.47 12.11
2135.9 16811.63 2026.81 12.06
2138.4 16669.29 2056.77 12.34
2141.0 16557.51 2048.02 12.37
2143.6 16519.94 2046.30 12.39
2146.1 16331.26 2030.39 12.43
2148.7 16166.35 2011.62 12.44
2151.2 16200.80 2050.40 12.66
2153.8 16223.65 2054.45 12.66
2156.3 16092.71 2028.94 12.61
2158.8 16012.97 2028.94 12.67
2161.4 15977.02 2028.45 12.70
2163.9 15879.72 2019.61 12.72
2166.4 15806.34 2013.49 12.74
2169.0 15776.77 2019.40 12.80
2171.5 15691.03 1998.71 12.74
2174.0 15580.08 1978.38 12.70
2176.5 15568.93 1991.34 12.79
2179.1 15528.15 2011.79 12.96
2181.6 15436.46 1974.04 12.79
2184.1 15393.84 1971.20 12.81
2186.6 15412.36 2005.40 13.01
2189.1 15330.96 1954.89 12.75
2191.6 15265.13 1973.07 12.93
2194.1 15289.63 1969.75 12.88
2196.6 15291.79 1919.12 12.55
2199.2 15355.64 1977.89 12.88
2201.7 15282.97 1977.08 12.94
2204.1 15217.08 1946.12 12.79
2206.6 15263.16 1999.28 13.10
2209.1 15196.78 1983.34 13.05
2211.6 15154.34 1964.24 12.96
2214.1 15142.04 1984.47 13.11
2216.6 15136.36 1948.55 12.87
2219.1 15121.17 1937.15 12.81
2221.6 15017.30 1945.21 12.95
2224.0 14973.30 1912.62 12.77
2226.5 14953.65 1883.48 12.60
2229.0 14990.65 1895.72 12.65
2231.5 14856.57 1884.36 12.68
2233.9 14819.93 1843.35 12.44
2236.4 14830.12 1848.94 12.47
2238.9 14725.00 1832.88 12.45
2241.3 14738.24 1815.07 12.32
2243.8 14703.26 1807.30 12.29
2246.2 14560.76 1787.14 12.27
2248.7 14543.49 1758.64 12.09
2251.2 14547.02 1725.66 11.86
2253.6 14461.44 1731.84 11.98
2256.1 14411.52 1693.44 11.75
2258.5 14448.51 1651.92 11.43
2260.9 14358.24 1645.22 11.46
2263.4 14286.28 1627.45 11.39
2265.8 14286.52 1619.45 11.34
2268.3 14242.68 1616.30 11.35
2270.7 14293.95 1592.91 11.14
2273.1 14208.68 1560.85 10.99
2275.6 14138.88 1543.68 10.92
2278.0 14162.68 1541.18 10.88
2280.4 14119.54 1543.18 10.93
2282.8 13992.20 1506.08 10.76
2285.3 14040.77 1497.01 10.66
2287.7 14128.29 1487.81 10.53
2290.1 13998.75 1439.01 10.28
2292.5 13976.47 1400.82 10.02
2294.9 14012.61 1422.60 10.15
2297.3 13889.96 1396.12 10.05
2299.7 13787.58 1318.74 9.56
2302.1 13749.17 1312.06 9.54
2304.5 13602.40 1297.52 9.54
2306.9 13496.56 1242.64 9.21
2309.3 13451.64 1222.52 9.09
2311.7 13329.30 1220.68 9.16
2314.1 13154.03 1197.25 9.10
2316.5 13124.14 1237.16 9.43
2318.9 13145.46 1265.28 9.63
2321.3 13101.23 1236.04 9.43
2323.7 13118.10 1249.91 9.53
2326.1 13081.38 1233.18 9.43
2328.4 13108.17 1224.57 9.34
2330.8 13202.52 1239.27 9.39
2333.2 13104.54 1214.91 9.27
2335.6 13023.78 1195.68 9.18
2337.9 13062.53 1181.05 9.04
2340.3 13002.24 1171.34 9.01
2342.7 12902.35 1159.48 8.99
2345.0 12884.39 1133.86 8.80
2347.4 12860.50 1079.50 8.39
2349.7 12661.22 1076.46 8.50
2352.1 12633.43 1084.95 8.59
2354.4 12658.59 1061.69 8.39
2356.8 12578.77 1057.58 8.41
2359.2 12527.67 1070.33 8.54
2361.5 12479.13 1051.56 8.43
2363.8 12494.29 1027.65 8.22
2366.2 12489.73 1028.31 8.23
2368.5 12451.10 1027.95 8.26
2370.9 12453.76 988.61 7.94
2373.2 12415.30 1002.76 8.08
2375.5 12276.33 1004.55 8.18
2377.9 12211.78 966.37 7.91
2380.2 12242.21 957.57 7.82
2382.5 12139.99 960.36 7.91
2384.8 12068.64 955.84 7.92
2387.2 12086.52 951.73 7.87
2389.5 12068.58 949.06 7.86
2391.8 12016.43 898.38 7.48
2394.1 11909.46 921.28 7.74
2396.4 11863.59 904.77 7.63
2398.7 11940.46 837.93 7.02
2401.0 11823.50 870.32 7.36
2403.3 11693.04 876.48 7.50
2405.6 11741.09 864.71 7.36
2407.9 11668.29 841.68 7.21
2410.2 11575.79 842.24 7.28
2412.5 11525.22 823.23 7.14
2414.8 11512.67 811.33 7.05
2417.1 11505.36 815.54 7.09
2419.4 11477.63 802.34 6.99
2421.7 11364.91 841.07 7.40
2424.0 11316.90 776.65 6.86
2426.2 11347.35 716.90 6.32
2428.5 11281.78 713.90 6.33
2430.8 11243.35 763.00 6.79
2433.1 11179.50 840.81 7.52
2435.4 11100.48 800.09 7.21
2437.6 11066.91 693.78 6.27
2439.9 10932.41 701.88 6.42
2442.2 10967.11 773.61 7.05
2444.4 10975.51 712.17 6.49
2446.7 10909.12 659.92 6.05
2448.9 10931.40 675.07 6.18
2451.2 10853.16 691.36 6.37
2453.4 10787.73 674.99 6.26
2455.7 10721.98 662.90 6.18
2457.9 10647.12 641.03 6.02
2460.2 10665.45 616.50 5.78
2462.4 10576.80 592.80 5.60
2464.7 10503.38 574.06 5.47
2466.9 10471.02 577.80 5.52
2469.2 10480.86 602.80 5.75
2471.4 10359.57 669.63 6.46
2473.6 10250.05 662.81 6.47
2475.9 10220.96 609.60 5.96
2478.1 10124.53 546.53 5.40
2480.3 10080.49 508.20 5.04
2482.5 10057.71 550.42 5.47
2484.8 9961.32 531.56 5.34
2487.0 9924.93 503.65 5.07
2489.2 9935.52 535.22 5.39
2491.4 9875.23 530.27 5.37
2493.6 9884.14 556.52 5.63
2495.8 9866.24 593.88 6.02
2498.0 9849.60 575.57 5.84
2500.2 9865.68 505.50 5.12
2502.4 10096.56 523.92 5.19
2504.6 10244.49 535.23 5.22
2506.8 10345.65 477.34 4.61
