/*** Spectra Vista SIG Data ***/
name= \My Documents\HR1024_Data\GD3S11.
instrument= HR: 1091052
integration= 200, 60, 30, 400, 60, 30
scan time= 1, 1
scan settings= AD, AI, AD, AI
external data set1= 8224, 8224, 8224, 8224, 8224, 8224, 8224, 8224, 8224, 8224, 8224, 8224, 8224, 8224, 8224, 8224
external data set2= 8224, 8224, 8224, 8224, 8224, 8224, 8224, 8224, 8224, 8224, 8224, 8224, 8224, 8224, 8224, 8224
external data dark= 0,0,0,0,0,0,0,0
external data mask= 0
optic= LENS4 , LENS4 
temp= 32.98, 8.88, -5.37, 39.67, 8.88, -5.37
battery= 7.6, 7.3
error= 0, 0
units= Radiance, Radiance
time= 1/26/08 10:33:54 AM, 1/26/08 10:50:52 AM
longitude= , 
latitude= , 
gpstime= , 
comm= 
memory slot= 0, 0
factors= 
data= 
346.4 598.78 184.73 30.85
347.9 627.50 188.25 30.00
349.5 677.04 187.20 27.65
351.1 739.44 190.32 25.74
352.6 790.63 196.08 24.80
354.2 841.03 212.71 25.29
355.7 912.59 210.47 23.06
357.3 974.37 223.65 22.95
358.8 992.58 228.92 23.06
360.4 1062.29 239.19 22.52
361.9 1117.88 242.03 21.65
363.5 1149.55 244.11 21.23
365.1 1196.29 240.99 20.14
366.6 1260.16 243.40 19.32
368.2 1349.72 248.46 18.41
369.7 1403.95 254.67 18.14
371.3 1488.21 256.82 17.26
372.8 1577.00 263.94 16.74
374.4 1638.71 273.68 16.70
375.9 1688.10 276.39 16.37
377.4 1740.09 281.34 16.17
379.0 1788.57 276.88 15.48
380.5 1855.73 278.51 15.01
382.1 1905.98 270.38 14.19
383.6 1973.16 273.58 13.86
385.2 2065.25 275.00 13.32
386.7 2149.76 280.23 13.04
388.3 2271.83 292.13 12.86
389.8 2363.45 307.44 13.01
391.3 2453.59 318.88 13.00
392.9 2526.36 328.60 13.01
394.4 2602.50 341.26 13.11
395.9 2690.98 368.95 13.71
397.5 2829.48 373.07 13.18
399.0 2963.31 367.71 12.41
400.6 3033.76 369.32 12.17
402.1 3072.78 359.91 11.71
403.6 3116.75 365.62 11.73
405.1 3199.00 371.31 11.61
406.7 3304.00 380.80 11.53
408.2 3412.53 393.15 11.52
409.7 3521.28 406.56 11.55
411.3 3642.17 425.72 11.69
412.8 3732.75 443.19 11.87
414.3 3845.02 463.80 12.06
415.8 3965.00 475.00 11.98
417.4 4085.95 503.47 12.32
418.9 4192.21 513.59 12.25
420.4 4267.16 533.40 12.50
421.9 4346.32 529.98 12.19
423.5 4413.15 546.39 12.38
425.0 4492.75 552.89 12.31
426.5 4594.55 557.93 12.14
428.0 4712.54 574.70 12.20
429.5 4856.53 590.53 12.16
431.1 5025.20 614.36 12.23
432.6 5198.44 635.39 12.22
434.1 5370.75 662.20 12.33
435.6 5520.56 677.25 12.27
437.1 5670.60 694.20 12.24
438.6 5806.58 719.19 12.39
440.1 5943.54 737.49 12.41
441.6 6091.61 760.95 12.49
443.1 6230.93 791.78 12.71
444.7 6356.12 822.00 12.93
446.2 6474.98 856.74 13.23
447.7 6582.53 881.34 13.39
449.2 6691.68 914.76 13.67
450.7 6814.08 928.72 13.63
452.2 6930.56 955.97 13.79
453.7 7066.33 992.71 14.05
455.2 7233.85 1024.05 14.16
456.7 7443.04 1065.68 14.32
458.2 7673.27 1106.17 14.42
459.7 7920.50 1149.75 14.52
461.2 8156.07 1187.85 14.56
462.7 8366.46 1232.42 14.73
464.2 8568.06 1264.53 14.76
465.7 8788.58 1301.11 14.80
467.2 8970.50 1336.91 14.90
468.7 9176.00 1382.00 15.06
470.2 9305.26 1430.34 15.37
471.7 9490.50 1458.25 15.37
473.2 9788.42 1474.85 15.07
474.6 10042.30 1487.49 14.81
476.1 10127.24 1513.68 14.95
477.6 10169.21 1538.60 15.13
479.1 10224.56 1561.23 15.27
480.6 10293.47 1583.75 15.39
482.1 10426.95 1607.40 15.42
483.6 10590.11 1638.50 15.47
485.1 10796.39 1677.50 15.54
486.6 11041.55 1730.70 15.67
488.0 11290.50 1791.56 15.87
489.5 11568.25 1856.44 16.05
491.0 11840.59 1932.58 16.32
492.5 12119.22 2018.52 16.66
494.0 12409.65 2111.60 17.02
495.4 12660.45 2209.35 17.45
496.9 12912.44 2320.47 17.97
498.4 13155.80 2443.12 18.57
499.9 13408.52 2570.24 19.17
501.4 13645.90 2711.73 19.87
502.8 13864.50 2864.36 20.66
504.3 14081.40 3028.50 21.51
505.8 14291.05 3201.78 22.40
507.2 14436.37 3373.54 23.37
508.7 14548.87 3550.96 24.41
510.2 14651.50 3731.12 25.47
511.6 14718.08 3900.07 26.50
513.1 14838.45 4096.24 27.61
514.6 14986.45 4297.57 28.68
516.0 15112.04 4493.68 29.74
517.5 15305.31 4731.55 30.91
519.0 15537.89 4971.79 32.00
520.5 15768.60 5221.76 33.11
521.9 16045.99 5487.34 34.20
523.4 16363.11 5764.33 35.23
524.8 16675.79 6034.89 36.19
526.3 17027.53 6319.04 37.11
527.8 17380.80 6590.49 37.92
529.2 17706.86 6850.71 38.69
530.7 18056.71 7109.21 39.37
532.1 18377.28 7343.26 39.96
533.6 18738.23 7589.36 40.50
535.0 19114.67 7827.44 40.95
536.5 19476.07 8066.30 41.42
538.0 19846.24 8303.92 41.84
539.4 20198.95 8530.96 42.23
540.9 20626.19 8768.03 42.51
542.3 20984.92 8964.18 42.72
543.8 21250.33 9127.17 42.95
545.2 21329.19 9228.47 43.27
546.6 21331.64 9308.86 43.64
548.1 21362.06 9379.34 43.91
549.5 21376.46 9442.08 44.17
551.0 21386.66 9487.84 44.36
552.4 21443.54 9552.63 44.55
553.9 21463.89 9592.61 44.69
555.3 21521.57 9631.44 44.75
556.8 21650.10 9697.68 44.79
558.2 21773.81 9751.22 44.78
559.6 21936.94 9816.68 44.75
561.1 22168.25 9906.00 44.69
562.5 22423.78 10001.20 44.60
564.0 22757.43 10122.60 44.48
565.4 23059.14 10224.40 44.34
566.8 23449.52 10342.38 44.10
568.3 23818.66 10444.55 43.85
569.7 24198.01 10537.87 43.55
571.1 24579.14 10614.59 43.19
572.6 24952.86 10687.95 42.83
574.0 25317.60 10754.70 42.48
575.4 25678.69 10809.28 42.09
576.9 26008.29 10863.64 41.77
578.3 26306.64 10907.33 41.46
579.7 26593.28 10948.21 41.17
581.1 26823.10 10982.40 40.94
582.6 27065.10 11013.52 40.69
584.0 27286.52 11033.54 40.44
585.4 27587.92 11084.17 40.18
586.8 27978.96 11158.96 39.88
588.3 28419.30 11254.23 39.60
589.7 28786.68 11329.11 39.36
591.1 29016.81 11362.13 39.16
592.5 29127.43 11361.14 39.00
594.0 29186.34 11341.98 38.86
595.4 29194.56 11308.75 38.74
596.8 29193.45 11278.41 38.63
598.2 29177.08 11224.15 38.47
599.6 29153.88 11169.72 38.31
601.0 29216.28 11136.04 38.12
602.4 29261.60 11086.66 37.89
603.9 29364.60 11054.39 37.65
605.3 29484.10 11017.76 37.37
606.7 29584.80 10963.80 37.06
608.1 29785.49 10942.61 36.74
609.5 30013.28 10916.33 36.37
610.9 30296.78 10911.85 36.02
612.3 30557.28 10886.28 35.63
613.7 30914.00 10889.60 35.23
615.1 31159.08 10846.71 34.81
616.5 31406.64 10812.08 34.43
617.9 31801.61 10844.12 34.10
619.3 32170.62 10883.51 33.83
620.7 32635.92 10979.58 33.64
622.1 33083.75 10992.45 33.23
623.5 33564.04 10954.23 32.64
624.9 34116.86 10900.05 31.95
626.3 34490.69 10762.20 31.20
627.7 34145.81 10524.54 30.82
629.1 33851.16 10422.88 30.79
630.5 33743.57 10459.25 31.00
631.9 33775.53 10567.68 31.29
633.3 33808.52 10648.14 31.50
634.7 33992.91 10760.71 31.66
636.1 34075.08 10791.72 31.67
637.5 34196.58 10805.60 31.60
638.9 34374.61 10785.91 31.38
640.2 34545.58 10737.95 31.08
641.6 34634.34 10691.46 30.87
643.0 34657.83 10591.01 30.56
644.4 34696.37 10484.11 30.22
645.8 34653.86 10317.43 29.77
647.2 34834.41 10189.99 29.25
648.5 34958.93 10061.31 28.78
649.9 34861.32 9882.70 28.35
651.3 34789.65 9758.85 28.05
652.7 34680.00 9594.38 27.67
654.1 34452.30 9252.06 26.85
655.5 34172.42 8861.87 25.93
656.8 33904.63 8486.29 25.03
658.2 34070.04 8237.33 24.18
659.6 34442.82 8052.37 23.38
660.9 34748.70 7842.67 22.57
662.3 35067.95 7633.57 21.77
663.7 35364.00 7423.50 20.99
665.0 35617.00 7230.44 20.30
666.4 35877.31 7041.65 19.63
667.8 36209.10 6916.10 19.10
669.1 36482.80 6787.36 18.60
670.5 36799.72 6699.40 18.21
671.9 36995.40 6623.88 17.90
673.2 37270.13 6602.28 17.71
674.6 37530.47 6600.66 17.59
676.0 37841.78 6647.54 17.57
677.3 38141.57 6730.19 17.65
678.7 38483.75 6873.31 17.86
680.0 38922.37 7102.28 18.25
681.4 39389.45 7417.54 18.83
682.8 39844.35 7829.41 19.65
684.1 40287.78 8366.67 20.77
685.5 40705.56 9031.00 22.19
686.8 41091.84 9822.78 23.90
688.2 41433.89 10748.24 25.94
689.5 41549.57 11722.55 28.21
690.9 41633.44 12796.40 30.74
692.2 41697.60 13921.73 33.39
693.6 41771.65 15122.50 36.20
694.9 41721.88 16294.64 39.06
696.2 41751.90 17485.03 41.88
697.6 41766.04 18625.82 44.60
698.9 41796.48 19743.24 47.24
700.3 41844.24 20831.34 49.78
701.6 41918.48 21879.44 52.20
703.0 41979.40 22851.90 54.44
704.3 41981.71 23699.49 56.45
705.6 41967.18 24498.99 58.38
707.0 41980.75 25227.90 60.09
708.3 41872.71 25834.02 61.70
709.6 41753.67 26391.04 63.21
711.0 41589.99 26855.33 64.57
712.3 41418.66 27268.28 65.84
713.6 41354.04 27716.85 67.02
714.9 41240.96 28105.24 68.15
716.3 41218.54 28520.17 69.19
717.6 41221.95 28927.61 70.18
718.9 41134.56 29203.37 70.99
720.2 40936.00 29377.60 71.76
721.6 40765.66 29553.16 72.50
722.9 40572.15 29690.36 73.18
724.2 40305.71 29759.24 73.83
725.5 40134.57 29868.26 74.42
726.8 39960.91 29926.78 74.89
728.1 39855.98 30021.37 75.32
729.5 39766.23 30099.79 75.69
730.8 39707.44 30180.94 76.01
732.1 39612.07 30232.76 76.32
733.4 39556.45 30297.47 76.59
734.7 39507.57 30334.21 76.78
736.0 39511.29 30430.30 77.02
737.3 39463.58 30486.96 77.25
738.6 39569.04 30653.58 77.47
739.9 39770.92 30916.63 77.74
741.2 39928.98 31112.45 77.92
742.5 40206.42 31439.36 78.19
743.8 40696.43 31896.77 78.38
745.1 41398.16 32543.52 78.61
746.4 42245.84 33252.99 78.71
747.7 43136.62 33937.36 78.67
749.0 43980.49 34565.55 78.59
750.3 44484.44 34897.52 78.45
751.6 44396.66 34811.49 78.41
752.9 43969.12 34499.81 78.46
754.2 43470.53 34172.62 78.61
755.4 42928.75 33823.04 78.79
756.7 42746.48 33778.64 79.02
758.0 42774.71 33879.06 79.20
759.3 43048.01 34176.29 79.39
760.6 43418.76 34554.52 79.58
761.9 43775.94 34905.09 79.74
763.1 43996.61 35116.14 79.82
764.4 44239.34 35347.59 79.90
765.7 44424.25 35535.50 79.99
767.0 44583.75 35691.77 80.06
768.2 44688.00 35804.16 80.12
769.5 44782.92 35899.13 80.16
770.8 44990.42 36082.18 80.20
772.0 45014.41 36123.55 80.25
773.3 45100.97 36230.12 80.33
774.6 45226.84 36357.75 80.39
775.8 45313.45 36449.97 80.44
777.1 45344.81 36475.48 80.44
778.4 45245.88 36427.98 80.51
779.6 45226.44 36438.96 80.57
780.9 45132.00 36408.00 80.67
782.1 44952.26 36290.05 80.73
783.4 44936.32 36320.96 80.83
784.6 44935.72 36352.18 80.90
785.9 45255.62 36672.35 81.03
787.1 45836.93 37219.85 81.20
788.4 46288.94 37537.70 81.09
789.6 46219.23 37358.45 80.83
790.9 45788.99 36888.74 80.56
792.1 45296.16 36473.12 80.52
793.4 44771.54 36099.51 80.63
794.6 44415.30 35821.91 80.65
795.8 44134.47 35608.39 80.68
797.1 43801.05 35376.19 80.77
798.3 43569.08 35224.61 80.85
799.5 43411.48 35148.87 80.97
800.8 43273.13 35021.92 80.93
802.0 43071.08 34903.44 81.04
803.2 42890.28 34745.24 81.01
804.5 42742.15 34644.61 81.05
805.7 42601.95 34508.94 81.00
806.9 42426.40 34394.53 81.07
808.1 42305.67 34310.22 81.10
809.4 42221.44 34276.28 81.18
810.6 42105.70 34186.43 81.19
811.8 42062.43 34188.58 81.28
813.0 42071.08 34210.69 81.32
814.2 42081.20 34249.16 81.39
815.4 42185.03 34294.75 81.30
816.6 42225.34 34311.34 81.26
817.9 42273.21 34292.12 81.12
819.1 42166.58 34178.12 81.05
820.3 42039.03 34003.54 80.89
821.5 41905.07 33886.48 80.86
822.7 41849.58 33805.13 80.78
823.9 41838.35 33761.35 80.69
825.1 41851.34 33704.72 80.53
826.3 41890.94 33675.82 80.39
827.5 41937.05 33653.77 80.25
828.7 42011.28 33625.44 80.04
829.9 42039.57 33591.87 79.91
831.0 42140.75 33612.43 79.76
832.2 42235.78 33647.18 79.67
833.4 42305.18 33681.77 79.62
834.6 42417.19 33721.88 79.50
835.8 42496.65 33774.30 79.48
837.0 42597.61 33842.10 79.45
838.1 42745.68 33973.01 79.48
839.3 42856.00 34058.35 79.47
840.5 42989.60 34150.11 79.44
841.7 43156.80 34295.67 79.47
842.9 43298.86 34452.42 79.57
844.0 43430.88 34559.12 79.57
845.2 43568.90 34686.36 79.61
846.4 43732.15 34784.25 79.54
847.5 43960.00 34989.41 79.59
848.7 44164.79 35148.70 79.59
849.9 44393.85 35261.35 79.43
851.0 44478.08 35284.35 79.33
852.2 44569.63 35334.11 79.28
853.3 44562.81 35301.42 79.22
854.5 44594.90 35287.33 79.13
855.6 44615.97 35296.61 79.11
856.8 44687.86 35352.82 79.11
857.9 44681.40 35344.66 79.10
859.1 44832.20 35467.10 79.11
860.2 44876.88 35494.56 79.09
861.4 44954.55 35556.12 79.09
862.5 45021.69 35603.43 79.08
863.7 45150.84 35688.70 79.04
864.8 45213.35 35717.15 79.00
865.9 45167.77 35653.79 78.94
867.1 45241.43 35699.44 78.91
868.2 45295.54 35708.04 78.83
869.3 45314.27 35730.05 78.85
870.5 45282.48 35669.52 78.77
871.6 45315.83 35670.61 78.72
872.7 45413.27 35750.79 78.72
873.9 45478.16 35768.62 78.65
875.0 45456.71 35737.13 78.62
876.1 45452.45 35681.83 78.50
877.2 45498.99 35692.70 78.45
878.3 45519.98 35655.32 78.33
879.4 45563.53 35656.12 78.26
880.5 45631.08 35657.82 78.14
881.7 45596.20 35587.18 78.05
882.8 45693.96 35584.26 77.88
883.9 45722.91 35564.21 77.78
885.0 45675.63 35481.13 77.68
886.1 45712.78 35329.20 77.29
887.2 45537.58 35161.19 77.21
888.3 45475.07 34985.32 76.93
889.4 45347.40 34856.32 76.87
890.5 45259.13 34732.29 76.74
891.6 45193.70 34664.45 76.70
892.7 45201.31 34602.16 76.55
893.8 45270.56 34604.77 76.44
894.9 45248.28 34584.44 76.43
896.0 45235.90 34479.87 76.22
897.0 45257.72 34451.07 76.12
898.1 45230.13 34419.48 76.10
899.2 45252.30 34366.53 75.94
900.3 45165.90 34240.64 75.81
901.4 45101.16 34122.84 75.66
902.4 45077.20 34082.53 75.61
903.5 45018.01 34017.84 75.56
904.6 45035.56 33955.68 75.40
905.7 45038.93 33894.34 75.26
906.7 44985.82 33847.76 75.24
907.8 45025.57 33805.49 75.08
908.9 44904.57 33690.57 75.03
909.9 44897.74 33602.53 74.84
911.0 44830.08 33497.52 74.72
912.1 44749.25 33350.49 74.53
913.1 44707.00 33221.50 74.31
914.2 44554.62 33053.61 74.19
915.2 44505.45 33011.96 74.18
916.3 44491.35 32928.83 74.01
917.3 44461.10 32802.82 73.78
918.4 44383.35 32600.70 73.45
919.4 44330.69 32499.95 73.31
920.5 44315.70 32384.55 73.08
921.5 44285.78 32286.07 72.90
922.6 44268.10 32129.39 72.58
923.6 44262.16 32060.53 72.43
924.7 44333.00 31975.88 72.13
925.7 44276.22 31803.51 71.83
926.7 44252.98 31686.85 71.60
927.8 44374.33 31568.50 71.14
928.8 44502.63 31511.04 70.81
929.9 44598.23 31461.82 70.54
930.9 44802.27 31443.80 70.18
931.9 45011.35 31483.73 69.95
932.9 45355.12 31553.16 69.57
934.0 45370.16 31426.34 69.27
935.0 45397.97 31306.10 68.96
936.0 45413.73 31116.82 68.52
937.0 45319.95 30938.90 68.27
938.1 45295.44 30776.29 67.95
939.1 45257.91 30620.59 67.66
940.1 45342.90 30513.89 67.30
941.1 45568.46 30516.35 66.97
942.1 45803.34 30512.65 66.62
943.1 45999.43 30450.68 66.20
944.1 46171.28 30465.85 65.98
945.2 46338.18 30356.13 65.51
946.2 46411.22 30237.21 65.15
947.2 46518.25 30113.81 64.74
948.2 46693.82 30043.68 64.34
949.2 46838.19 29924.78 63.89
950.2 46912.95 29757.90 63.43
951.2 46909.80 29609.58 63.12
952.2 47054.57 29483.56 62.66
953.2 47260.85 29382.76 62.17
954.2 47365.65 29313.34 61.89
955.2 47408.68 29165.71 61.52
956.2 47434.65 28953.92 61.04
957.2 47543.77 28848.76 60.68
958.2 47601.59 28766.43 60.43
959.2 47735.55 28779.53 60.29
960.1 47775.14 28678.70 60.03
961.1 47870.63 28670.15 59.89
962.1 47933.44 28615.78 59.70
963.1 48032.50 28613.36 59.57
964.1 48057.21 28679.30 59.68
965.1 48243.99 28744.98 59.58
966.1 48335.33 28682.51 59.34
967.0 48410.39 28767.06 59.42
968.0 48434.88 28738.72 59.33
969.0 48556.60 28815.10 59.34
970.0 48603.65 28859.79 59.38
971.0 48737.12 28857.20 59.21
971.9 48722.90 28848.78 59.21
972.9 48879.95 28878.02 59.08
973.9 48859.53 28781.68 58.91
974.9 49044.08 28858.17 58.84
975.8 49101.73 28865.00 58.79
976.8 49135.91 28872.59 58.76
977.8 49315.41 28974.40 58.75
978.8 49372.50 28959.53 58.66
979.7 49504.50 29060.98 58.70
980.7 49626.72 29147.75 58.73
981.7 49868.69 29195.14 58.54
982.6 50026.42 29454.14 58.88
983.6 50542.44 29639.42 58.64
984.6 51139.74 29856.67 58.38
985.5 51570.00 30598.20 59.33
986.5 52881.11 30748.51 58.15
987.5 53801.49 31529.32 58.60
988.4 54737.10 32063.35 58.58
989.4 56052.04 33081.94 59.02
990.4 57074.27 33792.06 59.21
991.3 59136.61 34766.19 58.79
992.3 61232.97 34724.77 56.71
993.2 62381.81 35678.81 57.19
994.2 63759.15 36686.81 57.54
995.2 64627.45 36929.97 57.14
996.1 65405.36 36523.08 55.84
997.1 65143.00 37294.37 57.25
998.0 67149.60 37514.70 55.87
999.0 66846.51 37036.58 55.41
1000.0 67127.69 36938.98 55.03
1000.9 65712.83 37381.55 56.89
1001.9 66491.34 36691.87 55.18
1002.8 64393.95 36587.47 56.82
1003.8 65025.46 36440.44 56.04
1004.8 66172.20 36508.80 55.17
961.5 59748.86 31808.05 53.24
965.5 58598.35 31218.34 53.28
969.5 56260.49 30160.26 53.61
973.4 53913.29 29345.78 54.43
977.4 51859.95 28528.88 55.01
981.4 50850.20 28122.57 55.30
985.3 50481.20 28151.46 55.77
989.3 50535.22 28473.46 56.34
993.3 50635.09 28872.53 57.02
997.2 50595.02 29148.88 57.61
1001.2 50545.04 29378.96 58.12
1005.2 50473.33 29601.25 58.65
1009.1 50535.74 29928.20 59.22
1013.1 50697.93 30351.46 59.87
1017.1 50843.90 30766.48 60.51
1021.0 50855.49 31113.24 61.18
1025.0 50816.26 31437.78 61.87
1029.0 50641.08 31618.19 62.44
1032.9 50496.42 31814.77 63.00
1036.9 50486.34 32121.96 63.63
1040.9 50614.23 32505.96 64.22
1044.8 50848.91 32960.40 64.82
1048.8 51055.33 33372.13 65.36
1052.7 51200.97 33698.30 65.82
1056.7 51265.76 33924.27 66.17
1060.7 51328.86 34092.75 66.42
1064.6 51364.29 34216.67 66.62
1068.6 51285.22 34214.42 66.71
1072.5 51205.93 34153.71 66.70
1076.5 51155.97 34096.65 66.65
1080.4 51154.95 34011.01 66.49
1084.4 51258.31 33933.48 66.20
1088.3 51367.47 33836.90 65.87
1092.3 51376.13 33636.15 65.47
1096.2 51342.58 33383.70 65.02
1100.2 51360.86 33145.64 64.53
1104.1 51244.60 32829.79 64.06
1108.1 51175.76 32534.06 63.57
1112.0 51059.75 32180.18 63.02
1116.0 50831.30 31716.04 62.39
1119.9 50653.13 31208.39 61.61
1123.9 50703.41 30765.17 60.68
1127.8 50649.60 30067.20 59.36
1131.8 50608.23 29188.41 57.68
1135.7 50617.81 28188.93 55.69
1139.6 50606.06 27086.70 53.52
1143.6 50555.26 26025.58 51.48
1147.5 50517.05 25112.39 49.71
1151.4 50365.69 24336.74 48.32
1155.4 50355.11 23857.83 47.38
1159.3 50376.78 23572.19 46.79
1163.2 50207.59 23298.24 46.40
1167.2 50161.80 23155.14 46.16
1171.1 50174.37 23062.47 45.96
1175.0 50101.08 22954.44 45.82
1179.0 50065.70 22860.01 45.66
1182.9 50165.17 22814.06 45.48
1186.8 50159.61 22746.60 45.35
1190.7 49934.95 22574.29 45.21
1194.7 49665.47 22405.79 45.11
1198.6 49438.62 22279.95 45.07
1202.5 49264.40 22209.22 45.08
1206.4 49122.14 22181.98 45.16
1210.3 49037.26 22184.82 45.24
1214.2 48930.30 22201.86 45.37
1218.2 48765.56 22227.45 45.58
1222.1 48630.48 22266.73 45.79
1226.0 48538.40 22323.92 45.99
1229.9 48450.48 22390.38 46.21
1233.8 48352.03 22427.35 46.38
1237.7 48317.50 22484.60 46.54
1241.6 48229.08 22535.16 46.73
1245.5 48061.09 22536.66 46.89
1249.4 47934.98 22519.41 46.98
1253.3 47803.87 22513.93 47.10
1257.2 47735.46 22528.67 47.19
1261.1 47624.11 22511.52 47.27
1265.0 47490.52 22472.03 47.32
1268.9 47304.07 22360.99 47.27
1272.8 47372.70 22361.10 47.20
1276.7 47590.81 22392.33 47.05
1280.6 47691.16 22334.36 46.83
1284.5 47615.01 22178.62 46.58
1288.4 47591.67 22019.53 46.27
1292.3 47467.75 21785.50 45.90
1296.2 47318.59 21524.73 45.49
1300.1 47148.87 21212.44 44.99
1303.9 46897.39 20824.20 44.40
1307.8 46639.44 20420.60 43.78
1311.7 46386.67 19989.57 43.09
1315.6 46123.85 19519.37 42.32
1319.5 45848.18 19036.60 41.52
1323.3 45606.50 18549.92 40.67
1327.2 45386.16 18053.05 39.78
1331.1 45132.53 17547.41 38.88
1335.0 44824.46 17017.62 37.97
1338.8 44600.56 16548.32 37.10
1342.7 44421.07 16136.02 36.33
1346.5 44042.02 15683.95 35.61
1350.4 43720.62 15279.39 34.95
1354.3 43279.60 14834.36 34.28
1358.1 42799.92 14380.90 33.60
1362.0 42533.76 13988.52 32.89
1365.8 42447.40 13642.09 32.14
1369.7 42569.31 13342.88 31.34
1373.5 42515.11 12892.70 30.32
1377.4 42239.08 12258.26 29.02
1381.2 42024.35 11518.76 27.41
1385.1 42007.68 10777.01 25.65
1389.0 41913.21 10025.22 23.92
1392.8 41686.58 9257.79 22.21
1396.6 41522.45 8559.80 20.61
1400.5 41297.26 7940.63 19.23
1404.3 41119.22 7435.62 18.08
1408.2 41089.83 7041.39 17.14
1412.0 41038.18 6723.73 16.38
1415.8 41063.56 6497.41 15.82
1419.6 41020.11 6308.06 15.38
1423.5 40984.07 6167.75 15.05
1427.3 40938.38 6055.42 14.79
1431.1 40915.35 5968.28 14.59
1434.9 40812.08 5906.49 14.47
1438.8 40755.58 5870.84 14.40
1442.6 40720.04 5846.16 14.36
1446.4 40579.53 5799.38 14.29
1450.2 40476.97 5779.47 14.28
1454.0 40349.16 5770.68 14.30
1457.8 40313.93 5773.42 14.32
1461.6 40291.52 5801.80 14.40
1465.4 40157.17 5833.67 14.53
1469.2 39958.10 5867.23 14.68
1473.0 39808.79 5915.65 14.86
1476.8 39739.71 6009.36 15.12
1480.7 39668.27 6119.12 15.43
1484.4 39532.92 6222.12 15.74
1488.2 39418.92 6352.08 16.11
1492.0 39281.08 6487.72 16.52
1495.8 39157.30 6615.70 16.90
1499.6 39041.55 6729.89 17.24
1503.4 38891.42 6820.53 17.54
1507.2 38758.78 6897.71 17.80
1510.9 38603.27 6963.40 18.04
1514.7 38431.80 7024.79 18.28
1518.5 38296.78 7108.05 18.56
1522.3 38148.01 7201.76 18.88
1526.0 38038.86 7307.29 19.21
1529.8 37977.87 7411.13 19.51
1533.6 37845.65 7504.60 19.83
1537.3 37710.11 7606.37 20.17
1541.1 37580.52 7708.82 20.51
1544.8 37449.60 7809.60 20.85
1548.6 37314.89 7904.35 21.18
1552.4 37219.38 7985.77 21.46
1556.1 37135.69 8042.17 21.66
1559.9 37030.39 8096.51 21.86
1563.6 36900.49 8182.33 22.17
1567.3 36782.10 8288.52 22.53
1571.1 36560.28 8346.06 22.83
1574.8 36404.14 8416.56 23.12
1578.6 36302.38 8503.67 23.42
1582.3 36157.52 8552.62 23.65
1586.0 36009.48 8587.26 23.85
1589.8 35863.84 8620.70 24.04
1593.5 35710.53 8642.40 24.20
1597.2 35575.62 8672.41 24.38
1600.9 35432.24 8710.88 24.58
1604.7 35280.85 8744.52 24.79
1608.4 35142.04 8786.71 25.00
1612.1 34980.47 8814.20 25.20
1615.8 34834.07 8834.83 25.36
1619.5 34752.20 8868.80 25.52
1623.2 34595.03 8898.00 25.72
1626.9 34406.93 8910.54 25.90
1630.6 34230.90 8917.70 26.05
1634.3 34081.71 8932.09 26.21
1638.0 33920.36 8925.52 26.31
1641.7 33748.10 8904.21 26.38
1645.4 33556.70 8876.95 26.45
1649.1 33353.05 8833.51 26.48
1652.8 33189.89 8804.22 26.53
1656.4 33018.59 8761.67 26.54
1660.1 32845.97 8725.23 26.56
1663.8 32642.92 8683.91 26.60
1667.5 32483.35 8633.96 26.58
1671.1 32351.26 8587.14 26.54
1674.8 32144.07 8534.11 26.55
1678.5 32080.00 8511.35 26.53
1682.1 32102.13 8493.15 26.46
1685.8 32123.16 8468.45 26.36
1689.5 32018.65 8402.83 26.24
1693.1 31881.24 8328.18 26.12
1696.8 31732.38 8246.00 25.99
1700.4 31582.94 8153.59 25.82
1704.0 31466.76 8073.00 25.66
1707.7 31189.67 7937.71 25.45
1711.3 30882.00 7795.06 25.24
1715.0 30659.79 7670.33 25.02
1718.6 30484.31 7571.36 24.84
1722.2 30333.58 7472.02 24.63
1725.9 30181.80 7366.89 24.41
1729.5 30037.98 7288.93 24.27
1733.1 29910.73 7225.79 24.16
1736.7 29788.38 7173.01 24.08
1740.3 29614.18 7105.97 24.00
1744.0 29528.30 7049.03 23.87
1747.5 29373.44 6953.03 23.67
1751.2 29138.63 6822.98 23.42
1754.8 28975.37 6720.93 23.20
1758.4 28834.48 6629.90 22.99
1762.0 28639.33 6529.14 22.80
1765.5 28498.38 6457.47 22.66
1769.1 28452.00 6422.40 22.57
1772.7 28378.96 6384.18 22.50
1776.3 28252.73 6328.73 22.40
1779.9 28119.54 6279.57 22.33
1783.5 28061.20 6247.12 22.26
1787.0 27938.82 6195.02 22.17
1790.6 27774.17 6151.95 22.15
1794.2 27666.21 6129.75 22.16
1797.8 27558.84 6101.95 22.14
1801.3 27465.68 6074.64 22.12
1804.9 27315.75 6042.75 22.12
1808.4 27221.13 6037.28 22.18
1812.0 27071.27 6011.01 22.20
1815.5 26907.62 5977.00 22.21
1819.1 26703.43 5925.57 22.19
1822.6 26545.43 5887.44 22.18
1826.2 26400.51 5854.38 22.18
1829.7 26207.46 5802.87 22.14
1833.2 25952.41 5738.73 22.11
1836.8 25712.51 5662.93 22.02
1840.3 25567.16 5610.78 21.95
1843.8 25454.03 5594.33 21.98
1847.3 25371.56 5575.36 21.97
1850.8 25264.51 5527.87 21.88
1854.3 25105.60 5466.43 21.77
1857.8 25027.60 5387.20 21.53
1861.3 25027.70 5234.90 20.92
1864.8 24948.54 5013.81 20.10
1868.3 24715.93 4678.77 18.93
1871.8 24529.92 4308.48 17.56
1875.3 24489.01 3999.00 16.33
1878.8 24485.84 3735.52 15.26
1882.3 24423.29 3501.35 14.34
1885.8 24245.59 3236.49 13.35
1889.3 24030.42 3011.10 12.53
1892.7 23852.68 2868.70 12.03
1896.2 23673.74 2768.69 11.70
1899.7 23427.69 2730.50 11.66
1903.1 23323.61 2794.18 11.98
1906.6 23396.53 2920.55 12.48
1910.0 23683.33 3168.90 13.38
1913.5 24138.15 3535.81 14.65
1917.0 24628.98 3914.05 15.89
1920.4 25146.40 4437.60 17.65
1923.8 25520.19 4768.10 18.68
1871.2 22263.77 3147.83 14.14
1873.9 22507.55 2996.00 13.31
1876.7 22626.01 2915.62 12.89
1879.5 22737.83 2742.92 12.06
1882.3 22382.76 2508.02 11.21
1885.1 22317.18 2361.88 10.58
1887.8 22505.15 2218.35 9.86
1890.6 22306.26 2112.90 9.47
1893.4 22256.67 1958.00 8.80
1896.2 22163.50 1774.18 8.00
1898.9 22083.42 1747.15 7.91
1901.7 21937.94 1734.11 7.90
1904.5 22143.94 1750.99 7.91
1907.2 22059.00 1710.00 7.75
1910.0 21927.95 1668.81 7.61
1912.7 21918.25 1653.38 7.54
1915.5 21816.04 1622.00 7.43
1918.2 21741.95 1588.78 7.31
1921.0 21589.30 1547.25 7.17
1923.7 21620.81 1574.12 7.28
1926.5 21581.93 1559.94 7.23
1929.2 21568.04 1555.23 7.21
1932.0 21551.20 1567.36 7.27
1934.7 21508.34 1560.21 7.25
1937.4 21385.99 1560.14 7.30
1940.2 21322.79 1555.11 7.29
1942.9 21412.44 1586.45 7.41
1945.6 21432.94 1600.60 7.47
1948.3 21347.13 1597.43 7.48
1951.1 21319.83 1622.39 7.61
1953.8 21321.00 1635.00 7.67
1956.5 21174.65 1617.30 7.64
1959.2 21255.91 1653.47 7.78
1961.9 21274.22 1686.68 7.93
1964.6 21161.18 1701.70 8.04
1967.3 21232.43 1729.57 8.15
1970.0 21063.36 1734.56 8.23
1972.8 20962.32 1747.35 8.34
1975.5 21019.32 1767.71 8.41
1978.2 20951.00 1792.88 8.56
1980.9 20833.51 1804.39 8.66
1983.5 20753.87 1808.98 8.72
1986.2 20730.84 1830.39 8.83
1988.9 20710.47 1865.31 9.01
1991.6 20560.54 1850.97 9.00
1994.3 20429.18 1845.65 9.03
1997.0 20463.02 1908.77 9.33
1999.7 20411.81 1935.50 9.48
2002.3 20392.69 1944.63 9.54
2005.0 20300.64 1953.26 9.62
2007.7 20215.73 1972.27 9.76
2010.4 20150.59 1975.66 9.80
2013.0 20054.41 1974.43 9.85
2015.7 19971.23 1997.69 10.00
2018.4 19850.99 2028.22 10.22
2021.0 19776.67 2062.67 10.43
2023.7 19665.12 2060.64 10.48
2026.4 19623.72 2058.98 10.49
2029.0 19549.52 2077.82 10.63
2031.7 19389.93 2101.23 10.84
2034.3 19392.75 2118.13 10.92
2037.0 19277.12 2133.77 11.07
2039.6 19203.81 2135.32 11.12
2042.3 19169.68 2134.33 11.13
2044.9 19085.22 2154.24 11.29
2047.5 19057.17 2173.88 11.41
2050.2 18939.20 2172.80 11.47
2052.8 18894.40 2192.40 11.60
2055.4 18768.37 2196.51 11.70
2058.1 18622.80 2181.20 11.71
2060.7 18569.98 2174.51 11.71
2063.3 18475.60 2179.17 11.79
2065.9 18427.79 2205.42 11.97
2068.6 18352.42 2216.58 12.08
2071.2 18299.61 2209.68 12.08
2073.8 18217.15 2202.29 12.09
2076.4 18153.52 2250.95 12.40
2079.0 18135.74 2278.91 12.57
2081.6 18151.63 2250.67 12.40
2084.2 18112.28 2285.55 12.62
2086.8 17948.60 2313.58 12.89
2089.4 17865.33 2275.01 12.73
2092.1 17782.00 2286.50 12.86
2094.7 17712.75 2324.98 13.13
2097.2 17685.67 2317.67 13.10
2099.8 17677.80 2325.73 13.16
2102.4 17557.58 2348.59 13.38
2105.0 17419.20 2331.30 13.38
2107.6 17352.05 2338.48 13.48
2110.2 17317.12 2344.38 13.54
2112.8 17308.85 2350.80 13.58
2115.3 17299.79 2398.82 13.87
2117.9 17305.54 2411.29 13.93
2120.5 17283.04 2422.37 14.02
2123.1 17169.75 2418.98 14.09
2125.6 17130.75 2421.73 14.14
2128.2 17041.98 2405.72 14.12
2130.8 16938.68 2421.90 14.30
2133.3 16907.73 2434.67 14.40
2135.9 16811.63 2429.82 14.45
2138.4 16669.29 2431.00 14.58
2141.0 16557.51 2400.62 14.50
2143.6 16519.94 2406.90 14.57
2146.1 16331.26 2394.74 14.66
2148.7 16166.35 2366.95 14.64
2151.2 16200.80 2387.73 14.74
2153.8 16223.65 2404.70 14.82
2156.3 16092.71 2371.53 14.74
2158.8 16012.97 2371.53 14.81
2161.4 15977.02 2402.89 15.04
2163.9 15879.72 2394.05 15.08
2166.4 15806.34 2374.20 15.02
2169.0 15776.77 2374.20 15.05
2171.5 15691.03 2362.38 15.06
2174.0 15580.08 2362.15 15.16
2176.5 15568.93 2374.06 15.25
2179.1 15528.15 2373.19 15.28
2181.6 15436.46 2351.21 15.23
2184.1 15393.84 2356.20 15.31
2186.6 15412.36 2366.30 15.35
2189.1 15330.96 2324.04 15.16
2191.6 15265.13 2348.73 15.39
2194.1 15289.63 2358.38 15.42
2196.6 15291.79 2353.89 15.39
2199.2 15355.64 2365.09 15.40
2201.7 15282.97 2331.67 15.26
2204.1 15217.08 2323.61 15.27
2206.6 15263.16 2353.63 15.42
2209.1 15196.78 2361.84 15.54
2211.6 15154.34 2333.49 15.40
2214.1 15142.04 2326.62 15.37
2216.6 15136.36 2328.38 15.38
2219.1 15121.17 2301.79 15.22
2221.6 15017.30 2276.39 15.16
2224.0 14973.30 2278.38 15.22
2226.5 14953.65 2271.59 15.19
2229.0 14990.65 2264.97 15.11
2231.5 14856.57 2229.06 15.00
2233.9 14819.93 2189.70 14.78
2236.4 14830.12 2180.90 14.71
2238.9 14725.00 2212.63 15.03
2241.3 14738.24 2180.42 14.79
2243.8 14703.26 2141.55 14.57
2246.2 14560.76 2128.29 14.62
2248.7 14543.49 2101.88 14.45
2251.2 14547.02 2075.40 14.27
2253.6 14461.44 2062.08 14.26
2256.1 14411.52 2085.12 14.47
2258.5 14448.51 2036.08 14.09
2260.9 14358.24 2001.87 13.94
2263.4 14286.28 1980.58 13.86
2265.8 14286.52 1969.49 13.79
2268.3 14242.68 1954.95 13.73
2270.7 14293.95 1899.98 13.29
2273.1 14208.68 1886.82 13.28
2275.6 14138.88 1896.96 13.42
2278.0 14162.68 1871.70 13.22
2280.4 14119.54 1858.75 13.16
2282.8 13992.20 1831.30 13.09
2285.3 14040.77 1792.52 12.77
2287.7 14128.29 1804.11 12.77
2290.1 13998.75 1798.77 12.85
2292.5 13976.47 1726.23 12.35
2294.9 14012.61 1742.69 12.44
2297.3 13889.96 1728.34 12.44
2299.7 13787.58 1650.40 11.97
2302.1 13749.17 1653.83 12.03
2304.5 13602.40 1611.12 11.84
2306.9 13496.56 1571.92 11.65
2309.3 13451.64 1563.42 11.62
2311.7 13329.30 1515.05 11.37
2314.1 13154.03 1500.51 11.41
2316.5 13124.14 1544.48 11.77
2318.9 13145.46 1560.90 11.87
2321.3 13101.23 1552.97 11.85
2323.7 13118.10 1549.41 11.81
2326.1 13081.38 1555.58 11.89
2328.4 13108.17 1554.10 11.86
2330.8 13202.52 1529.66 11.59
2333.2 13104.54 1503.19 11.47
2335.6 13023.78 1461.39 11.22
2337.9 13062.53 1481.53 11.34
2340.3 13002.24 1490.41 11.46
2342.7 12902.35 1459.93 11.32
2345.0 12884.39 1435.37 11.14
2347.4 12860.50 1389.75 10.81
2349.7 12661.22 1362.66 10.76
2352.1 12633.43 1367.98 10.83
2354.4 12658.59 1345.38 10.63
2356.8 12578.77 1342.48 10.67
2359.2 12527.67 1339.00 10.69
2361.5 12479.13 1317.73 10.56
2363.8 12494.29 1317.50 10.54
2366.2 12489.73 1324.00 10.60
2368.5 12451.10 1326.10 10.65
2370.9 12453.76 1306.21 10.49
2373.2 12415.30 1317.52 10.61
2375.5 12276.33 1280.58 10.43
2377.9 12211.78 1258.10 10.30
2380.2 12242.21 1232.47 10.07
2382.5 12139.99 1203.89 9.92
2384.8 12068.64 1192.48 9.88
2387.2 12086.52 1195.53 9.89
2389.5 12068.58 1208.75 10.02
2391.8 12016.43 1174.07 9.77
2394.1 11909.46 1161.20 9.75
2396.4 11863.59 1141.85 9.62
2398.7 11940.46 1130.23 9.47
2401.0 11823.50 1142.30 9.66
2403.3 11693.04 1135.44 9.71
2405.6 11741.09 1124.63 9.58
2407.9 11668.29 1107.21 9.49
2410.2 11575.79 1148.05 9.92
2412.5 11525.22 1102.72 9.57
2414.8 11512.67 1062.95 9.23
2417.1 11505.36 1083.95 9.42
2419.4 11477.63 1031.58 8.99
2421.7 11364.91 1014.54 8.93
2424.0 11316.90 1046.10 9.24
2426.2 11347.35 1043.25 9.19
2428.5 11281.78 989.73 8.77
2430.8 11243.35 1002.80 8.92
2433.1 11179.50 984.64 8.81
2435.4 11100.48 967.94 8.72
2437.6 11066.91 962.34 8.70
2439.9 10932.41 937.71 8.58
2442.2 10967.11 978.39 8.92
2444.4 10975.51 987.85 9.00
2446.7 10909.12 916.88 8.40
2448.9 10931.40 923.78 8.45
2451.2 10853.16 888.04 8.18
2453.4 10787.73 867.84 8.04
2455.7 10721.98 900.09 8.39
2457.9 10647.12 873.02 8.20
2460.2 10665.45 844.61 7.92
2462.4 10576.80 836.16 7.91
2464.7 10503.38 883.17 8.41
2466.9 10471.02 834.60 7.97
2469.2 10480.86 816.69 7.79
2471.4 10359.57 833.76 8.05
2473.6 10250.05 769.93 7.51
2475.9 10220.96 799.25 7.82
2478.1 10124.53 799.31 7.89
2480.3 10080.49 758.82 7.53
2482.5 10057.71 772.02 7.68
2484.8 9961.32 779.14 7.82
2487.0 9924.93 762.89 7.69
2489.2 9935.52 799.06 8.04
2491.4 9875.23 829.98 8.40
2493.6 9884.14 744.64 7.53
2495.8 9866.24 760.16 7.70
2498.0 9849.60 778.24 7.90
2500.2 9865.68 716.13 7.26
2502.4 10096.56 763.68 7.56
2504.6 10244.49 769.98 7.52
2506.8 10345.65 730.63 7.06
