/*** Spectra Vista SIG Data ***/
name= \My Documents\HR1024_Data\RD2S12.
instrument= HR: 1091052
integration= 200, 60, 30, 400, 60, 30
scan time= 1, 1
scan settings= AD, AI, AD, AI
external data set1= 8224, 8224, 8224, 8224, 8224, 8224, 8224, 8224, 8224, 8224, 8224, 8224, 8224, 8224, 8224, 8224
external data set2= 8224, 8224, 8224, 8224, 8224, 8224, 8224, 8224, 8224, 8224, 8224, 8224, 8224, 8224, 8224, 8224
external data dark= 0,0,0,0,0,0,0,0
external data mask= 0
optic= LENS4 , LENS4 
temp= 32.26, 8.88, -5.37, 39.35, 8.88, -5.37
battery= 7.0, 6.8
error= 0, 0
units= Radiance, Radiance
time= 1/15/08 9:53:06 AM, 1/15/08 10:11:57 AM
longitude= , 
latitude= , 
gpstime= , 
comm= 
memory slot= 0, 0
factors= 
data= 
346.4 509.60 144.92 28.44
347.9 549.06 142.76 26.00
349.5 608.40 143.52 23.59
351.1 655.20 146.64 22.38
352.6 708.40 159.71 22.54
354.2 752.68 161.99 21.52
355.7 818.30 170.06 20.78
357.3 873.81 168.17 19.25
358.8 891.23 176.50 19.80
360.4 967.31 177.63 18.36
361.9 1009.93 174.13 17.24
363.5 1059.53 176.59 16.67
365.1 1102.67 180.31 16.35
366.6 1156.59 176.08 15.22
368.2 1218.77 172.91 14.19
369.7 1306.00 173.05 13.25
371.3 1379.56 184.38 13.37
372.8 1457.48 179.28 12.30
374.4 1528.58 183.56 12.01
375.9 1575.56 175.43 11.13
377.4 1632.76 193.52 11.85
379.0 1683.54 181.40 10.78
380.5 1741.87 178.50 10.25
382.1 1805.51 186.17 10.31
383.6 1862.60 178.61 9.59
385.2 1949.75 182.88 9.38
386.7 2036.04 184.11 9.04
388.3 2135.96 184.79 8.65
389.8 2212.47 193.52 8.75
391.3 2314.34 196.34 8.48
392.9 2392.65 200.57 8.38
394.4 2474.90 207.73 8.39
395.9 2552.82 218.23 8.55
397.5 2664.75 232.56 8.73
399.0 2774.82 231.75 8.35
400.6 2852.64 226.40 7.94
402.1 2910.24 216.72 7.45
403.6 2965.71 207.38 6.99
405.1 3036.77 205.65 6.77
406.7 3133.76 215.04 6.86
408.2 3234.33 214.95 6.65
409.7 3330.88 219.52 6.59
411.3 3437.91 227.21 6.61
412.8 3528.93 229.89 6.51
414.3 3634.54 232.51 6.40
415.8 3740.00 240.00 6.42
417.4 3868.37 246.68 6.38
418.9 3954.39 253.00 6.40
420.4 4037.85 248.00 6.14
421.9 4106.74 256.52 6.25
423.5 4196.00 249.85 5.95
425.0 4263.51 252.84 5.93
426.5 4364.50 246.18 5.64
428.0 4488.82 255.54 5.69
429.5 4615.58 256.75 5.56
431.1 4756.23 260.26 5.47
432.6 4917.76 268.19 5.45
434.1 5064.68 269.50 5.32
435.6 5199.35 275.74 5.30
437.1 5333.25 286.65 5.37
438.6 5454.84 293.77 5.39
440.1 5584.70 295.39 5.29
441.6 5717.14 305.38 5.34
443.1 5852.25 307.80 5.26
444.7 5982.11 314.42 5.26
446.2 6104.50 324.17 5.31
447.7 6213.60 329.02 5.30
449.2 6315.84 329.40 5.22
450.7 6414.72 328.64 5.12
452.2 6543.45 331.10 5.06
453.7 6682.65 329.66 4.93
455.2 6842.54 332.08 4.85
456.7 7029.44 339.68 4.83
458.2 7231.16 347.75 4.81
459.7 7428.75 357.00 4.81
461.2 7633.63 364.47 4.77
462.7 7815.14 378.59 4.84
464.2 8000.76 386.13 4.83
465.7 8191.53 389.58 4.76
467.2 8352.58 401.36 4.81
468.7 8552.00 413.00 4.83
470.2 8711.17 428.35 4.92
471.7 8854.00 439.38 4.96
473.2 9050.37 448.54 4.96
474.6 9252.88 448.59 4.85
476.1 9378.88 445.20 4.75
477.6 9464.51 439.46 4.64
479.1 9567.20 446.33 4.67
480.6 9658.16 445.26 4.61
482.1 9797.74 448.56 4.58
483.6 9963.22 450.84 4.53
485.1 10140.49 454.60 4.48
486.6 10356.19 463.77 4.48
488.0 10562.50 473.69 4.48
489.5 10784.97 485.31 4.50
491.0 10998.86 491.01 4.46
492.5 11224.98 500.58 4.46
494.0 11462.99 514.21 4.49
495.4 11663.85 523.88 4.49
496.9 11870.36 535.24 4.51
498.4 12074.30 539.91 4.47
499.9 12278.41 554.75 4.52
501.4 12476.75 557.53 4.47
502.8 12664.51 569.86 4.50
504.3 12846.60 571.50 4.45
505.8 13033.73 586.63 4.50
507.2 13172.68 592.12 4.50
508.7 13289.99 593.07 4.46
510.2 13412.81 594.87 4.44
511.6 13494.72 598.49 4.43
513.1 13630.43 603.08 4.42
514.6 13795.53 601.88 4.36
516.0 13946.28 602.49 4.32
517.5 14135.83 602.91 4.27
519.0 14365.19 613.27 4.27
520.5 14579.60 618.28 4.24
521.9 14828.55 628.07 4.24
523.4 15093.49 641.19 4.25
524.8 15349.14 650.64 4.24
526.3 15633.70 662.78 4.24
527.8 15915.89 674.15 4.24
529.2 16178.21 688.54 4.26
530.7 16455.24 700.85 4.26
532.1 16698.15 709.89 4.25
533.6 16994.07 730.55 4.30
535.0 17295.55 740.64 4.28
536.5 17581.25 757.22 4.31
538.0 17895.84 772.80 4.32
539.4 18160.64 789.05 4.34
540.9 18488.86 811.98 4.39
542.3 18738.28 823.16 4.39
543.8 18940.29 834.24 4.40
545.2 19020.35 834.30 4.39
546.6 19057.19 833.64 4.37
548.1 19121.11 835.85 4.37
549.5 19166.91 837.94 4.37
551.0 19217.70 842.46 4.38
552.4 19311.21 844.73 4.37
553.9 19371.38 844.88 4.36
555.3 19461.20 850.30 4.37
556.8 19596.88 856.94 4.37
558.2 19743.75 864.00 4.38
559.6 19902.71 866.74 4.35
561.1 20117.50 887.25 4.41
562.5 20332.52 899.80 4.43
564.0 20611.34 918.51 4.46
565.4 20865.50 944.29 4.53
566.8 21177.73 964.77 4.56
568.3 21463.05 988.32 4.60
569.7 21776.78 1017.55 4.67
571.1 22080.65 1043.97 4.73
572.6 22373.82 1079.73 4.83
574.0 22675.95 1114.58 4.92
575.4 22958.44 1150.03 5.01
576.9 23231.09 1189.36 5.12
578.3 23477.03 1231.59 5.25
579.7 23721.74 1267.89 5.34
581.1 23920.49 1315.07 5.50
582.6 24132.47 1371.26 5.68
584.0 24305.80 1422.52 5.85
585.4 24549.94 1484.62 6.05
586.8 24845.17 1545.07 6.22
588.3 25201.80 1623.96 6.44
589.7 25517.70 1691.82 6.63
591.1 25735.55 1768.70 6.87
592.5 25883.00 1830.36 7.07
594.0 25998.42 1899.21 7.31
595.4 26057.54 1968.54 7.55
596.8 26115.38 2040.97 7.82
598.2 26174.55 2116.33 8.09
599.6 26202.06 2194.20 8.37
601.0 26298.70 2287.02 8.70
602.4 26372.18 2380.86 9.03
603.9 26501.77 2479.33 9.36
605.3 26625.41 2588.43 9.72
606.7 26749.80 2701.80 10.10
608.1 26941.18 2827.66 10.50
609.5 27151.69 2966.91 10.93
610.9 27387.74 3115.99 11.38
612.3 27589.20 3271.86 11.86
613.7 27871.80 3431.70 12.31
615.1 28061.64 3605.31 12.85
616.5 28235.16 3772.55 13.36
617.9 28534.12 3974.20 13.93
619.3 28808.15 4174.61 14.49
620.7 29149.14 4406.53 15.12
622.1 29527.66 4600.14 15.58
623.5 29951.83 4790.13 15.99
624.9 30436.35 5010.86 16.46
626.3 30757.12 5229.31 17.00
627.7 30461.43 5356.59 17.58
629.1 30188.34 5500.22 18.22
630.5 30083.03 5674.74 18.86
631.9 30076.12 5885.90 19.57
633.3 30078.24 6078.03 20.21
634.7 30183.54 6278.60 20.80
636.1 30268.81 6440.29 21.28
637.5 30374.19 6575.58 21.65
638.9 30520.15 6702.18 21.96
640.2 30643.60 6817.51 22.25
641.6 30733.56 6894.81 22.43
643.0 30777.50 6940.33 22.55
644.4 30869.16 6987.41 22.64
645.8 30855.38 6997.39 22.68
647.2 31023.20 7061.73 22.76
648.5 31185.15 7114.14 22.81
649.9 31117.13 7144.90 22.96
651.3 31099.80 7191.00 23.12
652.7 31059.00 7222.88 23.26
654.1 30961.56 7156.14 23.11
655.5 30829.51 7029.27 22.80
656.8 30685.81 6901.66 22.49
658.2 30861.69 6852.90 22.21
659.6 31181.89 6822.74 21.88
660.9 31452.29 6772.14 21.53
662.3 31767.46 6701.79 21.10
663.7 32102.70 6610.80 20.59
665.0 32334.98 6509.90 20.13
666.4 32575.38 6416.99 19.70
667.8 32873.84 6345.84 19.30
669.1 33084.01 6276.11 18.97
670.5 33327.47 6239.84 18.72
671.9 33513.12 6208.74 18.53
673.2 33742.50 6217.82 18.43
674.6 33950.66 6252.34 18.42
676.0 34219.05 6339.78 18.53
677.3 34494.18 6462.03 18.73
678.7 34767.13 6644.88 19.11
680.0 35103.31 6922.59 19.72
681.4 35420.13 7307.77 20.63
682.8 35763.00 7815.76 21.85
684.1 36073.44 8481.33 23.51
685.5 36318.59 9285.66 25.57
686.8 36607.26 10237.29 27.97
688.2 36844.31 11303.79 30.68
689.5 36898.97 12412.55 33.64
690.9 36950.15 13565.51 36.71
692.2 37008.15 14746.65 39.85
693.6 37024.93 15929.39 43.02
694.9 37005.38 17043.07 46.06
696.2 37027.13 18126.73 48.96
697.6 37047.86 19148.32 51.69
698.9 37049.76 20112.84 54.29
700.3 37075.62 21032.93 56.73
701.6 37124.24 21886.20 58.95
703.0 37178.40 22682.48 61.01
704.3 37172.20 23366.61 62.86
705.6 37157.22 24003.77 64.60
707.0 37168.46 24586.91 66.15
708.3 37076.04 25053.07 67.57
709.6 36967.81 25484.91 68.94
711.0 36867.73 25829.38 70.06
712.3 36770.31 26145.51 71.10
713.6 36755.88 26495.28 72.08
714.9 36684.64 26797.29 73.05
716.3 36701.44 27107.08 73.86
717.6 36734.04 27415.08 74.63
718.9 36680.73 27646.34 75.37
720.2 36496.25 27741.67 76.01
721.6 36394.28 27866.80 76.57
722.9 36240.12 27961.69 77.16
724.2 36067.30 27991.29 77.61
725.5 35963.70 28051.40 78.00
726.8 35833.96 28081.41 78.37
728.1 35810.80 28142.85 78.59
729.5 35779.10 28189.18 78.79
730.8 35779.13 28249.63 78.96
732.1 35704.25 28269.37 79.18
733.4 35690.92 28317.63 79.34
734.7 35685.89 28340.53 79.42
736.0 35729.66 28427.56 79.56
737.3 35717.44 28463.46 79.69
738.6 35830.21 28615.79 79.86
739.9 36014.88 28835.33 80.07
741.2 36161.58 29013.08 80.23
742.5 36363.94 29300.31 80.58
743.8 36737.66 29721.04 80.90
745.1 37309.08 30313.25 81.25
746.4 37926.98 30974.13 81.67
747.7 38536.99 31629.16 82.07
749.0 39118.92 32270.59 82.49
750.3 39493.02 32628.05 82.62
751.6 39440.80 32600.74 82.66
752.9 39084.79 32351.92 82.77
754.2 38731.25 32055.24 82.76
755.4 38386.91 31740.96 82.69
756.7 38244.09 31689.02 82.86
758.0 38261.36 31794.57 83.10
759.3 38489.95 32075.97 83.34
760.6 38786.44 32441.64 83.64
761.9 39062.28 32774.28 83.90
763.1 39197.21 32975.35 84.13
764.4 39371.54 33237.15 84.42
765.7 39490.75 33429.50 84.65
767.0 39577.16 33576.52 84.84
768.2 39644.64 33709.20 85.03
769.5 39697.68 33823.00 85.20
770.8 39836.32 34024.03 85.41
772.0 39856.44 34097.58 85.55
773.3 39898.95 34217.14 85.76
774.6 39978.84 34348.89 85.92
775.8 40054.79 34448.54 86.00
777.1 40085.96 34503.89 86.07
778.4 40059.57 34492.30 86.10
779.6 39999.54 34513.26 86.28
780.9 39948.00 34506.00 86.38
782.1 39837.20 34416.70 86.39
783.4 39802.88 34455.20 86.56
784.6 39851.08 34511.78 86.60
785.9 40095.40 34816.99 86.84
787.1 40531.58 35318.02 87.14
788.4 40834.19 35672.64 87.36
789.6 40796.10 35580.79 87.22
790.9 40479.11 35203.98 86.97
792.1 40128.24 34860.28 86.87
793.4 39739.41 34532.36 86.90
794.6 39507.48 34295.87 86.81
795.8 39314.07 34111.28 86.77
797.1 39097.95 33912.19 86.74
798.3 38940.83 33799.84 86.80
799.5 38821.14 33728.81 86.88
800.8 38733.05 33637.31 86.84
802.0 38591.76 33545.18 86.92
803.2 38469.72 33425.40 86.89
804.5 38377.94 33364.74 86.94
805.7 38264.87 33267.51 86.94
806.9 38181.95 33168.25 86.87
808.1 38074.65 33121.10 86.99
809.4 38033.33 33082.91 86.98
810.6 37951.55 33033.00 87.04
811.8 37942.61 33036.31 87.07
813.0 37965.80 33068.03 87.10
814.2 37975.49 33092.40 87.14
815.4 38039.93 33191.42 87.25
816.6 38032.65 33216.98 87.34
817.9 38050.16 33236.35 87.35
819.1 37997.24 33153.53 87.25
820.3 37865.18 33022.28 87.21
821.5 37787.61 32916.44 87.11
822.7 37714.41 32848.56 87.10
823.9 37704.87 32834.41 87.08
825.1 37688.07 32802.83 87.04
826.3 37716.38 32790.04 86.94
827.5 37726.06 32780.65 86.89
828.7 37779.60 32759.04 86.71
829.9 37796.29 32743.67 86.63
831.0 37849.02 32778.43 86.60
832.2 37913.75 32815.13 86.55
833.4 37950.44 32821.06 86.48
834.6 37978.13 32871.09 86.55
835.8 38031.53 32911.99 86.54
837.0 38073.26 33003.02 86.68
838.1 38178.69 33098.63 86.69
839.3 38239.24 33159.83 86.72
840.5 38296.24 33262.71 86.86
841.7 38381.58 33386.58 86.99
842.9 38485.06 33524.15 87.11
844.0 38543.94 33626.07 87.24
845.2 38626.85 33763.67 87.41
846.4 38724.98 33852.12 87.42
847.5 38888.12 34036.03 87.52
848.7 39002.30 34190.91 87.66
849.9 39141.74 34293.41 87.61
851.0 39173.78 34332.37 87.64
852.2 39245.07 34376.99 87.60
853.3 39202.67 34335.77 87.59
854.5 39188.19 34341.31 87.63
855.6 39170.88 34334.82 87.65
856.8 39193.80 34380.42 87.72
857.9 39192.81 34381.86 87.72
859.1 39326.60 34481.30 87.68
860.2 39300.24 34455.22 87.67
861.4 39344.78 34492.75 87.67
862.5 39384.29 34515.34 87.64
863.7 39467.66 34580.90 87.62
864.8 39454.45 34580.00 87.65
865.9 39398.65 34537.08 87.66
867.1 39448.45 34559.33 87.61
868.2 39441.53 34540.02 87.57
869.3 39465.67 34565.97 87.58
870.5 39438.89 34478.63 87.42
871.6 39473.54 34494.90 87.39
872.7 39541.37 34542.52 87.36
873.9 39548.50 34531.10 87.31
875.0 39546.05 34504.16 87.25
876.1 39583.15 34480.24 87.11
877.2 39616.79 34466.92 87.00
878.3 39601.98 34400.84 86.87
879.4 39662.11 34430.38 86.81
880.5 39702.60 34390.98 86.62
881.7 39698.10 34336.58 86.49
882.8 39775.46 34330.78 86.31
883.9 39785.32 34285.61 86.18
885.0 39766.55 34207.92 86.02
886.1 39735.85 34130.24 85.89
887.2 39664.66 33939.91 85.57
888.3 39567.00 33816.30 85.47
889.4 39535.02 33668.65 85.16
890.5 39459.91 33593.15 85.13
891.6 39428.33 33482.50 84.92
892.7 39429.01 33416.94 84.75
893.8 39492.50 33414.63 84.61
894.9 39505.51 33379.28 84.49
896.0 39527.49 33323.50 84.30
897.0 39487.40 33264.70 84.24
898.1 39490.45 33244.61 84.18
899.2 39536.22 33199.03 83.97
900.3 39503.73 33076.28 83.73
901.4 39454.09 32967.97 83.56
902.4 39461.49 32950.87 83.50
903.5 39418.10 32876.94 83.41
904.6 39431.18 32800.44 83.18
905.7 39454.64 32757.33 83.03
906.7 39397.52 32696.37 82.99
907.8 39514.80 32682.03 82.71
908.9 39443.33 32573.06 82.58
909.9 39411.21 32465.19 82.38
911.0 39357.50 32384.37 82.28
912.1 39280.99 32273.55 82.16
913.1 39233.48 32134.70 81.91
914.2 39173.92 31956.62 81.58
915.2 39170.79 31923.05 81.50
916.3 39094.50 31803.23 81.35
917.3 39076.47 31747.11 81.24
918.4 39031.30 31593.38 80.94
919.4 39022.48 31480.32 80.67
920.5 39026.74 31361.88 80.36
921.5 39018.63 31284.79 80.18
922.6 38959.72 31134.07 79.91
923.6 39026.05 31038.85 79.53
924.7 39022.50 30933.13 79.27
925.7 39030.84 30820.68 78.96
926.7 39009.32 30688.58 78.67
927.8 39032.57 30576.62 78.34
928.8 39142.62 30548.70 78.04
929.9 39330.10 30489.59 77.52
930.9 39447.46 30490.43 77.29
931.9 39602.61 30486.16 76.98
932.9 39864.58 30541.13 76.61
934.0 39909.81 30430.35 76.25
935.0 39942.68 30275.13 75.80
936.0 39929.50 30145.53 75.50
937.0 39883.94 29945.66 75.08
938.1 39848.52 29772.91 74.72
939.1 39753.89 29629.15 74.53
940.1 39867.76 29500.20 74.00
941.1 39995.43 29489.09 73.73
942.1 40229.45 29469.11 73.25
943.1 40393.76 29429.74 72.86
944.1 40552.56 29430.82 72.57
945.2 40570.32 29295.00 72.21
946.2 40685.67 29148.83 71.64
947.2 40740.25 28970.25 71.11
948.2 40874.09 28908.29 70.73
949.2 40954.06 28771.44 70.25
950.2 41026.00 28584.73 69.67
951.2 41012.16 28424.34 69.31
952.2 41170.94 28292.31 68.72
953.2 41257.13 28125.83 68.17
954.2 41395.95 28054.58 67.77
955.2 41401.94 27859.89 67.29
956.2 41391.82 27678.04 66.87
957.2 41524.97 27531.64 66.30
958.2 41486.28 27445.52 66.16
959.2 41625.00 27439.20 65.92
960.1 41647.94 27325.61 65.61
961.1 41725.78 27321.07 65.48
962.1 41752.50 27235.31 65.23
963.1 41720.60 27226.93 65.26
964.1 41837.60 27222.46 65.07
965.1 41932.95 27258.33 65.00
966.1 41961.44 27236.58 64.91
967.0 42058.17 27229.58 64.74
968.0 42094.69 27262.81 64.77
969.0 42115.20 27178.00 64.53
970.0 42092.26 27314.72 64.89
971.0 42266.18 27285.04 64.56
971.9 42275.33 27290.02 64.55
972.9 42388.85 27341.30 64.50
973.9 42492.13 27356.71 64.38
974.9 42580.28 27255.69 64.01
975.8 42630.52 27261.39 63.95
976.8 42806.43 27342.72 63.88
977.8 42848.34 27429.31 64.01
978.8 42868.95 27529.43 64.22
979.7 43050.58 27520.84 63.93
980.7 43264.32 27537.26 63.65
981.7 43347.07 27673.43 63.84
982.6 43545.07 27965.83 64.22
983.6 44003.55 28299.48 64.31
984.6 44377.46 28467.99 64.15
985.5 44900.28 28947.96 64.47
986.5 45688.01 29444.26 64.45
987.5 46285.78 29925.36 64.65
988.4 47161.40 30729.60 65.16
989.4 47812.76 31459.05 65.80
990.4 48753.98 32186.39 66.02
991.3 50274.64 33232.39 66.10
992.3 50864.45 33648.79 66.15
993.2 51610.85 34781.23 67.39
994.2 53891.66 35295.24 65.49
995.2 55394.96 35950.77 64.90
996.1 55625.12 36523.08 65.66
997.1 56348.70 36642.94 65.03
998.0 54473.40 35973.00 66.04
999.0 55283.87 37397.91 67.65
1000.0 55127.21 36563.96 66.33
1000.9 55875.58 37381.55 66.90
1001.9 56355.47 36691.87 65.11
1002.8 54776.67 35751.18 65.27
1003.8 57170.04 36876.86 64.50
1004.8 54763.20 36508.80 66.67
961.5 49984.08 29294.34 58.61
965.5 48959.90 29171.23 59.58
969.5 47367.08 28549.14 60.27
973.4 45664.01 27722.97 60.71
977.4 44063.24 27052.23 61.39
981.4 43484.76 26840.79 61.72
985.3 43466.28 26892.71 61.87
989.3 43739.41 27163.54 62.10
993.3 44088.36 27501.15 62.38
997.2 44246.85 27735.74 62.68
1001.2 44240.69 27987.18 63.26
1005.2 44147.66 28267.44 64.03
1009.1 44170.72 28648.89 64.86
1013.1 44298.35 29113.61 65.72
1017.1 44409.64 29575.60 66.60
1021.0 44418.65 29958.20 67.45
1025.0 44431.92 30310.49 68.22
1029.0 44310.95 30562.26 68.97
1032.9 44196.36 30844.71 69.79
1036.9 44214.81 31205.84 70.58
1040.9 44317.48 31626.87 71.36
1044.8 44471.57 32091.44 72.16
1048.8 44586.22 32512.53 72.92
1052.7 44660.98 32883.21 73.63
1056.7 44664.90 33127.61 74.17
1060.7 44652.74 33310.35 74.60
1064.6 44643.90 33467.90 74.97
1068.6 44545.19 33486.26 75.17
1072.5 44448.63 33455.14 75.27
1076.5 44390.31 33401.61 75.25
1080.4 44363.13 33331.83 75.13
1084.4 44428.99 33289.77 74.93
1088.3 44526.89 33201.64 74.57
1092.3 44515.11 32983.91 74.10
1096.2 44485.25 32755.39 73.63
1100.2 44489.30 32554.05 73.17
1104.1 44387.15 32227.97 72.61
1108.1 44344.78 31939.88 72.03
1112.0 44255.25 31587.44 71.38
1116.0 44078.91 31129.22 70.62
1119.9 43920.46 30626.84 69.73
1123.9 43980.05 30146.93 68.55
1127.8 43933.44 29418.24 66.96
1131.8 43891.20 28475.94 64.88
1135.7 43904.71 27361.18 62.32
1139.6 43873.24 26127.57 59.55
1143.6 43814.30 24929.09 56.90
1147.5 43764.96 23898.37 54.61
1151.4 43600.54 23019.33 52.80
1155.4 43567.43 22462.85 51.56
1159.3 43548.37 22099.61 50.75
1163.2 43379.84 21759.85 50.16
1167.2 43333.14 21583.38 49.81
1171.1 43320.14 21474.25 49.57
1175.0 43247.45 21333.23 49.33
1179.0 43203.54 21204.34 49.08
1182.9 43281.26 21142.70 48.85
1186.8 43262.79 21056.37 48.67
1190.7 43059.97 20875.56 48.48
1194.7 42822.73 20705.54 48.35
1198.6 42602.18 20592.50 48.34
1202.5 42456.57 20516.76 48.32
1206.4 42335.53 20493.92 48.41
1210.3 42230.32 20526.59 48.61
1214.2 42126.94 20571.74 48.83
1218.2 41984.08 20626.73 49.13
1222.1 41854.50 20707.83 49.48
1226.0 41760.57 20798.02 49.80
1229.9 41673.90 20889.42 50.13
1233.8 41576.55 20971.44 50.44
1237.7 41528.30 21055.78 50.70
1241.6 41457.25 21123.47 50.95
1245.5 41309.15 21143.98 51.18
1249.4 41175.26 21150.69 51.37
1253.3 41058.30 21166.00 51.55
1257.2 40978.33 21192.54 51.72
1261.1 40873.57 21184.74 51.83
1265.0 40757.89 21145.20 51.88
1268.9 40587.74 21049.85 51.86
1272.8 40626.75 21035.85 51.78
1276.7 40780.33 21068.94 51.66
1280.6 40842.56 21021.24 51.47
1284.5 40748.73 20865.42 51.21
1288.4 40697.88 20703.64 50.87
1292.3 40562.50 20457.25 50.43
1296.2 40411.46 20170.45 49.91
1300.1 40239.63 19835.95 49.29
1303.9 40009.73 19433.98 48.57
1307.8 39785.54 18991.28 47.73
1311.7 39554.21 18512.70 46.80
1315.6 39326.35 18011.95 45.80
1319.5 39086.11 17473.97 44.71
1323.3 38870.69 16930.20 43.56
1327.2 38681.53 16374.39 42.33
1331.1 38474.56 15809.26 41.09
1335.0 38203.08 15239.48 39.89
1338.8 38009.09 14725.10 38.74
1342.7 37876.27 14267.12 37.67
1346.5 37598.34 13767.27 36.62
1350.4 37400.07 13317.33 35.61
1354.3 37094.65 12852.77 34.65
1358.1 36731.71 12382.70 33.71
1362.0 36487.36 11978.15 32.83
1365.8 36370.47 11609.70 31.92
1369.7 36432.94 11245.39 30.87
1373.5 36366.82 10738.03 29.53
1377.4 36166.21 10061.80 27.82
1381.2 35990.96 9285.32 25.80
1385.1 35936.27 8496.37 23.64
1389.0 35813.45 7700.53 21.50
1392.8 35598.92 6913.66 19.42
1396.6 35460.61 6222.35 17.55
1400.5 35253.63 5614.06 15.92
1404.3 35072.57 5121.50 14.60
1408.2 35016.72 4751.17 13.57
1412.0 34945.02 4464.77 12.78
1415.8 34962.39 4256.02 12.17
1419.6 34891.95 4085.44 11.71
1423.5 34842.23 3958.76 11.36
1427.3 34796.45 3869.39 11.12
1431.1 34758.75 3803.70 10.94
1434.9 34669.05 3749.82 10.82
1438.8 34606.94 3713.26 10.73
1442.6 34573.84 3692.80 10.68
1446.4 34441.31 3667.26 10.65
1450.2 34332.12 3649.22 10.63
1454.0 34220.52 3634.32 10.62
1457.8 34188.19 3643.62 10.66
1461.6 34155.00 3663.69 10.73
1465.4 34045.70 3684.19 10.82
1469.2 33870.20 3721.90 10.99
1473.0 33726.92 3768.44 11.17
1476.8 33664.28 3842.99 11.42
1480.7 33601.58 3935.83 11.71
1484.4 33488.64 4033.32 12.04
1488.2 33386.04 4151.88 12.44
1492.0 33257.25 4275.12 12.85
1495.8 33142.20 4388.48 13.24
1499.6 33034.11 4489.63 13.59
1503.4 32933.47 4559.98 13.85
1507.2 32852.74 4613.15 14.04
1510.9 32722.34 4671.94 14.28
1514.7 32573.11 4732.56 14.53
1518.5 32453.90 4815.66 14.84
1522.3 32317.90 4903.83 15.17
1526.0 32200.64 4995.34 15.51
1529.8 32127.61 5099.62 15.87
1533.6 32011.66 5191.08 16.22
1537.3 31894.88 5294.21 16.60
1541.1 31782.08 5399.54 16.99
1544.8 31651.20 5486.40 17.33
1548.6 31528.46 5567.66 17.66
1552.4 31450.00 5653.36 17.98
1556.1 31366.15 5743.03 18.31
1559.9 31270.43 5822.21 18.62
1563.6 31150.17 5888.89 18.90
1567.3 31046.10 5979.78 19.26
1571.1 30855.35 6063.13 19.65
1574.8 30723.08 6146.53 20.01
1578.6 30633.26 6230.29 20.34
1582.3 30519.48 6302.18 20.65
1586.0 30400.45 6347.00 20.88
1589.8 30269.89 6383.12 21.09
1593.5 30123.48 6425.35 21.33
1597.2 29998.09 6470.70 21.57
1600.9 29883.71 6512.13 21.79
1604.7 29753.95 6562.59 22.06
1608.4 29639.51 6616.50 22.32
1612.1 29489.62 6649.10 22.55
1615.8 29365.23 6686.27 22.77
1619.5 29298.37 6743.18 23.02
1623.2 29161.12 6778.51 23.25
1626.9 29003.45 6793.71 23.42
1630.6 28846.40 6814.72 23.62
1634.3 28721.00 6842.94 23.83
1638.0 28599.28 6852.06 23.96
1641.7 28456.49 6852.91 24.08
1645.4 28299.47 6837.26 24.16
1649.1 28138.66 6814.42 24.22
1652.8 28008.70 6805.63 24.30
1656.4 27859.80 6776.07 24.32
1660.1 27720.43 6748.23 24.34
1663.8 27551.22 6713.61 24.37
1667.5 27406.07 6689.27 24.41
1671.1 27282.14 6659.94 24.41
1674.8 27100.13 6611.72 24.40
1678.5 27060.12 6578.66 24.31
1682.1 27085.37 6547.78 24.17
1685.8 27087.74 6520.16 24.07
1689.5 26985.46 6462.81 23.95
1693.1 26859.21 6394.26 23.81
1696.8 26718.75 6329.38 23.69
1700.4 26575.97 6240.84 23.48
1704.0 26457.91 6157.01 23.27
1707.7 26210.69 6041.64 23.05
1711.3 25940.59 5910.12 22.78
1715.0 25755.85 5800.57 22.52
1718.6 25603.66 5700.08 22.26
1722.2 25471.82 5610.64 22.03
1725.9 25346.15 5518.53 21.77
1729.5 25225.17 5435.44 21.55
1733.1 25122.33 5385.76 21.44
1736.7 25028.77 5344.97 21.36
1740.3 24869.68 5285.77 21.25
1744.0 24796.20 5223.28 21.06
1747.5 24670.34 5143.04 20.85
1751.2 24460.97 5040.79 20.61
1754.8 24300.77 4946.49 20.36
1758.4 24168.99 4868.13 20.14
1762.0 24004.67 4792.33 19.96
1765.5 23878.06 4732.61 19.82
1769.1 23824.80 4701.60 19.73
1772.7 23745.17 4660.43 19.63
1776.3 23631.64 4613.78 19.52
1779.9 23517.13 4570.53 19.43
1783.5 23453.36 4545.84 19.38
1787.0 23338.16 4508.20 19.32
1790.6 23194.11 4467.07 19.26
1794.2 23099.94 4444.64 19.24
1797.8 23019.59 4431.48 19.25
1801.3 22943.45 4426.18 19.29
1804.9 22821.75 4402.13 19.29
1808.4 22758.56 4393.17 19.30
1812.0 22651.25 4373.87 19.31
1815.5 22537.46 4356.26 19.33
1819.1 22377.91 4328.37 19.34
1822.6 22230.86 4303.03 19.36
1826.2 22108.08 4277.75 19.35
1829.7 21962.63 4238.82 19.30
1833.2 21769.52 4176.71 19.19
1836.8 21568.82 4124.58 19.12
1840.3 21408.35 4086.54 19.09
1843.8 21283.15 4050.83 19.03
1847.3 21175.36 4020.13 18.98
1850.8 21026.88 3971.52 18.89
1854.3 20829.70 3907.84 18.76
1857.8 20716.80 3785.60 18.27
1861.3 20743.52 3642.45 17.56
1864.8 20771.48 3447.41 16.60
1868.3 20668.83 3180.39 15.39
1871.8 20505.60 2910.72 14.19
1875.3 20412.67 2637.64 12.92
1878.8 20386.82 2413.01 11.84
1882.3 20318.80 2232.41 10.99
1885.8 20165.84 2047.91 10.16
1889.3 19976.70 1910.09 9.56
1892.7 19815.25 1823.92 9.20
1896.2 19650.94 1765.40 8.98
1899.7 19441.16 1758.44 9.04
1903.1 19313.45 1798.10 9.31
1906.6 19304.54 1925.64 9.98
1910.0 19451.18 2147.34 11.04
1913.5 19794.95 2338.64 11.81
1917.0 20308.75 2769.38 13.64
1920.4 20662.58 3281.98 15.88
1923.8 20806.27 3467.71 16.67
1871.2 18887.00 1991.72 10.55
1873.9 18953.16 1911.42 10.08
1876.7 18991.47 1827.26 9.62
1879.5 19143.67 1636.29 8.55
1882.3 18900.39 1488.58 7.88
1885.1 18757.12 1405.06 7.49
1887.8 18909.61 1311.22 6.93
1890.6 18719.80 1216.28 6.50
1893.4 18700.00 1151.33 6.16
1896.2 18690.78 1059.01 5.67
1898.9 18634.09 1008.46 5.41
1901.7 18493.24 999.32 5.40
1904.5 18663.12 994.52 5.33
1907.2 18605.75 992.75 5.34
1910.0 18464.96 951.13 5.15
1912.7 18451.36 896.75 4.86
1915.5 18338.72 891.91 4.86
1918.2 18231.61 887.43 4.87
1921.0 18078.76 869.90 4.81
1923.7 18082.37 890.45 4.92
1926.5 18028.91 882.56 4.90
1929.2 17989.40 846.56 4.71
1932.0 17961.44 850.04 4.73
1934.7 17922.05 856.71 4.78
1937.4 17800.47 865.37 4.86
1940.2 17730.06 869.75 4.91
1942.9 17801.07 880.01 4.94
1945.6 17808.94 893.92 5.02
1948.3 17731.12 893.48 5.04
1951.1 17698.80 890.96 5.03
1953.8 17700.00 885.00 5.00
1956.5 17568.67 889.52 5.06
1959.2 17632.03 926.90 5.26
1961.9 17647.56 929.76 5.27
1964.6 17543.58 919.28 5.24
1967.3 17598.27 925.60 5.26
1970.0 17419.60 929.44 5.34
1972.8 17335.24 973.69 5.62
1975.5 17419.52 974.58 5.59
1978.2 17336.04 966.52 5.58
1980.9 17221.82 994.02 5.77
1983.5 17185.34 994.65 5.79
1986.2 17183.55 986.49 5.74
1988.9 17157.36 998.13 5.82
1991.6 17017.92 1013.83 5.96
1994.3 16893.86 1028.25 6.09
1997.0 16913.63 1043.77 6.17
1999.7 16876.79 1051.03 6.23
2002.3 16857.27 1032.72 6.13
2005.0 16785.35 1061.49 6.32
2007.7 16706.93 1077.87 6.45
2010.4 16656.07 1059.21 6.36
2013.0 16600.58 1101.02 6.63
2015.7 16495.88 1099.73 6.67
2018.4 16401.61 1100.63 6.71
2021.0 16371.00 1130.50 6.91
2023.7 16264.64 1119.36 6.88
2026.4 16195.83 1123.85 6.94
2029.0 16138.97 1124.67 6.97
2031.7 16029.65 1132.30 7.06
2034.3 16012.75 1154.83 7.21
2037.0 15932.90 1165.41 7.31
2039.6 15864.39 1181.60 7.45
2042.3 15822.15 1162.65 7.35
2044.9 15747.27 1166.88 7.41
2047.5 15719.22 1166.88 7.42
2050.2 15638.00 1162.00 7.43
2052.8 15596.00 1201.20 7.70
2055.4 15487.61 1204.72 7.78
2058.1 15363.60 1184.40 7.71
2060.7 15311.01 1185.08 7.74
2063.3 15243.07 1192.69 7.82
2065.9 15200.63 1197.63 7.88
2068.6 15142.00 1200.42 7.93
2071.2 15102.27 1219.23 8.07
2073.8 15013.06 1208.88 8.05
2076.4 14939.89 1215.29 8.13
2079.0 14937.96 1230.78 8.24
2081.6 14955.68 1237.87 8.28
2084.2 14929.44 1252.82 8.39
2086.8 14795.01 1250.12 8.45
2089.4 14708.12 1245.30 8.47
2092.1 14645.50 1260.83 8.61
2094.7 14574.18 1279.73 8.78
2097.2 14543.50 1260.83 8.67
2099.8 14569.24 1278.15 8.77
2102.4 14455.51 1296.56 8.97
2105.0 14315.55 1302.45 9.10
2107.6 14281.54 1301.69 9.11
2110.2 14245.28 1284.43 9.02
2112.8 14225.04 1294.23 9.10
2115.3 14222.61 1327.87 9.34
2117.9 14223.97 1349.28 9.49
2120.5 14225.20 1340.90 9.43
2123.1 14136.53 1342.58 9.50
2125.6 14079.43 1332.39 9.46
2128.2 14012.88 1325.78 9.46
2130.8 13940.55 1348.43 9.67
2133.3 13889.33 1346.40 9.69
2135.9 13802.30 1347.28 9.76
2138.4 13704.95 1367.25 9.98
2141.0 13601.55 1334.00 9.81
2143.6 13585.34 1328.05 9.78
2146.1 13439.94 1348.70 10.03
2148.7 13282.54 1342.06 10.10
2151.2 13302.67 1346.40 10.12
2153.8 13324.47 1362.76 10.23
2156.3 13227.98 1367.39 10.34
2158.8 13160.05 1358.53 10.32
2161.4 13128.93 1368.03 10.42
2163.9 13034.58 1370.98 10.52
2166.4 12973.85 1357.11 10.46
2169.0 12959.07 1351.20 10.43
2171.5 12876.28 1351.20 10.49
2174.0 12786.55 1344.70 10.52
2176.5 12767.30 1384.37 10.84
2179.1 12718.27 1385.37 10.89
2181.6 12644.21 1347.46 10.66
2184.1 12612.60 1355.20 10.74
2186.6 12631.79 1377.73 10.91
2189.1 12551.10 1367.46 10.90
2191.6 12501.53 1345.87 10.77
2194.1 12512.72 1368.53 10.94
2196.6 12513.32 1375.65 10.99
2199.2 12564.98 1388.36 11.05
2201.7 12503.60 1393.27 11.14
2204.1 12450.01 1374.38 11.04
2206.6 12458.20 1387.56 11.14
2209.1 12429.94 1377.74 11.08
2211.6 12413.54 1374.21 11.07
2214.1 12385.83 1380.01 11.14
2216.6 12340.79 1375.00 11.14
2219.1 12355.98 1352.21 10.94
2221.6 12303.15 1339.95 10.89
2224.0 12230.10 1379.22 11.28
2226.5 12198.83 1346.97 11.04
2229.0 12234.63 1339.95 10.95
2231.5 12152.59 1325.18 10.90
2233.9 12137.64 1304.59 10.75
2236.4 12131.98 1320.12 10.88
2238.9 12024.13 1263.25 10.51
2241.3 12068.10 1239.85 10.27
2243.8 12017.57 1247.62 10.38
2246.2 11870.35 1236.66 10.42
2248.7 11882.39 1214.85 10.22
2251.2 11860.53 1226.02 10.34
2253.6 11784.96 1213.44 10.30
2256.1 11773.44 1175.04 9.98
2258.5 11793.92 1156.34 9.80
2260.9 11696.75 1127.49 9.64
2263.4 11668.53 1124.63 9.64
2265.8 11678.48 1142.46 9.78
2268.3 11583.48 1123.71 9.70
2270.7 11653.18 1105.44 9.49
2273.1 11608.55 1089.14 9.38
2275.6 11523.84 1052.16 9.13
2278.0 11553.06 1056.92 9.15
2280.4 11529.61 1054.44 9.15
2282.8 11402.06 1022.12 8.96
2285.3 11435.59 999.30 8.74
2287.7 11531.47 1011.40 8.77
2290.1 11440.95 1000.19 8.74
2292.5 11408.96 944.46 8.28
2294.9 11404.51 948.40 8.32
2297.3 11303.39 976.89 8.64
2299.7 11233.01 959.45 8.54
2302.1 11231.11 923.16 8.22
2304.5 11113.20 889.84 8.01
2306.9 10995.60 862.40 7.84
2309.3 10932.15 846.36 7.74
2311.7 10856.55 875.28 8.06
2314.1 10708.33 878.25 8.20
2316.5 10641.94 866.80 8.15
2318.9 10674.03 843.52 7.90
2321.3 10672.73 835.91 7.83
2323.7 10642.23 882.53 8.29
2326.1 10606.96 886.60 8.36
2328.4 10691.58 834.01 7.80
2330.8 10736.25 838.45 7.81
2333.2 10617.06 844.26 7.95
2335.6 10582.60 846.94 8.00
2337.9 10642.00 843.01 7.92
2340.3 10592.40 843.87 7.97
2342.7 10507.23 837.87 7.97
2345.0 10502.01 789.88 7.52
2347.4 10493.25 794.75 7.57
2349.7 10277.63 751.81 7.32
2352.1 10236.25 763.32 7.46
2354.4 10290.21 773.70 7.52
2356.8 10243.45 742.47 7.25
2359.2 10187.67 749.67 7.36
2361.5 10122.93 728.68 7.20
2363.8 10144.75 742.19 7.32
2366.2 10159.49 767.92 7.56
2368.5 10097.05 743.15 7.36
2370.9 10118.68 711.26 7.03
2373.2 10072.53 714.97 7.10
2375.5 9932.38 737.58 7.43
2377.9 9918.93 679.19 6.85
2380.2 9923.89 673.51 6.79
2382.5 9856.28 693.85 7.04
2384.8 9822.88 663.52 6.75
2387.2 9807.99 689.19 7.03
2389.5 9759.69 675.20 6.92
2391.8 9772.85 641.70 6.57
2394.1 9716.63 652.57 6.72
2396.4 9652.48 648.34 6.72
2398.7 9714.10 667.42 6.87
2401.0 9598.25 662.63 6.90
2403.3 9511.80 622.50 6.54
2405.6 9521.83 624.79 6.56
2407.9 9458.88 636.27 6.73
2410.2 9400.00 596.59 6.35
2412.5 9350.27 589.47 6.30
2414.8 9330.30 616.20 6.60
2417.1 9280.68 588.43 6.34
2419.4 9294.64 604.36 6.50
2421.7 9214.94 604.52 6.56
2424.0 9156.02 591.73 6.46
2426.2 9223.40 588.50 6.38
2428.5 9129.27 584.10 6.40
2430.8 9112.40 561.35 6.16
2433.1 9071.93 542.10 5.98
2435.4 8991.17 604.26 6.72
2437.6 8963.19 576.29 6.43
2439.9 8866.09 510.97 5.76
2442.2 8873.80 506.26 5.71
2444.4 8827.50 534.13 6.05
2446.7 8812.56 531.44 6.03
2448.9 8870.66 527.03 5.94
2451.2 8802.92 524.48 5.96
2453.4 8732.64 488.16 5.59
2455.7 8702.87 510.86 5.87
2457.9 8608.05 488.40 5.67
2460.2 8594.01 487.04 5.67
2462.4 8611.20 511.68 5.94
2464.7 8503.63 460.51 5.42
2466.9 8416.62 455.82 5.42
2469.2 8471.54 473.16 5.59
2471.4 8370.38 472.68 5.65
2473.6 8261.63 441.87 5.35
2475.9 8256.69 494.45 5.99
2478.1 8211.66 532.87 6.49
2480.3 8173.00 438.59 5.37
2482.5 8177.69 393.16 4.81
2484.8 8119.06 444.18 5.47
2487.0 8110.30 459.21 5.66
2489.2 8058.48 422.15 5.24
2491.4 7946.29 422.68 5.32
2493.6 7987.26 431.11 5.40
2495.8 7981.68 411.75 5.16
2498.0 7985.07 429.65 5.38
2500.2 7961.63 446.53 5.61
2502.4 8125.20 470.64 5.79
2504.6 8272.59 403.77 4.88
2506.8 8348.61 321.48 3.85
