/*** Spectra Vista SIG Data ***/
name= \My Documents\HR1024_Data\RD4S7.
instrument= HR: 1091052
integration= 400, 60, 30, 500, 60, 30
scan time= 1, 1
scan settings= AD, AI, AD, AI
external data set1= 8224, 8224, 8224, 8224, 8224, 8224, 8224, 8224, 8224, 8224, 8224, 8224, 8224, 8224, 8224, 8224
external data set2= 8224, 8224, 8224, 8224, 8224, 8224, 8224, 8224, 8224, 8224, 8224, 8224, 8224, 8224, 8224, 8224
external data dark= 0,0,0,0,0,0,0,0
external data mask= 0
optic= LENS4 , LENS4 
temp= 33.87, 8.81, -5.37, 35.16, 8.88, -5.37
battery= 7.1, 7.1
error= 0, 0
units= Radiance, Radiance
time= 2/3/08 11:48:15 AM, 2/3/08 11:51:25 AM
longitude= , 
latitude= , 
gpstime= , 
comm= 
memory slot= 0, 0
factors= 
data= 
346.4 300.98 82.81 27.51
347.9 318.46 84.09 26.40
349.5 343.20 86.11 25.09
351.1 374.40 91.10 24.33
352.6 409.54 96.14 23.47
354.2 435.24 96.87 22.26
355.7 456.30 92.94 20.37
357.3 495.85 97.09 19.58
358.8 506.78 103.45 20.41
360.4 548.73 99.90 18.21
361.9 565.91 108.65 19.20
363.5 593.82 108.03 18.19
365.1 620.68 112.35 18.10
366.6 647.34 113.24 17.49
368.2 683.25 103.41 15.14
369.7 726.46 104.48 14.38
371.3 772.09 100.09 12.96
372.8 813.40 106.24 13.06
374.4 856.07 114.81 13.41
375.9 883.77 120.48 13.63
377.4 909.07 106.68 11.74
379.0 945.20 113.30 11.99
380.5 966.34 112.02 11.59
382.1 1004.70 104.02 10.35
383.6 1031.94 106.60 10.33
385.2 1082.13 105.60 9.76
386.7 1134.44 109.38 9.64
388.3 1183.47 107.61 9.09
389.8 1236.62 119.68 9.68
391.3 1283.89 112.51 8.76
392.9 1324.35 114.94 8.68
394.4 1356.15 125.82 9.28
395.9 1406.72 125.60 8.93
397.5 1480.96 129.20 8.72
399.0 1545.00 137.20 8.88
400.6 1586.22 131.31 8.28
402.1 1624.11 122.81 7.56
403.6 1645.88 119.88 7.28
405.1 1688.62 117.91 6.98
406.7 1751.68 120.06 6.85
408.2 1815.41 123.85 6.82
409.7 1871.52 124.54 6.65
411.3 1932.39 129.44 6.70
412.8 1975.40 130.82 6.62
414.3 2044.89 135.10 6.61
415.8 2106.25 143.00 6.79
417.4 2169.48 144.72 6.67
418.9 2222.61 142.69 6.42
420.4 2266.93 148.55 6.55
421.9 2296.58 143.26 6.24
423.5 2335.00 150.37 6.44
425.0 2376.73 144.74 6.09
426.5 2428.43 141.04 5.81
428.0 2489.68 139.57 5.61
429.5 2574.41 146.94 5.71
431.1 2658.69 147.83 5.56
432.6 2748.21 154.57 5.62
434.1 2843.23 153.23 5.39
435.6 2926.69 157.90 5.40
437.1 3007.88 160.68 5.34
438.6 3080.14 167.42 5.44
440.1 3160.11 168.12 5.32
441.6 3238.04 170.61 5.27
443.1 3312.90 172.53 5.21
444.7 3389.72 178.37 5.26
446.2 3441.68 175.14 5.09
447.7 3501.62 184.68 5.27
449.2 3564.00 184.03 5.16
450.7 3621.28 183.87 5.08
452.2 3682.41 181.57 4.93
453.7 3758.53 180.29 4.80
455.2 3840.40 185.96 4.84
456.7 3952.96 186.56 4.72
458.2 4072.55 188.03 4.62
459.7 4195.63 195.30 4.65
461.2 4317.19 198.39 4.60
462.7 4419.51 199.05 4.50
464.2 4528.34 209.35 4.62
465.7 4636.49 213.28 4.60
467.2 4730.69 217.91 4.61
468.7 4831.00 224.80 4.65
470.2 4904.47 229.89 4.69
471.7 4994.63 235.60 4.72
473.2 5152.65 241.54 4.69
474.6 5277.65 238.00 4.51
476.1 5315.90 237.44 4.47
477.6 5339.08 235.68 4.41
479.1 5368.13 234.56 4.37
480.6 5404.66 236.02 4.37
482.1 5475.21 229.83 4.20
483.6 5562.12 233.58 4.20
485.1 5668.27 231.50 4.08
486.6 5791.79 237.90 4.11
488.0 5923.94 243.10 4.10
489.5 6066.75 246.77 4.07
491.0 6201.68 248.97 4.01
492.5 6345.54 257.26 4.05
494.0 6492.59 258.33 3.98
495.4 6616.50 264.66 4.00
496.9 6746.80 267.20 3.96
498.4 6868.17 270.80 3.94
499.9 6989.37 276.86 3.96
501.4 7101.28 281.99 3.97
502.8 7211.42 286.44 3.97
504.3 7308.90 289.44 3.96
505.8 7405.94 296.06 4.00
507.2 7465.75 301.51 4.04
508.7 7504.76 303.62 4.05
510.2 7549.77 301.20 3.99
511.6 7573.93 301.60 3.98
513.1 7619.32 305.18 4.01
514.6 7684.06 305.34 3.97
516.0 7736.05 305.88 3.95
517.5 7828.25 306.56 3.92
519.0 7931.31 306.89 3.87
520.5 8033.54 312.26 3.89
521.9 8170.54 319.28 3.91
523.4 8322.71 322.19 3.87
524.8 8476.58 326.51 3.85
526.3 8648.70 332.74 3.85
527.8 8824.59 337.39 3.82
529.2 8983.24 345.08 3.84
530.7 9161.81 351.08 3.83
532.1 9325.79 353.12 3.79
533.6 9502.17 368.83 3.88
535.0 9689.01 374.91 3.87
536.5 9867.79 385.36 3.91
538.0 10049.16 385.66 3.84
539.4 10231.78 398.07 3.89
540.9 10443.93 408.29 3.91
542.3 10618.63 413.51 3.89
543.8 10743.19 413.18 3.85
545.2 10787.72 416.06 3.86
546.6 10787.25 415.57 3.85
548.1 10798.67 414.41 3.84
549.5 10797.77 415.70 3.85
551.0 10799.56 413.84 3.83
552.4 10821.09 416.99 3.85
553.9 10825.03 416.00 3.84
555.3 10846.78 414.88 3.82
556.8 10905.15 428.56 3.93
558.2 10950.19 426.60 3.90
559.6 11027.13 428.33 3.88
561.1 11132.88 430.30 3.87
562.5 11245.54 436.52 3.88
564.0 11402.49 444.43 3.90
565.4 11543.72 456.65 3.96
566.8 11723.98 471.00 4.02
568.3 11891.25 480.56 4.04
569.7 12076.06 493.74 4.09
571.1 12249.63 509.28 4.16
572.6 12426.21 522.29 4.20
574.0 12599.40 545.16 4.33
575.4 12769.31 558.90 4.38
576.9 12924.45 580.73 4.49
578.3 13072.88 604.18 4.62
579.7 13214.09 625.51 4.73
581.1 13332.32 650.09 4.88
582.6 13457.72 673.90 5.01
584.0 13568.00 707.23 5.21
585.4 13711.91 734.44 5.36
586.8 13919.40 775.64 5.57
588.3 14140.62 806.83 5.71
589.7 14327.82 850.82 5.94
591.1 14447.26 891.62 6.17
592.5 14518.46 927.63 6.39
594.0 14547.66 962.59 6.62
595.4 14566.76 994.08 6.82
596.8 14575.28 1038.18 7.12
598.2 14586.43 1084.54 7.44
599.6 14584.19 1141.81 7.83
601.0 14621.32 1194.60 8.17
602.4 14656.48 1252.94 8.55
603.9 14720.65 1316.94 8.95
605.3 14787.56 1381.24 9.34
606.7 14850.90 1460.16 9.83
608.1 14956.71 1538.70 10.29
609.5 15087.13 1631.67 10.81
610.9 15240.09 1727.59 11.34
612.3 15378.24 1834.63 11.93
613.7 15565.24 1947.01 12.51
615.1 15698.61 2060.64 13.13
616.5 15834.13 2179.59 13.77
617.9 16040.22 2312.73 14.42
619.3 16231.37 2453.08 15.11
620.7 16465.73 2609.19 15.85
622.1 16702.31 2753.77 16.49
623.5 16967.59 2875.82 16.95
624.9 17268.83 3016.44 17.47
626.3 17464.11 3151.85 18.05
627.7 17297.90 3231.25 18.68
629.1 17131.07 3323.67 19.40
630.5 17065.89 3430.05 20.10
631.9 17068.07 3563.04 20.88
633.3 17072.86 3701.61 21.68
634.7 17143.21 3842.79 22.42
636.1 17175.19 3969.71 23.11
637.5 17214.12 4087.91 23.75
638.9 17282.65 4205.86 24.34
640.2 17345.48 4310.41 24.85
641.6 17368.65 4405.75 25.37
643.0 17347.86 4482.15 25.84
644.4 17346.99 4548.58 26.22
645.8 17303.92 4615.35 26.67
647.2 17371.51 4714.74 27.14
648.5 17405.34 4808.93 27.63
649.9 17326.73 4885.45 28.20
651.3 17269.88 4981.68 28.85
652.7 17194.65 5060.22 29.43
654.1 17110.53 5030.21 29.40
655.5 17000.34 4966.60 29.21
656.8 16892.62 4888.83 28.94
658.2 16993.27 4884.60 28.74
659.6 17201.86 4915.06 28.57
660.9 17374.35 4934.10 28.40
662.3 17542.46 4945.43 28.19
663.7 17706.15 4947.60 27.94
665.0 17850.15 4942.19 27.69
666.4 17993.38 4933.70 27.42
667.8 18172.37 4948.44 27.23
669.1 18340.58 4966.08 27.08
670.5 18513.22 4999.22 27.00
671.9 18629.28 5038.80 27.05
673.2 18784.35 5103.50 27.17
674.6 18934.77 5195.04 27.44
676.0 19107.41 5318.86 27.84
677.3 19274.00 5464.60 28.35
678.7 19460.75 5661.00 29.09
680.0 19693.92 5932.10 30.12
681.4 19949.74 6267.54 31.42
682.8 20190.63 6691.23 33.14
684.1 20434.05 7182.86 35.15
685.5 20661.50 7749.50 37.51
686.8 20876.79 8351.21 40.00
688.2 21063.54 8972.96 42.60
689.5 21136.22 9545.86 45.16
690.9 21189.20 10101.86 47.67
692.2 21241.50 10616.16 49.98
693.6 21283.52 11099.55 52.15
694.9 21276.87 11517.81 54.13
696.2 21306.77 11901.47 55.86
697.6 21332.37 12249.49 57.42
698.9 21357.60 12566.40 58.84
700.3 21390.71 12872.60 60.18
701.6 21429.47 13150.37 61.37
703.0 21471.99 13396.90 62.39
704.3 21485.34 13602.55 63.31
705.6 21483.00 13779.25 64.14
707.0 21491.89 13943.24 64.88
708.3 21438.50 14069.09 65.63
709.6 21384.38 14163.16 66.23
711.0 21305.08 14230.36 66.79
712.3 21214.65 14279.41 67.31
713.6 21181.23 14353.08 67.76
714.9 21115.22 14411.97 68.25
716.3 21103.70 14482.21 68.62
717.6 21104.62 14553.95 68.96
718.9 21048.57 14586.60 69.30
720.2 20942.08 14550.34 69.48
721.6 20841.80 14546.95 69.80
722.9 20742.62 14519.69 70.00
724.2 20595.93 14465.40 70.23
725.5 20483.80 14445.23 70.52
726.8 20382.67 14395.90 70.63
728.1 20319.64 14379.15 70.76
729.5 20266.07 14354.77 70.83
730.8 20224.65 14353.26 70.97
732.1 20162.40 14325.06 71.05
733.4 20118.51 14318.33 71.17
734.7 20079.83 14291.46 71.17
736.0 20072.78 14315.31 71.32
737.3 20029.99 14321.06 71.50
738.6 20078.49 14372.71 71.58
739.9 20158.75 14479.19 71.83
741.2 20237.49 14553.08 71.91
742.5 20374.08 14687.43 72.09
743.8 20609.53 14908.74 72.34
745.1 20972.39 15209.93 72.52
746.4 21401.61 15545.35 72.64
747.7 21849.92 15860.01 72.59
749.0 22279.29 16157.41 72.52
750.3 22537.39 16283.62 72.25
751.6 22489.95 16237.33 72.20
752.9 22268.69 16087.17 72.24
754.2 22020.08 15935.18 72.37
755.4 21752.37 15781.57 72.55
756.7 21671.76 15767.88 72.76
758.0 21695.15 15834.81 72.99
759.3 21840.20 16002.09 73.27
760.6 22048.18 16197.10 73.46
761.9 22241.80 16386.83 73.68
763.1 22361.42 16504.88 73.81
764.4 22495.96 16640.19 73.97
765.7 22607.00 16746.60 74.08
767.0 22707.99 16842.75 74.17
768.2 22787.52 16929.02 74.29
769.5 22847.70 16998.65 74.40
770.8 22968.83 17111.61 74.50
772.0 23007.05 17154.96 74.56
773.3 23073.57 17225.09 74.65
774.6 23142.26 17332.73 74.90
775.8 23217.35 17389.84 74.90
777.1 23250.39 17436.74 75.00
778.4 23228.21 17425.41 75.02
779.6 23232.20 17458.63 75.15
780.9 23206.00 17478.40 75.32
782.1 23123.66 17443.33 75.44
783.4 23129.60 17475.33 75.55
784.6 23156.94 17522.32 75.67
785.9 23323.57 17715.12 75.95
787.1 23657.54 17999.60 76.08
788.4 23905.77 18164.74 75.98
789.6 23910.81 18055.04 75.51
790.9 23703.38 17861.03 75.35
792.1 23443.52 17706.59 75.53
793.4 23200.49 17515.63 75.50
794.6 23038.97 17423.23 75.63
795.8 22887.63 17334.90 75.74
797.1 22746.90 17242.26 75.80
798.3 22633.05 17177.16 75.89
799.5 22585.37 17151.13 75.94
800.8 22510.70 17119.52 76.05
802.0 22435.02 17071.14 76.09
803.2 22355.92 17016.90 76.12
804.5 22286.88 16986.51 76.22
805.7 22221.30 16935.86 76.21
806.9 22163.45 16878.25 76.15
808.1 22106.40 16838.92 76.17
809.4 22068.13 16835.94 76.29
810.6 22012.90 16820.44 76.41
811.8 21998.30 16814.00 76.43
813.0 22023.85 16824.75 76.39
814.2 22034.44 16856.69 76.50
815.4 22094.68 16877.78 76.39
816.6 22117.02 16893.93 76.38
817.9 22159.15 16892.20 76.23
819.1 22110.24 16817.41 76.06
820.3 22040.68 16748.00 75.99
821.5 21976.08 16689.45 75.94
822.7 21945.91 16653.16 75.88
823.9 21946.82 16630.97 75.78
825.1 21950.55 16613.00 75.68
826.3 21976.62 16589.21 75.49
827.5 21980.34 16587.46 75.46
828.7 22017.96 16554.62 75.19
829.9 22041.74 16534.16 75.01
831.0 22083.57 16536.49 74.88
832.2 22125.60 16554.10 74.82
833.4 22169.16 16546.15 74.64
834.6 22207.03 16554.38 74.55
835.8 22252.39 16577.19 74.50
837.0 22278.53 16617.60 74.59
838.1 22362.84 16664.70 74.52
839.3 22423.92 16696.31 74.46
840.5 22463.55 16722.56 74.44
841.7 22539.94 16789.19 74.49
842.9 22590.38 16850.85 74.59
844.0 22640.76 16877.47 74.54
845.2 22733.43 16950.18 74.56
846.4 22779.40 16994.29 74.60
847.5 22894.92 17063.07 74.53
848.7 22986.81 17133.38 74.54
849.9 23090.42 17173.34 74.37
851.0 23115.33 17162.40 74.25
852.2 23147.70 17184.66 74.24
853.3 23146.04 17145.30 74.07
854.5 23138.69 17121.86 74.00
855.6 23131.08 17127.61 74.05
856.8 23140.08 17128.83 74.02
857.9 23125.66 17131.75 74.08
859.1 23200.40 17164.08 73.98
860.2 23210.88 17169.52 73.97
861.4 23238.19 17202.44 74.03
862.5 23256.69 17192.45 73.92
863.7 23299.75 17210.81 73.87
864.8 23308.25 17244.78 73.99
865.9 23278.88 17216.92 73.96
867.1 23298.62 17231.05 73.96
868.2 23308.26 17222.73 73.89
869.3 23327.36 17202.91 73.75
870.5 23292.12 17191.75 73.81
871.6 23289.32 17168.34 73.72
872.7 23336.56 17192.80 73.67
873.9 23363.45 17189.28 73.57
875.0 23323.98 17172.03 73.62
876.1 23338.58 17136.52 73.43
877.2 23352.60 17150.04 73.44
878.3 23349.40 17137.49 73.40
879.4 23378.40 17140.91 73.32
880.5 23403.42 17103.17 73.08
881.7 23389.60 17116.32 73.18
882.8 23432.80 17092.16 72.94
883.9 23448.21 17066.62 72.78
885.0 23450.02 17031.65 72.63
886.1 23424.56 16960.88 72.41
887.2 23365.96 16875.22 72.22
888.3 23308.56 16783.60 72.01
889.4 23276.53 16713.76 71.81
890.5 23201.38 16670.06 71.85
891.6 23192.34 16637.49 71.74
892.7 23215.89 16607.59 71.54
893.8 23203.09 16636.45 71.70
894.9 23213.03 16612.95 71.57
896.0 23219.08 16585.58 71.43
897.0 23233.59 16566.80 71.31
898.1 23265.19 16554.04 71.15
899.2 23265.94 16535.54 71.07
900.3 23202.69 16455.04 70.92
901.4 23182.22 16426.48 70.86
902.4 23192.03 16417.19 70.79
903.5 23179.29 16406.14 70.78
904.6 23181.33 16349.14 70.53
905.7 23181.52 16338.37 70.48
906.7 23201.08 16298.57 70.25
907.8 23205.26 16305.67 70.27
908.9 23171.38 16232.11 70.05
909.9 23142.01 16233.09 70.15
911.0 23135.89 16150.99 69.81
912.1 23112.25 16093.99 69.63
913.1 23069.80 16033.26 69.50
914.2 23011.95 15991.22 69.49
915.2 23006.97 15936.05 69.27
916.3 23024.55 15919.20 69.14
917.3 23013.50 15852.84 68.88
918.4 22970.06 15771.25 68.66
919.4 22959.52 15731.96 68.52
920.5 22948.10 15676.81 68.31
921.5 22992.94 15628.31 67.97
922.6 22908.19 15550.18 67.88
923.6 22998.44 15538.05 67.56
924.7 22983.50 15475.70 67.33
925.7 22963.47 15438.58 67.23
926.7 22993.12 15362.39 66.81
927.8 23046.06 15307.15 66.42
928.8 23129.73 15281.06 66.07
929.9 23214.82 15239.14 65.64
930.9 23325.95 15258.35 65.41
931.9 23422.51 15255.19 65.13
932.9 23590.71 15289.76 64.81
934.0 23628.34 15209.32 64.37
935.0 23647.48 15128.73 63.98
936.0 23654.47 15100.01 63.84
937.0 23611.58 15016.25 63.60
938.1 23603.32 14912.14 63.18
939.1 23584.34 14834.40 62.90
940.1 23673.00 14796.23 62.50
941.1 23749.98 14792.53 62.28
942.1 23913.97 14772.05 61.77
943.1 24007.97 14757.36 61.47
944.1 24139.96 14786.13 61.25
945.2 24191.16 14691.77 60.73
946.2 24274.20 14612.01 60.20
947.2 24295.69 14562.70 59.94
948.2 24407.51 14522.13 59.50
949.2 24434.31 14453.40 59.15
950.2 24503.20 14370.34 58.65
951.2 24568.74 14302.85 58.22
952.2 24624.11 14149.79 57.46
953.2 24717.31 14148.68 57.24
954.2 24858.68 14098.14 56.71
955.2 24833.48 13998.31 56.37
956.2 24781.87 13926.69 56.20
957.2 24889.44 13864.01 55.70
958.2 24934.17 13750.48 55.15
959.2 25016.63 13772.88 55.05
960.1 25036.42 13704.50 54.74
961.1 25110.32 13779.78 54.88
962.1 25088.91 13658.63 54.44
963.1 25119.92 13689.17 54.50
964.1 25214.63 13627.10 54.04
965.1 25330.49 13703.98 54.10
966.1 25308.67 13629.11 53.85
967.0 25429.11 13699.76 53.87
968.0 25412.72 13636.60 53.66
969.0 25476.70 13678.88 53.69
970.0 25548.92 13764.41 53.87
971.0 25553.38 13725.68 53.71
971.9 25577.75 13754.83 53.78
972.9 25632.47 13729.66 53.56
973.9 25687.84 13700.18 53.33
974.9 25707.07 13681.71 53.22
975.8 25785.50 13703.07 53.14
976.8 25887.84 13738.86 53.07
977.8 25820.50 13826.16 53.55
978.8 25860.98 13810.68 53.40
979.7 25944.03 13861.26 53.43
980.7 26085.84 13949.56 53.48
981.7 26216.93 13895.41 53.00
982.6 26357.49 14114.94 53.55
983.6 26637.96 14235.50 53.44
984.6 26867.99 14321.54 53.30
985.5 27228.96 14742.14 54.14
986.5 27586.71 14986.93 54.33
987.5 28229.74 15288.05 54.16
988.4 29129.10 15919.64 54.65
989.4 29461.65 15879.33 53.90
990.4 30215.79 16056.70 53.14
991.3 31016.90 17042.25 54.95
992.3 32083.73 16354.88 50.98
993.2 32873.87 16964.26 51.60
994.2 33903.68 17103.65 50.45
995.2 33992.36 17681.62 52.02
996.1 34230.84 17726.69 51.79
997.1 34851.51 17458.32 50.09
998.0 34260.00 17815.20 52.00
999.0 34687.92 17633.03 50.83
1000.0 34688.89 17850.71 51.46
1000.9 35217.36 18887.52 53.63
1001.9 35272.85 17352.62 49.20
1002.8 34914.90 17227.47 49.34
1003.8 33603.76 18154.76 54.03
1004.8 35367.90 18619.49 52.65
961.5 31131.28 14792.19 47.52
965.5 30535.97 14670.91 48.04
969.5 29322.48 14242.35 48.57
973.4 27903.28 13884.02 49.76
977.4 26904.56 13496.58 50.16
981.4 26534.70 13353.44 50.32
985.3 26407.57 13426.69 50.84
989.3 26474.11 13631.02 51.49
993.3 26619.54 13893.43 52.19
997.2 26659.40 14065.56 52.76
1001.2 26636.74 14193.40 53.29
1005.2 26603.49 14315.30 53.81
1009.1 26619.65 14463.09 54.33
1013.1 26716.01 14667.97 54.90
1017.1 26794.94 14886.08 55.56
1021.0 26801.46 15066.01 56.21
1025.0 26791.13 15226.73 56.83
1029.0 26701.37 15329.87 57.41
1032.9 26612.69 15425.02 57.96
1036.9 26609.51 15568.89 58.51
1040.9 26674.31 15757.21 59.07
1044.8 26787.82 15975.81 59.64
1048.8 26888.29 16185.04 60.19
1052.7 26960.57 16345.15 60.63
1056.7 26977.24 16454.74 60.99
1060.7 26985.60 16542.74 61.30
1064.6 27010.97 16629.96 61.57
1068.6 26982.88 16643.01 61.68
1072.5 26926.21 16599.95 61.65
1076.5 26904.28 16575.43 61.61
1080.4 26907.72 16551.28 61.51
1084.4 26967.74 16514.86 61.24
1088.3 27046.80 16466.20 60.88
1092.3 27030.17 16356.07 60.51
1096.2 27021.53 16227.90 60.06
1100.2 27064.25 16121.89 59.57
1104.1 26999.93 15966.60 59.14
1108.1 26976.31 15832.51 58.69
1112.0 26929.62 15659.55 58.15
1116.0 26827.19 15423.85 57.49
1119.9 26743.36 15167.06 56.71
1123.9 26789.11 14934.36 55.75
1127.8 26776.32 14588.16 54.48
1131.8 26765.25 14123.67 52.77
1135.7 26806.82 13589.46 50.69
1139.6 26802.37 13006.92 48.53
1143.6 26782.94 12438.17 46.44
1147.5 26783.56 11956.68 44.64
1151.4 26689.51 11526.37 43.19
1155.4 26684.50 11247.94 42.15
1159.3 26717.33 11075.26 41.45
1163.2 26640.39 10908.61 40.95
1167.2 26631.42 10828.86 40.66
1171.1 26649.11 10766.93 40.40
1175.0 26624.79 10684.01 40.13
1179.0 26612.16 10621.26 39.91
1182.9 26679.08 10595.73 39.72
1186.8 26688.13 10535.16 39.48
1190.7 26563.51 10439.52 39.30
1194.7 26418.25 10340.60 39.14
1198.6 26292.42 10280.66 39.10
1202.5 26222.77 10251.47 39.09
1206.4 26156.30 10228.05 39.10
1210.3 26101.80 10239.41 39.23
1214.2 26061.58 10262.30 39.38
1218.2 25980.18 10271.85 39.54
1222.1 25898.70 10309.70 39.81
1226.0 25846.71 10361.91 40.09
1229.9 25808.88 10395.42 40.28
1233.8 25765.00 10426.23 40.47
1237.7 25743.41 10461.54 40.64
1241.6 25703.07 10488.56 40.81
1245.5 25624.12 10497.98 40.97
1249.4 25550.35 10500.47 41.10
1253.3 25491.83 10504.32 41.21
1257.2 25468.72 10518.28 41.30
1261.1 25410.02 10515.10 41.38
1265.0 25340.06 10501.63 41.44
1268.9 25238.59 10460.37 41.45
1272.8 25273.80 10459.50 41.38
1276.7 25394.86 10476.13 41.25
1280.6 25450.19 10442.70 41.03
1284.5 25408.33 10365.36 40.80
1288.4 25396.88 10293.40 40.53
1292.3 25335.75 10177.75 40.17
1296.2 25253.77 10041.80 39.76
1300.1 25154.45 9879.14 39.27
1303.9 25021.28 9689.24 38.72
1307.8 24888.83 9477.35 38.08
1311.7 24744.05 9247.28 37.37
1315.6 24606.58 9011.11 36.62
1319.5 24454.91 8749.71 35.78
1323.3 24310.87 8478.95 34.88
1327.2 24198.13 8220.92 33.97
1331.1 24066.72 7947.96 33.02
1335.0 23889.51 7667.63 32.10
1338.8 23760.57 7422.43 31.24
1342.7 23672.67 7197.08 30.40
1346.5 23478.13 6963.29 29.66
1350.4 23310.26 6759.85 29.00
1354.3 23083.45 6547.73 28.37
1358.1 22838.31 6322.11 27.68
1362.0 22679.75 6115.20 26.96
1365.8 22617.02 5920.01 26.18
1369.7 22674.59 5741.04 25.32
1373.5 22638.01 5516.78 24.37
1377.4 22496.49 5208.61 23.15
1381.2 22378.35 4818.44 21.53
1385.1 22350.32 4409.25 19.73
1389.0 22288.46 4014.68 18.01
1392.8 22173.23 3617.23 16.31
1396.6 22085.45 3255.38 14.74
1400.5 21959.65 2947.32 13.42
1404.3 21857.78 2692.04 12.32
1408.2 21838.81 2492.66 11.41
1412.0 21801.98 2338.69 10.73
1415.8 21812.41 2229.46 10.22
1419.6 21792.97 2132.67 9.79
1423.5 21771.98 2051.21 9.42
1427.3 21755.09 2003.67 9.21
1431.1 21750.38 1973.93 9.08
1434.9 21698.88 1936.37 8.92
1438.8 21663.77 1914.51 8.84
1442.6 21637.50 1899.48 8.78
1446.4 21563.28 1871.66 8.68
1450.2 21516.17 1861.38 8.65
1454.0 21457.08 1860.48 8.67
1457.8 21441.21 1859.31 8.67
1461.6 21431.12 1860.31 8.68
1465.4 21362.81 1862.59 8.72
1469.2 21250.78 1876.88 8.83
1473.0 21169.27 1899.02 8.97
1476.8 21139.84 1931.74 9.14
1480.7 21105.82 1966.78 9.32
1484.4 21030.72 2015.52 9.58
1488.2 20973.72 2070.24 9.87
1492.0 20900.33 2121.64 10.15
1495.8 20827.63 2177.18 10.45
1499.6 20757.13 2224.30 10.72
1503.4 20685.81 2265.12 10.95
1507.2 20635.20 2310.05 11.19
1510.9 20559.83 2340.66 11.38
1514.7 20479.56 2362.76 11.54
1518.5 20410.03 2405.48 11.79
1522.3 20318.91 2440.07 12.01
1526.0 20257.55 2473.86 12.21
1529.8 20222.14 2521.21 12.47
1533.6 20145.31 2562.08 12.72
1537.3 20069.96 2605.09 12.98
1541.1 19997.77 2652.91 13.27
1544.8 19920.00 2707.20 13.59
1548.6 19840.21 2747.77 13.85
1552.4 19790.40 2781.97 14.06
1556.1 19745.13 2807.65 14.22
1559.9 19688.26 2822.53 14.34
1563.6 19618.47 2854.86 14.55
1567.3 19559.76 2915.80 14.91
1571.1 19433.54 2956.34 15.21
1574.8 19353.80 2983.75 15.42
1578.6 19306.98 3025.60 15.67
1582.3 19224.28 3055.53 15.89
1586.0 19146.44 3076.46 16.07
1589.8 19074.77 3089.30 16.20
1593.5 18983.01 3108.19 16.37
1597.2 18910.28 3135.71 16.58
1600.9 18837.12 3147.93 16.71
1604.7 18753.01 3169.56 16.90
1608.4 18685.00 3204.79 17.15
1612.1 18589.61 3210.41 17.27
1615.8 18506.95 3226.45 17.43
1619.5 18470.24 3255.91 17.63
1623.2 18382.61 3268.56 17.78
1626.9 18281.26 3279.39 17.94
1630.6 18186.30 3286.36 18.07
1634.3 18110.82 3295.73 18.20
1638.0 18019.81 3298.25 18.30
1641.7 17928.53 3300.35 18.41
1645.4 17837.69 3289.36 18.44
1649.1 17719.40 3278.64 18.50
1652.8 17632.13 3265.47 18.52
1656.4 17542.23 3248.74 18.52
1660.1 17452.82 3235.94 18.54
1663.8 17351.33 3220.27 18.56
1667.5 17263.22 3205.22 18.57
1671.1 17190.62 3188.64 18.55
1674.8 17086.89 3163.55 18.51
1678.5 17055.43 3147.94 18.46
1682.1 17058.87 3132.26 18.36
1685.8 17063.96 3124.78 18.31
1689.5 17004.15 3100.26 18.23
1693.1 16926.54 3054.93 18.05
1696.8 16843.50 3021.00 17.94
1700.4 16752.61 2987.03 17.83
1704.0 16684.20 2949.34 17.68
1707.7 16548.84 2894.26 17.49
1711.3 16387.05 2827.41 17.25
1715.0 16263.58 2775.95 17.07
1718.6 16168.21 2729.04 16.88
1722.2 16083.03 2680.10 16.66
1725.9 15998.19 2632.58 16.46
1729.5 15924.10 2596.32 16.30
1733.1 15857.39 2571.73 16.22
1736.7 15790.22 2557.33 16.20
1740.3 15689.65 2529.12 16.12
1744.0 15648.28 2501.42 15.99
1747.5 15570.19 2460.34 15.80
1751.2 15444.89 2408.11 15.59
1754.8 15352.25 2368.31 15.43
1758.4 15274.29 2326.78 15.23
1762.0 15165.37 2293.44 15.12
1765.5 15091.31 2269.55 15.04
1769.1 15074.40 2248.80 14.92
1772.7 15027.15 2229.74 14.84
1776.3 14954.60 2204.58 14.74
1779.9 14886.09 2179.83 14.64
1783.5 14852.72 2167.52 14.59
1787.0 14774.09 2149.14 14.55
1790.6 14686.84 2131.84 14.52
1794.2 14626.25 2123.49 14.52
1797.8 14572.31 2114.38 14.51
1801.3 14527.22 2110.55 14.53
1804.9 14445.38 2110.50 14.61
1808.4 14404.59 2108.51 14.64
1812.0 14321.63 2098.70 14.65
1815.5 14236.38 2090.56 14.68
1819.1 14124.74 2066.13 14.63
1822.6 14025.96 2054.83 14.65
1826.2 13954.81 2046.39 14.66
1829.7 13857.23 2026.35 14.62
1833.2 13724.80 2009.64 14.64
1836.8 13596.77 1987.44 14.62
1840.3 13507.92 1961.15 14.52
1843.8 13431.88 1937.95 14.43
1847.3 13384.53 1929.37 14.41
1850.8 13325.76 1911.17 14.34
1854.3 13223.04 1881.22 14.23
1857.8 13161.20 1830.40 13.91
1861.3 13149.65 1746.95 13.29
1864.8 13113.55 1633.34 12.46
1868.3 13008.00 1476.35 11.35
1871.8 12902.40 1320.96 10.24
1875.3 12863.31 1206.66 9.38
1878.8 12861.64 1105.96 8.60
1882.3 12814.79 994.79 7.76
1885.8 12721.10 907.50 7.13
1889.3 12603.25 850.78 6.75
1892.7 12484.14 796.86 6.38
1896.2 12425.34 781.41 6.29
1899.7 12309.09 786.38 6.39
1903.1 12237.46 763.22 6.24
1906.6 12275.96 834.44 6.80
1910.0 12425.41 938.16 7.55
1913.5 12695.50 1085.80 8.55
1917.0 13071.45 1292.38 9.89
1920.4 13359.03 1525.43 11.42
1923.8 13383.20 1788.04 13.36
1871.2 11709.94 1316.37 11.24
1873.9 11844.38 1288.60 10.88
1876.7 11942.06 1218.17 10.20
1879.5 11955.33 1049.88 8.78
1882.3 11773.28 1046.51 8.89
1885.1 11714.58 974.06 8.31
1887.8 11825.72 931.87 7.88
1890.6 11726.19 935.60 7.98
1893.4 11711.33 887.33 7.58
1896.2 11690.33 845.83 7.24
1898.9 11600.54 835.03 7.20
1901.7 11509.78 828.85 7.20
1904.5 11595.68 830.53 7.16
1907.2 11575.75 807.50 6.98
1910.0 11534.65 773.88 6.71
1912.7 11509.58 772.64 6.71
1915.5 11429.24 741.38 6.49
1918.2 11379.10 719.25 6.32
1921.0 11291.49 742.68 6.58
1923.7 11305.65 730.37 6.46
1926.5 11284.35 703.44 6.23
1929.2 11297.09 699.05 6.19
1932.0 11293.84 698.36 6.18
1934.7 11256.00 694.12 6.17
1937.4 11153.59 673.06 6.03
1940.2 11119.32 666.91 6.00
1942.9 11202.56 679.04 6.06
1945.6 11207.22 697.62 6.22
1948.3 11145.88 703.95 6.32
1951.1 11140.01 707.35 6.35
1953.8 11145.00 702.00 6.30
1956.5 11045.56 688.85 6.24
1959.2 11104.86 699.66 6.30
1961.9 11124.34 694.34 6.24
1964.6 11058.08 699.13 6.32
1967.3 11092.37 700.13 6.31
1970.0 10987.52 698.56 6.36
1972.8 10943.00 714.83 6.53
1975.5 10983.78 711.18 6.47
1978.2 10935.40 712.48 6.52
1980.9 10858.38 728.75 6.71
1983.5 10836.45 724.18 6.68
1986.2 10831.02 718.77 6.64
1988.9 10819.38 739.14 6.83
1991.6 10735.05 727.06 6.77
1994.3 10649.29 724.97 6.81
1997.0 10665.45 749.67 7.03
1999.7 10628.04 760.99 7.16
2002.3 10626.41 765.19 7.20
2005.0 10577.50 759.44 7.18
2007.7 10537.87 762.53 7.24
2010.4 10503.55 765.14 7.28
2013.0 10469.60 776.69 7.42
2015.7 10417.55 761.57 7.31
2018.4 10373.69 763.06 7.36
2021.0 10341.67 796.17 7.70
2023.7 10246.67 788.64 7.70
2026.4 10218.87 777.40 7.61
2029.0 10197.92 773.21 7.58
2031.7 10117.47 780.22 7.71
2034.3 10100.57 771.77 7.64
2037.0 10052.37 760.05 7.56
2039.6 10015.47 779.29 7.78
2042.3 10000.48 794.76 7.95
2044.9 9966.17 805.04 8.08
2047.5 9926.90 768.57 7.74
2050.2 9839.20 764.40 7.77
2052.8 9839.20 800.80 8.14
2055.4 9775.02 804.08 8.23
2058.1 9676.80 786.80 8.13
2060.7 9656.73 782.60 8.10
2063.3 9627.93 785.84 8.16
2065.9 9594.96 784.46 8.18
2068.6 9550.29 792.83 8.30
2071.2 9522.27 797.94 8.38
2073.8 9469.56 805.92 8.51
2076.4 9438.82 805.51 8.53
2079.0 9427.55 792.42 8.41
2081.6 9427.48 796.17 8.45
2084.2 9413.08 826.75 8.78
2086.8 9327.84 828.70 8.88
2089.4 9281.57 791.43 8.53
2092.1 9228.17 801.83 8.69
2094.7 9209.50 819.25 8.90
2097.2 9211.17 818.83 8.89
2099.8 9177.65 845.46 9.21
2102.4 9110.04 816.04 8.96
2105.0 9037.35 803.70 8.89
2107.6 9009.28 814.62 9.04
2110.2 9002.40 826.93 9.19
2112.8 8990.87 821.78 9.14
2115.3 8991.97 819.81 9.12
2117.9 8986.46 832.78 9.27
2120.5 8943.22 827.86 9.26
2123.1 8918.33 836.55 9.38
2125.6 8905.06 822.86 9.24
2128.2 8835.61 825.32 9.34
2130.8 8804.25 833.63 9.47
2133.3 8785.33 824.27 9.38
2135.9 8707.33 841.32 9.66
2138.4 8648.47 839.80 9.71
2141.0 8594.63 828.61 9.64
2143.6 8560.47 832.59 9.73
2146.1 8482.97 828.61 9.77
2148.7 8378.31 831.08 9.92
2151.2 8395.20 824.27 9.82
2153.8 8409.10 824.13 9.80
2156.3 8334.31 829.89 9.96
2158.8 8295.91 821.03 9.90
2161.4 8278.92 828.48 10.01
2163.9 8211.11 825.53 10.05
2166.4 8178.14 824.91 10.09
2169.0 8184.05 845.61 10.33
2171.5 8127.88 827.87 10.19
2174.0 8074.15 794.33 9.84
2176.5 8046.09 819.26 10.18
2179.1 8026.09 822.19 10.24
2181.6 7963.08 796.92 10.01
2184.1 7927.92 816.20 10.30
2186.6 7968.23 844.21 10.59
2189.1 7928.70 799.29 10.08
2191.6 7879.20 770.93 9.78
2194.1 7902.25 817.13 10.34
2196.6 7910.84 818.60 10.35
2199.2 7922.01 798.83 10.08
2201.7 7911.90 805.88 10.19
2204.1 7872.42 813.63 10.34
2206.6 7859.11 824.33 10.49
2209.1 7834.95 836.49 10.68
2211.6 7811.28 829.85 10.62
2214.1 7823.83 843.97 10.79
2216.6 7801.78 831.84 10.66
2219.1 7778.99 805.25 10.35
2221.6 7769.41 833.66 10.73
2224.0 7730.49 792.48 10.25
2226.5 7705.13 772.42 10.02
2229.0 7700.89 803.21 10.43
2231.5 7614.04 781.32 10.26
2233.9 7619.70 761.97 10.00
2236.4 7646.66 737.26 9.64
2238.9 7587.25 747.88 9.86
2241.3 7617.87 750.13 9.85
2243.8 7590.66 742.35 9.78
2246.2 7466.46 740.44 9.92
2248.7 7485.79 725.05 9.69
2251.2 7456.07 707.17 9.48
2253.6 7388.16 714.24 9.67
2256.1 7392.00 710.40 9.61
2258.5 7429.78 706.87 9.51
2260.9 7370.87 697.97 9.47
2263.4 7335.06 641.00 8.74
2265.8 7324.05 653.93 8.93
2268.3 7284.90 646.52 8.87
2270.7 7335.06 629.49 8.58
2273.1 7298.01 659.62 9.04
2275.6 7249.92 633.60 8.74
2278.0 7263.90 611.09 8.41
2280.4 7254.11 642.67 8.86
2282.8 7154.84 623.34 8.71
2285.3 7173.98 606.58 8.46
2287.7 7228.16 624.80 8.64
2290.1 7183.21 616.72 8.59
2292.5 7174.75 579.38 8.08
2294.9 7172.28 592.75 8.26
2297.3 7095.27 581.39 8.19
2299.7 7055.67 552.77 7.83
2302.1 7047.43 569.61 8.08
2304.5 6969.76 544.88 7.82
2306.9 6871.76 525.28 7.64
2309.3 6829.66 521.14 7.63
2311.7 6841.28 510.25 7.46
2314.1 6762.12 515.92 7.63
2316.5 6698.00 543.72 8.12
2318.9 6708.72 551.83 8.23
2321.3 6699.18 511.06 7.63
2323.7 6692.83 531.11 7.94
2326.1 6669.65 552.11 8.28
2328.4 6684.27 520.75 7.79
2330.8 6719.87 523.52 7.79
2333.2 6684.06 502.44 7.52
2335.6 6626.06 498.20 7.52
2337.9 6656.47 550.88 8.28
2340.3 6637.57 524.79 7.91
2342.7 6554.85 440.09 6.71
2345.0 6590.83 492.61 7.47
2347.4 6579.00 510.00 7.75
2349.7 6450.22 457.07 7.09
2352.1 6436.79 480.29 7.46
2354.4 6443.20 472.82 7.34
2356.8 6410.25 431.67 6.73
2359.2 6387.33 446.33 6.99
2361.5 6370.47 471.24 7.40
2363.8 6359.13 447.95 7.04
2366.2 6364.03 458.99 7.21
2368.5 6327.90 453.90 7.17
2370.9 6289.51 442.86 7.04
2373.2 6299.83 467.65 7.42
2375.5 6271.65 457.03 7.29
2377.9 6231.24 396.58 6.36
2380.2 6231.07 421.51 6.76
2382.5 6226.23 431.93 6.94
2384.8 6166.56 380.48 6.17
2387.2 6137.03 454.77 7.41
2389.5 6105.12 448.56 7.35
2391.8 6108.03 375.51 6.15
2394.1 6113.08 393.46 6.44
2396.4 6043.08 391.91 6.49
2398.7 6045.74 389.73 6.45
2401.0 6037.85 375.82 6.22
2403.3 5976.00 388.44 6.50
2405.6 5958.01 374.88 6.29
2407.9 5961.90 330.66 5.55
2410.2 5895.68 340.91 5.78
2412.5 5854.08 365.88 6.25
2414.8 5884.71 385.13 6.54
2417.1 5832.68 361.32 6.19
2419.4 5803.94 317.81 5.48
2421.7 5771.82 331.17 5.74
2424.0 5758.83 343.42 5.96
2426.2 5767.30 331.70 5.75
2428.5 5732.83 340.73 5.94
2430.8 5706.15 327.00 5.73
2433.1 5636.77 315.31 5.59
2435.4 5600.60 341.30 6.09
2437.6 5600.60 313.32 5.59
2439.9 5575.70 303.21 5.44
2442.2 5563.19 335.61 6.03
2444.4 5553.80 321.63 5.79
2446.7 5507.12 327.04 5.94
2448.9 5507.15 331.61 6.02
2451.2 5507.04 292.04 5.30
2453.4 5448.11 271.20 4.98
2455.7 5430.93 322.33 5.94
2457.9 5354.09 305.25 5.70
2460.2 5363.55 283.59 5.29
2462.4 5410.08 287.04 5.31
2464.7 5343.16 290.18 5.43
2466.9 5296.50 308.16 5.82
2469.2 5269.60 298.16 5.66
2471.4 5219.18 295.43 5.66
2473.6 5235.49 254.41 4.86
2475.9 5195.15 264.16 5.08
2478.1 5116.92 314.26 6.14
2480.3 5082.02 285.43 5.62
2482.5 5118.21 257.34 5.03
2484.8 5046.20 262.14 5.19
2487.0 4999.50 222.20 4.44
2489.2 5095.91 233.69 4.59
2491.4 4987.57 230.55 4.62
2493.6 4938.15 180.28 3.65
2495.8 4972.71 277.14 5.57
2498.0 4904.53 324.27 6.61
2500.2 4920.20 219.05 4.45
2502.4 5079.36 213.12 4.20
2504.6 5192.67 253.53 4.88
2506.8 5279.98 243.54 4.61
