/*** Spectra Vista SIG Data ***/
name= \My Documents\HR1024_Data\RD4S9.
instrument= HR: 1091052
integration= 400, 60, 30, 500, 60, 30
scan time= 1, 1
scan settings= AD, AI, AD, AI
external data set1= 8224, 8224, 8224, 8224, 8224, 8224, 8224, 8224, 8224, 8224, 8224, 8224, 8224, 8224, 8224, 8224
external data set2= 8224, 8224, 8224, 8224, 8224, 8224, 8224, 8224, 8224, 8224, 8224, 8224, 8224, 8224, 8224, 8224
external data dark= 0,0,0,0,0,0,0,0
external data mask= 0
optic= LENS4 , LENS4 
temp= 33.87, 8.81, -5.37, 35.40, 8.81, -5.30
battery= 7.1, 7.0
error= 0, 0
units= Radiance, Radiance
time= 2/3/08 11:48:15 AM, 2/3/08 11:52:02 AM
longitude= , 
latitude= , 
gpstime= , 
comm= 
memory slot= 0, 0
factors= 
data= 
346.4 300.98 80.26 26.67
347.9 318.46 82.83 26.01
349.5 343.20 83.62 24.36
351.1 374.40 81.12 21.67
352.6 409.54 84.76 20.69
354.2 435.24 92.94 21.35
355.7 456.30 101.03 22.14
357.3 495.85 95.70 19.30
358.8 506.78 92.27 18.21
360.4 548.73 104.12 18.97
361.9 565.91 96.12 16.98
363.5 593.82 106.65 17.96
365.1 620.68 108.19 17.43
366.6 647.34 106.34 16.43
368.2 683.25 102.07 14.94
369.7 726.46 97.95 13.48
371.3 772.09 113.26 14.67
372.8 813.40 107.57 13.22
374.4 856.07 106.80 12.48
375.9 883.77 112.54 12.73
377.4 909.07 109.28 12.02
379.0 945.20 109.48 11.58
380.5 966.34 109.56 11.34
382.1 1004.70 105.20 10.47
383.6 1031.94 105.46 10.22
385.2 1082.13 108.90 10.06
386.7 1134.44 111.55 9.83
388.3 1183.47 107.61 9.09
389.8 1236.62 104.31 8.44
391.3 1283.89 113.63 8.85
392.9 1324.35 119.49 9.02
394.4 1356.15 117.51 8.67
395.9 1406.72 133.14 9.46
397.5 1480.96 133.08 8.99
399.0 1545.00 135.96 8.80
400.6 1586.22 123.39 7.78
402.1 1624.11 129.00 7.94
403.6 1645.88 114.12 6.93
405.1 1688.62 116.99 6.93
406.7 1751.68 123.65 7.06
408.2 1815.41 119.39 6.58
409.7 1871.52 123.65 6.61
411.3 1932.39 132.19 6.84
412.8 1975.40 132.72 6.72
414.3 2044.89 133.14 6.51
415.8 2106.25 141.00 6.69
417.4 2169.48 136.62 6.30
418.9 2222.61 145.73 6.56
420.4 2266.93 140.58 6.20
421.9 2296.58 142.30 6.20
423.5 2335.00 148.51 6.36
425.0 2376.73 144.74 6.09
426.5 2428.43 139.32 5.74
428.0 2489.68 140.39 5.64
429.5 2574.41 144.57 5.62
431.1 2658.69 145.51 5.47
432.6 2748.21 147.65 5.37
434.1 2843.23 148.61 5.23
435.6 2926.69 151.70 5.18
437.1 3007.88 159.12 5.29
438.6 3080.14 166.63 5.41
440.1 3160.11 169.70 5.37
441.6 3238.04 173.82 5.37
443.1 3312.90 173.34 5.23
444.7 3389.72 175.09 5.17
446.2 3441.68 180.19 5.24
447.7 3501.62 183.82 5.25
449.2 3564.00 182.30 5.12
450.7 3621.28 176.38 4.87
452.2 3682.41 178.42 4.85
453.7 3758.53 178.80 4.76
455.2 3840.40 186.68 4.86
456.7 3952.96 186.56 4.72
458.2 4072.55 189.43 4.65
459.7 4195.63 190.40 4.54
461.2 4317.19 200.50 4.64
462.7 4419.51 202.63 4.58
464.2 4528.34 204.96 4.53
465.7 4636.49 208.78 4.50
467.2 4730.69 217.91 4.61
468.7 4831.00 220.80 4.57
470.2 4904.47 228.17 4.65
471.7 4994.63 235.60 4.72
473.2 5152.65 238.56 4.63
474.6 5277.65 242.68 4.60
476.1 5315.90 236.59 4.45
477.6 5339.08 234.90 4.40
479.1 5368.13 233.06 4.34
480.6 5404.66 236.75 4.38
482.1 5475.21 235.47 4.30
483.6 5562.12 233.58 4.20
485.1 5668.27 235.52 4.16
486.6 5791.79 237.24 4.10
488.0 5923.94 241.80 4.08
489.5 6066.75 245.48 4.05
491.0 6201.68 252.20 4.07
492.5 6345.54 260.50 4.11
494.0 6492.59 260.95 4.02
495.4 6616.50 268.62 4.06
496.9 6746.80 269.87 4.00
498.4 6868.17 276.22 4.02
499.9 6989.37 279.61 4.00
501.4 7101.28 284.09 4.00
502.8 7211.42 282.89 3.92
504.3 7308.90 292.32 4.00
505.8 7405.94 293.86 3.97
507.2 7465.75 291.17 3.90
508.7 7504.76 302.13 4.03
510.2 7549.77 298.94 3.96
511.6 7573.93 299.34 3.95
513.1 7619.32 297.70 3.91
514.6 7684.06 304.61 3.96
516.0 7736.05 300.89 3.89
517.5 7828.25 307.94 3.93
519.0 7931.31 306.22 3.86
520.5 8033.54 310.29 3.86
521.9 8170.54 317.34 3.88
523.4 8322.71 321.55 3.86
524.8 8476.58 325.24 3.84
526.3 8648.70 332.74 3.85
527.8 8824.59 339.95 3.85
529.2 8983.24 350.24 3.90
530.7 9161.81 351.08 3.83
532.1 9325.79 359.10 3.85
533.6 9502.17 364.76 3.84
535.0 9689.01 375.61 3.88
536.5 9867.79 382.52 3.88
538.0 10049.16 390.08 3.88
539.4 10231.78 397.31 3.88
540.9 10443.93 414.68 3.97
542.3 10618.63 418.40 3.94
543.8 10743.19 421.25 3.92
545.2 10787.72 419.22 3.89
546.6 10787.25 424.05 3.93
548.1 10798.67 420.49 3.89
549.5 10797.77 417.19 3.86
551.0 10799.56 419.75 3.89
552.4 10821.09 416.99 3.85
553.9 10825.03 421.72 3.90
555.3 10846.78 422.60 3.90
556.8 10905.15 418.91 3.84
558.2 10950.19 423.90 3.87
559.6 11027.13 427.67 3.88
561.1 11132.88 432.25 3.88
562.5 11245.54 436.52 3.88
564.0 11402.49 450.14 3.95
565.4 11543.72 461.06 3.99
566.8 11723.98 470.37 4.01
568.3 11891.25 479.93 4.04
569.7 12076.06 500.07 4.14
571.1 12249.63 511.84 4.18
572.6 12426.21 528.12 4.25
574.0 12599.40 542.52 4.31
575.4 12769.31 556.88 4.36
576.9 12924.45 580.04 4.49
578.3 13072.88 604.18 4.62
579.7 13214.09 628.47 4.76
581.1 13332.32 653.96 4.91
582.6 13457.72 678.75 5.04
584.0 13568.00 703.84 5.19
585.4 13711.91 742.42 5.41
586.8 13919.40 780.23 5.61
588.3 14140.62 817.13 5.78
589.7 14327.82 848.95 5.93
591.1 14447.26 885.16 6.13
592.5 14518.46 923.10 6.36
594.0 14547.66 964.37 6.63
595.4 14566.76 1001.06 6.87
596.8 14575.28 1043.33 7.16
598.2 14586.43 1086.23 7.45
599.6 14584.19 1133.53 7.77
601.0 14621.32 1192.98 8.16
602.4 14656.48 1255.31 8.56
603.9 14720.65 1316.94 8.95
605.3 14787.56 1381.98 9.35
606.7 14850.90 1454.40 9.79
608.1 14956.71 1542.90 10.32
609.5 15087.13 1629.62 10.80
610.9 15240.09 1724.90 11.32
612.3 15378.24 1829.98 11.90
613.7 15565.24 1943.07 12.48
615.1 15698.61 2054.81 13.09
616.5 15834.13 2174.45 13.73
617.9 16040.22 2309.52 14.40
619.3 16231.37 2445.38 15.07
620.7 16465.73 2603.38 15.81
622.1 16702.31 2749.11 16.46
623.5 16967.59 2877.22 16.96
624.9 17268.83 3009.83 17.43
626.3 17464.11 3143.37 18.00
627.7 17297.90 3228.89 18.67
629.1 17131.07 3317.29 19.36
630.5 17065.89 3430.05 20.10
631.9 17068.07 3562.21 20.87
633.3 17072.86 3692.34 21.63
634.7 17143.21 3836.79 22.38
636.1 17175.19 3970.58 23.12
637.5 17214.12 4075.43 23.67
638.9 17282.65 4197.68 24.29
640.2 17345.48 4303.03 24.81
641.6 17368.65 4402.01 25.34
643.0 17347.86 4481.20 25.83
644.4 17346.99 4554.33 26.25
645.8 17303.92 4607.60 26.63
647.2 17371.51 4698.93 27.05
648.5 17405.34 4802.90 27.59
649.9 17326.73 4874.30 28.13
651.3 17269.88 4970.46 28.78
652.7 17194.65 5060.22 29.43
654.1 17110.53 5028.24 29.39
655.5 17000.34 4954.37 29.14
656.8 16892.62 4888.83 28.94
658.2 16993.27 4883.72 28.74
659.6 17201.86 4908.11 28.53
660.9 17374.35 4925.51 28.35
662.3 17542.46 4931.84 28.11
663.7 17706.15 4936.68 27.88
665.0 17850.15 4926.36 27.60
666.4 17993.38 4918.00 27.33
667.8 18172.37 4934.47 27.15
669.1 18340.58 4943.17 26.95
670.5 18513.22 4982.07 26.91
671.9 18629.28 5015.95 26.93
673.2 18784.35 5076.51 27.03
674.6 18934.77 5160.52 27.25
676.0 19107.41 5278.24 27.62
677.3 19274.00 5427.73 28.16
678.7 19460.75 5618.50 28.87
680.0 19693.92 5881.87 29.87
681.4 19949.74 6212.55 31.14
682.8 20190.63 6624.80 32.81
684.1 20434.05 7123.90 34.86
685.5 20661.50 7681.27 37.18
686.8 20876.79 8291.18 39.71
688.2 21063.54 8899.89 42.25
689.5 21136.22 9483.18 44.87
690.9 21189.20 10043.89 47.40
692.2 21241.50 10561.08 49.72
693.6 21283.52 11046.35 51.90
694.9 21276.87 11463.37 53.88
696.2 21306.77 11852.82 55.63
697.6 21332.37 12200.38 57.19
698.9 21357.60 12531.55 58.67
700.3 21390.71 12837.36 60.01
701.6 21429.47 13102.80 61.14
703.0 21471.99 13355.37 62.20
704.3 21485.34 13562.77 63.13
705.6 21483.00 13744.66 63.98
707.0 21491.89 13917.32 64.76
708.3 21438.50 14033.82 65.46
709.6 21384.38 14121.86 66.04
711.0 21305.08 14195.68 66.63
712.3 21214.65 14245.62 67.15
713.6 21181.23 14323.68 67.62
714.9 21115.22 14383.53 68.12
716.3 21103.70 14451.14 68.48
717.6 21104.62 14533.48 68.86
718.9 21048.57 14556.42 69.16
720.2 20942.08 14517.83 69.32
721.6 20841.80 14509.87 69.62
722.9 20742.62 14486.59 69.84
724.2 20595.93 14439.74 70.11
725.5 20483.80 14408.46 70.34
726.8 20382.67 14360.78 70.46
728.1 20319.64 14346.70 70.61
729.5 20266.07 14326.02 70.69
730.8 20224.65 14302.89 70.72
732.1 20162.40 14295.79 70.90
733.4 20118.51 14283.90 71.00
734.7 20079.83 14267.94 71.06
736.0 20072.78 14279.07 71.14
737.3 20029.99 14278.46 71.29
738.6 20078.49 14337.43 71.41
739.9 20158.75 14442.57 71.64
741.2 20237.49 14520.32 71.75
742.5 20374.08 14661.74 71.96
743.8 20609.53 14886.80 72.23
745.1 20972.39 15180.94 72.39
746.4 21401.61 15524.96 72.54
747.7 21849.92 15834.53 72.47
749.0 22279.29 16136.51 72.43
750.3 22537.39 16266.66 72.18
751.6 22489.95 16214.98 72.10
752.9 22268.69 16070.93 72.17
754.2 22020.08 15918.25 72.29
755.4 21752.37 15765.20 72.48
756.7 21671.76 15758.03 72.71
758.0 21695.15 15825.06 72.94
759.3 21840.20 15982.54 73.18
760.6 22048.18 16176.16 73.37
761.9 22241.80 16374.36 73.62
763.1 22361.42 16485.94 73.72
764.4 22495.96 16631.22 73.93
765.7 22607.00 16740.10 74.05
767.0 22707.99 16833.50 74.13
768.2 22787.52 16911.55 74.21
769.5 22847.70 16980.87 74.32
770.8 22968.83 17096.29 74.43
772.0 23007.05 17149.29 74.54
773.3 23073.57 17222.21 74.64
774.6 23142.26 17309.23 74.79
775.8 23217.35 17385.36 74.88
777.1 23250.39 17421.53 74.93
778.4 23228.21 17422.31 75.00
779.6 23232.20 17449.20 75.11
780.9 23206.00 17465.60 75.26
782.1 23123.66 17443.33 75.44
783.4 23129.60 17468.67 75.53
784.6 23156.94 17534.30 75.72
785.9 23323.57 17724.04 75.99
787.1 23657.54 17999.60 76.08
788.4 23905.77 18158.82 75.96
789.6 23910.81 18069.06 75.57
790.9 23703.38 17855.08 75.33
792.1 23443.52 17679.26 75.41
793.4 23200.49 17538.63 75.60
794.6 23038.97 17410.04 75.57
795.8 22887.63 17320.07 75.67
797.1 22746.90 17238.60 75.78
798.3 22633.05 17189.87 75.95
799.5 22585.37 17158.37 75.97
800.8 22510.70 17126.75 76.08
802.0 22435.02 17065.71 76.07
803.2 22355.92 17015.09 76.11
804.5 22286.88 16957.57 76.09
805.7 22221.30 16919.58 76.14
806.9 22163.45 16874.63 76.14
808.1 22106.40 16842.54 76.19
809.4 22068.13 16835.94 76.29
810.6 22012.90 16827.72 76.44
811.8 21998.30 16812.17 76.42
813.0 22023.85 16821.06 76.38
814.2 22034.44 16851.10 76.48
815.4 22094.68 16890.95 76.45
816.6 22117.02 16880.66 76.32
817.9 22159.15 16877.02 76.16
819.1 22110.24 16823.09 76.09
820.3 22040.68 16742.37 75.96
821.5 21976.08 16685.73 75.93
822.7 21945.91 16656.85 75.90
823.9 21946.82 16623.65 75.75
825.1 21950.55 16591.13 75.58
826.3 21976.62 16591.03 75.49
827.5 21980.34 16572.91 75.40
828.7 22017.96 16549.15 75.16
829.9 22041.74 16543.31 75.05
831.0 22083.57 16529.13 74.85
832.2 22125.60 16541.15 74.76
833.4 22169.16 16549.87 74.65
834.6 22207.03 16567.50 74.60
835.8 22252.39 16575.30 74.49
837.0 22278.53 16600.44 74.51
838.1 22362.84 16668.55 74.54
839.3 22423.92 16674.88 74.36
840.5 22463.55 16724.53 74.45
841.7 22539.94 16785.20 74.47
842.9 22590.38 16846.79 74.58
844.0 22640.76 16869.22 74.51
845.2 22733.43 16941.77 74.52
846.4 22779.40 16992.14 74.59
847.5 22894.92 17056.48 74.50
848.7 22986.81 17131.13 74.53
849.9 23090.42 17166.46 74.34
851.0 23115.33 17164.73 74.26
852.2 23147.70 17170.53 74.18
853.3 23146.04 17128.66 74.00
854.5 23138.69 17112.28 73.96
855.6 23131.08 17117.96 74.00
856.8 23140.08 17140.98 74.07
857.9 23125.66 17124.39 74.05
859.1 23200.40 17176.48 74.04
860.2 23210.88 17164.50 73.95
861.4 23238.19 17184.61 73.95
862.5 23256.69 17202.78 73.97
863.7 23299.75 17226.54 73.93
864.8 23308.25 17244.78 73.99
865.9 23278.88 17211.52 73.94
867.1 23298.62 17217.35 73.90
868.2 23308.26 17211.61 73.84
869.3 23327.36 17205.73 73.76
870.5 23292.12 17157.42 73.66
871.6 23289.32 17162.54 73.69
872.7 23336.56 17204.59 73.72
873.9 23363.45 17174.32 73.51
875.0 23323.98 17159.89 73.57
876.1 23338.58 17158.09 73.52
877.2 23352.60 17153.18 73.45
878.3 23349.40 17140.68 73.41
879.4 23378.40 17127.93 73.26
880.5 23403.42 17136.29 73.22
881.7 23389.60 17092.66 73.08
882.8 23432.80 17099.05 72.97
883.9 23448.21 17087.63 72.87
885.0 23450.02 17017.46 72.57
886.1 23424.56 17003.83 72.59
887.2 23365.96 16889.58 72.28
888.3 23308.56 16805.18 72.10
889.4 23276.53 16742.55 71.93
890.5 23201.38 16684.46 71.91
891.6 23192.34 16641.10 71.75
892.7 23215.89 16636.54 71.66
893.8 23203.09 16640.09 71.71
894.9 23213.03 16634.86 71.66
896.0 23219.08 16574.57 71.38
897.0 23233.59 16563.11 71.29
898.1 23265.19 16583.76 71.28
899.2 23265.94 16539.27 71.09
900.3 23202.69 16500.11 71.11
901.4 23182.22 16437.79 70.91
902.4 23192.03 16417.19 70.79
903.5 23179.29 16398.54 70.75
904.6 23181.33 16368.23 70.61
905.7 23181.52 16349.88 70.53
906.7 23201.08 16329.40 70.38
907.8 23205.26 16309.54 70.28
908.9 23171.38 16239.89 70.09
909.9 23142.01 16221.37 70.09
911.0 23135.89 16162.76 69.86
912.1 23112.25 16105.80 69.69
913.1 23069.80 16056.98 69.60
914.2 23011.95 16011.07 69.58
915.2 23006.97 15976.01 69.44
916.3 23024.55 15935.28 69.21
917.3 23013.50 15881.13 69.01
918.4 22970.06 15824.16 68.89
919.4 22959.52 15748.36 68.59
920.5 22948.10 15718.13 68.49
921.5 22992.94 15661.69 68.12
922.6 22908.19 15575.46 67.99
923.6 22998.44 15542.31 67.58
924.7 22983.50 15492.90 67.41
925.7 22963.47 15429.89 67.19
926.7 22993.12 15349.22 66.76
927.8 23046.06 15284.98 66.32
928.8 23129.73 15267.64 66.01
929.9 23214.82 15261.75 65.74
930.9 23325.95 15249.21 65.37
931.9 23422.51 15273.64 65.21
932.9 23590.71 15308.37 64.89
934.0 23628.34 15214.00 64.39
935.0 23647.48 15166.43 64.14
936.0 23654.47 15104.74 63.86
937.0 23611.58 15001.97 63.54
938.1 23603.32 14907.36 63.16
939.1 23584.34 14844.02 62.94
940.1 23673.00 14781.66 62.44
941.1 23749.98 14772.84 62.20
942.1 23913.97 14797.04 61.88
943.1 24007.97 14772.58 61.53
944.1 24139.96 14770.70 61.19
945.2 24191.16 14681.35 60.69
946.2 24274.20 14590.91 60.11
947.2 24295.69 14541.30 59.85
948.2 24407.51 14489.50 59.36
949.2 24434.31 14436.83 59.08
950.2 24503.20 14347.86 58.56
951.2 24568.74 14280.00 58.12
952.2 24624.11 14190.46 57.63
953.2 24717.31 14136.85 57.19
954.2 24858.68 14098.14 56.71
955.2 24833.48 13979.88 56.29
956.2 24781.87 13914.16 56.15
957.2 24889.44 13780.99 55.37
958.2 24934.17 13796.15 55.33
959.2 25016.63 13719.60 54.84
960.1 25036.42 13806.62 55.15
961.1 25110.32 13717.11 54.63
962.1 25088.91 13694.25 54.58
963.1 25119.92 13674.58 54.44
964.1 25214.63 13619.63 54.01
965.1 25330.49 13642.59 53.86
966.1 25308.67 13668.45 54.01
967.0 25429.11 13618.84 53.56
968.0 25412.72 13611.66 53.56
969.0 25476.70 13721.68 53.86
970.0 25548.92 13684.95 53.56
971.0 25553.38 13671.00 53.50
971.9 25577.75 13802.07 53.96
972.9 25632.47 13700.16 53.45
973.9 25687.84 13772.07 53.61
974.9 25707.07 13843.31 53.85
975.8 25785.50 13759.84 53.36
976.8 25887.84 13798.85 53.30
977.8 25820.50 13800.67 53.45
978.8 25860.98 13769.82 53.25
979.7 25944.03 13890.60 53.54
980.7 26085.84 13933.66 53.41
981.7 26216.93 14086.71 53.73
982.6 26357.49 14230.16 53.99
983.6 26637.96 14342.69 53.84
984.6 26867.99 14394.00 53.57
985.5 27228.96 14439.60 53.03
986.5 27586.71 14702.37 53.30
987.5 28229.74 15324.72 54.29
988.4 29129.10 15578.20 53.48
989.4 29461.65 15729.53 53.39
990.4 30215.79 16290.25 53.91
991.3 31016.90 16974.08 54.73
992.3 32083.73 17293.91 53.90
993.2 32873.87 17323.29 52.70
994.2 33903.68 17710.88 52.24
995.2 33992.36 17793.53 52.35
996.1 34230.84 18093.44 52.86
997.1 34851.51 18630.90 53.46
998.0 34260.00 18774.48 54.80
999.0 34687.92 18933.82 54.58
1000.0 34688.89 17700.71 51.03
1000.9 35217.36 18730.12 53.18
1001.9 35272.85 17514.79 49.66
1002.8 34914.90 18900.04 54.13
1003.8 33603.76 18329.33 54.55
1004.8 35367.90 18802.03 53.16
961.5 31131.28 14598.83 46.89
965.5 30535.97 14500.32 47.49
969.5 29322.48 14242.35 48.57
973.4 27903.28 13974.18 50.08
977.4 26904.56 13496.58 50.16
981.4 26534.70 13315.18 50.18
985.3 26407.57 13439.80 50.89
989.3 26474.11 13660.56 51.60
993.3 26619.54 13877.10 52.13
997.2 26659.40 14050.92 52.71
1001.2 26636.74 14179.62 53.23
1005.2 26603.49 14295.50 53.74
1009.1 26619.65 14463.09 54.33
1013.1 26716.01 14673.98 54.93
1017.1 26794.94 14886.08 55.56
1021.0 26801.46 15060.40 56.19
1025.0 26791.13 15210.23 56.77
1029.0 26701.37 15313.62 57.35
1032.9 26612.69 15425.02 57.96
1036.9 26609.51 15563.66 58.49
1040.9 26674.31 15746.99 59.03
1044.8 26787.82 15965.82 59.60
1048.8 26888.29 16155.57 60.08
1052.7 26960.57 16340.32 60.61
1056.7 26977.24 16464.22 61.03
1060.7 26985.60 16533.37 61.27
1064.6 27010.97 16611.47 61.50
1068.6 26982.88 16615.70 61.58
1072.5 26926.21 16582.03 61.58
1076.5 26904.28 16579.83 61.63
1080.4 26907.72 16533.97 61.45
1084.4 26967.74 16493.55 61.16
1088.3 27046.80 16461.99 60.86
1092.3 27030.17 16343.53 60.46
1096.2 27021.53 16219.58 60.02
1100.2 27064.25 16117.75 59.55
1104.1 26999.93 15962.51 59.12
1108.1 26976.31 15820.39 58.65
1112.0 26929.62 15631.52 58.05
1116.0 26827.19 15400.06 57.40
1119.9 26743.36 15151.45 56.65
1123.9 26789.11 14918.90 55.69
1127.8 26776.32 14576.64 54.44
1131.8 26765.25 14116.05 52.74
1135.7 26806.82 13585.67 50.68
1139.6 26802.37 12995.55 48.49
1143.6 26782.94 12426.86 46.40
1147.5 26783.56 11937.94 44.57
1151.4 26689.51 11507.81 43.12
1155.4 26684.50 11236.93 42.11
1159.3 26717.33 11057.08 41.39
1163.2 26640.39 10897.85 40.91
1167.2 26631.42 10821.78 40.64
1171.1 26649.11 10752.90 40.35
1175.0 26624.79 10677.05 40.10
1179.0 26612.16 10621.26 39.91
1182.9 26679.08 10592.24 39.70
1186.8 26688.13 10535.16 39.48
1190.7 26563.51 10429.08 39.26
1194.7 26418.25 10326.69 39.09
1198.6 26292.42 10270.26 39.06
1202.5 26222.77 10241.11 39.05
1206.4 26156.30 10228.05 39.10
1210.3 26101.80 10229.18 39.19
1214.2 26061.58 10242.09 39.30
1218.2 25980.18 10261.89 39.50
1222.1 25898.70 10299.88 39.77
1226.0 25846.71 10355.46 40.06
1229.9 25808.88 10389.06 40.25
1233.8 25765.00 10407.44 40.39
1237.7 25743.41 10449.20 40.59
1241.6 25703.07 10491.61 40.82
1245.5 25624.12 10497.98 40.97
1249.4 25550.35 10494.48 41.07
1253.3 25491.83 10507.29 41.22
1257.2 25468.72 10518.28 41.30
1261.1 25410.02 10506.35 41.35
1265.0 25340.06 10484.24 41.37
1268.9 25238.59 10440.29 41.37
1272.8 25273.80 10442.40 41.32
1276.7 25394.86 10461.90 41.20
1280.6 25450.19 10434.21 41.00
1284.5 25408.33 10359.75 40.77
1288.4 25396.88 10290.62 40.52
1292.3 25335.75 10169.50 40.14
1296.2 25253.77 10030.94 39.72
1300.1 25154.45 9873.79 39.25
1303.9 25021.28 9683.95 38.70
1307.8 24888.83 9466.90 38.04
1311.7 24744.05 9236.92 37.33
1315.6 24606.58 9005.98 36.60
1319.5 24454.91 8739.53 35.74
1323.3 24310.87 8483.99 34.90
1327.2 24198.13 8223.42 33.98
1331.1 24066.72 7943.01 33.00
1335.0 23889.51 7655.35 32.04
1338.8 23760.57 7410.21 31.19
1342.7 23672.67 7194.64 30.39
1346.5 23478.13 6955.94 29.63
1350.4 23310.26 6754.92 28.98
1354.3 23083.45 6540.23 28.33
1358.1 22838.31 6319.57 27.67
1362.0 22679.75 6112.65 26.95
1365.8 22617.02 5930.13 26.22
1369.7 22674.59 5758.67 25.40
1373.5 22638.01 5511.73 24.35
1377.4 22496.49 5198.38 23.11
1381.2 22378.35 4810.69 21.50
1385.1 22350.32 4404.09 19.70
1389.0 22288.46 4001.93 17.96
1392.8 22173.23 3607.13 16.27
1396.6 22085.45 3255.38 14.74
1400.5 21959.65 2949.80 13.43
1404.3 21857.78 2689.58 12.30
1408.2 21838.81 2487.78 11.39
1412.0 21801.98 2341.10 10.74
1415.8 21812.41 2229.46 10.22
1419.6 21792.97 2123.20 9.74
1423.5 21771.98 2051.21 9.42
1427.3 21755.09 2010.68 9.24
1431.1 21750.38 1971.60 9.06
1434.9 21698.88 1936.37 8.92
1438.8 21663.77 1914.51 8.84
1442.6 21637.50 1899.48 8.78
1446.4 21563.28 1873.97 8.69
1450.2 21516.17 1856.78 8.63
1454.0 21457.08 1851.36 8.63
1457.8 21441.21 1857.04 8.66
1461.6 21431.12 1862.59 8.69
1465.4 21362.81 1864.86 8.73
1469.2 21250.78 1872.33 8.81
1473.0 21169.27 1894.46 8.95
1476.8 21139.84 1927.19 9.12
1480.7 21105.82 1969.06 9.33
1484.4 21030.72 2017.80 9.59
1488.2 20973.72 2067.96 9.86
1492.0 20900.33 2121.64 10.15
1495.8 20827.63 2177.18 10.45
1499.6 20757.13 2228.86 10.74
1503.4 20685.81 2269.70 10.97
1507.2 20635.20 2300.78 11.15
1510.9 20559.83 2333.63 11.35
1514.7 20479.56 2365.11 11.55
1518.5 20410.03 2400.76 11.76
1522.3 20318.91 2435.33 11.99
1526.0 20257.55 2469.10 12.19
1529.8 20222.14 2518.83 12.46
1533.6 20145.31 2566.86 12.74
1537.3 20069.96 2605.09 12.98
1541.1 19997.77 2652.91 13.27
1544.8 19920.00 2700.00 13.55
1548.6 19840.21 2740.56 13.81
1552.4 19790.40 2781.97 14.06
1556.1 19745.13 2805.24 14.21
1559.9 19688.26 2829.71 14.37
1563.6 19618.47 2864.41 14.60
1567.3 19559.76 2908.63 14.87
1571.1 19433.54 2946.79 15.16
1574.8 19353.80 2988.52 15.44
1578.6 19306.98 3032.76 15.71
1582.3 19224.28 3060.31 15.92
1586.0 19146.44 3081.26 16.09
1589.8 19074.77 3098.93 16.25
1593.5 18983.01 3108.19 16.37
1597.2 18910.28 3126.10 16.53
1600.9 18837.12 3147.93 16.71
1604.7 18753.01 3169.56 16.90
1608.4 18685.00 3199.98 17.13
1612.1 18589.61 3220.02 17.32
1615.8 18506.95 3226.45 17.43
1619.5 18470.24 3251.09 17.60
1623.2 18382.61 3268.56 17.78
1626.9 18281.26 3272.12 17.90
1630.6 18186.30 3293.62 18.11
1634.3 18110.82 3305.41 18.25
1638.0 18019.81 3300.66 18.32
1641.7 17928.53 3295.54 18.38
1645.4 17837.69 3289.36 18.44
1649.1 17719.40 3281.02 18.52
1652.8 17632.13 3265.47 18.52
1656.4 17542.23 3251.10 18.53
1660.1 17452.82 3240.66 18.57
1663.8 17351.33 3217.92 18.55
1667.5 17263.22 3200.54 18.54
1671.1 17190.62 3188.64 18.55
1674.8 17086.89 3161.22 18.50
1678.5 17055.43 3145.60 18.44
1682.1 17058.87 3136.94 18.39
1685.8 17063.96 3122.43 18.30
1689.5 17004.15 3095.53 18.20
1693.1 16926.54 3054.93 18.05
1696.8 16843.50 3023.38 17.95
1700.4 16752.61 2991.79 17.86
1704.0 16684.20 2949.34 17.68
1707.7 16548.84 2894.26 17.49
1711.3 16387.05 2827.41 17.25
1715.0 16263.58 2780.73 17.10
1718.6 16168.21 2733.84 16.91
1722.2 16083.03 2684.92 16.69
1725.9 15998.19 2639.82 16.50
1729.5 15924.10 2598.72 16.32
1733.1 15857.39 2569.33 16.20
1736.7 15790.22 2554.94 16.18
1740.3 15689.65 2526.73 16.10
1744.0 15648.28 2501.42 15.99
1747.5 15570.19 2467.51 15.85
1751.2 15444.89 2410.50 15.61
1754.8 15352.25 2363.54 15.40
1758.4 15274.29 2326.78 15.23
1762.0 15165.37 2283.88 15.06
1765.5 15091.31 2257.61 14.96
1769.1 15074.40 2246.40 14.90
1772.7 15027.15 2227.32 14.82
1776.3 14954.60 2207.02 14.76
1779.9 14886.09 2184.73 14.68
1783.5 14852.72 2170.00 14.61
1787.0 14774.09 2149.14 14.55
1790.6 14686.84 2131.84 14.52
1794.2 14626.25 2120.96 14.50
1797.8 14572.31 2114.38 14.51
1801.3 14527.22 2115.74 14.56
1804.9 14445.38 2102.63 14.56
1808.4 14404.59 2095.17 14.55
1812.0 14321.63 2098.70 14.65
1815.5 14236.38 2087.78 14.67
1819.1 14124.74 2060.45 14.59
1822.6 14025.96 2054.83 14.65
1826.2 13954.81 2049.33 14.69
1829.7 13857.23 2023.35 14.60
1833.2 13724.80 2006.55 14.62
1836.8 13596.77 1987.44 14.62
1840.3 13507.92 1957.86 14.49
1843.8 13431.88 1941.38 14.45
1847.3 13384.53 1929.37 14.41
1850.8 13325.76 1903.10 14.28
1854.3 13223.04 1881.22 14.23
1857.8 13161.20 1820.00 13.83
1861.3 13149.65 1729.12 13.15
1864.8 13113.55 1633.34 12.46
1868.3 13008.00 1483.69 11.41
1871.8 12902.40 1320.96 10.24
1875.3 12863.31 1206.66 9.38
1878.8 12861.64 1098.23 8.54
1882.3 12814.79 994.79 7.76
1885.8 12721.10 923.57 7.26
1889.3 12603.25 842.44 6.68
1892.7 12484.14 788.01 6.31
1896.2 12425.34 791.05 6.37
1899.7 12309.09 764.54 6.21
1903.1 12237.46 763.22 6.24
1906.6 12275.96 818.40 6.67
1910.0 12425.41 938.16 7.55
1913.5 12695.50 1085.80 8.55
1917.0 13071.45 1292.38 9.89
1920.4 13359.03 1617.88 12.11
1923.8 13383.20 1571.31 11.74
1871.2 11709.94 1236.24 10.56
1873.9 11844.38 1224.17 10.34
1876.7 11942.06 1138.29 9.53
1879.5 11955.33 1040.42 8.70
1882.3 11773.28 974.34 8.28
1885.1 11714.58 948.20 8.09
1887.8 11825.72 931.87 7.88
1890.6 11726.19 857.63 7.31
1893.4 11711.33 828.67 7.08
1896.2 11690.33 818.32 7.00
1898.9 11600.54 841.46 7.25
1901.7 11509.78 846.48 7.35
1904.5 11595.68 793.50 6.84
1907.2 11575.75 774.25 6.69
1910.0 11534.65 743.61 6.45
1912.7 11509.58 728.61 6.33
1915.5 11429.24 763.96 6.68
1918.2 11379.10 740.72 6.51
1921.0 11291.49 687.67 6.09
1923.7 11305.65 720.36 6.37
1926.5 11284.35 719.72 6.38
1929.2 11297.09 683.02 6.05
1932.0 11293.84 673.08 5.96
1934.7 11256.00 672.23 5.97
1937.4 11153.59 669.96 6.01
1940.2 11119.32 691.50 6.22
1942.9 11202.56 700.35 6.25
1945.6 11207.22 676.48 6.04
1948.3 11145.88 691.92 6.21
1951.1 11140.01 698.32 6.27
1953.8 11145.00 699.00 6.27
1956.5 11045.56 703.83 6.37
1959.2 11104.86 699.66 6.30
1961.9 11124.34 712.22 6.40
1964.6 11058.08 705.08 6.38
1967.3 11092.37 697.17 6.29
1970.0 10987.52 695.60 6.33
1972.8 10943.00 711.88 6.51
1975.5 10983.78 717.03 6.53
1978.2 10935.40 709.56 6.49
1980.9 10858.38 725.84 6.68
1983.5 10836.45 709.63 6.55
1986.2 10831.02 707.13 6.53
1988.9 10819.38 739.14 6.83
1991.6 10735.05 729.96 6.80
1994.3 10649.29 719.20 6.75
1997.0 10665.45 738.13 6.92
1999.7 10628.04 740.89 6.97
2002.3 10626.41 750.81 7.07
2005.0 10577.50 765.19 7.23
2007.7 10537.87 756.80 7.18
2010.4 10503.55 736.59 7.01
2013.0 10469.60 753.93 7.20
2015.7 10417.55 775.78 7.45
2018.4 10373.69 788.59 7.60
2021.0 10341.67 782.00 7.56
2023.7 10246.67 760.37 7.42
2026.4 10218.87 766.13 7.50
2029.0 10197.92 776.02 7.61
2031.7 10117.47 780.22 7.71
2034.3 10100.57 771.77 7.64
2037.0 10052.37 760.05 7.56
2039.6 10015.47 765.23 7.64
2042.3 10000.48 755.44 7.55
2044.9 9966.17 793.82 7.97
2047.5 9926.90 816.26 8.22
2050.2 9839.20 778.40 7.91
2052.8 9839.20 792.40 8.05
2055.4 9775.02 795.67 8.14
2058.1 9676.80 781.20 8.07
2060.7 9656.73 779.81 8.08
2063.3 9627.93 799.77 8.31
2065.9 9594.96 812.38 8.47
2068.6 9550.29 801.21 8.39
2071.2 9522.27 800.73 8.41
2073.8 9469.56 797.53 8.42
2076.4 9438.82 808.32 8.56
2079.0 9427.55 792.42 8.41
2081.6 9427.48 793.36 8.42
2084.2 9413.08 809.82 8.60
2086.8 9327.84 797.59 8.55
2089.4 9281.57 799.94 8.62
2092.1 9228.17 807.50 8.75
2094.7 9209.50 799.48 8.68
2097.2 9211.17 799.00 8.67
2099.8 9177.65 828.38 9.03
2102.4 9110.04 816.04 8.96
2105.0 9037.35 800.85 8.86
2107.6 9009.28 811.78 9.01
2110.2 9002.40 821.24 9.12
2112.8 8990.87 810.32 9.01
2115.3 8991.97 822.70 9.15
2117.9 8986.46 838.58 9.33
2120.5 8943.22 824.95 9.22
2123.1 8918.33 842.40 9.45
2125.6 8905.06 849.22 9.54
2128.2 8835.61 834.10 9.44
2130.8 8804.25 833.63 9.47
2133.3 8785.33 841.87 9.58
2135.9 8707.33 820.73 9.43
2138.4 8648.47 825.07 9.54
2141.0 8594.63 834.49 9.71
2143.6 8560.47 817.94 9.55
2146.1 8482.97 837.43 9.87
2148.7 8378.31 813.46 9.71
2151.2 8395.20 800.80 9.54
2153.8 8409.10 832.96 9.91
2156.3 8334.31 838.75 10.06
2158.8 8295.91 821.03 9.90
2161.4 8278.92 816.69 9.86
2163.9 8211.11 825.53 10.05
2166.4 8178.14 819.00 10.01
2169.0 8184.05 827.87 10.12
2171.5 8127.88 836.74 10.29
2174.0 8074.15 800.28 9.91
2176.5 8046.09 801.32 9.96
2179.1 8026.09 810.14 10.09
2181.6 7963.08 793.88 9.97
2184.1 7927.92 806.96 10.18
2186.6 7968.23 809.69 10.16
2189.1 7928.70 808.92 10.20
2191.6 7879.20 803.60 10.20
2194.1 7902.25 817.13 10.34
2196.6 7910.84 818.60 10.35
2199.2 7922.01 798.83 10.08
2201.7 7911.90 809.46 10.23
2204.1 7872.42 813.63 10.34
2206.6 7859.11 809.41 10.30
2209.1 7834.95 813.78 10.39
2211.6 7811.28 807.01 10.33
2214.1 7823.83 786.95 10.06
2216.6 7801.78 790.05 10.13
2219.1 7778.99 801.45 10.30
2221.6 7769.41 787.98 10.14
2224.0 7730.49 777.24 10.05
2226.5 7705.13 776.22 10.07
2229.0 7700.89 780.37 10.13
2231.5 7614.04 773.66 10.16
2233.9 7619.70 761.97 10.00
2236.4 7646.66 744.98 9.74
2238.9 7587.25 732.38 9.65
2241.3 7617.87 746.24 9.80
2243.8 7590.66 730.69 9.63
2246.2 7466.46 728.81 9.76
2248.7 7485.79 728.91 9.74
2251.2 7456.07 703.33 9.43
2253.6 7388.16 698.88 9.46
2256.1 7392.00 679.68 9.19
2258.5 7429.78 683.82 9.20
2260.9 7370.87 686.47 9.31
2263.4 7335.06 667.87 9.11
2265.8 7324.05 665.47 9.09
2268.3 7284.90 665.76 9.14
2270.7 7335.06 641.00 8.74
2273.1 7298.01 644.28 8.83
2275.6 7249.92 652.80 9.00
2278.0 7263.90 626.46 8.62
2280.4 7254.11 631.13 8.70
2282.8 7154.84 611.72 8.55
2285.3 7173.98 587.14 8.18
2287.7 7228.16 613.09 8.48
2290.1 7183.21 608.81 8.48
2292.5 7174.75 583.35 8.13
2294.9 7172.28 576.94 8.04
2297.3 7095.27 577.43 8.14
2299.7 7055.67 560.66 7.95
2302.1 7047.43 549.97 7.80
2304.5 6969.76 548.80 7.87
2306.9 6871.76 525.28 7.64
2309.3 6829.66 509.38 7.46
2311.7 6841.28 529.88 7.75
2314.1 6762.12 492.29 7.28
2316.5 6698.00 488.56 7.29
2318.9 6708.72 528.18 7.87
2321.3 6699.18 503.13 7.51
2323.7 6692.83 491.18 7.34
2326.1 6669.65 535.99 8.04
2328.4 6684.27 524.82 7.85
2330.8 6719.87 511.25 7.61
2333.2 6684.06 518.91 7.76
2335.6 6626.06 485.75 7.33
2337.9 6656.47 484.11 7.27
2340.3 6637.57 487.01 7.34
2342.7 6554.85 495.11 7.55
2345.0 6590.83 509.60 7.73
2347.4 6579.00 471.75 7.17
2349.7 6450.22 448.53 6.95
2352.1 6436.79 476.01 7.40
2354.4 6443.20 451.33 7.00
2356.8 6410.25 444.62 6.94
2359.2 6387.33 468.00 7.33
2361.5 6370.47 471.24 7.40
2363.8 6359.13 447.95 7.04
2366.2 6364.03 445.75 7.00
2368.5 6327.90 467.25 7.38
2370.9 6289.51 451.81 7.18
2373.2 6299.83 440.67 7.00
2375.5 6271.65 407.25 6.49
2377.9 6231.24 396.58 6.36
2380.2 6231.07 407.77 6.54
2382.5 6226.23 408.96 6.57
2384.8 6166.56 389.76 6.32
2387.2 6137.03 412.57 6.72
2389.5 6105.12 439.12 7.19
2391.8 6108.03 375.51 6.15
2394.1 6113.08 393.46 6.44
2396.4 6043.08 416.10 6.89
2398.7 6045.74 365.38 6.04
2401.0 6037.85 380.77 6.31
2403.3 5976.00 378.48 6.33
2405.6 5958.01 344.89 5.79
2407.9 5961.90 365.73 6.13
2410.2 5895.68 355.95 6.04
2412.5 5854.08 320.15 5.47
2414.8 5884.71 354.32 6.02
2417.1 5832.68 350.99 6.02
2419.4 5803.94 338.65 5.83
2421.7 5771.82 362.71 6.28
2424.0 5758.83 338.13 5.87
2426.2 5767.30 342.40 5.94
2428.5 5732.83 351.54 6.13
2430.8 5706.15 316.10 5.54
2433.1 5636.77 304.24 5.40
2435.4 5600.60 352.49 6.29
2437.6 5600.60 341.30 6.09
2439.9 5575.70 297.60 5.34
2442.2 5563.19 318.55 5.73
2444.4 5553.80 298.65 5.38
2446.7 5507.12 262.80 4.77
2448.9 5507.15 325.69 5.91
2451.2 5507.04 339.72 6.17
2453.4 5448.11 313.39 5.75
2455.7 5430.93 298.00 5.49
2457.9 5354.09 311.36 5.82
2460.2 5363.55 271.26 5.06
2462.4 5410.08 274.56 5.07
2464.7 5343.16 309.11 5.79
2466.9 5296.50 295.32 5.58
2469.2 5269.60 343.53 6.52
2471.4 5219.18 308.56 5.91
2473.6 5235.49 274.50 5.24
2475.9 5195.15 284.48 5.48
2478.1 5116.92 300.59 5.87
2480.3 5082.02 243.66 4.79
2482.5 5118.21 264.49 5.17
2484.8 5046.20 320.39 6.35
2487.0 4999.50 259.23 5.19
2489.2 5095.91 248.77 4.88
2491.4 4987.57 192.13 3.85
2493.6 4938.15 141.09 2.86
2495.8 4972.71 277.14 5.57
2498.0 4904.53 299.95 6.12
2500.2 4920.20 193.78 3.94
2502.4 5079.36 177.60 3.50
2504.6 5192.67 225.36 4.34
2506.8 5279.98 272.77 5.17
