/*** Spectra Vista SIG Data ***/
name= \My Documents\HR1024_Data\RD4S13.
instrument= HR: 1091052
integration= 400, 60, 30, 500, 60, 30
scan time= 1, 1
scan settings= AD, AI, AD, AI
external data set1= 8224, 8224, 8224, 8224, 8224, 8224, 8224, 8224, 8224, 8224, 8224, 8224, 8224, 8224, 8224, 8224
external data set2= 8224, 8224, 8224, 8224, 8224, 8224, 8224, 8224, 8224, 8224, 8224, 8224, 8224, 8224, 8224, 8224
external data dark= 0,0,0,0,0,0,0,0
external data mask= 0
optic= LENS4 , LENS4 
temp= 33.87, 8.81, -5.37, 35.96, 8.94, -5.37
battery= 7.1, 7.0
error= 0, 0
units= Radiance, Radiance
time= 2/3/08 11:48:15 AM, 2/3/08 11:53:35 AM
longitude= , 
latitude= , 
gpstime= , 
comm= 
memory slot= 0, 0
factors= 
data= 
346.4 300.98 70.07 23.28
347.9 318.46 75.30 23.65
349.5 343.20 72.38 21.09
351.1 374.40 76.13 20.33
352.6 409.54 77.17 18.84
354.2 435.24 70.69 16.24
355.7 456.30 86.21 18.89
357.3 495.85 83.22 16.78
358.8 506.78 82.48 16.28
360.4 548.73 81.61 14.87
361.9 565.91 89.15 15.75
363.5 593.82 91.41 15.39
365.1 620.68 90.16 14.53
366.6 647.34 95.29 14.72
368.2 683.25 91.32 13.37
369.7 726.46 80.97 11.15
371.3 772.09 85.61 11.09
372.8 813.40 86.32 10.61
374.4 856.07 100.13 11.70
375.9 883.77 99.30 11.24
377.4 909.07 96.27 10.59
379.0 945.20 92.93 9.83
380.5 966.34 93.56 9.68
382.1 1004.70 89.83 8.94
383.6 1031.94 90.72 8.79
385.2 1082.13 89.10 8.23
386.7 1134.44 82.31 7.26
388.3 1183.47 90.22 7.62
389.8 1236.62 88.94 7.19
391.3 1283.89 90.23 7.03
392.9 1324.35 93.32 7.05
394.4 1356.15 102.08 7.53
395.9 1406.72 108.02 7.68
397.5 1480.96 111.11 7.50
399.0 1545.00 106.30 6.88
400.6 1586.22 112.07 7.07
402.1 1624.11 103.20 6.35
403.6 1645.88 103.57 6.29
405.1 1688.62 103.28 6.12
406.7 1751.68 106.62 6.09
408.2 1815.41 104.25 5.74
409.7 1871.52 102.14 5.46
411.3 1932.39 105.57 5.46
412.8 1975.40 109.02 5.52
414.3 2044.89 111.61 5.46
415.8 2106.25 112.00 5.32
417.4 2169.48 124.48 5.74
418.9 2222.61 121.44 5.46
420.4 2266.93 121.63 5.37
421.9 2296.58 118.10 5.14
423.5 2335.00 121.42 5.20
425.0 2376.73 119.57 5.03
426.5 2428.43 116.96 4.82
428.0 2489.68 119.87 4.81
429.5 2574.41 114.55 4.45
431.1 2658.69 118.42 4.45
432.6 2748.21 120.73 4.39
434.1 2843.23 123.97 4.36
435.6 2926.69 130.81 4.47
437.1 3007.88 129.48 4.30
438.6 3080.14 134.41 4.36
440.1 3160.11 129.26 4.09
441.6 3238.04 132.97 4.11
443.1 3312.90 136.08 4.11
444.7 3389.72 140.56 4.15
446.2 3441.68 144.82 4.21
447.7 3501.62 148.44 4.24
449.2 3564.00 147.74 4.15
450.7 3621.28 148.10 4.09
452.2 3682.41 151.70 4.12
453.7 3758.53 143.79 3.83
455.2 3840.40 145.04 3.78
456.7 3952.96 152.06 3.85
458.2 4072.55 155.18 3.81
459.7 4195.63 156.80 3.74
461.2 4317.19 161.67 3.74
462.7 4419.51 168.26 3.81
464.2 4528.34 172.02 3.80
465.7 4636.49 174.98 3.77
467.2 4730.69 177.87 3.76
468.7 4831.00 182.40 3.78
470.2 4904.47 185.98 3.79
471.7 4994.63 192.85 3.86
473.2 5152.65 197.81 3.84
474.6 5277.65 193.96 3.68
476.1 5315.90 191.65 3.61
477.6 5339.08 190.27 3.56
479.1 5368.13 191.98 3.58
480.6 5404.66 181.00 3.35
482.1 5475.21 185.42 3.39
483.6 5562.12 189.61 3.41
485.1 5668.27 189.22 3.34
486.6 5791.79 196.38 3.39
488.0 5923.94 195.65 3.30
489.5 6066.75 202.84 3.34
491.0 6201.68 205.76 3.32
492.5 6345.54 212.54 3.35
494.0 6492.59 219.74 3.38
495.4 6616.50 229.02 3.46
496.9 6746.80 237.14 3.51
498.4 6868.17 250.49 3.65
499.9 6989.37 258.31 3.70
501.4 7101.28 265.94 3.74
502.8 7211.42 275.09 3.81
504.3 7308.90 286.56 3.92
505.8 7405.94 294.59 3.98
507.2 7465.75 308.90 4.14
508.7 7504.76 312.57 4.17
510.2 7549.77 318.52 4.22
511.6 7573.93 326.48 4.31
513.1 7619.32 338.84 4.45
514.6 7684.06 341.31 4.44
516.0 7736.05 352.22 4.55
517.5 7828.25 361.22 4.61
519.0 7931.31 374.86 4.73
520.5 8033.54 388.35 4.83
521.9 8170.54 397.32 4.86
523.4 8322.71 408.32 4.91
524.8 8476.58 424.15 5.00
526.3 8648.70 434.34 5.02
527.8 8824.59 449.86 5.10
529.2 8983.24 457.31 5.09
530.7 9161.81 473.57 5.17
532.1 9325.79 490.77 5.26
533.6 9502.17 501.04 5.27
535.0 9689.01 514.21 5.31
536.5 9867.79 529.70 5.37
538.0 10049.16 552.74 5.50
539.4 10231.78 559.91 5.47
540.9 10443.93 577.68 5.53
542.3 10618.63 594.22 5.60
543.8 10743.19 606.86 5.65
545.2 10787.72 617.00 5.72
546.6 10787.25 625.28 5.80
548.1 10798.67 627.69 5.81
549.5 10797.77 638.90 5.92
551.0 10799.56 639.97 5.93
552.4 10821.09 659.02 6.09
553.9 10825.03 664.45 6.14
555.3 10846.78 676.73 6.24
556.8 10905.15 689.69 6.32
558.2 10950.19 703.35 6.42
559.6 11027.13 720.49 6.53
561.1 11132.88 745.55 6.70
562.5 11245.54 769.84 6.85
564.0 11402.49 796.94 6.99
565.4 11543.72 825.88 7.15
566.8 11723.98 859.73 7.33
568.3 11891.25 895.70 7.53
569.7 12076.06 938.11 7.77
571.1 12249.63 980.87 8.01
572.6 12426.21 1025.14 8.25
574.0 12599.40 1066.56 8.47
575.4 12769.31 1115.78 8.74
576.9 12924.45 1168.40 9.04
578.3 13072.88 1219.79 9.33
579.7 13214.09 1268.82 9.60
581.1 13332.32 1328.79 9.97
582.6 13457.72 1384.20 10.29
584.0 13568.00 1450.08 10.69
585.4 13711.91 1518.54 11.07
586.8 13919.40 1593.55 11.45
588.3 14140.62 1678.25 11.87
589.7 14327.82 1757.81 12.27
591.1 14447.26 1828.46 12.66
592.5 14518.46 1897.79 13.07
594.0 14547.66 1969.58 13.54
595.4 14566.76 2034.38 13.97
596.8 14575.28 2104.67 14.44
598.2 14586.43 2176.68 14.92
599.6 14584.19 2249.68 15.43
601.0 14621.32 2329.19 15.93
602.4 14656.48 2407.13 16.42
603.9 14720.65 2498.89 16.98
605.3 14787.56 2584.90 17.48
606.7 14850.90 2676.24 18.02
608.1 14956.71 2780.17 18.59
609.5 15087.13 2880.43 19.09
610.9 15240.09 2990.14 19.62
612.3 15378.24 3102.21 20.17
613.7 15565.24 3220.30 20.69
615.1 15698.61 3330.07 21.21
616.5 15834.13 3431.49 21.67
617.9 16040.22 3564.60 22.22
619.3 16231.37 3697.92 22.78
620.7 16465.73 3844.99 23.35
622.1 16702.31 3975.37 23.80
623.5 16967.59 4108.12 24.21
624.9 17268.83 4240.22 24.55
626.3 17464.11 4360.01 24.97
627.7 17297.90 4391.38 25.39
629.1 17131.07 4433.69 25.88
630.5 17065.89 4499.96 26.37
631.9 17068.07 4589.34 26.89
633.3 17072.86 4671.06 27.36
634.7 17143.21 4761.49 27.77
636.1 17175.19 4815.74 28.04
637.5 17214.12 4844.37 28.14
638.9 17282.65 4865.06 28.15
640.2 17345.48 4863.29 28.04
641.6 17368.65 4855.03 27.95
643.0 17347.86 4837.28 27.88
644.4 17346.99 4799.58 27.67
645.8 17303.92 4766.51 27.55
647.2 17371.51 4769.08 27.45
648.5 17405.34 4776.77 27.44
649.9 17326.73 4781.01 27.59
651.3 17269.88 4801.14 27.80
652.7 17194.65 4833.78 28.11
654.1 17110.53 4748.78 27.75
655.5 17000.34 4622.19 27.19
656.8 16892.62 4509.51 26.70
658.2 16993.27 4453.01 26.20
659.6 17201.86 4416.26 25.67
660.9 17374.35 4371.45 25.16
662.3 17542.46 4313.77 24.59
663.7 17706.15 4246.20 23.98
665.0 17850.15 4181.66 23.43
666.4 17993.38 4115.96 22.87
667.8 18172.37 4073.83 22.42
669.1 18340.58 4022.92 21.93
670.5 18513.22 4011.47 21.67
671.9 18629.28 3992.69 21.43
673.2 18784.35 4013.93 21.37
674.6 18934.77 4045.06 21.36
676.0 19107.41 4106.04 21.49
677.3 19274.00 4199.22 21.79
678.7 19460.75 4337.55 22.29
680.0 19693.92 4536.11 23.03
681.4 19949.74 4803.99 24.08
682.8 20190.63 5153.33 25.52
684.1 20434.05 5592.60 27.37
685.5 20661.50 6109.08 29.57
686.8 20876.79 6684.31 32.02
688.2 21063.54 7313.31 34.72
689.5 21136.22 7937.36 37.55
690.9 21189.20 8558.06 40.39
692.2 21241.50 9159.60 43.12
693.6 21283.52 9741.01 45.77
694.9 21276.87 10258.70 48.22
696.2 21306.77 10743.30 50.42
697.6 21332.37 11182.55 52.42
698.9 21357.60 11599.10 54.31
700.3 21390.71 11961.60 55.92
701.6 21429.47 12307.19 57.43
703.0 21471.99 12611.03 58.73
704.3 21485.34 12853.36 59.82
705.6 21483.00 13079.52 60.88
707.0 21491.89 13270.43 61.75
708.3 21438.50 13406.78 62.54
709.6 21384.38 13526.57 63.25
711.0 21305.08 13609.59 63.88
712.3 21214.65 13678.27 64.48
713.6 21181.23 13753.32 64.93
714.9 21115.22 13825.40 65.48
716.3 21103.70 13894.27 65.84
717.6 21104.62 13955.56 66.13
718.9 21048.57 13989.13 66.46
720.2 20942.08 13967.60 66.70
721.6 20841.80 13945.36 66.91
722.9 20742.62 13913.32 67.08
724.2 20595.93 13840.42 67.20
725.5 20483.80 13815.58 67.45
726.8 20382.67 13771.62 67.57
728.1 20319.64 13737.96 67.61
729.5 20266.07 13698.92 67.60
730.8 20224.65 13668.89 67.59
732.1 20162.40 13634.55 67.62
733.4 20118.51 13615.70 67.68
734.7 20079.83 13578.44 67.62
736.0 20072.78 13573.38 67.62
737.3 20029.99 13557.45 67.69
738.6 20078.49 13604.09 67.75
739.9 20158.75 13684.36 67.88
741.2 20237.49 13745.00 67.92
742.5 20374.08 13847.45 67.97
743.8 20609.53 14044.80 68.15
745.1 20972.39 14312.38 68.24
746.4 21401.61 14616.60 68.30
747.7 21849.92 14899.85 68.19
749.0 22279.29 15173.95 68.11
750.3 22537.39 15275.44 67.78
751.6 22489.95 15224.51 67.69
752.9 22268.69 15084.60 67.74
754.2 22020.08 14932.64 67.81
755.4 21752.37 14773.11 67.91
756.7 21671.76 14758.46 68.10
758.0 21695.15 14792.57 68.18
759.3 21840.20 14937.73 68.40
760.6 22048.18 15108.02 68.52
761.9 22241.80 15263.28 68.62
763.1 22361.42 15374.50 68.75
764.4 22495.96 15489.85 68.86
765.7 22607.00 15577.90 68.91
767.0 22707.99 15652.53 68.93
768.2 22787.52 15722.11 68.99
769.5 22847.70 15779.28 69.06
770.8 22968.83 15887.17 69.17
772.0 23007.05 15922.72 69.21
773.3 23073.57 15988.44 69.29
774.6 23142.26 16048.83 69.35
775.8 23217.35 16089.19 69.30
777.1 23250.39 16118.04 69.32
778.4 23228.21 16122.83 69.41
779.6 23232.20 16144.44 69.49
780.9 23206.00 16148.80 69.59
782.1 23123.66 16120.58 69.71
783.4 23129.60 16135.81 69.76
784.6 23156.94 16174.98 69.85
785.9 23323.57 16361.06 70.15
787.1 23657.54 16606.18 70.19
788.4 23905.77 16735.76 70.01
789.6 23910.81 16640.92 69.60
790.9 23703.38 16433.82 69.33
792.1 23443.52 16291.39 69.49
793.4 23200.49 16141.14 69.57
794.6 23038.97 16030.96 69.58
795.8 22887.63 15942.55 69.66
797.1 22746.90 15858.78 69.72
798.3 22633.05 15803.21 69.82
799.5 22585.37 15783.53 69.88
800.8 22510.70 15737.16 69.91
802.0 22435.02 15686.21 69.92
803.2 22355.92 15617.50 69.86
804.5 22286.88 15579.11 69.90
805.7 22221.30 15526.65 69.87
806.9 22163.45 15477.31 69.83
808.1 22106.40 15454.55 69.91
809.4 22068.13 15425.69 69.90
810.6 22012.90 15399.02 69.95
811.8 21998.30 15398.35 70.00
813.0 22023.85 15414.85 69.99
814.2 22034.44 15409.91 69.94
815.4 22094.68 15445.57 69.91
816.6 22117.02 15444.25 69.83
817.9 22159.15 15430.74 69.64
819.1 22110.24 15382.52 69.57
820.3 22040.68 15283.16 69.34
821.5 21976.08 15241.59 69.36
822.7 21945.91 15209.31 69.30
823.9 21946.82 15166.17 69.10
825.1 21950.55 15151.75 69.03
826.3 21976.62 15113.81 68.77
827.5 21980.34 15095.88 68.68
828.7 22017.96 15073.54 68.46
829.9 22041.74 15043.53 68.25
831.0 22083.57 15038.52 68.10
832.2 22125.60 15028.67 67.92
833.4 22169.16 15018.27 67.74
834.6 22207.03 15035.63 67.71
835.8 22252.39 15033.06 67.56
837.0 22278.53 15065.30 67.62
838.1 22362.84 15080.70 67.44
839.3 22423.92 15116.48 67.41
840.5 22463.55 15148.90 67.44
841.7 22539.94 15216.77 67.51
842.9 22590.38 15260.11 67.55
844.0 22640.76 15287.67 67.52
845.2 22733.43 15343.49 67.49
846.4 22779.40 15367.50 67.46
847.5 22894.92 15436.55 67.42
848.7 22986.81 15495.31 67.41
849.9 23090.42 15537.56 67.29
851.0 23115.33 15536.76 67.21
852.2 23147.70 15507.19 66.99
853.3 23146.04 15476.65 66.87
854.5 23138.69 15469.31 66.85
855.6 23131.08 15470.57 66.88
856.8 23140.08 15485.47 66.92
857.9 23125.66 15468.62 66.89
859.1 23200.40 15492.56 66.78
860.2 23210.88 15488.99 66.73
861.4 23238.19 15498.50 66.69
862.5 23256.69 15526.41 66.76
863.7 23299.75 15540.59 66.70
864.8 23308.25 15534.40 66.65
865.9 23278.88 15503.06 66.60
867.1 23298.62 15532.87 66.67
868.2 23308.26 15523.54 66.60
869.3 23327.36 15492.78 66.41
870.5 23292.12 15457.98 66.37
871.6 23289.32 15455.57 66.36
872.7 23336.56 15471.75 66.30
873.9 23363.45 15487.40 66.29
875.0 23323.98 15423.87 66.13
876.1 23338.58 15432.73 66.13
877.2 23352.60 15404.96 65.97
878.3 23349.40 15391.57 65.92
879.4 23378.40 15407.02 65.90
880.5 23403.42 15397.49 65.79
881.7 23389.60 15379.00 65.75
882.8 23432.80 15327.81 65.41
883.9 23448.21 15301.10 65.25
885.0 23450.02 15271.35 65.12
886.1 23424.56 15246.54 65.09
887.2 23365.96 15136.69 64.78
888.3 23308.56 15082.22 64.71
889.4 23276.53 14979.04 64.35
890.5 23201.38 14926.69 64.34
891.6 23192.34 14912.39 64.30
892.7 23215.89 14866.85 64.04
893.8 23203.09 14884.86 64.15
894.9 23213.03 14867.29 64.05
896.0 23219.08 14834.51 63.89
897.0 23233.59 14827.40 63.82
898.1 23265.19 14793.13 63.58
899.2 23265.94 14749.73 63.40
900.3 23202.69 14723.52 63.46
901.4 23182.22 14676.73 63.31
902.4 23192.03 14655.77 63.19
903.5 23179.29 14580.70 62.90
904.6 23181.33 14607.68 63.01
905.7 23181.52 14595.91 62.96
906.7 23201.08 14545.00 62.69
907.8 23205.26 14535.25 62.64
908.9 23171.38 14494.62 62.55
909.9 23142.01 14428.98 62.35
911.0 23135.89 14385.64 62.18
912.1 23112.25 14359.10 62.13
913.1 23069.80 14290.43 61.94
914.2 23011.95 14208.24 61.74
915.2 23006.97 14209.78 61.76
916.3 23024.55 14134.32 61.39
917.3 23013.50 14070.76 61.14
918.4 22970.06 14033.36 61.09
919.4 22959.52 13977.59 60.88
920.5 22948.10 13933.10 60.72
921.5 22992.94 13884.42 60.39
922.6 22908.19 13784.94 60.17
923.6 22998.44 13754.37 59.81
924.7 22983.50 13717.00 59.68
925.7 22963.47 13653.19 59.46
926.7 22993.12 13580.86 59.06
927.8 23046.06 13507.35 58.61
928.8 23129.73 13526.47 58.48
929.9 23214.82 13461.99 57.99
930.9 23325.95 13454.38 57.68
931.9 23422.51 13433.06 57.35
932.9 23590.71 13456.48 57.04
934.0 23628.34 13414.19 56.77
935.0 23647.48 13318.94 56.32
936.0 23654.47 13271.14 56.10
937.0 23611.58 13151.11 55.70
938.1 23603.32 13063.05 55.34
939.1 23584.34 12964.48 54.97
940.1 23673.00 12912.10 54.54
941.1 23749.98 12907.78 54.35
942.1 23913.97 12902.42 53.95
943.1 24007.97 12895.57 53.71
944.1 24139.96 12872.93 53.33
945.2 24191.16 12780.43 52.83
946.2 24274.20 12712.29 52.37
947.2 24295.69 12626.00 51.97
948.2 24407.51 12585.85 51.57
949.2 24434.31 12519.65 51.24
950.2 24503.20 12425.82 50.71
951.2 24568.74 12309.36 50.10
952.2 24624.11 12272.83 49.84
953.2 24717.31 12249.97 49.56
954.2 24858.68 12150.45 48.88
955.2 24833.48 12087.22 48.67
956.2 24781.87 11960.42 48.26
957.2 24889.44 11890.73 47.77
958.2 24934.17 11911.00 47.77
959.2 25016.63 11814.84 47.23
960.1 25036.42 11832.30 47.26
961.1 25110.32 11823.17 47.08
962.1 25088.91 11763.38 46.89
963.1 25119.92 11704.39 46.59
964.1 25214.63 11729.47 46.52
965.1 25330.49 11747.36 46.38
966.1 25308.67 11748.42 46.42
967.0 25429.11 11749.58 46.21
968.0 25412.72 11749.10 46.23
969.0 25476.70 11727.20 46.03
970.0 25548.92 11804.37 46.20
971.0 25553.38 11766.17 46.05
971.9 25577.75 11733.17 45.87
972.9 25632.47 11723.32 45.74
973.9 25687.84 11718.07 45.62
974.9 25707.07 11796.44 45.89
975.8 25785.50 11784.41 45.70
976.8 25887.84 11747.02 45.38
977.8 25820.50 11825.50 45.80
978.8 25860.98 11808.54 45.66
979.7 25944.03 11793.07 45.46
980.7 26085.84 11961.31 45.85
981.7 26216.93 12104.14 46.17
982.6 26357.49 12098.52 45.90
983.6 26637.96 12391.74 46.52
984.6 26867.99 12413.61 46.20
985.5 27228.96 12761.86 46.87
986.5 27586.71 12963.38 46.99
987.5 28229.74 13491.62 47.79
988.4 29129.10 13657.60 46.89
989.4 29461.65 13832.00 46.95
990.4 30215.79 14188.28 46.96
991.3 31016.90 14315.49 46.15
992.3 32083.73 14476.81 45.12
993.2 32873.87 15528.13 47.24
994.2 33903.68 15281.96 45.07
995.2 33992.36 15667.26 46.09
996.1 34230.84 14914.87 43.57
997.1 34851.51 15764.61 45.23
998.0 34260.00 15759.60 46.00
999.0 34687.92 15320.50 44.17
1000.0 34688.89 15900.64 45.84
1000.9 35217.36 15739.60 44.69
1001.9 35272.85 16379.57 46.44
1002.8 34914.90 14216.85 40.72
1003.8 33603.76 16932.81 50.39
1004.8 35367.90 15516.24 43.87
961.5 31131.28 11891.76 38.20
965.5 30535.97 11856.14 38.83
969.5 29322.48 11728.99 40.00
973.4 27903.28 11630.12 41.68
977.4 26904.56 11311.14 42.04
981.4 26534.70 11249.03 42.39
985.3 26407.57 11354.99 43.00
989.3 26474.11 11552.88 43.64
993.3 26619.54 11754.72 44.16
997.2 26659.40 11890.93 44.60
1001.2 26636.74 12023.05 45.14
1005.2 26603.49 12156.12 45.69
1009.1 26619.65 12320.41 46.28
1013.1 26716.01 12528.77 46.90
1017.1 26794.94 12735.54 47.53
1021.0 26801.46 12918.53 48.20
1025.0 26791.13 13087.62 48.85
1029.0 26701.37 13207.19 49.46
1032.9 26612.69 13330.33 50.09
1036.9 26609.51 13480.13 50.66
1040.9 26674.31 13661.70 51.22
1044.8 26787.82 13883.32 51.83
1048.8 26888.29 14067.97 52.32
1052.7 26960.57 14232.67 52.79
1056.7 26977.24 14358.78 53.23
1060.7 26985.60 14439.17 53.51
1064.6 27010.97 14494.59 53.66
1068.6 26982.88 14499.49 53.74
1072.5 26926.21 14481.85 53.78
1076.5 26904.28 14459.51 53.74
1080.4 26907.72 14409.91 53.55
1084.4 26967.74 14374.84 53.30
1088.3 27046.80 14324.84 52.96
1092.3 27030.17 14198.68 52.53
1096.2 27021.53 14084.99 52.13
1100.2 27064.25 13970.65 51.62
1104.1 26999.93 13804.97 51.13
1108.1 26976.31 13670.04 50.67
1112.0 26929.62 13492.85 50.10
1116.0 26827.19 13270.86 49.47
1119.9 26743.36 13032.12 48.73
1123.9 26789.11 12782.11 47.71
1127.8 26776.32 12426.24 46.41
1131.8 26765.25 11971.02 44.73
1135.7 26806.82 11432.77 42.65
1139.6 26802.37 10834.68 40.42
1143.6 26782.94 10260.26 38.31
1147.5 26783.56 9775.92 36.50
1151.4 26689.51 9362.85 35.08
1155.4 26684.50 9100.41 34.10
1159.3 26717.33 8937.29 33.45
1163.2 26640.39 8789.29 32.99
1167.2 26631.42 8708.40 32.70
1171.1 26649.11 8652.81 32.47
1175.0 26624.79 8589.65 32.26
1179.0 26612.16 8538.66 32.09
1182.9 26679.08 8510.01 31.90
1186.8 26688.13 8461.58 31.71
1190.7 26563.51 8364.84 31.49
1194.7 26418.25 8292.65 31.39
1198.6 26292.42 8246.70 31.37
1202.5 26222.77 8206.70 31.30
1206.4 26156.30 8199.63 31.35
1210.3 26101.80 8212.68 31.46
1214.2 26061.58 8234.76 31.60
1218.2 25980.18 8256.01 31.78
1222.1 25898.70 8275.93 31.95
1226.0 25846.71 8326.31 32.21
1229.9 25808.88 8369.76 32.43
1233.8 25765.00 8391.08 32.57
1237.7 25743.41 8427.87 32.74
1241.6 25703.07 8479.27 32.99
1245.5 25624.12 8485.99 33.12
1249.4 25550.35 8487.83 33.22
1253.3 25491.83 8494.31 33.32
1257.2 25468.72 8499.38 33.37
1261.1 25410.02 8505.97 33.47
1265.0 25340.06 8496.90 33.53
1268.9 25238.59 8449.21 33.48
1272.8 25273.80 8436.00 33.38
1276.7 25394.86 8449.77 33.27
1280.6 25450.19 8430.57 33.13
1284.5 25408.33 8359.07 32.90
1288.4 25396.88 8279.23 32.60
1292.3 25335.75 8164.75 32.23
1296.2 25253.77 8036.15 31.82
1300.1 25154.45 7892.07 31.37
1303.9 25021.28 7706.99 30.80
1307.8 24888.83 7512.38 30.18
1311.7 24744.05 7301.44 29.51
1315.6 24606.58 7082.54 28.78
1319.5 24454.91 6851.14 28.02
1323.3 24310.87 6609.86 27.19
1327.2 24198.13 6372.40 26.33
1331.1 24066.72 6130.58 25.47
1335.0 23889.51 5887.03 24.64
1338.8 23760.57 5667.64 23.85
1342.7 23672.67 5472.32 23.12
1346.5 23478.13 5262.30 22.41
1350.4 23310.26 5084.08 21.81
1354.3 23083.45 4903.92 21.24
1358.1 22838.31 4714.92 20.64
1362.0 22679.75 4545.63 20.04
1365.8 22617.02 4386.22 19.39
1369.7 22674.59 4232.76 18.67
1373.5 22638.01 4028.97 17.80
1377.4 22496.49 3753.68 16.69
1381.2 22378.35 3432.88 15.34
1385.1 22350.32 3100.13 13.87
1389.0 22288.46 2768.21 12.42
1392.8 22173.23 2447.69 11.04
1396.6 22085.45 2154.37 9.75
1400.5 21959.65 1901.98 8.66
1404.3 21857.78 1710.44 7.83
1408.2 21838.81 1551.20 7.10
1412.0 21801.98 1439.94 6.60
1415.8 21812.41 1355.82 6.22
1419.6 21792.97 1275.81 5.85
1423.5 21771.98 1222.25 5.61
1427.3 21755.09 1180.69 5.43
1431.1 21750.38 1160.18 5.33
1434.9 21698.88 1140.95 5.26
1438.8 21663.77 1120.46 5.17
1442.6 21637.50 1103.22 5.10
1446.4 21563.28 1083.35 5.02
1450.2 21516.17 1077.76 5.01
1454.0 21457.08 1087.56 5.07
1457.8 21441.21 1084.22 5.06
1461.6 21431.12 1088.41 5.08
1465.4 21362.81 1102.07 5.16
1469.2 21250.78 1112.48 5.23
1473.0 21169.27 1127.12 5.32
1476.8 21139.84 1154.95 5.46
1480.7 21105.82 1191.92 5.65
1484.4 21030.72 1235.76 5.88
1488.2 20973.72 1281.36 6.11
1492.0 20900.33 1332.56 6.38
1495.8 20827.63 1383.20 6.64
1499.6 20757.13 1422.10 6.85
1503.4 20685.81 1448.30 7.00
1507.2 20635.20 1471.30 7.13
1510.9 20559.83 1497.18 7.28
1514.7 20479.56 1514.04 7.39
1518.5 20410.03 1550.25 7.60
1522.3 20318.91 1580.12 7.78
1526.0 20257.55 1609.56 7.95
1529.8 20222.14 1658.57 8.20
1533.6 20145.31 1689.73 8.39
1537.3 20069.96 1728.72 8.61
1541.1 19997.77 1766.21 8.83
1544.8 19920.00 1802.40 9.05
1548.6 19840.21 1843.87 9.29
1552.4 19790.40 1880.43 9.50
1556.1 19745.13 1908.72 9.67
1559.9 19688.26 1934.35 9.82
1563.6 19618.47 1968.54 10.03
1567.3 19559.76 2009.99 10.28
1571.1 19433.54 2041.74 10.51
1574.8 19353.80 2081.46 10.75
1578.6 19306.98 2115.77 10.96
1582.3 19224.28 2138.16 11.12
1586.0 19146.44 2158.80 11.28
1589.8 19074.77 2182.24 11.44
1593.5 18983.01 2195.43 11.57
1597.2 18910.28 2211.32 11.69
1600.9 18837.12 2234.79 11.86
1604.7 18753.01 2258.82 12.05
1608.4 18685.00 2280.89 12.21
1612.1 18589.61 2287.66 12.31
1615.8 18506.95 2304.95 12.45
1619.5 18470.24 2330.47 12.62
1623.2 18382.61 2346.41 12.76
1626.9 18281.26 2356.61 12.89
1630.6 18186.30 2361.92 12.99
1634.3 18110.82 2374.48 13.11
1638.0 18019.81 2386.89 13.25
1641.7 17928.53 2387.59 13.32
1645.4 17837.69 2386.82 13.38
1649.1 17719.40 2378.62 13.42
1652.8 17632.13 2370.37 13.44
1656.4 17542.23 2363.36 13.47
1660.1 17452.82 2359.64 13.52
1663.8 17351.33 2346.94 13.53
1667.5 17263.22 2338.31 13.55
1671.1 17190.62 2326.66 13.53
1674.8 17086.89 2307.34 13.50
1678.5 17055.43 2301.95 13.50
1682.1 17058.87 2294.18 13.45
1685.8 17063.96 2282.41 13.38
1689.5 17004.15 2261.39 13.30
1693.1 16926.54 2234.91 13.20
1696.8 16843.50 2204.00 13.09
1700.4 16752.61 2174.77 12.98
1704.0 16684.20 2143.23 12.85
1707.7 16548.84 2099.05 12.68
1711.3 16387.05 2061.50 12.58
1715.0 16263.58 2018.00 12.41
1718.6 16168.21 1974.30 12.21
1722.2 16083.03 1940.85 12.07
1725.9 15998.19 1903.86 11.90
1729.5 15924.10 1870.31 11.75
1733.1 15857.39 1847.23 11.65
1736.7 15790.22 1830.44 11.59
1740.3 15689.65 1817.81 11.59
1744.0 15648.28 1789.81 11.44
1747.5 15570.19 1750.21 11.24
1751.2 15444.89 1712.91 11.09
1754.8 15352.25 1681.43 10.95
1758.4 15274.29 1652.11 10.82
1762.0 15165.37 1622.13 10.70
1765.5 15091.31 1595.85 10.57
1769.1 15074.40 1584.00 10.51
1772.7 15027.15 1573.65 10.47
1776.3 14954.60 1554.17 10.39
1779.9 14886.09 1530.05 10.28
1783.5 14852.72 1520.24 10.24
1787.0 14774.09 1511.90 10.23
1790.6 14686.84 1494.05 10.17
1794.2 14626.25 1477.32 10.10
1797.8 14572.31 1478.02 10.14
1801.3 14527.22 1482.32 10.20
1804.9 14445.38 1472.63 10.19
1808.4 14404.59 1470.62 10.21
1812.0 14321.63 1463.39 10.22
1815.5 14236.38 1456.72 10.23
1819.1 14124.74 1449.42 10.26
1822.6 14025.96 1445.89 10.31
1826.2 13954.81 1432.77 10.27
1829.7 13857.23 1413.94 10.20
1833.2 13724.80 1401.50 10.21
1836.8 13596.77 1385.48 10.19
1840.3 13507.92 1359.99 10.07
1843.8 13431.88 1344.56 10.01
1847.3 13384.53 1327.82 9.92
1850.8 13325.76 1298.30 9.74
1854.3 13223.04 1263.23 9.55
1857.8 13161.20 1211.60 9.21
1861.3 13149.65 1146.81 8.72
1864.8 13113.55 1071.04 8.17
1868.3 13008.00 976.89 7.51
1871.8 12902.40 898.56 6.96
1875.3 12863.31 796.71 6.19
1878.8 12861.64 680.59 5.29
1882.3 12814.79 603.14 4.71
1885.8 12721.10 538.08 4.23
1889.3 12603.25 483.78 3.84
1892.7 12484.14 433.85 3.48
1896.2 12425.34 424.47 3.42
1899.7 12309.09 447.80 3.64
1903.1 12237.46 452.76 3.70
1906.6 12275.96 449.32 3.66
1910.0 12425.41 500.35 4.03
1913.5 12695.50 640.34 5.04
1917.0 13071.45 812.35 6.21
1920.4 13359.03 1016.95 7.61
1923.8 13383.20 1192.03 8.91
1871.2 11709.94 629.57 5.38
1873.9 11844.38 558.39 4.71
1876.7 11942.06 599.10 5.02
1879.5 11955.33 529.67 4.43
1882.3 11773.28 387.93 3.30
1885.1 11714.58 327.56 2.80
1887.8 11825.72 305.13 2.58
1890.6 11726.19 304.07 2.59
1893.4 11711.33 308.00 2.63
1896.2 11690.33 240.68 2.06
1898.9 11600.54 231.24 1.99
1901.7 11509.78 205.74 1.79
1904.5 11595.68 174.57 1.51
1907.2 11575.75 218.50 1.89
1910.0 11534.65 198.87 1.72
1912.7 11509.58 188.16 1.63
1915.5 11429.24 176.88 1.55
1918.2 11379.10 178.92 1.57
1921.0 11291.49 189.11 1.67
1923.7 11305.65 176.76 1.56
1926.5 11284.35 198.66 1.76
1929.2 11297.09 208.43 1.85
1932.0 11293.84 183.28 1.62
1934.7 11256.00 162.59 1.44
1937.4 11153.59 170.59 1.53
1940.2 11119.32 184.40 1.66
1942.9 11202.56 191.84 1.71
1945.6 11207.22 205.36 1.83
1948.3 11145.88 201.56 1.81
1951.1 11140.01 180.60 1.62
1953.8 11145.00 204.00 1.83
1956.5 11045.56 194.68 1.76
1959.2 11104.86 170.43 1.53
1961.9 11124.34 190.72 1.71
1964.6 11058.08 187.43 1.69
1967.3 11092.37 201.73 1.82
1970.0 10987.52 224.96 2.05
1972.8 10943.00 211.80 1.94
1975.5 10983.78 204.87 1.87
1978.2 10935.40 233.60 2.14
1980.9 10858.38 230.29 2.12
1983.5 10836.45 226.85 2.09
1986.2 10831.02 229.89 2.12
1988.9 10819.38 221.16 2.04
1991.6 10735.05 243.32 2.27
1994.3 10649.29 242.62 2.28
1997.0 10665.45 250.85 2.35
1999.7 10628.04 264.19 2.49
2002.3 10626.41 256.02 2.41
2005.0 10577.50 256.02 2.42
2007.7 10537.87 263.73 2.50
2010.4 10503.55 285.50 2.72
2013.0 10469.60 284.50 2.72
2015.7 10417.55 275.64 2.65
2018.4 10373.69 272.32 2.63
2021.0 10341.67 283.33 2.74
2023.7 10246.67 310.93 3.03
2026.4 10218.87 298.57 2.92
2029.0 10197.92 278.36 2.73
2031.7 10117.47 307.02 3.03
2034.3 10100.57 326.73 3.23
2037.0 10052.37 309.65 3.08
2039.6 10015.47 306.65 3.06
2042.3 10000.48 320.15 3.20
2044.9 9966.17 319.77 3.21
2047.5 9926.90 297.33 3.00
2050.2 9839.20 288.40 2.93
2052.8 9839.20 316.40 3.22
2055.4 9775.02 316.59 3.24
2058.1 9676.80 310.80 3.21
2060.7 9656.73 329.81 3.42
2063.3 9627.93 339.97 3.53
2065.9 9594.96 335.00 3.49
2068.6 9550.29 343.38 3.60
2071.2 9522.27 348.75 3.66
2073.8 9469.56 333.00 3.52
2076.4 9438.82 345.22 3.66
2079.0 9427.55 351.25 3.73
2081.6 9427.48 348.85 3.70
2084.2 9413.08 375.28 3.99
2086.8 9327.84 370.51 3.97
2089.4 9281.57 351.75 3.79
2092.1 9228.17 354.17 3.84
2094.7 9209.50 378.55 4.11
2097.2 9211.17 376.83 4.09
2099.8 9177.65 361.53 3.94
2102.4 9110.04 389.54 4.28
2105.0 9037.35 396.15 4.38
2107.6 9009.28 364.59 4.05
2110.2 9002.40 369.42 4.10
2112.8 8990.87 398.00 4.43
2115.3 8991.97 383.93 4.27
2117.9 8986.46 374.32 4.17
2120.5 8943.22 405.19 4.53
2123.1 8918.33 397.80 4.46
2125.6 8905.06 395.33 4.44
2128.2 8835.61 409.73 4.64
2130.8 8804.25 403.65 4.58
2133.3 8785.33 396.00 4.51
2135.9 8707.33 417.72 4.80
2138.4 8648.47 421.37 4.87
2141.0 8594.63 408.43 4.75
2143.6 8560.47 395.78 4.62
2146.1 8482.97 402.55 4.75
2148.7 8378.31 422.88 5.05
2151.2 8395.20 407.73 4.86
2153.8 8409.10 423.84 5.04
2156.3 8334.31 431.19 5.17
2158.8 8295.91 419.37 5.06
2161.4 8278.92 409.82 4.95
2163.9 8211.11 400.97 4.88
2166.4 8178.14 408.02 4.99
2169.0 8184.05 408.02 4.99
2171.5 8127.88 402.11 4.95
2174.0 8074.15 437.33 5.42
2176.5 8046.09 442.52 5.50
2179.1 8026.09 436.69 5.44
2181.6 7963.08 431.92 5.42
2184.1 7927.92 403.48 5.09
2186.6 7968.23 414.26 5.20
2189.1 7928.70 420.51 5.30
2191.6 7879.20 411.60 5.22
2194.1 7902.25 398.60 5.04
2196.6 7910.84 414.39 5.24
2199.2 7922.01 429.07 5.42
2201.7 7911.90 433.38 5.48
2204.1 7872.42 436.14 5.54
2206.6 7859.11 406.57 5.17
2209.1 7834.95 401.21 5.12
2211.6 7811.28 411.12 5.26
2214.1 7823.83 402.98 5.15
2216.6 7801.78 417.82 5.36
2219.1 7778.99 433.01 5.57
2221.6 7769.41 399.70 5.14
2224.0 7730.49 396.24 5.13
2226.5 7705.13 407.14 5.28
2229.0 7700.89 395.89 5.14
2231.5 7614.04 398.32 5.23
2233.9 7619.70 392.53 5.15
2236.4 7646.66 386.00 5.05
2238.9 7587.25 391.38 5.16
2241.3 7617.87 388.67 5.10
2243.8 7590.66 384.78 5.07
2246.2 7466.46 356.65 4.78
2248.7 7485.79 366.38 4.89
2251.2 7456.07 349.74 4.69
2253.6 7388.16 341.76 4.63
2256.1 7392.00 364.80 4.94
2258.5 7429.78 318.86 4.29
2260.9 7370.87 302.97 4.11
2263.4 7335.06 307.07 4.19
2265.8 7324.05 300.04 4.10
2268.3 7284.90 334.81 4.60
2270.7 7335.06 341.61 4.66
2273.1 7298.01 295.30 4.05
2275.6 7249.92 295.68 4.08
2278.0 7263.90 307.47 4.23
2280.4 7254.11 284.78 3.93
2282.8 7154.84 259.40 3.63
2285.3 7173.98 272.18 3.79
2287.7 7228.16 269.45 3.73
2290.1 7183.21 272.78 3.80
2292.5 7174.75 269.85 3.76
2294.9 7172.28 264.76 3.69
2297.3 7095.27 268.94 3.79
2299.7 7055.67 272.44 3.86
2302.1 7047.43 247.49 3.51
2304.5 6969.76 215.60 3.09
2306.9 6871.76 239.12 3.48
2309.3 6829.66 223.35 3.27
2311.7 6841.28 200.18 2.93
2314.1 6762.12 228.42 3.38
2316.5 6698.00 232.46 3.47
2318.9 6708.72 212.85 3.17
2321.3 6699.18 213.93 3.19
2323.7 6692.83 231.61 3.46
2326.1 6669.65 213.59 3.20
2328.4 6684.27 187.14 2.80
2330.8 6719.87 200.41 2.98
2333.2 6684.06 205.92 3.08
2335.6 6626.06 207.58 3.13
2337.9 6656.47 196.15 2.95
2340.3 6637.57 205.72 3.10
2342.7 6554.85 186.19 2.84
2345.0 6590.83 178.36 2.71
2347.4 6579.00 182.75 2.78
2349.7 6450.22 183.68 2.85
2352.1 6436.79 201.55 3.13
2354.4 6443.20 176.23 2.74
2356.8 6410.25 189.93 2.96
2359.2 6387.33 169.00 2.65
2361.5 6370.47 170.17 2.67
2363.8 6359.13 206.41 3.25
2366.2 6364.03 203.01 3.19
2368.5 6327.90 191.35 3.02
2370.9 6289.51 143.15 2.28
2373.2 6299.83 121.41 1.93
2375.5 6271.65 153.85 2.45
2377.9 6231.24 150.43 2.41
2380.2 6231.07 128.29 2.06
2382.5 6226.23 137.85 2.21
2384.8 6166.56 143.84 2.33
2387.2 6137.03 145.34 2.37
2389.5 6105.12 151.09 2.47
2391.8 6108.03 147.35 2.41
2394.1 6113.08 148.75 2.43
2396.4 6043.08 164.50 2.72
2398.7 6045.74 141.28 2.34
2401.0 6037.85 113.74 1.88
2403.3 5976.00 149.40 2.50
2405.6 5958.01 174.94 2.94
2407.9 5961.90 130.26 2.18
2410.2 5895.68 85.23 1.45
2412.5 5854.08 127.04 2.17
2414.8 5884.71 118.11 2.01
2417.1 5832.68 98.07 1.68
2419.4 5803.94 156.30 2.69
2421.7 5771.82 126.16 2.19
2424.0 5758.83 79.25 1.38
2426.2 5767.30 96.30 1.67
2428.5 5732.83 135.21 2.36
2430.8 5706.15 109.00 1.91
2433.1 5636.77 105.10 1.86
2435.4 5600.60 151.07 2.70
2437.6 5600.60 83.93 1.50
2439.9 5575.70 112.30 2.01
2442.2 5563.19 142.21 2.56
2444.4 5553.80 74.66 1.34
2446.7 5507.12 81.76 1.48
2448.9 5507.15 100.67 1.83
2451.2 5507.04 77.48 1.41
2453.4 5448.11 96.43 1.77
2455.7 5430.93 121.63 2.24
2457.9 5354.09 85.47 1.60
2460.2 5363.55 80.15 1.49
2462.4 5410.08 49.92 0.92
2464.7 5343.16 119.86 2.24
2466.9 5296.50 154.08 2.91
2469.2 5269.60 90.74 1.72
2471.4 5219.18 85.35 1.64
2473.6 5235.49 80.34 1.53
2475.9 5195.15 81.28 1.56
2478.1 5116.92 40.99 0.80
2480.3 5082.02 41.77 0.82
2482.5 5118.21 85.78 1.68
2484.8 5046.20 101.94 2.02
2487.0 4999.50 59.25 1.19
2489.2 5095.91 105.54 2.07
2491.4 4987.57 122.96 2.47
2493.6 4938.15 47.03 0.95
2495.8 4972.71 55.43 1.11
2498.0 4904.53 72.96 1.49
2500.2 4920.20 50.55 1.03
2502.4 5079.36 44.40 0.87
2504.6 5192.67 46.95 0.90
2506.8 5279.98 19.48 0.37
