/*** Spectra Vista SIG Data ***/
name= \My Documents\HR1024_Data\RD5S1.
instrument= HR: 1091052
integration= 400, 60, 30, 400, 60, 30
scan time= 1, 1
scan settings= AD, AI, AD, AI
external data set1= 8224, 8224, 8224, 8224, 8224, 8224, 8224, 8224, 8224, 8224, 8224, 8224, 8224, 8224, 8224, 8224
external data set2= 8224, 8224, 8224, 8224, 8224, 8224, 8224, 8224, 8224, 8224, 8224, 8224, 8224, 8224, 8224, 8224
external data dark= 0,0,0,0,0,0,0,0
external data mask= 0
optic= LENS4 , LENS4 
temp= 32.34, 8.94, -5.37, 40.31, 9.01, -5.24
battery= 7.5, 7.1
error= 0, 0
units= Radiance, Radiance
time= 3/11/08 9:20:48 AM, 3/11/08 9:38:07 AM
longitude= , 
latitude= , 
gpstime= , 
comm= 
memory slot= 0, 0
factors= 
data= 
346.4 366.28 164.03 44.78
347.9 400.03 167.86 41.96
349.5 432.12 171.60 39.71
351.1 468.00 177.84 38.00
352.6 496.51 183.43 36.94
354.2 520.33 194.71 37.42
355.7 575.84 208.79 36.26
357.3 598.14 209.78 35.07
358.8 616.87 209.70 33.99
360.4 668.33 223.36 33.42
361.9 686.05 224.62 32.74
363.5 715.01 235.45 32.93
365.1 743.78 234.06 31.47
366.6 778.54 252.03 32.37
368.2 824.27 246.78 29.94
369.7 873.39 259.57 29.72
371.3 928.49 260.11 28.01
372.8 977.74 265.60 27.16
374.4 1016.27 270.34 26.60
375.9 1052.58 279.70 26.57
377.4 1084.71 282.97 26.09
379.0 1129.79 297.56 26.34
380.5 1157.14 289.29 25.00
382.1 1186.43 296.98 25.03
383.6 1234.64 294.84 23.88
385.2 1293.88 299.75 23.17
386.7 1345.63 305.95 22.74
388.3 1410.38 317.95 22.54
389.8 1464.46 323.91 22.12
391.3 1527.57 339.77 22.24
392.9 1567.60 339.98 21.69
394.4 1609.87 348.68 21.66
395.9 1662.63 367.38 22.10
397.5 1749.05 394.06 22.53
399.0 1827.74 410.97 22.49
400.6 1876.29 406.11 21.64
402.1 1904.04 396.03 20.80
403.6 1943.17 389.59 20.05
405.1 1994.81 395.31 19.82
406.7 2061.92 405.44 19.66
408.2 2135.06 408.75 19.14
409.7 2198.56 422.24 19.21
411.3 2272.05 425.72 18.74
412.8 2335.64 443.19 18.98
414.3 2399.77 460.13 19.17
415.8 2475.00 475.00 19.19
417.4 2547.71 487.03 19.12
418.9 2612.23 503.47 19.27
420.4 2658.25 499.75 18.80
421.9 2705.56 516.67 19.10
423.5 2743.63 514.87 18.77
425.0 2788.02 519.17 18.62
426.5 2844.45 521.38 18.33
428.0 2917.63 533.65 18.29
429.5 3009.90 543.13 18.04
431.1 3112.45 551.48 17.72
432.6 3227.88 570.02 17.66
434.1 3329.29 584.24 17.55
435.6 3423.98 594.05 17.35
437.1 3517.80 609.38 17.32
438.6 3607.74 625.85 17.35
440.1 3694.39 639.36 17.31
441.6 3790.73 653.82 17.25
443.1 3873.83 667.24 17.22
444.7 3959.99 676.10 17.07
446.2 4024.76 679.92 16.89
447.7 4101.41 693.64 16.91
449.2 4174.20 716.04 17.15
450.7 4238.00 733.20 17.30
452.2 4313.18 739.82 17.15
453.7 4393.64 740.34 16.85
455.2 4491.99 753.00 16.76
456.7 4618.24 770.88 16.69
458.2 4761.06 787.25 16.54
459.7 4899.13 808.50 16.50
461.2 5044.37 826.02 16.38
462.7 5165.05 843.09 16.32
464.2 5287.79 865.59 16.37
465.7 5408.14 889.94 16.46
467.2 5518.98 905.71 16.41
468.7 5631.00 905.00 16.07
470.2 5705.20 913.74 16.02
471.7 5821.13 940.50 16.16
473.2 6011.22 1013.88 16.87
474.6 6153.75 1071.69 17.42
476.1 6204.18 1050.46 16.93
477.6 6220.94 1018.88 16.38
479.1 6250.52 1013.12 16.21
480.6 6293.37 1018.13 16.18
482.1 6374.96 1024.01 16.06
483.6 6474.12 1035.65 16.00
485.1 6599.29 1049.28 15.90
486.6 6739.10 1071.70 15.90
488.0 6898.13 1095.25 15.88
489.5 7058.36 1117.58 15.83
491.0 7224.81 1144.88 15.85
492.5 7392.87 1166.40 15.78
494.0 7557.79 1194.37 15.80
495.4 7702.20 1226.78 15.93
496.9 7844.83 1250.83 15.94
498.4 7990.29 1277.84 15.99
499.9 8131.50 1313.03 16.15
501.4 8263.45 1341.03 16.23
502.8 8392.79 1371.03 16.34
504.3 8499.60 1404.90 16.53
505.8 8611.18 1435.50 16.67
507.2 8674.01 1457.68 16.81
508.7 8728.20 1478.95 16.94
510.2 8764.92 1505.06 17.17
511.6 8789.76 1535.33 17.47
513.1 8840.43 1572.67 17.79
514.6 8904.34 1608.38 18.06
516.0 8958.85 1639.01 18.29
517.5 9056.55 1676.37 18.51
519.0 9171.31 1718.67 18.74
520.5 9287.32 1758.90 18.94
521.9 9437.16 1804.39 19.12
523.4 9612.27 1866.95 19.42
524.8 9785.79 1920.23 19.62
526.3 9984.58 1978.03 19.81
527.8 10184.06 2037.61 20.01
529.2 10366.76 2097.06 20.23
530.7 10567.61 2158.23 20.42
532.1 10746.40 2220.27 20.66
533.6 10959.02 2284.86 20.85
535.0 11168.56 2344.94 21.00
536.5 11376.00 2407.62 21.16
538.0 11592.92 2463.76 21.25
539.4 11785.91 2521.51 21.39
540.9 12037.93 2606.74 21.65
542.3 12246.63 2698.41 22.03
543.8 12400.56 2765.99 22.31
545.2 12445.48 2789.52 22.41
546.6 12442.01 2800.66 22.51
548.1 12455.19 2810.20 22.56
549.5 12460.55 2830.28 22.71
551.0 12456.77 2853.46 22.91
552.4 12484.13 2882.28 23.09
553.9 12491.52 2900.70 23.22
555.3 12509.64 2928.22 23.41
556.8 12569.08 2966.15 23.60
558.2 12630.94 3009.66 23.83
559.6 12713.51 3057.13 24.05
561.1 12831.00 3115.13 24.28
562.5 12959.42 3180.96 24.55
564.0 13129.35 3255.59 24.80
565.4 13288.41 3336.06 25.11
566.8 13487.87 3426.53 25.40
568.3 13678.39 3518.47 25.72
569.7 13879.32 3621.55 26.09
571.1 14074.77 3716.58 26.41
572.6 14269.77 3819.96 26.77
574.0 14463.08 3931.13 27.18
575.4 14650.03 4043.25 27.60
576.9 14818.07 4147.61 27.99
578.3 14977.46 4261.40 28.45
579.7 15131.24 4374.09 28.91
581.1 15254.19 4481.47 29.38
582.6 15387.18 4597.14 29.88
584.0 15508.86 4731.84 30.51
585.4 15681.05 4882.94 31.14
586.8 15909.04 5078.62 31.92
588.3 16162.38 5286.06 32.71
589.7 16371.81 5484.96 33.50
591.1 16519.39 5653.38 34.22
592.5 16589.78 5794.26 34.93
594.0 16627.80 5922.96 35.62
595.4 16637.76 6049.50 36.36
596.8 16651.64 6180.82 37.12
598.2 16659.51 6324.73 37.96
599.6 16659.36 6469.79 38.84
601.0 16705.59 6643.10 39.77
602.4 16752.94 6816.71 40.69
603.9 16822.23 7005.59 41.64
605.3 16905.11 7208.03 42.64
606.7 16973.10 7407.00 43.64
608.1 17114.04 7635.64 44.62
609.5 17255.15 7873.22 45.63
610.9 17434.91 8131.52 46.64
612.3 17598.49 8386.32 47.65
613.7 17818.60 8679.70 48.71
615.1 17967.42 8947.26 49.80
616.5 18122.06 9211.90 50.83
617.9 18356.64 9528.47 51.91
619.3 18578.68 9845.07 52.99
620.7 18848.67 10185.81 54.04
622.1 19119.58 10575.16 55.31
623.5 19414.06 11029.15 56.81
624.9 19741.18 11528.48 58.40
626.3 19952.52 11972.67 60.01
627.7 19741.37 12126.02 61.42
629.1 19544.02 12253.29 62.70
630.5 19457.12 12416.54 63.81
631.9 19461.81 12617.38 64.83
633.3 19457.49 12808.33 65.83
634.7 19533.17 13045.68 66.79
636.1 19566.68 13235.64 67.64
637.5 19597.55 13393.96 68.35
638.9 19677.50 13488.34 68.55
640.2 19731.43 13480.42 68.32
641.6 19754.28 13314.60 67.40
643.0 19715.36 13139.63 66.65
644.4 19707.26 13059.94 66.27
645.8 19650.11 13071.81 66.52
647.2 19716.78 13240.44 67.15
648.5 19765.84 13421.78 67.90
649.9 19671.60 13531.83 68.79
651.3 19608.23 13664.18 69.69
652.7 19503.68 13799.33 70.75
654.1 19390.95 13782.15 71.08
655.5 19238.75 13676.26 71.09
656.8 19118.09 13574.69 71.00
658.2 19225.93 13631.09 70.90
659.6 19449.31 13770.39 70.80
660.9 19643.18 13862.11 70.57
662.3 19825.21 13937.40 70.30
663.7 20008.80 13975.50 69.85
665.0 20165.89 14001.69 69.43
666.4 20328.89 14036.84 69.05
667.8 20535.62 14112.71 68.72
669.1 20711.76 14187.19 68.50
670.5 20914.18 14313.84 68.44
671.9 21055.86 14426.88 68.52
673.2 21237.33 14598.23 68.74
674.6 21400.77 14804.22 69.18
676.0 21596.49 15079.51 69.82
677.3 21793.24 15415.01 70.73
678.7 21992.69 15833.38 71.99
680.0 22269.19 16391.22 73.60
681.4 22542.00 17058.12 75.67
682.8 22829.63 17868.99 78.27
684.1 23112.18 18780.84 81.26
685.5 23364.31 19768.97 84.61
686.8 23617.23 20794.38 88.05
688.2 23841.32 21806.79 91.47
689.5 23927.84 22672.94 94.76
690.9 23997.39 23481.26 97.85
692.2 24047.78 24199.50 100.63
693.6 24110.83 24853.79 103.08
694.9 24095.99 25378.45 105.32
696.2 24121.97 25860.77 107.21
697.6 24149.95 26302.65 108.91
698.9 24174.48 26690.40 110.41
700.3 24215.57 27045.77 111.69
701.6 24264.40 27369.57 112.80
703.0 24323.35 27663.83 113.73
704.3 24329.34 27888.82 114.63
705.6 24327.41 28059.03 115.34
707.0 24334.75 28218.67 115.96
708.3 24282.08 28299.22 116.54
709.6 24223.21 28346.67 117.02
711.0 24124.28 28358.13 117.55
712.3 24015.02 28337.17 118.00
713.6 23977.17 28371.00 118.33
714.9 23907.38 28373.34 118.68
716.3 23880.58 28427.56 119.04
717.6 23876.83 28498.68 119.36
718.9 23805.06 28491.24 119.69
720.2 23675.16 28402.36 119.97
721.6 23576.15 28319.79 120.12
722.9 23446.45 28211.39 120.32
724.2 23274.82 28046.67 120.50
725.5 23133.68 27913.52 120.66
726.8 23009.81 27788.24 120.77
728.1 22933.91 27705.04 120.80
729.5 22856.87 27630.65 120.89
730.8 22796.53 27569.36 120.94
732.1 22719.29 27484.82 120.98
733.4 22660.56 27432.62 121.06
734.7 22602.67 27365.06 121.07
736.0 22569.89 27356.23 121.21
737.3 22520.76 27306.60 121.25
738.6 22554.56 27386.44 121.42
739.9 22633.16 27516.00 121.57
741.2 22698.59 27626.24 121.71
742.5 22841.25 27817.49 121.79
743.8 23091.34 28150.24 121.91
745.1 23491.07 28670.37 122.05
746.4 23957.57 29270.15 122.17
747.7 24466.55 29922.74 122.30
749.0 24948.63 30551.97 122.46
750.3 25229.30 30908.27 122.51
751.6 25175.69 30861.48 122.58
752.9 24925.64 30572.73 122.66
754.2 24630.59 30250.34 122.82
755.4 24314.44 29918.56 123.05
756.7 24210.69 29825.59 123.19
758.0 24235.24 29879.21 123.29
759.3 24394.18 30105.50 123.41
760.6 24621.52 30405.76 123.49
761.9 24823.09 30696.46 123.66
763.1 24955.30 30889.82 123.78
764.4 25125.21 31099.48 123.78
765.7 25257.38 31284.50 123.86
767.0 25349.99 31448.06 124.06
768.2 25431.84 31589.04 124.21
769.5 25509.93 31707.57 124.29
770.8 25646.87 31887.51 124.33
772.0 25674.66 31956.40 124.47
773.3 25762.96 32074.28 124.50
774.6 25839.71 32207.83 124.64
775.8 25921.43 32334.98 124.74
777.1 25948.26 32393.50 124.84
778.4 25918.05 32398.05 125.00
779.6 25945.86 32428.40 124.98
780.9 25904.00 32416.00 125.14
782.1 25811.51 32329.54 125.25
783.4 25819.04 32373.12 125.38
784.6 25849.06 32429.56 125.46
785.9 26028.56 32709.64 125.67
787.1 26416.14 33211.41 125.72
788.4 26716.91 33598.16 125.76
789.6 26732.54 33617.85 125.76
790.9 26499.75 33343.04 125.82
792.1 26215.36 33013.20 125.93
793.4 25939.41 32704.02 126.08
794.6 25766.06 32494.29 126.11
795.8 25608.38 32324.49 126.23
797.1 25427.85 32134.80 126.38
798.3 25301.10 32002.99 126.49
799.5 25235.55 31937.90 126.56
800.8 25155.70 31880.00 126.73
802.0 25074.70 31780.12 126.74
803.2 24986.56 31687.46 126.82
804.5 24925.76 31616.80 126.84
805.7 24855.66 31530.87 126.86
806.9 24776.64 31441.96 126.90
808.1 24708.89 31381.58 127.01
809.4 24677.19 31333.71 126.97
810.6 24617.78 31278.98 127.06
811.8 24606.91 31241.61 126.96
813.0 24601.75 31241.15 126.99
814.2 24620.30 31253.67 126.94
815.4 24684.78 31335.30 126.94
816.6 24715.54 31348.04 126.84
817.9 24752.29 31366.82 126.72
819.1 24717.85 31291.29 126.59
820.3 24615.89 31184.19 126.68
821.5 24558.22 31081.03 126.56
822.7 24525.20 31013.78 126.46
823.9 24512.51 30975.94 126.37
825.1 24512.73 30948.95 126.26
826.3 24527.23 30900.36 125.98
827.5 24554.23 30886.62 125.79
828.7 24585.24 30862.08 125.53
829.9 24620.63 30841.51 125.27
831.0 24677.45 30860.02 125.05
832.2 24735.00 30848.25 124.72
833.4 24800.15 30871.66 124.48
834.6 24827.34 30874.22 124.36
835.8 24886.58 30915.68 124.23
837.0 24941.18 30943.46 124.07
838.1 25036.55 31041.56 123.98
839.3 25073.20 31065.73 123.90
840.5 25138.07 31105.84 123.74
841.7 25214.76 31201.27 123.74
842.9 25311.78 31302.40 123.67
844.0 25352.29 31365.60 123.72
845.2 25454.19 31495.05 123.73
846.4 25527.43 31550.01 123.59
847.5 25656.16 31689.67 123.52
848.7 25745.00 31806.29 123.54
849.9 25879.71 31942.27 123.43
851.0 25913.04 31968.44 123.37
852.2 25966.07 31997.43 123.23
853.3 25941.98 31976.59 123.26
854.5 25934.86 31976.24 123.29
855.6 25916.94 31971.06 123.36
856.8 25944.85 31970.69 123.23
857.9 25943.54 31944.19 123.13
859.1 25996.60 31995.10 123.07
860.2 26027.46 32012.30 122.99
861.4 26023.97 32015.79 123.02
862.5 26059.24 32029.20 122.91
863.7 26115.12 32083.45 122.85
864.8 26101.25 32062.98 122.84
865.9 26082.46 32013.51 122.74
867.1 26099.25 32042.88 122.77
868.2 26099.69 32023.22 122.70
869.3 26128.19 32022.65 122.56
870.5 26099.47 31964.52 122.47
871.6 26087.08 31947.52 122.46
872.7 26136.21 31989.69 122.40
873.9 26148.82 31966.31 122.25
875.0 26142.73 31924.41 122.12
876.1 26142.29 31930.71 122.14
877.2 26184.05 31901.77 121.84
878.3 26169.01 31840.09 121.67
879.4 26191.11 31857.13 121.63
880.5 26214.48 31840.74 121.46
881.7 26220.35 31822.70 121.37
882.8 26271.44 31832.43 121.17
883.9 26272.50 31820.38 121.12
885.0 26275.91 31763.55 120.88
886.1 26278.81 31705.47 120.65
887.2 26194.66 31533.27 120.38
888.3 26154.69 31437.78 120.20
889.4 26083.75 31293.31 119.97
890.5 26060.47 31215.83 119.78
891.6 26043.45 31154.69 119.63
892.7 26025.13 31096.26 119.49
893.8 26046.70 31057.07 119.24
894.9 26070.72 31073.96 119.19
896.0 26059.51 30992.42 118.93
897.0 26054.12 30984.27 118.92
898.1 26079.30 30945.95 118.66
899.2 26095.96 30892.05 118.38
900.3 26052.56 30808.59 118.26
901.4 26029.33 30728.94 118.06
902.4 26018.83 30720.68 118.07
903.5 26017.27 30633.17 117.74
904.6 26012.16 30604.51 117.65
905.7 26050.43 30579.27 117.38
906.7 26024.14 30523.68 117.29
907.8 26076.86 30488.38 116.92
908.9 26057.48 30401.20 116.67
909.9 26017.06 30317.44 116.53
911.0 26009.49 30231.62 116.23
912.1 25979.15 30124.61 115.96
913.1 25944.88 30054.96 115.84
914.2 25856.17 29871.85 115.53
915.2 25844.13 29810.16 115.35
916.3 25883.78 29768.10 115.01
917.3 25847.25 29711.45 114.95
918.4 25819.06 29578.73 114.56
919.4 25792.96 29451.32 114.18
920.5 25804.34 29342.37 113.71
921.5 25824.68 29282.23 113.39
922.6 25820.42 29159.23 112.93
923.6 25802.74 29075.31 112.68
924.7 25837.63 28987.38 112.19
925.7 25830.51 28882.17 111.81
926.7 25889.20 28779.80 111.17
927.8 25949.67 28675.97 110.51
928.8 26061.51 28652.00 109.94
929.9 26114.55 28590.35 109.48
930.9 26214.58 28572.29 108.99
931.9 26363.30 28566.00 108.36
932.9 26568.63 28615.95 107.71
934.0 26604.58 28532.11 107.25
935.0 26610.78 28389.93 106.69
936.0 26639.41 28220.71 105.94
937.0 26632.91 28036.52 105.27
938.1 26589.57 27927.41 105.03
939.1 26594.73 27784.46 104.47
940.1 26647.30 27685.27 103.90
941.1 26757.94 27680.63 103.45
942.1 26950.86 27650.72 102.60
943.1 27064.46 27628.83 102.09
944.1 27200.04 27579.34 101.39
945.2 27250.86 27498.24 100.91
946.2 27341.46 27367.84 100.10
947.2 27385.31 27224.81 99.41
948.2 27528.14 27147.41 98.62
949.2 27562.84 27017.25 98.02
950.2 27601.23 26884.68 97.40
951.2 27696.06 26717.88 96.47
952.2 27776.58 26628.91 95.87
953.2 27874.44 26499.20 95.07
954.2 27994.28 26434.01 94.43
955.2 28013.52 26216.11 93.58
956.2 27975.49 26096.89 93.28
957.2 28074.45 26038.92 92.75
958.2 28163.05 25920.77 92.04
959.2 28188.45 25832.48 91.64
960.1 28244.69 25802.32 91.35
961.1 28322.00 25745.69 90.90
962.1 28304.06 25694.53 90.78
963.1 28357.97 25703.68 90.64
964.1 28464.51 25718.92 90.35
965.1 28543.56 25704.55 90.05
966.1 28584.14 25761.14 90.12
967.0 28655.80 25773.02 89.94
968.0 28697.14 25786.89 89.86
969.0 28718.80 25754.90 89.68
970.0 28760.47 25846.90 89.87
971.0 28834.42 25872.37 89.73
971.9 28848.78 25861.16 89.64
972.9 28890.31 25988.99 89.96
973.9 28948.56 25983.10 89.76
974.9 29046.70 26178.39 90.13
975.8 29063.68 26182.86 90.09
976.8 29052.58 26277.81 90.45
977.8 29165.54 26425.80 90.61
978.8 29197.88 26576.03 91.02
979.7 29189.32 26567.42 91.02
980.7 29306.81 26722.08 91.18
981.7 29477.75 26956.05 91.45
982.6 29574.16 27173.66 91.88
983.6 29987.80 27495.52 91.69
984.6 30188.75 27984.97 92.70
985.5 30563.82 28329.12 92.69
986.5 30946.12 28772.38 92.98
987.5 31666.80 29558.74 93.34
988.4 32276.75 30409.50 94.21
989.4 33081.94 31022.12 93.77
990.4 33865.04 31894.45 94.18
991.3 34680.98 32976.75 95.09
992.3 35996.38 33648.79 93.48
993.2 37249.57 35005.62 93.98
994.2 37192.84 35295.24 94.90
995.2 38468.72 36230.54 94.18
996.1 38815.33 36370.27 93.70
997.1 39248.66 36317.22 92.53
998.0 39056.40 36829.50 94.30
999.0 38843.24 37759.25 97.21
1000.0 39939.10 36376.46 91.08
1000.9 41119.71 37578.30 91.39
1001.9 38921.76 36083.72 92.71
1002.8 38260.04 36378.40 95.08
1003.8 38840.71 36876.86 94.94
1004.8 39018.78 38562.42 98.83
961.5 34611.80 24847.02 71.79
965.5 33947.81 24735.84 72.86
969.5 32673.62 24553.55 75.15
973.4 31329.21 24116.73 76.98
977.4 30182.73 23685.47 78.47
981.4 29653.05 23760.70 80.13
985.3 29580.67 23994.96 81.12
989.3 29694.74 24287.63 81.79
993.3 29811.28 24586.96 82.48
997.2 29873.76 24799.61 83.01
1001.2 29847.48 24969.36 83.66
1005.2 29766.32 25210.25 84.69
1009.1 29802.16 25579.82 85.83
1013.1 29912.80 25988.93 86.88
1017.1 29980.27 26401.83 88.06
1021.0 29997.45 26739.78 89.14
1025.0 29986.05 27033.08 90.15
1029.0 29874.56 27259.11 91.25
1032.9 29757.39 27502.80 92.42
1036.9 29719.10 27803.09 93.55
1040.9 29786.91 28151.39 94.51
1044.8 29914.06 28550.70 95.44
1048.8 30017.23 28912.03 96.32
1052.7 30081.05 29198.44 97.07
1056.7 30106.96 29405.14 97.67
1060.7 30124.55 29543.61 98.07
1064.6 30126.20 29650.13 98.42
1068.6 30068.46 29667.97 98.67
1072.5 30024.99 29630.93 98.69
1076.5 29992.38 29587.67 98.65
1080.4 29983.51 29507.65 98.41
1084.4 30049.89 29444.54 97.99
1088.3 30134.74 29373.27 97.47
1092.3 30115.74 29170.84 96.86
1096.2 30104.84 28931.43 96.10
1100.2 30142.18 28723.19 95.29
1104.1 30082.71 28408.27 94.43
1108.1 30052.27 28144.45 93.65
1112.0 29977.43 27838.76 92.87
1116.0 29868.35 27421.94 91.81
1119.9 29779.89 26973.63 90.58
1123.9 29822.35 26561.14 89.06
1127.8 29798.40 25920.00 86.98
1131.8 29786.58 25077.42 84.19
1135.7 29821.64 24099.56 80.81
1139.6 29831.38 23022.74 77.18
1143.6 29819.95 21982.51 73.72
1147.5 29803.64 21080.62 70.73
1151.4 29713.98 20314.01 68.37
1155.4 29731.43 19838.08 66.72
1159.3 29760.66 19536.23 65.64
1163.2 29674.15 19260.41 64.91
1167.2 29672.28 19087.68 64.33
1171.1 29681.80 18974.47 63.93
1175.0 29651.52 18870.10 63.64
1179.0 29638.87 18788.52 63.39
1182.9 29697.98 18764.50 63.18
1186.8 29706.14 18683.09 62.89
1190.7 29571.10 18529.36 62.66
1194.7 29411.94 18386.38 62.51
1198.6 29289.65 18277.88 62.40
1202.5 29196.66 18230.21 62.44
1206.4 29112.98 18217.96 62.58
1210.3 29056.59 18220.08 62.71
1214.2 29008.58 18247.82 62.90
1218.2 28915.95 18302.03 63.29
1222.1 28833.10 18366.20 63.70
1226.0 28785.60 18439.82 64.06
1229.9 28734.48 18513.96 64.43
1233.8 28673.70 18557.44 64.72
1237.7 28644.25 18624.01 65.02
1241.6 28596.57 18684.27 65.34
1245.5 28494.07 18675.82 65.54
1249.4 28422.55 18685.81 65.74
1253.3 28356.92 18707.67 65.97
1257.2 28323.43 18726.31 66.12
1261.1 28264.79 18700.31 66.16
1265.0 28184.91 18656.68 66.19
1268.9 28067.43 18579.64 66.20
1272.8 28106.70 18567.75 66.06
1276.7 28238.01 18587.23 65.82
1280.6 28297.17 18544.99 65.54
1284.5 28250.81 18412.97 65.18
1288.4 28234.52 18283.30 64.76
1292.3 28165.50 18067.50 64.15
1296.2 28076.33 17820.12 63.47
1300.1 27971.71 17535.54 62.69
1303.9 27830.79 17182.14 61.74
1307.8 27679.51 16801.59 60.70
1311.7 27513.83 16390.67 59.57
1315.6 27356.90 15954.98 58.32
1319.5 27190.78 15496.51 56.99
1323.3 27036.43 15035.91 55.61
1327.2 26898.46 14580.83 54.21
1331.1 26745.75 14125.58 52.81
1335.0 26551.82 13650.45 51.41
1338.8 26417.20 13224.48 50.06
1342.7 26306.22 12828.19 48.76
1346.5 26068.84 12377.55 47.48
1350.4 25867.11 11967.33 46.26
1354.3 25587.95 11571.75 45.22
1358.1 25293.52 11191.91 44.25
1362.0 25095.25 10872.32 43.32
1365.8 25024.00 10604.89 42.38
1369.7 25106.98 10336.39 41.17
1373.5 25078.13 9917.08 39.54
1377.4 24917.97 9389.30 37.68
1381.2 24782.40 8809.68 35.55
1385.1 24754.66 8215.48 33.19
1389.0 24692.16 7588.37 30.73
1392.8 24567.88 6966.71 28.36
1396.6 24460.52 6425.50 26.27
1400.5 24320.99 5951.75 24.47
1404.3 24225.89 5568.13 22.98
1408.2 24204.64 5280.44 21.82
1412.0 24174.50 5049.44 20.89
1415.8 24201.79 4876.64 20.15
1419.6 24176.54 4741.10 19.61
1423.5 24162.30 4644.06 19.22
1427.3 24156.22 4566.11 18.90
1431.1 24149.78 4510.50 18.68
1434.9 24082.82 4466.39 18.55
1438.8 24045.91 4430.91 18.43
1442.6 24021.66 4412.90 18.37
1446.4 23948.95 4393.33 18.34
1450.2 23899.20 4382.29 18.34
1454.0 23823.72 4363.92 18.32
1457.8 23805.13 4364.16 18.33
1461.6 23794.65 4383.23 18.42
1465.4 23719.51 4399.16 18.55
1469.2 23598.58 4420.33 18.73
1473.0 23505.47 4451.54 18.94
1476.8 23479.35 4512.72 19.22
1480.7 23444.07 4583.07 19.55
1484.4 23358.60 4653.48 19.92
1488.2 23294.76 4744.68 20.37
1492.0 23212.99 4845.89 20.88
1495.8 23134.48 4943.58 21.37
1499.6 23068.04 5011.52 21.72
1503.4 22989.82 5070.21 22.05
1507.2 22924.40 5134.47 22.40
1510.9 22832.54 5182.72 22.70
1514.7 22729.47 5223.92 22.98
1518.5 22650.58 5277.44 23.30
1522.3 22564.73 5330.25 23.62
1526.0 22502.83 5390.58 23.96
1529.8 22457.39 5457.07 24.30
1533.6 22379.96 5523.29 24.68
1537.3 22300.49 5599.13 25.11
1541.1 22218.14 5666.27 25.50
1544.8 22130.40 5733.60 25.91
1548.6 22049.49 5800.85 26.31
1552.4 21992.28 5873.31 26.71
1556.1 21940.64 5931.01 27.03
1559.9 21881.16 5963.45 27.25
1563.6 21806.79 6008.34 27.55
1567.3 21732.27 6089.72 28.02
1571.1 21585.13 6149.10 28.49
1574.8 21494.94 6203.81 28.86
1578.6 21441.85 6251.78 29.16
1582.3 21360.05 6302.18 29.50
1586.0 21278.88 6356.59 29.87
1589.8 21182.42 6395.15 30.19
1593.5 21087.16 6418.14 30.44
1597.2 21011.15 6439.48 30.65
1600.9 20910.91 6459.26 30.89
1604.7 20817.19 6488.10 31.17
1608.4 20751.75 6522.67 31.43
1612.1 20653.79 6536.16 31.65
1615.8 20554.46 6556.35 31.90
1619.5 20509.10 6598.58 32.17
1623.2 20415.20 6619.19 32.42
1626.9 20293.94 6631.44 32.68
1630.6 20187.64 6642.90 32.91
1634.3 20108.09 6656.75 33.10
1638.0 20016.12 6666.42 33.31
1641.7 19907.78 6675.16 33.53
1645.4 19793.59 6674.47 33.72
1649.1 19676.58 6662.04 33.86
1652.8 19573.89 6663.55 34.04
1656.4 19468.81 6648.58 34.15
1660.1 19373.12 6623.05 34.19
1663.8 19253.37 6595.91 34.26
1667.5 19154.03 6572.12 34.31
1671.1 19073.44 6547.81 34.33
1674.8 18955.63 6506.74 34.33
1678.5 18920.35 6478.16 34.24
1682.1 18926.99 6456.48 34.11
1685.8 18934.59 6430.75 33.96
1689.5 18875.64 6370.65 33.75
1693.1 18777.51 6308.94 33.60
1696.8 18693.63 6253.38 33.45
1700.4 18605.80 6183.67 33.24
1704.0 18533.22 6113.95 32.99
1707.7 18380.44 6010.60 32.70
1711.3 18186.09 5898.19 32.43
1715.0 18064.01 5805.35 32.14
1718.6 17962.81 5719.25 31.84
1722.2 17869.77 5637.13 31.55
1725.9 17778.98 5559.55 31.27
1729.5 17683.82 5495.54 31.08
1733.1 17615.86 5448.13 30.93
1736.7 17543.89 5404.95 30.81
1740.3 17426.02 5345.64 30.68
1744.0 17375.79 5297.56 30.49
1747.5 17289.32 5226.73 30.23
1751.2 17148.24 5136.35 29.95
1754.8 17043.21 5060.97 29.69
1758.4 16959.78 4984.94 29.39
1762.0 16844.84 4907.01 29.13
1765.5 16763.61 4852.06 28.94
1769.1 16735.20 4824.00 28.83
1772.7 16687.95 4791.16 28.71
1776.3 16608.65 4740.46 28.54
1779.9 16528.93 4698.03 28.42
1783.5 16504.40 4669.84 28.29
1787.0 16420.93 4625.65 28.17
1790.6 16313.97 4585.09 28.11
1794.2 16250.54 4563.73 28.08
1797.8 16183.76 4541.82 28.06
1801.3 16118.56 4524.83 28.07
1804.9 16020.38 4507.13 28.13
1808.4 15971.30 4483.92 28.07
1812.0 15882.75 4441.74 27.97
1815.5 15784.84 4417.42 27.99
1819.1 15650.89 4382.36 28.00
1822.6 15532.45 4349.20 28.00
1826.2 15446.30 4307.11 27.88
1829.7 15337.22 4256.84 27.75
1833.2 15178.78 4204.49 27.70
1836.8 15030.02 4153.24 27.63
1840.3 14950.04 4096.40 27.40
1843.8 14886.20 4016.53 26.98
1847.3 14837.06 3943.10 26.58
1850.8 14793.41 3850.56 26.03
1854.3 14722.56 3748.80 25.46
1857.8 14658.80 3676.40 25.08
1861.3 14629.20 3594.91 24.57
1864.8 14572.84 3480.88 23.89
1868.3 14425.58 3356.67 23.27
1871.8 14284.80 3233.28 22.63
1875.3 14255.61 3086.27 21.65
1878.8 14246.03 2900.25 20.36
1882.3 14193.40 2702.39 19.04
1885.8 14118.50 2545.83 18.03
1889.3 13979.52 2418.89 17.30
1892.7 13865.36 2293.19 16.54
1896.2 13804.86 2170.58 15.72
1899.7 13707.11 2107.95 15.38
1903.1 13634.54 2082.70 15.28
1906.6 13688.09 2086.11 15.24
1910.0 13884.77 2251.58 16.22
1913.5 14226.75 2477.85 17.42
1917.0 14474.60 2917.08 20.15
1920.4 14745.78 3374.43 22.88
1923.8 15062.87 3738.63 24.82
1871.2 12888.95 2048.95 15.90
1873.9 13047.08 1965.12 15.06
1876.7 13250.10 2006.99 15.15
1879.5 13307.88 1891.67 14.21
1882.3 13009.24 1705.10 13.11
1885.1 13033.44 1620.56 12.43
1887.8 13145.19 1509.14 11.48
1890.6 12997.04 1442.38 11.10
1893.4 12958.00 1364.00 10.53
1896.2 12845.61 1272.18 9.90
1898.9 12795.28 1220.43 9.54
1901.7 12697.20 1252.09 9.86
1904.5 12812.38 1264.31 9.87
1907.2 12777.50 1211.25 9.48
1910.0 12693.31 1201.89 9.47
1912.7 12674.55 1197.00 9.44
1915.5 12622.22 1196.74 9.48
1918.2 12592.16 1184.43 9.41
1921.0 12470.84 1179.35 9.46
1923.7 12502.92 1193.93 9.55
1926.5 12525.14 1182.17 9.44
1929.2 12499.59 1192.88 9.54
1932.0 12466.20 1191.32 9.56
1934.7 12450.39 1172.50 9.42
1937.4 12388.06 1175.53 9.49
1940.2 12333.29 1158.65 9.39
1942.9 12377.93 1175.37 9.50
1945.6 12406.16 1195.92 9.64
1948.3 12364.25 1176.26 9.51
1951.1 12353.04 1197.98 9.70
1953.8 12345.00 1203.00 9.74
1956.5 12249.55 1192.01 9.73
1959.2 12291.89 1198.99 9.75
1961.9 12307.40 1212.86 9.85
1964.6 12224.28 1219.75 9.98
1967.3 12284.97 1219.30 9.93
1970.0 12156.72 1237.28 10.18
1972.8 12093.19 1229.62 10.17
1975.5 12180.79 1229.20 10.09
1978.2 12109.24 1238.08 10.22
1980.9 12027.29 1250.54 10.40
1983.5 11996.88 1262.22 10.52
1986.2 11983.38 1265.85 10.56
1988.9 11983.38 1271.67 10.61
1991.6 11899.51 1274.53 10.71
1994.3 11798.84 1282.42 10.87
1997.0 11807.25 1283.08 10.87
1999.7 11770.96 1303.74 11.08
2002.3 11768.44 1317.51 11.20
2005.0 11742.55 1314.64 11.20
2007.7 11687.40 1318.67 11.28
2010.4 11651.26 1313.30 11.27
2013.0 11630.36 1317.24 11.33
2015.7 11528.64 1329.90 11.54
2018.4 11457.30 1327.56 11.59
2021.0 11452.33 1328.83 11.60
2023.7 11380.16 1348.32 11.85
2026.4 11323.00 1349.18 11.92
2029.0 11263.54 1327.11 11.78
2031.7 11193.43 1340.73 11.98
2034.3 11193.43 1368.90 12.23
2037.0 11130.51 1373.72 12.34
2039.6 11076.09 1372.91 12.40
2042.3 11047.98 1367.66 12.38
2044.9 11026.46 1354.82 12.29
2047.5 11001.21 1377.26 12.52
2050.2 10900.40 1372.00 12.59
2052.8 10894.80 1377.60 12.64
2055.4 10822.84 1384.02 12.79
2058.1 10738.00 1369.20 12.75
2060.7 10718.83 1377.94 12.86
2063.3 10653.43 1384.97 13.00
2065.9 10619.50 1387.46 13.07
2068.6 10577.63 1398.63 13.22
2071.2 10537.83 1397.79 13.26
2073.8 10490.95 1390.77 13.26
2076.4 10463.25 1400.53 13.39
2079.0 10439.15 1419.05 13.59
2081.6 10423.40 1417.92 13.60
2084.2 10414.77 1410.83 13.55
2086.8 10346.04 1414.17 13.67
2089.4 10282.92 1429.68 13.90
2092.1 10234.00 1425.17 13.93
2094.7 10195.43 1426.63 13.99
2097.2 10197.17 1430.83 14.03
2099.8 10202.45 1426.18 13.98
2102.4 10082.46 1421.67 14.10
2105.0 9986.40 1422.15 14.24
2107.6 9963.47 1421.32 14.27
2110.2 9945.83 1432.20 14.40
2112.8 9950.08 1445.98 14.53
2115.3 9950.34 1443.33 14.51
2117.9 9955.62 1453.74 14.60
2120.5 9928.49 1480.82 14.91
2123.1 9866.03 1471.28 14.91
2125.6 9842.13 1464.17 14.88
2128.2 9772.14 1477.97 15.12
2130.8 9719.78 1456.65 14.99
2133.3 9694.67 1463.73 15.10
2135.9 9628.08 1479.66 15.37
2138.4 9561.93 1464.49 15.32
2141.0 9493.76 1436.85 15.13
2143.6 9481.01 1457.04 15.37
2146.1 9385.04 1454.48 15.50
2148.7 9294.55 1433.09 15.42
2151.2 9319.20 1463.73 15.71
2153.8 9286.22 1468.72 15.82
2156.3 9196.68 1455.99 15.83
2158.8 9176.01 1473.71 16.06
2161.4 9166.37 1453.53 15.86
2163.9 9107.40 1438.79 15.80
2166.4 9056.27 1436.94 15.87
2169.0 9041.49 1445.81 15.99
2171.5 8982.35 1445.81 16.10
2174.0 8919.05 1428.00 16.01
2176.5 8910.20 1423.24 15.97
2179.1 8872.37 1436.57 16.19
2181.6 8820.83 1441.75 16.34
2184.1 8802.64 1410.64 16.03
2186.6 8815.58 1415.39 16.06
2189.1 8766.51 1444.50 16.48
2191.6 8725.27 1434.07 16.44
2194.1 8759.24 1418.35 16.19
2196.6 8743.02 1457.17 16.67
2199.2 8762.69 1461.61 16.68
2201.7 8728.52 1443.41 16.54
2204.1 8693.38 1451.34 16.69
2206.6 8724.47 1428.59 16.37
2209.1 8690.36 1411.81 16.25
2211.6 8648.75 1450.34 16.77
2214.1 8641.19 1448.44 16.76
2216.6 8629.81 1416.78 16.42
2219.1 8603.23 1435.77 16.69
2221.6 8565.00 1431.31 16.71
2224.0 8580.12 1409.70 16.43
2226.5 8553.64 1411.66 16.50
2229.0 8526.93 1381.82 16.21
2231.5 8456.64 1351.99 15.99
2233.9 8447.09 1366.16 16.17
2236.4 8434.10 1370.30 16.25
2238.9 8377.75 1379.50 16.47
2241.3 8418.52 1352.56 16.07
2243.8 8391.31 1321.47 15.75
2246.2 8272.81 1321.94 15.98
2248.7 8260.98 1315.12 15.92
2251.2 8270.85 1314.42 15.89
2253.6 8217.60 1309.44 15.93
2256.1 8198.40 1267.20 15.46
2258.5 8205.80 1252.38 15.26
2260.9 8176.22 1273.22 15.57
2263.4 8125.75 1232.11 15.16
2265.8 8124.16 1223.24 15.06
2268.3 8073.80 1216.07 15.06
2270.7 8110.40 1193.72 14.72
2273.1 8107.19 1208.03 14.90
2275.6 8037.12 1175.04 14.62
2278.0 8047.94 1156.84 14.37
2280.4 8050.71 1185.29 14.72
2282.8 7936.92 1180.86 14.88
2285.3 7936.09 1182.05 14.89
2287.7 8013.06 1183.22 14.77
2290.1 7946.20 1170.19 14.73
2292.5 7908.89 1107.17 14.00
2294.9 7966.56 1082.76 13.59
2297.3 7878.36 1083.67 13.76
2299.7 7782.17 1070.00 13.75
2302.1 7817.38 1056.72 13.52
2304.5 7722.40 1034.88 13.40
2306.9 7647.92 1042.72 13.63
2309.3 7632.91 1034.44 13.55
2311.7 7536.00 1020.50 13.54
2314.1 7439.51 984.58 13.23
2316.5 7426.90 981.06 13.21
2318.9 7433.98 1001.18 13.47
2321.3 7420.20 1022.11 13.77
2323.7 7439.58 1022.29 13.74
2326.1 7403.11 991.38 13.39
2328.4 7412.50 1033.36 13.94
2330.8 7505.15 1026.59 13.68
2333.2 7417.12 971.93 13.10
2335.6 7356.75 988.10 13.43
2337.9 7411.84 972.39 13.12
2340.3 7376.47 990.81 13.43
2342.7 7282.70 1007.14 13.83
2345.0 7270.29 968.24 13.32
2347.4 7284.50 947.75 13.01
2349.7 7133.68 926.95 12.99
2352.1 7080.04 917.70 12.96
2354.4 7143.83 911.25 12.76
2356.8 7126.82 923.77 12.96
2359.2 7067.67 927.33 13.12
2361.5 7038.06 903.21 12.83
2363.8 7031.06 882.73 12.55
2366.2 7039.27 882.67 12.54
2368.5 7035.45 898.90 12.78
2370.9 7023.13 894.67 12.74
2373.2 6987.82 899.33 12.87
2375.5 6900.63 905.00 13.11
2377.9 6892.20 888.88 12.90
2380.2 6890.83 861.35 12.50
2382.5 6864.93 854.67 12.45
2384.8 6830.08 867.68 12.70
2387.2 6784.02 815.77 12.02
2389.5 6780.31 821.57 12.12
2391.8 6787.76 860.35 12.68
2394.1 6727.26 825.31 12.27
2396.4 6676.90 837.03 12.54
2398.7 6732.64 852.54 12.66
2401.0 6690.59 835.71 12.49
2403.3 6603.48 831.66 12.59
2405.6 6572.81 804.73 12.24
2407.9 6583.14 791.58 12.02
2410.2 6542.40 822.19 12.57
2412.5 6479.13 858.80 13.25
2414.8 6475.24 811.33 12.53
2417.1 6452.08 743.28 11.52
2419.4 6434.35 745.03 11.58
2421.7 6386.85 783.24 12.26
2424.0 6345.28 792.50 12.49
2426.2 6355.80 743.65 11.70
2428.5 6327.75 713.90 11.28
2430.8 6349.25 741.20 11.67
2433.1 6300.57 735.71 11.68
2435.4 6204.86 749.73 12.08
2437.6 6227.24 783.30 12.58
2439.9 6165.27 741.18 12.02
2442.2 6149.09 665.54 10.82
2444.4 6162.60 717.92 11.65
2446.7 6079.44 735.84 12.10
2448.9 6081.55 704.68 11.59
2451.2 6103.04 709.24 11.62
2453.4 6038.72 699.09 11.58
2455.7 6026.93 717.64 11.91
2457.9 5958.48 683.76 11.48
2460.2 5949.23 647.33 10.88
2462.4 5977.92 698.88 11.69
2464.7 5891.98 706.53 11.99
2466.9 5829.36 686.94 11.78
2469.2 5872.39 654.65 11.15
2471.4 5796.90 649.94 11.21
2473.6 5737.62 716.37 12.49
2475.9 5730.24 670.56 11.70
2478.1 5663.45 621.68 10.98
2480.3 5645.91 682.24 12.08
2482.5 5682.93 693.39 12.20
2484.8 5614.17 655.35 11.67
2487.0 5547.59 607.35 10.95
2489.2 5555.75 603.07 10.85
2491.4 5471.72 637.86 11.66
2493.6 5479.00 611.39 11.16
2495.8 5550.75 617.63 11.13
2498.0 5512.53 608.00 11.03
2500.2 5509.95 640.30 11.62
2502.4 5736.48 701.52 12.23
2504.6 5803.02 694.86 11.97
2506.8 5806.03 701.40 12.08
