/*** Spectra Vista SIG Data ***/
name= \My Documents\HR1024_Data\GD2S2.
instrument= HR: 1091052
integration= 200, 60, 30, 400, 60, 30
scan time= 1, 1
scan settings= AD, AI, AD, AI
external data set1= 8224, 8224, 8224, 8224, 8224, 8224, 8224, 8224, 8224, 8224, 8224, 8224, 8224, 8224, 8224, 8224
external data set2= 8224, 8224, 8224, 8224, 8224, 8224, 8224, 8224, 8224, 8224, 8224, 8224, 8224, 8224, 8224, 8224
external data dark= 0,0,0,0,0,0,0,0
external data mask= 0
optic= LENS4 , LENS4 
temp= 32.26, 8.88, -5.37, 41.85, 8.88, -5.24
battery= 7.0, 6.5
error= 0, 0
units= Radiance, Radiance
time= 1/15/08 9:53:06 AM, 1/15/08 10:26:34 AM
longitude= , 
latitude= , 
gpstime= , 
comm= 
memory slot= 0, 0
factors= 
data= 
346.4 509.60 165.62 32.50
347.9 549.06 166.29 30.29
349.5 608.40 162.24 26.67
351.1 655.20 162.24 24.76
352.6 708.40 170.78 24.11
354.2 752.68 178.35 23.70
355.7 818.30 195.32 23.87
357.3 873.81 194.18 22.22
358.8 891.23 193.97 21.76
360.4 967.31 200.50 20.73
361.9 1009.93 208.95 20.69
363.5 1059.53 204.29 19.28
365.1 1102.67 214.99 19.50
366.6 1156.59 205.42 17.76
368.2 1218.77 208.17 17.08
369.7 1306.00 208.96 16.00
371.3 1379.56 218.95 15.87
372.8 1457.48 229.08 15.72
374.4 1528.58 226.95 14.85
375.9 1575.56 221.77 14.08
377.4 1632.76 239.06 14.64
379.0 1683.54 229.14 13.61
380.5 1741.87 232.35 13.34
382.1 1805.51 231.97 12.85
383.6 1862.60 228.22 12.25
385.2 1949.75 232.38 11.92
386.7 2036.04 242.32 11.90
388.3 2135.96 255.45 11.96
389.8 2212.47 259.40 11.72
391.3 2314.34 272.93 11.79
392.9 2392.65 284.50 11.89
394.4 2474.90 290.82 11.75
395.9 2552.82 307.72 12.05
397.5 2664.75 326.23 12.24
399.0 2774.82 330.63 11.92
400.6 2852.64 325.45 11.41
402.1 2910.24 318.63 10.95
403.6 2965.71 323.66 10.91
405.1 3036.77 329.04 10.84
406.7 3133.76 330.40 10.54
408.2 3234.33 348.60 10.78
409.7 3330.88 356.16 10.69
411.3 3437.91 375.23 10.91
412.8 3528.93 385.13 10.91
414.3 3634.54 402.61 11.08
415.8 3740.00 412.50 11.03
417.4 3868.37 427.57 11.05
418.9 3954.39 440.22 11.13
420.4 4037.85 442.42 10.96
421.9 4106.74 444.07 10.81
423.5 4196.00 462.33 11.02
425.0 4263.51 458.49 10.75
426.5 4364.50 465.48 10.67
428.0 4488.82 461.81 10.29
429.5 4615.58 472.03 10.23
431.1 4756.23 486.65 10.23
432.6 4917.76 505.62 10.28
434.1 5064.68 521.68 10.30
435.6 5199.35 533.09 10.25
437.1 5333.25 553.80 10.38
438.6 5454.84 566.90 10.39
440.1 5584.70 588.80 10.54
441.6 5717.14 610.76 10.68
443.1 5852.25 637.88 10.90
444.7 5982.11 669.93 11.20
446.2 6104.50 699.91 11.47
447.7 6213.60 733.55 11.81
449.2 6315.84 767.88 12.16
450.7 6414.72 799.76 12.47
452.2 6543.45 822.35 12.57
453.7 6682.65 853.03 12.76
455.2 6842.54 891.22 13.02
456.7 7029.44 926.64 13.18
458.2 7231.16 966.37 13.36
459.7 7428.75 1001.88 13.49
461.2 7633.63 1033.41 13.54
462.7 7815.14 1072.21 13.72
464.2 8000.76 1108.98 13.86
465.7 8191.53 1136.83 13.88
467.2 8352.58 1171.36 14.02
468.7 8552.00 1206.00 14.10
470.2 8711.17 1237.69 14.21
471.7 8854.00 1269.44 14.34
473.2 9050.37 1314.57 14.52
474.6 9252.88 1344.60 14.53
476.1 9378.88 1364.22 14.55
477.6 9464.51 1388.85 14.67
479.1 9567.20 1409.96 14.74
480.6 9658.16 1430.81 14.81
482.1 9797.74 1461.11 14.91
483.6 9963.22 1494.23 15.00
485.1 10140.49 1540.78 15.19
486.6 10356.19 1592.31 15.38
488.0 10562.50 1658.31 15.70
489.5 10784.97 1732.90 16.07
491.0 10998.86 1812.45 16.48
492.5 11224.98 1905.93 16.98
494.0 11462.99 2007.78 17.52
495.4 11663.85 2112.00 18.11
496.9 11870.36 2233.63 18.82
498.4 12074.30 2365.27 19.59
499.9 12278.41 2507.55 20.42
501.4 12476.75 2658.51 21.31
502.8 12664.51 2825.37 22.31
504.3 12846.60 3004.20 23.39
505.8 13033.73 3182.59 24.42
507.2 13172.68 3367.07 25.56
508.7 13289.99 3556.56 26.76
510.2 13412.81 3742.41 27.90
511.6 13494.72 3935.88 29.17
513.1 13630.43 4135.51 30.34
514.6 13795.53 4355.37 31.57
516.0 13946.28 4568.55 32.76
517.5 14135.83 4807.67 34.01
519.0 14365.19 5060.12 35.22
520.5 14579.60 5313.60 36.45
521.9 14828.55 5584.09 37.66
523.4 15093.49 5856.04 38.80
524.8 15349.14 6128.40 39.93
526.3 15633.70 6402.39 40.95
527.8 15915.89 6682.34 41.99
529.2 16178.21 6931.33 42.84
530.7 16455.24 7183.71 43.66
532.1 16698.15 7413.92 44.40
533.6 16994.07 7657.16 45.06
535.0 17295.55 7896.74 45.66
536.5 17581.25 8132.06 46.25
538.0 17895.84 8366.48 46.75
539.4 18160.64 8577.94 47.23
540.9 18488.86 8819.96 47.70
542.3 18738.28 9025.23 48.16
543.8 18940.29 9203.84 48.59
545.2 19020.35 9300.37 48.90
546.6 19057.19 9364.76 49.14
548.1 19121.11 9428.68 49.31
549.5 19166.91 9480.47 49.46
551.0 19217.70 9529.41 49.59
552.4 19311.21 9578.15 49.60
553.9 19371.38 9607.83 49.60
555.3 19461.20 9642.85 49.55
556.8 19596.88 9693.37 49.46
558.2 19743.75 9743.63 49.35
559.6 19902.71 9799.33 49.24
561.1 20117.50 9876.75 49.10
562.5 20332.52 9961.94 49.00
564.0 20611.34 10070.30 48.86
565.4 20865.50 10163.07 48.71
566.8 21177.73 10271.73 48.50
568.3 21463.05 10359.63 48.27
569.7 21776.78 10442.92 47.95
571.1 22080.65 10509.95 47.60
572.6 22373.82 10568.07 47.23
574.0 22675.95 10621.05 46.84
575.4 22958.44 10665.84 46.46
576.9 23231.09 10707.72 46.09
578.3 23477.03 10740.19 45.75
579.7 23721.74 10770.13 45.40
581.1 23920.49 10784.32 45.08
582.6 24132.47 10811.27 44.80
584.0 24305.80 10827.90 44.55
585.4 24549.94 10857.99 44.23
586.8 24845.17 10946.44 44.06
588.3 25201.80 11043.63 43.82
589.7 25517.70 11120.85 43.58
591.1 25735.55 11159.07 43.36
592.5 25883.00 11145.08 43.06
594.0 25998.42 11137.74 42.84
595.4 26057.54 11099.47 42.60
596.8 26115.38 11062.84 42.36
598.2 26174.55 11031.08 42.14
599.6 26202.06 10980.32 41.91
601.0 26298.70 10962.69 41.69
602.4 26372.18 10933.60 41.46
603.9 26501.77 10911.53 41.17
605.3 26625.41 10890.52 40.90
606.7 26749.80 10848.60 40.56
608.1 26941.18 10833.08 40.21
609.5 27151.69 10821.29 39.85
610.9 27387.74 10827.73 39.53
612.3 27589.20 10811.58 39.19
613.7 27871.80 10819.90 38.82
615.1 28061.64 10783.53 38.43
616.5 28235.16 10751.90 38.08
617.9 28534.12 10792.84 37.82
619.3 28808.15 10838.57 37.62
620.7 29149.14 10934.36 37.51
622.1 29527.66 10946.73 37.07
623.5 29951.83 10936.80 36.51
624.9 30436.35 10965.28 36.03
626.3 30757.12 10970.37 35.67
627.7 30461.43 10825.19 35.54
629.1 30188.34 10749.06 35.61
630.5 30083.03 10733.63 35.68
631.9 30076.12 10765.60 35.79
633.3 30078.24 10783.02 35.85
634.7 30183.54 10816.41 35.84
636.1 30268.81 10773.14 35.59
637.5 30374.19 10707.59 35.25
638.9 30520.15 10650.84 34.90
640.2 30643.60 10559.12 34.46
641.6 30733.56 10420.02 33.90
643.0 30777.50 10241.81 33.28
644.4 30869.16 10082.95 32.66
645.8 30855.38 9899.55 32.08
647.2 31023.20 9798.49 31.58
648.5 31185.15 9683.18 31.05
649.9 31117.13 9527.80 30.62
651.3 31099.80 9398.03 30.22
652.7 31059.00 9248.85 29.78
654.1 30961.56 8919.96 28.81
655.5 30829.51 8552.51 27.74
656.8 30685.81 8192.34 26.70
658.2 30861.69 7950.56 25.76
659.6 31181.89 7752.57 24.86
660.9 31452.29 7530.21 23.94
662.3 31767.46 7305.65 23.00
663.7 32102.70 7080.15 22.05
665.0 32334.98 6852.47 21.19
666.4 32575.38 6646.20 20.40
667.8 32873.84 6486.61 19.73
669.1 33084.01 6335.41 19.15
670.5 33327.47 6233.71 18.70
671.9 33513.12 6143.46 18.33
673.2 33742.50 6111.48 18.11
674.6 33950.66 6106.43 17.99
676.0 34219.05 6158.43 18.00
677.3 34494.18 6245.20 18.11
678.7 34767.13 6396.25 18.40
680.0 35103.31 6637.89 18.91
681.4 35420.13 6975.15 19.69
682.8 35763.00 7432.43 20.78
684.1 36073.44 8034.39 22.27
685.5 36318.59 8773.93 24.16
686.8 36607.26 9665.34 26.40
688.2 36844.31 10690.68 29.02
689.5 36898.97 11778.15 31.92
690.9 36950.15 12941.33 35.02
692.2 37008.15 14155.05 38.25
693.6 37024.93 15403.82 41.60
694.9 37005.38 16606.59 44.88
696.2 37027.13 17789.06 48.04
697.6 37047.86 18924.95 51.08
698.9 37049.76 20021.76 54.04
700.3 37075.62 21059.63 56.80
701.6 37124.24 22029.43 59.34
703.0 37178.40 22920.21 61.65
704.3 37172.20 23691.20 63.73
705.6 37157.22 24395.76 65.66
707.0 37168.46 25053.21 67.40
708.3 37076.04 25566.59 68.96
709.6 36967.81 26036.90 70.43
711.0 36867.73 26426.16 71.68
712.3 36770.31 26778.98 72.83
713.6 36755.88 27150.90 73.87
714.9 36684.64 27456.45 74.84
716.3 36701.44 27792.71 75.73
717.6 36734.04 28117.92 76.54
718.9 36680.73 28337.34 77.25
720.2 36496.25 28439.99 77.93
721.6 36394.28 28553.01 78.45
722.9 36240.12 28641.34 79.03
724.2 36067.30 28644.25 79.42
725.5 35963.70 28700.58 79.80
726.8 35833.96 28704.56 80.10
728.1 35810.80 28755.50 80.30
729.5 35779.10 28782.27 80.44
730.8 35779.13 28821.77 80.55
732.1 35704.25 28834.40 80.76
733.4 35690.92 28875.81 80.91
734.7 35685.89 28877.70 80.92
736.0 35729.66 28945.90 81.01
737.3 35717.44 28961.34 81.08
738.6 35830.21 29095.51 81.20
739.9 36014.88 29311.90 81.39
741.2 36161.58 29473.08 81.50
742.5 36363.94 29752.69 81.82
743.8 36737.66 30172.93 82.13
745.1 37309.08 30761.72 82.45
746.4 37926.98 31408.88 82.81
747.7 38536.99 32061.63 83.20
749.0 39118.92 32672.82 83.52
750.3 39493.02 32978.02 83.50
751.6 39440.80 32899.35 83.41
752.9 39084.79 32600.54 83.41
754.2 38731.25 32268.44 83.31
755.4 38386.91 31934.54 83.19
756.7 38244.09 31869.05 83.33
758.0 38261.36 31965.23 83.54
759.3 38489.95 32230.25 83.74
760.6 38786.44 32591.02 84.03
761.9 39062.28 32927.04 84.29
763.1 39197.21 33122.18 84.50
764.4 39371.54 33346.03 84.70
765.7 39490.75 33512.38 84.86
767.0 39577.16 33647.52 85.02
768.2 39644.64 33786.48 85.22
769.5 39697.68 33891.35 85.37
770.8 39836.32 34071.04 85.53
772.0 39856.44 34124.17 85.62
773.3 39898.95 34220.75 85.77
774.6 39978.84 34347.06 85.91
775.8 40054.79 34437.33 85.98
777.1 40085.96 34496.28 86.06
778.4 40059.57 34453.62 86.01
779.6 39999.54 34483.79 86.21
780.9 39948.00 34456.00 86.25
782.1 39837.20 34373.94 86.29
783.4 39802.88 34399.04 86.42
784.6 39851.08 34456.14 86.46
785.9 40095.40 34770.16 86.72
787.1 40531.58 35299.19 87.09
788.4 40834.19 35648.00 87.30
789.6 40796.10 35493.16 87.00
790.9 40479.11 35052.62 86.59
792.1 40128.24 34711.44 86.50
793.4 39739.41 34367.02 86.48
794.6 39507.48 34114.53 86.35
795.8 39314.07 33923.57 86.29
797.1 39097.95 33754.35 86.33
798.3 38940.83 33622.88 86.34
799.5 38821.14 33554.69 86.43
800.8 38733.05 33461.12 86.39
802.0 38591.76 33380.20 86.50
803.2 38469.72 33258.16 86.45
804.5 38377.94 33183.84 86.47
805.7 38264.87 33093.39 86.49
806.9 38181.95 33000.83 86.43
808.1 38074.65 32948.96 86.54
809.4 38033.33 32930.91 86.58
810.6 37951.55 32866.93 86.60
811.8 37942.61 32867.13 86.62
813.0 37965.80 32906.77 86.67
814.2 37975.49 32945.76 86.76
815.4 38039.93 33014.99 86.79
816.6 38032.65 33058.28 86.92
817.9 38050.16 33058.42 86.88
819.1 37997.24 32978.43 86.79
820.3 37865.18 32832.14 86.71
821.5 37787.61 32739.64 86.64
822.7 37714.41 32689.51 86.68
823.9 37704.87 32665.04 86.63
825.1 37688.07 32622.91 86.56
826.3 37716.38 32615.15 86.47
827.5 37726.06 32605.58 86.43
828.7 37779.60 32599.44 86.29
829.9 37796.29 32585.92 86.21
831.0 37849.02 32603.82 86.14
832.2 37913.75 32648.72 86.11
833.4 37950.44 32672.18 86.09
834.6 37978.13 32737.50 86.20
835.8 38031.53 32777.33 86.18
837.0 38073.26 32867.15 86.33
838.1 38178.69 32968.56 86.35
839.3 38239.24 33052.69 86.44
840.5 38296.24 33141.93 86.54
841.7 38381.58 33281.69 86.71
842.9 38485.06 33437.92 86.89
844.0 38543.94 33535.85 87.01
845.2 38626.85 33674.29 87.18
846.4 38724.98 33782.28 87.24
847.5 38888.12 33967.34 87.35
848.7 39002.30 34115.08 87.47
849.9 39141.74 34247.59 87.50
851.0 39173.78 34265.41 87.47
852.2 39245.07 34288.64 87.37
853.3 39202.67 34261.48 87.40
854.5 39188.19 34254.49 87.41
855.6 39170.88 34253.42 87.45
856.8 39193.80 34313.57 87.55
857.9 39192.81 34314.40 87.55
859.1 39326.60 34419.30 87.52
860.2 39300.24 34433.24 87.62
861.4 39344.78 34460.91 87.59
862.5 39384.29 34486.28 87.56
863.7 39467.66 34561.24 87.57
864.8 39454.45 34553.40 87.58
865.9 39398.65 34526.96 87.63
867.1 39448.45 34542.21 87.56
868.2 39441.53 34553.93 87.61
869.3 39465.67 34562.45 87.58
870.5 39438.89 34517.97 87.52
871.6 39473.54 34516.67 87.44
872.7 39541.37 34560.94 87.40
873.9 39548.50 34579.70 87.44
875.0 39546.05 34519.33 87.29
876.1 39583.15 34514.90 87.20
877.2 39616.79 34517.83 87.13
878.3 39601.98 34480.49 87.07
879.4 39662.11 34479.08 86.93
880.5 39702.60 34502.76 86.90
881.7 39698.10 34416.85 86.70
882.8 39775.46 34434.16 86.57
883.9 39785.32 34395.08 86.45
885.0 39766.55 34283.34 86.21
886.1 39735.85 34188.40 86.04
887.2 39664.66 34016.24 85.76
888.3 39567.00 33879.24 85.63
889.4 39535.02 33781.11 85.45
890.5 39459.91 33678.70 85.35
891.6 39428.33 33572.72 85.15
892.7 39429.01 33534.56 85.05
893.8 39492.50 33537.28 84.92
894.9 39505.51 33511.67 84.83
896.0 39527.49 33451.99 84.63
897.0 39487.40 33421.65 84.64
898.1 39490.45 33379.28 84.52
899.2 39536.22 33348.47 84.35
900.3 39503.73 33249.99 84.17
901.4 39454.09 33161.23 84.05
902.4 39461.49 33135.53 83.97
903.5 39418.10 33038.56 83.82
904.6 39431.18 33015.26 83.73
905.7 39454.64 32978.02 83.58
906.7 39397.52 32937.25 83.60
907.8 39514.80 32919.32 83.31
908.9 39443.33 32796.56 83.15
909.9 39411.21 32719.02 83.02
911.0 39357.50 32619.75 82.88
912.1 39280.99 32514.51 82.77
913.1 39233.48 32411.34 82.61
914.2 39173.92 32244.52 82.31
915.2 39170.79 32132.84 82.03
916.3 39094.50 32124.83 82.17
917.3 39076.47 31999.67 81.89
918.4 39031.30 31857.93 81.62
919.4 39022.48 31746.76 81.36
920.5 39026.74 31661.45 81.13
921.5 39018.63 31555.97 80.87
922.6 38959.72 31376.32 80.54
923.6 39026.05 31331.52 80.28
924.7 39022.50 31244.88 80.07
925.7 39030.84 31113.90 79.72
926.7 39009.32 30995.74 79.46
927.8 39032.57 30875.85 79.10
928.8 39142.62 30822.86 78.74
929.9 39330.10 30755.25 78.20
930.9 39447.46 30781.58 78.03
931.9 39602.61 30734.11 77.61
932.9 39864.58 30849.39 77.39
934.0 39909.81 30717.43 76.97
935.0 39942.68 30599.15 76.61
936.0 39929.50 30412.04 76.16
937.0 39883.94 30231.14 75.80
938.1 39848.52 30089.46 75.51
939.1 39753.89 29893.53 75.20
940.1 39867.76 29821.91 74.80
941.1 39995.43 29827.41 74.58
942.1 40229.45 29806.54 74.09
943.1 40393.76 29759.49 73.67
944.1 40552.56 29777.97 73.43
945.2 40570.32 29613.99 72.99
946.2 40685.67 29505.03 72.52
947.2 40740.25 29358.13 72.06
948.2 40874.09 29227.83 71.51
949.2 40954.06 29116.75 71.10
950.2 41026.00 28950.03 70.57
951.2 41012.16 28824.18 70.28
952.2 41170.94 28648.23 69.58
953.2 41257.13 28547.27 69.19
954.2 41395.95 28469.14 68.77
955.2 41401.94 28313.09 68.39
956.2 41391.82 28132.04 67.97
957.2 41524.97 28010.59 67.45
958.2 41486.28 27910.29 67.28
959.2 41625.00 27905.40 67.04
960.1 41647.94 27836.21 66.84
961.1 41725.78 27852.00 66.75
962.1 41752.50 27796.41 66.57
963.1 41720.60 27765.09 66.55
964.1 41837.60 27745.43 66.32
965.1 41932.95 27805.03 66.31
966.1 41961.44 27856.26 66.39
967.0 42058.17 27887.06 66.31
968.0 42094.69 27844.86 66.15
969.0 42115.20 27937.70 66.34
970.0 42092.26 27899.64 66.28
971.0 42266.18 27934.41 66.09
971.9 42275.33 27939.50 66.09
972.9 42388.85 27968.28 65.98
973.9 42492.13 27972.91 65.83
974.9 42580.28 28009.80 65.78
975.8 42630.52 28013.53 65.71
976.8 42806.43 28077.66 65.59
977.8 42848.34 28177.96 65.76
978.8 42868.95 28159.35 65.69
979.7 43050.58 28199.23 65.50
980.7 43264.32 28352.45 65.53
981.7 43347.07 28629.93 66.05
982.6 43545.07 28685.98 65.88
983.6 44003.55 29210.64 66.38
984.6 44377.46 29192.52 65.78
985.5 44900.28 29944.98 66.69
986.5 45688.01 30590.42 66.96
987.5 46285.78 31162.70 67.33
988.4 47161.40 31636.55 67.08
989.4 47812.76 32395.33 67.75
990.4 48753.98 33354.15 68.41
991.3 50274.64 33828.87 67.29
992.3 50864.45 34822.59 68.46
993.2 51610.85 36351.99 70.43
994.2 53891.66 36560.31 67.84
995.2 55394.96 37069.86 66.92
996.1 55625.12 37592.80 67.58
997.1 56348.70 37620.08 66.76
998.0 54473.40 38028.60 69.81
999.0 55283.87 37939.91 68.63
1000.0 55127.21 37501.50 68.03
1000.9 55875.58 37184.81 66.55
1001.9 56355.47 38921.76 69.06
1002.8 54776.67 38050.97 69.47
1003.8 57170.04 37749.68 66.03
1004.8 54763.20 37877.88 69.17
961.5 49984.08 30164.47 60.35
965.5 48959.90 29768.30 60.80
969.5 47367.08 28935.81 61.09
973.4 45664.01 28218.83 61.80
977.4 44063.24 27524.76 62.47
981.4 43484.76 27319.07 62.82
985.3 43466.28 27404.08 63.05
989.3 43739.41 27636.29 63.18
993.3 44088.36 27925.62 63.34
997.2 44246.85 28167.73 63.66
1001.2 44240.69 28393.69 64.18
1005.2 44147.66 28643.81 64.88
1009.1 44170.72 29027.01 65.72
1013.1 44298.35 29498.18 66.59
1017.1 44409.64 29951.36 67.44
1021.0 44418.65 30305.84 68.23
1025.0 44431.92 30662.42 69.01
1029.0 44310.95 30925.07 69.79
1032.9 44196.36 31180.50 70.55
1036.9 44214.81 31530.41 71.31
1040.9 44317.48 31943.75 72.08
1044.8 44471.57 32406.07 72.87
1048.8 44586.22 32817.07 73.60
1052.7 44660.98 33167.77 74.27
1056.7 44664.90 33412.13 74.81
1060.7 44652.74 33596.14 75.24
1064.6 44643.90 33745.22 75.59
1068.6 44545.19 33768.42 75.81
1072.5 44448.63 33732.77 75.89
1076.5 44390.31 33691.94 75.90
1080.4 44363.13 33626.00 75.80
1084.4 44428.99 33562.60 75.54
1088.3 44526.89 33483.51 75.20
1092.3 44515.11 33251.49 74.70
1096.2 44485.25 33005.05 74.19
1100.2 44489.30 32818.82 73.77
1104.1 44387.15 32498.17 73.22
1108.1 44344.78 32206.66 72.63
1112.0 44255.25 31863.78 72.00
1116.0 44078.91 31402.80 71.24
1119.9 43920.46 30896.15 70.35
1123.9 43980.05 30421.27 69.17
1127.8 43933.44 29713.92 67.63
1131.8 43891.20 28773.12 65.56
1135.7 43904.71 27672.54 63.03
1139.6 43873.24 26480.14 60.36
1143.6 43814.30 25324.73 57.80
1147.5 43764.96 24348.01 55.63
1151.4 43600.54 23527.74 53.96
1155.4 43567.43 23020.84 52.84
1159.3 43548.37 22721.36 52.18
1163.2 43379.84 22434.02 51.72
1167.2 43333.14 22294.92 51.45
1171.1 43320.14 22207.00 51.26
1175.0 43247.45 22102.09 51.11
1179.0 43203.54 22006.14 50.94
1182.9 43281.26 21964.46 50.75
1186.8 43262.79 21896.26 50.61
1190.7 43059.97 21728.40 50.46
1194.7 42822.73 21564.35 50.36
1198.6 42602.18 21451.82 50.35
1202.5 42456.57 21387.17 50.37
1206.4 42335.53 21374.05 50.49
1210.3 42230.32 21393.24 50.66
1214.2 42126.94 21413.74 50.83
1218.2 41984.08 21450.34 51.09
1222.1 41854.50 21506.93 51.38
1226.0 41760.57 21578.71 51.67
1229.9 41673.90 21649.44 51.95
1233.8 41576.55 21704.09 52.20
1237.7 41528.30 21762.47 52.40
1241.6 41457.25 21809.50 52.61
1245.5 41309.15 21814.64 52.81
1249.4 41175.26 21821.57 53.00
1253.3 41058.30 21825.12 53.16
1257.2 40978.33 21840.00 53.30
1261.1 40873.57 21835.01 53.42
1265.0 40757.89 21785.44 53.45
1268.9 40587.74 21675.30 53.40
1272.8 40626.75 21662.85 53.32
1276.7 40780.33 21692.21 53.19
1280.6 40842.56 21635.35 52.97
1284.5 40748.73 21471.51 52.69
1288.4 40697.88 21304.56 52.35
1292.3 40562.50 21062.25 51.93
1296.2 40411.46 20764.81 51.38
1300.1 40239.63 20422.43 50.75
1303.9 40009.73 20023.37 50.05
1307.8 39785.54 19587.05 49.23
1311.7 39554.21 19116.40 48.33
1315.6 39326.35 18623.14 47.36
1319.5 39086.11 18097.50 46.30
1323.3 38870.69 17562.47 45.18
1327.2 38681.53 17033.86 44.04
1331.1 38474.56 16487.68 42.85
1335.0 38203.08 15927.16 41.69
1338.8 38009.09 15438.75 40.62
1342.7 37876.27 15000.02 39.60
1346.5 37598.34 14507.47 38.59
1350.4 37400.07 14055.26 37.58
1354.3 37094.65 13595.87 36.65
1358.1 36731.71 13131.71 35.75
1362.0 36487.36 12727.26 34.88
1365.8 36370.47 12369.00 34.01
1369.7 36432.94 12028.49 33.02
1373.5 36366.82 11531.19 31.71
1377.4 36166.21 10849.35 30.00
1381.2 35990.96 10073.75 27.99
1385.1 35936.27 9295.24 25.87
1389.0 35813.45 8523.86 23.80
1392.8 35598.92 7744.72 21.76
1396.6 35460.61 7032.43 19.83
1400.5 35253.63 6426.00 18.23
1404.3 35072.57 5933.77 16.92
1408.2 35016.72 5556.04 15.87
1412.0 34945.02 5266.88 15.07
1415.8 34962.39 5058.05 14.47
1419.6 34891.95 4883.12 13.99
1423.5 34842.23 4752.39 13.64
1427.3 34796.45 4659.63 13.39
1431.1 34758.75 4594.20 13.22
1434.9 34669.05 4533.65 13.08
1438.8 34606.94 4491.10 12.98
1442.6 34573.84 4463.67 12.91
1446.4 34441.31 4437.13 12.88
1450.2 34332.12 4421.35 12.88
1454.0 34220.52 4404.96 12.87
1457.8 34188.19 4420.99 12.93
1461.6 34155.00 4453.81 13.04
1465.4 34045.70 4478.86 13.16
1469.2 33870.20 4511.33 13.32
1473.0 33726.92 4572.22 13.56
1476.8 33664.28 4660.79 13.84
1480.7 33601.58 4767.67 14.19
1484.4 33488.64 4879.20 14.57
1488.2 33386.04 5013.72 15.02
1492.0 33257.25 5146.06 15.47
1495.8 33142.20 5275.73 15.92
1499.6 33034.11 5389.84 16.32
1503.4 32933.47 5459.17 16.58
1507.2 32852.74 5512.14 16.78
1510.9 32722.34 5569.31 17.02
1514.7 32573.11 5649.45 17.34
1518.5 32453.90 5760.42 17.75
1522.3 32317.90 5870.38 18.16
1526.0 32200.64 5971.55 18.54
1529.8 32127.61 6095.71 18.97
1533.6 32011.66 6216.39 19.42
1537.3 31894.88 6317.03 19.81
1541.1 31782.08 6420.82 20.20
1544.8 31651.20 6530.40 20.63
1548.6 31528.46 6627.83 21.02
1552.4 31450.00 6724.09 21.38
1556.1 31366.15 6808.25 21.71
1559.9 31270.43 6877.96 22.00
1563.6 31150.17 6963.94 22.36
1567.3 31046.10 7067.23 22.76
1571.1 30855.35 7142.51 23.15
1574.8 30723.08 7230.22 23.53
1578.6 30633.26 7312.06 23.87
1582.3 30519.48 7372.45 24.16
1586.0 30400.45 7425.20 24.42
1589.8 30269.89 7463.41 24.66
1593.5 30123.48 7511.05 24.93
1597.2 29998.09 7560.75 25.20
1600.9 29883.71 7595.88 25.42
1604.7 29753.95 7634.33 25.66
1608.4 29639.51 7682.36 25.92
1612.1 29489.62 7708.82 26.14
1615.8 29365.23 7742.51 26.37
1619.5 29298.37 7798.76 26.62
1623.2 29161.12 7814.12 26.80
1626.9 29003.45 7832.75 27.01
1630.6 28846.40 7855.32 27.23
1634.3 28721.00 7868.17 27.40
1638.0 28599.28 7862.27 27.49
1641.7 28456.49 7849.74 27.59
1645.4 28299.47 7835.56 27.69
1649.1 28138.66 7797.78 27.71
1652.8 28008.70 7771.78 27.75
1656.4 27859.80 7741.72 27.79
1660.1 27720.43 7702.48 27.79
1663.8 27551.22 7659.92 27.80
1667.5 27406.07 7640.52 27.88
1671.1 27282.14 7608.35 27.89
1674.8 27100.13 7547.26 27.85
1678.5 27060.12 7522.80 27.80
1682.1 27085.37 7495.88 27.68
1685.8 27087.74 7463.72 27.55
1689.5 26985.46 7398.55 27.42
1693.1 26859.21 7323.30 27.27
1696.8 26718.75 7255.63 27.16
1700.4 26575.97 7172.20 26.99
1704.0 26457.91 7087.50 26.79
1707.7 26210.69 6958.63 26.55
1711.3 25940.59 6823.96 26.31
1715.0 25755.85 6713.93 26.07
1718.6 25603.66 6610.56 25.82
1722.2 25471.82 6513.64 25.57
1725.9 25346.15 6416.17 25.31
1729.5 25225.17 6324.92 25.07
1733.1 25122.33 6256.59 24.90
1736.7 25028.77 6208.61 24.81
1740.3 24869.68 6133.60 24.66
1744.0 24796.20 6064.28 24.46
1747.5 24670.34 5975.11 24.22
1751.2 24460.97 5865.00 23.98
1754.8 24300.77 5757.39 23.69
1758.4 24168.99 5652.46 23.39
1762.0 24004.67 5566.37 23.19
1765.5 23878.06 5497.09 23.02
1769.1 23824.80 5452.80 22.89
1772.7 23745.17 5413.36 22.80
1776.3 23631.64 5361.64 22.69
1779.9 23517.13 5306.13 22.56
1783.5 23453.36 5272.48 22.48
1787.0 23338.16 5225.41 22.39
1790.6 23194.11 5185.22 22.36
1794.2 23099.94 5161.76 22.35
1797.8 23019.59 5137.13 22.32
1801.3 22943.45 5119.31 22.31
1804.9 22821.75 5095.13 22.33
1808.4 22758.56 5081.78 22.33
1812.0 22651.25 5058.05 22.33
1815.5 22537.46 5026.24 22.30
1819.1 22377.91 4984.87 22.28
1822.6 22230.86 4949.49 22.26
1826.2 22108.08 4908.99 22.20
1829.7 21962.63 4860.24 22.13
1833.2 21769.52 4806.46 22.08
1836.8 21568.82 4739.28 21.97
1840.3 21408.35 4687.70 21.90
1843.8 21283.15 4654.51 21.87
1847.3 21175.36 4625.35 21.84
1850.8 21026.88 4584.38 21.80
1854.3 20829.70 4512.19 21.66
1857.8 20716.80 4399.20 21.23
1861.3 20743.52 4218.82 20.34
1864.8 20771.48 3976.24 19.14
1868.3 20668.83 3665.16 17.73
1871.8 20505.60 3317.76 16.18
1875.3 20412.67 3032.12 14.85
1878.8 20386.82 2784.24 13.66
1882.3 20318.80 2545.73 12.53
1885.8 20165.84 2328.99 11.55
1889.3 19976.70 2135.30 10.69
1892.7 19815.25 2001.00 10.10
1896.2 19650.94 1929.40 9.82
1899.7 19441.16 1889.51 9.72
1903.1 19313.45 1927.46 9.98
1906.6 19304.54 2021.92 10.47
1910.0 19451.18 2251.58 11.58
1913.5 19794.95 2589.21 13.08
1917.0 20308.75 3064.78 15.09
1920.4 20662.58 3559.33 17.23
1923.8 20806.27 3901.18 18.75
1871.2 18887.00 2461.03 13.03
1873.9 18953.16 2330.22 12.29
1876.7 18991.47 2216.67 11.67
1879.5 19143.67 2061.92 10.77
1882.3 18900.39 1840.42 9.74
1885.1 18757.12 1637.80 8.73
1887.8 18909.61 1517.39 8.02
1890.6 18719.80 1356.62 7.25
1893.4 18700.00 1268.67 6.78
1896.2 18690.78 1224.05 6.55
1898.9 18634.09 1136.93 6.10
1901.7 18493.24 1105.13 5.98
1904.5 18663.12 1089.74 5.84
1907.2 18605.75 1030.75 5.54
1910.0 18464.96 994.37 5.39
1912.7 18451.36 1004.84 5.45
1915.5 18338.72 967.18 5.27
1918.2 18231.61 912.48 5.00
1921.0 18078.76 928.35 5.14
1923.7 18082.37 943.81 5.22
1926.5 18028.91 918.38 5.09
1929.2 17989.40 926.73 5.15
1932.0 17961.44 938.52 5.23
1934.7 17922.05 928.62 5.18
1937.4 17800.47 927.40 5.21
1940.2 17730.06 940.44 5.30
1942.9 17801.07 971.36 5.46
1945.6 17808.94 975.46 5.48
1948.3 17731.12 992.75 5.60
1951.1 17698.80 990.29 5.60
1953.8 17700.00 999.00 5.64
1956.5 17568.67 1003.33 5.71
1959.2 17632.03 1007.63 5.71
1961.9 17647.56 1045.98 5.93
1964.6 17543.58 1050.18 5.99
1967.3 17598.27 1079.87 6.14
1970.0 17419.60 1115.92 6.41
1972.8 17335.24 1132.54 6.53
1975.5 17419.52 1135.55 6.52
1978.2 17336.04 1147.56 6.62
1980.9 17221.82 1160.17 6.74
1983.5 17185.34 1189.51 6.92
1986.2 17183.55 1219.29 7.10
1988.9 17157.36 1225.11 7.14
1991.6 17017.92 1228.19 7.22
1994.3 16893.86 1244.87 7.37
1997.0 16913.63 1280.20 7.57
1999.7 16876.79 1295.12 7.67
2002.3 16857.27 1306.01 7.75
2005.0 16785.35 1326.14 7.90
2007.7 16706.93 1344.47 8.05
2010.4 16656.07 1358.98 8.16
2013.0 16600.58 1351.38 8.14
2015.7 16495.88 1358.32 8.23
2018.4 16401.61 1387.13 8.46
2021.0 16371.00 1394.00 8.52
2023.7 16264.64 1424.64 8.76
2026.4 16195.83 1444.95 8.92
2029.0 16138.97 1431.14 8.87
2031.7 16029.65 1444.95 9.01
2034.3 16012.75 1473.12 9.20
2037.0 15932.90 1497.58 9.40
2039.6 15864.39 1516.39 9.56
2042.3 15822.15 1494.03 9.44
2044.9 15747.27 1495.07 9.49
2047.5 15719.22 1531.53 9.74
2050.2 15638.00 1542.80 9.87
2052.8 15596.00 1540.00 9.87
2055.4 15487.61 1554.93 10.04
2058.1 15363.60 1573.60 10.24
2060.7 15311.01 1576.38 10.30
2063.3 15243.07 1588.40 10.42
2065.9 15200.63 1621.96 10.67
2068.6 15142.00 1605.21 10.60
2071.2 15102.27 1598.67 10.59
2073.8 15013.06 1642.62 10.94
2076.4 14939.89 1644.71 11.01
2079.0 14937.96 1629.80 10.91
2081.6 14955.68 1671.12 11.17
2084.2 14929.44 1673.25 11.21
2086.8 14795.01 1663.06 11.24
2089.4 14708.12 1699.16 11.55
2092.1 14645.50 1694.33 11.57
2094.7 14574.18 1692.18 11.61
2097.2 14543.50 1711.33 11.77
2099.8 14569.24 1719.39 11.80
2102.4 14455.51 1711.69 11.84
2105.0 14315.55 1724.25 12.04
2107.6 14281.54 1743.18 12.21
2110.2 14245.28 1770.36 12.43
2112.8 14225.04 1775.27 12.48
2115.3 14222.61 1760.87 12.38
2117.9 14223.97 1810.64 12.73
2120.5 14225.20 1821.88 12.81
2123.1 14136.53 1795.95 12.70
2125.6 14079.43 1833.14 13.02
2128.2 14012.88 1817.46 12.97
2130.8 13940.55 1793.03 12.86
2133.3 13889.33 1824.53 13.14
2135.9 13802.30 1838.54 13.32
2138.4 13704.95 1841.67 13.44
2141.0 13601.55 1830.58 13.46
2143.6 13585.34 1838.16 13.53
2146.1 13439.94 1818.83 13.53
2148.7 13282.54 1803.11 13.58
2151.2 13302.67 1845.07 13.87
2153.8 13324.47 1863.13 13.98
2156.3 13227.98 1828.11 13.82
2158.8 13160.05 1819.25 13.82
2161.4 13128.93 1825.02 13.90
2163.9 13034.58 1822.07 13.98
2166.4 12973.85 1824.26 14.06
2169.0 12959.07 1815.39 14.01
2171.5 12876.28 1830.18 14.21
2174.0 12786.55 1835.58 14.36
2176.5 12767.30 1814.93 14.22
2179.1 12718.27 1803.99 14.18
2181.6 12644.21 1825.00 14.43
2184.1 12612.60 1804.88 14.31
2186.6 12631.79 1801.40 14.26
2189.1 12551.10 1823.28 14.53
2191.6 12501.53 1803.20 14.42
2194.1 12512.72 1806.99 14.44
2196.6 12513.32 1807.03 14.44
2199.2 12564.98 1796.49 14.30
2201.7 12503.60 1815.91 14.52
2204.1 12450.01 1821.51 14.63
2206.6 12458.20 1782.94 14.31
2209.1 12429.94 1786.52 14.37
2211.6 12413.54 1808.17 14.57
2214.1 12385.83 1809.59 14.61
2216.6 12340.79 1800.41 14.59
2219.1 12355.98 1781.42 14.42
2221.6 12303.15 1789.13 14.54
2224.0 12230.10 1764.03 14.42
2226.5 12198.83 1754.11 14.38
2229.0 12234.63 1758.68 14.37
2231.5 12152.59 1704.35 14.02
2233.9 12137.64 1724.05 14.20
2236.4 12131.98 1698.40 14.00
2238.9 12024.13 1635.25 13.60
2241.3 12068.10 1663.49 13.78
2243.8 12017.57 1644.06 13.68
2246.2 11870.35 1604.94 13.52
2248.7 11882.39 1585.09 13.34
2251.2 11860.53 1587.30 13.38
2253.6 11784.96 1555.20 13.20
2256.1 11773.44 1505.28 12.79
2258.5 11793.92 1479.04 12.54
2260.9 11696.75 1480.31 12.66
2263.4 11668.53 1473.92 12.63
2265.8 11678.48 1434.81 12.29
2268.3 11583.48 1408.49 12.16
2270.7 11653.18 1408.67 12.09
2273.1 11608.55 1388.27 11.96
2275.6 11523.84 1390.08 12.06
2278.0 11553.06 1375.91 11.91
2280.4 11529.61 1346.92 11.68
2282.8 11402.06 1331.85 11.68
2285.3 11435.59 1341.48 11.73
2287.7 11531.47 1315.99 11.41
2290.1 11440.95 1296.69 11.33
2292.5 11408.96 1313.52 11.51
2294.9 11404.51 1244.78 10.91
2297.3 11303.39 1237.92 10.95
2299.7 11233.01 1208.19 10.76
2302.1 11231.11 1143.15 10.18
2304.5 11113.20 1172.08 10.55
2306.9 10995.60 1140.72 10.37
2309.3 10932.15 1073.62 9.82
2311.7 10856.55 1083.30 9.98
2314.1 10708.33 1075.17 10.04
2316.5 10641.94 1083.50 10.18
2318.9 10674.03 1103.67 10.34
2321.3 10672.73 1121.15 10.50
2323.7 10642.23 1142.09 10.73
2326.1 10606.96 1124.37 10.60
2328.4 10691.58 1074.04 10.05
2330.8 10736.25 1075.67 10.02
2333.2 10617.06 1083.12 10.20
2335.6 10582.60 1046.22 9.89
2337.9 10642.00 1039.16 9.76
2340.3 10592.40 1024.39 9.67
2342.7 10507.23 985.98 9.38
2345.0 10502.01 963.99 9.18
2347.4 10493.25 960.50 9.15
2349.7 10277.63 948.31 9.23
2352.1 10236.25 913.42 8.92
2354.4 10290.21 894.05 8.69
2356.8 10243.45 915.13 8.93
2359.2 10187.67 897.00 8.80
2361.5 10122.93 898.85 8.88
2363.8 10144.75 935.43 9.22
2366.2 10159.49 891.49 8.77
2368.5 10097.05 863.30 8.55
2370.9 10118.68 858.88 8.49
2373.2 10072.53 831.88 8.26
2375.5 9932.38 855.23 8.61
2377.9 9918.93 875.20 8.82
2380.2 9923.89 861.35 8.68
2382.5 9856.28 817.91 8.30
2384.8 9822.88 812.00 8.27
2387.2 9807.99 834.52 8.51
2389.5 9759.69 807.41 8.27
2391.8 9772.85 831.83 8.51
2394.1 9716.63 772.53 7.95
2396.4 9652.48 740.27 7.67
2398.7 9714.10 769.72 7.92
2401.0 9598.25 741.75 7.73
2403.3 9511.80 742.02 7.80
2405.6 9521.83 749.75 7.87
2407.9 9458.88 746.49 7.89
2410.2 9400.00 706.88 7.52
2412.5 9350.27 686.03 7.34
2414.8 9330.30 677.82 7.26
2417.1 9280.68 696.83 7.51
2419.4 9294.64 718.98 7.74
2421.7 9214.94 704.39 7.64
2424.0 9156.02 639.28 6.98
2426.2 9223.40 652.70 7.08
2428.5 9129.27 692.27 7.58
2430.8 9112.40 637.65 7.00
2433.1 9071.93 630.61 6.95
2435.4 8991.17 632.24 7.03
2437.6 8963.19 598.67 6.68
2439.9 8866.09 628.88 7.09
2442.2 8873.80 625.72 7.05
2444.4 8827.50 568.59 6.44
2446.7 8812.56 537.28 6.10
2448.9 8870.66 550.72 6.21
2451.2 8802.92 524.48 5.96
2453.4 8732.64 506.24 5.80
2455.7 8702.87 535.19 6.15
2457.9 8608.05 555.56 6.45
2460.2 8594.01 517.86 6.03
2462.4 8611.20 549.12 6.38
2464.7 8503.63 536.21 6.31
2466.9 8416.62 494.34 5.87
2469.2 8471.54 518.53 6.12
2471.4 8370.38 492.38 5.88
2473.6 8261.63 482.04 5.83
2475.9 8256.69 467.36 5.66
2478.1 8211.66 457.72 5.57
2480.3 8173.00 508.20 6.22
2482.5 8177.69 471.79 5.77
2484.8 8119.06 451.46 5.56
2487.0 8110.30 488.84 6.03
2489.2 8058.48 429.69 5.33
2491.4 7946.29 414.99 5.22
2493.6 7987.26 454.62 5.69
2495.8 7981.68 443.43 5.56
2498.0 7985.07 389.12 4.87
2500.2 7961.63 362.28 4.55
2502.4 8125.20 372.96 4.59
2504.6 8272.59 422.55 5.11
2506.8 8348.61 477.34 5.72
