/*** Spectra Vista SIG Data ***/
name= \My Documents\HR1024_Data\RD3T5.
instrument= HR: 1091052
integration= 200, 60, 30, 500, 60, 30
scan time= 1, 1
scan settings= AD, AI, AD, AI
external data set1= 8224, 8224, 8224, 8224, 8224, 8224, 8224, 8224, 8224, 8224, 8224, 8224, 8224, 8224, 8224, 8224
external data set2= 8224, 8224, 8224, 8224, 8224, 8224, 8224, 8224, 8224, 8224, 8224, 8224, 8224, 8224, 8224, 8224
external data dark= 0,0,0,0,0,0,0,0
external data mask= 0
optic= LENS4 , LENS4 
temp= 32.98, 8.88, -5.37, 40.72, 8.94, -5.37
battery= 7.6, 7.1
error= 0, 0
units= Radiance, Radiance
time= 1/26/08 10:33:54 AM, 1/26/08 10:58:38 AM
longitude= , 
latitude= , 
gpstime= , 
comm= 
memory slot= 0, 0
factors= 
data= 
346.4 598.78 101.92 17.02
347.9 627.50 97.89 15.60
349.5 677.04 102.34 15.12
351.1 739.44 109.82 14.85
352.6 790.63 105.00 13.28
354.2 841.03 121.74 14.47
355.7 912.59 121.23 13.28
357.3 974.37 123.44 12.67
358.8 992.58 114.64 11.55
360.4 1062.29 129.44 12.19
361.9 1117.88 121.19 10.84
363.5 1149.55 120.50 10.48
365.1 1196.29 120.67 10.09
366.6 1260.16 122.91 9.75
368.2 1349.72 123.56 9.15
369.7 1403.95 124.07 8.84
371.3 1488.21 126.43 8.50
372.8 1577.00 128.82 8.17
374.4 1638.71 132.17 8.07
375.9 1688.10 132.40 7.84
377.4 1740.09 131.40 7.55
379.0 1788.57 122.21 6.83
380.5 1855.73 120.64 6.50
382.1 1905.98 117.02 6.14
383.6 1973.16 114.53 5.80
385.2 2065.25 111.10 5.38
386.7 2149.76 120.21 5.59
388.3 2271.83 126.09 5.55
389.8 2363.45 121.88 5.16
391.3 2453.59 123.65 5.04
392.9 2526.36 125.18 4.95
394.4 2602.50 136.51 5.25
395.9 2690.98 144.44 5.37
397.5 2829.48 152.46 5.39
399.0 2963.31 144.61 4.88
400.6 3033.76 140.37 4.63
402.1 3072.78 133.13 4.33
403.6 3116.75 134.26 4.31
405.1 3199.00 118.82 3.71
406.7 3304.00 122.75 3.72
408.2 3412.53 125.63 3.68
409.7 3521.28 129.92 3.69
411.3 3642.17 133.11 3.65
412.8 3732.75 132.72 3.56
414.3 3845.02 142.93 3.72
415.8 3965.00 151.00 3.81
417.4 4085.95 148.76 3.64
418.9 4192.21 149.78 3.57
420.4 4267.16 144.57 3.39
421.9 4346.32 155.85 3.59
423.5 4413.15 142.90 3.24
425.0 4492.75 148.34 3.30
426.5 4594.55 148.78 3.24
428.0 4712.54 145.32 3.08
429.5 4856.53 150.89 3.11
431.1 5025.20 149.38 2.97
432.6 5198.44 151.49 2.91
434.1 5370.75 155.54 2.90
435.6 5520.56 157.12 2.85
437.1 5670.60 159.12 2.81
438.6 5806.58 159.56 2.75
440.1 5943.54 160.98 2.71
441.6 6091.61 170.61 2.80
443.1 6230.93 170.91 2.74
444.7 6356.12 177.55 2.79
446.2 6474.98 175.98 2.72
447.7 6582.53 178.64 2.71
449.2 6691.68 187.49 2.80
450.7 6814.08 184.70 2.71
452.2 6930.56 187.07 2.70
453.7 7066.33 187.00 2.65
455.2 7233.85 185.24 2.56
456.7 7443.04 194.30 2.61
458.2 7673.27 192.23 2.51
459.7 7920.50 198.80 2.51
461.2 8156.07 203.33 2.49
462.7 8366.46 210.50 2.52
464.2 8568.06 213.74 2.49
465.7 8788.58 214.79 2.44
467.2 8970.50 223.30 2.49
468.7 9176.00 231.20 2.52
470.2 9305.26 234.19 2.52
471.7 9490.50 246.05 2.59
473.2 9788.42 254.46 2.60
474.6 10042.30 268.92 2.68
476.1 10127.24 256.94 2.54
477.6 10169.21 252.91 2.49
479.1 10224.56 248.00 2.43
480.6 10293.47 250.50 2.43
482.1 10426.95 245.34 2.35
483.6 10590.11 253.50 2.39
485.1 10796.39 252.30 2.34
486.6 11041.55 253.72 2.30
488.0 11290.50 262.60 2.33
489.5 11568.25 267.44 2.31
491.0 11840.59 268.32 2.27
492.5 12119.22 283.18 2.34
494.0 12409.65 289.72 2.33
495.4 12660.45 292.38 2.31
496.9 12912.44 301.94 2.34
498.4 13155.80 311.42 2.37
499.9 13408.52 318.77 2.38
501.4 13645.90 334.34 2.45
502.8 13864.50 336.78 2.43
504.3 14081.40 347.04 2.46
505.8 14291.05 359.65 2.52
507.2 14436.37 368.76 2.55
508.7 14548.87 375.98 2.58
510.2 14651.50 387.04 2.64
511.6 14718.08 398.11 2.70
513.1 14838.45 407.66 2.75
514.6 14986.45 421.32 2.81
516.0 15112.04 422.81 2.80
517.5 15305.31 442.19 2.89
519.0 15537.89 450.24 2.90
520.5 15768.60 466.42 2.96
521.9 16045.99 477.95 2.98
523.4 16363.11 497.00 3.04
524.8 16675.79 512.27 3.07
526.3 17027.53 532.77 3.13
527.8 17380.80 548.26 3.15
529.2 17706.86 563.73 3.18
530.7 18056.71 583.61 3.23
532.1 18377.28 599.83 3.26
533.6 18738.23 621.73 3.32
535.0 19114.67 638.25 3.34
536.5 19476.07 656.96 3.37
538.0 19846.24 675.65 3.40
539.4 20198.95 687.23 3.40
540.9 20626.19 717.50 3.48
542.3 20984.92 739.11 3.52
543.8 21250.33 761.00 3.58
545.2 21329.19 778.54 3.65
546.6 21331.64 774.08 3.63
548.1 21362.06 781.77 3.66
549.5 21376.46 787.95 3.69
551.0 21386.66 801.08 3.75
552.4 21443.54 810.65 3.78
553.9 21463.89 820.54 3.82
555.3 21521.57 835.38 3.88
556.8 21650.10 846.78 3.91
558.2 21773.81 866.03 3.98
559.6 21936.94 881.11 4.02
561.1 22168.25 898.30 4.05
562.5 22423.78 923.04 4.12
564.0 22757.43 954.80 4.20
565.4 23059.14 975.58 4.23
566.8 23449.52 1006.68 4.29
568.3 23818.66 1045.40 4.39
569.7 24198.01 1079.90 4.46
571.1 24579.14 1113.78 4.53
572.6 24952.86 1147.61 4.60
574.0 25317.60 1189.32 4.70
575.4 25678.69 1222.43 4.76
576.9 26008.29 1266.11 4.87
578.3 26306.64 1306.31 4.97
579.7 26593.28 1347.47 5.07
581.1 26823.10 1388.31 5.18
582.6 27065.10 1429.50 5.28
584.0 27286.52 1472.13 5.40
585.4 27587.92 1536.28 5.57
586.8 27978.96 1606.41 5.74
588.3 28419.30 1681.06 5.92
589.7 28786.68 1763.42 6.13
591.1 29016.81 1827.54 6.30
592.5 29127.43 1871.54 6.43
594.0 29186.34 1932.29 6.62
595.4 29194.56 1973.34 6.76
596.8 29193.45 2024.02 6.93
598.2 29177.08 2078.77 7.12
599.6 29153.88 2132.10 7.31
601.0 29216.28 2196.19 7.52
602.4 29261.60 2267.30 7.75
603.9 29364.60 2335.52 7.95
605.3 29484.10 2404.35 8.15
606.7 29584.80 2472.48 8.36
608.1 29785.49 2553.74 8.57
609.5 30013.28 2631.77 8.77
610.9 30296.78 2722.29 8.99
612.3 30557.28 2803.41 9.17
613.7 30914.00 2905.42 9.40
615.1 31159.08 2998.94 9.62
616.5 31406.64 3097.01 9.86
617.9 31801.61 3205.00 10.08
619.3 32170.62 3321.07 10.32
620.7 32635.92 3446.41 10.56
622.1 33083.75 3593.00 10.86
623.5 33564.04 3766.59 11.22
624.9 34116.86 3953.57 11.59
626.3 34490.69 4114.83 11.93
627.7 34145.81 4183.09 12.25
629.1 33851.16 4251.74 12.56
630.5 33743.57 4338.17 12.86
631.9 33775.53 4431.01 13.12
633.3 33808.52 4515.95 13.36
634.7 33992.91 4603.80 13.54
636.1 34075.08 4676.77 13.72
637.5 34196.58 4729.43 13.83
638.9 34374.61 4734.31 13.77
640.2 34545.58 4682.38 13.55
641.6 34634.34 4598.57 13.28
643.0 34657.83 4503.93 13.00
644.4 34696.37 4411.59 12.71
645.8 34653.86 4312.05 12.44
647.2 34834.41 4239.51 12.17
648.5 34958.93 4160.70 11.90
649.9 34861.32 4082.36 11.71
651.3 34789.65 4033.08 11.59
652.7 34680.00 4001.46 11.54
654.1 34452.30 3997.99 11.60
655.5 34172.42 3988.90 11.67
656.8 33904.63 3968.00 11.70
658.2 34070.04 3972.20 11.66
659.6 34442.82 3983.50 11.57
660.9 34748.70 3953.12 11.38
662.3 35067.95 3927.47 11.20
663.7 35364.00 3880.80 10.97
665.0 35617.00 3826.80 10.74
666.4 35877.31 3775.65 10.52
667.8 36209.10 3737.63 10.32
669.1 36482.80 3712.08 10.17
670.5 36799.72 3701.01 10.06
671.9 36995.40 3686.69 9.97
673.2 37270.13 3699.81 9.93
674.6 37530.47 3738.46 9.96
676.0 37841.78 3795.99 10.03
677.3 38141.57 3882.45 10.18
678.7 38483.75 4005.20 10.41
680.0 38922.37 4185.38 10.75
681.4 39389.45 4432.34 11.25
682.8 39844.35 4743.83 11.91
684.1 40287.78 5155.49 12.80
685.5 40705.56 5644.91 13.87
686.8 41091.84 6210.02 15.11
688.2 41433.89 6854.85 16.54
689.5 41549.57 7521.84 18.10
690.9 41633.44 8213.29 19.73
692.2 41697.60 8908.68 21.36
693.6 41771.65 9587.56 22.95
694.9 41721.88 10218.65 24.49
696.2 41751.90 10834.38 25.95
697.6 41766.04 11426.03 27.36
698.9 41796.48 11971.87 28.64
700.3 41844.24 12488.12 29.84
701.6 41918.48 12976.32 30.96
703.0 41979.40 13424.23 31.98
704.3 41981.71 13822.45 32.92
705.6 41967.18 14169.85 33.76
707.0 41980.75 14510.13 34.56
708.3 41872.71 14765.55 35.26
709.6 41753.67 14998.17 35.92
711.0 41589.99 15186.37 36.51
712.3 41418.66 15350.04 37.06
713.6 41354.04 15534.96 37.57
714.9 41240.96 15689.40 38.04
716.3 41218.54 15856.46 38.47
717.6 41221.95 16036.08 38.90
718.9 41134.56 16168.97 39.31
720.2 40936.00 16241.96 39.68
721.6 40765.66 16320.62 40.04
722.9 40572.15 16355.33 40.31
724.2 40305.71 16356.65 40.58
725.5 40134.57 16350.27 40.74
726.8 39960.91 16355.99 40.93
728.1 39855.98 16383.28 41.11
729.5 39766.23 16397.56 41.23
730.8 39707.44 16416.24 41.34
732.1 39612.07 16407.42 41.42
733.4 39556.45 16407.92 41.48
734.7 39507.57 16419.84 41.56
736.0 39511.29 16440.92 41.61
737.3 39463.58 16432.95 41.64
738.6 39569.04 16513.91 41.73
739.9 39770.92 16611.65 41.77
741.2 39928.98 16697.77 41.82
742.5 40206.42 16824.25 41.84
743.8 40696.43 17046.65 41.89
745.1 41398.16 17363.79 41.94
746.4 42245.84 17762.11 42.04
747.7 43136.62 18181.28 42.15
749.0 43980.49 18597.94 42.29
750.3 44484.44 18895.28 42.48
751.6 44396.66 18925.16 42.63
752.9 43969.12 18752.58 42.65
754.2 43470.53 18557.41 42.69
755.4 42928.75 18314.67 42.66
756.7 42746.48 18223.72 42.63
758.0 42774.71 18245.99 42.66
759.3 43048.01 18371.55 42.68
760.6 43418.76 18528.05 42.67
761.9 43775.94 18682.55 42.68
763.1 43996.61 18793.44 42.72
764.4 44239.34 18912.68 42.75
765.7 44424.25 19009.90 42.79
767.0 44583.75 19096.38 42.83
768.2 44688.00 19160.06 42.88
769.5 44782.92 19214.55 42.91
770.8 44990.42 19304.19 42.91
772.0 45014.41 19344.36 42.97
773.3 45100.97 19396.81 43.01
774.6 45226.84 19470.13 43.05
775.8 45313.45 19539.65 43.12
777.1 45344.81 19579.83 43.18
778.4 45245.88 19554.08 43.22
779.6 45226.44 19571.40 43.27
780.9 45132.00 19553.60 43.33
782.1 44952.26 19482.84 43.34
783.4 44936.32 19490.43 43.37
784.6 44935.72 19496.26 43.39
785.9 45255.62 19647.19 43.41
787.1 45836.93 19942.85 43.51
788.4 46288.94 20261.88 43.77
789.6 46219.23 20346.47 44.02
790.9 45788.99 20179.51 44.07
792.1 45296.16 19970.91 44.09
793.4 44771.54 19754.69 44.12
794.6 44415.30 19638.82 44.22
795.8 44134.47 19533.74 44.26
797.1 43801.05 19403.49 44.30
798.3 43569.08 19317.05 44.34
799.5 43411.48 19276.70 44.40
800.8 43273.13 19230.09 44.44
802.0 43071.08 19175.65 44.52
803.2 42890.28 19123.22 44.59
804.5 42742.15 19072.29 44.62
805.7 42601.95 19019.83 44.65
806.9 42426.40 18976.04 44.73
808.1 42305.67 18937.21 44.76
809.4 42221.44 18928.64 44.83
810.6 42105.70 18866.12 44.81
811.8 42062.43 18851.50 44.82
813.0 42071.08 18837.30 44.77
814.2 42081.20 18841.58 44.77
815.4 42185.03 18887.75 44.77
816.6 42225.34 18908.31 44.78
817.9 42273.21 18936.35 44.80
819.1 42166.58 18907.28 44.84
820.3 42039.03 18823.19 44.78
821.5 41905.07 18747.71 44.74
822.7 41849.58 18696.32 44.68
823.9 41838.35 18659.72 44.60
825.1 41851.34 18631.77 44.52
826.3 41890.94 18593.36 44.39
827.5 41937.05 18568.35 44.28
828.7 42011.28 18524.54 44.09
829.9 42039.57 18487.53 43.98
831.0 42140.75 18486.60 43.87
832.2 42235.78 18484.45 43.76
833.4 42305.18 18462.98 43.64
834.6 42417.19 18461.25 43.52
835.8 42496.65 18457.74 43.43
837.0 42597.61 18467.39 43.35
838.1 42745.68 18520.40 43.33
839.3 42856.00 18535.22 43.25
840.5 42989.60 18544.69 43.14
841.7 43156.80 18601.38 43.10
842.9 43298.86 18636.37 43.04
844.0 43430.88 18681.72 43.01
845.2 43568.90 18718.80 42.96
846.4 43732.15 18765.07 42.91
847.5 43960.00 18841.26 42.86
848.7 44164.79 18933.22 42.87
849.9 44393.85 19026.76 42.86
851.0 44478.08 19074.51 42.89
852.2 44569.63 19102.45 42.86
853.3 44562.81 19094.44 42.85
854.5 44594.90 19090.55 42.81
855.6 44615.97 19081.33 42.77
856.8 44687.86 19090.64 42.72
857.9 44681.40 19089.25 42.72
859.1 44832.20 19130.72 42.67
860.2 44876.88 19128.88 42.63
861.4 44954.55 19125.42 42.54
862.5 45021.69 19142.61 42.52
863.7 45150.84 19174.69 42.47
864.8 45213.35 19138.70 42.33
865.9 45167.77 19106.22 42.30
867.1 45241.43 19137.39 42.30
868.2 45295.54 19130.50 42.23
869.3 45314.27 19130.34 42.22
870.5 45282.48 19068.57 42.11
871.6 45315.83 19066.90 42.08
872.7 45413.27 19087.72 42.03
873.9 45478.16 19079.59 41.95
875.0 45456.71 19032.49 41.87
876.1 45452.45 18997.45 41.80
877.2 45498.99 18992.25 41.74
878.3 45519.98 18969.44 41.67
879.4 45563.53 18943.00 41.57
880.5 45631.08 18941.33 41.51
881.7 45596.20 18890.82 41.43
882.8 45693.96 18904.76 41.37
883.9 45722.91 18909.19 41.36
885.0 45675.63 18870.03 41.31
886.1 45712.78 18847.01 41.23
887.2 45537.58 18775.38 41.23
888.3 45475.07 18711.59 41.15
889.4 45347.40 18606.83 41.03
890.5 45259.13 18532.29 40.95
891.6 45193.70 18470.86 40.87
892.7 45201.31 18420.71 40.75
893.8 45270.56 18406.21 40.66
894.9 45248.28 18373.21 40.61
896.0 45235.90 18307.28 40.47
897.0 45257.72 18295.12 40.42
898.1 45230.13 18255.51 40.36
899.2 45252.30 18216.74 40.26
900.3 45165.90 18141.48 40.17
901.4 45101.16 18078.17 40.08
902.4 45077.20 18038.46 40.02
903.5 45018.01 17988.19 39.96
904.6 45035.56 17949.30 39.86
905.7 45038.93 17911.95 39.77
906.7 44985.82 17863.29 39.71
907.8 45025.57 17835.90 39.61
908.9 44904.57 17751.93 39.53
909.9 44897.74 17713.08 39.45
911.0 44830.08 17645.65 39.36
912.1 44749.25 17573.18 39.27
913.1 44707.00 17519.22 39.19
914.2 44554.62 17385.04 39.02
915.2 44505.45 17326.66 38.93
916.3 44491.35 17273.94 38.83
917.3 44461.10 17218.70 38.73
918.4 44383.35 17089.93 38.51
919.4 44330.69 17014.95 38.38
920.5 44315.70 16937.07 38.22
921.5 44285.78 16863.22 38.08
922.6 44268.10 16767.74 37.88
923.6 44262.16 16730.01 37.80
924.7 44333.00 16684.00 37.63
925.7 44276.22 16559.33 37.40
926.7 44252.98 16494.49 37.27
927.8 44374.33 16415.40 36.99
928.8 44502.63 16377.68 36.80
929.9 44598.23 16333.46 36.62
930.9 44802.27 16327.03 36.44
931.9 45011.35 16297.73 36.21
932.9 45355.12 16322.72 35.99
934.0 45370.16 16245.14 35.81
935.0 45397.97 16142.03 35.56
936.0 45413.73 16004.96 35.24
937.0 45319.95 15891.72 35.07
938.1 45295.44 15748.29 34.77
939.1 45257.91 15632.36 34.54
940.1 45342.90 15568.34 34.33
941.1 45568.46 15550.36 34.13
942.1 45803.34 15536.89 33.92
943.1 45999.43 15467.58 33.63
944.1 46171.28 15434.14 33.43
945.2 46338.18 15353.18 33.13
946.2 46411.22 15282.19 32.93
947.2 46518.25 15242.15 32.77
948.2 46693.82 15169.37 32.49
949.2 46838.19 15044.58 32.12
950.2 46912.95 14937.96 31.84
951.2 46909.80 14896.90 31.76
952.2 47054.57 14794.81 31.44
953.2 47260.85 14728.35 31.16
954.2 47365.65 14628.78 30.88
955.2 47408.68 14557.51 30.71
956.2 47434.65 14415.12 30.39
957.2 47543.77 14349.34 30.18
958.2 47601.59 14278.85 30.00
959.2 47735.55 14239.08 29.83
960.1 47775.14 14208.30 29.74
961.1 47870.63 14134.89 29.53
962.1 47933.44 14128.88 29.48
963.1 48032.50 14119.70 29.40
964.1 48057.21 14090.31 29.32
965.1 48243.99 14056.94 29.14
966.1 48335.33 14085.51 29.14
967.0 48410.39 14031.53 28.98
968.0 48434.88 14010.78 28.93
969.0 48556.60 14089.76 29.02
970.0 48603.65 14082.26 28.97
971.0 48737.12 14090.24 28.91
971.9 48722.90 14094.92 28.93
972.9 48879.95 14113.23 28.87
973.9 48859.53 14100.71 28.86
974.9 49044.08 14123.40 28.80
975.8 49101.73 14077.72 28.67
976.8 49135.91 14194.82 28.89
977.8 49315.41 14119.24 28.63
978.8 49372.50 14260.14 28.88
979.7 49504.50 14359.97 29.01
980.7 49626.72 14331.31 28.88
981.7 49868.69 14382.36 28.84
982.6 50026.42 14460.61 28.91
983.6 50542.44 14685.72 29.06
984.6 51139.74 14828.71 29.00
985.5 51570.00 15017.18 29.12
986.5 52881.11 15303.11 28.94
987.5 53801.49 15618.01 29.03
988.4 54737.10 16303.76 29.79
989.4 56052.04 16828.10 30.02
990.4 57074.27 17166.07 30.08
991.3 59136.61 18269.29 30.89
992.3 61232.97 18780.72 30.67
993.2 62381.81 19387.73 31.08
994.2 63759.15 19836.18 31.11
995.2 64627.45 20479.35 31.69
996.1 65405.36 21272.02 32.52
997.1 65143.00 21106.33 32.40
998.0 67149.60 21515.28 32.04
999.0 66846.51 21535.42 32.22
1000.0 67127.69 21900.88 32.63
1000.9 65712.83 22822.42 34.73
1001.9 66491.34 21893.49 32.93
1002.8 64393.95 21408.90 33.25
1003.8 65025.46 21646.06 33.29
1004.8 66172.20 22635.46 34.21
961.5 59748.86 18079.35 30.26
965.5 58598.35 17741.57 30.28
969.5 56260.49 17400.15 30.93
973.4 53913.29 17219.80 31.94
977.4 51859.95 16981.48 32.74
981.4 50850.20 16930.94 33.30
985.3 50481.20 16953.82 33.58
989.3 50535.22 17068.32 33.78
993.3 50635.09 17199.44 33.97
997.2 50595.02 17301.89 34.20
1001.2 50545.04 17445.48 34.51
1005.2 50473.33 17616.80 34.90
1009.1 50535.74 17840.96 35.30
1013.1 50697.93 18123.14 35.75
1017.1 50843.90 18400.92 36.19
1021.0 50855.49 18637.67 36.65
1025.0 50816.26 18883.57 37.16
1029.0 50641.08 19049.97 37.62
1032.9 50496.42 19209.32 38.04
1036.9 50486.34 19437.56 38.50
1040.9 50614.23 19702.91 38.93
1044.8 50848.91 20000.97 39.33
1048.8 51055.33 20252.18 39.67
1052.7 51200.97 20449.52 39.94
1056.7 51265.76 20608.73 40.20
1060.7 51328.86 20735.81 40.40
1064.6 51364.29 20812.87 40.52
1068.6 51285.22 20820.83 40.60
1072.5 51205.93 20791.35 40.60
1076.5 51155.97 20741.29 40.55
1080.4 51154.95 20691.26 40.45
1084.4 51258.31 20645.71 40.28
1088.3 51367.47 20568.02 40.04
1092.3 51376.13 20399.10 39.71
1096.2 51342.58 20230.78 39.40
1100.2 51360.86 20093.41 39.12
1104.1 51244.60 19872.28 38.78
1108.1 51175.76 19660.29 38.42
1112.0 51059.75 19408.23 38.01
1116.0 50831.30 19107.34 37.59
1119.9 50653.13 18785.14 37.09
1123.9 50703.41 18477.65 36.44
1127.8 50649.60 18032.64 35.60
1131.8 50608.23 17442.18 34.47
1135.7 50617.81 16775.15 33.14
1139.6 50606.06 16039.72 31.70
1143.6 50555.26 15320.69 30.30
1147.5 50517.05 14684.49 29.07
1151.4 50365.69 14124.07 28.04
1155.4 50355.11 13758.91 27.32
1159.3 50376.78 13518.65 26.84
1163.2 50207.59 13304.06 26.50
1167.2 50161.80 13168.80 26.25
1171.1 50174.37 13063.36 26.04
1175.0 50101.08 12948.84 25.85
1179.0 50065.70 12863.53 25.69
1182.9 50165.17 12806.80 25.53
1186.8 50159.61 12730.71 25.38
1190.7 49934.95 12608.18 25.25
1194.7 49665.47 12489.38 25.15
1198.6 49438.62 12404.70 25.09
1202.5 49264.40 12358.41 25.09
1206.4 49122.14 12342.42 25.13
1210.3 49037.26 12330.97 25.15
1214.2 48930.30 12360.56 25.26
1218.2 48765.56 12393.97 25.42
1222.1 48630.48 12422.08 25.54
1226.0 48538.40 12481.39 25.71
1229.9 48450.48 12522.84 25.85
1233.8 48352.03 12555.31 25.97
1237.7 48317.50 12609.40 26.10
1241.6 48229.08 12622.86 26.17
1245.5 48061.09 12618.72 26.26
1249.4 47934.98 12623.93 26.34
1253.3 47803.87 12624.19 26.41
1257.2 47735.46 12619.58 26.44
1261.1 47624.11 12602.95 26.46
1265.0 47490.52 12570.08 26.47
1268.9 47304.07 12511.71 26.45
1272.8 47372.70 12508.65 26.40
1276.7 47590.81 12513.86 26.29
1280.6 47691.16 12483.13 26.17
1284.5 47615.01 12391.30 26.02
1288.4 47591.67 12290.88 25.83
1292.3 47467.75 12141.25 25.58
1296.2 47318.59 11974.17 25.31
1300.1 47148.87 11780.52 24.99
1303.9 46897.39 11536.70 24.60
1307.8 46639.44 11280.32 24.19
1311.7 46386.67 10996.20 23.71
1315.6 46123.85 10703.42 23.21
1319.5 45848.18 10386.15 22.65
1323.3 45606.50 10063.41 22.07
1327.2 45386.16 9737.20 21.45
1331.1 45132.53 9406.32 20.84
1335.0 44824.46 9074.92 20.25
1338.8 44600.56 8781.29 19.69
1342.7 44421.07 8511.41 19.16
1346.5 44042.02 8215.75 18.65
1350.4 43720.62 7949.43 18.18
1354.3 43279.60 7673.63 17.73
1358.1 42799.92 7391.03 17.27
1362.0 42533.76 7134.40 16.77
1365.8 42447.40 6914.69 16.29
1369.7 42569.31 6710.47 15.76
1373.5 42515.11 6433.72 15.13
1377.4 42239.08 6054.98 14.34
1381.2 42024.35 5601.70 13.33
1385.1 42007.68 5135.96 12.23
1389.0 41913.21 4651.93 11.10
1392.8 41686.58 4178.00 10.02
1396.6 41522.45 3764.51 9.07
1400.5 41297.26 3381.85 8.19
1404.3 41119.22 3072.41 7.47
1408.2 41089.83 2834.12 6.90
1412.0 41038.18 2638.27 6.43
1415.8 41063.56 2499.19 6.09
1419.6 41020.11 2381.20 5.80
1423.5 40984.07 2296.13 5.60
1427.3 40938.38 2235.13 5.46
1431.1 40915.35 2190.15 5.35
1434.9 40812.08 2149.71 5.27
1438.8 40755.58 2129.80 5.23
1442.6 40720.04 2111.82 5.19
1446.4 40579.53 2083.72 5.13
1450.2 40476.97 2070.50 5.12
1454.0 40349.16 2061.12 5.11
1457.8 40313.93 2063.88 5.12
1461.6 40291.52 2078.90 5.16
1465.4 40157.17 2094.84 5.22
1469.2 39958.10 2104.38 5.27
1473.0 39808.79 2131.27 5.35
1476.8 39739.71 2177.77 5.48
1480.7 39668.27 2231.14 5.62
1484.4 39532.92 2289.12 5.79
1488.2 39418.92 2364.36 6.00
1492.0 39281.08 2437.73 6.21
1495.8 39157.30 2504.78 6.40
1499.6 39041.55 2561.60 6.56
1503.4 38891.42 2608.32 6.71
1507.2 38758.78 2650.65 6.84
1510.9 38603.27 2687.42 6.96
1514.7 38431.80 2720.11 7.08
1518.5 38296.78 2754.16 7.19
1522.3 38148.01 2790.68 7.32
1526.0 38038.86 2828.63 7.44
1529.8 37977.87 2852.45 7.51
1533.6 37845.65 2870.39 7.58
1537.3 37710.11 2934.02 7.78
1541.1 37580.52 3010.96 8.01
1544.8 37449.60 3074.40 8.21
1548.6 37314.89 3134.82 8.40
1552.4 37219.38 3195.27 8.58
1556.1 37135.69 3253.50 8.76
1559.9 37030.39 3313.30 8.95
1563.6 36900.49 3358.93 9.10
1567.3 36782.10 3405.75 9.26
1571.1 36560.28 3450.66 9.44
1574.8 36404.14 3504.12 9.63
1578.6 36302.38 3553.34 9.79
1582.3 36157.52 3581.11 9.90
1586.0 36009.48 3610.77 10.03
1589.8 35863.84 3640.28 10.15
1593.5 35710.53 3660.65 10.25
1597.2 35575.62 3690.34 10.37
1600.9 35432.24 3715.04 10.48
1604.7 35280.85 3736.67 10.59
1608.4 35142.04 3762.98 10.71
1612.1 34980.47 3779.92 10.81
1615.8 34834.07 3806.29 10.93
1619.5 34752.20 3836.72 11.04
1623.2 34595.03 3852.74 11.14
1626.9 34406.93 3860.67 11.22
1630.6 34230.90 3872.00 11.31
1634.3 34081.71 3885.73 11.40
1638.0 33920.36 3888.94 11.46
1641.7 33748.10 3896.04 11.54
1645.4 33556.70 3899.83 11.62
1649.1 33353.05 3895.32 11.68
1652.8 33189.89 3890.62 11.72
1656.4 33018.59 3879.12 11.75
1660.1 32845.97 3876.04 11.80
1663.8 32642.92 3860.56 11.83
1667.5 32483.35 3847.21 11.84
1671.1 32351.26 3826.37 11.83
1674.8 32144.07 3791.13 11.79
1678.5 32080.00 3769.58 11.75
1682.1 32102.13 3754.96 11.70
1685.8 32123.16 3731.86 11.62
1689.5 32018.65 3695.73 11.54
1693.1 31881.24 3652.17 11.46
1696.8 31732.38 3602.88 11.35
1700.4 31582.94 3549.18 11.24
1704.0 31466.76 3497.10 11.11
1707.7 31189.67 3431.56 11.00
1711.3 30882.00 3357.10 10.87
1715.0 30659.79 3285.23 10.72
1718.6 30484.31 3220.22 10.56
1722.2 30333.58 3156.89 10.41
1725.9 30181.80 3098.29 10.27
1729.5 30037.98 3053.08 10.16
1733.1 29910.73 3025.14 10.11
1736.7 29788.38 3010.75 10.11
1740.3 29614.18 2981.78 10.07
1744.0 29528.30 2944.68 9.97
1747.5 29373.44 2900.28 9.87
1751.2 29138.63 2840.52 9.75
1754.8 28975.37 2788.07 9.62
1758.4 28834.48 2751.14 9.54
1762.0 28639.33 2699.57 9.43
1765.5 28498.38 2656.57 9.32
1769.1 28452.00 2644.80 9.30
1772.7 28378.96 2624.36 9.25
1776.3 28252.73 2596.78 9.19
1779.9 28119.54 2567.24 9.13
1783.5 28061.20 2549.44 9.09
1787.0 27938.82 2533.99 9.07
1790.6 27774.17 2511.00 9.04
1794.2 27666.21 2495.99 9.02
1797.8 27558.84 2483.89 9.01
1801.3 27465.68 2473.99 9.01
1804.9 27315.75 2464.88 9.02
1808.4 27221.13 2458.15 9.03
1812.0 27071.27 2438.07 9.01
1815.5 26907.62 2432.50 9.04
1819.1 26703.43 2415.70 9.05
1822.6 26545.43 2392.49 9.01
1826.2 26400.51 2381.10 9.02
1829.7 26207.46 2356.57 8.99
1833.2 25952.41 2315.25 8.92
1836.8 25712.51 2280.46 8.87
1840.3 25567.16 2256.80 8.83
1843.8 25454.03 2215.78 8.71
1847.3 25371.56 2175.12 8.57
1850.8 25264.51 2132.93 8.44
1854.3 25105.60 2072.06 8.25
1857.8 25027.60 2017.60 8.06
1861.3 25027.70 1943.03 7.76
1864.8 24948.54 1847.54 7.41
1868.3 24715.93 1733.42 7.01
1871.8 24529.92 1597.44 6.51
1875.3 24489.01 1461.92 5.97
1878.8 24485.84 1322.51 5.40
1882.3 24423.29 1206.28 4.94
1885.8 24245.59 1084.19 4.47
1889.3 24030.42 975.90 4.06
1892.7 23852.68 929.67 3.90
1896.2 23673.74 877.88 3.71
1899.7 23427.69 873.76 3.73
1903.1 23323.61 905.52 3.88
1906.6 23396.53 946.77 4.05
1910.0 23683.33 1021.55 4.31
1913.5 24138.15 1252.85 5.19
1917.0 24628.98 1550.85 6.30
1920.4 25146.40 1756.55 6.99
1923.8 25520.19 1896.41 7.43
1871.2 22263.77 1121.77 5.04
1873.9 22507.55 1106.05 4.91
1876.7 22626.01 1068.40 4.72
1879.5 22737.83 964.75 4.24
1882.3 22382.76 875.10 3.91
1885.1 22317.18 784.42 3.51
1887.8 22505.15 733.95 3.26
1890.6 22306.26 678.31 3.04
1893.4 22256.67 579.33 2.60
1896.2 22163.50 557.01 2.51
1898.9 22083.42 552.41 2.50
1901.7 21937.94 511.42 2.33
1904.5 22143.94 497.26 2.25
1907.2 22059.00 465.50 2.11
1910.0 21927.95 475.57 2.17
1912.7 21918.25 480.40 2.19
1915.5 21816.04 444.07 2.04
1918.2 21741.95 443.71 2.04
1921.0 21589.30 450.42 2.09
1923.7 21620.81 426.88 1.97
1926.5 21581.93 407.08 1.89
1929.2 21568.04 429.69 1.99
1932.0 21551.20 442.40 2.05
1934.7 21508.34 440.86 2.05
1937.4 21385.99 443.54 2.07
1940.2 21322.79 448.71 2.10
1942.9 21412.44 438.48 2.05
1945.6 21432.94 437.90 2.04
1948.3 21347.13 472.31 2.21
1951.1 21319.83 448.49 2.10
1953.8 21321.00 456.00 2.14
1956.5 21174.65 485.19 2.29
1959.2 21255.91 481.39 2.26
1961.9 21274.22 476.80 2.24
1964.6 21161.18 484.93 2.29
1967.3 21232.43 489.50 2.31
1970.0 21063.36 485.44 2.30
1972.8 20962.32 503.03 2.40
1975.5 21019.32 526.80 2.51
1978.2 20951.00 534.36 2.55
1980.9 20833.51 530.53 2.55
1983.5 20753.87 535.13 2.58
1986.2 20730.84 552.90 2.67
1988.9 20710.47 558.72 2.70
1991.6 20560.54 553.26 2.69
1994.3 20429.18 571.89 2.80
1997.0 20463.02 570.90 2.79
1999.7 20411.81 577.21 2.83
2002.3 20392.69 598.35 2.93
2005.0 20300.64 592.59 2.92
2007.7 20215.73 599.13 2.96
2010.4 20150.59 599.55 2.98
2013.0 20054.41 597.45 2.98
2015.7 19971.23 613.80 3.07
2018.4 19850.99 632.58 3.19
2021.0 19776.67 643.17 3.25
2023.7 19665.12 644.48 3.28
2026.4 19623.72 650.65 3.32
2029.0 19549.52 663.55 3.39
2031.7 19389.93 647.83 3.34
2034.3 19392.75 645.02 3.33
2037.0 19277.12 644.64 3.34
2039.6 19203.81 661.13 3.44
2042.3 19169.68 676.81 3.53
2044.9 19085.22 670.40 3.51
2047.5 19057.17 670.40 3.52
2050.2 18939.20 674.80 3.56
2052.8 18894.40 697.20 3.69
2055.4 18768.37 717.23 3.82
2058.1 18622.80 700.00 3.76
2060.7 18569.98 693.16 3.73
2063.3 18475.60 707.81 3.83
2065.9 18427.79 703.50 3.82
2068.6 18352.42 703.50 3.83
2071.2 18299.61 717.03 3.92
2073.8 18217.15 727.57 3.99
2076.4 18153.52 740.96 4.08
2079.0 18135.74 733.41 4.04
2081.6 18151.63 742.72 4.09
2084.2 18112.28 744.92 4.11
2086.8 17948.60 738.20 4.11
2089.4 17865.33 757.39 4.24
2092.1 17782.00 759.33 4.27
2094.7 17712.75 754.28 4.26
2097.2 17685.67 753.67 4.26
2099.8 17677.80 754.37 4.27
2102.4 17557.58 770.54 4.39
2105.0 17419.20 778.05 4.47
2107.6 17352.05 769.05 4.43
2110.2 17317.12 778.62 4.50
2112.8 17308.85 796.01 4.60
2115.3 17299.79 790.95 4.57
2117.9 17305.54 795.06 4.59
2120.5 17283.04 827.86 4.79
2123.1 17169.75 819.00 4.77
2125.6 17130.75 817.01 4.77
2128.2 17041.98 831.17 4.88
2130.8 16938.68 824.85 4.87
2133.3 16907.73 812.53 4.81
2135.9 16811.63 806.02 4.79
2138.4 16669.29 816.23 4.90
2141.0 16557.51 819.80 4.95
2143.6 16519.94 823.80 4.99
2146.1 16331.26 816.86 5.00
2148.7 16166.35 816.39 5.05
2151.2 16200.80 830.13 5.12
2153.8 16223.65 835.91 5.15
2156.3 16092.71 847.61 5.27
2158.8 16012.97 847.61 5.29
2161.4 15977.02 843.22 5.28
2163.9 15879.72 834.38 5.25
2166.4 15806.34 836.74 5.29
2169.0 15776.77 836.74 5.30
2171.5 15691.03 833.78 5.31
2174.0 15580.08 838.95 5.38
2176.5 15568.93 834.21 5.36
2179.1 15528.15 834.23 5.37
2181.6 15436.46 827.33 5.36
2184.1 15393.84 840.84 5.46
2186.6 15412.36 853.63 5.54
2189.1 15330.96 834.60 5.44
2191.6 15265.13 819.93 5.37
2194.1 15289.63 830.42 5.43
2196.6 15291.79 849.17 5.55
2199.2 15355.64 854.64 5.57
2201.7 15282.97 848.86 5.55
2204.1 15217.08 853.95 5.61
2206.6 15263.16 839.25 5.50
2209.1 15196.78 832.70 5.48
2211.6 15154.34 867.92 5.73
2214.1 15142.04 870.58 5.75
2216.6 15136.36 835.63 5.52
2219.1 15121.17 854.63 5.65
2221.6 15017.30 829.85 5.53
2224.0 14973.30 800.10 5.34
2226.5 14953.65 825.69 5.52
2229.0 14990.65 833.66 5.56
2231.5 14856.57 819.62 5.52
2233.9 14819.93 796.61 5.38
2236.4 14830.12 764.28 5.15
2238.9 14725.00 775.00 5.26
2241.3 14738.24 785.11 5.33
2243.8 14703.26 765.67 5.21
2246.2 14560.76 752.07 5.17
2248.7 14543.49 736.62 5.06
2251.2 14547.02 726.39 4.99
2253.6 14461.44 725.76 5.02
2256.1 14411.52 729.60 5.06
2258.5 14448.51 706.87 4.89
2260.9 14358.24 701.81 4.89
2263.4 14286.28 675.55 4.73
2265.8 14286.52 650.09 4.55
2268.3 14242.68 650.37 4.57
2270.7 14293.95 660.19 4.62
2273.1 14208.68 636.61 4.48
2275.6 14138.88 622.08 4.40
2278.0 14162.68 622.62 4.40
2280.4 14119.54 611.89 4.33
2282.8 13992.20 596.24 4.26
2285.3 14040.77 606.58 4.32
2287.7 14128.29 601.37 4.26
2290.1 13998.75 585.09 4.18
2292.5 13976.47 567.47 4.06
2294.9 14012.61 557.19 3.98
2297.3 13889.96 541.84 3.90
2299.7 13787.58 529.08 3.84
2302.1 13749.17 522.47 3.80
2304.5 13602.40 497.84 3.66
2306.9 13496.56 513.52 3.80
2309.3 13451.64 489.79 3.64
2311.7 13329.30 482.78 3.62
2314.1 13154.03 484.42 3.68
2316.5 13124.14 476.74 3.63
2318.9 13145.46 484.83 3.69
2321.3 13101.23 499.17 3.81
2323.7 13118.10 515.14 3.93
2326.1 13081.38 479.57 3.67
2328.4 13108.17 443.45 3.38
2330.8 13202.52 458.08 3.47
2333.2 13104.54 461.25 3.52
2335.6 13023.78 489.90 3.76
2337.9 13062.53 484.11 3.71
2340.3 13002.24 424.03 3.26
2342.7 12902.35 431.63 3.35
2345.0 12884.39 450.15 3.49
2347.4 12860.50 412.25 3.21
2349.7 12661.22 397.27 3.14
2352.1 12633.43 415.97 3.29
2354.4 12658.59 429.83 3.40
2356.8 12578.77 401.45 3.19
2359.2 12527.67 381.33 3.04
2361.5 12479.13 423.24 3.39
2363.8 12494.29 425.99 3.41
2366.2 12489.73 392.79 3.14
2368.5 12451.10 378.25 3.04
2370.9 12453.76 384.71 3.09
2373.2 12415.30 377.72 3.04
2375.5 12276.33 371.05 3.02
2377.9 12211.78 369.23 3.02
2380.2 12242.21 348.21 2.84
2382.5 12139.99 340.03 2.80
2384.8 12068.64 366.56 3.04
2387.2 12086.52 332.87 2.75
2389.5 12068.58 316.35 2.62
2391.8 12016.43 342.24 2.85
2394.1 11909.46 374.27 3.14
2396.4 11863.59 391.91 3.30
2398.7 11940.46 355.63 2.98
2401.0 11823.50 326.37 2.76
2403.3 11693.04 338.64 2.90
2405.6 11741.09 294.90 2.51
2407.9 11668.29 280.56 2.40
2410.2 11575.79 340.91 2.94
2412.5 11525.22 309.98 2.69
2414.8 11512.67 282.43 2.45
2417.1 11505.36 294.22 2.56
2419.4 11477.63 276.13 2.41
2421.7 11364.91 331.17 2.91
2424.0 11316.90 332.85 2.94
2426.2 11347.35 288.90 2.55
2428.5 11281.78 302.87 2.68
2430.8 11243.35 272.50 2.42
2433.1 11179.50 259.99 2.33
2435.4 11100.48 324.51 2.92
2437.6 11066.91 285.35 2.58
2439.9 10932.41 269.52 2.47
2442.2 10967.11 290.11 2.65
2444.4 10975.51 269.94 2.46
2446.7 10909.12 239.44 2.19
2448.9 10931.40 213.18 1.95
2451.2 10853.16 220.52 2.03
2453.4 10787.73 235.04 2.18
2455.7 10721.98 279.76 2.61
2457.9 10647.12 256.41 2.41
2460.2 10665.45 228.11 2.14
2462.4 10576.80 249.60 2.36
2464.7 10503.38 220.79 2.10
2466.9 10471.02 224.70 2.15
2469.2 10480.86 226.86 2.16
2471.4 10359.57 236.34 2.28
2473.6 10250.05 220.94 2.16
2475.9 10220.96 189.65 1.86
2478.1 10124.53 211.78 2.09
2480.3 10080.49 174.04 1.73
2482.5 10057.71 193.01 1.92
2484.8 9961.32 225.73 2.27
2487.0 9924.93 199.98 2.01
2489.2 9935.52 135.69 1.37
2491.4 9875.23 161.39 1.63
2493.6 9884.14 203.80 2.06
2495.8 9866.24 190.04 1.93
2498.0 9849.60 194.56 1.98
2500.2 9865.68 227.48 2.31
2502.4 10096.56 186.48 1.85
2504.6 10244.49 159.63 1.56
2506.8 10345.65 214.32 2.07
