/*** Spectra Vista SIG Data ***/
name= \My Documents\HR1024_Data\RTB1.
instrument= HR: 1091052
integration= 200, 60, 30, 1000, 60, 30
scan time= 1, 1
scan settings= AD, AI, AD, AI
external data set1= 8224, 8224, 8224, 8224, 8224, 8224, 8224, 8224, 8224, 8224, 8224, 8224, 8224, 8224, 8224, 8224
external data set2= 8224, 8224, 8224, 8224, 8224, 8224, 8224, 8224, 8224, 8224, 8224, 8224, 8224, 8224, 8224, 8224
external data dark= 0,0,0,0,0,0,0,0
external data mask= 0
optic= LENS4 , LENS4 
temp= 33.31, 8.94, -5.30, 48.29, 8.94, -5.10
battery= 7.5, 6.4
error= 0, 0
units= Radiance, Radiance
time= 1/1/08 1:10:44 PM, 1/1/08 2:14:11 PM
longitude= , 
latitude= , 
gpstime= , 
comm= 
memory slot= 0, 0
factors= 
data= 
346.4 509.60 54.78 10.75
347.9 549.06 58.99 10.74
349.5 608.40 58.03 9.54
351.1 655.20 58.03 8.86
352.6 708.40 64.52 9.11
354.2 752.68 65.45 8.70
355.7 818.30 71.39 8.72
357.3 873.81 74.90 8.57
358.8 891.23 75.49 8.47
360.4 967.31 80.20 8.29
361.9 1009.93 82.19 8.14
363.5 1059.53 84.49 7.97
365.1 1102.67 83.91 7.61
366.6 1156.59 92.53 8.00
368.2 1218.77 96.70 7.93
369.7 1306.00 97.30 7.45
371.3 1379.56 105.36 7.64
372.8 1457.48 110.22 7.56
374.4 1528.58 115.48 7.55
375.9 1575.56 115.85 7.35
377.4 1632.76 121.64 7.45
379.0 1683.54 126.66 7.52
380.5 1741.87 128.64 7.39
382.1 1805.51 128.25 7.10
383.6 1862.60 135.51 7.28
385.2 1949.75 139.70 7.17
386.7 2036.04 145.66 7.15
388.3 2135.96 152.72 7.15
389.8 2212.47 155.37 7.02
391.3 2314.34 166.54 7.20
392.9 2392.65 174.68 7.30
394.4 2474.90 183.39 7.41
395.9 2552.82 193.42 7.58
397.5 2664.75 196.38 7.37
399.0 2774.82 203.94 7.35
400.6 2852.64 210.55 7.38
402.1 2910.24 212.08 7.29
403.6 2965.71 215.30 7.26
405.1 3036.77 221.65 7.30
406.7 3133.76 232.06 7.41
408.2 3234.33 237.45 7.34
409.7 3330.88 247.74 7.44
411.3 3437.91 256.12 7.45
412.8 3528.93 264.49 7.49
414.3 3634.54 275.10 7.57
415.8 3740.00 286.00 7.65
417.4 3868.37 299.05 7.73
418.9 3954.39 303.09 7.66
420.4 4037.85 314.06 7.78
421.9 4106.74 317.50 7.73
423.5 4196.00 323.16 7.70
425.0 4263.51 331.28 7.77
426.5 4364.50 337.55 7.73
428.0 4488.82 347.28 7.74
429.5 4615.58 359.45 7.79
431.1 4756.23 371.52 7.81
432.6 4917.76 391.81 7.97
434.1 5064.68 404.64 7.99
435.6 5199.35 417.96 8.04
437.1 5333.25 433.68 8.13
438.6 5454.84 447.63 8.21
440.1 5584.70 459.94 8.24
441.6 5717.14 474.59 8.30
443.1 5852.25 490.46 8.38
444.7 5982.11 504.30 8.43
446.2 6104.50 514.04 8.42
447.7 6213.60 528.16 8.50
449.2 6315.84 539.57 8.54
450.7 6414.72 546.62 8.52
452.2 6543.45 558.45 8.53
453.7 6682.65 569.55 8.52
455.2 6842.54 586.25 8.57
456.7 7029.44 604.74 8.60
458.2 7231.16 625.26 8.65
459.7 7428.75 646.10 8.70
461.2 7633.63 663.64 8.69
462.7 7815.14 684.50 8.76
464.2 8000.76 702.35 8.78
465.7 8191.53 723.59 8.83
467.2 8352.58 737.28 8.83
468.7 8552.00 757.60 8.86
470.2 8711.17 773.18 8.88
471.7 8854.00 785.65 8.87
473.2 9050.37 805.64 8.90
474.6 9252.88 825.50 8.92
476.1 9378.88 839.94 8.96
477.6 9464.51 848.38 8.96
479.1 9567.20 856.06 8.95
480.6 9658.16 864.09 8.95
482.1 9797.74 876.32 8.94
483.6 9963.22 893.44 8.97
485.1 10140.49 915.24 9.03
486.6 10356.19 939.40 9.07
488.0 10562.50 961.68 9.10
489.5 10784.97 991.61 9.19
491.0 10998.86 1016.84 9.24
492.5 11224.98 1046.52 9.32
494.0 11462.99 1076.81 9.39
495.4 11663.85 1099.56 9.43
496.9 11870.36 1125.91 9.49
498.4 12074.30 1155.64 9.57
499.9 12278.41 1179.92 9.61
501.4 12476.75 1205.10 9.66
502.8 12664.51 1228.70 9.70
504.3 12846.60 1252.08 9.75
505.8 13033.73 1276.69 9.80
507.2 13172.68 1292.51 9.81
508.7 13289.99 1305.13 9.82
510.2 13412.81 1314.74 9.80
511.6 13494.72 1325.16 9.82
513.1 13630.43 1337.05 9.81
514.6 13795.53 1351.66 9.80
516.0 13946.28 1365.75 9.79
517.5 14135.83 1387.11 9.81
519.0 14365.19 1409.60 9.81
520.5 14579.60 1433.69 9.83
521.9 14828.55 1465.12 9.88
523.4 15093.49 1498.34 9.93
524.8 15349.14 1533.01 9.99
526.3 15633.70 1570.04 10.04
527.8 15915.89 1609.00 10.11
529.2 16178.21 1645.07 10.17
530.7 16455.24 1687.94 10.26
532.1 16698.15 1723.02 10.32
533.6 16994.07 1764.50 10.38
535.0 17295.55 1808.04 10.45
536.5 17581.25 1850.38 10.52
538.0 17895.84 1894.83 10.59
539.4 18160.64 1935.52 10.66
540.9 18488.86 1984.72 10.73
542.3 18738.28 2027.67 10.82
543.8 18940.29 2063.90 10.90
545.2 19020.35 2083.87 10.96
546.6 19057.19 2096.35 11.00
548.1 19121.11 2106.60 11.02
549.5 19166.91 2115.93 11.04
551.0 19217.70 2125.36 11.06
552.4 19311.21 2139.98 11.08
553.9 19371.38 2149.43 11.10
555.3 19461.20 2168.83 11.14
556.8 19596.88 2186.54 11.16
558.2 19743.75 2210.29 11.19
559.6 19902.71 2236.82 11.24
561.1 20117.50 2269.48 11.28
562.5 20332.52 2300.87 11.32
564.0 20611.34 2344.22 11.37
565.4 20865.50 2388.94 11.45
566.8 21177.73 2433.50 11.49
568.3 21463.05 2480.15 11.56
569.7 21776.78 2531.05 11.62
571.1 22080.65 2579.00 11.68
572.6 22373.82 2623.75 11.73
574.0 22675.95 2671.35 11.78
575.4 22958.44 2717.21 11.84
576.9 23231.09 2760.22 11.88
578.3 23477.03 2803.16 11.94
579.7 23721.74 2842.60 11.98
581.1 23920.49 2875.17 12.02
582.6 24132.47 2912.40 12.07
584.0 24305.80 2941.29 12.10
585.4 24549.94 2981.21 12.14
586.8 24845.17 3030.86 12.20
588.3 25201.80 3091.61 12.27
589.7 25517.70 3141.22 12.31
591.1 25735.55 3176.04 12.34
592.5 25883.00 3201.89 12.37
594.0 25998.42 3216.78 12.37
595.4 26057.54 3225.53 12.38
596.8 26115.38 3232.94 12.38
598.2 26174.55 3247.71 12.41
599.6 26202.06 3259.84 12.44
601.0 26298.70 3274.01 12.45
602.4 26372.18 3292.33 12.48
603.9 26501.77 3318.04 12.52
605.3 26625.41 3340.90 12.55
606.7 26749.80 3366.00 12.58
608.1 26941.18 3401.60 12.63
609.5 27151.69 3441.44 12.67
610.9 27387.74 3485.47 12.73
612.3 27589.20 3527.50 12.79
613.7 27871.80 3581.43 12.85
615.1 28061.64 3620.38 12.90
616.5 28235.16 3656.51 12.95
617.9 28534.12 3717.48 13.03
619.3 28808.15 3777.53 13.11
620.7 29149.14 3841.12 13.18
622.1 29527.66 3902.22 13.22
623.5 29951.83 3991.02 13.32
624.9 30436.35 4095.05 13.45
626.3 30757.12 4157.23 13.52
627.7 30461.43 4149.69 13.62
629.1 30188.34 4152.79 13.76
630.5 30083.03 4197.52 13.95
631.9 30076.12 4206.76 13.99
633.3 30078.24 4077.17 13.56
634.7 30183.54 3960.63 13.12
636.1 30268.81 3843.42 12.70
637.5 30374.19 3760.91 12.38
638.9 30520.15 3756.40 12.31
640.2 30643.60 3816.14 12.45
641.6 30733.56 3981.28 12.95
643.0 30777.50 4173.90 13.56
644.4 30869.16 4341.66 14.06
645.8 30855.38 4461.76 14.46
647.2 31023.20 4575.43 14.75
648.5 31185.15 4620.49 14.82
649.9 31117.13 4608.63 14.81
651.3 31099.80 4620.09 14.86
652.7 31059.00 4616.52 14.86
654.1 30961.56 4529.35 14.63
655.5 30829.51 4428.35 14.36
656.8 30685.81 4339.67 14.14
658.2 30861.69 4325.12 14.01
659.6 31181.89 4354.56 13.97
660.9 31452.29 4403.23 14.00
662.3 31767.46 4438.15 13.97
663.7 32102.70 4470.06 13.92
665.0 32334.98 4506.95 13.94
666.4 32575.38 4549.61 13.97
667.8 32873.84 4598.27 13.99
669.1 33084.01 4635.20 14.01
670.5 33327.47 4690.81 14.07
671.9 33513.12 4731.98 14.12
673.2 33742.50 4782.85 14.17
674.6 33950.66 4825.55 14.21
676.0 34219.05 4886.54 14.28
677.3 34494.18 4944.20 14.33
678.7 34767.13 5003.10 14.39
680.0 35103.31 5061.77 14.42
681.4 35420.13 5121.54 14.46
682.8 35763.00 5198.38 14.54
684.1 36073.44 5262.19 14.59
685.5 36318.59 5338.36 14.70
686.8 36607.26 5408.06 14.77
688.2 36844.31 5471.47 14.85
689.5 36898.97 5523.09 14.97
690.9 36950.15 5560.96 15.05
692.2 37008.15 5592.15 15.11
693.6 37024.93 5624.97 15.19
694.9 37005.38 5636.69 15.23
696.2 37027.13 5663.00 15.29
697.6 37047.86 5690.03 15.36
698.9 37049.76 5706.62 15.40
700.3 37075.62 5733.56 15.46
701.6 37124.24 5768.76 15.54
703.0 37178.40 5795.09 15.59
704.3 37172.20 5798.49 15.60
705.6 37157.22 5805.43 15.62
707.0 37168.46 5812.50 15.64
708.3 37076.04 5823.72 15.71
709.6 36967.81 5834.79 15.78
711.0 36867.73 5841.27 15.84
712.3 36770.31 5854.13 15.92
713.6 36755.88 5860.01 15.94
714.9 36684.64 5869.31 16.00
716.3 36701.44 5878.80 16.02
717.6 36734.04 5878.53 16.00
718.9 36680.73 5864.81 15.99
720.2 36496.25 5832.78 15.98
721.6 36394.28 5815.55 15.98
722.9 36240.12 5797.71 16.00
724.2 36067.30 5777.53 16.02
725.5 35963.70 5780.62 16.07
726.8 35833.96 5780.57 16.13
728.1 35810.80 5784.67 16.15
729.5 35779.10 5772.77 16.13
730.8 35779.13 5784.89 16.17
732.1 35704.25 5788.56 16.21
733.4 35690.92 5801.79 16.26
734.7 35685.89 5810.55 16.28
736.0 35729.66 5818.23 16.28
737.3 35717.44 5822.36 16.30
738.6 35830.21 5852.24 16.33
739.9 36014.88 5893.88 16.37
741.2 36161.58 5939.39 16.42
742.5 36363.94 6002.20 16.51
743.8 36737.66 6085.70 16.57
745.1 37309.08 6204.29 16.63
746.4 37926.98 6348.34 16.74
747.7 38536.99 6492.45 16.85
749.0 39118.92 6614.66 16.91
750.3 39493.02 6667.01 16.88
751.6 39440.80 6661.59 16.89
752.9 39084.79 6610.08 16.91
754.2 38731.25 6554.92 16.92
755.4 38386.91 6500.22 16.93
756.7 38244.09 6494.14 16.98
758.0 38261.36 6529.57 17.07
759.3 38489.95 6601.24 17.15
760.6 38786.44 6703.31 17.28
761.9 39062.28 6805.50 17.42
763.1 39197.21 6856.83 17.49
764.4 39371.54 6900.75 17.53
765.7 39490.75 6934.85 17.56
767.0 39577.16 6967.61 17.61
768.2 39644.64 7021.73 17.71
769.5 39697.68 7061.92 17.79
770.8 39836.32 7109.87 17.85
772.0 39856.44 7149.56 17.94
773.3 39898.95 7198.41 18.04
774.6 39978.84 7206.91 18.03
775.8 40054.79 7222.35 18.03
777.1 40085.96 7224.75 18.02
778.4 40059.57 7236.87 18.07
779.6 39999.54 7250.06 18.13
780.9 39948.00 7268.00 18.19
782.1 39837.20 7282.44 18.28
783.4 39802.88 7307.46 18.36
784.6 39851.08 7347.05 18.44
785.9 40095.40 7423.22 18.51
787.1 40531.58 7543.30 18.61
788.4 40834.19 7585.39 18.58
789.6 40796.10 7511.25 18.41
790.9 40479.11 7427.87 18.35
792.1 40128.24 7379.54 18.39
793.4 39739.41 7335.40 18.46
794.6 39507.48 7274.12 18.41
795.8 39314.07 7248.21 18.44
797.1 39097.95 7215.69 18.46
798.3 38940.83 7212.81 18.52
799.5 38821.14 7191.68 18.53
800.8 38733.05 7180.11 18.54
802.0 38591.76 7164.20 18.56
803.2 38469.72 7166.01 18.63
804.5 38377.94 7167.26 18.68
805.7 38264.87 7152.79 18.69
806.9 38181.95 7136.83 18.69
808.1 38074.65 7124.78 18.71
809.4 38033.33 7120.25 18.72
810.6 37951.55 7101.64 18.71
811.8 37942.61 7126.70 18.78
813.0 37965.80 7144.39 18.82
814.2 37975.49 7181.73 18.91
815.4 38039.93 7218.41 18.98
816.6 38032.65 7243.64 19.05
817.9 38050.16 7255.11 19.07
819.1 37997.24 7241.67 19.06
820.3 37865.18 7233.12 19.10
821.5 37787.61 7239.29 19.16
822.7 37714.41 7234.93 19.18
823.9 37704.87 7251.68 19.23
825.1 37688.07 7286.18 19.33
826.3 37716.38 7315.24 19.40
827.5 37726.06 7332.39 19.44
828.7 37779.60 7361.66 19.49
829.9 37796.29 7385.50 19.54
831.0 37849.02 7426.44 19.62
832.2 37913.75 7447.77 19.64
833.4 37950.44 7486.80 19.73
834.6 37978.13 7514.06 19.79
835.8 38031.53 7542.05 19.83
837.0 38073.26 7588.91 19.93
838.1 38178.69 7634.77 20.00
839.3 38239.24 7695.57 20.12
840.5 38296.24 7747.00 20.23
841.7 38381.58 7781.21 20.27
842.9 38485.06 7833.97 20.36
844.0 38543.94 7886.12 20.46
845.2 38626.85 7933.57 20.54
846.4 38724.98 7980.31 20.61
847.5 38888.12 8041.38 20.68
848.7 39002.30 8101.56 20.77
849.9 39141.74 8162.83 20.85
851.0 39173.78 8160.82 20.83
852.2 39245.07 8170.61 20.82
853.3 39202.67 8166.18 20.83
854.5 39188.19 8181.32 20.88
855.6 39170.88 8197.18 20.93
856.8 39193.80 8213.13 20.96
857.9 39192.81 8231.04 21.00
859.1 39326.60 8253.44 20.99
860.2 39300.24 8256.94 21.01
861.4 39344.78 8286.66 21.06
862.5 39384.29 8301.76 21.08
863.7 39467.66 8345.83 21.15
864.8 39454.45 8365.70 21.20
865.9 39398.65 8384.44 21.28
867.1 39448.45 8408.73 21.32
868.2 39441.53 8420.87 21.35
869.3 39465.67 8430.73 21.36
870.5 39438.89 8419.92 21.35
871.6 39473.54 8439.02 21.38
872.7 39541.37 8456.42 21.39
873.9 39548.50 8460.04 21.39
875.0 39546.05 8457.03 21.39
876.1 39583.15 8495.86 21.46
877.2 39616.79 8509.23 21.48
878.3 39601.98 8563.97 21.63
879.4 39662.11 8606.17 21.70
880.5 39702.60 8629.42 21.74
881.7 39698.10 8608.86 21.69
882.8 39775.46 8628.78 21.69
883.9 39785.32 8615.63 21.66
885.0 39766.55 8586.81 21.59
886.1 39735.85 8578.86 21.59
887.2 39664.66 8565.12 21.59
888.3 39567.00 8508.70 21.50
889.4 39535.02 8497.24 21.49
890.5 39459.91 8502.52 21.55
891.6 39428.33 8490.17 21.53
892.7 39429.01 8504.65 21.57
893.8 39492.50 8545.35 21.64
894.9 39505.51 8531.07 21.59
896.0 39527.49 8547.92 21.63
897.0 39487.40 8575.15 21.72
898.1 39490.45 8576.08 21.72
899.2 39536.22 8598.40 21.75
900.3 39503.73 8640.68 21.87
901.4 39454.09 8633.70 21.88
902.4 39461.49 8632.85 21.88
903.5 39418.10 8636.61 21.91
904.6 39431.18 8630.94 21.89
905.7 39454.64 8612.47 21.83
906.7 39397.52 8617.54 21.87
907.8 39514.80 8664.20 21.93
908.9 39443.33 8675.78 22.00
909.9 39411.21 8688.63 22.05
911.0 39357.50 8699.25 22.10
912.1 39280.99 8713.81 22.18
913.1 39233.48 8716.14 22.22
914.2 39173.92 8700.46 22.21
915.2 39170.79 8711.28 22.24
916.3 39094.50 8715.36 22.29
917.3 39076.47 8694.21 22.25
918.4 39031.30 8726.08 22.36
919.4 39022.48 8722.67 22.35
920.5 39026.74 8745.38 22.41
921.5 39018.63 8788.32 22.52
922.6 38959.72 8784.11 22.55
923.6 39026.05 8801.35 22.55
924.7 39022.50 8815.00 22.59
925.7 39030.84 8824.84 22.61
926.7 39009.32 8868.15 22.73
927.8 39032.57 8877.08 22.74
928.8 39142.62 8898.29 22.73
929.9 39330.10 8939.99 22.73
930.9 39447.46 9003.84 22.82
931.9 39602.61 9046.09 22.84
932.9 39864.58 9066.37 22.74
934.0 39909.81 9081.06 22.75
935.0 39942.68 9131.44 22.86
936.0 39929.50 9177.51 22.98
937.0 39883.94 9223.38 23.13
938.1 39848.52 9259.76 23.24
939.1 39753.89 9246.26 23.26
940.1 39867.76 9284.67 23.29
941.1 39995.43 9322.83 23.31
942.1 40229.45 9418.12 23.41
943.1 40393.76 9481.44 23.47
944.1 40552.56 9583.98 23.63
945.2 40570.32 9590.53 23.64
946.2 40685.67 9625.25 23.66
947.2 40740.25 9651.40 23.69
948.2 40874.09 9692.30 23.71
949.2 40954.06 9768.20 23.85
950.2 41026.00 9792.85 23.87
951.2 41012.16 9844.63 24.00
952.2 41170.94 9872.89 23.98
953.2 41257.13 9919.46 24.04
954.2 41395.95 9964.58 24.07
955.2 41401.94 9973.34 24.09
956.2 41391.82 10003.55 24.17
957.2 41524.97 10022.83 24.14
958.2 41486.28 10091.08 24.32
959.2 41625.00 10186.47 24.47
960.1 41647.94 10188.17 24.46
961.1 41725.78 10179.91 24.40
962.1 41752.50 10235.06 24.51
963.1 41720.60 10285.12 24.65
964.1 41837.60 10283.83 24.58
965.1 41932.95 10335.53 24.65
966.1 41961.44 10414.62 24.82
967.0 42058.17 10422.50 24.78
968.0 42094.69 10493.53 24.93
969.0 42115.20 10528.80 25.00
970.0 42092.26 10599.21 25.18
971.0 42266.18 10672.49 25.25
971.9 42275.33 10712.90 25.34
972.9 42388.85 10695.56 25.23
973.9 42492.13 10788.64 25.39
974.9 42580.28 10843.02 25.46
975.8 42630.52 10955.65 25.70
976.8 42806.43 11003.08 25.70
977.8 42848.34 11099.15 25.90
978.8 42868.95 11209.26 26.15
979.7 43050.58 11345.70 26.35
980.7 43264.32 11484.13 26.54
981.7 43347.07 11747.62 27.10
982.6 43545.07 11848.87 27.21
983.6 44003.55 12016.56 27.31
984.6 44377.46 12196.26 27.48
985.5 44900.28 12569.33 27.99
986.5 45688.01 12805.29 28.03
987.5 46285.78 13179.99 28.48
988.4 47161.40 13358.84 28.33
989.4 47812.76 13657.22 28.56
990.4 48753.98 13867.15 28.44
991.3 50274.64 14042.81 27.93
992.3 50864.45 13968.16 27.46
993.2 51610.85 14406.16 27.91
994.2 53891.66 14674.73 27.23
995.2 55394.96 14660.08 26.46
996.1 55625.12 14975.99 26.92
997.1 56348.70 14982.89 26.59
998.0 54473.40 14457.72 26.54
999.0 55283.87 14597.83 26.41
1000.0 55127.21 14625.59 26.53
1000.9 55875.58 14873.92 26.62
1001.9 56355.47 15001.10 26.62
1002.8 54776.67 14300.47 26.11
1003.8 57170.04 14139.77 24.73
1004.8 54763.20 14329.70 26.17
961.5 49984.08 12665.21 25.34
965.5 48959.90 12112.03 24.74
969.5 47367.08 11342.32 23.95
973.4 45664.01 10908.88 23.89
977.4 44063.24 10543.28 23.93
981.4 43484.76 10369.00 23.85
985.3 43466.28 10502.71 24.16
989.3 43739.41 10696.01 24.45
993.3 44088.36 10832.30 24.57
997.2 44246.85 10865.85 24.56
1001.2 44240.69 10851.75 24.53
1005.2 44147.66 10855.33 24.59
1009.1 44170.72 10889.86 24.65
1013.1 44298.35 10972.43 24.77
1017.1 44409.64 11059.05 24.90
1021.0 44418.65 11107.47 25.01
1025.0 44431.92 11151.97 25.10
1029.0 44310.95 11127.83 25.11
1032.9 44196.36 11107.72 25.13
1036.9 44214.81 11134.85 25.18
1040.9 44317.48 11218.65 25.31
1044.8 44471.57 11306.42 25.42
1048.8 44586.22 11371.28 25.50
1052.7 44660.98 11430.51 25.59
1056.7 44664.90 11480.38 25.70
1060.7 44652.74 11520.42 25.80
1064.6 44643.90 11555.00 25.88
1068.6 44545.19 11559.54 25.95
1072.5 44448.63 11562.20 26.01
1076.5 44390.31 11573.77 26.07
1080.4 44363.13 11606.66 26.16
1084.4 44428.99 11642.25 26.20
1088.3 44526.89 11703.87 26.28
1092.3 44515.11 11744.43 26.38
1096.2 44485.25 11742.34 26.40
1100.2 44489.30 11757.35 26.43
1104.1 44387.15 11749.78 26.47
1108.1 44344.78 11762.22 26.52
1112.0 44255.25 11746.67 26.54
1116.0 44078.91 11712.61 26.57
1119.9 43920.46 11693.39 26.62
1123.9 43980.05 11715.65 26.64
1127.8 43933.44 11696.64 26.62
1131.8 43891.20 11677.65 26.61
1135.7 43904.71 11668.18 26.58
1139.6 43873.24 11672.49 26.61
1143.6 43814.30 11669.50 26.63
1147.5 43764.96 11638.18 26.59
1151.4 43600.54 11567.19 26.53
1155.4 43567.43 11537.95 26.48
1159.3 43548.37 11529.76 26.48
1163.2 43379.84 11507.47 26.53
1167.2 43333.14 11526.24 26.60
1171.1 43320.14 11548.76 26.66
1175.0 43247.45 11536.36 26.68
1179.0 43203.54 11530.66 26.69
1182.9 43281.26 11570.69 26.73
1186.8 43262.79 11577.17 26.76
1190.7 43059.97 11515.15 26.74
1194.7 42822.73 11439.33 26.71
1198.6 42602.18 11379.06 26.71
1202.5 42456.57 11349.84 26.73
1206.4 42335.53 11335.09 26.77
1210.3 42230.32 11334.66 26.84
1214.2 42126.94 11340.06 26.92
1218.2 41984.08 11341.22 27.01
1222.1 41854.50 11338.05 27.09
1226.0 41760.57 11339.39 27.15
1229.9 41673.90 11346.24 27.23
1233.8 41576.55 11321.70 27.23
1237.7 41528.30 11307.10 27.23
1241.6 41457.25 11317.89 27.30
1245.5 41309.15 11313.65 27.39
1249.4 41175.26 11309.12 27.47
1253.3 41058.30 11305.95 27.54
1257.2 40978.33 11312.89 27.61
1261.1 40873.57 11293.67 27.63
1265.0 40757.89 11251.95 27.61
1268.9 40587.74 11194.84 27.58
1272.8 40626.75 11231.85 27.65
1276.7 40780.33 11335.62 27.80
1280.6 40842.56 11390.75 27.89
1284.5 40748.73 11383.94 27.94
1288.4 40697.88 11370.03 27.94
1292.3 40562.50 11313.50 27.89
1296.2 40411.46 11271.24 27.89
1300.1 40239.63 11226.18 27.90
1303.9 40009.73 11153.46 27.88
1307.8 39785.54 11076.51 27.84
1311.7 39554.21 10996.20 27.80
1315.6 39326.35 10908.86 27.74
1319.5 39086.11 10811.16 27.66
1323.3 38870.69 10730.94 27.61
1327.2 38681.53 10666.46 27.58
1331.1 38474.56 10587.38 27.52
1335.0 38203.08 10479.75 27.43
1338.8 38009.09 10384.56 27.32
1342.7 37876.27 10272.82 27.12
1346.5 37598.34 10061.36 26.76
1350.4 37400.07 9844.85 26.32
1354.3 37094.65 9630.20 25.96
1358.1 36731.71 9460.31 25.76
1362.0 36487.36 9397.02 25.75
1365.8 36370.47 9402.67 25.85
1369.7 36432.94 9445.02 25.92
1373.5 36366.82 9368.93 25.76
1377.4 36166.21 9177.07 25.37
1381.2 35990.96 9024.24 25.07
1385.1 35936.27 8975.69 24.98
1389.0 35813.45 8898.56 24.85
1392.8 35598.92 8737.43 24.54
1396.6 35460.61 8569.84 24.17
1400.5 35253.63 8404.96 23.84
1404.3 35072.57 8262.62 23.56
1408.2 35016.72 8148.70 23.27
1412.0 34945.02 8047.70 23.03
1415.8 34962.39 7991.68 22.86
1419.6 34891.95 7927.08 22.72
1423.5 34842.23 7903.38 22.68
1427.3 34796.45 7883.74 22.66
1431.1 34758.75 7865.48 22.63
1434.9 34669.05 7831.26 22.59
1438.8 34606.94 7803.87 22.55
1442.6 34573.84 7796.42 22.55
1446.4 34441.31 7774.77 22.57
1450.2 34332.12 7762.64 22.61
1454.0 34220.52 7745.16 22.63
1457.8 34188.19 7750.93 22.67
1461.6 34155.00 7755.46 22.71
1465.4 34045.70 7741.80 22.74
1469.2 33870.20 7721.35 22.80
1473.0 33726.92 7719.03 22.89
1476.8 33664.28 7731.53 22.97
1480.7 33601.58 7748.60 23.06
1484.4 33488.64 7758.84 23.17
1488.2 33386.04 7763.40 23.25
1492.0 33257.25 7758.89 23.33
1495.8 33142.20 7766.85 23.43
1499.6 33034.11 7775.95 23.54
1503.4 32933.47 7799.79 23.68
1507.2 32852.74 7845.36 23.88
1510.9 32722.34 7879.51 24.08
1514.7 32573.11 7880.55 24.19
1518.5 32453.90 7810.14 24.07
1522.3 32317.90 7642.39 23.65
1526.0 32200.64 7526.34 23.37
1529.8 32127.61 7587.47 23.62
1533.6 32011.66 7738.82 24.18
1537.3 31894.88 7851.27 24.62
1541.1 31782.08 7867.42 24.75
1544.8 31651.20 7843.20 24.78
1548.6 31528.46 7820.21 24.80
1552.4 31450.00 7811.74 24.84
1556.1 31366.15 7796.35 24.86
1559.9 31270.43 7758.95 24.81
1563.6 31150.17 7709.30 24.75
1567.3 31046.10 7681.46 24.74
1571.1 30855.35 7660.70 24.83
1574.8 30723.08 7662.27 24.94
1578.6 30633.26 7667.87 25.03
1582.3 30519.48 7644.80 25.05
1586.0 30400.45 7614.49 25.05
1589.8 30269.89 7588.52 25.07
1593.5 30123.48 7566.30 25.12
1597.2 29998.09 7558.35 25.20
1600.9 29883.71 7526.20 25.18
1604.7 29753.95 7485.35 25.16
1608.4 29639.51 7473.04 25.21
1612.1 29489.62 7466.12 25.32
1615.8 29365.23 7448.98 25.37
1619.5 29298.37 7444.49 25.41
1623.2 29161.12 7423.05 25.46
1626.9 29003.45 7391.94 25.49
1630.6 28846.40 7368.90 25.55
1634.3 28721.00 7338.63 25.55
1638.0 28599.28 7288.45 25.48
1641.7 28456.49 7222.81 25.38
1645.4 28299.47 7160.45 25.30
1649.1 28138.66 7097.76 25.22
1652.8 28008.70 7049.54 25.17
1656.4 27859.80 6998.00 25.12
1660.1 27720.43 6946.64 25.06
1663.8 27551.22 6913.70 25.09
1667.5 27406.07 6879.05 25.10
1671.1 27282.14 6837.47 25.06
1674.8 27100.13 6798.36 25.09
1678.5 27060.12 6786.65 25.08
1682.1 27085.37 6781.88 25.04
1685.8 27087.74 6778.99 25.03
1689.5 26985.46 6755.82 25.04
1693.1 26859.21 6709.47 24.98
1696.8 26718.75 6654.75 24.91
1700.4 26575.97 6593.38 24.81
1704.0 26457.91 6554.08 24.77
1707.7 26210.69 6476.26 24.71
1711.3 25940.59 6377.78 24.59
1715.0 25755.85 6305.07 24.48
1718.6 25603.66 6241.58 24.38
1722.2 25471.82 6190.97 24.31
1725.9 25346.15 6150.74 24.27
1729.5 25225.17 6118.18 24.25
1733.1 25122.33 6105.46 24.30
1736.7 25028.77 6093.46 24.35
1740.3 24869.68 6064.14 24.38
1744.0 24796.20 6042.71 24.37
1747.5 24670.34 5994.24 24.30
1751.2 24460.97 5927.11 24.23
1754.8 24300.77 5876.64 24.18
1758.4 24168.99 5831.26 24.13
1762.0 24004.67 5790.94 24.12
1765.5 23878.06 5757.49 24.11
1769.1 23824.80 5743.20 24.11
1772.7 23745.17 5723.24 24.10
1776.3 23631.64 5695.37 24.10
1779.9 23517.13 5669.02 24.11
1783.5 23453.36 5644.48 24.07
1787.0 23338.16 5610.26 24.04
1790.6 23194.11 5579.44 24.06
1794.2 23099.94 5549.46 24.02
1797.8 23019.59 5522.03 23.99
1801.3 22943.45 5498.33 23.96
1804.9 22821.75 5457.38 23.91
1808.4 22758.56 5434.08 23.88
1812.0 22651.25 5383.85 23.77
1815.5 22537.46 5334.82 23.67
1819.1 22377.91 5283.28 23.61
1822.6 22230.86 5249.63 23.61
1826.2 22108.08 5223.14 23.63
1829.7 21962.63 5178.45 23.58
1833.2 21769.52 5108.99 23.47
1836.8 21568.82 5070.52 23.51
1840.3 21408.35 5081.90 23.74
1843.8 21283.15 5107.27 24.00
1847.3 21175.36 5160.88 24.37
1850.8 21026.88 5205.31 24.76
1854.3 20829.70 5193.79 24.93
1857.8 20716.80 5179.20 25.00
1861.3 20743.52 5104.18 24.61
1864.8 20771.48 4946.87 23.82
1868.3 20668.83 4781.60 23.13
1871.8 20505.60 4669.44 22.77
1875.3 20412.67 4625.53 22.66
1878.8 20386.82 4578.53 22.46
1882.3 20318.80 4496.14 22.13
1885.8 20165.84 4384.93 21.74
1889.3 19976.70 4262.25 21.34
1892.7 19815.25 4161.38 21.00
1896.2 19650.94 4090.33 20.81
1899.7 19441.16 4019.30 20.67
1903.1 19313.45 4048.97 20.96
1906.6 19304.54 4156.17 21.53
1910.0 19451.18 4273.84 21.97
1913.5 19794.95 4426.72 22.36
1917.0 20308.75 4615.63 22.73
1920.4 20662.58 4714.95 22.82
1923.8 20806.27 4659.74 22.40
1871.2 18887.00 4109.35 21.76
1873.9 18953.16 4209.43 22.21
1876.7 18991.47 4173.73 21.98
1879.5 19143.67 4133.29 21.59
1882.3 18900.39 4005.62 21.19
1885.1 18757.12 3870.38 20.63
1887.8 18909.61 3809.96 20.15
1890.6 18719.80 3742.40 19.99
1893.4 18700.00 3586.00 19.18
1896.2 18690.78 3424.58 18.32
1898.9 18634.09 3333.71 17.89
1901.7 18493.24 3233.08 17.48
1904.5 18663.12 3216.32 17.23
1907.2 18605.75 3239.50 17.41
1910.0 18464.96 3212.24 17.40
1912.7 18451.36 3162.63 17.14
1915.5 18338.72 3172.49 17.30
1918.2 18231.61 3184.72 17.47
1921.0 18078.76 3142.64 17.38
1923.7 18082.37 3164.92 17.50
1926.5 18028.91 3194.79 17.72
1929.2 17989.40 3190.63 17.74
1932.0 17961.44 3172.64 17.66
1934.7 17922.05 3161.06 17.64
1937.4 17800.47 3148.19 17.69
1940.2 17730.06 3183.97 17.96
1942.9 17801.07 3203.34 18.00
1945.6 17808.94 3213.28 18.04
1948.3 17731.12 3261.03 18.39
1951.1 17698.80 3241.77 18.32
1953.8 17700.00 3255.00 18.39
1956.5 17568.67 3264.55 18.58
1959.2 17632.03 3268.07 18.53
1961.9 17647.56 3298.86 18.69
1964.6 17543.58 3296.30 18.79
1967.3 17598.27 3316.73 18.85
1970.0 17419.60 3282.64 18.84
1972.8 17335.24 3312.32 19.11
1975.5 17419.52 3353.96 19.25
1978.2 17336.04 3337.56 19.25
1980.9 17221.82 3355.17 19.48
1983.5 17185.34 3353.31 19.51
1986.2 17183.55 3361.05 19.56
1988.9 17157.36 3384.33 19.73
1991.6 17017.92 3371.72 19.81
1994.3 16893.86 3382.24 20.02
1997.0 16913.63 3425.40 20.25
1999.7 16876.79 3397.18 20.13
2002.3 16857.27 3400.22 20.17
2005.0 16785.35 3446.25 20.53
2007.7 16706.93 3437.13 20.57
2010.4 16656.07 3431.71 20.60
2013.0 16600.58 3456.68 20.82
2015.7 16495.88 3458.31 20.96
2018.4 16401.61 3460.73 21.10
2021.0 16371.00 3419.83 20.89
2023.7 16264.64 3392.00 20.86
2026.4 16195.83 3416.62 21.10
2029.0 16138.97 3399.31 21.06
2031.7 16029.65 3396.90 21.19
2034.3 16012.75 3405.35 21.27
2037.0 15932.90 3386.45 21.25
2039.6 15864.39 3370.37 21.24
2042.3 15822.15 3347.53 21.16
2044.9 15747.27 3368.81 21.39
2047.5 15719.22 3377.22 21.48
2050.2 15638.00 3334.80 21.32
2052.8 15596.00 3337.60 21.40
2055.4 15487.61 3314.37 21.40
2058.1 15363.60 3273.20 21.30
2060.7 15311.01 3278.54 21.41
2063.3 15243.07 3285.48 21.55
2065.9 15200.63 3283.00 21.60
2068.6 15142.00 3260.67 21.53
2071.2 15102.27 3230.82 21.39
2073.8 15013.06 3220.88 21.45
2076.4 14939.89 3230.47 21.62
2079.0 14937.96 3220.26 21.56
2081.6 14955.68 3207.20 21.44
2084.2 14929.44 3194.13 21.39
2086.8 14795.01 3184.70 21.53
2089.4 14708.12 3182.74 21.64
2092.1 14645.50 3156.33 21.55
2094.7 14574.18 3158.35 21.67
2097.2 14543.50 3142.17 21.61
2099.8 14569.24 3139.87 21.55
2102.4 14455.51 3141.88 21.73
2105.0 14315.55 3123.60 21.82
2107.6 14281.54 3113.23 21.80
2110.2 14245.28 3120.15 21.90
2112.8 14225.04 3115.31 21.90
2115.3 14222.61 3103.17 21.82
2117.9 14223.97 3110.59 21.87
2120.5 14225.20 3098.65 21.78
2123.1 14136.53 3097.58 21.91
2125.6 14079.43 3109.89 22.09
2128.2 14012.88 3090.56 22.06
2130.8 13940.55 3074.18 22.05
2133.3 13889.33 3062.40 22.05
2135.9 13802.30 3029.92 21.95
2138.4 13704.95 3026.23 22.08
2141.0 13601.55 3008.85 22.12
2143.6 13585.34 2984.44 21.97
2146.1 13439.94 2973.59 22.13
2148.7 13282.54 2948.41 22.20
2151.2 13302.67 2956.80 22.23
2153.8 13324.47 2946.28 22.11
2156.3 13227.98 2920.85 22.08
2158.8 13160.05 2929.71 22.26
2161.4 13128.93 2921.80 22.25
2163.9 13034.58 2886.42 22.14
2166.4 12973.85 2879.79 22.20
2169.0 12959.07 2891.62 22.31
2171.5 12876.28 2859.10 22.20
2174.0 12786.55 2853.03 22.31
2176.5 12767.30 2849.47 22.32
2179.1 12718.27 2824.94 22.21
2181.6 12644.21 2807.46 22.20
2184.1 12612.60 2796.64 22.17
2186.6 12631.79 2811.95 22.26
2189.1 12551.10 2763.81 22.02
2191.6 12501.53 2747.27 21.98
2194.1 12512.72 2766.95 22.11
2196.6 12513.32 2744.51 21.93
2199.2 12564.98 2745.32 21.85
2201.7 12503.60 2754.30 22.03
2204.1 12450.01 2723.10 21.87
2206.6 12458.20 2745.28 22.04
2209.1 12429.94 2770.62 22.29
2211.6 12413.54 2729.38 21.99
2214.1 12385.83 2725.80 22.01
2216.6 12340.79 2696.82 21.85
2219.1 12355.98 2677.83 21.67
2221.6 12303.15 2687.51 21.84
2224.0 12230.10 2701.29 22.09
2226.5 12198.83 2682.53 21.99
2229.0 12234.63 2676.09 21.87
2231.5 12152.59 2627.38 21.62
2233.9 12137.64 2582.23 21.27
2236.4 12131.98 2578.48 21.25
2238.9 12024.13 2530.38 21.04
2241.3 12068.10 2530.22 20.97
2243.8 12017.57 2518.56 20.96
2246.2 11870.35 2481.07 20.90
2248.7 11882.39 2479.84 20.87
2251.2 11860.53 2459.73 20.74
2253.6 11784.96 2415.36 20.50
2256.1 11773.44 2365.44 20.09
2258.5 11793.92 2401.04 20.36
2260.9 11696.75 2381.54 20.36
2263.4 11668.53 2333.71 20.00
2265.8 11678.48 2346.47 20.09
2268.3 11583.48 2309.00 19.93
2270.7 11653.18 2268.46 19.47
2273.1 11608.55 2289.50 19.72
2275.6 11523.84 2292.48 19.89
2278.0 11553.06 2263.72 19.59
2280.4 11529.61 2270.52 19.69
2282.8 11402.06 2261.05 19.83
2285.3 11435.59 2266.90 19.82
2287.7 11531.47 2276.62 19.74
2290.1 11440.95 2205.96 19.28
2292.5 11408.96 2170.68 19.03
2294.9 11404.51 2181.32 19.13
2297.3 11303.39 2163.39 19.14
2299.7 11233.01 2124.20 18.91
2302.1 11231.11 2093.80 18.64
2304.5 11113.20 2112.88 19.01
2306.9 10995.60 2097.20 19.07
2309.3 10932.15 2033.62 18.60
2311.7 10856.55 2044.93 18.84
2314.1 10708.33 2012.49 18.79
2316.5 10641.94 2009.40 18.88
2318.9 10674.03 2081.20 19.50
2321.3 10672.73 2036.30 19.08
2323.7 10642.23 2028.61 19.06
2326.1 10606.96 2051.27 19.34
2328.4 10691.58 1985.35 18.57
2330.8 10736.25 1991.83 18.55
2333.2 10617.06 2055.05 19.36
2335.6 10582.60 2026.01 19.14
2337.9 10642.00 2007.37 18.86
2340.3 10592.40 1985.81 18.75
2342.7 10507.23 1963.49 18.69
2345.0 10502.01 1966.21 18.72
2347.4 10493.25 1912.50 18.23
2349.7 10277.63 1896.62 18.45
2352.1 10236.25 1925.46 18.81
2354.4 10290.21 1929.95 18.76
2356.8 10243.45 1890.70 18.46
2359.2 10187.67 1885.00 18.50
2361.5 10122.93 1884.96 18.62
2363.8 10144.75 1879.63 18.53
2366.2 10159.49 1858.01 18.29
2368.5 10097.05 1842.30 18.25
2370.9 10118.68 1869.85 18.48
2373.2 10072.53 1843.63 18.30
2375.5 9932.38 1814.53 18.27
2377.9 9918.93 1782.31 17.97
2380.2 9923.89 1814.34 18.28
2382.5 9856.28 1819.62 18.46
2384.8 9822.88 1800.32 18.33
2387.2 9807.99 1814.39 18.50
2389.5 9759.69 1794.23 18.38
2391.8 9772.85 1753.98 17.95
2394.1 9716.63 1737.00 17.88
2396.4 9652.48 1746.64 18.10
2398.7 9714.10 1719.70 17.70
2401.0 9598.25 1740.64 18.13
2403.3 9511.80 1718.10 18.06
2405.6 9521.83 1684.44 17.69
2407.9 9458.88 1663.32 17.58
2410.2 9400.00 1654.40 17.60
2412.5 9350.27 1666.79 17.83
2414.8 9330.30 1658.61 17.78
2417.1 9280.68 1646.57 17.74
2419.4 9294.64 1609.89 17.32
2421.7 9214.94 1634.82 17.74
2424.0 9156.02 1611.42 17.60
2426.2 9223.40 1572.90 17.05
2428.5 9129.27 1611.68 17.65
2430.8 9112.40 1596.85 17.52
2433.1 9071.93 1587.59 17.50
2435.4 8991.17 1555.41 17.30
2437.6 8963.19 1516.25 16.92
2439.9 8866.09 1487.98 16.78
2442.2 8873.80 1496.03 16.86
2444.4 8827.50 1504.75 17.05
2446.7 8812.56 1442.48 16.37
2448.9 8870.66 1474.50 16.62
2451.2 8802.92 1448.28 16.45
2453.4 8732.64 1434.35 16.43
2455.7 8702.87 1471.76 16.91
2457.9 8608.05 1416.36 16.45
2460.2 8594.01 1411.79 16.43
2462.4 8611.20 1435.20 16.67
2464.7 8503.63 1413.07 16.62
2466.9 8416.62 1361.04 16.17
2469.2 8471.54 1348.19 15.91
2471.4 8370.38 1358.96 16.24
2473.6 8261.63 1332.31 16.13
2475.9 8256.69 1307.25 15.83
2478.1 8211.66 1304.85 15.89
2480.3 8173.00 1267.02 15.50
2482.5 8177.69 1258.11 15.38
2484.8 8119.06 1259.73 15.52
2487.0 8110.30 1207.29 14.89
2489.2 8058.48 1273.98 15.81
2491.4 7946.29 1344.88 16.92
2493.6 7987.26 1246.30 15.60
2495.8 7981.68 1227.34 15.38
2498.0 7985.07 1224.11 15.33
2500.2 7961.63 1246.90 15.66
2502.4 8125.20 1314.24 16.17
2504.6 8272.59 1220.70 14.76
2506.8 8348.61 1149.52 13.77
