/*** Spectra Vista SIG Data ***/
name= \My Documents\HR1024_Data\RTB2.
instrument= HR: 1091052
integration= 200, 60, 30, 1000, 60, 30
scan time= 1, 1
scan settings= AD, AI, AD, AI
external data set1= 8224, 8224, 8224, 8224, 8224, 8224, 8224, 8224, 8224, 8224, 8224, 8224, 8224, 8224, 8224, 8224
external data set2= 8224, 8224, 8224, 8224, 8224, 8224, 8224, 8224, 8224, 8224, 8224, 8224, 8224, 8224, 8224, 8224
external data dark= 0,0,0,0,0,0,0,0
external data mask= 0
optic= LENS4 , LENS4 
temp= 33.31, 8.94, -5.30, 48.37, 8.88, -5.03
battery= 7.5, 6.4
error= 0, 0
units= Radiance, Radiance
time= 1/1/08 1:10:44 PM, 1/1/08 2:15:09 PM
longitude= , 
latitude= , 
gpstime= , 
comm= 
memory slot= 0, 0
factors= 
data= 
346.4 509.60 53.51 10.50
347.9 549.06 56.48 10.29
349.5 608.40 59.90 9.85
351.1 655.20 59.28 9.05
352.6 708.40 63.88 9.02
354.2 752.68 65.45 8.70
355.7 818.30 74.76 9.14
357.3 873.81 76.98 8.81
358.8 891.23 74.09 8.31
360.4 967.31 82.31 8.51
361.9 1009.93 84.28 8.34
363.5 1059.53 83.10 7.84
365.1 1102.67 84.61 7.67
366.6 1156.59 89.77 7.76
368.2 1218.77 87.97 7.22
369.7 1306.00 90.77 6.95
371.3 1379.56 100.75 7.30
372.8 1457.48 106.24 7.29
374.4 1528.58 108.14 7.07
375.9 1575.56 119.82 7.61
377.4 1632.76 118.39 7.25
379.0 1683.54 122.21 7.26
380.5 1741.87 119.41 6.86
382.1 1805.51 125.29 6.94
383.6 1862.60 127.01 6.82
385.2 1949.75 138.05 7.08
386.7 2036.04 141.87 6.97
388.3 2135.96 149.46 7.00
389.8 2212.47 154.27 6.97
391.3 2314.34 163.20 7.05
392.9 2392.65 168.42 7.04
394.4 2474.90 175.68 7.10
395.9 2552.82 189.03 7.40
397.5 2664.75 192.51 7.22
399.0 2774.82 194.05 6.99
400.6 2852.64 200.93 7.04
402.1 2910.24 201.76 6.93
403.6 2965.71 210.50 7.10
405.1 3036.77 215.70 7.10
406.7 3133.76 222.21 7.09
408.2 3234.33 232.55 7.19
409.7 3330.88 241.92 7.26
411.3 3437.91 249.70 7.26
412.8 3528.93 262.60 7.44
414.3 3634.54 270.20 7.43
415.8 3740.00 278.00 7.43
417.4 3868.37 289.43 7.48
418.9 3954.39 298.54 7.55
420.4 4037.85 304.58 7.54
421.9 4106.74 310.24 7.55
423.5 4196.00 315.23 7.51
425.0 4263.51 321.39 7.54
426.5 4364.50 329.81 7.56
428.0 4488.82 340.72 7.59
429.5 4615.58 353.53 7.66
431.1 4756.23 366.10 7.70
432.6 4917.76 382.58 7.78
434.1 5064.68 398.86 7.88
435.6 5199.35 410.61 7.90
437.1 5333.25 425.10 7.97
438.6 5454.84 442.91 8.12
440.1 5584.70 453.99 8.13
441.6 5717.14 467.78 8.18
443.1 5852.25 483.17 8.26
444.7 5982.11 499.78 8.35
446.2 6104.50 514.46 8.43
447.7 6213.60 525.14 8.45
449.2 6315.84 531.79 8.42
450.7 6414.72 539.14 8.40
452.2 6543.45 554.52 8.47
453.7 6682.65 564.71 8.45
455.2 6842.54 581.94 8.50
456.7 7029.44 602.27 8.57
458.2 7231.16 622.11 8.60
459.7 7428.75 645.75 8.69
461.2 7633.63 667.17 8.74
462.7 7815.14 686.64 8.79
464.2 8000.76 703.45 8.79
465.7 8191.53 722.84 8.82
467.2 8352.58 739.97 8.86
468.7 8552.00 762.80 8.92
470.2 8711.17 782.22 8.98
471.7 8854.00 793.73 8.96
473.2 9050.37 799.67 8.84
474.6 9252.88 815.66 8.82
476.1 9378.88 835.28 8.91
477.6 9464.51 851.51 9.00
479.1 9567.20 859.80 8.99
480.6 9658.16 867.71 8.98
482.1 9797.74 884.07 9.02
483.6 9963.22 897.91 9.01
485.1 10140.49 919.94 9.07
486.6 10356.19 941.38 9.09
488.0 10562.50 969.15 9.18
489.5 10784.97 995.16 9.23
491.0 10998.86 1025.87 9.33
492.5 11224.98 1053.65 9.39
494.0 11462.99 1084.99 9.47
495.4 11663.85 1110.78 9.52
496.9 11870.36 1138.61 9.59
498.4 12074.30 1168.50 9.68
499.9 12278.41 1194.35 9.73
501.4 12476.75 1222.20 9.80
502.8 12664.51 1245.71 9.84
504.3 12846.60 1267.92 9.87
505.8 13033.73 1293.50 9.92
507.2 13172.68 1309.51 9.94
508.7 13289.99 1326.39 9.98
510.2 13412.81 1334.32 9.95
511.6 13494.72 1342.12 9.95
513.1 13630.43 1356.87 9.95
514.6 13795.53 1370.01 9.93
516.0 13946.28 1386.79 9.94
517.5 14135.83 1408.57 9.96
519.0 14365.19 1436.18 10.00
520.5 14579.60 1458.94 10.01
521.9 14828.55 1490.60 10.05
523.4 15093.49 1526.42 10.11
524.8 15349.14 1560.27 10.17
526.3 15633.70 1601.15 10.24
527.8 15915.89 1640.95 10.31
529.2 16178.21 1678.94 10.38
530.7 16455.24 1721.67 10.46
532.1 16698.15 1760.26 10.54
533.6 16994.07 1804.16 10.62
535.0 17295.55 1846.85 10.68
536.5 17581.25 1892.68 10.77
538.0 17895.84 1941.20 10.85
539.4 18160.64 1982.31 10.92
540.9 18488.86 2031.06 10.99
542.3 18738.28 2066.34 11.03
543.8 18940.29 2101.02 11.09
545.2 19020.35 2121.69 11.15
546.6 19057.19 2139.91 11.23
548.1 19121.11 2152.90 11.26
549.5 19166.91 2164.98 11.30
551.0 19217.70 2177.83 11.33
552.4 19311.21 2190.65 11.34
553.9 19371.38 2202.42 11.37
555.3 19461.20 2217.62 11.40
556.8 19596.88 2242.01 11.44
558.2 19743.75 2266.65 11.48
559.6 19902.71 2291.03 11.51
561.1 20117.50 2325.70 11.56
562.5 20332.52 2362.09 11.62
564.0 20611.34 2408.25 11.68
565.4 20865.50 2448.07 11.73
566.8 21177.73 2501.01 11.81
568.3 21463.05 2547.14 11.87
569.7 21776.78 2596.88 11.93
571.1 22080.65 2648.02 11.99
572.6 22373.82 2700.22 12.07
574.0 22675.95 2747.25 12.12
575.4 22958.44 2796.86 12.18
576.9 23231.09 2844.07 12.24
578.3 23477.03 2886.10 12.29
579.7 23721.74 2933.87 12.37
581.1 23920.49 2969.48 12.41
582.6 24132.47 3010.69 12.48
584.0 24305.80 3039.66 12.51
585.4 24549.94 3077.00 12.53
586.8 24845.17 3122.76 12.57
588.3 25201.80 3174.91 12.60
589.7 25517.70 3219.84 12.62
591.1 25735.55 3253.11 12.64
592.5 25883.00 3281.08 12.68
594.0 25998.42 3303.36 12.71
595.4 26057.54 3313.60 12.72
596.8 26115.38 3328.18 12.74
598.2 26174.55 3340.13 12.76
599.6 26202.06 3348.43 12.78
601.0 26298.70 3365.24 12.80
602.4 26372.18 3382.39 12.83
603.9 26501.77 3406.63 12.85
605.3 26625.41 3433.40 12.90
606.7 26749.80 3458.88 12.93
608.1 26941.18 3495.54 12.97
609.5 27151.69 3535.29 13.02
610.9 27387.74 3584.73 13.09
612.3 27589.20 3630.09 13.16
613.7 27871.80 3686.06 13.23
615.1 28061.64 3728.92 13.29
616.5 28235.16 3765.97 13.34
617.9 28534.12 3833.18 13.43
619.3 28808.15 3896.62 13.53
620.7 29149.14 3970.64 13.62
622.1 29527.66 4041.87 13.69
623.5 29951.83 4142.97 13.83
624.9 30436.35 4247.20 13.95
626.3 30757.12 4321.07 14.05
627.7 30461.43 4322.21 14.19
629.1 30188.34 4252.14 14.09
630.5 30083.03 4039.39 13.43
631.9 30076.12 3852.78 12.81
633.3 30078.24 3756.83 12.49
634.7 30183.54 3763.09 12.47
636.1 30268.81 3758.20 12.42
637.5 30374.19 3813.03 12.55
638.9 30520.15 3970.23 13.01
640.2 30643.60 4179.34 13.64
641.6 30733.56 4372.06 14.23
643.0 30777.50 4519.56 14.68
644.4 30869.16 4642.47 15.04
645.8 30855.38 4691.90 15.21
647.2 31023.20 4725.60 15.23
648.5 31185.15 4750.13 15.23
649.9 31117.13 4740.45 15.23
651.3 31099.80 4754.73 15.29
652.7 31059.00 4741.98 15.27
654.1 30961.56 4648.91 15.02
655.5 30829.51 4560.09 14.79
656.8 30685.81 4476.17 14.59
658.2 30861.69 4478.94 14.51
659.6 31181.89 4521.41 14.50
660.9 31452.29 4553.13 14.48
662.3 31767.46 4582.48 14.43
663.7 32102.70 4623.78 14.40
665.0 32334.98 4658.97 14.41
666.4 32575.38 4692.09 14.40
667.8 32873.84 4749.52 14.45
669.1 33084.01 4806.16 14.53
670.5 33327.47 4854.61 14.57
671.9 33513.12 4888.25 14.59
673.2 33742.50 4947.67 14.66
674.6 33950.66 5001.05 14.73
676.0 34219.05 5062.29 14.79
677.3 34494.18 5113.06 14.82
678.7 34767.13 5155.68 14.83
680.0 35103.31 5226.74 14.89
681.4 35420.13 5297.16 14.96
682.8 35763.00 5387.66 15.06
684.1 36073.44 5470.45 15.16
685.5 36318.59 5550.74 15.28
686.8 36607.26 5635.86 15.40
688.2 36844.31 5698.69 15.47
689.5 36898.97 5737.43 15.55
690.9 36950.15 5769.95 15.62
692.2 37008.15 5797.17 15.66
693.6 37024.93 5830.59 15.75
694.9 37005.38 5841.58 15.79
696.2 37027.13 5873.63 15.86
697.6 37047.86 5904.77 15.94
698.9 37049.76 5940.00 16.03
700.3 37075.62 5972.79 16.11
701.6 37124.24 5986.04 16.12
703.0 37178.40 5998.38 16.13
704.3 37172.20 6003.47 16.15
705.6 37157.22 6026.40 16.22
707.0 37168.46 6047.48 16.27
708.3 37076.04 6076.35 16.39
709.6 36967.81 6097.45 16.49
711.0 36867.73 6090.96 16.52
712.3 36770.31 6106.93 16.61
713.6 36755.88 6110.50 16.62
714.9 36684.64 6094.46 16.61
716.3 36701.44 6096.29 16.61
717.6 36734.04 6091.64 16.58
718.9 36680.73 6072.42 16.55
720.2 36496.25 6049.50 16.58
721.6 36394.28 6042.19 16.60
722.9 36240.12 6038.25 16.66
724.2 36067.30 6034.63 16.73
725.5 35963.70 6027.65 16.76
726.8 35833.96 6004.33 16.76
728.1 35810.80 6012.95 16.79
729.5 35779.10 6025.49 16.84
730.8 35779.13 6035.09 16.87
732.1 35704.25 6042.76 16.92
733.4 35690.92 6039.05 16.92
734.7 35685.89 6036.64 16.92
736.0 35729.66 6058.08 16.96
737.3 35717.44 6065.18 16.98
738.6 35830.21 6108.80 17.05
739.9 36014.88 6152.36 17.08
741.2 36161.58 6192.73 17.13
742.5 36363.94 6267.49 17.24
743.8 36737.66 6358.85 17.31
745.1 37309.08 6512.33 17.46
746.4 37926.98 6675.76 17.60
747.7 38536.99 6804.90 17.66
749.0 39118.92 6912.76 17.67
750.3 39493.02 6958.29 17.62
751.6 39440.80 6926.33 17.56
752.9 39084.79 6837.39 17.49
754.2 38731.25 6769.10 17.48
755.4 38386.91 6737.54 17.55
756.7 38244.09 6764.96 17.69
758.0 38261.36 6820.31 17.83
759.3 38489.95 6934.85 18.02
760.6 38786.44 7027.94 18.12
761.9 39062.28 7093.56 18.16
763.1 39197.21 7140.37 18.22
764.4 39371.54 7192.17 18.27
765.7 39490.75 7242.30 18.34
767.0 39577.16 7311.74 18.47
768.2 39644.64 7357.73 18.56
769.5 39697.68 7405.72 18.66
770.8 39836.32 7465.09 18.74
772.0 39856.44 7486.33 18.78
773.3 39898.95 7505.76 18.81
774.6 39978.84 7526.42 18.83
775.8 40054.79 7556.48 18.87
777.1 40085.96 7574.58 18.90
778.4 40059.57 7589.58 18.95
779.6 39999.54 7631.27 19.08
780.9 39948.00 7643.20 19.13
782.1 39837.20 7662.82 19.24
783.4 39802.88 7676.03 19.29
784.6 39851.08 7708.28 19.34
785.9 40095.40 7822.84 19.51
787.1 40531.58 7943.44 19.60
788.4 40834.19 7976.64 19.53
789.6 40796.10 7875.80 19.31
790.9 40479.11 7761.35 19.17
792.1 40128.24 7726.02 19.25
793.4 39739.41 7674.71 19.31
794.6 39507.48 7628.32 19.31
795.8 39314.07 7585.64 19.29
797.1 39097.95 7552.41 19.32
798.3 38940.83 7541.33 19.37
799.5 38821.14 7548.05 19.44
800.8 38733.05 7550.55 19.49
802.0 38591.76 7545.69 19.55
803.2 38469.72 7539.36 19.60
804.5 38377.94 7527.25 19.61
805.7 38264.87 7499.21 19.60
806.9 38181.95 7478.02 19.59
808.1 38074.65 7456.38 19.58
809.4 38033.33 7450.58 19.59
810.6 37951.55 7456.54 19.65
811.8 37942.61 7476.04 19.70
813.0 37965.80 7501.93 19.76
814.2 37975.49 7547.62 19.87
815.4 38039.93 7594.81 19.97
816.6 38032.65 7602.74 19.99
817.9 38050.16 7594.85 19.96
819.1 37997.24 7587.14 19.97
820.3 37865.18 7569.28 19.99
821.5 37787.61 7562.17 20.01
822.7 37714.41 7577.92 20.09
823.9 37704.87 7610.55 20.18
825.1 37688.07 7621.43 20.22
826.3 37716.38 7648.66 20.28
827.5 37726.06 7678.00 20.35
828.7 37779.60 7700.93 20.38
829.9 37796.29 7729.35 20.45
831.0 37849.02 7760.04 20.50
832.2 37913.75 7801.86 20.58
833.4 37950.44 7821.78 20.61
834.6 37978.13 7866.56 20.71
835.8 38031.53 7918.16 20.82
837.0 38073.26 7965.54 20.92
838.1 38178.69 8022.10 21.01
839.3 38239.24 8067.64 21.10
840.5 38296.24 8111.82 21.18
841.7 38381.58 8164.83 21.27
842.9 38485.06 8219.48 21.36
844.0 38543.94 8261.40 21.43
845.2 38626.85 8313.16 21.52
846.4 38724.98 8399.37 21.69
847.5 38888.12 8471.09 21.78
848.7 39002.30 8501.52 21.80
849.9 39141.74 8531.68 21.80
851.0 39173.78 8527.63 21.77
852.2 39245.07 8539.32 21.76
853.3 39202.67 8553.63 21.82
854.5 39188.19 8568.11 21.86
855.6 39170.88 8574.66 21.89
856.8 39193.80 8587.51 21.91
857.9 39192.81 8589.18 21.92
859.1 39326.60 8616.76 21.91
860.2 39300.24 8633.74 21.97
861.4 39344.78 8692.91 22.09
862.5 39384.29 8724.08 22.15
863.7 39467.66 8766.66 22.21
864.8 39454.45 8801.94 22.31
865.9 39398.65 8800.09 22.34
867.1 39448.45 8816.84 22.35
868.2 39441.53 8822.72 22.37
869.3 39465.67 8818.75 22.35
870.5 39438.89 8821.89 22.37
871.6 39473.54 8825.12 22.36
872.7 39541.37 8826.27 22.32
873.9 39548.50 8859.34 22.40
875.0 39546.05 8868.27 22.43
876.1 39583.15 8913.33 22.52
877.2 39616.79 8952.55 22.60
878.3 39601.98 8976.56 22.67
879.4 39662.11 8989.32 22.66
880.5 39702.60 9013.61 22.70
881.7 39698.10 8995.87 22.66
882.8 39775.46 8988.89 22.60
883.9 39785.32 8995.70 22.61
885.0 39766.55 8961.23 22.53
886.1 39735.85 8952.87 22.53
887.2 39664.66 8918.94 22.49
888.3 39567.00 8900.78 22.50
889.4 39535.02 8862.54 22.42
890.5 39459.91 8871.73 22.48
891.6 39428.33 8872.73 22.50
892.7 39429.01 8866.55 22.49
893.8 39492.50 8881.50 22.49
894.9 39505.51 8898.10 22.52
896.0 39527.49 8920.53 22.57
897.0 39487.40 8924.13 22.60
898.1 39490.45 8977.30 22.73
899.2 39536.22 9009.36 22.79
900.3 39503.73 8991.86 22.76
901.4 39454.09 8982.52 22.77
902.4 39461.49 9009.76 22.83
903.5 39418.10 8971.28 22.76
904.6 39431.18 8967.01 22.74
905.7 39454.64 8988.60 22.78
906.7 39397.52 9012.58 22.88
907.8 39514.80 9039.98 22.88
908.9 39443.33 9054.77 22.96
909.9 39411.21 9075.22 23.03
911.0 39357.50 9060.17 23.02
912.1 39280.99 9077.71 23.11
913.1 39233.48 9065.89 23.11
914.2 39173.92 9047.92 23.10
915.2 39170.79 9048.94 23.10
916.3 39094.50 9047.01 23.14
917.3 39076.47 9051.84 23.16
918.4 39031.30 9063.89 23.22
919.4 39022.48 9085.43 23.28
920.5 39026.74 9086.27 23.28
921.5 39018.63 9115.82 23.36
922.6 38959.72 9104.29 23.37
923.6 39026.05 9124.88 23.38
924.7 39022.50 9161.15 23.48
925.7 39030.84 9154.98 23.46
926.7 39009.32 9166.53 23.50
927.8 39032.57 9194.04 23.55
928.8 39142.62 9231.75 23.58
929.9 39330.10 9252.01 23.52
930.9 39447.46 9289.28 23.55
931.9 39602.61 9320.57 23.54
932.9 39864.58 9382.77 23.54
934.0 39909.81 9423.21 23.61
935.0 39942.68 9480.20 23.73
936.0 39929.50 9532.86 23.87
937.0 39883.94 9573.10 24.00
938.1 39848.52 9544.06 23.95
939.1 39753.89 9529.88 23.97
940.1 39867.76 9556.61 23.97
941.1 39995.43 9627.94 24.07
942.1 40229.45 9725.55 24.18
943.1 40393.76 9806.11 24.28
944.1 40552.56 9861.70 24.32
945.2 40570.32 9879.58 24.35
946.2 40685.67 9904.93 24.35
947.2 40740.25 9948.33 24.42
948.2 40874.09 9988.72 24.44
949.2 40954.06 10041.69 24.52
950.2 41026.00 10085.09 24.58
951.2 41012.16 10104.53 24.64
952.2 41170.94 10146.01 24.64
953.2 41257.13 10185.63 24.69
954.2 41395.95 10208.79 24.66
955.2 41401.94 10243.72 24.74
956.2 41391.82 10269.68 24.81
957.2 41524.97 10329.36 24.88
958.2 41486.28 10374.83 25.01
959.2 41625.00 10419.57 25.03
960.1 41647.94 10406.03 24.99
961.1 41725.78 10451.46 25.05
962.1 41752.50 10452.38 25.03
963.1 41720.60 10504.03 25.18
964.1 41837.60 10575.20 25.28
965.1 41932.95 10627.11 25.34
966.1 41961.44 10642.82 25.36
967.0 42058.17 10725.95 25.50
968.0 42094.69 10751.30 25.54
969.0 42115.20 10815.56 25.68
970.0 42092.26 10850.84 25.78
971.0 42266.18 10877.56 25.74
971.9 42275.33 10897.11 25.78
972.9 42388.85 10975.86 25.89
973.9 42492.13 11029.98 25.96
974.9 42580.28 11112.35 26.10
975.8 42630.52 11142.97 26.14
976.8 42806.43 11183.07 26.12
977.8 42848.34 11264.81 26.29
978.8 42868.95 11345.46 26.47
979.7 43050.58 11507.05 26.73
980.7 43264.32 11651.15 26.93
981.7 43347.07 11834.58 27.30
982.6 43545.07 12040.91 27.65
983.6 44003.55 12155.91 27.62
984.6 44377.46 12365.31 27.86
985.5 44900.28 12624.34 28.12
986.5 45688.01 12900.14 28.24
987.5 46285.78 13070.00 28.24
988.4 47161.40 13380.18 28.37
989.4 47812.76 13632.26 28.51
990.4 48753.98 13662.79 28.02
991.3 50274.64 14042.81 27.93
992.3 50864.45 14007.29 27.54
993.2 51610.85 14316.40 27.74
994.2 53891.66 14522.92 26.95
995.2 55394.96 14604.12 26.36
996.1 55625.12 14853.74 26.70
997.1 56348.70 14461.75 25.66
998.0 54473.40 14320.68 26.29
999.0 55283.87 14091.97 25.49
1000.0 55127.21 13875.56 25.17
1000.9 55875.58 13693.45 24.51
1001.9 56355.47 13541.53 24.03
1002.8 54776.67 13631.45 24.89
1003.8 57170.04 13179.66 23.05
1004.8 54763.20 12869.35 23.50
961.5 49984.08 11891.76 23.79
965.5 48959.90 11429.66 23.34
969.5 47367.08 10826.76 22.86
973.4 45664.01 10187.63 22.31
977.4 44063.24 9804.96 22.25
981.4 43484.76 9775.94 22.48
985.3 43466.28 9925.78 22.84
989.3 43739.41 10203.56 23.33
993.3 44088.36 10424.15 23.64
997.2 44246.85 10514.39 23.76
1001.2 44240.69 10548.59 23.84
1005.2 44147.66 10551.59 23.90
1009.1 44170.72 10574.76 23.94
1013.1 44298.35 10659.97 24.06
1017.1 44409.64 10746.88 24.20
1021.0 44418.65 10787.87 24.29
1025.0 44431.92 10827.53 24.37
1029.0 44310.95 10808.34 24.39
1032.9 44196.36 10777.26 24.38
1036.9 44214.81 10794.57 24.41
1040.9 44317.48 10876.21 24.54
1044.8 44471.57 10961.83 24.65
1048.8 44586.22 11027.44 24.73
1052.7 44660.98 11107.37 24.87
1056.7 44664.90 11153.18 24.97
1060.7 44652.74 11187.78 25.06
1064.6 44643.90 11231.46 25.16
1068.6 44545.19 11231.87 25.21
1072.5 44448.63 11226.35 25.26
1076.5 44390.31 11235.05 25.31
1080.4 44363.13 11260.58 25.38
1084.4 44428.99 11326.79 25.49
1088.3 44526.89 11388.35 25.58
1092.3 44515.11 11380.68 25.57
1096.2 44485.25 11392.82 25.61
1100.2 44489.30 11438.81 25.71
1104.1 44387.15 11430.45 25.75
1108.1 44344.78 11438.86 25.80
1112.0 44255.25 11422.26 25.81
1116.0 44078.91 11379.55 25.82
1119.9 43920.46 11346.02 25.83
1123.9 43980.05 11364.02 25.84
1127.8 43933.44 11335.68 25.80
1131.8 43891.20 11319.51 25.79
1135.7 43904.71 11341.64 25.83
1139.6 43873.24 11335.09 25.84
1143.6 43814.30 11311.54 25.82
1147.5 43764.96 11267.23 25.74
1151.4 43600.54 11184.95 25.65
1155.4 43567.43 11156.17 25.61
1159.3 43548.37 11158.88 25.62
1163.2 43379.84 11159.63 25.73
1167.2 43333.14 11186.40 25.81
1171.1 43320.14 11187.65 25.83
1175.0 43247.45 11164.11 25.81
1179.0 43203.54 11173.15 25.86
1182.9 43281.26 11215.52 25.91
1186.8 43262.79 11218.22 25.93
1190.7 43059.97 11167.05 25.93
1194.7 42822.73 11095.11 25.91
1198.6 42602.18 11025.63 25.88
1202.5 42456.57 11000.99 25.91
1206.4 42335.53 10987.85 25.95
1210.3 42230.32 10972.99 25.98
1214.2 42126.94 10979.68 26.06
1218.2 41984.08 10979.23 26.15
1222.1 41854.50 10971.25 26.21
1226.0 41760.57 10952.27 26.23
1229.9 41673.90 10942.38 26.26
1233.8 41576.55 10939.71 26.31
1237.7 41528.30 10955.30 26.38
1241.6 41457.25 10970.30 26.46
1245.5 41309.15 10954.15 26.52
1249.4 41175.26 10949.72 26.59
1253.3 41058.30 10943.73 26.65
1257.2 40978.33 10945.02 26.71
1261.1 40873.57 10920.42 26.72
1265.0 40757.89 10881.13 26.70
1268.9 40587.74 10862.03 26.76
1272.8 40626.75 10912.65 26.86
1276.7 40780.33 11002.64 26.98
1280.6 40842.56 11037.00 27.02
1284.5 40748.73 11007.94 27.01
1288.4 40697.88 10986.12 26.99
1292.3 40562.50 10942.25 26.98
1296.2 40411.46 10915.71 27.01
1300.1 40239.63 10883.39 27.05
1303.9 40009.73 10815.16 27.03
1307.8 39785.54 10734.20 26.98
1311.7 39554.21 10643.83 26.91
1315.6 39326.35 10567.32 26.87
1319.5 39086.11 10487.95 26.83
1323.3 38870.69 10413.55 26.79
1327.2 38681.53 10349.21 26.75
1331.1 38474.56 10267.97 26.69
1335.0 38203.08 10167.84 26.62
1338.8 38009.09 10081.50 26.52
1342.7 37876.27 9969.88 26.32
1346.5 37598.34 9769.69 25.98
1350.4 37400.07 9588.18 25.64
1354.3 37094.65 9397.51 25.33
1358.1 36731.71 9224.19 25.11
1362.0 36487.36 9116.74 24.99
1365.8 36370.47 9096.41 25.01
1369.7 36432.94 9147.89 25.11
1373.5 36366.82 9108.76 25.05
1377.4 36166.21 8949.50 24.75
1381.2 35990.96 8773.49 24.38
1385.1 35936.27 8705.11 24.22
1389.0 35813.45 8643.66 24.14
1392.8 35598.92 8492.41 23.86
1396.6 35460.61 8324.05 23.47
1400.5 35253.63 8161.62 23.15
1404.3 35072.57 8009.86 22.84
1408.2 35016.72 7875.53 22.49
1412.0 34945.02 7777.10 22.26
1415.8 34962.39 7733.88 22.12
1419.6 34891.95 7695.12 22.05
1423.5 34842.23 7672.59 22.02
1427.3 34796.45 7640.58 21.96
1431.1 34758.75 7616.70 21.91
1434.9 34669.05 7580.81 21.87
1438.8 34606.94 7556.16 21.83
1442.6 34573.84 7551.78 21.84
1446.4 34441.31 7528.13 21.86
1450.2 34332.12 7516.76 21.89
1454.0 34220.52 7503.48 21.93
1457.8 34188.19 7514.54 21.98
1461.6 34155.00 7518.65 22.01
1465.4 34045.70 7500.44 22.03
1469.2 33870.20 7482.48 22.09
1473.0 33726.92 7475.39 22.16
1476.8 33664.28 7494.62 22.26
1480.7 33601.58 7513.86 22.36
1484.4 33488.64 7519.44 22.45
1488.2 33386.04 7526.28 22.54
1492.0 33257.25 7529.21 22.64
1495.8 33142.20 7539.35 22.75
1499.6 33034.11 7550.33 22.86
1503.4 32933.47 7573.28 23.00
1507.2 32852.74 7615.98 23.18
1510.9 32722.34 7631.15 23.32
1514.7 32573.11 7530.25 23.12
1518.5 32453.90 7346.01 22.64
1522.3 32317.90 7258.62 22.46
1526.0 32200.64 7366.81 22.88
1529.8 32127.61 7549.34 23.50
1533.6 32011.66 7640.83 23.87
1537.3 31894.88 7639.98 23.95
1541.1 31782.08 7617.51 23.97
1544.8 31651.20 7603.20 24.02
1548.6 31528.46 7589.43 24.07
1552.4 31450.00 7577.30 24.09
1556.1 31366.15 7555.35 24.09
1559.9 31270.43 7519.55 24.05
1563.6 31150.17 7475.18 24.00
1567.3 31046.10 7463.97 24.04
1571.1 30855.35 7448.17 24.14
1574.8 30723.08 7437.89 24.21
1578.6 30633.26 7436.23 24.28
1582.3 30519.48 7408.29 24.27
1586.0 30400.45 7382.08 24.28
1589.8 30269.89 7357.55 24.31
1593.5 30123.48 7338.11 24.36
1597.2 29998.09 7325.45 24.42
1600.9 29883.71 7293.11 24.40
1604.7 29753.95 7261.87 24.41
1608.4 29639.51 7254.09 24.47
1612.1 29489.62 7242.64 24.56
1615.8 29365.23 7237.25 24.65
1619.5 29298.37 7234.82 24.69
1623.2 29161.12 7210.62 24.73
1626.9 29003.45 7181.23 24.76
1630.6 28846.40 7160.78 24.82
1634.3 28721.00 7142.77 24.87
1638.0 28599.28 7090.75 24.79
1641.7 28456.49 7023.45 24.68
1645.4 28299.47 6961.75 24.60
1649.1 28138.66 6888.23 24.48
1652.8 28008.70 6819.84 24.35
1656.4 27859.80 6754.82 24.25
1660.1 27720.43 6715.17 24.22
1663.8 27551.22 6683.01 24.26
1667.5 27406.07 6647.09 24.25
1671.1 27282.14 6615.55 24.25
1674.8 27100.13 6576.73 24.27
1678.5 27060.12 6564.63 24.26
1682.1 27085.37 6566.51 24.24
1685.8 27087.74 6569.58 24.25
1689.5 26985.46 6550.24 24.27
1693.1 26859.21 6510.39 24.24
1696.8 26718.75 6462.38 24.19
1700.4 26575.97 6409.96 24.12
1704.0 26457.91 6367.50 24.07
1707.7 26210.69 6287.60 23.99
1711.3 25940.59 6194.06 23.88
1715.0 25755.85 6120.96 23.77
1718.6 25603.66 6059.48 23.67
1722.2 25471.82 6017.59 23.62
1725.9 25346.15 5969.76 23.55
1729.5 25225.17 5940.28 23.55
1733.1 25122.33 5930.33 23.61
1736.7 25028.77 5906.34 23.60
1740.3 24869.68 5874.94 23.62
1744.0 24796.20 5863.01 23.64
1747.5 24670.34 5817.30 23.58
1751.2 24460.97 5757.49 23.54
1754.8 24300.77 5716.85 23.53
1758.4 24168.99 5666.77 23.45
1762.0 24004.67 5614.15 23.39
1765.5 23878.06 5585.48 23.39
1769.1 23824.80 5584.80 23.44
1772.7 23745.17 5570.72 23.46
1776.3 23631.64 5537.03 23.43
1779.9 23517.13 5507.19 23.42
1783.5 23453.36 5493.20 23.42
1787.0 23338.16 5462.81 23.41
1790.6 23194.11 5428.78 23.41
1794.2 23099.94 5399.95 23.38
1797.8 23019.59 5370.64 23.33
1801.3 22943.45 5350.36 23.32
1804.9 22821.75 5310.38 23.27
1808.4 22758.56 5289.96 23.24
1812.0 22651.25 5253.53 23.19
1815.5 22537.46 5204.16 23.09
1819.1 22377.91 5155.39 23.04
1822.6 22230.86 5119.76 23.03
1826.2 22108.08 5096.90 23.05
1829.7 21962.63 5064.37 23.06
1833.2 21769.52 5004.03 22.99
1836.8 21568.82 4962.23 23.01
1840.3 21408.35 4966.92 23.20
1843.8 21283.15 5024.95 23.61
1847.3 21175.36 5109.52 24.13
1850.8 21026.88 5189.18 24.68
1854.3 20829.70 5234.69 25.13
1857.8 20716.80 5226.00 25.23
1861.3 20743.52 5157.66 24.86
1864.8 20771.48 4980.34 23.98
1868.3 20668.83 4730.18 22.89
1871.8 20505.60 4569.60 22.28
1875.3 20412.67 4486.30 21.98
1878.8 20386.82 4431.58 21.74
1882.3 20318.80 4378.65 21.55
1885.8 20165.84 4272.49 21.19
1889.3 19976.70 4170.50 20.88
1892.7 19815.25 4072.84 20.55
1896.2 19650.94 3984.21 20.27
1899.7 19441.16 3953.76 20.34
1903.1 19313.45 4023.10 20.83
1906.6 19304.54 4108.03 21.28
1910.0 19451.18 4211.30 21.65
1913.5 19794.95 4371.04 22.08
1917.0 20308.75 4467.93 22.00
1920.4 20662.58 4576.28 22.15
1923.8 20806.27 4443.01 21.35
1871.2 18887.00 4075.01 21.58
1873.9 18953.16 4145.00 21.87
1876.7 18991.47 4113.82 21.66
1879.5 19143.67 4057.63 21.20
1882.3 18900.39 3987.58 21.10
1885.1 18757.12 3827.28 20.40
1887.8 18909.61 3702.75 19.58
1890.6 18719.80 3617.65 19.33
1893.4 18700.00 3505.33 18.75
1896.2 18690.78 3376.44 18.06
1898.9 18634.09 3333.71 17.89
1901.7 18493.24 3256.60 17.61
1904.5 18663.12 3168.71 16.98
1907.2 18605.75 3158.75 16.98
1910.0 18464.96 3177.65 17.21
1912.7 18451.36 3122.60 16.92
1915.5 18338.72 3078.41 16.79
1918.2 18231.61 3070.21 16.84
1921.0 18078.76 3056.68 16.91
1923.7 18082.37 3098.22 17.13
1926.5 18028.91 3087.32 17.12
1929.2 17989.40 3068.78 17.06
1932.0 17961.44 3096.80 17.24
1934.7 17922.05 3114.16 17.38
1937.4 17800.47 3089.26 17.35
1940.2 17730.06 3097.92 17.47
1942.9 17801.07 3130.26 17.58
1945.6 17808.94 3146.84 17.67
1948.3 17731.12 3149.73 17.76
1951.1 17698.80 3151.47 17.81
1953.8 17700.00 3156.00 17.83
1956.5 17568.67 3144.75 17.90
1959.2 17632.03 3190.33 18.09
1961.9 17647.56 3203.50 18.15
1964.6 17543.58 3210.03 18.30
1967.3 17598.27 3242.57 18.43
1970.0 17419.60 3214.56 18.45
1972.8 17335.24 3221.13 18.58
1975.5 17419.52 3245.67 18.63
1978.2 17336.04 3244.12 18.71
1980.9 17221.82 3253.14 18.89
1983.5 17185.34 3257.33 18.95
1986.2 17183.55 3259.20 18.97
1988.9 17157.36 3302.85 19.25
1991.6 17017.92 3296.41 19.37
1994.3 16893.86 3281.15 19.42
1997.0 16913.63 3312.95 19.59
1999.7 16876.79 3311.03 19.62
2002.3 16857.27 3319.67 19.69
2005.0 16785.35 3328.30 19.83
2007.7 16706.93 3322.47 19.89
2010.4 16656.07 3331.79 20.00
2013.0 16600.58 3331.50 20.07
2015.7 16495.88 3319.07 20.12
2018.4 16401.61 3327.41 20.29
2021.0 16371.00 3303.67 20.18
2023.7 16264.64 3293.07 20.25
2026.4 16195.83 3312.40 20.45
2029.0 16138.97 3295.27 20.42
2031.7 16029.65 3284.23 20.49
2034.3 16012.75 3281.42 20.49
2037.0 15932.90 3262.59 20.48
2039.6 15864.39 3257.84 20.54
2042.3 15822.15 3240.82 20.48
2044.9 15747.27 3245.39 20.61
2047.5 15719.22 3256.61 20.72
2050.2 15638.00 3225.60 20.63
2052.8 15596.00 3231.20 20.72
2055.4 15487.61 3213.51 20.75
2058.1 15363.60 3186.40 20.74
2060.7 15311.01 3183.51 20.79
2063.3 15243.07 3148.93 20.66
2065.9 15200.63 3118.29 20.51
2068.6 15142.00 3132.25 20.69
2071.2 15102.27 3133.17 20.75
2073.8 15013.06 3089.36 20.58
2076.4 14939.89 3101.37 20.76
2079.0 14937.96 3110.67 20.82
2081.6 14955.68 3117.17 20.84
2084.2 14929.44 3123.59 20.92
2086.8 14795.01 3094.20 20.91
2089.4 14708.12 3043.74 20.69
2092.1 14645.50 3037.33 20.74
2094.7 14574.18 3051.00 20.93
2097.2 14543.50 3048.67 20.96
2099.8 14569.24 3060.17 21.00
2102.4 14455.51 3036.68 21.01
2105.0 14315.55 2998.20 20.94
2107.6 14281.54 2985.05 20.90
2110.2 14245.28 2992.28 21.01
2112.8 14225.04 3000.77 21.10
2115.3 14222.61 3025.23 21.27
2117.9 14223.97 3014.83 21.20
2120.5 14225.20 3005.37 21.13
2123.1 14136.53 3012.75 21.31
2125.6 14079.43 3013.26 21.40
2128.2 14012.88 2985.20 21.30
2130.8 13940.55 2951.33 21.17
2133.3 13889.33 2945.07 21.20
2135.9 13802.30 2959.32 21.44
2138.4 13704.95 2917.20 21.29
2141.0 13601.55 2882.51 21.19
2143.6 13585.34 2905.28 21.39
2146.1 13439.94 2853.12 21.23
2148.7 13282.54 2819.20 21.22
2151.2 13302.67 2854.13 21.46
2153.8 13324.47 2846.20 21.36
2156.3 13227.98 2829.29 21.39
2158.8 13160.05 2802.71 21.30
2161.4 13128.93 2774.38 21.13
2163.9 13034.58 2783.23 21.35
2166.4 12973.85 2770.40 21.35
2169.0 12959.07 2737.87 21.13
2171.5 12876.28 2717.18 21.10
2174.0 12786.55 2704.28 21.15
2176.5 12767.30 2720.90 21.31
2179.1 12718.27 2713.51 21.34
2181.6 12644.21 2664.50 21.07
2184.1 12612.60 2670.36 21.17
2186.6 12631.79 2673.86 21.17
2189.1 12551.10 2616.15 20.84
2191.6 12501.53 2629.67 21.03
2194.1 12512.72 2644.05 21.13
2196.6 12513.32 2635.81 21.06
2199.2 12564.98 2637.18 20.99
2201.7 12503.60 2628.94 21.03
2204.1 12450.01 2624.14 21.08
2206.6 12458.20 2581.16 20.72
2209.1 12429.94 2630.58 21.16
2211.6 12413.54 2638.02 21.25
2214.1 12385.83 2615.55 21.12
2216.6 12340.79 2636.04 21.36
2219.1 12355.98 2598.06 21.03
2221.6 12303.15 2588.53 21.04
2224.0 12230.10 2579.37 21.09
2226.5 12198.83 2522.72 20.68
2229.0 12234.63 2531.43 20.69
2231.5 12152.59 2523.97 20.77
2233.9 12137.64 2497.57 20.58
2236.4 12131.98 2485.84 20.49
2238.9 12024.13 2449.00 20.37
2241.3 12068.10 2421.39 20.06
2243.8 12017.57 2421.39 20.15
2246.2 11870.35 2411.29 20.31
2248.7 11882.39 2375.71 19.99
2251.2 11860.53 2348.28 19.80
2253.6 11784.96 2357.76 20.01
2256.1 11773.44 2311.68 19.63
2258.5 11793.92 2305.00 19.54
2260.9 11696.75 2301.00 19.67
2263.4 11668.53 2260.78 19.38
2265.8 11678.48 2250.30 19.27
2268.3 11583.48 2216.64 19.14
2270.7 11653.18 2226.23 19.10
2273.1 11608.55 2216.63 19.09
2275.6 11523.84 2192.64 19.03
2278.0 11553.06 2209.92 19.13
2280.4 11529.61 2189.70 18.99
2282.8 11402.06 2160.39 18.95
2285.3 11435.59 2154.14 18.84
2287.7 11531.47 2171.18 18.83
2290.1 11440.95 2154.57 18.83
2292.5 11408.96 2162.74 18.96
2294.9 11404.51 2145.76 18.81
2297.3 11303.39 2096.15 18.54
2299.7 11233.01 2088.67 18.59
2302.1 11231.11 2050.59 18.26
2304.5 11113.20 2026.64 18.24
2306.9 10995.60 2007.04 18.25
2309.3 10932.15 1998.35 18.28
2311.7 10856.55 1997.83 18.40
2314.1 10708.33 1965.23 18.35
2316.5 10641.94 1977.88 18.59
2318.9 10674.03 1994.48 18.69
2321.3 10672.73 1984.80 18.60
2323.7 10642.23 2016.63 18.95
2326.1 10606.96 1990.82 18.77
2328.4 10691.58 1940.60 18.15
2330.8 10736.25 1955.02 18.21
2333.2 10617.06 1943.85 18.31
2335.6 10582.60 1922.22 18.16
2337.9 10642.00 1961.47 18.43
2340.3 10592.40 1939.63 18.31
2342.7 10507.23 1900.02 18.08
2345.0 10502.01 1902.51 18.12
2347.4 10493.25 1878.50 17.90
2349.7 10277.63 1832.55 17.83
2352.1 10236.25 1856.85 18.14
2354.4 10290.21 1856.88 18.05
2356.8 10243.45 1813.00 17.70
2359.2 10187.67 1841.67 18.08
2361.5 10122.93 1841.33 18.19
2363.8 10144.75 1796.19 17.71
2366.2 10159.49 1809.47 17.81
2368.5 10097.05 1820.05 18.03
2370.9 10118.68 1807.23 17.86
2373.2 10072.53 1785.18 17.72
2375.5 9932.38 1805.48 18.18
2377.9 9918.93 1818.78 18.34
2380.2 9923.89 1768.52 17.82
2382.5 9856.28 1723.13 17.48
2384.8 9822.88 1702.88 17.34
2387.2 9807.99 1730.00 17.64
2389.5 9759.69 1723.41 17.66
2391.8 9772.85 1725.46 17.66
2394.1 9716.63 1722.60 17.73
2396.4 9652.48 1678.90 17.39
2398.7 9714.10 1690.47 17.40
2401.0 9598.25 1671.41 17.41
2403.3 9511.80 1643.40 17.28
2405.6 9521.83 1644.45 17.27
2407.9 9458.88 1678.35 17.74
2410.2 9400.00 1659.41 17.65
2412.5 9350.27 1646.46 17.61
2414.8 9330.30 1622.66 17.39
2417.1 9280.68 1615.60 17.41
2419.4 9294.64 1604.68 17.26
2421.7 9214.94 1608.54 17.46
2424.0 9156.02 1590.28 17.37
2426.2 9223.40 1535.45 16.65
2428.5 9129.27 1541.38 16.88
2430.8 9112.40 1515.10 16.63
2433.1 9071.93 1504.61 16.59
2435.4 8991.17 1527.44 16.99
2437.6 8963.19 1516.25 16.92
2439.9 8866.09 1443.06 16.28
2442.2 8873.80 1427.77 16.09
2444.4 8827.50 1418.60 16.07
2446.7 8812.56 1424.96 16.17
2448.9 8870.66 1510.03 17.02
2451.2 8802.92 1495.96 16.99
2453.4 8732.64 1404.21 16.08
2455.7 8702.87 1410.95 16.21
2457.9 8608.05 1428.57 16.60
2460.2 8594.01 1387.13 16.14
2462.4 8611.20 1391.52 16.16
2464.7 8503.63 1400.45 16.47
2466.9 8416.62 1335.36 15.87
2469.2 8471.54 1335.22 15.76
2471.4 8370.38 1332.70 15.92
2473.6 8261.63 1298.83 15.72
2475.9 8256.69 1280.16 15.50
2478.1 8211.66 1243.36 15.14
2480.3 8173.00 1315.76 16.10
2482.5 8177.69 1315.29 16.08
2484.8 8119.06 1267.01 15.61
2487.0 8110.30 1288.76 15.89
2489.2 8058.48 1221.21 15.15
2491.4 7946.29 1252.66 15.76
2493.6 7987.26 1254.13 15.70
2495.8 7981.68 1211.51 15.18
2498.0 7985.07 1264.64 15.84
2500.2 7961.63 1204.78 15.13
2502.4 8125.20 1225.44 15.08
2504.6 8272.59 1295.82 15.66
2506.8 8348.61 1295.64 15.52
