/*** Spectra Vista SIG Data ***/
name= \My Documents\HR1024_Data\RTB3.
instrument= HR: 1091052
integration= 200, 60, 30, 1000, 60, 30
scan time= 1, 1
scan settings= AD, AI, AD, AI
external data set1= 8224, 8224, 8224, 8224, 8224, 8224, 8224, 8224, 8224, 8224, 8224, 8224, 8224, 8224, 8224, 8224
external data set2= 8224, 8224, 8224, 8224, 8224, 8224, 8224, 8224, 8224, 8224, 8224, 8224, 8224, 8224, 8224, 8224
external data dark= 0,0,0,0,0,0,0,0
external data mask= 0
optic= LENS4 , LENS4 
temp= 33.31, 8.94, -5.30, 48.37, 8.94, -4.97
battery= 7.5, 6.4
error= 0, 0
units= Radiance, Radiance
time= 1/1/08 1:10:44 PM, 1/1/08 2:15:35 PM
longitude= , 
latitude= , 
gpstime= , 
comm= 
memory slot= 0, 0
factors= 
data= 
346.4 509.60 63.06 12.38
347.9 549.06 59.61 10.86
349.5 608.40 62.40 10.26
351.1 655.20 73.01 11.14
352.6 708.40 72.11 10.18
354.2 752.68 75.27 10.00
355.7 818.30 78.13 9.55
357.3 873.81 83.22 9.52
358.8 891.23 85.28 9.57
360.4 967.31 91.46 9.45
361.9 1009.93 89.15 8.83
363.5 1059.53 92.10 8.69
365.1 1102.67 92.24 8.36
366.6 1156.59 102.19 8.84
368.2 1218.77 104.75 8.60
369.7 1306.00 107.75 8.25
371.3 1379.56 108.65 7.88
372.8 1457.48 123.50 8.47
374.4 1528.58 120.15 7.86
375.9 1575.56 121.15 7.69
377.4 1632.76 123.60 7.57
379.0 1683.54 130.48 7.75
380.5 1741.87 129.87 7.46
382.1 1805.51 134.75 7.46
383.6 1862.60 136.08 7.31
385.2 1949.75 144.10 7.39
386.7 2036.04 146.21 7.18
388.3 2135.96 153.27 7.18
389.8 2212.47 163.05 7.37
391.3 2314.34 166.54 7.20
392.9 2392.65 176.39 7.37
394.4 2474.90 178.05 7.19
395.9 2552.82 192.17 7.53
397.5 2664.75 198.32 7.44
399.0 2774.82 205.79 7.42
400.6 2852.64 208.85 7.32
402.1 2910.24 217.75 7.48
403.6 2965.71 216.73 7.31
405.1 3036.77 221.19 7.28
406.7 3133.76 226.69 7.23
408.2 3234.33 238.34 7.37
409.7 3330.88 244.16 7.33
411.3 3437.91 254.75 7.41
412.8 3528.93 261.17 7.40
414.3 3634.54 270.69 7.45
415.8 3740.00 283.50 7.58
417.4 3868.37 296.52 7.67
418.9 3954.39 303.60 7.68
420.4 4037.85 313.56 7.77
421.9 4106.74 318.96 7.77
423.5 4196.00 325.50 7.76
425.0 4263.51 328.58 7.71
426.5 4364.50 336.26 7.70
428.0 4488.82 346.46 7.72
429.5 4615.58 360.64 7.81
431.1 4756.23 371.91 7.82
432.6 4917.76 386.04 7.85
434.1 5064.68 403.10 7.96
435.6 5199.35 416.80 8.02
437.1 5333.25 434.07 8.14
438.6 5454.84 445.27 8.16
440.1 5584.70 460.34 8.24
441.6 5717.14 473.79 8.29
443.1 5852.25 488.43 8.35
444.7 5982.11 503.89 8.42
446.2 6104.50 516.99 8.47
447.7 6213.60 526.43 8.47
449.2 6315.84 541.30 8.57
450.7 6414.72 551.20 8.59
452.2 6543.45 563.56 8.61
453.7 6682.65 577.38 8.64
455.2 6842.54 590.91 8.64
456.7 7029.44 612.83 8.72
458.2 7231.16 630.85 8.72
459.7 7428.75 649.60 8.74
461.2 7633.63 670.70 8.79
462.7 7815.14 690.58 8.84
464.2 8000.76 706.75 8.83
465.7 8191.53 728.85 8.90
467.2 8352.58 745.75 8.93
468.7 8552.00 762.40 8.91
470.2 8711.17 772.75 8.87
471.7 8854.00 781.38 8.83
473.2 9050.37 811.60 8.97
474.6 9252.88 848.45 9.17
476.1 9378.88 865.38 9.23
477.6 9464.51 865.61 9.15
479.1 9567.20 869.88 9.09
480.6 9658.16 878.94 9.10
482.1 9797.74 892.18 9.11
483.6 9963.22 910.62 9.14
485.1 10140.49 930.34 9.17
486.6 10356.19 953.57 9.21
488.0 10562.50 979.23 9.27
489.5 10784.97 1007.11 9.34
491.0 10998.86 1036.52 9.42
492.5 11224.98 1064.99 9.49
494.0 11462.99 1094.14 9.54
495.4 11663.85 1122.66 9.63
496.9 11870.36 1149.96 9.69
498.4 12074.30 1179.33 9.77
499.9 12278.41 1205.34 9.82
501.4 12476.75 1228.83 9.85
502.8 12664.51 1257.41 9.93
504.3 12846.60 1281.96 9.98
505.8 13033.73 1303.74 10.00
507.2 13172.68 1316.53 9.99
508.7 13289.99 1334.97 10.04
510.2 13412.81 1345.99 10.04
511.6 13494.72 1359.09 10.07
513.1 13630.43 1372.58 10.07
514.6 13795.53 1387.26 10.06
516.0 13946.28 1405.68 10.08
517.5 14135.83 1427.25 10.10
519.0 14365.19 1452.00 10.11
520.5 14579.60 1477.31 10.13
521.9 14828.55 1508.33 10.17
523.4 15093.49 1542.68 10.22
524.8 15349.14 1581.51 10.30
526.3 15633.70 1620.20 10.36
527.8 15915.89 1661.72 10.44
529.2 16178.21 1699.90 10.51
530.7 16455.24 1741.97 10.59
532.1 16698.15 1781.54 10.67
533.6 16994.07 1827.55 10.75
535.0 17295.55 1870.41 10.81
536.5 17581.25 1914.72 10.89
538.0 17895.84 1961.44 10.96
539.4 18160.64 2002.64 11.03
540.9 18488.86 2055.83 11.12
542.3 18738.28 2107.45 11.25
543.8 18940.29 2155.50 11.38
545.2 19020.35 2171.73 11.42
546.6 19057.19 2182.70 11.45
548.1 19121.11 2191.99 11.46
549.5 19166.91 2203.56 11.50
551.0 19217.70 2214.04 11.52
552.4 19311.21 2232.56 11.56
553.9 19371.38 2241.44 11.57
555.3 19461.20 2257.28 11.60
556.8 19596.88 2280.25 11.64
558.2 19743.75 2303.44 11.67
559.6 19902.71 2331.68 11.72
561.1 20117.50 2366.98 11.77
562.5 20332.52 2404.39 11.83
564.0 20611.34 2450.41 11.89
565.4 20865.50 2492.10 11.94
566.8 21177.73 2544.97 12.02
568.3 21463.05 2594.00 12.09
569.7 21776.78 2643.41 12.14
571.1 22080.65 2693.07 12.20
572.6 22373.82 2742.98 12.26
574.0 22675.95 2791.80 12.31
575.4 22958.44 2839.73 12.37
576.9 23231.09 2883.57 12.41
578.3 23477.03 2925.78 12.46
579.7 23721.74 2965.03 12.50
581.1 23920.49 3000.01 12.54
582.6 24132.47 3034.56 12.57
584.0 24305.80 3070.18 12.63
585.4 24549.94 3118.69 12.70
586.8 24845.17 3176.98 12.79
588.3 25201.80 3240.43 12.86
589.7 25517.70 3300.80 12.94
591.1 25735.55 3342.64 12.99
592.5 25883.00 3364.79 13.00
594.0 25998.42 3378.84 13.00
595.4 26057.54 3388.59 13.00
596.8 26115.38 3398.54 13.01
598.2 26174.55 3407.65 13.02
599.6 26202.06 3419.23 13.05
601.0 26298.70 3437.83 13.07
602.4 26372.18 3456.65 13.11
603.9 26501.77 3486.02 13.15
605.3 26625.41 3511.79 13.19
606.7 26749.80 3540.24 13.23
608.1 26941.18 3572.30 13.26
609.5 27151.69 3611.32 13.30
610.9 27387.74 3659.10 13.36
612.3 27589.20 3702.80 13.42
613.7 27871.80 3757.57 13.48
615.1 28061.64 3794.36 13.52
616.5 28235.16 3834.67 13.58
617.9 28534.12 3894.40 13.65
619.3 28808.15 3947.34 13.70
620.7 29149.14 4014.57 13.77
622.1 29527.66 4083.77 13.83
623.5 29951.83 4191.06 13.99
624.9 30436.35 4312.98 14.17
626.3 30757.12 4400.48 14.31
627.7 30461.43 4398.85 14.44
629.1 30188.34 4414.94 14.62
630.5 30083.03 4466.22 14.85
631.9 30076.12 4520.95 15.03
633.3 30078.24 4432.49 14.74
634.7 30183.54 4294.86 14.23
636.1 30268.81 4091.19 13.52
637.5 30374.19 3931.98 12.95
638.9 30520.15 3862.63 12.66
640.2 30643.60 3901.06 12.73
641.6 30733.56 4034.16 13.13
643.0 30777.50 4228.83 13.74
644.4 30869.16 4420.21 14.32
645.8 30855.38 4573.20 14.82
647.2 31023.20 4750.30 15.31
648.5 31185.15 4896.86 15.70
649.9 31117.13 4969.11 15.97
651.3 31099.80 5019.42 16.14
652.7 31059.00 5021.97 16.17
654.1 30961.56 4896.38 15.81
655.5 30829.51 4758.17 15.43
656.8 30685.81 4637.90 15.11
658.2 30861.69 4605.52 14.92
659.6 31181.89 4626.99 14.84
660.9 31452.29 4663.51 14.83
662.3 31767.46 4700.91 14.80
663.7 32102.70 4740.96 14.77
665.0 32334.98 4771.84 14.76
666.4 32575.38 4812.28 14.77
667.8 32873.84 4862.13 14.79
669.1 33084.01 4904.32 14.82
670.5 33327.47 4955.11 14.87
671.9 33513.12 5009.42 14.95
673.2 33742.50 5070.78 15.03
674.6 33950.66 5115.72 15.07
676.0 34219.05 5176.28 15.13
677.3 34494.18 5241.27 15.19
678.7 34767.13 5303.15 15.25
680.0 35103.31 5375.26 15.31
681.4 35420.13 5436.42 15.35
682.8 35763.00 5513.69 15.42
684.1 36073.44 5582.30 15.47
685.5 36318.59 5657.89 15.58
686.8 36607.26 5734.75 15.67
688.2 36844.31 5803.30 15.75
689.5 36898.97 5856.22 15.87
690.9 36950.15 5902.16 15.97
692.2 37008.15 5940.99 16.05
693.6 37024.93 5979.95 16.15
694.9 37005.38 5997.17 16.21
696.2 37027.13 6031.46 16.29
697.6 37047.86 6056.30 16.35
698.9 37049.76 6079.92 16.41
700.3 37075.62 6115.37 16.49
701.6 37124.24 6141.16 16.54
703.0 37178.40 6175.45 16.61
704.3 37172.20 6178.61 16.62
705.6 37157.22 6180.41 16.63
707.0 37168.46 6184.98 16.64
708.3 37076.04 6189.58 16.69
709.6 36967.81 6205.84 16.79
711.0 36867.73 6214.66 16.86
712.3 36770.31 6226.34 16.93
713.6 36755.88 6236.92 16.97
714.9 36684.64 6241.40 17.01
716.3 36701.44 6259.41 17.05
717.6 36734.04 6260.80 17.04
718.9 36680.73 6244.41 17.02
720.2 36496.25 6207.22 17.01
721.6 36394.28 6188.10 17.00
722.9 36240.12 6161.77 17.00
724.2 36067.30 6143.07 17.03
725.5 35963.70 6147.15 17.09
726.8 35833.96 6147.09 17.15
728.1 35810.80 6149.46 17.17
729.5 35779.10 6143.28 17.17
730.8 35779.13 6151.16 17.19
732.1 35704.25 6157.12 17.24
733.4 35690.92 6174.09 17.30
734.7 35685.89 6190.58 17.35
736.0 35729.66 6207.32 17.37
737.3 35717.44 6213.21 17.40
738.6 35830.21 6237.62 17.41
739.9 36014.88 6281.60 17.44
741.2 36161.58 6327.05 17.50
742.5 36363.94 6406.55 17.62
743.8 36737.66 6498.61 17.69
745.1 37309.08 6620.44 17.74
746.4 37926.98 6762.39 17.83
747.7 38536.99 6916.88 17.95
749.0 39118.92 7057.63 18.04
750.3 39493.02 7118.78 18.03
751.6 39440.80 7112.83 18.03
752.9 39084.79 7064.69 18.08
754.2 38731.25 7022.99 18.13
755.4 38386.91 6959.12 18.13
756.7 38244.09 6951.46 18.18
758.0 38261.36 6984.87 18.26
759.3 38489.95 7064.99 18.36
760.6 38786.44 7171.47 18.49
761.9 39062.28 7282.48 18.64
763.1 39197.21 7356.34 18.77
764.4 39371.54 7406.10 18.81
765.7 39490.75 7434.05 18.82
767.0 39577.16 7474.22 18.89
768.2 39644.64 7515.65 18.96
769.5 39697.68 7580.70 19.10
770.8 39836.32 7638.52 19.17
772.0 39856.44 7676.34 19.26
773.3 39898.95 7723.66 19.36
774.6 39978.84 7750.44 19.39
775.8 40054.79 7760.55 19.37
777.1 40085.96 7764.71 19.37
778.4 40059.57 7775.22 19.41
779.6 39999.54 7791.62 19.48
780.9 39948.00 7793.60 19.51
782.1 39837.20 7808.61 19.60
783.4 39802.88 7848.26 19.72
784.6 39851.08 7883.76 19.78
785.9 40095.40 7974.48 19.89
787.1 40531.58 8094.08 19.97
788.4 40834.19 8135.30 19.92
789.6 40796.10 8062.08 19.76
790.9 40479.11 7969.78 19.69
792.1 40128.24 7926.10 19.75
793.4 39739.41 7870.24 19.80
794.6 39507.48 7803.53 19.75
795.8 39314.07 7783.09 19.80
797.1 39097.95 7750.05 19.82
798.3 38940.83 7746.42 19.89
799.5 38821.14 7717.19 19.88
800.8 38733.05 7702.34 19.89
802.0 38591.76 7686.71 19.92
803.2 38469.72 7686.71 19.98
804.5 38377.94 7694.58 20.05
805.7 38264.87 7679.21 20.07
806.9 38181.95 7660.83 20.06
808.1 38074.65 7639.39 20.06
809.4 38033.33 7629.35 20.06
810.6 37951.55 7621.25 20.08
811.8 37942.61 7634.25 20.12
813.0 37965.80 7666.88 20.19
814.2 37975.49 7690.99 20.25
815.4 38039.93 7721.85 20.30
816.6 38032.65 7744.87 20.36
817.9 38050.16 7765.67 20.41
819.1 37997.24 7750.89 20.40
820.3 37865.18 7740.18 20.44
821.5 37787.61 7746.41 20.50
822.7 37714.41 7752.18 20.55
823.9 37704.87 7770.76 20.61
825.1 37688.07 7795.43 20.68
826.3 37716.38 7829.45 20.76
827.5 37726.06 7858.08 20.83
828.7 37779.60 7888.80 20.88
829.9 37796.29 7905.85 20.92
831.0 37849.02 7944.76 20.99
832.2 37913.75 7973.81 21.03
833.4 37950.44 8005.09 21.09
834.6 37978.13 8029.69 21.14
835.8 38031.53 8070.30 21.22
837.0 38073.26 8109.52 21.30
838.1 38178.69 8162.77 21.38
839.3 38239.24 8214.72 21.48
840.5 38296.24 8285.36 21.63
841.7 38381.58 8326.67 21.69
842.9 38485.06 8380.78 21.78
844.0 38543.94 8434.61 21.88
845.2 38626.85 8491.91 21.98
846.4 38724.98 8536.90 22.04
847.5 38888.12 8588.69 22.09
848.7 39002.30 8649.83 22.18
849.9 39141.74 8714.96 22.27
851.0 39173.78 8736.08 22.30
852.2 39245.07 8732.51 22.25
853.3 39202.67 8720.02 22.24
854.5 39188.19 8740.55 22.30
855.6 39170.88 8753.15 22.35
856.8 39193.80 8769.83 22.38
857.9 39192.81 8778.06 22.40
859.1 39326.60 8812.68 22.41
860.2 39300.24 8809.58 22.42
861.4 39344.78 8817.71 22.41
862.5 39384.29 8844.19 22.46
863.7 39467.66 8882.03 22.50
864.8 39454.45 8903.02 22.57
865.9 39398.65 8920.20 22.64
867.1 39448.45 8946.94 22.68
868.2 39441.53 8943.70 22.68
869.3 39465.67 8966.91 22.72
870.5 39438.89 8950.64 22.69
871.6 39473.54 8963.01 22.71
872.7 39541.37 8975.09 22.70
873.9 39548.50 8978.98 22.70
875.0 39546.05 8974.50 22.69
876.1 39583.15 9004.22 22.75
877.2 39616.79 9007.38 22.74
878.3 39601.98 9051.43 22.86
879.4 39662.11 9109.46 22.97
880.5 39702.60 9134.50 23.01
881.7 39698.10 9124.31 22.98
882.8 39775.46 9133.62 22.96
883.9 39785.32 9114.81 22.91
885.0 39766.55 9081.89 22.84
886.1 39735.85 9070.98 22.83
887.2 39664.66 9039.27 22.79
888.3 39567.00 8983.51 22.70
889.4 39535.02 8974.11 22.70
890.5 39459.91 8945.57 22.67
891.6 39428.33 8953.93 22.71
892.7 39429.01 8964.26 22.74
893.8 39492.50 8975.98 22.73
894.9 39505.51 8980.27 22.73
896.0 39527.49 8986.61 22.74
897.0 39487.40 9005.38 22.81
898.1 39490.45 9016.31 22.83
899.2 39536.22 9028.04 22.83
900.3 39503.73 9065.11 22.95
901.4 39454.09 9071.14 22.99
902.4 39461.49 9062.79 22.97
903.5 39418.10 9053.04 22.97
904.6 39431.18 9066.31 22.99
905.7 39454.64 9044.25 22.92
906.7 39397.52 9035.70 22.93
907.8 39514.80 9061.29 22.93
908.9 39443.33 9074.20 23.01
909.9 39411.21 9084.98 23.05
911.0 39357.50 9101.36 23.12
912.1 39280.99 9128.85 23.24
913.1 39233.48 9107.38 23.21
914.2 39173.92 9113.45 23.26
915.2 39170.79 9120.87 23.28
916.3 39094.50 9095.25 23.26
917.3 39076.47 9076.09 23.23
918.4 39031.30 9102.56 23.32
919.4 39022.48 9107.98 23.34
920.5 39026.74 9129.65 23.39
921.5 39018.63 9140.85 23.43
922.6 38959.72 9152.74 23.49
923.6 39026.05 9178.09 23.52
924.7 39022.50 9180.50 23.53
925.7 39030.84 9217.97 23.62
926.7 39009.32 9236.74 23.68
927.8 39032.57 9236.16 23.66
928.8 39142.62 9267.56 23.68
929.9 39330.10 9290.45 23.62
930.9 39447.46 9357.78 23.72
931.9 39602.61 9415.13 23.77
932.9 39864.58 9436.28 23.67
934.0 39909.81 9448.99 23.68
935.0 39942.68 9491.98 23.76
936.0 39929.50 9511.54 23.82
937.0 39883.94 9563.58 23.98
938.1 39848.52 9579.89 24.04
939.1 39753.89 9611.60 24.18
940.1 39867.76 9619.74 24.13
941.1 39995.43 9686.99 24.22
942.1 40229.45 9750.55 24.24
943.1 40393.76 9813.72 24.30
944.1 40552.56 9928.56 24.48
945.2 40570.32 9960.30 24.55
946.2 40685.67 9984.08 24.54
947.2 40740.25 10023.23 24.60
948.2 40874.09 10073.03 24.64
949.2 40954.06 10107.99 24.68
950.2 41026.00 10186.25 24.83
951.2 41012.16 10193.06 24.85
952.2 41170.94 10207.02 24.79
953.2 41257.13 10289.14 24.94
954.2 41395.95 10311.30 24.91
955.2 41401.94 10314.38 24.91
956.2 41391.82 10354.22 25.02
957.2 41524.97 10367.67 24.97
958.2 41486.28 10436.80 25.16
959.2 41625.00 10492.83 25.21
960.1 41647.94 10511.55 25.24
961.1 41725.78 10559.39 25.31
962.1 41752.50 10569.94 25.32
963.1 41720.60 10624.43 25.47
964.1 41837.60 10668.59 25.50
965.1 41932.95 10684.65 25.48
966.1 41961.44 10737.25 25.59
967.0 42058.17 10814.96 25.71
968.0 42094.69 10826.13 25.72
969.0 42115.20 10875.48 25.82
970.0 42092.26 10947.96 26.01
971.0 42266.18 11014.27 26.06
971.9 42275.33 11043.54 26.12
972.9 42388.85 11098.80 26.18
973.9 42492.13 11153.22 26.25
974.9 42580.28 11273.94 26.48
975.8 42630.52 11341.65 26.60
976.8 42806.43 11393.05 26.62
977.8 42848.34 11506.93 26.86
978.8 42868.95 11658.72 27.20
979.7 43050.58 11690.40 27.16
980.7 43264.32 11905.64 27.52
981.7 43347.07 12147.61 28.02
982.6 43545.07 12280.96 28.20
983.6 44003.55 12616.85 28.67
984.6 44377.46 12836.26 28.93
985.5 44900.28 13174.42 29.34
986.5 45688.01 13406.03 29.34
987.5 46285.78 13564.94 29.31
988.4 47161.40 13828.32 29.32
989.4 47812.76 14306.38 29.92
990.4 48753.98 14334.25 29.40
991.3 50274.64 14622.25 29.08
992.3 50864.45 14750.69 29.00
993.2 51610.85 14989.59 29.04
994.2 53891.66 15332.56 28.45
995.2 55394.96 15107.72 27.27
996.1 55625.12 15098.25 27.14
997.1 56348.70 14592.03 25.90
998.0 54473.40 15005.88 27.55
999.0 55283.87 14742.37 26.67
1000.0 55127.21 14475.58 26.26
1000.9 55875.58 14795.22 26.48
1001.9 56355.47 15001.10 26.62
1002.8 54776.67 14885.87 27.18
1003.8 57170.04 14750.74 25.80
1004.8 54763.20 14786.06 27.00
961.5 49984.08 11988.44 23.98
965.5 48959.90 11770.85 24.04
969.5 47367.08 11148.99 23.54
973.4 45664.01 10683.49 23.40
977.4 44063.24 10425.15 23.66
981.4 43484.76 10407.26 23.93
985.3 43466.28 10489.60 24.13
989.3 43739.41 10587.68 24.21
993.3 44088.36 10652.72 24.16
997.2 44246.85 10638.87 24.04
1001.2 44240.69 10603.71 23.97
1005.2 44147.66 10611.02 24.04
1009.1 44170.72 10656.68 24.13
1013.1 44298.35 10738.08 24.24
1017.1 44409.64 10798.91 24.32
1021.0 44418.65 10815.90 24.35
1025.0 44431.92 10849.53 24.42
1029.0 44310.95 10808.34 24.39
1032.9 44196.36 10777.26 24.38
1036.9 44214.81 10810.28 24.45
1040.9 44317.48 10876.21 24.54
1044.8 44471.57 10946.85 24.62
1048.8 44586.22 11017.62 24.71
1052.7 44660.98 11088.08 24.83
1056.7 44664.90 11119.99 24.90
1060.7 44652.74 11145.62 24.96
1064.6 44643.90 11185.24 25.05
1068.6 44545.19 11168.15 25.07
1072.5 44448.63 11163.65 25.12
1076.5 44390.31 11182.26 25.19
1080.4 44363.13 11195.69 25.24
1084.4 44428.99 11224.48 25.26
1088.3 44526.89 11278.97 25.33
1092.3 44515.11 11276.16 25.33
1096.2 44485.25 11288.79 25.38
1100.2 44489.30 11339.52 25.49
1104.1 44387.15 11311.72 25.48
1108.1 44344.78 11305.47 25.49
1112.0 44255.25 11294.10 25.52
1116.0 44078.91 11256.64 25.54
1119.9 43920.46 11225.03 25.56
1123.9 43980.05 11259.70 25.60
1127.8 43933.44 11251.20 25.61
1131.8 43891.20 11216.64 25.56
1135.7 43904.71 11212.54 25.54
1139.6 43873.24 11198.61 25.52
1143.6 43814.30 11183.42 25.52
1147.5 43764.96 11166.06 25.51
1151.4 43600.54 11084.76 25.42
1155.4 43567.43 11060.72 25.39
1159.3 43548.37 11057.08 25.39
1163.2 43379.84 11023.36 25.41
1167.2 43333.14 11041.26 25.48
1171.1 43320.14 11061.43 25.53
1175.0 43247.45 11049.30 25.55
1179.0 43203.54 11037.78 25.55
1182.9 43281.26 11065.80 25.57
1186.8 43262.79 11054.42 25.55
1190.7 43059.97 11006.92 25.56
1194.7 42822.73 10942.12 25.55
1198.6 42602.18 10890.50 25.56
1202.5 42456.57 10862.83 25.59
1206.4 42335.53 10840.01 25.61
1210.3 42230.32 10829.69 25.64
1214.2 42126.94 10844.96 25.74
1218.2 41984.08 10853.03 25.85
1222.1 41854.50 10840.25 25.90
1226.0 41760.57 10845.81 25.97
1229.9 41673.90 10850.16 26.04
1233.8 41576.55 10820.74 26.03
1237.7 41528.30 10810.26 26.03
1241.6 41457.25 10827.00 26.12
1245.5 41309.15 10815.18 26.18
1249.4 41175.26 10808.96 26.25
1253.3 41058.30 10807.16 26.32
1257.2 40978.33 10803.75 26.36
1261.1 40873.57 10792.12 26.40
1265.0 40757.89 10759.46 26.40
1268.9 40587.74 10701.37 26.37
1272.8 40626.75 10735.95 26.43
1276.7 40780.33 10826.18 26.55
1280.6 40842.56 10884.18 26.65
1284.5 40748.73 10887.28 26.72
1288.4 40697.88 10877.62 26.73
1292.3 40562.50 10829.50 26.70
1296.2 40411.46 10793.58 26.71
1300.1 40239.63 10744.14 26.70
1303.9 40009.73 10661.86 26.65
1307.8 39785.54 10595.72 26.63
1311.7 39554.21 10527.23 26.61
1315.6 39326.35 10449.19 26.57
1319.5 39086.11 10350.52 26.48
1323.3 38870.69 10269.96 26.42
1327.2 38681.53 10214.32 26.41
1331.1 38474.56 10134.27 26.34
1335.0 38203.08 10037.67 26.27
1338.8 38009.09 9947.08 26.17
1342.7 37876.27 9833.08 25.96
1346.5 37598.34 9644.69 25.65
1350.4 37400.07 9425.29 25.20
1354.3 37094.65 9197.35 24.79
1358.1 36731.71 9041.38 24.61
1362.0 36487.36 8991.89 24.64
1365.8 36370.47 9020.48 24.80
1369.7 36432.94 9074.87 24.91
1373.5 36366.82 8984.98 24.71
1377.4 36166.21 8785.85 24.29
1381.2 35990.96 8652.00 24.04
1385.1 35936.27 8630.37 24.02
1389.0 35813.45 8562.09 23.91
1392.8 35598.92 8409.05 23.62
1396.6 35460.61 8261.35 23.30
1400.5 35253.63 8107.00 23.00
1404.3 35072.57 7970.59 22.73
1408.2 35016.72 7865.78 22.46
1412.0 34945.02 7762.61 22.21
1415.8 34962.39 7693.30 22.00
1419.6 34891.95 7631.21 21.87
1423.5 34842.23 7606.65 21.83
1427.3 34796.45 7600.84 21.84
1431.1 34758.75 7591.13 21.84
1434.9 34669.05 7557.62 21.80
1438.8 34606.94 7535.33 21.77
1442.6 34573.84 7521.77 21.76
1446.4 34441.31 7505.08 21.79
1450.2 34332.12 7498.37 21.84
1454.0 34220.52 7485.24 21.87
1457.8 34188.19 7484.99 21.89
1461.6 34155.00 7484.50 21.91
1465.4 34045.70 7473.11 21.95
1469.2 33870.20 7448.35 21.99
1473.0 33726.92 7448.07 22.08
1476.8 33664.28 7465.01 22.17
1480.7 33601.58 7479.68 22.26
1484.4 33488.64 7494.36 22.38
1488.2 33386.04 7501.20 22.47
1492.0 33257.25 7499.65 22.55
1495.8 33142.20 7502.95 22.64
1499.6 33034.11 7507.03 22.73
1503.4 32933.47 7534.38 22.88
1507.2 32852.74 7571.96 23.05
1510.9 32722.34 7598.35 23.22
1514.7 32573.11 7593.73 23.31
1518.5 32453.90 7548.62 23.26
1522.3 32317.90 7417.34 22.95
1526.0 32200.64 7269.19 22.57
1529.8 32127.61 7272.92 22.64
1533.6 32011.66 7399.44 23.11
1537.3 31894.88 7517.53 23.57
1541.1 31782.08 7567.05 23.81
1544.8 31651.20 7569.60 23.92
1548.6 31528.46 7555.77 23.96
1552.4 31450.00 7538.62 23.97
1556.1 31366.15 7516.79 23.96
1559.9 31270.43 7474.07 23.90
1563.6 31150.17 7429.79 23.85
1567.3 31046.10 7401.83 23.84
1571.1 30855.35 7369.37 23.88
1574.8 30723.08 7371.06 23.99
1578.6 30633.26 7374.14 24.07
1582.3 30519.48 7355.73 24.10
1586.0 30400.45 7331.76 24.12
1589.8 30269.89 7316.65 24.17
1593.5 30123.48 7287.67 24.19
1597.2 29998.09 7275.03 24.25
1600.9 29883.71 7259.46 24.29
1604.7 29753.95 7225.82 24.29
1608.4 29639.51 7198.75 24.29
1612.1 29489.62 7182.57 24.36
1615.8 29365.23 7177.10 24.44
1619.5 29298.37 7181.80 24.51
1623.2 29161.12 7167.17 24.58
1626.9 29003.45 7135.21 24.60
1630.6 28846.40 7107.54 24.64
1634.3 28721.00 7079.90 24.65
1638.0 28599.28 7025.65 24.57
1641.7 28456.49 6961.00 24.46
1645.4 28299.47 6909.08 24.41
1649.1 28138.66 6854.90 24.36
1652.8 28008.70 6808.00 24.31
1656.4 27859.80 6761.90 24.27
1660.1 27720.43 6724.61 24.26
1663.8 27551.22 6685.36 24.27
1667.5 27406.07 6654.12 24.28
1671.1 27282.14 6622.56 24.27
1674.8 27100.13 6576.73 24.27
1678.5 27060.12 6559.96 24.24
1682.1 27085.37 6552.46 24.19
1685.8 27087.74 6548.40 24.17
1689.5 26985.46 6521.88 24.17
1693.1 26859.21 6479.58 24.12
1696.8 26718.75 6429.13 24.06
1700.4 26575.97 6369.47 23.97
1704.0 26457.91 6322.06 23.89
1707.7 26210.69 6247.01 23.83
1711.3 25940.59 6158.27 23.74
1715.0 25755.85 6087.49 23.64
1718.6 25603.66 6021.15 23.52
1722.2 25471.82 5979.06 23.47
1725.9 25346.15 5948.05 23.47
1729.5 25225.17 5921.05 23.47
1733.1 25122.33 5911.14 23.53
1736.7 25028.77 5899.14 23.57
1740.3 24869.68 5862.96 23.57
1744.0 24796.20 5839.05 23.55
1747.5 24670.34 5798.18 23.50
1751.2 24460.97 5738.38 23.46
1754.8 24300.77 5690.61 23.42
1758.4 24168.99 5654.85 23.40
1762.0 24004.67 5606.98 23.36
1765.5 23878.06 5566.37 23.31
1769.1 23824.80 5558.40 23.33
1772.7 23745.17 5544.09 23.35
1776.3 23631.64 5519.98 23.36
1779.9 23517.13 5487.58 23.33
1783.5 23453.36 5470.88 23.33
1787.0 23338.16 5437.82 23.30
1790.6 23194.11 5396.14 23.27
1794.2 23099.94 5372.08 23.26
1797.8 23019.59 5347.54 23.23
1801.3 22943.45 5319.20 23.18
1804.9 22821.75 5281.50 23.14
1808.4 22758.56 5260.60 23.11
1812.0 22651.25 5212.80 23.01
1815.5 22537.46 5168.02 22.93
1819.1 22377.91 5115.60 22.86
1822.6 22230.86 5073.59 22.82
1826.2 22108.08 5046.98 22.83
1829.7 21962.63 5007.34 22.80
1833.2 21769.52 4957.72 22.77
1836.8 21568.82 4920.83 22.81
1840.3 21408.35 4927.50 23.02
1843.8 21283.15 4959.78 23.30
1847.3 21175.36 4984.81 23.54
1850.8 21026.88 5023.87 23.89
1854.3 20829.70 5016.58 24.08
1857.8 20716.80 4976.40 24.02
1861.3 20743.52 4937.80 23.80
1864.8 20771.48 4792.90 23.07
1868.3 20668.83 4634.70 22.42
1871.8 20505.60 4538.88 22.13
1875.3 20412.67 4509.51 22.09
1878.8 20386.82 4470.25 21.93
1882.3 20318.80 4394.31 21.63
1885.8 20165.84 4272.49 21.19
1889.3 19976.70 4128.80 20.67
1892.7 19815.25 4028.57 20.33
1896.2 19650.94 3955.27 20.13
1899.7 19441.16 3910.08 20.11
1903.1 19313.45 3932.54 20.36
1906.6 19304.54 4027.80 20.86
1910.0 19451.18 4190.45 21.54
1913.5 19794.95 4315.36 21.80
1917.0 20308.75 4394.08 21.64
1920.4 20662.58 4437.60 21.48
1923.8 20806.27 4443.01 21.35
1871.2 18887.00 3949.10 20.91
1873.9 18953.16 4069.83 21.47
1876.7 18991.47 4113.82 21.66
1879.5 19143.67 4067.08 21.25
1882.3 18900.39 3852.25 20.38
1885.1 18757.12 3810.04 20.31
1887.8 18909.61 3793.47 20.06
1890.6 18719.80 3594.26 19.20
1893.4 18700.00 3527.33 18.86
1896.2 18690.78 3417.70 18.29
1898.9 18634.09 3263.05 17.51
1901.7 18493.24 3180.18 17.20
1904.5 18663.12 3126.39 16.75
1907.2 18605.75 3130.25 16.82
1910.0 18464.96 3121.45 16.90
1912.7 18451.36 3094.58 16.77
1915.5 18338.72 3082.17 16.81
1918.2 18231.61 3052.32 16.74
1921.0 18078.76 3029.17 16.76
1923.7 18082.37 3078.21 17.02
1926.5 18028.91 3090.58 17.14
1929.2 17989.40 3078.40 17.11
1932.0 17961.44 3077.84 17.14
1934.7 17922.05 3061.01 17.08
1937.4 17800.47 3052.04 17.15
1940.2 17730.06 3094.85 17.46
1942.9 17801.07 3136.35 17.62
1945.6 17808.94 3146.84 17.67
1948.3 17731.12 3164.77 17.85
1951.1 17698.80 3154.48 17.82
1953.8 17700.00 3159.00 17.85
1956.5 17568.67 3147.75 17.92
1959.2 17632.03 3172.39 17.99
1961.9 17647.56 3203.50 18.15
1964.6 17543.58 3198.13 18.23
1967.3 17598.27 3224.77 18.32
1970.0 17419.60 3208.64 18.42
1972.8 17335.24 3229.95 18.63
1975.5 17419.52 3277.87 18.82
1978.2 17336.04 3235.36 18.66
1980.9 17221.82 3221.08 18.70
1983.5 17185.34 3251.52 18.92
1986.2 17183.55 3276.66 19.07
1988.9 17157.36 3305.76 19.27
1991.6 17017.92 3290.61 19.34
1994.3 16893.86 3263.82 19.32
1997.0 16913.63 3310.07 19.57
1999.7 16876.79 3293.80 19.52
2002.3 16857.27 3288.03 19.51
2005.0 16785.35 3331.18 19.85
2007.7 16706.93 3325.33 19.90
2010.4 16656.07 3331.79 20.00
2013.0 16600.58 3322.96 20.02
2015.7 16495.88 3313.38 20.09
2018.4 16401.61 3335.92 20.34
2021.0 16371.00 3323.50 20.30
2023.7 16264.64 3307.20 20.33
2026.4 16195.83 3309.58 20.43
2029.0 16138.97 3295.27 20.42
2031.7 16029.65 3250.43 20.28
2034.3 16012.75 3247.62 20.28
2037.0 15932.90 3256.96 20.44
2039.6 15864.39 3238.15 20.41
2042.3 15822.15 3238.01 20.47
2044.9 15747.27 3231.36 20.52
2047.5 15719.22 3222.95 20.50
2050.2 15638.00 3194.80 20.43
2052.8 15596.00 3189.20 20.45
2055.4 15487.61 3199.50 20.66
2058.1 15363.60 3155.60 20.54
2060.7 15311.01 3144.38 20.54
2063.3 15243.07 3132.21 20.55
2065.9 15200.63 3107.13 20.44
2068.6 15142.00 3109.92 20.54
2071.2 15102.27 3127.59 20.71
2073.8 15013.06 3103.35 20.67
2076.4 14939.89 3106.98 20.80
2079.0 14937.96 3085.38 20.65
2081.6 14955.68 3066.53 20.50
2084.2 14929.44 3109.48 20.83
2086.8 14795.01 3057.43 20.67
2089.4 14708.12 3046.58 20.71
2092.1 14645.50 3054.33 20.86
2094.7 14574.18 3028.40 20.78
2097.2 14543.50 3034.50 20.86
2099.8 14569.24 3054.47 20.97
2102.4 14455.51 3022.46 20.91
2105.0 14315.55 2986.80 20.86
2107.6 14281.54 2993.60 20.96
2110.2 14245.28 2972.38 20.87
2112.8 14225.04 2972.14 20.89
2115.3 14222.61 2990.59 21.03
2117.9 14223.97 2977.11 20.93
2120.5 14225.20 2964.56 20.84
2123.1 14136.53 2968.88 21.00
2125.6 14079.43 2966.40 21.07
2128.2 14012.88 2950.08 21.05
2130.8 13940.55 2963.03 21.25
2133.3 13889.33 2950.93 21.25
2135.9 13802.30 2915.19 21.12
2138.4 13704.95 2917.20 21.29
2141.0 13601.55 2870.75 21.11
2143.6 13585.34 2852.51 21.00
2146.1 13439.94 2832.55 21.08
2148.7 13282.54 2822.14 21.25
2151.2 13302.67 2839.47 21.35
2153.8 13324.47 2837.37 21.29
2156.3 13227.98 2817.48 21.30
2158.8 13160.05 2779.09 21.12
2161.4 13128.93 2756.69 21.00
2163.9 13034.58 2756.69 21.15
2166.4 12973.85 2749.70 21.19
2169.0 12959.07 2746.74 21.20
2171.5 12876.28 2729.00 21.19
2174.0 12786.55 2692.38 21.06
2176.5 12767.30 2705.95 21.19
2179.1 12718.27 2686.41 21.12
2181.6 12644.21 2682.75 21.22
2184.1 12612.60 2676.52 21.22
2186.6 12631.79 2658.17 21.04
2189.1 12551.10 2645.04 21.07
2191.6 12501.53 2603.53 20.83
2194.1 12512.72 2607.51 20.84
2196.6 12513.32 2632.42 21.04
2199.2 12564.98 2640.67 21.02
2201.7 12503.60 2607.45 20.85
2204.1 12450.01 2572.83 20.67
2206.6 12458.20 2622.19 21.05
2209.1 12429.94 2634.36 21.19
2211.6 12413.54 2577.11 20.76
2214.1 12385.83 2600.34 20.99
2216.6 12340.79 2601.86 21.08
2219.1 12355.98 2575.27 20.84
2221.6 12303.15 2577.11 20.95
2224.0 12230.10 2560.32 20.93
2226.5 12198.83 2530.33 20.74
2229.0 12234.63 2565.69 20.97
2231.5 12152.59 2520.14 20.74
2233.9 12137.64 2462.93 20.29
2236.4 12131.98 2474.26 20.39
2238.9 12024.13 2472.25 20.56
2241.3 12068.10 2429.17 20.13
2243.8 12017.57 2398.07 19.95
2246.2 11870.35 2353.14 19.82
2248.7 11882.39 2329.43 19.60
2251.2 11860.53 2317.53 19.54
2253.6 11784.96 2292.48 19.45
2256.1 11773.44 2319.36 19.70
2258.5 11793.92 2331.89 19.77
2260.9 11696.75 2293.33 19.61
2263.4 11668.53 2218.56 19.01
2265.8 11678.48 2227.22 19.07
2268.3 11583.48 2239.73 19.34
2270.7 11653.18 2218.56 19.04
2273.1 11608.55 2220.47 19.13
2275.6 11523.84 2231.04 19.36
2278.0 11553.06 2217.60 19.19
2280.4 11529.61 2170.46 18.83
2282.8 11402.06 2121.67 18.61
2285.3 11435.59 2130.81 18.63
2287.7 11531.47 2167.28 18.79
2290.1 11440.95 2174.33 19.00
2292.5 11408.96 2150.84 18.85
2294.9 11404.51 2177.37 19.09
2297.3 11303.39 2151.52 19.03
2299.7 11233.01 2045.24 18.21
2302.1 11231.11 2050.59 18.26
2304.5 11113.20 2046.24 18.41
2306.9 10995.60 2003.12 18.22
2309.3 10932.15 1994.43 18.24
2311.7 10856.55 1978.20 18.22
2314.1 10708.33 1941.60 18.13
2316.5 10641.94 1958.18 18.40
2318.9 10674.03 1986.60 18.61
2321.3 10672.73 1964.99 18.41
2323.7 10642.23 1984.69 18.65
2326.1 10606.96 1986.79 18.73
2328.4 10691.58 1944.66 18.19
2330.8 10736.25 1934.57 18.02
2333.2 10617.06 1943.85 18.31
2335.6 10582.60 1938.83 18.32
2337.9 10642.00 1911.39 17.96
2340.3 10592.40 1876.66 17.72
2342.7 10507.23 1891.56 18.00
2345.0 10502.01 1902.51 18.12
2347.4 10493.25 1844.50 17.58
2349.7 10277.63 1789.83 17.41
2352.1 10236.25 1835.41 17.93
2354.4 10290.21 1882.67 18.30
2356.8 10243.45 1838.90 17.95
2359.2 10187.67 1802.67 17.69
2361.5 10122.93 1823.87 18.02
2363.8 10144.75 1835.72 18.10
2366.2 10159.49 1805.05 17.77
2368.5 10097.05 1802.25 17.85
2370.9 10118.68 1807.23 17.86
2373.2 10072.53 1776.18 17.63
2375.5 9932.38 1751.18 17.63
2377.9 9918.93 1759.52 17.74
2380.2 9923.89 1759.36 17.73
2382.5 9856.28 1741.51 17.67
2384.8 9822.88 1721.44 17.52
2387.2 9807.99 1730.00 17.64
2389.5 9759.69 1709.24 17.51
2391.8 9772.85 1725.46 17.66
2394.1 9716.63 1741.80 17.93
2396.4 9652.48 1683.74 17.44
2398.7 9714.10 1690.47 17.40
2401.0 9598.25 1686.25 17.57
2403.3 9511.80 1633.44 17.17
2405.6 9521.83 1629.46 17.11
2407.9 9458.88 1638.27 17.32
2410.2 9400.00 1649.39 17.55
2412.5 9350.27 1621.05 17.34
2414.8 9330.30 1591.85 17.06
2417.1 9280.68 1615.60 17.41
2419.4 9294.64 1563.00 16.82
2421.7 9214.94 1513.92 16.43
2424.0 9156.02 1563.87 17.08
2426.2 9223.40 1567.55 17.00
2428.5 9129.27 1563.01 17.12
2430.8 9112.40 1536.90 16.87
2433.1 9071.93 1465.89 16.16
2435.4 8991.17 1493.87 16.61
2437.6 8963.19 1516.25 16.92
2439.9 8866.09 1459.90 16.47
2442.2 8873.80 1461.90 16.47
2444.4 8827.50 1458.81 16.53
2446.7 8812.56 1460.00 16.57
2448.9 8870.66 1486.34 16.76
2451.2 8802.92 1460.20 16.59
2453.4 8732.64 1416.27 16.22
2455.7 8702.87 1410.95 16.21
2457.9 8608.05 1404.15 16.31
2460.2 8594.01 1380.96 16.07
2462.4 8611.20 1397.76 16.23
2464.7 8503.63 1394.14 16.39
2466.9 8416.62 1348.20 16.02
2469.2 8471.54 1400.04 16.53
2471.4 8370.38 1385.22 16.55
2473.6 8261.63 1298.83 15.72
2475.9 8256.69 1266.61 15.34
2478.1 8211.66 1257.03 15.31
2480.3 8173.00 1287.91 15.76
2482.5 8177.69 1279.55 15.65
2484.8 8119.06 1267.01 15.61
2487.0 8110.30 1207.29 14.89
2489.2 8058.48 1183.52 14.69
2491.4 7946.29 1237.29 15.57
2493.6 7987.26 1230.62 15.41
2495.8 7981.68 1187.75 14.88
2498.0 7985.07 1248.43 15.63
2500.2 7961.63 1230.05 15.45
2502.4 8125.20 1225.44 15.08
2504.6 8272.59 1248.87 15.10
2506.8 8348.61 1207.97 14.47
