/*** Spectra Vista SIG Data ***/
name= \My Documents\HR1024_Data\GD2S5.
instrument= HR: 1091052
integration= 200, 60, 30, 200, 60, 30
scan time= 1, 1
scan settings= AD, AI, AD, AI
external data set1= 8224, 8224, 8224, 8224, 8224, 8224, 8224, 8224, 8224, 8224, 8224, 8224, 8224, 8224, 8224, 8224
external data set2= 8224, 8224, 8224, 8224, 8224, 8224, 8224, 8224, 8224, 8224, 8224, 8224, 8224, 8224, 8224, 8224
external data dark= 0,0,0,0,0,0,0,0
external data mask= 0
optic= LENS4 , LENS4 
temp= 32.26, 8.88, -5.37, 41.93, 8.94, -5.24
battery= 7.0, 6.5
error= 0, 0
units= Radiance, Radiance
time= 1/15/08 9:53:06 AM, 1/15/08 10:29:00 AM
longitude= , 
latitude= , 
gpstime= , 
comm= 
memory slot= 0, 0
factors= 
data= 
346.4 509.60 226.14 44.38
347.9 549.06 229.04 41.71
349.5 608.40 243.36 40.00
351.1 655.20 249.60 38.10
352.6 708.40 259.33 36.61
354.2 752.68 261.80 34.78
355.7 818.30 279.50 34.16
357.3 873.81 291.27 33.33
358.8 891.23 297.08 33.33
360.4 967.31 302.51 31.27
361.9 1009.93 302.98 30.00
363.5 1059.53 328.94 31.05
365.1 1102.67 312.08 28.30
366.6 1156.59 338.35 29.25
368.2 1218.77 332.39 27.27
369.7 1306.00 339.56 26.00
371.3 1379.56 342.42 24.82
372.8 1457.48 341.96 23.46
374.4 1528.58 373.80 24.45
375.9 1575.56 377.34 23.95
377.4 1632.76 377.29 23.11
379.0 1683.54 381.90 22.68
380.5 1741.87 369.30 21.20
382.1 1805.51 363.47 20.13
383.6 1862.60 371.39 19.94
385.2 1949.75 385.00 19.75
386.7 2036.04 389.88 19.15
388.3 2135.96 407.63 19.08
389.8 2212.47 425.48 19.23
391.3 2314.34 431.68 18.65
392.9 2392.65 449.51 18.79
394.4 2474.90 474.80 19.18
395.9 2552.82 474.14 18.57
397.5 2664.75 503.88 18.91
399.0 2774.82 534.57 19.27
400.6 2852.64 517.89 18.15
402.1 2910.24 521.16 17.91
403.6 2965.71 520.26 17.54
405.1 3036.77 520.98 17.16
406.7 3133.76 539.84 17.23
408.2 3234.33 550.19 17.01
409.7 3330.88 562.24 16.88
411.3 3437.91 592.11 17.22
412.8 3528.93 611.46 17.33
414.3 3634.54 638.80 17.58
415.8 3740.00 657.50 17.58
417.4 3868.37 675.51 17.46
418.9 3954.39 698.28 17.66
420.4 4037.85 710.36 17.59
421.9 4106.74 728.42 17.74
423.5 4196.00 740.20 17.64
425.0 4263.51 741.68 17.40
426.5 4364.50 756.80 17.34
428.0 4488.82 771.74 17.19
429.5 4615.58 790.00 17.12
431.1 4756.23 812.70 17.09
432.6 4917.76 840.13 17.08
434.1 5064.68 864.33 17.07
435.6 5199.35 886.23 17.05
437.1 5333.25 916.50 17.18
438.6 5454.84 933.38 17.11
440.1 5584.70 961.51 17.22
441.6 5717.14 997.25 17.44
443.1 5852.25 1030.73 17.61
444.7 5982.11 1056.27 17.66
446.2 6104.50 1098.81 18.00
447.7 6213.60 1137.00 18.30
449.2 6315.84 1181.52 18.71
450.7 6414.72 1216.80 18.97
452.2 6543.45 1255.64 19.19
453.7 6682.65 1298.16 19.43
455.2 6842.54 1328.30 19.41
456.7 7029.44 1369.28 19.48
458.2 7231.16 1425.96 19.72
459.7 7428.75 1470.00 19.79
461.2 7633.63 1516.14 19.86
462.7 7815.14 1557.30 19.93
464.2 8000.76 1601.25 20.01
465.7 8191.53 1644.69 20.08
467.2 8352.58 1680.53 20.12
468.7 8552.00 1720.00 20.11
470.2 8711.17 1754.29 20.14
471.7 8854.00 1793.13 20.25
473.2 9050.37 1881.15 20.79
474.6 9252.88 1934.91 20.91
476.1 9378.88 1967.36 20.98
477.6 9464.51 1971.20 20.83
479.1 9567.20 1979.55 20.69
480.6 9658.16 2005.48 20.76
482.1 9797.74 2030.40 20.72
483.6 9963.22 2066.15 20.74
485.1 10140.49 2127.07 20.98
486.6 10356.19 2191.18 21.16
488.0 10562.50 2257.13 21.37
489.5 10784.97 2341.75 21.71
491.0 10998.86 2426.81 22.06
492.5 11224.98 2530.44 22.54
494.0 11462.99 2648.70 23.11
495.4 11663.85 2757.15 23.64
496.9 11870.36 2894.11 24.38
498.4 12074.30 3031.27 25.11
499.9 12278.41 3191.12 25.99
501.4 12476.75 3360.87 26.94
502.8 12664.51 3546.77 28.01
504.3 12846.60 3736.80 29.09
505.8 13033.73 3947.40 30.29
507.2 13172.68 4160.57 31.58
508.7 13289.99 4375.29 32.92
510.2 13412.81 4593.30 34.25
511.6 13494.72 4831.26 35.80
513.1 13630.43 5090.14 37.34
514.6 13795.53 5365.54 38.89
516.0 13946.28 5641.61 40.45
517.5 14135.83 5958.12 42.15
519.0 14365.19 6277.41 43.70
520.5 14579.60 6610.84 45.34
521.9 14828.55 6954.71 46.90
523.4 15093.49 7325.84 48.54
524.8 15349.14 7684.08 50.06
526.3 15633.70 8050.21 51.49
527.8 15915.89 8410.84 52.85
529.2 16178.21 8744.59 54.05
530.7 16455.24 9079.94 55.18
532.1 16698.15 9379.83 56.17
533.6 16994.07 9693.71 57.04
535.0 17295.55 10005.19 57.85
536.5 17581.25 10286.39 58.51
538.0 17895.84 10574.48 59.09
539.4 18160.64 10839.63 59.69
540.9 18488.86 11134.07 60.22
542.3 18738.28 11418.39 60.94
543.8 18940.29 11636.94 61.44
545.2 19020.35 11743.17 61.74
546.6 19057.19 11819.43 62.02
548.1 19121.11 11882.15 62.14
549.5 19166.91 11948.42 62.34
551.0 19217.70 11999.51 62.44
552.4 19311.21 12057.66 62.44
553.9 19371.38 12080.71 62.36
555.3 19461.20 12104.24 62.20
556.8 19596.88 12157.41 62.04
558.2 19743.75 12188.81 61.74
559.6 19902.71 12226.85 61.43
561.1 20117.50 12301.25 61.15
562.5 20332.52 12369.70 60.84
564.0 20611.34 12454.93 60.43
565.4 20865.50 12524.96 60.03
566.8 21177.73 12607.10 59.53
568.3 21463.05 12668.06 59.02
569.7 21776.78 12713.81 58.38
571.1 22080.65 12738.47 57.69
572.6 22373.82 12762.36 57.04
574.0 22675.95 12772.65 56.33
575.4 22958.44 12786.19 55.69
576.9 23231.09 12780.65 55.02
578.3 23477.03 12773.48 54.41
579.7 23721.74 12777.24 53.86
581.1 23920.49 12748.70 53.30
582.6 24132.47 12739.73 52.79
584.0 24305.80 12720.00 52.33
585.4 24549.94 12752.84 51.95
586.8 24845.17 12831.54 51.65
588.3 25201.80 12923.82 51.28
589.7 25517.70 13015.08 51.00
591.1 25735.55 13044.30 50.69
592.5 25883.00 13036.53 50.37
594.0 25998.42 12989.22 49.96
595.4 26057.54 12933.94 49.64
596.8 26115.38 12882.87 49.33
598.2 26174.55 12833.02 49.03
599.6 26202.06 12763.62 48.71
601.0 26298.70 12732.70 48.42
602.4 26372.18 12689.38 48.12
603.9 26501.77 12657.42 47.76
605.3 26625.41 12610.57 47.36
606.7 26749.80 12544.20 46.89
608.1 26941.18 12504.09 46.41
609.5 27151.69 12463.58 45.90
610.9 27387.74 12438.72 45.42
612.3 27589.20 12400.20 44.95
613.7 27871.80 12382.00 44.42
615.1 28061.64 12315.24 43.89
616.5 28235.16 12250.97 43.39
617.9 28534.12 12263.93 42.98
619.3 28808.15 12294.30 42.68
620.7 29149.14 12361.21 42.41
622.1 29527.66 12488.70 42.29
623.5 29951.83 12673.20 42.31
624.9 30436.35 12921.30 42.45
626.3 30757.12 13099.29 42.59
627.7 30461.43 12972.93 42.59
629.1 30188.34 12853.79 42.58
630.5 30083.03 12770.20 42.45
631.9 30076.12 12723.08 42.30
633.3 30078.24 12636.57 42.01
634.7 30183.54 12565.76 41.63
636.1 30268.81 12358.36 40.83
637.5 30374.19 12068.60 39.73
638.9 30520.15 11785.84 38.62
640.2 30643.60 11562.88 37.73
641.6 30733.56 11379.42 37.03
643.0 30777.50 11195.91 36.38
644.4 30869.16 11036.16 35.75
645.8 30855.38 10838.27 35.13
647.2 31023.20 10734.62 34.60
648.5 31185.15 10625.36 34.07
649.9 31117.13 10449.27 33.58
651.3 31099.80 10309.65 33.15
652.7 31059.00 10149.00 32.68
654.1 30961.56 9842.46 31.79
655.5 30829.51 9513.51 30.86
656.8 30685.81 9169.93 29.88
658.2 30861.69 8952.62 29.01
659.6 31181.89 8776.90 28.15
660.9 31452.29 8574.97 27.26
662.3 31767.46 8375.39 26.36
663.7 32102.70 8169.00 25.45
665.0 32334.98 7982.22 24.69
666.4 32575.38 7809.83 23.97
667.8 32873.84 7677.48 23.35
669.1 33084.01 7554.23 22.83
670.5 33327.47 7498.02 22.50
671.9 33513.12 7441.92 22.21
673.2 33742.50 7447.89 22.07
674.6 33950.66 7490.48 22.06
676.0 34219.05 7552.19 22.07
677.3 34494.18 7665.61 22.22
678.7 34767.13 7839.13 22.55
680.0 35103.31 8092.77 23.05
681.4 35420.13 8448.68 23.85
682.8 35763.00 8906.63 24.90
684.1 36073.44 9514.44 26.38
685.5 36318.59 10265.88 28.27
686.8 36607.26 11178.24 30.54
688.2 36844.31 12259.75 33.27
689.5 36898.97 13436.19 36.41
690.9 36950.15 14736.33 39.88
692.2 37008.15 16126.20 43.57
693.6 37024.93 17618.62 47.59
694.9 37005.38 19097.07 51.61
696.2 37027.13 20643.08 55.75
697.6 37047.86 22164.45 59.83
698.9 37049.76 23675.52 63.90
700.3 37075.62 25143.39 67.82
701.6 37124.24 26530.44 71.46
703.0 37178.40 27849.64 74.91
704.3 37172.20 29047.69 78.14
705.6 37157.22 30154.32 81.15
707.0 37168.46 31192.54 83.92
708.3 37076.04 32083.07 86.53
709.6 36967.81 32910.30 89.02
711.0 36867.73 33648.27 91.27
712.3 36770.31 34317.99 93.33
713.6 36755.88 34997.76 95.22
714.9 36684.64 35609.25 97.07
716.3 36701.44 36217.46 98.68
717.6 36734.04 36830.36 100.26
718.9 36680.73 37281.21 101.64
720.2 36496.25 37606.94 103.04
721.6 36394.28 37925.16 104.21
722.9 36240.12 38169.74 105.32
724.2 36067.30 38306.02 106.21
725.5 35963.70 38488.63 107.02
726.8 35833.96 38621.14 107.78
728.1 35810.80 38806.92 108.37
729.5 35779.10 38953.32 108.87
730.8 35779.13 39086.03 109.24
732.1 35704.25 39159.50 109.68
733.4 35690.92 39282.07 110.06
734.7 35685.89 39357.91 110.29
736.0 35729.66 39503.30 110.56
737.3 35717.44 39583.39 110.82
738.6 35830.21 39785.51 111.04
739.9 36014.88 40080.56 111.29
741.2 36161.58 40341.21 111.56
742.5 36363.94 40728.61 112.00
743.8 36737.66 41305.69 112.43
745.1 37309.08 42119.94 112.89
746.4 37926.98 43045.28 113.50
747.7 38536.99 43994.86 114.16
749.0 39118.92 44903.36 114.79
750.3 39493.02 45421.22 115.01
751.6 39440.80 45392.02 115.09
752.9 39084.79 44983.87 115.09
754.2 38731.25 44547.93 115.02
755.4 38386.91 44087.03 114.85
756.7 38244.09 43971.32 114.98
758.0 38261.36 44063.80 115.17
759.3 38489.95 44410.54 115.38
760.6 38786.44 44866.36 115.68
761.9 39062.28 45287.92 115.94
763.1 39197.21 45559.57 116.23
764.4 39371.54 45888.62 116.55
765.7 39490.75 46111.00 116.76
767.0 39577.16 46310.96 117.01
768.2 39644.64 46478.88 117.24
769.5 39697.68 46607.87 117.41
770.8 39836.32 46870.97 117.66
772.0 39856.44 46971.25 117.85
773.3 39898.95 47088.70 118.02
774.6 39978.84 47243.04 118.17
775.8 40054.79 47384.03 118.30
777.1 40085.96 47439.99 118.35
778.4 40059.57 47423.29 118.38
779.6 39999.54 47442.96 118.61
780.9 39948.00 47396.00 118.64
782.1 39837.20 47265.44 118.65
783.4 39802.88 47315.84 118.88
784.6 39851.08 47401.00 118.95
785.9 40095.40 47797.82 119.21
787.1 40531.58 48477.84 119.61
788.4 40834.19 49033.55 120.08
789.6 40796.10 48953.32 120.00
790.9 40479.11 48483.63 119.77
792.1 40128.24 47985.04 119.58
793.4 39739.41 47536.81 119.62
794.6 39507.48 47222.46 119.53
795.8 39314.07 46952.55 119.43
797.1 39097.95 46655.85 119.33
798.3 38940.83 46468.54 119.33
799.5 38821.14 46378.24 119.47
800.8 38733.05 46254.68 119.42
802.0 38591.76 46153.72 119.59
803.2 38469.72 45995.52 119.56
804.5 38377.94 45894.33 119.59
805.7 38264.87 45776.75 119.63
806.9 38181.95 45657.25 119.58
808.1 38074.65 45544.62 119.62
809.4 38033.33 45483.90 119.59
810.6 37951.55 45390.80 119.60
811.8 37942.61 45377.49 119.60
813.0 37965.80 45416.13 119.62
814.2 37975.49 45465.39 119.72
815.4 38039.93 45610.27 119.90
816.6 38032.65 45645.81 120.02
817.9 38050.16 45694.35 120.09
819.1 37997.24 45621.30 120.06
820.3 37865.18 45433.52 119.99
821.5 37787.61 45306.05 119.90
822.7 37714.41 45187.22 119.81
823.9 37704.87 45175.35 119.81
825.1 37688.07 45126.39 119.74
826.3 37716.38 45079.77 119.52
827.5 37726.06 45102.11 119.55
828.7 37779.60 45089.28 119.35
829.9 37796.29 45071.13 119.25
831.0 37849.02 45076.95 119.10
832.2 37913.75 45124.85 119.02
833.4 37950.44 45133.90 118.93
834.6 37978.13 45182.81 118.97
835.8 38031.53 45246.60 118.97
837.0 38073.26 45334.16 119.07
838.1 38178.69 45467.57 119.09
839.3 38239.24 45568.59 119.17
840.5 38296.24 45691.24 119.31
841.7 38381.58 45824.13 119.39
842.9 38485.06 45992.36 119.51
844.0 38543.94 46121.79 119.66
845.2 38626.85 46287.03 119.83
846.4 38724.98 46429.15 119.89
847.5 38888.12 46680.03 120.04
848.7 39002.30 46866.80 120.16
849.9 39141.74 47045.69 120.19
851.0 39173.78 47133.14 120.32
852.2 39245.07 47184.79 120.23
853.3 39202.67 47141.85 120.25
854.5 39188.19 47127.61 120.26
855.6 39170.88 47124.45 120.30
856.8 39193.80 47137.09 120.27
857.9 39192.81 47152.79 120.31
859.1 39326.60 47268.80 120.20
860.2 39300.24 47263.28 120.26
861.4 39344.78 47291.42 120.20
862.5 39384.29 47307.65 120.12
863.7 39467.66 47412.32 120.13
864.8 39454.45 47394.55 120.12
865.9 39398.65 47360.70 120.21
867.1 39448.45 47398.40 120.15
868.2 39441.53 47346.53 120.04
869.3 39465.67 47367.27 120.02
870.5 39438.89 47292.33 119.91
871.6 39473.54 47275.36 119.76
872.7 39541.37 47291.98 119.60
873.9 39548.50 47265.28 119.51
875.0 39546.05 47239.78 119.46
876.1 39583.15 47185.52 119.21
877.2 39616.79 47214.31 119.18
878.3 39601.98 47192.63 119.17
879.4 39662.11 47219.50 119.05
880.5 39702.60 47237.40 118.98
881.7 39698.10 47176.35 118.84
882.8 39775.46 47167.13 118.58
883.9 39785.32 47185.41 118.60
885.0 39766.55 47015.38 118.23
886.1 39735.85 46929.64 118.10
887.2 39664.66 46731.92 117.82
888.3 39567.00 46545.18 117.64
889.4 39535.02 46382.11 117.32
890.5 39459.91 46258.69 117.23
891.6 39428.33 46177.16 117.12
892.7 39429.01 46087.97 116.89
893.8 39492.50 46079.12 116.68
894.9 39505.51 46015.20 116.48
896.0 39527.49 45933.39 116.21
897.0 39487.40 45940.92 116.34
898.1 39490.45 45917.40 116.27
899.2 39536.22 45868.74 116.02
900.3 39503.73 45729.30 115.76
901.4 39454.09 45629.10 115.65
902.4 39461.49 45560.17 115.45
903.5 39418.10 45445.85 115.29
904.6 39431.18 45407.91 115.16
905.7 39454.64 45355.57 114.96
906.7 39397.52 45284.50 114.94
907.8 39514.80 45258.01 114.53
908.9 39443.33 45108.64 114.36
909.9 39411.21 45034.41 114.27
911.0 39357.50 44928.16 114.15
912.1 39280.99 44768.92 113.97
913.1 39233.48 44647.72 113.80
914.2 39173.92 44455.35 113.48
915.2 39170.79 44355.60 113.24
916.3 39094.50 44240.10 113.16
917.3 39076.47 44127.72 112.93
918.4 39031.30 43976.35 112.67
919.4 39022.48 43797.82 112.24
920.5 39026.74 43706.23 111.99
921.5 39018.63 43597.40 111.73
922.6 38959.72 43414.97 111.44
923.6 39026.05 43368.19 111.13
924.7 39022.50 43161.25 110.61
925.7 39030.84 43049.04 110.29
926.7 39009.32 42914.64 110.01
927.8 39032.57 42811.70 109.68
928.8 39142.62 42801.75 109.35
929.9 39330.10 42732.90 108.65
930.9 39447.46 42724.29 108.31
931.9 39602.61 42716.38 107.86
932.9 39864.58 42854.13 107.50
934.0 39909.81 42686.85 106.96
935.0 39942.68 42558.39 106.55
936.0 39929.50 42357.72 106.08
937.0 39883.94 42120.20 105.61
938.1 39848.52 41867.23 105.07
939.1 39753.89 41712.74 104.93
940.1 39867.76 41603.78 104.35
941.1 39995.43 41607.06 104.03
942.1 40229.45 41629.17 103.48
943.1 40393.76 41649.33 103.11
944.1 40552.56 41645.44 102.69
945.2 40570.32 41429.64 102.12
946.2 40685.67 41358.49 101.65
947.2 40740.25 41141.50 100.98
948.2 40874.09 41132.44 100.63
949.2 40954.06 40912.63 99.90
950.2 41026.00 40688.80 99.18
951.2 41012.16 40555.20 98.89
952.2 41170.94 40415.51 98.17
953.2 41257.13 40281.15 97.63
954.2 41395.95 40144.73 96.98
955.2 41401.94 39957.86 96.51
956.2 41391.82 39732.39 95.99
957.2 41524.97 39657.06 95.50
958.2 41486.28 39659.84 95.60
959.2 41625.00 39527.10 94.96
960.1 41647.94 39503.42 94.85
961.1 41725.78 39445.40 94.53
962.1 41752.50 39383.44 94.33
963.1 41720.60 39330.83 94.27
964.1 41837.60 39428.20 94.24
965.1 41932.95 39535.13 94.28
966.1 41961.44 39482.71 94.09
967.0 42058.17 39569.88 94.08
968.0 42094.69 39579.40 94.02
969.0 42115.20 39632.80 94.11
970.0 42092.26 39730.50 94.39
971.0 42266.18 39828.18 94.23
971.9 42275.33 39866.34 94.30
972.9 42388.85 39979.28 94.32
973.9 42492.13 40001.65 94.14
974.9 42580.28 40237.16 94.50
975.8 42630.52 40388.30 94.74
976.8 42806.43 40406.63 94.39
977.8 42848.34 40650.17 94.87
978.8 42868.95 40757.85 95.08
979.7 43050.58 41070.40 95.40
980.7 43264.32 41315.84 95.50
981.7 43347.07 41781.88 96.39
982.6 43545.07 42104.77 96.69
983.6 44003.55 42663.61 96.95
984.6 44377.46 43169.91 97.28
985.5 44900.28 43937.64 97.86
986.5 45688.01 44660.43 97.75
987.5 46285.78 45644.19 98.61
988.4 47161.40 46627.90 98.87
989.4 47812.76 47563.09 99.48
990.4 48753.98 48899.95 100.30
991.3 50274.64 50956.33 101.36
992.3 50864.45 51451.35 101.15
993.2 51610.85 53181.62 103.04
994.2 53891.66 54144.68 100.47
995.2 55394.96 54555.64 98.48
996.1 55625.12 55930.75 100.55
997.1 56348.70 56348.70 100.00
998.0 54473.40 56871.60 104.40
999.0 55283.87 56367.87 101.96
1000.0 55127.21 56252.25 102.04
1000.9 55875.58 55875.58 100.00
1001.9 56355.47 56355.47 100.00
1002.8 54776.67 56031.10 102.29
1003.8 57170.04 56733.63 99.24
1004.8 54763.20 57045.00 104.17
961.5 49984.08 40509.34 81.04
965.5 48959.90 40089.12 81.88
969.5 47367.08 39118.12 82.59
973.4 45664.01 38226.14 83.71
977.4 44063.24 37565.98 85.25
981.4 43484.76 37496.76 86.23
985.3 43466.28 37749.45 86.85
989.3 43739.41 38164.88 87.26
993.3 44088.36 38553.85 87.45
997.2 44246.85 38806.60 87.70
1001.2 44240.69 39059.41 88.29
1005.2 44147.66 39393.50 89.23
1009.1 44170.72 39866.45 90.26
1013.1 44298.35 40422.54 91.25
1017.1 44409.64 41016.20 92.36
1021.0 44418.65 41480.59 93.39
1025.0 44431.92 41902.38 94.31
1029.0 44310.95 42247.83 95.34
1032.9 44196.36 42570.71 96.32
1036.9 44214.81 43005.53 97.26
1040.9 44317.48 43540.61 98.25
1044.8 44471.57 44112.00 99.19
1048.8 44586.22 44630.43 100.10
1052.7 44660.98 45056.47 100.89
1056.7 44664.90 45347.75 101.53
1060.7 44652.74 45571.00 102.06
1064.6 44643.90 45720.82 102.41
1068.6 44545.19 45742.10 102.69
1072.5 44448.63 45702.47 102.82
1076.5 44390.31 45622.03 102.77
1080.4 44363.13 45518.17 102.60
1084.4 44428.99 45473.42 102.35
1088.3 44526.89 45368.29 101.89
1092.3 44515.11 45092.09 101.30
1096.2 44485.25 44793.17 100.69
1100.2 44489.30 44522.39 100.07
1104.1 44387.15 44108.76 99.37
1108.1 44344.78 43750.61 98.66
1112.0 44255.25 43322.09 97.89
1116.0 44078.91 42758.56 97.00
1119.9 43920.46 42148.50 95.97
1123.9 43980.05 41603.69 94.60
1127.8 43933.44 40734.72 92.72
1131.8 43891.20 39597.33 90.22
1135.7 43904.71 38296.54 87.23
1139.6 43873.24 36863.68 84.02
1143.6 43814.30 35471.95 80.96
1147.5 43764.96 34273.81 78.31
1151.4 43600.54 33257.98 76.28
1155.4 43567.43 32624.18 74.88
1159.3 43548.37 32214.96 73.98
1163.2 43379.84 31825.75 73.37
1167.2 43333.14 31636.98 73.01
1171.1 43320.14 31529.46 72.78
1175.0 43247.45 31384.06 72.57
1179.0 43203.54 31266.77 72.37
1182.9 43281.26 31223.09 72.14
1186.8 43262.79 31107.11 71.90
1190.7 43059.97 30890.39 71.74
1194.7 42822.73 30667.14 71.61
1198.6 42602.18 30495.47 71.58
1202.5 42456.57 30405.56 71.62
1206.4 42335.53 30374.73 71.75
1210.3 42230.32 30380.45 71.94
1214.2 42126.94 30416.41 72.20
1218.2 41984.08 30453.57 72.54
1222.1 41854.50 30506.63 72.89
1226.0 41760.57 30582.48 73.23
1229.9 41673.90 30661.56 73.57
1233.8 41576.55 30727.63 73.91
1237.7 41528.30 30807.54 74.18
1241.6 41457.25 30852.83 74.42
1245.5 41309.15 30856.49 74.70
1249.4 41175.26 30854.49 74.93
1253.3 41058.30 30844.94 75.12
1257.2 40978.33 30854.41 75.29
1261.1 40873.57 30819.20 75.40
1265.0 40757.89 30742.96 75.43
1268.9 40587.74 30583.54 75.35
1272.8 40626.75 30580.50 75.27
1276.7 40780.33 30645.73 75.15
1280.6 40842.56 30609.28 74.94
1284.5 40748.73 30408.62 74.62
1288.4 40697.88 30195.83 74.20
1292.3 40562.50 29895.25 73.70
1296.2 40411.46 29533.75 73.08
1300.1 40239.63 29109.86 72.34
1303.9 40009.73 28589.33 71.46
1307.8 39785.54 28045.33 70.49
1311.7 39554.21 27454.24 69.41
1315.6 39326.35 26830.46 68.23
1319.5 39086.11 26172.78 66.96
1323.3 38870.69 25514.95 65.64
1327.2 38681.53 24855.10 64.26
1331.1 38474.56 24175.66 62.84
1335.0 38203.08 23489.18 61.49
1338.8 38009.09 22866.06 60.16
1342.7 37876.27 22287.49 58.84
1346.5 37598.34 21630.08 57.53
1350.4 37400.07 21027.36 56.22
1354.3 37094.65 20413.82 55.03
1358.1 36731.71 19824.51 53.97
1362.0 36487.36 19344.42 53.02
1365.8 36370.47 18916.69 52.01
1369.7 36432.94 18477.08 50.72
1373.5 36366.82 17810.83 48.98
1377.4 36166.21 16937.57 46.83
1381.2 35990.96 15983.06 44.41
1385.1 35936.27 15023.91 41.81
1389.0 35813.45 13999.11 39.09
1392.8 35598.92 12945.75 36.37
1396.6 35460.61 12005.80 33.86
1400.5 35253.63 11161.09 31.66
1404.3 35072.57 10454.04 29.81
1408.2 35016.72 9919.41 28.33
1412.0 34945.02 9482.80 27.14
1415.8 34962.39 9166.08 26.22
1419.6 34891.95 8909.39 25.53
1423.5 34842.23 8701.73 24.97
1427.3 34796.45 8554.74 24.59
1431.1 34758.75 8451.38 24.31
1434.9 34669.05 8348.40 24.08
1438.8 34606.94 8292.33 23.96
1442.6 34573.84 8262.64 23.90
1446.4 34441.31 8203.50 23.82
1450.2 34332.12 8176.28 23.82
1454.0 34220.52 8162.40 23.85
1457.8 34188.19 8173.71 23.91
1461.6 34155.00 8210.86 24.04
1465.4 34045.70 8247.29 24.22
1469.2 33870.20 8296.93 24.50
1473.0 33726.92 8372.53 24.82
1476.8 33664.28 8494.66 25.23
1480.7 33601.58 8648.81 25.74
1484.4 33488.64 8793.96 26.26
1488.2 33386.04 8967.24 26.86
1492.0 33257.25 9155.12 27.53
1495.8 33142.20 9329.78 28.15
1499.6 33034.11 9476.08 28.69
1503.4 32933.47 9607.31 29.17
1507.2 32852.74 9736.03 29.64
1510.9 32722.34 9840.60 30.07
1514.7 32573.11 9928.27 30.48
1518.5 32453.90 10041.27 30.94
1522.3 32317.90 10153.53 31.42
1526.0 32200.64 10278.78 31.92
1529.8 32127.61 10423.24 32.44
1533.6 32011.66 10554.24 32.97
1537.3 31894.88 10691.65 33.52
1541.1 31782.08 10825.52 34.06
1544.8 31651.20 10956.00 34.61
1548.6 31528.46 11084.84 35.16
1552.4 31450.00 11207.63 35.64
1556.1 31366.15 11310.13 36.06
1559.9 31270.43 11416.99 36.51
1563.6 31150.17 11526.93 37.00
1567.3 31046.10 11639.30 37.49
1571.1 30855.35 11713.14 37.96
1574.8 30723.08 11837.13 38.53
1578.6 30633.26 11968.66 39.07
1582.3 30519.48 12028.62 39.41
1586.0 30400.45 12075.84 39.72
1589.8 30269.89 12128.65 40.07
1593.5 30123.48 12175.74 40.42
1597.2 29998.09 12225.89 40.76
1600.9 29883.71 12274.52 41.07
1604.7 29753.95 12308.17 41.37
1608.4 29639.51 12345.19 41.65
1612.1 29489.62 12380.26 41.98
1615.8 29365.23 12424.58 42.31
1619.5 29298.37 12486.21 42.62
1623.2 29161.12 12509.35 42.90
1626.9 29003.45 12512.05 43.14
1630.6 28846.40 12521.08 43.41
1634.3 28721.00 12537.33 43.65
1638.0 28599.28 12537.20 43.84
1641.7 28456.49 12519.22 43.99
1645.4 28299.47 12491.89 44.14
1649.1 28138.66 12457.39 44.27
1652.8 28008.70 12436.74 44.40
1656.4 27859.80 12397.61 44.50
1660.1 27720.43 12353.26 44.56
1663.8 27551.22 12302.00 44.65
1667.5 27406.07 12265.61 44.76
1671.1 27282.14 12217.28 44.78
1674.8 27100.13 12126.93 44.75
1678.5 27060.12 12084.63 44.66
1682.1 27085.37 12056.15 44.51
1685.8 27087.74 12009.71 44.34
1689.5 26985.46 11911.88 44.14
1693.1 26859.21 11804.97 43.95
1696.8 26718.75 11689.75 43.75
1700.4 26575.97 11557.46 43.49
1704.0 26457.91 11424.19 43.18
1707.7 26210.69 11240.32 42.88
1711.3 25940.59 11035.25 42.54
1715.0 25755.85 10864.70 42.18
1718.6 25603.66 10712.52 41.84
1722.2 25471.82 10566.30 41.48
1725.9 25346.15 10426.57 41.14
1729.5 25225.17 10310.76 40.87
1733.1 25122.33 10229.34 40.72
1736.7 25028.77 10154.97 40.57
1740.3 24869.68 10047.03 40.40
1744.0 24796.20 9957.78 40.16
1747.5 24670.34 9831.79 39.85
1751.2 24460.97 9658.73 39.49
1754.8 24300.77 9509.00 39.13
1758.4 24168.99 9385.81 38.83
1762.0 24004.67 9257.38 38.56
1765.5 23878.06 9152.26 38.33
1769.1 23824.80 9088.80 38.15
1772.7 23745.17 9027.91 38.02
1776.3 23631.64 8949.86 37.87
1779.9 23517.13 8871.34 37.72
1783.5 23453.36 8831.28 37.65
1787.0 23338.16 8761.49 37.54
1790.6 23194.11 8685.55 37.45
1794.2 23099.94 8640.94 37.41
1797.8 23019.59 8603.80 37.38
1801.3 22943.45 8571.99 37.36
1804.9 22821.75 8526.00 37.36
1808.4 22758.56 8506.10 37.38
1812.0 22651.25 8449.08 37.30
1815.5 22537.46 8398.38 37.26
1819.1 22377.91 8335.59 37.25
1822.6 22230.86 8277.05 37.23
1826.2 22108.08 8223.74 37.20
1829.7 21962.63 8141.42 37.07
1833.2 21769.52 8035.46 36.91
1836.8 21568.82 7940.21 36.81
1840.3 21408.35 7867.58 36.75
1843.8 21283.15 7786.10 36.58
1847.3 21175.36 7706.47 36.39
1850.8 21026.88 7608.38 36.18
1854.3 20829.70 7461.25 35.82
1857.8 20716.80 7295.60 35.22
1861.3 20743.52 7082.86 34.14
1864.8 20771.48 6794.41 32.71
1868.3 20668.83 6419.53 31.06
1871.8 20505.60 6036.48 29.44
1875.3 20412.67 5677.49 27.81
1878.8 20386.82 5305.52 26.02
1882.3 20318.80 4934.79 24.29
1885.8 20165.84 4577.67 22.70
1889.3 19976.70 4245.57 21.25
1892.7 19815.25 4019.72 20.29
1896.2 19650.94 3849.15 19.59
1899.7 19441.16 3746.25 19.27
1903.1 19313.45 3764.38 19.49
1906.6 19304.54 3899.42 20.20
1910.0 19451.18 4190.45 21.54
1913.5 19794.95 4677.29 23.63
1917.0 20308.75 5464.90 26.91
1920.4 20662.58 6240.38 30.20
1923.8 20806.27 6718.69 32.29
1871.2 18887.00 4338.29 22.97
1873.9 18953.16 4123.52 21.76
1876.7 18991.47 3934.09 20.72
1879.5 19143.67 3669.83 19.17
1882.3 18900.39 3347.04 17.71
1885.1 18757.12 3094.58 16.50
1887.8 18909.61 2869.84 15.18
1890.6 18719.80 2666.46 14.24
1893.4 18700.00 2530.00 13.53
1896.2 18690.78 2379.33 12.73
1898.9 18634.09 2241.74 12.03
1901.7 18493.24 2151.47 11.63
1904.5 18663.12 2110.71 11.31
1907.2 18605.75 2066.25 11.11
1910.0 18464.96 2053.58 11.12
1912.7 18451.36 2057.71 11.15
1915.5 18338.72 2028.44 11.06
1918.2 18231.61 2003.87 10.99
1921.0 18078.76 1973.60 10.92
1923.7 18082.37 1980.99 10.96
1926.5 18028.91 2002.85 11.11
1929.2 17989.40 1994.55 11.09
1932.0 17961.44 2019.24 11.24
1934.7 17922.05 2019.83 11.27
1937.4 17800.47 1975.76 11.10
1940.2 17730.06 1994.59 11.25
1942.9 17801.07 2040.15 11.46
1945.6 17808.94 2041.52 11.46
1948.3 17731.12 2045.67 11.54
1951.1 17698.80 2088.94 11.80
1953.8 17700.00 2106.00 11.90
1956.5 17568.67 2102.49 11.97
1959.2 17632.03 2146.82 12.18
1961.9 17647.56 2184.34 12.38
1964.6 17543.58 2198.53 12.53
1967.3 17598.27 2248.73 12.78
1970.0 17419.60 2240.72 12.86
1972.8 17335.24 2262.14 13.05
1975.5 17419.52 2344.26 13.46
1978.2 17336.04 2338.92 13.49
1980.9 17221.82 2346.58 13.63
1983.5 17185.34 2370.29 13.79
1986.2 17183.55 2406.57 14.01
1988.9 17157.36 2456.04 14.31
1991.6 17017.92 2467.96 14.50
1994.3 16893.86 2463.75 14.58
1997.0 16913.63 2494.08 14.75
1999.7 16876.79 2535.68 15.02
2002.3 16857.27 2563.11 15.20
2005.0 16785.35 2591.88 15.44
2007.7 16706.93 2623.00 15.70
2010.4 16656.07 2649.44 15.91
2013.0 16600.58 2662.92 16.04
2015.7 16495.88 2691.06 16.31
2018.4 16401.61 2726.04 16.62
2021.0 16371.00 2734.17 16.70
2023.7 16264.64 2733.39 16.81
2026.4 16195.83 2760.33 17.04
2029.0 16138.97 2786.36 17.26
2031.7 16029.65 2780.05 17.34
2034.3 16012.75 2805.40 17.52
2037.0 15932.90 2843.15 17.84
2039.6 15864.39 2869.60 18.09
2042.3 15822.15 2872.93 18.16
2044.9 15747.27 2883.54 18.31
2047.5 15719.22 2925.62 18.61
2050.2 15638.00 2926.00 18.71
2052.8 15596.00 2942.80 18.87
2055.4 15487.61 2933.35 18.94
2058.1 15363.60 2917.60 18.99
2060.7 15311.01 2968.29 19.39
2063.3 15243.07 2978.95 19.54
2065.9 15200.63 2975.92 19.58
2068.6 15142.00 2995.46 19.78
2071.2 15102.27 2996.46 19.84
2073.8 15013.06 2994.22 19.94
2076.4 14939.89 3031.20 20.29
2079.0 14937.96 3060.09 20.49
2081.6 14955.68 3077.79 20.58
2084.2 14929.44 3106.66 20.81
2086.8 14795.01 3097.03 20.93
2089.4 14708.12 3106.15 21.12
2092.1 14645.50 3105.33 21.20
2094.7 14574.18 3118.80 21.40
2097.2 14543.50 3153.50 21.68
2099.8 14569.24 3176.88 21.81
2102.4 14455.51 3156.10 21.83
2105.0 14315.55 3160.65 22.08
2107.6 14281.54 3210.07 22.48
2110.2 14245.28 3222.45 22.62
2112.8 14225.04 3229.84 22.71
2115.3 14222.61 3247.50 22.83
2117.9 14223.97 3267.28 22.97
2120.5 14225.20 3270.63 22.99
2123.1 14136.53 3290.63 23.28
2125.6 14079.43 3329.52 23.65
2128.2 14012.88 3304.21 23.58
2130.8 13940.55 3296.48 23.65
2133.3 13889.33 3329.33 23.97
2135.9 13802.30 3312.32 24.00
2138.4 13704.95 3297.32 24.06
2141.0 13601.55 3308.56 24.32
2143.6 13585.34 3298.13 24.28
2146.1 13439.94 3285.06 24.44
2148.7 13282.54 3280.26 24.70
2151.2 13302.67 3288.27 24.72
2153.8 13324.47 3305.36 24.81
2156.3 13227.98 3292.97 24.89
2158.8 13160.05 3292.97 25.02
2161.4 13128.93 3284.44 25.02
2163.9 13034.58 3263.81 25.04
2166.4 12973.85 3273.03 25.23
2169.0 12959.07 3287.81 25.37
2171.5 12876.28 3267.12 25.37
2174.0 12786.55 3239.78 25.34
2176.5 12767.30 3256.11 25.50
2179.1 12718.27 3261.64 25.65
2181.6 12644.21 3254.58 25.74
2184.1 12612.60 3249.40 25.76
2186.6 12631.79 3245.04 25.69
2189.1 12551.10 3232.47 25.75
2191.6 12501.53 3220.93 25.76
2194.1 12512.72 3212.05 25.67
2196.6 12513.32 3247.21 25.95
2199.2 12564.98 3286.01 26.15
2201.7 12503.60 3230.66 25.84
2204.1 12450.01 3195.88 25.67
2206.6 12458.20 3230.18 25.93
2209.1 12429.94 3202.11 25.76
2211.6 12413.54 3197.60 25.76
2214.1 12385.83 3193.40 25.78
2216.6 12340.79 3171.61 25.70
2219.1 12355.98 3179.21 25.73
2221.6 12303.15 3167.15 25.74
2224.0 12230.10 3131.82 25.61
2226.5 12198.83 3112.49 25.51
2229.0 12234.63 3117.66 25.48
2231.5 12152.59 3052.51 25.12
2233.9 12137.64 3036.34 25.02
2236.4 12131.98 3026.24 24.94
2238.9 12024.13 2968.25 24.69
2241.3 12068.10 2938.32 24.35
2243.8 12017.57 2934.43 24.42
2246.2 11870.35 2923.01 24.62
2248.7 11882.39 2880.93 24.25
2251.2 11860.53 2836.38 23.91
2253.6 11784.96 2803.20 23.79
2256.1 11773.44 2780.16 23.61
2258.5 11793.92 2781.37 23.58
2260.9 11696.75 2726.69 23.31
2263.4 11668.53 2706.03 23.19
2265.8 11678.48 2661.89 22.79
2268.3 11583.48 2597.63 22.43
2270.7 11653.18 2613.91 22.43
2273.1 11608.55 2600.13 22.40
2275.6 11523.84 2549.76 22.13
2278.0 11553.06 2509.70 21.72
2280.4 11529.61 2524.51 21.90
2282.8 11402.06 2466.25 21.63
2285.3 11435.59 2441.87 21.35
2287.7 11531.47 2464.06 21.37
2290.1 11440.95 2372.00 20.73
2292.5 11408.96 2309.57 20.24
2294.9 11404.51 2347.29 20.58
2297.3 11303.39 2289.95 20.26
2299.7 11233.01 2211.07 19.68
2302.1 11231.11 2223.44 19.80
2304.5 11113.20 2179.52 19.61
2306.9 10995.60 2116.80 19.25
2309.3 10932.15 2080.64 19.03
2311.7 10856.55 2048.85 18.87
2314.1 10708.33 2036.12 19.01
2316.5 10641.94 2021.22 18.99
2318.9 10674.03 2049.67 19.20
2321.3 10672.73 2056.11 19.27
2323.7 10642.23 2056.57 19.32
2326.1 10606.96 2035.15 19.19
2328.4 10691.58 2001.62 18.72
2330.8 10736.25 2045.00 19.05
2333.2 10617.06 2030.34 19.12
2335.6 10582.60 1963.74 18.56
2337.9 10642.00 1948.95 18.31
2340.3 10592.40 1952.23 18.43
2342.7 10507.23 1900.02 18.08
2345.0 10502.01 1889.77 17.99
2347.4 10493.25 1878.50 17.90
2349.7 10277.63 1836.82 17.87
2352.1 10236.25 1818.25 17.76
2354.4 10290.21 1770.91 17.21
2356.8 10243.45 1774.15 17.32
2359.2 10187.67 1776.67 17.44
2361.5 10122.93 1762.79 17.41
2363.8 10144.75 1743.49 17.19
2366.2 10159.49 1752.09 17.25
2368.5 10097.05 1748.85 17.32
2370.9 10118.68 1722.23 17.02
2373.2 10072.53 1681.75 16.70
2375.5 9932.38 1678.78 16.90
2377.9 9918.93 1672.91 16.87
2380.2 9923.89 1658.56 16.71
2382.5 9856.28 1658.80 16.83
2384.8 9822.88 1582.24 16.11
2387.2 9807.99 1570.59 16.01
2389.5 9759.69 1572.32 16.11
2391.8 9772.85 1530.57 15.66
2394.1 9716.63 1554.66 16.00
2396.4 9652.48 1548.27 16.04
2398.7 9714.10 1519.96 15.65
2401.0 9598.25 1523.06 15.87
2403.3 9511.80 1498.98 15.76
2405.6 9521.83 1449.52 15.22
2407.9 9458.88 1457.91 15.41
2410.2 9400.00 1463.89 15.57
2412.5 9350.27 1427.95 15.27
2414.8 9330.30 1396.72 14.97
2417.1 9280.68 1398.81 15.07
2419.4 9294.64 1375.44 14.80
2421.7 9214.94 1335.19 14.49
2424.0 9156.02 1326.12 14.48
2426.2 9223.40 1374.95 14.91
2428.5 9129.27 1362.90 14.93
2430.8 9112.40 1297.10 14.23
2433.1 9071.93 1316.54 14.51
2435.4 8991.17 1331.61 14.81
2437.6 8963.19 1298.04 14.48
2439.9 8866.09 1240.92 14.00
2442.2 8873.80 1240.06 13.97
2444.4 8827.50 1269.28 14.38
2446.7 8812.56 1226.40 13.92
2448.9 8870.66 1231.71 13.89
2451.2 8802.92 1192.00 13.54
2453.4 8732.64 1145.07 13.11
2455.7 8702.87 1234.58 14.19
2457.9 8608.05 1141.64 13.26
2460.2 8594.01 1091.21 12.70
2462.4 8611.20 1154.40 13.41
2464.7 8503.63 1122.88 13.20
2466.9 8416.62 1072.14 12.74
2469.2 8471.54 1101.88 13.01
2471.4 8370.38 1089.79 13.02
2473.6 8261.63 1064.51 12.88
2475.9 8256.69 1056.64 12.80
2478.1 8211.66 1031.58 12.56
2480.3 8173.00 1092.98 13.37
2482.5 8177.69 1057.95 12.94
2484.8 8119.06 1034.00 12.74
2487.0 8110.30 1081.37 13.33
2489.2 8058.48 1025.21 12.72
2491.4 7946.29 976.00 12.28
2493.6 7987.26 1018.98 12.76
2495.8 7981.68 1053.14 13.19
2498.0 7985.07 1021.44 12.79
2500.2 7961.63 977.30 12.28
2502.4 8125.20 1065.60 13.11
2504.6 8272.59 1098.63 13.28
2506.8 8348.61 1071.58 12.84
