/*** Spectra Vista SIG Data ***/
name= \My Documents\HR1024_Data\GD3S6.
instrument= HR: 1091052
integration= 200, 60, 30, 500, 60, 30
scan time= 1, 1
scan settings= AD, AI, AD, AI
external data set1= 8224, 8224, 8224, 8224, 8224, 8224, 8224, 8224, 8224, 8224, 8224, 8224, 8224, 8224, 8224, 8224
external data set2= 8224, 8224, 8224, 8224, 8224, 8224, 8224, 8224, 8224, 8224, 8224, 8224, 8224, 8224, 8224, 8224
external data dark= 0,0,0,0,0,0,0,0
external data mask= 0
optic= LENS4 , LENS4 
temp= 32.98, 8.88, -5.37, 38.70, 8.88, -5.30
battery= 7.6, 7.3
error= 0, 0
units= Radiance, Radiance
time= 1/26/08 10:33:54 AM, 1/26/08 10:46:33 AM
longitude= , 
latitude= , 
gpstime= , 
comm= 
memory slot= 0, 0
factors= 
data= 
346.4 598.78 136.32 22.77
347.9 627.50 138.05 22.00
349.5 677.04 138.53 20.46
351.1 739.44 141.02 19.07
352.6 790.63 144.21 18.24
354.2 841.03 141.37 16.81
355.7 912.59 154.91 16.97
357.3 974.37 159.51 16.37
358.8 992.58 156.58 15.77
360.4 1062.29 156.18 14.70
361.9 1117.88 168.55 15.08
363.5 1149.55 152.35 13.25
365.1 1196.29 155.34 12.99
366.6 1260.16 165.72 13.15
368.2 1349.72 158.47 11.74
369.7 1403.95 155.41 11.07
371.3 1488.21 148.82 10.00
372.8 1577.00 154.05 9.77
374.4 1638.71 164.21 10.02
375.9 1688.10 161.53 9.57
377.4 1740.09 160.02 9.20
379.0 1788.57 162.94 9.11
380.5 1855.73 153.88 8.29
382.1 1905.98 159.57 8.37
383.6 1973.16 156.49 7.93
385.2 2065.25 154.00 7.46
386.7 2149.76 157.04 7.30
388.3 2271.83 159.79 7.03
389.8 2363.45 157.01 6.64
391.3 2453.59 164.87 6.72
392.9 2526.36 171.84 6.80
394.4 2602.50 187.55 7.21
395.9 2690.98 194.68 7.23
397.5 2829.48 200.26 7.08
399.0 2963.31 202.70 6.84
400.6 3033.76 200.36 6.60
402.1 3072.78 188.86 6.15
403.6 3116.75 181.25 5.82
405.1 3199.00 178.23 5.57
406.7 3304.00 180.99 5.48
408.2 3412.53 187.11 5.48
409.7 3521.28 195.33 5.55
411.3 3642.17 206.55 5.67
412.8 3732.75 216.14 5.79
414.3 3845.02 223.21 5.81
415.8 3965.00 232.00 5.85
417.4 4085.95 240.86 5.89
418.9 4192.21 247.94 5.91
420.4 4267.16 247.26 5.79
421.9 4346.32 251.68 5.79
423.5 4413.15 257.78 5.84
425.0 4492.75 261.61 5.82
426.5 4594.55 260.58 5.67
428.0 4712.54 261.08 5.54
429.5 4856.53 265.44 5.47
431.1 5025.20 264.71 5.27
432.6 5198.44 280.69 5.40
434.1 5370.75 291.06 5.42
435.6 5520.56 297.22 5.38
437.1 5670.60 307.32 5.42
438.6 5806.58 312.04 5.37
440.1 5943.54 323.54 5.44
441.6 6091.61 328.41 5.39
443.1 6230.93 346.68 5.56
444.7 6356.12 361.68 5.69
446.2 6474.98 382.27 5.90
447.7 6582.53 400.43 6.08
449.2 6691.68 410.40 6.13
450.7 6814.08 424.32 6.23
452.2 6930.56 436.23 6.29
453.7 7066.33 455.94 6.45
455.2 7233.85 467.42 6.46
456.7 7443.04 487.87 6.55
458.2 7673.27 509.57 6.64
459.7 7920.50 525.70 6.64
461.2 8156.07 552.80 6.78
462.7 8366.46 568.50 6.80
464.2 8568.06 585.60 6.83
465.7 8788.58 599.30 6.82
467.2 8970.50 622.16 6.94
468.7 9176.00 640.80 6.98
470.2 9305.26 662.97 7.12
471.7 9490.50 684.00 7.21
473.2 9788.42 705.74 7.21
474.6 10042.30 723.36 7.20
476.1 10127.24 730.98 7.22
477.6 10169.21 732.89 7.21
479.1 10224.56 741.77 7.25
480.6 10293.47 753.68 7.32
482.1 10426.95 771.27 7.40
483.6 10590.11 785.93 7.42
485.1 10796.39 808.56 7.49
486.6 11041.55 835.61 7.57
488.0 11290.50 868.40 7.69
489.5 11568.25 906.98 7.84
491.0 11840.59 950.73 8.03
492.5 12119.22 1000.51 8.26
494.0 12409.65 1054.25 8.50
495.4 12660.45 1114.74 8.80
496.9 12912.44 1183.70 9.17
498.4 13155.80 1252.45 9.52
499.9 13408.52 1341.02 10.00
501.4 13645.90 1431.60 10.49
502.8 13864.50 1531.44 11.05
504.3 14081.40 1632.24 11.59
505.8 14291.05 1751.48 12.26
507.2 14436.37 1866.71 12.93
508.7 14548.87 1994.80 13.71
510.2 14651.50 2121.95 14.48
511.6 14718.08 2249.18 15.28
513.1 14838.45 2389.86 16.11
514.6 14986.45 2534.50 16.91
516.0 15112.04 2682.31 17.75
517.5 15305.31 2848.27 18.61
519.0 15537.89 3024.46 19.47
520.5 15768.60 3202.59 20.31
521.9 16045.99 3392.70 21.14
523.4 16363.11 3597.68 21.99
524.8 16675.79 3791.32 22.74
526.3 17027.53 3986.53 23.41
527.8 17380.80 4188.01 24.10
529.2 17706.86 4367.94 24.67
530.7 18056.71 4558.15 25.24
532.1 18377.28 4734.14 25.76
533.6 18738.23 4910.08 26.20
535.0 19114.67 5090.78 26.63
536.5 19476.07 5261.40 27.01
538.0 19846.24 5434.62 27.38
539.4 20198.95 5602.94 27.74
540.9 20626.19 5771.18 27.98
542.3 20984.92 5931.62 28.27
543.8 21250.33 6058.15 28.51
545.2 21329.19 6150.34 28.84
546.6 21331.64 6213.49 29.13
548.1 21362.06 6285.28 29.42
549.5 21376.46 6351.52 29.71
551.0 21386.66 6404.17 29.94
552.4 21443.54 6461.13 30.13
553.9 21463.89 6504.14 30.30
555.3 21521.57 6547.55 30.42
556.8 21650.10 6600.62 30.49
558.2 21773.81 6650.10 30.54
559.6 21936.94 6696.59 30.53
561.1 22168.25 6763.90 30.51
562.5 22423.78 6826.01 30.44
564.0 22757.43 6911.87 30.37
565.4 23059.14 6973.09 30.24
566.8 23449.52 7050.56 30.07
568.3 23818.66 7112.73 29.86
569.7 24198.01 7164.93 29.61
571.1 24579.14 7207.28 29.32
572.6 24952.86 7243.34 29.03
574.0 25317.60 7275.18 28.74
575.4 25678.69 7307.55 28.46
576.9 26008.29 7329.86 28.18
578.3 26306.64 7353.06 27.95
579.7 26593.28 7372.51 27.72
581.1 26823.10 7381.38 27.52
582.6 27065.10 7394.26 27.32
584.0 27286.52 7399.65 27.12
585.4 27587.92 7429.51 26.93
586.8 27978.96 7476.07 26.72
588.3 28419.30 7535.74 26.52
589.7 28786.68 7591.90 26.37
591.1 29016.81 7614.75 26.24
592.5 29127.43 7610.15 26.13
594.0 29186.34 7594.18 26.02
595.4 29194.56 7573.32 25.94
596.8 29193.45 7548.68 25.86
598.2 29177.08 7511.60 25.74
599.6 29153.88 7476.84 25.65
601.0 29216.28 7449.85 25.50
602.4 29261.60 7412.57 25.33
603.9 29364.60 7386.21 25.15
605.3 29484.10 7354.21 24.94
606.7 29584.80 7309.44 24.71
608.1 29785.49 7279.18 24.44
609.5 30013.28 7251.41 24.16
610.9 30296.78 7230.71 23.87
612.3 30557.28 7203.74 23.57
613.7 30914.00 7185.82 23.24
615.1 31159.08 7141.61 22.92
616.5 31406.64 7105.01 22.62
617.9 31801.61 7112.54 22.37
619.3 32170.62 7134.55 22.18
620.7 32635.92 7180.29 22.00
622.1 33083.75 7202.62 21.77
623.5 33564.04 7232.07 21.55
624.9 34116.86 7282.38 21.35
626.3 34490.69 7331.44 21.26
627.7 34145.81 7248.49 21.23
629.1 33851.16 7169.23 21.18
630.5 33743.57 7143.02 21.17
631.9 33775.53 7120.28 21.08
633.3 33808.52 7118.29 21.05
634.7 33992.91 7143.10 21.01
636.1 34075.08 7126.60 20.91
637.5 34196.58 7066.52 20.66
638.9 34374.61 7008.85 20.39
640.2 34545.58 6940.96 20.09
641.6 34634.34 6854.33 19.79
643.0 34657.83 6727.49 19.41
644.4 34696.37 6606.37 19.04
645.8 34653.86 6460.32 18.64
647.2 34834.41 6343.95 18.21
648.5 34958.93 6235.02 17.84
649.9 34861.32 6093.13 17.48
651.3 34789.65 5993.52 17.23
652.7 34680.00 5867.04 16.92
654.1 34452.30 5654.06 16.41
655.5 34172.42 5409.81 15.83
656.8 33904.63 5179.85 15.28
658.2 34070.04 5019.09 14.73
659.6 34442.82 4884.65 14.18
660.9 34748.70 4735.67 13.63
662.3 35067.95 4582.05 13.07
663.7 35364.00 4435.20 12.54
665.0 35617.00 4294.95 12.06
666.4 35877.31 4166.34 11.61
667.8 36209.10 4066.43 11.23
669.1 36482.80 3970.57 10.88
670.5 36799.72 3915.88 10.64
671.9 36995.40 3859.68 10.43
673.2 37270.13 3850.33 10.33
674.6 37530.47 3852.71 10.27
676.0 37841.78 3889.67 10.28
677.3 38141.57 3941.95 10.34
678.7 38483.75 4037.50 10.49
680.0 38922.37 4187.98 10.76
681.4 39389.45 4403.07 11.18
682.8 39844.35 4691.96 11.78
684.1 40287.78 5058.14 12.56
685.5 40705.56 5542.09 13.62
686.8 41091.84 6116.54 14.89
688.2 41433.89 6804.80 16.42
689.5 41549.57 7550.15 18.17
690.9 41633.44 8376.01 20.12
692.2 41697.60 9272.82 22.24
693.6 41771.65 10228.98 24.49
694.9 41721.88 11181.98 26.80
696.2 41751.90 12164.36 29.13
697.6 41766.04 13136.70 31.45
698.9 41796.48 14097.60 33.73
700.3 41844.24 15054.53 35.98
701.6 41918.48 15965.29 38.09
703.0 41979.40 16816.90 40.06
704.3 41981.71 17578.34 41.87
705.6 41967.18 18311.33 43.63
707.0 41980.75 18989.95 45.23
708.3 41872.71 19584.98 46.77
709.6 41753.67 20132.14 48.22
711.0 41589.99 20590.67 49.51
712.3 41418.66 21022.43 50.76
713.6 41354.04 21480.82 51.94
714.9 41240.96 21876.29 53.05
716.3 41218.54 22284.36 54.06
717.6 41221.95 22690.58 55.04
718.9 41134.56 22989.73 55.89
720.2 40936.00 23203.49 56.68
721.6 40765.66 23409.31 57.42
722.9 40572.15 23602.18 58.17
724.2 40305.71 23728.10 58.87
725.5 40134.57 23862.43 59.46
726.8 39960.91 23962.95 59.97
728.1 39855.98 24089.83 60.44
729.5 39766.23 24204.81 60.87
730.8 39707.44 24305.72 61.21
732.1 39612.07 24387.83 61.57
733.4 39556.45 24471.47 61.86
734.7 39507.57 24537.83 62.11
736.0 39511.29 24632.06 62.34
737.3 39463.58 24700.55 62.59
738.6 39569.04 24871.35 62.86
739.9 39770.92 25094.10 63.10
741.2 39928.98 25278.71 63.31
742.5 40206.42 25531.27 63.50
743.8 40696.43 25934.37 63.73
745.1 41398.16 26468.49 63.94
746.4 42245.84 27064.86 64.07
747.7 43136.62 27624.60 64.04
749.0 43980.49 28169.25 64.05
750.3 44484.44 28436.95 63.93
751.6 44396.66 28377.26 63.92
752.9 43969.12 28127.52 63.97
754.2 43470.53 27866.71 64.10
755.4 42928.75 27592.24 64.27
756.7 42746.48 27559.63 64.47
758.0 42774.71 27644.48 64.63
759.3 43048.01 27900.70 64.81
760.6 43418.76 28216.50 64.99
761.9 43775.94 28506.42 65.12
763.1 43996.61 28668.84 65.16
764.4 44239.34 28866.05 65.25
765.7 44424.25 29023.80 65.33
767.0 44583.75 29138.62 65.36
768.2 44688.00 29248.13 65.45
769.5 44782.92 29322.15 65.48
770.8 44990.42 29466.13 65.49
772.0 45014.41 29525.60 65.59
773.3 45100.97 29610.36 65.65
774.6 45226.84 29720.81 65.71
775.8 45313.45 29786.38 65.73
777.1 45344.81 29807.04 65.73
778.4 45245.88 29778.20 65.81
779.6 45226.44 29783.11 65.85
780.9 45132.00 29753.60 65.93
782.1 44952.26 29682.01 66.03
783.4 44936.32 29692.42 66.08
784.6 44935.72 29734.02 66.17
785.9 45255.62 29996.18 66.28
787.1 45836.93 30451.88 66.44
788.4 46288.94 30690.44 66.30
789.6 46219.23 30547.75 66.09
790.9 45788.99 30166.05 65.88
792.1 45296.16 29851.94 65.90
793.4 44771.54 29567.81 66.04
794.6 44415.30 29341.42 66.06
795.8 44134.47 29174.54 66.10
797.1 43801.05 28989.03 66.18
798.3 43569.08 28889.36 66.31
799.5 43411.48 28820.99 66.39
800.8 43273.13 28733.11 66.40
802.0 43071.08 28640.53 66.50
803.2 42890.28 28513.97 66.48
804.5 42742.15 28430.24 66.52
805.7 42601.95 28316.28 66.47
806.9 42426.40 28219.71 66.51
808.1 42305.67 28180.22 66.61
809.4 42221.44 28123.43 66.61
810.6 42105.70 28071.68 66.67
811.8 42062.43 28064.18 66.72
813.0 42071.08 28083.63 66.75
814.2 42081.20 28106.89 66.79
815.4 42185.03 28173.54 66.79
816.6 42225.34 28172.97 66.72
817.9 42273.21 28153.03 66.60
819.1 42166.58 28059.94 66.55
820.3 42039.03 27946.52 66.48
821.5 41905.07 27842.42 66.44
822.7 41849.58 27787.24 66.40
823.9 41838.35 27746.97 66.32
825.1 41851.34 27705.33 66.20
826.3 41890.94 27691.08 66.10
827.5 41937.05 27674.27 65.99
828.7 42011.28 27659.14 65.84
829.9 42039.57 27636.19 65.74
831.0 42140.75 27647.20 65.61
832.2 42235.78 27646.25 65.46
833.4 42305.18 27691.68 65.46
834.6 42417.19 27731.25 65.38
835.8 42496.65 27762.21 65.33
837.0 42597.61 27826.94 65.33
838.1 42745.68 27931.87 65.34
839.3 42856.00 27994.71 65.32
840.5 42989.60 28077.34 65.31
841.7 43156.80 28201.77 65.35
842.9 43298.86 28334.99 65.44
844.0 43430.88 28406.11 65.41
845.2 43568.90 28525.09 65.47
846.4 43732.15 28616.08 65.43
847.5 43960.00 28771.82 65.45
848.7 44164.79 28912.15 65.46
849.9 44393.85 28997.19 65.32
851.0 44478.08 29014.68 65.23
852.2 44569.63 29061.26 65.20
853.3 44562.81 29037.43 65.16
854.5 44594.90 29041.77 65.12
855.6 44615.97 29047.72 65.11
856.8 44687.86 29089.35 65.09
857.9 44681.40 29090.13 65.11
859.1 44832.20 29199.52 65.13
860.2 44876.88 29202.00 65.07
861.4 44954.55 29249.75 65.07
862.5 45021.69 29278.31 65.03
863.7 45150.84 29353.29 65.01
864.8 45213.35 29361.08 64.94
865.9 45167.77 29354.32 64.99
867.1 45241.43 29394.95 64.97
868.2 45295.54 29372.92 64.85
869.3 45314.27 29405.24 64.89
870.5 45282.48 29348.14 64.81
871.6 45315.83 29340.62 64.75
872.7 45413.27 29428.74 64.80
873.9 45478.16 29413.49 64.68
875.0 45456.71 29384.87 64.64
876.1 45452.45 29340.36 64.55
877.2 45498.99 29343.68 64.49
878.3 45519.98 29323.94 64.42
879.4 45563.53 29326.90 64.36
880.5 45631.08 29327.76 64.27
881.7 45596.20 29280.94 64.22
882.8 45693.96 29239.31 63.99
883.9 45722.91 29236.04 63.94
885.0 45675.63 29151.49 63.82
886.1 45712.78 29082.95 63.62
887.2 45537.58 28908.42 63.48
888.3 45475.07 28783.19 63.29
889.4 45347.40 28655.24 63.19
890.5 45259.13 28542.25 63.06
891.6 45193.70 28511.10 63.09
892.7 45201.31 28463.44 62.97
893.8 45270.56 28432.42 62.81
894.9 45248.28 28416.21 62.80
896.0 45235.90 28362.15 62.70
897.0 45257.72 28336.39 62.61
898.1 45230.13 28293.44 62.55
899.2 45252.30 28247.90 62.42
900.3 45165.90 28147.46 62.32
901.4 45101.16 28044.93 62.18
902.4 45077.20 28008.47 62.13
903.5 45018.01 27936.84 62.06
904.6 45035.56 27882.52 61.91
905.7 45038.93 27837.01 61.81
906.7 44985.82 27775.78 61.74
907.8 45025.57 27772.71 61.68
908.9 44904.57 27656.01 61.59
909.9 44897.74 27596.64 61.47
911.0 44830.08 27523.77 61.40
912.1 44749.25 27384.57 61.20
913.1 44707.00 27296.46 61.06
914.2 44554.62 27153.70 60.94
915.2 44505.45 27112.86 60.92
916.3 44491.35 27034.50 60.76
917.3 44461.10 26925.18 60.56
918.4 44383.35 26743.97 60.26
919.4 44330.69 26659.90 60.14
920.5 44315.70 26581.16 59.98
921.5 44285.78 26504.72 59.85
922.6 44268.10 26381.81 59.60
923.6 44262.16 26325.29 59.48
924.7 44333.00 26225.70 59.16
925.7 44276.22 26129.16 59.01
926.7 44252.98 26003.29 58.76
927.8 44374.33 25910.89 58.39
928.8 44502.63 25862.33 58.11
929.9 44598.23 25788.97 57.83
930.9 44802.27 25821.82 57.64
931.9 45011.35 25837.41 57.40
932.9 45355.12 25866.03 57.03
934.0 45370.16 25773.81 56.81
935.0 45397.97 25681.14 56.57
936.0 45413.73 25552.03 56.26
937.0 45319.95 25421.99 56.09
938.1 45295.44 25289.95 55.83
939.1 45257.91 25140.61 55.55
940.1 45342.90 25047.25 55.24
941.1 45568.46 25038.05 54.95
942.1 45803.34 25054.99 54.70
943.1 45999.43 25014.96 54.38
944.1 46171.28 25025.84 54.20
945.2 46338.18 24920.28 53.78
946.2 46411.22 24801.90 53.44
947.2 46518.25 24738.40 53.18
948.2 46693.82 24709.38 52.92
949.2 46838.19 24569.68 52.46
950.2 46912.95 24413.28 52.04
951.2 46909.80 24310.27 51.82
952.2 47054.57 24197.00 51.42
953.2 47260.85 24180.52 51.16
954.2 47365.65 24047.64 50.77
955.2 47408.68 23953.21 50.52
956.2 47434.65 23808.12 50.19
957.2 47543.77 23723.99 49.90
958.2 47601.59 23658.92 49.70
959.2 47735.55 23609.70 49.46
960.1 47775.14 23548.87 49.29
961.1 47870.63 23555.83 49.21
962.1 47933.44 23533.88 49.10
963.1 48032.50 23518.23 48.96
964.1 48057.21 23541.12 48.99
965.1 48243.99 23571.46 48.86
966.1 48335.33 23622.74 48.87
967.0 48410.39 23596.27 48.74
968.0 48434.88 23539.77 48.60
969.0 48556.60 23651.28 48.71
970.0 48603.65 23635.23 48.63
971.0 48737.12 23741.97 48.71
971.9 48722.90 23702.52 48.65
972.9 48879.95 23722.02 48.53
973.9 48859.53 23723.70 48.55
974.9 49044.08 23732.92 48.39
975.8 49101.73 23727.77 48.32
976.8 49135.91 23806.02 48.45
977.8 49315.41 23778.44 48.22
978.8 49372.50 23821.38 48.25
979.7 49504.50 23982.18 48.44
980.7 49626.72 24018.06 48.40
981.7 49868.69 24243.05 48.61
982.6 50026.42 24273.86 48.52
983.6 50542.44 24654.85 48.78
984.6 51139.74 24778.93 48.45
985.5 51570.00 25193.66 48.85
986.5 52881.11 25831.91 48.85
987.5 53801.49 26140.01 48.59
988.4 54737.10 26675.00 48.73
989.4 56052.04 27164.64 48.46
990.4 57074.27 27734.30 48.59
991.3 59136.61 28903.66 48.88
992.3 61232.97 29031.86 47.41
993.2 62381.81 30517.72 48.92
994.2 63759.15 30462.71 47.78
995.2 64627.45 30774.98 47.62
996.1 65405.36 31419.02 48.04
997.1 65143.00 30486.92 46.80
998.0 67149.60 30834.00 45.92
999.0 66846.51 31219.13 46.70
1000.0 67127.69 31201.25 46.48
1000.9 65712.83 31007.01 47.19
1001.9 66491.34 31299.58 47.07
1002.8 64393.95 30273.52 47.01
1003.8 65025.46 31247.14 48.05
1004.8 66172.20 30849.94 46.62
961.5 59748.86 25717.15 43.04
965.5 58598.35 25247.62 43.09
969.5 56260.49 24553.55 43.64
973.4 53913.29 23846.26 44.23
977.4 51859.95 23272.00 44.87
981.4 50850.20 23071.99 45.37
985.3 50481.20 23155.79 45.87
989.3 50535.22 23480.02 46.46
993.3 50635.09 23811.47 47.03
997.2 50595.02 24016.16 47.47
1001.2 50545.04 24183.90 47.85
1005.2 50473.33 24365.07 48.27
1009.1 50535.74 24628.22 48.73
1013.1 50697.93 24961.39 49.24
1017.1 50843.90 25315.00 49.79
1021.0 50855.49 25601.56 50.34
1025.0 50816.26 25850.80 50.87
1029.0 50641.08 26013.66 51.37
1032.9 50496.42 26186.29 51.86
1036.9 50486.34 26415.81 52.32
1040.9 50614.23 26725.42 52.80
1044.8 50848.91 27092.45 53.28
1048.8 51055.33 27418.78 53.70
1052.7 51200.97 27693.67 54.09
1056.7 51265.76 27882.96 54.39
1060.7 51328.86 28020.99 54.59
1064.6 51364.29 28129.49 54.76
1068.6 51285.22 28120.63 54.83
1072.5 51205.93 28077.06 54.83
1076.5 51155.97 28039.23 54.81
1080.4 51154.95 27967.59 54.67
1084.4 51258.31 27922.65 54.47
1088.3 51367.47 27829.31 54.18
1092.3 51376.13 27644.77 53.81
1096.2 51342.58 27462.60 53.49
1100.2 51360.86 27283.52 53.12
1104.1 51244.60 26999.93 52.69
1108.1 51175.76 26754.00 52.28
1112.0 51059.75 26473.05 51.85
1116.0 50831.30 26093.67 51.33
1119.9 50653.13 25685.64 50.71
1123.9 50703.41 25316.93 49.93
1127.8 50649.60 24775.68 48.92
1131.8 50608.23 24075.39 47.57
1135.7 50617.81 23256.63 45.95
1139.6 50606.06 22344.15 44.15
1143.6 50555.26 21466.30 42.46
1147.5 50517.05 20724.66 41.03
1151.4 50365.69 20087.64 39.88
1155.4 50355.11 19683.90 39.09
1159.3 50376.78 19427.15 38.56
1163.2 50207.59 19195.86 38.23
1167.2 50161.80 19077.06 38.03
1171.1 50174.37 18992.00 37.85
1175.0 50101.08 18901.41 37.73
1179.0 50065.70 18816.29 37.58
1182.9 50165.17 18785.39 37.45
1186.8 50159.61 18724.91 37.33
1190.7 49934.95 18564.17 37.18
1194.7 49665.47 18414.19 37.08
1198.6 49438.62 18305.60 37.03
1202.5 49264.40 18247.48 37.04
1206.4 49122.14 18217.96 37.09
1210.3 49037.26 18216.67 37.15
1214.2 48930.30 18227.62 37.25
1218.2 48765.56 18252.22 37.43
1222.1 48630.48 18297.43 37.63
1226.0 48538.40 18355.94 37.82
1229.9 48450.48 18405.84 37.99
1233.8 48352.03 18441.59 38.14
1237.7 48317.50 18494.40 38.28
1241.6 48229.08 18528.77 38.42
1245.5 48061.09 18530.81 38.56
1249.4 47934.98 18521.08 38.64
1253.3 47803.87 18508.75 38.72
1257.2 47735.46 18523.24 38.80
1261.1 47624.11 18507.85 38.86
1265.0 47490.52 18459.68 38.87
1268.9 47304.07 18367.34 38.83
1272.8 47372.70 18359.70 38.76
1276.7 47590.81 18396.54 38.66
1280.6 47691.16 18361.04 38.50
1284.5 47615.01 18233.39 38.29
1288.4 47591.67 18102.47 38.04
1292.3 47467.75 17916.25 37.74
1296.2 47318.59 17689.85 37.38
1300.1 47148.87 17431.10 36.97
1303.9 46897.39 17118.71 36.50
1307.8 46639.44 16783.30 35.99
1311.7 46386.67 16413.99 35.39
1315.6 46123.85 16032.02 34.76
1319.5 45848.18 15621.21 34.07
1323.3 45606.50 15192.09 33.31
1327.2 45386.16 14778.17 32.56
1331.1 45132.53 14358.32 31.81
1335.0 44824.46 13915.70 31.04
1338.8 44600.56 13517.76 30.31
1342.7 44421.07 13167.77 29.64
1346.5 44042.02 12769.71 28.99
1350.4 43720.62 12401.70 28.37
1354.3 43279.60 12037.12 27.81
1358.1 42799.92 11659.09 27.24
1362.0 42533.76 11325.86 26.63
1365.8 42447.40 11025.04 25.97
1369.7 42569.31 10736.75 25.22
1373.5 42515.11 10321.24 24.28
1377.4 42239.08 9749.84 23.08
1381.2 42024.35 9094.03 21.64
1385.1 42007.68 8434.52 20.08
1389.0 41913.21 7741.31 18.47
1392.8 41686.58 7034.91 16.88
1396.6 41522.45 6397.91 15.41
1400.5 41297.26 5830.08 14.12
1404.3 41119.22 5371.81 13.06
1408.2 41089.83 5004.83 12.18
1412.0 41038.18 4718.45 11.50
1415.8 41063.56 4520.98 11.01
1419.6 41020.11 4348.18 10.60
1423.5 40984.07 4208.39 10.27
1427.3 40938.38 4114.88 10.05
1431.1 40915.35 4052.48 9.90
1434.9 40812.08 3979.40 9.75
1438.8 40755.58 3947.08 9.68
1442.6 40720.04 3928.22 9.65
1446.4 40579.53 3897.76 9.61
1450.2 40476.97 3881.32 9.59
1454.0 40349.16 3864.60 9.58
1457.8 40313.93 3875.47 9.61
1461.6 40291.52 3898.22 9.68
1465.4 40157.17 3923.27 9.77
1469.2 39958.10 3967.60 9.93
1473.0 39808.79 4028.01 10.12
1476.8 39739.71 4100.40 10.32
1480.7 39668.27 4197.92 10.58
1484.4 39532.92 4300.08 10.88
1488.2 39418.92 4411.80 11.19
1492.0 39281.08 4534.36 11.54
1495.8 39157.30 4661.48 11.90
1499.6 39041.55 4765.39 12.21
1503.4 38891.42 4848.27 12.47
1507.2 38758.78 4925.94 12.71
1510.9 38603.27 4997.62 12.95
1514.7 38431.80 5068.76 13.19
1518.5 38296.78 5147.86 13.44
1522.3 38148.01 5233.12 13.72
1526.0 38038.86 5333.44 14.02
1529.8 37977.87 5435.62 14.31
1533.6 37845.65 5528.07 14.61
1537.3 37710.11 5620.74 14.91
1541.1 37580.52 5714.33 15.21
1544.8 37449.60 5810.40 15.52
1548.6 37314.89 5889.80 15.78
1552.4 37219.38 5972.41 16.05
1556.1 37135.69 6058.74 16.32
1559.9 37030.39 6121.46 16.53
1563.6 36900.49 6185.12 16.76
1567.3 36782.10 6273.75 17.06
1571.1 36560.28 6342.53 17.35
1574.8 36404.14 6418.64 17.63
1578.6 36302.38 6490.58 17.88
1582.3 36157.52 6548.25 18.11
1586.0 36009.48 6591.40 18.30
1589.8 35863.84 6623.72 18.47
1593.5 35710.53 6660.75 18.65
1597.2 35575.62 6698.79 18.83
1600.9 35432.24 6740.42 19.02
1604.7 35280.85 6766.85 19.18
1608.4 35142.04 6808.98 19.38
1612.1 34980.47 6843.74 19.56
1615.8 34834.07 6866.72 19.71
1619.5 34752.20 6904.65 19.87
1623.2 34595.03 6930.59 20.03
1626.9 34406.93 6946.30 20.19
1630.6 34230.90 6957.50 20.33
1634.3 34081.71 6978.35 20.48
1638.0 33920.36 6982.26 20.58
1641.7 33748.10 6963.40 20.63
1645.4 33556.70 6949.78 20.71
1649.1 33353.05 6931.09 20.78
1652.8 33189.89 6914.56 20.83
1656.4 33018.59 6887.04 20.86
1660.1 32845.97 6861.61 20.89
1663.8 32642.92 6828.95 20.92
1667.5 32483.35 6799.39 20.93
1671.1 32351.26 6774.40 20.94
1674.8 32144.07 6726.04 20.92
1678.5 32080.00 6693.17 20.86
1682.1 32102.13 6664.83 20.76
1685.8 32123.16 6635.46 20.66
1689.5 32018.65 6585.68 20.57
1693.1 31881.24 6519.87 20.45
1696.8 31732.38 6448.13 20.32
1700.4 31582.94 6362.32 20.14
1704.0 31466.76 6281.39 19.96
1707.7 31189.67 6165.82 19.77
1711.3 30882.00 6041.35 19.56
1715.0 30659.79 5944.03 19.39
1718.6 30484.31 5853.43 19.20
1722.2 30333.58 5769.57 19.02
1725.9 30181.80 5680.20 18.82
1729.5 30037.98 5601.32 18.65
1733.1 29910.73 5556.08 18.58
1736.7 29788.38 5517.70 18.52
1740.3 29614.18 5455.81 18.42
1744.0 29528.30 5402.98 18.30
1747.5 29373.44 5327.15 18.14
1751.2 29138.63 5227.13 17.94
1754.8 28975.37 5137.29 17.73
1758.4 28834.48 5063.62 17.56
1762.0 28639.33 4981.07 17.39
1765.5 28498.38 4916.56 17.25
1769.1 28452.00 4884.00 17.17
1772.7 28378.96 4849.26 17.09
1776.3 28252.73 4798.92 16.99
1779.9 28119.54 4749.52 16.89
1783.5 28061.20 4726.88 16.84
1787.0 27938.82 4693.12 16.80
1790.6 27774.17 4655.39 16.76
1794.2 27666.21 4632.15 16.74
1797.8 27558.84 4616.23 16.75
1801.3 27465.68 4600.11 16.75
1804.9 27315.75 4585.88 16.79
1808.4 27221.13 4580.00 16.83
1812.0 27071.27 4553.06 16.82
1815.5 26907.62 4523.06 16.81
1819.1 26703.43 4490.36 16.82
1822.6 26545.43 4458.87 16.80
1826.2 26400.51 4430.42 16.78
1829.7 26207.46 4394.93 16.77
1833.2 25952.41 4343.41 16.74
1836.8 25712.51 4274.27 16.62
1840.3 25567.16 4224.51 16.52
1843.8 25454.03 4181.17 16.43
1847.3 25371.56 4133.84 16.29
1850.8 25264.51 4076.35 16.13
1854.3 25105.60 3994.18 15.91
1857.8 25027.60 3884.40 15.52
1861.3 25027.70 3731.58 14.91
1864.8 24948.54 3541.13 14.19
1868.3 24715.93 3283.22 13.28
1871.8 24529.92 3025.92 12.34
1875.3 24489.01 2776.87 11.34
1878.8 24485.84 2529.02 10.33
1882.3 24423.29 2302.90 9.43
1885.8 24245.59 2088.06 8.61
1889.3 24030.42 1910.09 7.95
1892.7 23852.68 1753.09 7.35
1896.2 23673.74 1649.64 6.97
1899.7 23427.69 1605.53 6.85
1903.1 23323.61 1629.94 6.99
1906.6 23396.53 1733.08 7.41
1910.0 23683.33 1918.02 8.10
1913.5 24138.15 2199.44 9.11
1917.0 24628.98 2658.60 10.79
1920.4 25146.40 3235.75 12.87
1923.8 25520.19 3521.90 13.80
1871.2 22263.77 2106.19 9.46
1873.9 22507.55 1986.59 8.83
1876.7 22626.01 1887.17 8.34
1879.5 22737.83 1711.96 7.53
1882.3 22382.76 1515.64 6.77
1885.1 22317.18 1370.58 6.14
1887.8 22505.15 1278.23 5.68
1890.6 22306.26 1177.30 5.28
1893.4 22256.67 1004.67 4.51
1896.2 22163.50 921.47 4.16
1898.9 22083.42 912.11 4.13
1901.7 21937.94 858.24 3.91
1904.5 22143.94 804.08 3.63
1907.2 22059.00 807.50 3.66
1910.0 21927.95 795.49 3.63
1912.7 21918.25 760.63 3.47
1915.5 21816.04 741.38 3.40
1918.2 21741.95 733.56 3.37
1921.0 21589.30 742.68 3.44
1923.7 21620.81 733.70 3.39
1926.5 21581.93 703.44 3.26
1929.2 21568.04 705.47 3.27
1932.0 21551.20 723.64 3.36
1934.7 21508.34 737.89 3.43
1937.4 21385.99 731.99 3.42
1940.2 21322.79 731.45 3.43
1942.9 21412.44 746.03 3.48
1945.6 21432.94 764.06 3.56
1948.3 21347.13 788.18 3.69
1951.1 21319.83 788.62 3.70
1953.8 21321.00 771.00 3.62
1956.5 21174.65 784.69 3.71
1959.2 21255.91 831.22 3.91
1961.9 21274.22 840.36 3.95
1964.6 21161.18 856.80 4.05
1967.3 21232.43 869.23 4.09
1970.0 21063.36 864.32 4.10
1972.8 20962.32 894.27 4.27
1975.5 21019.32 904.34 4.30
1978.2 20951.00 913.96 4.36
1980.9 20833.51 950.29 4.56
1983.5 20753.87 959.75 4.62
1986.2 20730.84 969.03 4.67
1988.9 20710.47 989.40 4.78
1991.6 20560.54 1002.25 4.87
1994.3 20429.18 1013.81 4.96
1997.0 20463.02 1052.42 5.14
1999.7 20411.81 1071.13 5.25
2002.3 20392.69 1061.49 5.21
2005.0 20300.64 1096.01 5.40
2007.7 20215.73 1109.40 5.49
2010.4 20150.59 1113.45 5.53
2013.0 20054.41 1146.54 5.72
2015.7 19971.23 1167.93 5.85
2018.4 19850.99 1180.05 5.94
2021.0 19776.67 1184.33 5.99
2023.7 19665.12 1181.55 6.01
2026.4 19623.72 1199.90 6.11
2029.0 19549.52 1223.08 6.26
2031.7 19389.93 1228.07 6.33
2034.3 19392.75 1261.87 6.51
2037.0 19277.12 1263.94 6.56
2039.6 19203.81 1260.37 6.56
2042.3 19169.68 1280.60 6.68
2044.9 19085.22 1290.30 6.76
2047.5 19057.17 1326.77 6.96
2050.2 18939.20 1341.20 7.08
2052.8 18894.40 1338.40 7.08
2055.4 18768.37 1342.00 7.15
2058.1 18622.80 1344.00 7.22
2060.7 18569.98 1358.37 7.31
2063.3 18475.60 1373.83 7.44
2065.9 18427.79 1370.71 7.44
2068.6 18352.42 1376.29 7.50
2071.2 18299.61 1392.21 7.61
2073.8 18217.15 1393.57 7.65
2076.4 18153.52 1414.56 7.79
2079.0 18135.74 1421.86 7.84
2081.6 18151.63 1434.80 7.90
2084.2 18112.28 1461.62 8.07
2086.8 17948.60 1462.25 8.15
2089.4 17865.33 1469.39 8.22
2092.1 17782.00 1484.67 8.35
2094.7 17712.75 1494.43 8.44
2097.2 17685.67 1481.83 8.38
2099.8 17677.80 1494.50 8.45
2102.4 17557.58 1512.65 8.62
2105.0 17419.20 1504.80 8.64
2107.6 17352.05 1521.01 8.77
2110.2 17317.12 1528.82 8.83
2112.8 17308.85 1549.06 8.95
2115.3 17299.79 1587.67 9.18
2117.9 17305.54 1584.31 9.15
2120.5 17283.04 1571.19 9.09
2123.1 17169.75 1579.50 9.20
2125.6 17130.75 1595.94 9.32
2128.2 17041.98 1589.18 9.33
2130.8 16938.68 1617.53 9.55
2133.3 16907.73 1622.13 9.59
2135.9 16811.63 1612.03 9.59
2138.4 16669.29 1623.61 9.74
2141.0 16557.51 1607.27 9.71
2143.6 16519.94 1612.42 9.76
2146.1 16331.26 1624.90 9.95
2148.7 16166.35 1609.29 9.95
2151.2 16200.80 1610.40 9.94
2153.8 16223.65 1654.15 10.20
2156.3 16092.71 1642.05 10.20
2158.8 16012.97 1612.52 10.07
2161.4 15977.02 1633.38 10.22
2163.9 15879.72 1618.64 10.19
2166.4 15806.34 1605.47 10.16
2169.0 15776.77 1632.08 10.34
2171.5 15691.03 1640.95 10.46
2174.0 15580.08 1618.40 10.39
2176.5 15568.93 1611.61 10.35
2179.1 15528.15 1614.25 10.40
2181.6 15436.46 1606.00 10.40
2184.1 15393.84 1601.60 10.40
2186.6 15412.36 1613.10 10.47
2189.1 15330.96 1579.32 10.30
2191.6 15265.13 1584.33 10.38
2194.1 15289.63 1607.69 10.51
2196.6 15291.79 1593.04 10.42
2199.2 15355.64 1611.61 10.50
2201.7 15282.97 1633.24 10.69
2204.1 15217.08 1619.93 10.65
2206.6 15263.16 1618.82 10.61
2209.1 15196.78 1623.77 10.68
2211.6 15154.34 1606.41 10.60
2214.1 15142.04 1596.70 10.54
2216.6 15136.36 1599.10 10.56
2219.1 15121.17 1580.11 10.45
2221.6 15017.30 1568.35 10.44
2224.0 14973.30 1577.34 10.53
2226.5 14953.65 1552.44 10.38
2229.0 14990.65 1549.31 10.34
2231.5 14856.57 1520.51 10.23
2233.9 14819.93 1497.00 10.10
2236.4 14830.12 1486.10 10.02
2238.9 14725.00 1449.25 9.84
2241.3 14738.24 1434.18 9.73
2243.8 14703.26 1422.52 9.67
2246.2 14560.76 1430.49 9.82
2248.7 14543.49 1415.40 9.73
2251.2 14547.02 1398.97 9.62
2253.6 14461.44 1393.92 9.64
2256.1 14411.52 1363.20 9.46
2258.5 14448.51 1371.48 9.49
2260.9 14358.24 1334.58 9.29
2263.4 14286.28 1289.68 9.03
2265.8 14286.52 1284.79 8.99
2268.3 14242.68 1281.50 9.00
2270.7 14293.95 1270.49 8.89
2273.1 14208.68 1242.54 8.74
2275.6 14138.88 1236.48 8.75
2278.0 14162.68 1233.71 8.71
2280.4 14119.54 1219.92 8.64
2282.8 13992.20 1157.63 8.27
2285.3 14040.77 1150.95 8.20
2287.7 14128.29 1144.17 8.10
2290.1 13998.75 1134.61 8.11
2292.5 13976.47 1138.91 8.15
2294.9 14012.61 1118.32 7.98
2297.3 13889.96 1099.49 7.92
2299.7 13787.58 1050.26 7.62
2302.1 13749.17 1017.44 7.40
2304.5 13602.40 995.68 7.32
2306.9 13496.56 956.48 7.09
2309.3 13451.64 963.91 7.17
2311.7 13329.30 953.78 7.16
2314.1 13154.03 921.57 7.01
2316.5 13124.14 937.72 7.15
2318.9 13145.46 961.77 7.32
2321.3 13101.23 958.72 7.32
2323.7 13118.10 970.38 7.40
2326.1 13081.38 959.14 7.33
2328.4 13108.17 947.92 7.23
2330.8 13202.52 952.97 7.22
2333.2 13104.54 959.57 7.32
2335.6 13023.78 938.28 7.20
2337.9 13062.53 913.96 7.00
2340.3 13002.24 881.65 6.78
2342.7 12902.35 863.26 6.69
2345.0 12884.39 883.31 6.86
2347.4 12860.50 867.00 6.74
2349.7 12661.22 815.89 6.44
2352.1 12633.43 776.19 6.14
2354.4 12658.59 790.89 6.25
2356.8 12578.77 807.22 6.42
2359.2 12527.67 814.67 6.50
2361.5 12479.13 794.13 6.36
2363.8 12494.29 759.76 6.08
2366.2 12489.73 789.99 6.33
2368.5 12451.10 783.20 6.29
2370.9 12453.76 742.57 5.96
2373.2 12415.30 768.93 6.19
2375.5 12276.33 755.68 6.16
2377.9 12211.78 733.89 6.01
2380.2 12242.21 719.32 5.88
2382.5 12139.99 698.44 5.75
2384.8 12068.64 677.44 5.61
2387.2 12086.52 698.56 5.78
2389.5 12068.58 746.02 6.18
2391.8 12016.43 670.22 5.58
2394.1 11909.46 633.38 5.32
2396.4 11863.59 643.50 5.42
2398.7 11940.46 662.55 5.55
2401.0 11823.50 692.30 5.86
2403.3 11693.04 642.42 5.49
2405.6 11741.09 639.79 5.45
2407.9 11668.29 641.28 5.50
2410.2 11575.79 616.64 5.33
2412.5 11525.22 630.13 5.47
2414.8 11512.67 621.34 5.40
2417.1 11505.36 567.78 4.93
2419.4 11477.63 552.26 4.81
2421.7 11364.91 588.75 5.18
2424.0 11316.90 565.32 5.00
2426.2 11347.35 572.45 5.04
2428.5 11281.78 562.47 4.99
2430.8 11243.35 534.10 4.75
2433.1 11179.50 575.29 5.15
2435.4 11100.48 570.69 5.14
2437.6 11066.91 525.93 4.75
2439.9 10932.41 488.51 4.47
2442.2 10967.11 506.26 4.62
2444.4 10975.51 505.41 4.60
2446.7 10909.12 484.72 4.44
2448.9 10931.40 485.58 4.44
2451.2 10853.16 494.68 4.56
2453.4 10787.73 494.19 4.58
2455.7 10721.98 443.96 4.14
2457.9 10647.12 439.56 4.13
2460.2 10665.45 462.38 4.34
2462.4 10576.80 480.48 4.54
2464.7 10503.38 454.20 4.32
2466.9 10471.02 423.72 4.05
2469.2 10480.86 460.20 4.39
2471.4 10359.57 452.99 4.37
2473.6 10250.05 421.79 4.11
2475.9 10220.96 392.85 3.84
2478.1 10124.53 409.90 4.05
2480.3 10080.49 382.89 3.80
2482.5 10057.71 378.86 3.77
2484.8 9961.32 385.93 3.87
2487.0 9924.93 370.33 3.73
2489.2 9935.52 407.07 4.10
2491.4 9875.23 414.99 4.20
2493.6 9884.14 399.76 4.04
2495.8 9866.24 372.16 3.77
2498.0 9849.60 308.05 3.13
2500.2 9865.68 311.73 3.16
2502.4 10096.56 444.00 4.40
2504.6 10244.49 478.89 4.67
2506.8 10345.65 428.63 4.14
