/*** Spectra Vista SIG Data ***/
name= \My Documents\HR1024_Data\GD3S4.
instrument= HR: 1091052
integration= 200, 60, 30, 400, 60, 30
scan time= 1, 1
scan settings= AD, AI, AD, AI
external data set1= 8224, 8224, 8224, 8224, 8224, 8224, 8224, 8224, 8224, 8224, 8224, 8224, 8224, 8224, 8224, 8224
external data set2= 8224, 8224, 8224, 8224, 8224, 8224, 8224, 8224, 8224, 8224, 8224, 8224, 8224, 8224, 8224, 8224
external data dark= 0,0,0,0,0,0,0,0
external data mask= 0
optic= LENS4 , LENS4 
temp= 32.98, 8.88, -5.37, 38.46, 8.94, -5.37
battery= 7.6, 7.3
error= 0, 0
units= Radiance, Radiance
time= 1/26/08 10:33:54 AM, 1/26/08 10:45:43 AM
longitude= , 
latitude= , 
gpstime= , 
comm= 
memory slot= 0, 0
factors= 
data= 
346.4 598.78 178.36 29.79
347.9 627.50 177.27 28.25
349.5 677.04 190.32 28.11
351.1 739.44 177.84 24.05
352.6 790.63 191.33 24.20
354.2 841.03 197.99 23.54
355.7 912.59 207.10 22.69
357.3 974.37 209.78 21.53
358.8 992.58 223.68 22.54
360.4 1062.29 223.36 21.03
361.9 1117.88 219.40 19.63
363.5 1149.55 219.87 19.13
365.1 1196.29 232.32 19.42
366.6 1260.16 234.77 18.63
368.2 1349.72 226.63 16.79
369.7 1403.95 230.18 16.40
371.3 1488.21 242.00 16.26
372.8 1577.00 234.06 14.84
374.4 1638.71 243.64 14.87
375.9 1688.10 244.94 14.51
377.4 1740.09 239.06 13.74
379.0 1788.57 237.10 13.26
380.5 1855.73 236.97 12.77
382.1 1905.98 239.36 12.56
383.6 1973.16 231.05 11.71
385.2 2065.25 236.50 11.45
386.7 2149.76 245.03 11.40
388.3 2271.83 244.58 10.77
389.8 2363.45 251.17 10.63
391.3 2453.59 259.01 10.56
392.9 2526.36 274.54 10.87
394.4 2602.50 284.88 10.95
395.9 2690.98 301.44 11.20
397.5 2829.48 314.93 11.13
399.0 2963.31 307.46 10.38
400.6 3033.76 309.89 10.21
402.1 3072.78 304.44 9.91
403.6 3116.75 299.69 9.62
405.1 3199.00 297.05 9.29
406.7 3304.00 306.88 9.29
408.2 3412.53 316.31 9.27
409.7 3521.28 324.80 9.22
411.3 3642.17 344.25 9.45
412.8 3732.75 354.32 9.49
414.3 3845.02 373.24 9.71
415.8 3965.00 387.50 9.77
417.4 4085.95 408.60 10.00
418.9 4192.21 419.98 10.02
420.4 4267.16 415.00 9.73
421.9 4346.32 429.55 9.88
423.5 4413.15 436.65 9.89
425.0 4492.75 436.02 9.70
426.5 4594.55 439.68 9.57
428.0 4712.54 448.47 9.52
429.5 4856.53 453.26 9.33
431.1 5025.20 465.37 9.26
432.6 5198.44 483.51 9.30
434.1 5370.75 493.76 9.19
435.6 5520.56 513.74 9.31
437.1 5670.60 523.58 9.23
438.6 5806.58 537.43 9.26
440.1 5943.54 557.08 9.37
441.6 6091.61 568.71 9.34
443.1 6230.93 598.39 9.60
444.7 6356.12 620.61 9.76
446.2 6474.98 645.18 9.96
447.7 6582.53 662.35 10.06
449.2 6691.68 685.80 10.25
450.7 6814.08 710.32 10.42
452.2 6930.56 729.02 10.52
453.7 7066.33 751.52 10.64
455.2 7233.85 784.42 10.84
456.7 7443.04 806.08 10.83
458.2 7673.27 837.93 10.92
459.7 7920.50 868.88 10.97
461.2 8156.07 897.50 11.00
462.7 8366.46 929.01 11.10
464.2 8568.06 954.35 11.14
465.7 8788.58 985.69 11.22
467.2 8970.50 1005.81 11.21
468.7 9176.00 1039.00 11.32
470.2 9305.26 1076.25 11.57
471.7 9490.50 1105.56 11.65
473.2 9788.42 1125.71 11.50
474.6 10042.30 1145.48 11.41
476.1 10127.24 1160.70 11.46
477.6 10169.21 1177.44 11.58
479.1 10224.56 1182.13 11.56
480.6 10293.47 1202.75 11.68
482.1 10426.95 1221.41 11.71
483.6 10590.11 1246.91 11.77
485.1 10796.39 1278.26 11.84
486.6 11041.55 1313.88 11.90
488.0 11290.50 1360.13 12.05
489.5 11568.25 1418.78 12.26
491.0 11840.59 1477.86 12.48
492.5 12119.22 1546.29 12.76
494.0 12409.65 1621.92 13.07
495.4 12660.45 1706.93 13.48
496.9 12912.44 1796.09 13.91
498.4 13155.80 1893.06 14.39
499.9 13408.52 2014.63 15.02
501.4 13645.90 2130.65 15.61
502.8 13864.50 2266.14 16.34
504.3 14081.40 2404.80 17.08
505.8 14291.05 2560.33 17.92
507.2 14436.37 2712.13 18.79
508.7 14548.87 2873.03 19.75
510.2 14651.50 3032.71 20.70
511.6 14718.08 3195.08 21.71
513.1 14838.45 3368.81 22.70
514.6 14986.45 3558.98 23.75
516.0 15112.04 3746.82 24.79
517.5 15305.31 3958.24 25.86
519.0 15537.89 4184.38 26.93
520.5 15768.60 4413.24 27.99
521.9 16045.99 4652.87 29.00
523.4 16363.11 4903.83 29.97
524.8 16675.79 5157.59 30.93
526.3 17027.53 5410.20 31.77
527.8 17380.80 5661.54 32.57
529.2 17706.86 5896.11 33.30
530.7 18056.71 6129.16 33.94
532.1 18377.28 6346.59 34.54
533.6 18738.23 6565.58 35.04
535.0 19114.67 6794.87 35.55
536.5 19476.07 7008.68 35.99
538.0 19846.24 7221.08 36.39
539.4 20198.95 7418.81 36.73
540.9 20626.19 7634.45 37.01
542.3 20984.92 7820.51 37.27
543.8 21250.33 7972.15 37.52
545.2 21329.19 8074.05 37.85
546.6 21331.64 8146.58 38.19
548.1 21362.06 8218.07 38.47
549.5 21376.46 8275.51 38.71
551.0 21386.66 8328.53 38.94
552.4 21443.54 8386.23 39.11
553.9 21463.89 8418.37 39.22
555.3 21521.57 8460.86 39.31
556.8 21650.10 8516.04 39.33
558.2 21773.81 8565.75 39.34
559.6 21936.94 8616.96 39.28
561.1 22168.25 8692.94 39.21
562.5 22423.78 8763.27 39.08
564.0 22757.43 8860.94 38.94
565.4 23059.14 8938.88 38.77
566.8 23449.52 9025.15 38.49
568.3 23818.66 9096.13 38.19
569.7 24198.01 9162.68 37.87
571.1 24579.14 9213.58 37.49
572.6 24952.86 9260.73 37.11
574.0 25317.60 9300.23 36.73
575.4 25678.69 9336.09 36.36
576.9 26008.29 9364.16 36.00
578.3 26306.64 9387.95 35.69
579.7 26593.28 9415.05 35.40
581.1 26823.10 9425.77 35.14
582.6 27065.10 9446.09 34.90
584.0 27286.52 9454.14 34.65
585.4 27587.92 9483.14 34.37
586.8 27978.96 9541.52 34.10
588.3 28419.30 9617.40 33.84
589.7 28786.68 9674.73 33.61
591.1 29016.81 9698.42 33.42
592.5 29127.43 9695.94 33.29
594.0 29186.34 9678.09 33.16
595.4 29194.56 9635.60 33.00
596.8 29193.45 9603.17 32.89
598.2 29177.08 9562.52 32.77
599.6 29153.88 9503.37 32.60
601.0 29216.28 9468.43 32.41
602.4 29261.60 9417.79 32.18
603.9 29364.60 9378.49 31.94
605.3 29484.10 9333.94 31.66
606.7 29584.80 9275.40 31.35
608.1 29785.49 9242.69 31.03
609.5 30013.28 9205.54 30.67
610.9 30296.78 9183.09 30.31
612.3 30557.28 9148.26 29.94
613.7 30914.00 9133.98 29.55
615.1 31159.08 9077.67 29.13
616.5 31406.64 9036.15 28.77
617.9 31801.61 9046.91 28.45
619.3 32170.62 9070.66 28.20
620.7 32635.92 9126.37 27.96
622.1 33083.75 9183.65 27.76
623.5 33564.04 9265.74 27.61
624.9 34116.86 9374.93 27.48
626.3 34490.69 9440.90 27.37
627.7 34145.81 9314.10 27.28
629.1 33851.16 9214.91 27.22
630.5 33743.57 9151.33 27.12
631.9 33775.53 9130.40 27.03
633.3 33808.52 9080.16 26.86
634.7 33992.91 9057.42 26.65
636.1 34075.08 8954.13 26.28
637.5 34196.58 8859.88 25.91
638.9 34374.61 8798.52 25.60
640.2 34545.58 8736.20 25.29
641.6 34634.34 8656.83 24.99
643.0 34657.83 8536.02 24.63
644.4 34696.37 8418.43 24.26
645.8 34653.86 8251.04 23.81
647.2 34834.41 8149.77 23.40
648.5 34958.93 8029.95 22.97
649.9 34861.32 7868.64 22.57
651.3 34789.65 7730.33 22.22
652.7 34680.00 7595.18 21.90
654.1 34452.30 7324.65 21.26
655.5 34172.42 7017.51 20.54
656.8 33904.63 6728.22 19.84
658.2 34070.04 6524.38 19.15
659.6 34442.82 6365.43 18.48
660.9 34748.70 6195.54 17.83
662.3 35067.95 6006.68 17.13
663.7 35364.00 5823.30 16.47
665.0 35617.00 5648.78 15.86
666.4 35877.31 5497.03 15.32
667.8 36209.10 5373.83 14.84
669.1 36482.80 5269.97 14.45
670.5 36799.72 5197.14 14.12
671.9 36995.40 5140.80 13.90
673.2 37270.13 5124.77 13.75
674.6 37530.47 5131.34 13.67
676.0 37841.78 5174.00 13.67
677.3 38141.57 5252.17 13.77
678.7 38483.75 5373.06 13.96
680.0 38922.37 5558.64 14.28
681.4 39389.45 5819.83 14.78
682.8 39844.35 6175.49 15.50
684.1 40287.78 6636.24 16.47
685.5 40705.56 7212.31 17.72
686.8 41091.84 7912.59 19.26
688.2 41433.89 8737.48 21.09
689.5 41549.57 9627.25 23.17
690.9 41633.44 10620.02 25.51
692.2 41697.60 11670.08 27.99
693.6 41771.65 12796.45 30.63
694.9 41721.88 13912.00 33.34
696.2 41751.90 15041.14 36.03
697.6 41766.04 16171.38 38.72
698.9 41796.48 17284.08 41.35
700.3 41844.24 18357.59 43.87
701.6 41918.48 19387.74 46.25
703.0 41979.40 20355.76 48.49
704.3 41981.71 21224.29 50.56
705.6 41967.18 22042.40 52.52
707.0 41980.75 22807.66 54.33
708.3 41872.71 23451.34 56.01
709.6 41753.67 24069.80 57.65
711.0 41589.99 24583.79 59.11
712.3 41418.66 25073.71 60.54
713.6 41354.04 25564.77 61.82
714.9 41240.96 25997.42 63.04
716.3 41218.54 26437.88 64.14
717.6 41221.95 26879.30 65.21
718.9 41134.56 27198.24 66.12
720.2 40936.00 27424.11 66.99
721.6 40765.66 27645.54 67.82
722.9 40572.15 27827.24 68.59
724.2 40305.71 27941.73 69.32
725.5 40134.57 28078.69 69.96
726.8 39960.91 28180.54 70.52
728.1 39855.98 28310.70 71.03
729.5 39766.23 28414.52 71.45
730.8 39707.44 28528.86 71.85
732.1 39612.07 28598.63 72.20
733.4 39556.45 28684.82 72.52
734.7 39507.57 28744.07 72.76
736.0 39511.29 28855.29 73.03
737.3 39463.58 28918.74 73.28
738.6 39569.04 29100.85 73.54
739.9 39770.92 29345.56 73.79
741.2 39928.98 29548.16 74.00
742.5 40206.42 29854.62 74.25
743.8 40696.43 30301.43 74.46
745.1 41398.16 30917.25 74.68
746.4 42245.84 31596.79 74.79
747.7 43136.62 32259.43 74.78
749.0 43980.49 32888.73 74.78
750.3 44484.44 33206.02 74.65
751.6 44396.66 33126.36 74.61
752.9 43969.12 32827.16 74.66
754.2 43470.53 32502.80 74.77
755.4 42928.75 32169.02 74.94
756.7 42746.48 32126.02 75.15
758.0 42774.71 32222.74 75.33
759.3 43048.01 32511.31 75.52
760.6 43418.76 32874.38 75.71
761.9 43775.94 33202.93 75.85
763.1 43996.61 33388.98 75.89
764.4 44239.34 33618.24 75.99
765.7 44424.25 33767.50 76.01
767.0 44583.75 33903.47 76.04
768.2 44688.00 34028.40 76.15
769.5 44782.92 34125.45 76.20
770.8 44990.42 34293.92 76.22
772.0 45014.41 34349.28 76.31
773.3 45100.97 34437.20 76.36
774.6 45226.84 34545.37 76.38
775.8 45313.45 34626.07 76.41
777.1 45344.81 34652.18 76.42
778.4 45245.88 34610.26 76.49
779.6 45226.44 34615.44 76.54
780.9 45132.00 34592.00 76.65
782.1 44952.26 34481.86 76.71
783.4 44936.32 34500.96 76.78
784.6 44935.72 34556.72 76.90
785.9 45255.62 34854.90 77.02
787.1 45836.93 35346.26 77.11
788.4 46288.94 35615.97 76.94
789.6 46219.23 35463.12 76.73
790.9 45788.99 35040.21 76.53
792.1 45296.16 34669.96 76.54
793.4 44771.54 34335.87 76.69
794.6 44415.30 34079.21 76.73
795.8 44134.47 33872.58 76.75
797.1 43801.05 33651.41 76.83
798.3 43569.08 33509.44 76.91
799.5 43411.48 33423.54 76.99
800.8 43273.13 33309.79 76.98
802.0 43071.08 33197.14 77.08
803.2 42890.28 33052.50 77.06
804.5 42742.15 32955.46 77.10
805.7 42601.95 32831.09 77.06
806.9 42426.40 32711.23 77.10
808.1 42305.67 32640.92 77.15
809.4 42221.44 32588.33 77.18
810.6 42105.70 32516.58 77.23
811.8 42062.43 32496.76 77.26
813.0 42071.08 32503.61 77.26
814.2 42081.20 32529.14 77.30
815.4 42185.03 32593.89 77.26
816.6 42225.34 32617.69 77.25
817.9 42273.21 32600.52 77.12
819.1 42166.58 32476.78 77.02
820.3 42039.03 32334.47 76.92
821.5 41905.07 32225.54 76.90
822.7 41849.58 32152.45 76.83
823.9 41838.35 32097.43 76.72
825.1 41851.34 32060.37 76.61
826.3 41890.94 32038.25 76.48
827.5 41937.05 32003.03 76.31
828.7 42011.28 31961.04 76.08
829.9 42039.57 31943.49 75.98
831.0 42140.75 31951.33 75.82
832.2 42235.78 31980.77 75.72
833.4 42305.18 31995.24 75.63
834.6 42417.19 32036.72 75.53
835.8 42496.65 32073.30 75.47
837.0 42597.61 32156.79 75.49
838.1 42745.68 32262.80 75.48
839.3 42856.00 32322.19 75.42
840.5 42989.60 32417.22 75.41
841.7 43156.80 32559.91 75.45
842.9 43298.86 32684.65 75.49
844.0 43430.88 32790.96 75.50
845.2 43568.90 32925.09 75.57
846.4 43732.15 33019.39 75.50
847.5 43960.00 33203.54 75.53
848.7 44164.79 33334.25 75.48
849.9 44393.85 33468.65 75.39
851.0 44478.08 33514.31 75.35
852.2 44569.63 33558.28 75.29
853.3 44562.81 33530.56 75.24
854.5 44594.90 33491.08 75.10
855.6 44615.97 33517.76 75.13
856.8 44687.86 33566.03 75.11
857.9 44681.40 33569.31 75.13
859.1 44832.20 33666.00 75.09
860.2 44876.88 33692.20 75.08
861.4 44954.55 33738.20 75.05
862.5 45021.69 33782.41 75.04
863.7 45150.84 33859.85 74.99
864.8 45213.35 33878.43 74.93
865.9 45167.77 33858.96 74.96
867.1 45241.43 33891.70 74.91
868.2 45295.54 33900.39 74.84
869.3 45314.27 33888.69 74.79
870.5 45282.48 33817.02 74.68
871.6 45315.83 33852.61 74.70
872.7 45413.27 33897.87 74.64
873.9 45478.16 33906.72 74.56
875.0 45456.71 33851.63 74.47
876.1 45452.45 33837.08 74.45
877.2 45498.99 33820.74 74.33
878.3 45519.98 33803.46 74.26
879.4 45563.53 33772.86 74.12
880.5 45631.08 33765.84 74.00
881.7 45596.20 33749.30 74.02
882.8 45693.96 33693.27 73.74
883.9 45722.91 33672.59 73.64
885.0 45675.63 33569.10 73.49
886.1 45712.78 33486.02 73.25
887.2 45537.58 33320.29 73.17
888.3 45475.07 33173.33 72.95
889.4 45347.40 33034.32 72.85
890.5 45259.13 32904.27 72.70
891.6 45193.70 32823.86 72.63
892.7 45201.31 32788.14 72.54
893.8 45270.56 32760.51 72.37
894.9 45248.28 32721.92 72.32
896.0 45235.90 32658.13 72.20
897.0 45257.72 32632.27 72.10
898.1 45230.13 32585.19 72.04
899.2 45252.30 32540.56 71.91
900.3 45165.90 32437.76 71.82
901.4 45101.16 32322.18 71.67
902.4 45077.20 32278.50 71.61
903.5 45018.01 32211.41 71.55
904.6 45035.56 32127.34 71.34
905.7 45038.93 32080.88 71.23
906.7 44985.82 32002.65 71.14
907.8 45025.57 31970.19 71.00
908.9 44904.57 31863.68 70.96
909.9 44897.74 31796.46 70.82
911.0 44830.08 31688.03 70.68
912.1 44749.25 31599.86 70.62
913.1 44707.00 31462.86 70.38
914.2 44554.62 31276.59 70.20
915.2 44505.45 31213.76 70.13
916.3 44491.35 31109.78 69.92
917.3 44461.10 31034.88 69.80
918.4 44383.35 30840.43 69.49
919.4 44330.69 30737.38 69.34
920.5 44315.70 30638.78 69.14
921.5 44285.78 30533.83 68.95
922.6 44268.10 30381.00 68.63
923.6 44262.16 30283.23 68.42
924.7 44333.00 30202.13 68.13
925.7 44276.22 30044.19 67.86
926.7 44252.98 29915.19 67.60
927.8 44374.33 29861.80 67.30
928.8 44502.63 29810.16 66.99
929.9 44598.23 29726.50 66.65
930.9 44802.27 29702.63 66.30
931.9 45011.35 29713.49 66.01
932.9 45355.12 29796.65 65.70
934.0 45370.16 29662.85 65.38
935.0 45397.97 29562.29 65.12
936.0 45413.73 29399.29 64.74
937.0 45319.95 29208.17 64.45
938.1 45295.44 29044.27 64.12
939.1 45257.91 28896.08 63.85
940.1 45342.90 28796.08 63.51
941.1 45568.46 28744.79 63.08
942.1 45803.34 28744.25 62.76
943.1 45999.43 28757.57 62.52
944.1 46171.28 28755.80 62.28
945.2 46338.18 28611.45 61.74
946.2 46411.22 28522.19 61.46
947.2 46518.25 28368.38 60.98
948.2 46693.82 28310.00 60.63
949.2 46838.19 28184.41 60.17
950.2 46912.95 28036.78 59.76
951.2 46909.80 27860.28 59.39
952.2 47054.57 27769.32 59.02
953.2 47260.85 27682.20 58.57
954.2 47365.65 27587.25 58.24
955.2 47408.68 27445.11 57.89
956.2 47434.65 27302.32 57.56
957.2 47543.77 27228.31 57.27
958.2 47601.59 27111.22 56.95
959.2 47735.55 27106.20 56.78
960.1 47775.14 26993.72 56.50
961.1 47870.63 27033.85 56.47
962.1 47933.44 27003.75 56.34
963.1 48032.50 26971.54 56.15
964.1 48057.21 27007.67 56.20
965.1 48243.99 27037.73 56.04
966.1 48335.33 27049.69 55.96
967.0 48410.39 27098.09 55.98
968.0 48434.88 27065.33 55.88
969.0 48556.60 27081.70 55.77
970.0 48603.65 27127.10 55.81
971.0 48737.12 27171.11 55.75
971.9 48722.90 27171.93 55.77
972.9 48879.95 27095.43 55.43
973.9 48859.53 27202.66 55.68
974.9 49044.08 27242.22 55.55
975.8 49101.73 27275.58 55.55
976.8 49135.91 27312.72 55.59
977.8 49315.41 27381.52 55.52
978.8 49372.50 27410.25 55.52
979.7 49504.50 27465.83 55.48
980.7 49626.72 27636.68 55.69
981.7 49868.69 27760.38 55.67
982.6 50026.42 28013.84 56.00
983.6 50542.44 28433.47 56.26
984.6 51139.74 28618.94 55.96
985.5 51570.00 29154.24 56.53
986.5 52881.11 29602.35 55.98
987.5 53801.49 30383.63 56.47
988.4 54737.10 30889.65 56.43
989.4 56052.04 32145.66 57.35
990.4 57074.27 32989.22 57.80
991.3 59136.61 33488.02 56.63
992.3 61232.97 34137.87 55.75
993.2 62381.81 35903.20 57.55
994.2 63759.15 36433.80 57.14
995.2 64627.45 36370.43 56.28
996.1 65405.36 37134.35 56.78
997.1 65143.00 37294.37 57.25
998.0 67149.60 37343.40 55.61
999.0 66846.51 37036.58 55.41
1000.0 67127.69 36376.46 54.19
1000.9 65712.83 37971.79 57.78
1001.9 66491.34 37097.30 55.79
1002.8 64393.95 36796.54 57.14
1003.8 65025.46 37313.27 57.38
1004.8 66172.20 36965.16 55.86
961.5 59748.86 30841.24 51.62
965.5 58598.35 30450.67 51.97
969.5 56260.49 29644.70 52.69
973.4 53913.29 28714.69 53.26
977.4 51859.95 27938.22 53.87
981.4 50850.20 27644.30 54.36
985.3 50481.20 27784.33 55.04
989.3 50535.22 28187.84 55.78
993.3 50635.09 28603.15 56.49
997.2 50595.02 28892.61 57.11
1001.2 50545.04 29137.81 57.65
1005.2 50473.33 29317.32 58.08
1009.1 50535.74 29625.70 58.62
1013.1 50697.93 30038.99 59.25
1017.1 50843.90 30442.75 59.87
1021.0 50855.49 30771.22 60.51
1025.0 50816.26 31063.85 61.13
1029.0 50641.08 31249.97 61.71
1032.9 50496.42 31436.34 62.25
1036.9 50486.34 31703.16 62.80
1040.9 50614.23 32081.75 63.38
1044.8 50848.91 32525.92 63.97
1048.8 51055.33 32890.75 64.42
1052.7 51200.97 33187.06 64.82
1056.7 51265.76 33407.39 65.17
1060.7 51328.86 33553.97 65.37
1064.6 51364.29 33675.89 65.56
1068.6 51285.22 33668.30 65.65
1072.5 51205.93 33616.35 65.65
1076.5 51155.97 33559.97 65.60
1080.4 51154.95 33461.61 65.41
1084.4 51258.31 33404.87 65.17
1088.3 51367.47 33315.23 64.86
1092.3 51376.13 33117.70 64.46
1096.2 51342.58 32867.74 64.02
1100.2 51360.86 32640.93 63.55
1104.1 51244.60 32330.32 63.09
1108.1 51175.76 32028.81 62.59
1112.0 51059.75 31679.55 62.04
1116.0 50831.30 31244.20 61.47
1119.9 50653.13 30763.45 60.73
1123.9 50703.41 30351.72 59.86
1127.8 50649.60 29694.72 58.63
1131.8 50608.23 28834.08 56.98
1135.7 50617.81 27896.56 55.11
1139.6 50606.06 26866.82 53.09
1143.6 50555.26 25844.71 51.12
1147.5 50517.05 24973.76 49.44
1151.4 50365.69 24225.41 48.10
1155.4 50355.11 23762.38 47.19
1159.3 50376.78 23499.47 46.65
1163.2 50207.59 23222.94 46.25
1167.2 50161.80 23066.64 45.98
1171.1 50174.37 22985.34 45.81
1175.0 50101.08 22853.55 45.61
1179.0 50065.70 22752.41 45.45
1182.9 50165.17 22733.98 45.32
1186.8 50159.61 22645.53 45.15
1190.7 49934.95 22459.41 44.98
1194.7 49665.47 22277.14 44.85
1198.6 49438.62 22148.28 44.80
1202.5 49264.40 22057.24 44.77
1206.4 49122.14 22013.51 44.81
1210.3 49037.26 22027.87 44.92
1214.2 48930.30 22046.93 45.06
1218.2 48765.56 22054.76 45.23
1222.1 48630.48 22083.33 45.41
1226.0 48538.40 22140.04 45.61
1229.9 48450.48 22196.40 45.81
1233.8 48352.03 22236.36 45.99
1237.7 48317.50 22284.01 46.12
1241.6 48229.08 22318.68 46.28
1245.5 48061.09 22310.09 46.42
1249.4 47934.98 22288.79 46.50
1253.3 47803.87 22279.38 46.61
1257.2 47735.46 22290.28 46.70
1261.1 47624.11 22266.58 46.75
1265.0 47490.52 22191.02 46.73
1268.9 47304.07 22065.48 46.65
1272.8 47372.70 22067.55 46.58
1276.7 47590.81 22124.80 46.49
1280.6 47691.16 22085.32 46.31
1284.5 47615.01 21942.92 46.08
1288.4 47591.67 21791.41 45.79
1292.3 47467.75 21549.00 45.40
1296.2 47318.59 21285.90 44.98
1300.1 47148.87 20992.84 44.52
1303.9 46897.39 20618.04 43.96
1307.8 46639.44 20214.17 43.34
1311.7 46386.67 19795.24 42.67
1315.6 46123.85 19347.31 41.95
1319.5 45848.18 18873.72 41.17
1323.3 45606.50 18393.74 40.33
1327.2 45386.16 17918.15 39.48
1331.1 45132.53 17431.04 38.62
1335.0 44824.46 16919.38 37.75
1338.8 44600.56 16477.45 36.94
1342.7 44421.07 16067.61 36.17
1346.5 44042.02 15600.62 35.42
1350.4 43720.62 15183.14 34.73
1354.3 43279.60 14744.29 34.07
1358.1 42799.92 14317.42 33.45
1362.0 42533.76 13937.56 32.77
1365.8 42447.40 13596.53 32.03
1369.7 42569.31 13287.49 31.21
1373.5 42515.11 12824.50 30.16
1377.4 42239.08 12186.66 28.85
1381.2 42024.35 11451.55 27.25
1385.1 42007.68 10715.17 25.51
1389.0 41913.21 9953.85 23.75
1392.8 41686.58 9171.91 22.00
1396.6 41522.45 8451.96 20.36
1400.5 41297.26 7811.52 18.92
1404.3 41119.22 7285.93 17.72
1408.2 41089.83 6887.74 16.76
1412.0 41038.18 6561.86 15.99
1415.8 41063.56 6325.55 15.40
1419.6 41020.11 6121.06 14.92
1423.5 40984.07 5965.22 14.55
1427.3 40938.38 5859.03 14.31
1431.1 40915.35 5782.28 14.13
1434.9 40812.08 5704.74 13.98
1438.8 40755.58 5646.29 13.85
1442.6 40720.04 5622.29 13.81
1446.4 40579.53 5571.19 13.73
1450.2 40476.97 5540.48 13.69
1454.0 40349.16 5533.56 13.71
1457.8 40313.93 5539.30 13.74
1461.6 40291.52 5560.43 13.80
1465.4 40157.17 5583.20 13.90
1469.2 39958.10 5607.88 14.03
1473.0 39808.79 5662.90 14.23
1476.8 39739.71 5754.23 14.48
1480.7 39668.27 5859.31 14.77
1484.4 39532.92 5964.48 15.09
1488.2 39418.92 6087.60 15.44
1492.0 39281.08 6217.12 15.83
1495.8 39157.30 6344.98 16.20
1499.6 39041.55 6456.41 16.54
1503.4 38891.42 6536.82 16.81
1507.2 38758.78 6612.72 17.06
1510.9 38603.27 6696.29 17.35
1514.7 38431.80 6768.53 17.61
1518.5 38296.78 6837.11 17.85
1522.3 38148.01 6900.90 18.09
1526.0 38038.86 6988.24 18.37
1529.8 37977.87 7115.64 18.74
1533.6 37845.65 7227.36 19.10
1537.3 37710.11 7332.65 19.44
1541.1 37580.52 7430.08 19.77
1544.8 37449.60 7519.20 20.08
1548.6 37314.89 7618.28 20.42
1552.4 37219.38 7712.65 20.72
1556.1 37135.69 7772.25 20.93
1559.9 37030.39 7828.38 21.14
1563.6 36900.49 7895.65 21.40
1567.3 36782.10 7982.60 21.70
1571.1 36560.28 8052.34 22.02
1574.8 36404.14 8127.74 22.33
1578.6 36302.38 8202.78 22.60
1582.3 36157.52 8261.16 22.85
1586.0 36009.48 8299.74 23.05
1589.8 35863.84 8327.17 23.22
1593.5 35710.53 8356.56 23.40
1597.2 35575.62 8391.50 23.59
1600.9 35432.24 8417.71 23.76
1604.7 35280.85 8439.34 23.92
1608.4 35142.04 8471.53 24.11
1612.1 34980.47 8492.20 24.28
1615.8 34834.07 8524.46 24.47
1619.5 34752.20 8572.37 24.67
1623.2 34595.03 8584.18 24.81
1626.9 34406.93 8593.26 24.98
1630.6 34230.90 8605.52 25.14
1634.3 34081.71 8612.92 25.27
1638.0 33920.36 8607.27 25.37
1641.7 33748.10 8587.15 25.44
1645.4 33556.70 8565.73 25.53
1649.1 33353.05 8531.12 25.58
1652.8 33189.89 8498.75 25.61
1656.4 33018.59 8461.82 25.63
1660.1 32845.97 8429.98 25.67
1663.8 32642.92 8389.66 25.70
1667.5 32483.35 8345.77 25.69
1671.1 32351.26 8304.48 25.67
1674.8 32144.07 8242.49 25.64
1678.5 32080.00 8216.89 25.61
1682.1 32102.13 8191.16 25.52
1685.8 32123.16 8155.50 25.39
1689.5 32018.65 8093.28 25.28
1693.1 31881.24 8010.60 25.13
1696.8 31732.38 7932.50 25.00
1700.4 31582.94 7843.93 24.84
1704.0 31466.76 7745.30 24.61
1707.7 31189.67 7612.94 24.41
1711.3 30882.00 7470.57 24.19
1715.0 30659.79 7354.72 23.99
1718.6 30484.31 7247.90 23.78
1722.2 30333.58 7146.94 23.56
1725.9 30181.80 7041.13 23.33
1729.5 30037.98 6949.96 23.14
1733.1 29910.73 6897.13 23.06
1736.7 29788.38 6846.75 22.98
1740.3 29614.18 6773.06 22.87
1744.0 29528.30 6704.01 22.70
1747.5 29373.44 6613.51 22.52
1751.2 29138.63 6493.30 22.28
1754.8 28975.37 6389.42 22.05
1758.4 28834.48 6303.30 21.86
1762.0 28639.33 6199.46 21.65
1765.5 28498.38 6127.79 21.50
1769.1 28452.00 6088.80 21.40
1772.7 28378.96 6042.82 21.29
1776.3 28252.73 5992.56 21.21
1779.9 28119.54 5933.84 21.10
1783.5 28061.20 5899.92 21.03
1787.0 27938.82 5857.66 20.97
1790.6 27774.17 5810.45 20.92
1794.2 27666.21 5777.52 20.88
1797.8 27558.84 5752.97 20.88
1801.3 27465.68 5734.56 20.88
1804.9 27315.75 5704.13 20.88
1808.4 27221.13 5695.65 20.92
1812.0 27071.27 5663.49 20.92
1815.5 26907.62 5629.50 20.92
1819.1 26703.43 5581.69 20.90
1822.6 26545.43 5541.12 20.87
1826.2 26400.51 5505.00 20.85
1829.7 26207.46 5457.64 20.82
1833.2 25952.41 5386.82 20.76
1836.8 25712.51 5315.77 20.67
1840.3 25567.16 5262.57 20.58
1843.8 25454.03 5213.60 20.48
1847.3 25371.56 5175.55 20.40
1850.8 25264.51 5096.45 20.17
1854.3 25105.60 5002.94 19.93
1857.8 25027.60 4893.20 19.55
1861.3 25027.70 4723.89 18.87
1864.8 24948.54 4498.37 18.03
1868.3 24715.93 4216.03 17.06
1871.8 24529.92 3901.44 15.90
1875.3 24489.01 3604.51 14.72
1878.8 24485.84 3317.89 13.55
1882.3 24423.29 3086.20 12.64
1885.8 24245.59 2810.85 11.59
1889.3 24030.42 2577.37 10.73
1892.7 23852.68 2443.70 10.24
1896.2 23673.74 2324.93 9.82
1899.7 23427.69 2249.93 9.60
1903.1 23323.61 2276.74 9.76
1906.6 23396.53 2423.10 10.36
1910.0 23683.33 2689.39 11.36
1913.5 24138.15 2978.99 12.34
1917.0 24628.98 3470.95 14.09
1920.4 25146.40 4067.80 16.18
1923.8 25520.19 4334.64 16.99
1871.2 22263.77 3491.23 15.68
1873.9 22507.55 3339.62 14.84
1876.7 22626.01 3135.29 13.86
1879.5 22737.83 2979.38 13.10
1882.3 22382.76 2823.78 12.62
1885.1 22317.18 2646.34 11.86
1887.8 22505.15 2490.49 11.07
1890.6 22306.26 2339.00 10.49
1893.4 22256.67 2244.00 10.08
1896.2 22163.50 2131.77 9.62
1898.9 22083.42 2106.85 9.54
1901.7 21937.94 2069.17 9.43
1904.5 22143.94 2063.10 9.32
1907.2 22059.00 2023.50 9.17
1910.0 21927.95 1988.73 9.07
1912.7 21918.25 1993.66 9.10
1915.5 21816.04 1975.75 9.06
1918.2 21741.95 1946.61 8.95
1921.0 21589.30 1911.71 8.85
1923.7 21620.81 1930.97 8.93
1926.5 21581.93 1895.38 8.78
1929.2 21568.04 1885.52 8.74
1932.0 21551.20 1905.48 8.84
1934.7 21508.34 1891.63 8.79
1937.4 21385.99 1901.32 8.89
1940.2 21322.79 1917.76 8.99
1942.9 21412.44 1921.40 8.97
1945.6 21432.94 1923.74 8.98
1948.3 21347.13 1937.37 9.08
1951.1 21319.83 1968.54 9.23
1953.8 21321.00 1980.00 9.29
1956.5 21174.65 1991.68 9.41
1959.2 21255.91 2003.30 9.42
1961.9 21274.22 2002.56 9.41
1964.6 21161.18 2043.83 9.66
1967.3 21232.43 2079.63 9.79
1970.0 21063.36 2060.16 9.78
1972.8 20962.32 2082.70 9.94
1975.5 21019.32 2107.20 10.03
1978.2 20951.00 2122.84 10.13
1980.9 20833.51 2142.53 10.28
1983.5 20753.87 2155.08 10.38
1986.2 20730.84 2159.22 10.42
1988.9 20710.47 2197.05 10.61
1991.6 20560.54 2192.78 10.66
1994.3 20429.18 2160.47 10.58
1997.0 20463.02 2225.93 10.88
1999.7 20411.81 2242.77 10.99
2002.3 20392.69 2258.18 11.07
2005.0 20300.64 2281.20 11.24
2007.7 20215.73 2290.47 11.33
2010.4 20150.59 2306.84 11.45
2013.0 20054.41 2324.37 11.59
2015.7 19971.23 2315.96 11.60
2018.4 19850.99 2343.09 11.80
2021.0 19776.67 2365.83 11.96
2023.7 19665.12 2351.79 11.96
2026.4 19623.72 2366.00 12.06
2029.0 19549.52 2387.11 12.21
2031.7 19389.93 2391.35 12.33
2034.3 19392.75 2399.80 12.37
2037.0 19277.12 2434.98 12.63
2039.6 19203.81 2439.16 12.70
2042.3 19169.68 2420.78 12.63
2044.9 19085.22 2443.16 12.80
2047.5 19057.17 2459.99 12.91
2050.2 18939.20 2447.20 12.92
2052.8 18894.40 2483.60 13.14
2055.4 18768.37 2479.48 13.21
2058.1 18622.80 2452.80 13.17
2060.7 18569.98 2495.94 13.44
2063.3 18475.60 2502.43 13.54
2065.9 18427.79 2490.17 13.51
2068.6 18352.42 2492.96 13.58
2071.2 18299.61 2513.79 13.74
2073.8 18217.15 2515.70 13.81
2076.4 18153.52 2531.61 13.95
2079.0 18135.74 2545.86 14.04
2081.6 18151.63 2557.32 14.09
2084.2 18112.28 2601.58 14.36
2086.8 17948.60 2579.44 14.37
2089.4 17865.33 2555.84 14.31
2092.1 17782.00 2569.83 14.45
2094.7 17712.75 2584.88 14.59
2097.2 17685.67 2601.00 14.71
2099.8 17677.80 2624.63 14.85
2102.4 17557.58 2615.87 14.90
2105.0 17419.20 2582.10 14.82
2107.6 17352.05 2609.07 15.04
2110.2 17317.12 2642.75 15.26
2112.8 17308.85 2637.13 15.24
2115.3 17299.79 2649.96 15.32
2117.9 17305.54 2678.24 15.48
2120.5 17283.04 2661.40 15.40
2123.1 17169.75 2670.53 15.55
2125.6 17130.75 2697.00 15.74
2128.2 17041.98 2692.53 15.80
2130.8 16938.68 2693.93 15.90
2133.3 16907.73 2692.80 15.93
2135.9 16811.63 2688.68 15.99
2138.4 16669.29 2675.57 16.05
2141.0 16557.51 2665.07 16.10
2143.6 16519.94 2670.75 16.17
2146.1 16331.26 2665.07 16.32
2148.7 16166.35 2622.44 16.22
2151.2 16200.80 2637.07 16.28
2153.8 16223.65 2675.49 16.49
2156.3 16092.71 2637.33 16.39
2158.8 16012.97 2619.61 16.36
2161.4 15977.02 2632.86 16.48
2163.9 15879.72 2609.28 16.43
2166.4 15806.34 2616.65 16.55
2169.0 15776.77 2622.56 16.62
2171.5 15691.03 2598.91 16.56
2174.0 15580.08 2579.33 16.56
2176.5 15568.93 2589.34 16.63
2179.1 15528.15 2574.98 16.58
2181.6 15436.46 2555.00 16.55
2184.1 15393.84 2581.04 16.77
2186.6 15412.36 2595.40 16.84
2189.1 15330.96 2532.69 16.52
2191.6 15265.13 2554.53 16.73
2194.1 15289.63 2594.22 16.97
2196.6 15291.79 2550.90 16.68
2199.2 15355.64 2570.90 16.74
2201.7 15282.97 2560.89 16.76
2204.1 15217.08 2510.53 16.50
2206.6 15263.16 2540.13 16.64
2209.1 15196.78 2535.95 16.69
2211.6 15154.34 2500.98 16.50
2214.1 15142.04 2543.32 16.80
2216.6 15136.36 2533.49 16.74
2219.1 15121.17 2495.51 16.50
2221.6 15017.30 2478.14 16.50
2224.0 14973.30 2468.88 16.49
2226.5 14953.65 2458.03 16.44
2229.0 14990.65 2455.30 16.38
2231.5 14856.57 2447.37 16.47
2233.9 14819.93 2436.00 16.44
2236.4 14830.12 2389.34 16.11
2238.9 14725.00 2321.13 15.76
2241.3 14738.24 2304.79 15.64
2243.8 14703.26 2347.55 15.97
2246.2 14560.76 2318.25 15.92
2248.7 14543.49 2263.86 15.57
2251.2 14547.02 2271.41 15.61
2253.6 14461.44 2257.92 15.61
2256.1 14411.52 2215.68 15.37
2258.5 14448.51 2185.91 15.13
2260.9 14358.24 2143.77 14.93
2263.4 14286.28 2130.28 14.91
2265.8 14286.52 2100.28 14.70
2268.3 14242.68 2085.80 14.64
2270.7 14293.95 2107.25 14.74
2273.1 14208.68 2067.07 14.55
2275.6 14138.88 2065.92 14.61
2278.0 14162.68 2056.18 14.52
2280.4 14119.54 2004.98 14.20
2282.8 13992.20 1970.68 14.08
2285.3 14040.77 1932.50 13.76
2287.7 14128.29 1952.50 13.82
2290.1 13998.75 1929.23 13.78
2292.5 13976.47 1904.80 13.63
2294.9 14012.61 1900.75 13.56
2297.3 13889.96 1831.17 13.18
2299.7 13787.58 1796.49 13.03
2302.1 13749.17 1779.54 12.94
2304.5 13602.40 1728.72 12.71
2306.9 13496.56 1701.28 12.61
2309.3 13451.64 1704.48 12.67
2311.7 13329.30 1664.20 12.49
2314.1 13154.03 1646.22 12.51
2316.5 13124.14 1690.26 12.88
2318.9 13145.46 1671.27 12.71
2321.3 13101.23 1659.94 12.67
2323.7 13118.10 1673.21 12.75
2326.1 13081.38 1668.42 12.75
2328.4 13108.17 1651.74 12.60
2330.8 13202.52 1660.54 12.58
2333.2 13104.54 1626.74 12.41
2335.6 13023.78 1590.09 12.21
2337.9 13062.53 1598.39 12.24
2340.3 13002.24 1582.77 12.17
2342.7 12902.35 1561.49 12.10
2345.0 12884.39 1507.57 11.70
2347.4 12860.50 1487.50 11.57
2349.7 12661.22 1469.45 11.61
2352.1 12633.43 1475.19 11.68
2354.4 12658.59 1500.12 11.85
2356.8 12578.77 1459.03 11.60
2359.2 12527.67 1438.67 11.48
2361.5 12479.13 1448.63 11.61
2363.8 12494.29 1440.47 11.53
2366.2 12489.73 1447.57 11.59
2368.5 12451.10 1406.20 11.29
2370.9 12453.76 1368.84 10.99
2373.2 12415.30 1366.99 11.01
2375.5 12276.33 1343.93 10.95
2377.9 12211.78 1321.92 10.82
2380.2 12242.21 1333.27 10.89
2382.5 12139.99 1295.79 10.67
2384.8 12068.64 1313.12 10.88
2387.2 12086.52 1312.73 10.86
2389.5 12068.58 1270.13 10.52
2391.8 12016.43 1264.39 10.52
2394.1 11909.46 1233.17 10.35
2396.4 11863.59 1248.29 10.52
2398.7 11940.46 1232.53 10.32
2401.0 11823.50 1236.25 10.46
2403.3 11693.04 1225.08 10.48
2405.6 11741.09 1179.61 10.05
2407.9 11668.29 1207.41 10.35
2410.2 11575.79 1163.09 10.05
2412.5 11525.22 1123.05 9.74
2414.8 11512.67 1145.11 9.95
2417.1 11505.36 1114.92 9.69
2419.4 11477.63 1114.94 9.71
2421.7 11364.91 1109.16 9.76
2424.0 11316.90 1083.08 9.57
2426.2 11347.35 1037.90 9.15
2428.5 11281.78 1032.99 9.16
2430.8 11243.35 1079.10 9.60
2433.1 11179.50 1078.68 9.65
2435.4 11100.48 1040.67 9.38
2437.6 11066.91 990.32 8.95
2439.9 10932.41 965.78 8.83
2442.2 10967.11 955.64 8.71
2444.4 10975.51 964.88 8.79
2446.7 10909.12 928.56 8.51
2448.9 10931.40 947.47 8.67
2451.2 10853.16 953.60 8.79
2453.4 10787.73 916.05 8.49
2455.7 10721.98 924.41 8.62
2457.9 10647.12 903.54 8.49
2460.2 10665.45 856.94 8.03
2462.4 10576.80 879.84 8.32
2464.7 10503.38 864.24 8.23
2466.9 10471.02 821.76 7.85
2469.2 10480.86 842.62 8.04
2471.4 10359.57 853.45 8.24
2473.6 10250.05 850.27 8.30
2475.9 10220.96 826.35 8.08
2478.1 10124.53 799.31 7.89
2480.3 10080.49 814.52 8.08
2482.5 10057.71 843.50 8.39
2484.8 9961.32 793.70 7.97
2487.0 9924.93 770.29 7.76
2489.2 9935.52 814.14 8.19
2491.4 9875.23 776.19 7.86
2493.6 9884.14 768.16 7.77
2495.8 9866.24 776.00 7.87
2498.0 9849.60 705.28 7.16
2500.2 9865.68 716.13 7.26
2502.4 10096.56 763.68 7.56
2504.6 10244.49 760.59 7.42
2506.8 10345.65 798.82 7.72
