/*** Spectra Vista SIG Data ***/
name= \My Documents\HR1024_Data\GS9.
instrument= HR: 1091052
integration= 200, 60, 30, 200, 60, 30
scan time= 1, 1
scan settings= AD, AI, AD, AI
external data set1= 8224, 8224, 8224, 8224, 8224, 8224, 8224, 8224, 8224, 8224, 8224, 8224, 8224, 8224, 8224, 8224
external data set2= 8224, 8224, 8224, 8224, 8224, 8224, 8224, 8224, 8224, 8224, 8224, 8224, 8224, 8224, 8224, 8224
external data dark= 0,0,0,0,0,0,0,0
external data mask= 0
optic= LENS4 , LENS4 
temp= 31.05, 8.88, -5.37, 41.85, 8.94, -5.37
battery= 7.7, 7.0
error= 0, 0
units= Radiance, Radiance
time= 1/12/08 9:49:29 AM, 1/12/08 10:22:21 AM
longitude= , 
latitude= , 
gpstime= , 
comm= 
memory slot= 0, 0
factors= 
data= 
346.4 468.20 197.47 42.18
347.9 473.76 185.11 39.07
349.5 521.04 199.68 38.32
351.1 558.48 187.20 33.52
352.6 585.06 199.24 34.05
354.2 625.05 206.17 32.98
355.7 673.50 215.52 32.00
357.3 724.71 225.39 31.10
358.8 751.43 230.67 30.70
360.4 798.47 239.19 29.96
361.9 821.87 229.85 27.97
363.5 851.78 231.99 27.24
365.1 887.68 232.32 26.17
366.6 918.37 252.03 27.44
368.2 973.68 241.74 24.83
369.7 1008.89 248.14 24.60
371.3 1073.36 250.23 23.31
372.8 1148.72 249.00 21.68
374.4 1191.49 256.99 21.57
375.9 1247.87 261.49 20.95
377.4 1278.23 256.95 20.10
379.0 1330.29 260.97 19.62
380.5 1360.26 252.36 18.55
382.1 1412.49 260.04 18.41
383.6 1460.03 260.82 17.86
385.2 1529.00 250.25 16.37
386.7 1608.26 254.51 15.82
388.3 1679.42 274.47 16.34
389.8 1759.55 269.01 15.29
391.3 1843.67 292.43 15.86
392.9 1897.62 298.73 15.74
394.4 1955.58 308.62 15.78
395.9 2019.02 342.26 16.95
397.5 2131.80 355.30 16.67
399.0 2240.25 346.08 15.45
400.6 2303.62 345.26 14.99
402.1 2342.64 335.40 14.32
403.6 2375.92 338.05 14.23
405.1 2451.81 331.33 13.51
406.7 2542.40 347.20 13.66
408.2 2650.73 367.54 13.87
409.7 2746.24 374.08 13.62
411.3 2843.51 390.15 13.72
412.8 2936.43 407.64 13.88
414.3 3034.90 420.97 13.87
415.8 3152.50 432.50 13.72
417.4 3253.58 452.87 13.92
418.9 3339.60 465.52 13.94
420.4 3424.70 483.55 14.12
421.9 3487.22 481.58 13.81
423.5 3546.87 485.68 13.69
425.0 3613.98 485.46 13.43
426.5 3695.85 490.20 13.26
428.0 3801.23 498.76 13.12
429.5 3926.30 499.68 12.73
431.1 4071.24 512.78 12.60
432.6 4225.66 524.84 12.42
434.1 4373.60 548.63 12.54
435.6 4514.36 555.35 12.30
437.1 4642.95 575.25 12.39
438.6 4769.06 589.50 12.36
440.1 4906.69 614.58 12.53
441.6 5042.30 632.79 12.55
443.1 5179.95 654.08 12.63
444.7 5318.34 684.32 12.87
446.2 5433.01 713.60 13.13
447.7 5551.25 742.18 13.37
449.2 5676.48 775.44 13.66
450.7 5788.64 782.08 13.51
452.2 5916.62 811.55 13.72
453.7 6028.91 843.71 13.99
455.2 6201.73 865.19 13.95
456.7 6390.56 899.36 14.07
458.2 6607.30 929.67 14.07
459.7 6823.25 959.00 14.05
461.2 7031.76 988.40 14.06
462.7 7219.07 1014.93 14.06
464.2 7396.86 1044.93 14.13
465.7 7583.22 1068.30 14.09
467.2 7742.35 1091.48 14.10
468.7 7912.00 1122.00 14.18
470.2 8015.91 1160.20 14.47
471.7 8177.13 1199.38 14.67
473.2 8446.52 1225.11 14.50
474.6 8688.33 1255.58 14.45
476.1 8747.12 1252.92 14.32
477.6 8779.39 1264.55 14.40
479.1 8829.54 1282.97 14.53
480.6 8916.06 1297.77 14.56
482.1 9046.91 1325.40 14.65
483.6 9204.08 1351.67 14.69
485.1 9394.00 1383.94 14.73
486.6 9626.34 1433.33 14.89
488.0 9867.00 1486.88 15.07
489.5 10130.90 1548.79 15.29
491.0 10387.73 1609.28 15.49
492.5 10649.88 1684.80 15.82
494.0 10928.34 1777.25 16.26
495.4 11158.95 1866.15 16.72
496.9 11406.10 1968.93 17.26
498.4 11649.48 2075.01 17.81
499.9 11878.23 2198.40 18.51
501.4 12101.58 2336.56 19.31
502.8 12308.24 2486.82 20.20
504.3 12497.40 2644.20 21.16
505.8 12681.02 2814.35 22.19
507.2 12808.72 2991.10 23.35
508.7 12896.48 3174.23 24.61
510.2 12964.78 3358.38 25.90
511.6 13008.39 3553.23 27.31
513.1 13093.74 3773.66 28.82
514.6 13195.49 4003.97 30.34
516.0 13281.41 4237.00 31.90
517.5 13429.99 4498.00 33.49
519.0 13603.01 4786.71 35.19
520.5 13772.72 5065.96 36.78
521.9 13993.28 5379.30 38.44
523.4 14243.35 5689.37 39.94
524.8 14493.24 6002.40 41.42
526.3 14778.04 6324.60 42.80
527.8 15074.01 6629.63 43.98
529.2 15339.71 6919.24 45.11
530.7 15629.94 7213.19 46.15
532.1 15903.48 7471.28 46.98
533.6 16214.37 7742.76 47.75
535.0 16534.98 8002.42 48.40
536.5 16856.03 8251.16 48.95
538.0 17178.24 8504.48 49.51
539.4 17501.02 8732.30 49.90
540.9 17879.62 8990.75 50.28
542.3 18237.67 9218.55 50.55
543.8 18504.51 9391.46 50.75
545.2 18600.74 9489.49 51.02
546.6 18637.00 9566.18 51.33
548.1 18690.38 9641.20 51.58
549.5 18745.60 9699.55 51.74
551.0 18790.92 9751.11 51.89
552.4 18868.34 9806.87 51.98
553.9 18922.09 9836.05 51.98
555.3 18999.63 9859.59 51.89
556.8 19143.87 9902.65 51.73
558.2 19276.31 9922.50 51.48
559.6 19441.66 9962.92 51.25
561.1 19660.88 10000.25 50.86
562.5 19883.82 10039.66 50.49
564.0 20177.05 10101.21 50.06
565.4 20444.07 10131.62 49.56
566.8 20774.24 10176.74 48.99
568.3 21077.79 10189.80 48.34
569.7 21403.31 10194.47 47.63
571.1 21706.83 10179.27 46.89
572.6 22010.94 10165.50 46.18
574.0 22299.75 10137.60 45.46
575.4 22570.31 10106.44 44.78
576.9 22820.49 10076.22 44.15
578.3 23040.88 10026.09 43.51
579.7 23243.15 9998.45 43.02
581.1 23410.31 9950.44 42.50
582.6 23592.46 9908.23 42.00
584.0 23735.52 9864.36 41.56
585.4 23971.18 9850.14 41.09
586.8 24286.87 9883.85 40.70
588.3 24642.54 9930.96 40.30
589.7 24935.04 9956.70 39.93
591.1 25126.37 9952.25 39.61
592.5 25213.30 9912.01 39.31
594.0 25248.06 9867.90 39.08
595.4 25246.58 9803.46 38.83
596.8 25248.80 9764.04 38.67
598.2 25256.70 9710.22 38.45
599.6 25254.00 9656.55 38.24
601.0 25321.45 9630.63 38.03
602.4 25392.58 9592.58 37.78
603.9 25508.50 9572.16 37.53
605.3 25652.08 9536.41 37.18
606.7 25770.60 9478.80 36.78
608.1 26003.60 9458.24 36.37
609.5 26249.20 9427.31 35.91
610.9 26543.12 9401.81 35.42
612.3 26820.62 9369.04 34.93
613.7 27191.20 9359.48 34.42
615.1 27470.34 9297.18 33.84
616.5 27748.85 9251.22 33.34
617.9 28163.94 9259.25 32.88
619.3 28559.37 9286.53 32.52
620.7 29021.55 9339.55 32.18
622.1 29524.34 9371.51 31.74
623.5 30070.32 9360.71 31.13
624.9 30686.25 9393.30 30.61
626.3 31117.56 9392.71 30.18
627.7 30854.43 9237.47 29.94
629.1 30617.27 9123.14 29.80
630.5 30534.25 9083.24 29.75
631.9 30583.88 9112.78 29.80
633.3 30636.73 9108.62 29.73
634.7 30802.72 9124.91 29.62
636.1 30887.16 9061.20 29.34
637.5 30991.21 8967.92 28.94
638.9 31137.59 8864.35 28.47
640.2 31275.86 8722.35 27.89
641.6 31334.94 8569.08 27.35
643.0 31307.82 8402.26 26.84
644.4 31297.86 8210.06 26.23
645.8 31223.60 8003.94 25.63
647.2 31327.01 7837.31 25.02
648.5 31378.61 7673.18 24.45
649.9 31215.99 7498.53 24.02
651.3 31061.55 7346.55 23.65
652.7 30880.50 7198.65 23.31
654.1 30705.72 6951.96 22.64
655.5 30448.41 6695.22 21.99
656.8 30219.54 6439.90 21.31
658.2 30347.48 6262.88 20.64
659.6 30667.01 6124.28 19.97
660.9 30915.41 5959.31 19.28
662.3 31175.28 5805.04 18.62
663.7 31418.10 5638.50 17.95
665.0 31622.76 5470.73 17.30
666.4 31821.65 5329.77 16.75
667.8 32088.83 5219.70 16.27
669.1 32304.87 5118.64 15.84
670.5 32567.66 5065.40 15.55
671.9 32723.64 5020.44 15.34
673.2 32957.22 5008.21 15.20
674.6 33165.65 5038.86 15.19
676.0 33416.99 5096.28 15.25
677.3 33670.84 5199.79 15.44
678.7 33959.63 5331.63 15.70
680.0 34360.72 5553.23 16.16
681.4 34770.40 5858.64 16.85
682.8 35166.95 6233.50 17.73
684.1 35575.02 6734.52 18.93
685.5 35948.61 7361.26 20.48
686.8 36307.14 8130.30 22.39
688.2 36654.12 9019.01 24.61
689.5 36792.82 10016.48 27.22
690.9 36894.22 11148.86 30.22
692.2 37000.50 12390.45 33.49
693.6 37086.31 13723.55 37.00
694.9 37102.94 15073.79 40.63
696.2 37172.03 16479.79 44.33
697.6 37238.58 17911.30 48.10
698.9 37321.68 19345.92 51.84
700.3 37412.04 20788.62 55.57
701.6 37521.51 22165.91 59.08
703.0 37648.39 23499.50 62.42
704.3 37727.46 24738.19 65.57
705.6 37779.39 25907.94 68.58
707.0 37853.11 27022.64 71.39
708.3 37804.36 28000.49 74.07
709.6 37779.31 28910.14 76.52
711.0 37700.05 29714.98 78.82
712.3 37603.29 30473.49 81.04
713.6 37599.66 31246.32 83.10
714.9 37564.50 31938.71 85.02
716.3 37606.65 32644.41 86.80
717.6 37655.10 33335.75 88.53
718.9 37643.31 33892.56 90.04
720.2 37519.65 34304.97 91.43
721.6 37437.79 34698.95 92.68
722.9 37295.06 35043.35 93.96
724.2 37099.21 35265.67 95.06
725.5 36957.59 35527.08 96.13
726.8 36833.83 35734.82 97.02
728.1 36764.75 35953.47 97.79
729.5 36694.32 36144.08 98.50
730.8 36660.60 36321.15 99.07
732.1 36590.42 36452.21 99.62
733.4 36549.03 36565.17 100.04
734.7 36509.02 36677.39 100.46
736.0 36510.50 36822.31 100.85
737.3 36452.29 36923.55 101.29
738.6 36538.42 37142.41 101.65
739.9 36706.85 37458.06 102.05
741.2 36841.35 37682.19 102.28
742.5 37078.82 38056.19 102.64
743.8 37494.19 38617.43 103.00
745.1 38118.44 39392.88 103.34
746.4 38876.11 40252.03 103.54
747.7 39639.96 41111.71 103.71
749.0 40400.48 41936.27 103.80
750.3 40850.46 42405.86 103.81
751.6 40764.46 42353.55 103.90
752.9 40356.61 41976.83 104.01
754.2 39863.99 41550.08 104.23
755.4 39350.05 41093.76 104.43
756.7 39155.03 40973.84 104.65
758.0 39142.09 41055.92 104.89
759.3 39351.46 41373.87 105.14
760.6 39645.76 41795.60 105.42
761.9 39928.94 42182.89 105.64
763.1 40078.15 42411.54 105.82
764.4 40287.45 42686.12 105.95
765.7 40433.25 42896.75 106.09
767.0 40515.07 43054.69 106.27
768.2 40595.52 43196.16 106.41
769.5 40644.33 43292.89 106.52
770.8 40787.04 43513.84 106.69
772.0 40799.41 43578.69 106.81
773.3 40833.29 43683.22 106.98
774.6 40907.98 43834.96 107.16
775.8 40955.53 43934.31 107.27
777.1 40964.33 44002.53 107.42
778.4 40867.87 43934.80 107.50
779.6 40816.98 43937.40 107.64
780.9 40688.00 43904.00 107.90
782.1 40484.72 43783.45 108.15
783.4 40464.32 43784.00 108.20
784.6 40463.12 43840.04 108.35
785.9 40670.74 44198.60 108.67
787.1 41171.80 44843.65 108.92
788.4 41528.97 45293.58 109.07
789.6 41482.13 45177.67 108.91
790.9 41134.16 44712.13 108.70
792.1 40655.28 44256.72 108.86
793.4 40180.32 43798.66 109.01
794.6 39846.60 43482.72 109.13
795.8 39587.54 43239.92 109.23
797.1 39290.10 42972.98 109.37
798.3 39054.26 42802.24 109.60
799.5 38943.25 42705.97 109.66
800.8 38778.22 42577.44 109.80
802.0 38618.88 42478.96 110.00
803.2 38465.20 42316.24 110.01
804.5 38332.71 42208.49 110.11
805.7 38219.65 42090.91 110.13
806.9 38073.35 41964.85 110.22
808.1 37984.05 41875.32 110.24
809.4 37906.28 41853.90 110.41
810.6 37824.15 41782.65 110.47
811.8 37796.29 41778.93 110.54
813.0 37827.58 41799.24 110.50
814.2 37840.50 41871.73 110.65
815.4 37955.24 41973.31 110.59
816.6 38027.91 42031.10 110.53
817.9 38102.35 42073.92 110.42
819.1 38072.96 41963.08 110.22
820.3 37949.69 41808.98 110.17
821.5 37894.61 41681.75 109.99
822.7 37866.54 41614.47 109.90
823.9 37906.28 41600.32 109.75
825.1 37943.15 41537.05 109.47
826.3 38020.73 41518.45 109.20
827.5 38108.05 41518.68 108.95
828.7 38176.32 41505.12 108.72
829.9 38262.68 41481.72 108.41
831.0 38386.63 41525.02 108.18
832.2 38533.16 41584.01 107.92
833.4 38634.36 41602.66 107.68
834.6 38746.88 41662.50 107.52
835.8 38872.58 41731.20 107.35
837.0 39026.76 41834.81 107.20
838.1 39200.00 42003.78 107.15
839.3 39334.99 42071.93 106.96
840.5 39499.16 42205.73 106.85
841.7 39675.29 42402.56 106.87
842.9 39834.34 42583.64 106.90
844.0 40002.80 42693.71 106.73
845.2 40188.33 42864.40 106.66
846.4 40315.24 43001.49 106.66
847.5 40575.08 43240.16 106.57
848.7 40794.29 43434.51 106.47
849.9 41043.27 43609.19 106.25
851.0 41176.72 43645.46 106.00
852.2 41283.01 43697.91 105.85
853.3 41336.03 43671.43 105.65
854.5 41385.60 43690.79 105.57
855.6 41408.01 43675.29 105.48
856.8 41491.09 43703.30 105.33
857.9 41535.42 43706.33 105.23
859.1 41657.80 43815.40 105.18
860.2 41711.76 43821.84 105.06
861.4 41789.90 43846.61 104.92
862.5 41857.52 43930.37 104.95
863.7 41978.22 43990.61 104.79
864.8 42001.40 44009.70 104.78
865.9 42003.19 43986.95 104.72
867.1 42077.89 43967.80 104.49
868.2 42118.25 43946.75 104.34
869.3 42153.63 43917.38 104.18
870.5 42092.46 43851.98 104.18
871.6 42122.53 43857.07 104.12
872.7 42223.14 43910.30 104.00
873.9 42262.83 43877.97 103.82
875.0 42247.20 43772.29 103.61
876.1 42225.11 43788.71 103.70
877.2 42279.84 43752.35 103.48
878.3 42302.12 43656.17 103.20
879.4 42284.06 43664.03 103.26
880.5 42343.92 43635.60 103.05
881.7 42326.05 43568.20 102.93
882.8 42351.34 43540.21 102.81
883.9 42430.09 43516.02 102.56
885.0 42357.32 43413.14 102.49
886.1 42357.47 43305.90 102.24
887.2 42241.92 43104.00 102.04
888.3 42147.85 42885.23 101.75
889.4 42045.32 42738.13 101.65
890.5 41945.29 42584.65 101.52
891.6 41864.40 42495.98 101.51
892.7 41844.69 42387.54 101.30
893.8 41881.85 42390.61 101.21
894.9 41879.31 42354.07 101.13
896.0 41812.69 42253.21 101.05
897.0 41850.92 42201.76 100.84
898.1 41821.61 42174.54 100.84
899.2 41852.54 42095.38 100.58
900.3 41747.94 41973.30 100.54
901.4 41622.41 41810.96 100.45
902.4 41658.53 41800.58 100.34
903.5 41604.82 41680.88 100.18
904.6 41550.72 41627.10 100.18
905.7 41565.54 41565.54 100.00
906.7 41536.49 41507.58 99.93
907.8 41558.34 41461.49 99.77
908.9 41493.73 41289.66 99.51
909.9 41451.58 41178.23 99.34
911.0 41358.23 41073.81 99.31
912.1 41297.17 40933.27 99.12
913.1 41189.72 40774.76 98.99
914.2 41099.85 40593.55 98.77
915.2 41068.89 40489.47 98.59
916.3 41034.15 40370.85 98.38
917.3 40975.74 40238.26 98.20
918.4 40862.80 40048.80 98.01
919.4 40836.29 39862.78 97.62
920.5 40782.84 39708.52 97.37
921.5 40833.45 39623.57 97.04
922.6 40729.18 39423.15 96.79
923.6 40739.49 39302.75 96.47
924.7 40774.75 39194.50 96.12
925.7 40746.72 39009.12 95.74
926.7 40808.40 38866.71 95.24
927.8 40839.01 38722.26 94.82
928.8 40966.59 38616.69 94.26
929.9 41048.46 38561.36 93.94
930.9 41217.18 38465.56 93.32
931.9 41378.61 38495.49 93.03
932.9 41679.25 38596.64 92.60
934.0 41702.58 38374.81 92.02
935.0 41757.18 38246.00 91.59
936.0 41670.71 37975.07 91.13
937.0 41632.50 37754.73 90.69
938.1 41580.55 37531.19 90.26
939.1 41508.45 37266.27 89.78
940.1 41591.64 37172.68 89.38
941.1 41779.29 37104.34 88.81
942.1 41991.60 37080.08 88.30
943.1 42156.63 37032.90 87.85
944.1 42391.18 36991.03 87.26
945.2 42445.20 36820.56 86.75
946.2 42493.04 36622.38 86.18
947.2 42572.63 36460.25 85.64
948.2 42750.54 36373.31 85.08
949.2 42846.38 36119.69 84.30
950.2 42880.60 35939.90 83.81
951.2 42968.52 35685.72 83.05
952.2 43001.40 35505.21 82.57
953.2 43164.71 35386.49 81.98
954.2 43310.48 35275.50 81.45
955.2 43368.34 35041.86 80.80
956.2 43301.73 34785.41 80.33
957.2 43392.87 34675.98 79.91
958.2 43492.10 34571.90 79.49
959.2 43506.45 34498.80 79.30
960.1 43588.22 34448.48 79.03
961.1 43692.83 34292.78 78.49
962.1 43658.44 34289.06 78.54
963.1 43782.00 34295.90 78.33
964.1 43817.42 34217.18 78.09
965.1 43908.74 34259.95 78.03
966.1 44007.38 34289.17 77.92
967.0 44141.86 34411.23 77.96
968.0 44131.86 34361.74 77.86
969.0 44255.20 34304.20 77.51
970.0 44255.36 34322.74 77.56
971.0 44316.83 34337.00 77.48
971.9 44400.90 34410.70 77.50
972.9 44577.14 34397.91 77.16
973.9 44494.78 34430.18 77.38
974.9 44573.29 34473.60 77.34
975.8 44702.44 34371.21 76.89
976.8 44666.28 34467.13 77.17
977.8 44950.93 34629.10 77.04
978.8 44877.90 34594.80 77.09
979.7 45104.10 34763.16 77.07
980.7 45212.81 34754.61 76.87
981.7 45433.99 34825.48 76.65
982.6 45657.51 35335.36 77.39
983.6 46147.45 35642.34 77.24
984.6 46551.05 36105.75 77.56
985.5 47031.84 36374.04 77.34
986.5 47664.14 37230.20 78.11
987.5 48852.12 37945.17 77.67
988.4 49722.20 38732.10 77.90
989.4 51183.38 39948.00 78.05
990.4 52549.20 40287.72 76.67
991.3 54023.93 41583.09 76.97
992.3 54777.10 42256.62 77.14
993.2 55874.36 43757.03 78.31
994.2 57686.85 45036.23 78.07
995.2 57633.14 46162.46 80.10
996.1 59292.71 46456.14 78.35
997.1 59931.56 47228.68 78.80
998.0 60640.20 47621.40 78.53
999.0 59258.53 46250.56 78.05
1000.0 60377.42 45751.83 75.78
1000.9 59810.48 45644.84 76.32
1001.9 59598.95 46219.59 77.55
1002.8 60212.52 45995.68 76.39
1003.8 59788.51 45386.90 75.91
1004.8 59326.80 46548.72 78.46
961.5 55398.21 40219.30 72.60
965.5 54418.85 40430.30 74.29
969.5 52458.23 40084.79 76.41
973.4 50487.36 39037.55 77.32
977.4 48611.32 37802.24 77.76
981.4 47578.80 36961.09 77.68
985.3 47203.20 36503.81 77.33
989.3 47137.31 36382.21 77.18
993.3 47133.16 36472.28 77.38
997.2 47029.21 36602.68 77.83
1001.2 46955.35 36813.27 78.40
1005.2 46914.32 37168.29 79.23
1009.1 47038.13 37648.15 80.04
1013.1 47236.75 38199.21 80.87
1017.1 47375.30 38755.82 81.81
1021.0 47429.61 39181.72 82.61
1025.0 47461.87 39609.30 83.45
1029.0 47354.18 39924.80 84.31
1032.9 47271.77 40268.15 85.18
1036.9 47308.70 40733.54 86.10
1040.9 47476.08 41271.33 86.93
1044.8 47747.63 41849.72 87.65
1048.8 47970.59 42380.74 88.35
1052.7 48104.60 42828.24 89.03
1056.7 48183.46 43119.01 89.49
1060.7 48250.82 43336.25 89.81
1064.6 48272.17 43497.64 90.11
1068.6 48190.54 43516.66 90.30
1072.5 48116.11 43481.38 90.37
1076.5 48076.67 43400.53 90.27
1080.4 48048.88 43264.33 90.04
1084.4 48150.59 43175.66 89.67
1088.3 48279.53 43046.02 89.16
1092.3 48252.92 42746.54 88.59
1096.2 48221.83 42433.88 88.00
1100.2 48245.69 42143.62 87.35
1104.1 48124.97 41734.24 86.72
1108.1 48059.38 41365.83 86.07
1112.0 47955.87 40895.06 85.28
1116.0 47754.46 40288.37 84.37
1119.9 47569.76 39627.16 83.30
1123.9 47623.80 39014.81 81.92
1127.8 47592.96 38096.64 80.05
1131.8 47556.42 36915.09 77.62
1135.7 47568.82 35574.09 74.78
1139.6 47554.30 34119.00 71.75
1143.6 47510.71 32732.62 68.90
1147.5 47481.98 31560.98 66.47
1151.4 47337.52 30586.06 64.61
1155.4 47322.86 29995.74 63.39
1159.3 47329.81 29607.95 62.56
1163.2 47159.49 29233.07 61.99
1167.2 47113.86 29052.78 61.67
1171.1 47117.13 28928.01 61.40
1175.0 47022.16 28767.85 61.18
1179.0 46962.63 28646.16 61.00
1182.9 47045.30 28580.26 60.75
1186.8 47019.62 28458.51 60.52
1190.7 46784.64 28237.87 60.36
1194.7 46508.35 28035.05 60.28
1198.6 46264.68 27893.25 60.29
1202.5 46100.54 27818.52 60.34
1206.4 45962.62 27782.48 60.45
1210.3 45829.98 27777.09 60.61
1214.2 45707.13 27796.10 60.81
1218.2 45554.16 27816.70 61.06
1222.1 45384.95 27866.98 61.40
1226.0 45257.55 27921.03 61.69
1229.9 45156.00 27968.10 61.94
1233.8 45033.17 28022.45 62.23
1237.7 44950.68 28073.34 62.45
1241.6 44841.64 28102.63 62.67
1245.5 44683.61 28098.32 62.88
1249.4 44538.65 28066.15 63.02
1253.3 44401.40 28033.30 63.14
1257.2 44324.52 28032.08 63.24
1261.1 44209.48 27999.43 63.33
1265.0 44086.55 27932.87 63.36
1268.9 43910.05 27780.53 63.27
1272.8 43969.80 27747.60 63.11
1276.7 44155.69 27776.96 62.91
1280.6 44249.88 27719.85 62.64
1284.5 44188.89 27524.05 62.29
1288.4 44167.03 27319.24 61.85
1292.3 44060.50 27021.50 61.33
1296.2 43934.23 26659.62 60.68
1300.1 43787.98 26249.76 59.95
1303.9 43564.57 25782.47 59.18
1307.8 43339.22 25267.71 58.30
1311.7 43109.06 24705.19 57.31
1315.6 42877.90 24134.06 56.29
1319.5 42633.84 23513.26 55.15
1323.3 42417.44 22890.15 53.96
1327.2 42218.70 22262.18 52.73
1331.1 42002.86 21617.96 51.47
1335.0 41739.72 20959.50 50.21
1338.8 41543.11 20375.63 49.05
1342.7 41389.31 19844.49 47.95
1346.5 41042.00 19240.35 46.88
1350.4 40741.74 18695.10 45.89
1354.3 40332.24 18099.47 44.88
1358.1 39895.31 17508.94 43.89
1362.0 39644.33 17018.09 42.93
1365.8 39567.12 16593.24 41.94
1369.7 39683.68 16213.40 40.86
1373.5 39615.26 15635.94 39.47
1377.4 39354.79 14828.04 37.68
1381.2 39167.92 13907.30 35.51
1385.1 39160.09 12995.81 33.19
1389.0 39060.88 12066.97 30.89
1392.8 38834.72 11109.35 28.61
1396.6 38680.88 10227.62 26.44
1400.5 38476.57 9462.71 24.59
1404.3 38299.58 8844.22 23.09
1408.2 38263.03 8377.97 21.90
1412.0 38218.70 8004.21 20.94
1415.8 38249.29 7736.27 20.23
1419.6 38208.11 7501.02 19.63
1423.5 38172.20 7335.83 19.22
1427.3 38125.77 7215.07 18.92
1431.1 38099.78 7112.18 18.67
1434.9 38010.73 7026.57 18.49
1438.8 37949.80 6977.41 18.39
1442.6 37913.52 6947.08 18.32
1446.4 37795.09 6901.17 18.26
1450.2 37700.99 6873.32 18.23
1454.0 37583.52 6858.24 18.25
1457.8 37547.69 6875.83 18.31
1461.6 37527.24 6908.42 18.41
1465.4 37404.28 6947.13 18.57
1469.2 37216.73 6993.35 18.79
1473.0 37080.95 7063.25 19.05
1476.8 37019.78 7177.98 19.39
1480.7 36949.43 7317.87 19.81
1484.4 36826.56 7457.88 20.25
1488.2 36723.96 7622.04 20.75
1492.0 36584.11 7783.90 21.28
1495.8 36452.33 7951.13 21.81
1499.6 36350.05 8092.73 22.26
1503.4 36216.75 8122.40 22.43
1507.2 36087.28 8093.28 22.43
1510.9 35929.91 8170.04 22.74
1514.7 35749.31 8350.75 23.36
1518.5 35615.65 8528.72 23.95
1522.3 35466.30 8668.17 24.44
1526.0 35355.47 8795.41 24.88
1529.8 35294.61 8933.87 25.31
1533.6 35159.29 9060.49 25.77
1537.3 35020.99 9179.02 26.21
1541.1 34889.16 9287.60 26.62
1544.8 34754.40 9393.60 27.03
1548.6 34607.98 9515.03 27.49
1552.4 34514.76 9639.00 27.93
1556.1 34455.77 9731.58 28.24
1559.9 34373.05 9815.40 28.56
1563.6 34243.93 9911.96 28.95
1567.3 34122.03 10021.27 29.37
1571.1 33904.82 10101.24 29.79
1574.8 33749.79 10197.26 30.21
1578.6 33637.37 10285.12 30.58
1582.3 33496.17 10339.59 30.87
1586.0 33359.51 10381.87 31.12
1589.8 33217.24 10417.98 31.36
1593.5 33051.52 10455.91 31.64
1597.2 32917.71 10499.57 31.90
1600.9 32767.31 10544.36 32.18
1604.7 32613.52 10582.81 32.45
1608.4 32493.03 10624.90 32.70
1612.1 32320.35 10645.29 32.94
1615.8 32161.00 10668.20 33.17
1619.5 32072.28 10722.09 33.43
1623.2 31915.49 10742.30 33.66
1626.9 31725.78 10748.84 33.88
1630.6 31537.44 10747.22 34.08
1634.3 31397.73 10752.85 34.25
1638.0 31241.74 10745.83 34.40
1641.7 31050.65 10722.53 34.53
1645.4 30870.63 10682.03 34.60
1649.1 30683.95 10631.17 34.65
1652.8 30504.58 10592.06 34.72
1656.4 30322.32 10534.78 34.74
1660.1 30158.02 10477.83 34.74
1663.8 29966.42 10414.10 34.75
1667.5 29809.99 10360.75 34.76
1671.1 29676.54 10308.77 34.74
1674.8 29472.79 10230.21 34.71
1678.5 29413.48 10182.31 34.62
1682.1 29419.35 10143.55 34.48
1685.8 29417.21 10108.49 34.36
1689.5 29310.65 10035.66 34.24
1693.1 29167.59 9937.41 34.07
1696.8 29020.13 9837.25 33.90
1700.4 28874.60 9723.32 33.67
1704.0 28754.23 9615.84 33.44
1707.7 28493.62 9456.48 33.19
1711.3 28200.13 9272.00 32.88
1715.0 27991.44 9126.45 32.60
1718.6 27822.35 8996.98 32.34
1722.2 27677.55 8871.07 32.05
1725.9 27527.50 8735.06 31.73
1729.5 27386.37 8623.15 31.49
1733.1 27262.24 8545.24 31.34
1736.7 27144.69 8480.47 31.24
1740.3 26982.07 8399.27 31.13
1744.0 26899.89 8316.52 30.92
1747.5 26760.07 8193.96 30.62
1751.2 26551.35 8048.54 30.31
1754.8 26397.18 7930.13 30.04
1758.4 26262.14 7809.98 29.74
1762.0 26085.49 7692.58 29.49
1765.5 25956.49 7599.41 29.28
1769.1 25915.20 7540.80 29.10
1772.7 25841.75 7493.00 29.00
1776.3 25724.16 7424.93 28.86
1779.9 25608.69 7356.00 28.72
1783.5 25553.92 7306.08 28.59
1787.0 25434.82 7249.60 28.50
1790.6 25293.30 7191.50 28.43
1794.2 25193.03 7156.02 28.40
1797.8 25095.48 7125.78 28.39
1801.3 25012.46 7097.46 28.38
1804.9 24871.88 7053.38 28.36
1808.4 24792.34 7032.82 28.37
1812.0 24660.35 6985.70 28.33
1815.5 24519.60 6944.44 28.32
1819.1 24324.68 6886.17 28.31
1822.6 24164.48 6834.05 28.28
1826.2 24042.90 6785.10 28.22
1829.7 23859.90 6712.47 28.13
1833.2 23612.46 6627.79 28.07
1836.8 23400.20 6545.18 27.97
1840.3 23257.80 6484.59 27.88
1843.8 23131.92 6431.25 27.80
1847.3 23013.03 6400.66 27.81
1850.8 22865.47 6358.46 27.81
1854.3 22692.74 6266.18 27.61
1857.8 22594.00 6151.60 27.23
1861.3 22615.25 5936.06 26.25
1864.8 22605.64 5602.88 24.79
1868.3 22468.36 5200.26 23.14
1871.8 22341.12 4784.64 21.42
1875.3 22323.21 4424.42 19.82
1878.8 22320.32 4075.82 18.26
1882.3 22237.89 3767.67 16.94
1885.8 22045.10 3477.42 15.77
1889.3 21861.76 3202.94 14.65
1892.7 21710.01 3001.51 13.83
1896.2 21503.16 2913.39 13.55
1899.7 21232.37 2905.25 13.68
1903.1 21059.81 2923.54 13.88
1906.6 21101.81 3097.07 14.68
1910.0 21348.35 3398.22 15.92
1913.5 21771.66 3702.85 17.01
1917.0 22339.63 4357.15 19.50
1920.4 22881.38 4992.30 21.82
1923.8 23136.14 5418.30 23.42
1871.2 20260.60 4246.71 20.96
1873.9 20445.79 4037.61 19.75
1876.7 20658.97 3844.23 18.61
1879.5 20770.50 3603.63 17.35
1882.3 20488.21 3401.17 16.60
1885.1 20498.36 3223.88 15.73
1887.8 20542.45 2993.54 14.57
1890.6 20318.11 2861.38 14.08
1893.4 20320.67 2720.67 13.39
1896.2 20203.65 2633.76 13.04
1898.9 20201.38 2691.38 13.32
1901.7 20074.51 2645.25 13.18
1904.5 20223.67 2502.17 12.37
1907.2 20168.50 2422.50 12.01
1910.0 20030.00 2343.25 11.70
1912.7 20048.69 2257.88 11.26
1915.5 19979.54 2201.55 11.02
1918.2 19877.64 2154.16 10.84
1921.0 19705.09 2107.70 10.70
1923.7 19733.20 2107.72 10.68
1926.5 19715.86 2100.55 10.65
1929.2 19701.76 2065.09 10.48
1932.0 19674.16 2079.28 10.57
1934.7 19635.47 2101.12 10.70
1937.4 19518.79 2065.71 10.58
1940.2 19475.71 2059.13 10.57
1942.9 19573.26 2104.10 10.75
1945.6 19572.62 2101.92 10.74
1948.3 19494.00 2108.84 10.82
1951.1 19465.67 2125.06 10.92
1953.8 19476.00 2139.00 10.98
1956.5 19368.67 2156.40 11.13
1959.2 19423.04 2173.73 11.19
1961.9 19438.54 2187.32 11.25
1964.6 19331.55 2195.55 11.36
1967.3 19375.30 2239.83 11.56
1970.0 19228.16 2252.56 11.71
1972.8 19159.08 2279.79 11.90
1975.5 19219.42 2303.29 11.98
1978.2 19120.16 2315.56 12.11
1980.9 19002.89 2326.17 12.24
1983.5 18950.70 2329.58 12.29
1986.2 18944.10 2339.64 12.35
1988.9 18909.18 2371.65 12.54
1991.6 18787.78 2404.23 12.80
1994.3 18678.85 2397.32 12.83
1997.0 18669.58 2442.18 13.08
1999.7 18631.37 2475.38 13.29
2002.3 18617.79 2488.32 13.37
2005.0 18540.12 2522.84 13.61
2007.7 18469.93 2534.13 13.72
2010.4 18400.48 2549.52 13.86
2013.0 18316.11 2577.57 14.07
2015.7 18226.45 2585.92 14.19
2018.4 18129.14 2589.88 14.29
2021.0 18062.50 2598.17 14.38
2023.7 17946.51 2606.19 14.52
2026.4 17902.73 2616.68 14.62
2029.0 17806.29 2648.59 14.87
2031.7 17677.40 2664.57 15.07
2034.3 17722.47 2670.20 15.07
2037.0 17610.64 2682.70 15.23
2039.6 17527.07 2695.17 15.38
2042.3 17481.88 2701.62 15.45
2044.9 17393.81 2701.22 15.53
2047.5 17348.93 2726.46 15.72
2050.2 17253.60 2730.00 15.82
2052.8 17214.40 2730.00 15.86
2055.4 17090.17 2742.83 16.05
2058.1 16973.60 2749.60 16.20
2060.7 16918.14 2772.64 16.39
2063.3 16842.61 2764.37 16.41
2065.9 16794.67 2752.58 16.39
2068.6 16710.92 2774.92 16.61
2071.2 16664.67 2790.00 16.74
2073.8 16591.32 2778.75 16.75
2076.4 16536.88 2798.25 16.92
2079.0 16525.61 2826.86 17.11
2081.6 16519.89 2830.21 17.13
2084.2 16487.00 2866.81 17.39
2086.8 16353.42 2867.93 17.54
2089.4 16268.28 2850.85 17.52
2092.1 16209.50 2858.83 17.64
2094.7 16113.80 2867.38 17.79
2097.2 16087.67 2904.17 18.05
2099.8 16089.36 2912.14 18.10
2102.4 15953.94 2888.83 18.11
2105.0 15826.05 2884.20 18.22
2107.6 15774.07 2922.39 18.53
2110.2 15742.83 2921.23 18.56
2112.8 15734.02 2906.28 18.47
2115.3 15735.22 2947.29 18.73
2117.9 15738.64 2948.09 18.73
2120.5 15682.70 2955.81 18.85
2123.1 15604.88 2986.43 19.14
2125.6 15567.02 2981.04 19.15
2128.2 15487.92 2953.01 19.07
2130.8 15394.28 2980.58 19.36
2133.3 15347.20 3018.40 19.67
2135.9 15264.31 2988.73 19.58
2138.4 15119.35 2958.45 19.57
2141.0 15032.51 2955.96 19.66
2143.6 14998.41 2981.51 19.88
2146.1 14847.40 2979.47 20.07
2148.7 14686.27 2927.86 19.94
2151.2 14704.80 2924.53 19.89
2153.8 14713.72 2972.77 20.20
2156.3 14589.47 2962.19 20.30
2158.8 14533.35 2956.29 20.34
2161.4 14517.59 2960.13 20.39
2163.9 14426.20 2930.64 20.31
2166.4 14354.62 2921.19 20.35
2169.0 14310.27 2930.06 20.48
2171.5 14227.48 2909.36 20.45
2174.0 14143.15 2882.78 20.38
2176.5 14124.76 2897.31 20.51
2179.1 14082.55 2888.19 20.51
2181.6 13967.33 2837.88 20.32
2184.1 13937.00 2827.44 20.29
2186.6 13993.83 2871.58 20.52
2189.1 13896.09 2860.11 20.58
2191.6 13840.87 2842.00 20.53
2194.1 13877.92 2849.99 20.54
2196.6 13844.81 2832.82 20.46
2199.2 13897.52 2846.48 20.48
2201.7 13871.80 2865.33 20.66
2204.1 13802.39 2862.37 20.74
2206.6 13786.08 2868.37 20.81
2209.1 13743.34 2872.82 20.90
2211.6 13738.26 2866.42 20.86
2214.1 13693.60 2847.45 20.79
2216.6 13643.61 2844.95 20.85
2219.1 13655.01 2822.16 20.67
2221.6 13597.41 2816.93 20.72
2224.0 13563.60 2796.54 20.62
2226.5 13534.39 2785.26 20.58
2229.0 13551.73 2786.48 20.56
2231.5 13416.49 2715.47 20.24
2233.9 13376.81 2693.83 20.14
2236.4 13409.64 2702.00 20.15
2238.9 13341.63 2693.13 20.19
2241.3 13300.17 2662.37 20.02
2243.8 13261.31 2631.27 19.84
2246.2 13153.53 2601.24 19.78
2248.7 13089.53 2583.97 19.74
2251.2 13067.33 2575.03 19.71
2253.6 13017.60 2526.72 19.41
2256.1 12979.20 2492.16 19.20
2258.5 12980.99 2477.88 19.09
2260.9 12912.45 2412.22 18.68
2263.4 12850.74 2398.96 18.67
2265.8 12840.17 2388.78 18.60
2268.3 12768.77 2351.33 18.41
2270.7 12812.36 2345.22 18.30
2273.1 12778.22 2320.18 18.16
2275.6 12710.40 2311.68 18.19
2278.0 12729.12 2271.41 17.84
2280.4 12680.26 2270.52 17.91
2282.8 12544.20 2230.08 17.78
2285.3 12570.98 2196.91 17.48
2287.7 12679.54 2202.42 17.37
2290.1 12579.51 2150.61 17.10
2292.5 12520.09 2131.00 17.02
2294.9 12538.64 2133.90 17.02
2297.3 12458.25 2096.15 16.83
2299.7 12334.59 2041.29 16.55
2302.1 12311.40 2027.02 16.46
2304.5 12214.72 1975.68 16.17
2306.9 12089.28 1905.12 15.76
2309.3 11994.02 1884.72 15.71
2311.7 11939.85 1891.85 15.84
2314.1 11791.37 1890.40 16.03
2316.5 11721.50 1903.02 16.24
2318.9 11765.88 1911.71 16.25
2321.3 11730.50 1885.75 16.08
2323.7 11744.39 1904.82 16.22
2326.1 11719.24 1894.10 16.16
2328.4 11761.55 1859.23 15.81
2330.8 11807.83 1901.85 16.11
2333.2 11712.54 1857.37 15.86
2335.6 11662.03 1805.98 15.49
2337.9 11681.16 1802.88 15.43
2340.3 11629.38 1784.29 15.34
2342.7 11548.22 1764.61 15.28
2345.0 11508.47 1732.64 15.06
2347.4 11492.00 1700.00 14.79
2349.7 11315.65 1661.68 14.68
2352.1 11286.89 1651.01 14.63
2354.4 11296.02 1659.16 14.69
2356.8 11214.70 1636.02 14.59
2359.2 11154.00 1620.67 14.53
2361.5 11109.05 1623.16 14.61
2363.8 11141.66 1642.48 14.74
2366.2 11165.73 1641.76 14.70
2368.5 11089.40 1566.40 14.13
2370.9 11067.03 1561.19 14.11
2373.2 11030.32 1569.34 14.23
2375.5 10914.30 1529.45 14.01
2377.9 10876.18 1486.02 13.66
2380.2 10876.88 1516.53 13.94
2382.5 10821.23 1497.97 13.84
2384.8 10769.44 1456.96 13.53
2387.2 10736.28 1481.51 13.80
2389.5 10704.02 1454.27 13.59
2391.8 10661.73 1430.75 13.42
2394.1 10613.91 1444.30 13.61
2396.4 10610.47 1417.63 13.36
2398.7 10654.34 1403.04 13.17
2401.0 10513.07 1374.71 13.08
2403.3 10428.12 1334.64 12.80
2405.6 10456.51 1354.55 12.95
2407.9 10375.71 1337.67 12.89
2410.2 10317.44 1283.41 12.44
2412.5 10224.31 1305.99 12.77
2414.8 10187.84 1299.16 12.75
2417.1 10204.62 1254.29 12.29
2419.4 10195.97 1260.82 12.37
2421.7 10103.31 1245.83 12.33
2424.0 10048.90 1194.03 11.88
2426.2 10074.05 1209.10 12.00
2428.5 10032.46 1254.73 12.51
2430.8 10006.20 1171.75 11.71
2433.1 9945.94 1117.40 11.23
2435.4 9886.37 1180.55 11.94
2437.6 9830.42 1180.55 12.01
2439.9 9708.34 1083.70 11.16
2442.2 9709.99 1058.03 10.90
2444.4 9752.18 1085.49 11.13
2446.7 9688.56 1074.56 11.09
2448.9 9658.24 1065.90 11.04
2451.2 9631.36 1102.60 11.45
2453.4 9564.32 1066.72 11.15
2455.7 9566.46 1027.80 10.74
2457.9 9468.86 1019.54 10.77
2460.2 9395.46 986.40 10.50
2462.4 9422.40 1017.12 10.79
2464.7 9348.95 1009.33 10.80
2466.9 9251.22 930.90 10.06
2469.2 9249.34 959.29 10.37
2471.4 9151.61 925.67 10.11
2473.6 9078.42 863.66 9.51
2475.9 9042.40 894.08 9.89
2478.1 8956.32 935.94 10.45
2480.3 8952.70 877.17 9.80
2482.5 8971.16 850.65 9.48
2484.8 8832.66 881.08 9.98
2487.0 8762.09 822.14 9.38
2489.2 8850.00 859.37 9.71
2491.4 8753.22 845.35 9.66
2493.6 8669.20 799.51 9.22
2495.8 8662.66 839.34 9.69
2498.0 8674.13 834.99 9.63
2500.2 8694.60 808.80 9.30
2502.4 8942.16 799.20 8.94
2504.6 9089.52 741.81 8.16
2506.8 9176.65 720.88 7.86
