/*** Spectra Vista SIG Data ***/
name= \My Documents\HR1024_Data\RD2S2.
instrument= HR: 1091052
integration= 200, 60, 30, 400, 60, 30
scan time= 1, 1
scan settings= AD, AI, AD, AI
external data set1= 8224, 8224, 8224, 8224, 8224, 8224, 8224, 8224, 8224, 8224, 8224, 8224, 8224, 8224, 8224, 8224
external data set2= 8224, 8224, 8224, 8224, 8224, 8224, 8224, 8224, 8224, 8224, 8224, 8224, 8224, 8224, 8224, 8224
external data dark= 0,0,0,0,0,0,0,0
external data mask= 0
optic= LENS4 , LENS4 
temp= 32.26, 8.88, -5.37, 37.33, 8.88, -5.37
battery= 7.0, 6.9
error= 0, 0
units= Radiance, Radiance
time= 1/15/08 9:53:06 AM, 1/15/08 10:03:08 AM
longitude= , 
latitude= , 
gpstime= , 
comm= 
memory slot= 0, 0
factors= 
data= 
346.4 509.60 154.47 30.31
347.9 549.06 158.44 28.86
349.5 608.40 166.92 27.44
351.1 655.20 162.24 24.76
352.6 708.40 170.78 24.11
354.2 752.68 178.35 23.70
355.7 818.30 190.26 23.25
357.3 873.81 195.91 22.42
358.8 891.23 199.22 22.35
360.4 967.31 205.77 21.27
361.9 1009.93 208.95 20.69
363.5 1059.53 204.29 19.28
365.1 1102.67 221.92 20.13
366.6 1156.59 219.23 18.96
368.2 1218.77 218.24 17.91
369.7 1306.00 226.92 17.38
371.3 1379.56 227.18 16.47
372.8 1457.48 240.70 16.51
374.4 1528.58 238.63 15.61
375.9 1575.56 256.53 16.28
377.4 1632.76 245.56 15.04
379.0 1683.54 245.05 14.56
380.5 1741.87 243.12 13.96
382.1 1805.51 240.83 13.34
383.6 1862.60 256.57 13.77
385.2 1949.75 253.00 12.98
386.7 2036.04 245.03 12.03
388.3 2135.96 263.60 12.34
389.8 2212.47 266.27 12.03
391.3 2314.34 285.46 12.33
392.9 2392.65 287.35 12.01
394.4 2474.90 310.10 12.53
395.9 2552.82 315.57 12.36
397.5 2664.75 327.85 12.30
399.0 2774.82 318.27 11.47
400.6 2852.64 321.21 11.26
402.1 2910.24 321.21 11.04
403.6 2965.71 320.07 10.79
405.1 3036.77 324.47 10.68
406.7 3133.76 325.92 10.40
408.2 3234.33 338.58 10.47
409.7 3330.88 339.36 10.19
411.3 3437.91 352.28 10.25
412.8 3528.93 364.98 10.34
414.3 3634.54 374.47 10.30
415.8 3740.00 387.50 10.36
417.4 3868.37 395.95 10.24
418.9 3954.39 399.74 10.11
420.4 4037.85 400.05 9.91
421.9 4106.74 404.14 9.84
423.5 4196.00 412.13 9.82
425.0 4263.51 406.80 9.54
426.5 4364.50 411.73 9.43
428.0 4488.82 413.58 9.21
429.5 4615.58 422.65 9.16
431.1 4756.23 429.57 9.03
432.6 4917.76 445.06 9.05
434.1 5064.68 460.08 9.08
435.6 5199.35 467.30 8.99
437.1 5333.25 486.53 9.12
438.6 5454.84 486.34 8.92
440.1 5584.70 501.57 8.98
441.6 5717.14 508.64 8.90
443.1 5852.25 524.48 8.96
444.7 5982.11 538.41 9.00
446.2 6104.50 542.04 8.88
447.7 6213.60 558.79 8.99
449.2 6315.84 561.60 8.89
450.7 6414.72 558.48 8.71
452.2 6543.45 561.01 8.57
453.7 6682.65 569.93 8.53
455.2 6842.54 577.99 8.45
456.7 7029.44 597.52 8.50
458.2 7231.16 610.75 8.45
459.7 7428.75 633.50 8.53
461.2 7633.63 649.52 8.51
462.7 7815.14 656.93 8.41
464.2 8000.76 678.02 8.47
465.7 8191.53 693.74 8.47
467.2 8352.58 711.29 8.52
468.7 8552.00 728.00 8.51
470.2 8711.17 755.53 8.67
471.7 8854.00 767.13 8.66
473.2 9050.37 769.11 8.50
474.6 9252.88 751.94 8.13
476.1 9378.88 757.90 8.08
477.6 9464.51 770.28 8.14
479.1 9567.20 775.95 8.11
480.6 9658.16 778.30 8.06
482.1 9797.74 783.43 8.00
483.6 9963.22 791.77 7.95
485.1 10140.49 804.36 7.93
486.6 10356.19 817.16 7.89
488.0 10562.50 835.25 7.91
489.5 10784.97 851.91 7.90
491.0 10998.86 873.17 7.94
492.5 11224.98 889.38 7.92
494.0 11462.99 909.06 7.93
495.4 11663.85 928.13 7.96
496.9 11870.36 944.39 7.96
498.4 12074.30 961.34 7.96
499.9 12278.41 978.98 7.97
501.4 12476.75 996.40 7.99
502.8 12664.51 1013.87 8.01
504.3 12846.60 1026.90 7.99
505.8 13033.73 1044.42 8.01
507.2 13172.68 1049.38 7.97
508.7 13289.99 1058.39 7.96
510.2 13412.81 1066.44 7.95
511.6 13494.72 1065.97 7.90
513.1 13630.43 1060.29 7.78
514.6 13795.53 1068.89 7.75
516.0 13946.28 1070.39 7.68
517.5 14135.83 1081.25 7.65
519.0 14365.19 1091.94 7.60
520.5 14579.60 1098.80 7.54
521.9 14828.55 1119.88 7.55
523.4 15093.49 1142.82 7.57
524.8 15349.14 1167.35 7.61
526.3 15633.70 1185.86 7.59
527.8 15915.89 1215.70 7.64
529.2 16178.21 1238.40 7.65
530.7 16455.24 1264.15 7.68
532.1 16698.15 1286.78 7.71
533.6 16994.07 1311.93 7.72
535.0 17295.55 1340.09 7.75
536.5 17581.25 1368.68 7.78
538.0 17895.84 1402.08 7.83
539.4 18160.64 1436.21 7.91
540.9 18488.86 1470.16 7.95
542.3 18738.28 1481.48 7.91
543.8 18940.29 1500.01 7.92
545.2 19020.35 1503.11 7.90
546.6 19057.19 1511.16 7.93
548.1 19121.11 1517.05 7.93
549.5 19166.91 1524.22 7.95
551.0 19217.70 1531.58 7.97
552.4 19311.21 1540.01 7.97
553.9 19371.38 1544.77 7.97
555.3 19461.20 1552.30 7.98
556.8 19596.88 1572.64 8.02
558.2 19743.75 1593.84 8.07
559.6 19902.71 1617.80 8.13
561.1 20117.50 1646.94 8.19
562.5 20332.52 1686.63 8.30
564.0 20611.34 1731.61 8.40
565.4 20865.50 1772.21 8.49
566.8 21177.73 1830.62 8.64
568.3 21463.05 1889.36 8.80
569.7 21776.78 1951.22 8.96
571.1 22080.65 2021.64 9.16
572.6 22373.82 2089.80 9.34
574.0 22675.95 2163.98 9.54
575.4 22958.44 2246.91 9.79
576.9 23231.09 2328.48 10.02
578.3 23477.03 2411.34 10.27
579.7 23721.74 2503.32 10.55
581.1 23920.49 2597.28 10.86
582.6 24132.47 2702.06 11.20
584.0 24305.80 2804.76 11.54
585.4 24549.94 2907.14 11.84
586.8 24845.17 3031.55 12.20
588.3 25201.80 3162.51 12.55
589.7 25517.70 3291.21 12.90
591.1 25735.55 3411.64 13.26
592.5 25883.00 3524.98 13.62
594.0 25998.42 3636.36 13.99
595.4 26057.54 3748.51 14.39
596.8 26115.38 3867.44 14.81
598.2 26174.55 3982.63 15.22
599.6 26202.06 4108.95 15.68
601.0 26298.70 4241.53 16.13
602.4 26372.18 4375.61 16.59
603.9 26501.77 4517.63 17.05
605.3 26625.41 4674.40 17.56
606.7 26749.80 4829.40 18.05
608.1 26941.18 5002.51 18.57
609.5 27151.69 5175.18 19.06
610.9 27387.74 5370.54 19.61
612.3 27589.20 5568.47 20.18
613.7 27871.80 5778.54 20.73
615.1 28061.64 5969.70 21.27
616.5 28235.16 6165.61 21.84
617.9 28534.12 6401.99 22.44
619.3 28808.15 6643.90 23.06
620.7 29149.14 6915.43 23.72
622.1 29527.66 7135.45 24.17
623.5 29951.83 7301.08 24.38
624.9 30436.35 7435.44 24.43
626.3 30757.12 7513.40 24.43
627.7 30461.43 7475.84 24.54
629.1 30188.34 7567.04 25.07
630.5 30083.03 7771.26 25.83
631.9 30076.12 8034.05 26.71
633.3 30078.24 8261.40 27.47
634.7 30183.54 8502.51 28.17
636.1 30268.81 8671.17 28.65
637.5 30374.19 8805.31 28.99
638.9 30520.15 8927.91 29.25
640.2 30643.60 9022.33 29.44
641.6 30733.56 9086.22 29.56
643.0 30777.50 9120.79 29.63
644.4 30869.16 9148.90 29.64
645.8 30855.38 9130.40 29.59
647.2 31023.20 9160.00 29.53
648.5 31185.15 9185.70 29.46
649.9 31117.13 9181.77 29.51
651.3 31099.80 9223.35 29.66
652.7 31059.00 9260.33 29.82
654.1 30961.56 9078.63 29.32
655.5 30829.51 8814.82 28.59
656.8 30685.81 8557.25 27.89
658.2 30861.69 8418.62 27.28
659.6 31181.89 8331.54 26.72
660.9 31452.29 8228.15 26.16
662.3 31767.46 8109.01 25.53
663.7 32102.70 7968.45 24.82
665.0 32334.98 7828.12 24.21
666.4 32575.38 7700.39 23.64
667.8 32873.84 7602.47 23.13
669.1 33084.01 7503.11 22.68
670.5 33327.47 7441.85 22.33
671.9 33513.12 7388.88 22.05
673.2 33742.50 7387.56 21.89
674.6 33950.66 7414.44 21.84
676.0 34219.05 7493.12 21.90
677.3 34494.18 7621.61 22.10
678.7 34767.13 7815.75 22.48
680.0 35103.31 8112.26 23.11
681.4 35420.13 8524.07 24.07
682.8 35763.00 9059.05 25.33
684.1 36073.44 9757.80 27.05
685.5 36318.59 10610.64 29.22
686.8 36607.26 11600.13 31.69
688.2 36844.31 12708.95 34.49
689.5 36898.97 13862.07 37.57
690.9 36950.15 15073.21 40.79
692.2 37008.15 16311.08 44.07
693.6 37024.93 17562.35 47.43
694.9 37005.38 18742.75 50.65
696.2 37027.13 19891.41 53.72
697.6 37047.86 20945.72 56.54
698.9 37049.76 21960.84 59.27
700.3 37075.62 22915.28 61.81
701.6 37124.24 23806.32 64.13
703.0 37178.40 24641.69 66.28
704.3 37172.20 25332.13 68.15
705.6 37157.22 25966.53 69.88
707.0 37168.46 26554.94 71.44
708.3 37076.04 27013.28 72.86
709.6 36967.81 27423.34 74.18
711.0 36867.73 27738.22 75.24
712.3 36770.31 28031.36 76.23
713.6 36755.88 28346.01 77.12
714.9 36684.64 28616.27 78.01
716.3 36701.44 28893.61 78.73
717.6 36734.04 29184.96 79.45
718.9 36680.73 29369.33 80.07
720.2 36496.25 29433.29 80.65
721.6 36394.28 29511.30 81.09
722.9 36240.12 29555.91 81.56
724.2 36067.30 29536.24 81.89
725.5 35963.70 29566.64 82.21
726.8 35833.96 29564.22 82.50
728.1 35810.80 29590.56 82.63
729.5 35779.10 29595.18 82.72
730.8 35779.13 29618.38 82.78
732.1 35704.25 29604.04 82.91
733.4 35690.92 29627.66 83.01
734.7 35685.89 29630.01 83.03
736.0 35729.66 29682.77 83.08
737.3 35717.44 29698.86 83.15
738.6 35830.21 29817.08 83.22
739.9 36014.88 30040.22 83.41
741.2 36161.58 30218.37 83.56
742.5 36363.94 30484.33 83.83
743.8 36737.66 30917.91 84.16
745.1 37309.08 31521.25 84.49
746.4 37926.98 32166.91 84.81
747.7 38536.99 32800.86 85.12
749.0 39118.92 33402.40 85.39
750.3 39493.02 33693.85 85.32
751.6 39440.80 33606.58 85.21
752.9 39084.79 33319.32 85.25
754.2 38731.25 33030.11 85.28
755.4 38386.91 32707.25 85.20
756.7 38244.09 32661.51 85.40
758.0 38261.36 32769.77 85.65
759.3 38489.95 33039.83 85.84
760.6 38786.44 33434.94 86.20
761.9 39062.28 33784.35 86.49
763.1 39197.21 33988.91 86.71
764.4 39371.54 34239.53 86.97
765.7 39490.75 34414.25 87.15
767.0 39577.16 34562.31 87.33
768.2 39644.64 34685.28 87.49
769.5 39697.68 34798.69 87.66
770.8 39836.32 34978.23 87.80
772.0 39856.44 35040.55 87.92
773.3 39898.95 35155.09 88.11
774.6 39978.84 35292.73 88.28
775.8 40054.79 35377.31 88.32
777.1 40085.96 35424.09 88.37
778.4 40059.57 35389.56 88.34
779.6 39999.54 35413.23 88.53
780.9 39948.00 35384.00 88.58
782.1 39837.20 35304.50 88.62
783.4 39802.88 35339.20 88.79
784.6 39851.08 35397.74 88.83
785.9 40095.40 35726.83 89.10
787.1 40531.58 36240.69 89.41
788.4 40834.19 36539.88 89.48
789.6 40796.10 36349.44 89.10
790.9 40479.11 35940.91 88.79
792.1 40128.24 35577.64 88.66
793.4 39739.41 35224.88 88.64
794.6 39507.48 34967.04 88.51
795.8 39314.07 34760.18 88.42
797.1 39097.95 34573.28 88.43
798.3 38940.83 34446.43 88.46
799.5 38821.14 34380.05 88.56
800.8 38733.05 34276.53 88.49
802.0 38591.76 34175.72 88.56
803.2 38469.72 34033.34 88.47
804.5 38377.94 33941.36 88.44
805.7 38264.87 33828.30 88.41
806.9 38181.95 33740.66 88.37
808.1 38074.65 33666.96 88.42
809.4 38033.33 33636.49 88.44
810.6 37951.55 33574.45 88.47
811.8 37942.61 33575.87 88.49
813.0 37965.80 33609.41 88.53
814.2 37975.49 33653.32 88.62
815.4 38039.93 33725.44 88.66
816.6 38032.65 33726.26 88.68
817.9 38050.16 33734.58 88.66
819.1 37997.24 33645.71 88.55
820.3 37865.18 33498.83 88.47
821.5 37787.61 33395.65 88.38
822.7 37714.41 33314.17 88.33
823.9 37704.87 33292.16 88.30
825.1 37688.07 33258.33 88.25
826.3 37716.38 33248.83 88.15
827.5 37726.06 33230.86 88.08
828.7 37779.60 33199.08 87.88
829.9 37796.29 33178.06 87.78
831.0 37849.02 33203.47 87.73
832.2 37913.75 33251.95 87.70
833.4 37950.44 33270.03 87.67
834.6 37978.13 33325.78 87.75
835.8 38031.53 33351.41 87.69
837.0 38073.26 33427.33 87.80
838.1 38178.69 33556.30 87.89
839.3 38239.24 33637.09 87.96
840.5 38296.24 33716.27 88.04
841.7 38381.58 33856.11 88.21
842.9 38485.06 34011.11 88.37
844.0 38543.94 34102.90 88.48
845.2 38626.85 34252.61 88.68
846.4 38724.98 34335.65 88.67
847.5 38888.12 34516.84 88.76
848.7 39002.30 34676.83 88.91
849.9 39141.74 34780.24 88.86
851.0 39173.78 34806.91 88.85
852.2 39245.07 34812.85 88.71
853.3 39202.67 34784.42 88.73
854.5 39188.19 34757.44 88.69
855.6 39170.88 34753.91 88.72
856.8 39193.80 34808.88 88.81
857.9 39192.81 34811.14 88.82
859.1 39326.60 34909.10 88.77
860.2 39300.24 34910.52 88.83
861.4 39344.78 34928.92 88.78
862.5 39384.29 34954.45 88.75
863.7 39467.66 35020.09 88.73
864.8 39454.45 35002.28 88.72
865.9 39398.65 34982.41 88.79
867.1 39448.45 35014.69 88.76
868.2 39441.53 34984.98 88.70
869.3 39465.67 34975.16 88.62
870.5 39438.89 34914.93 88.53
871.6 39473.54 34930.35 88.49
872.7 39541.37 34969.84 88.44
873.9 39548.50 34976.01 88.44
875.0 39546.05 34951.82 88.38
876.1 39583.15 34915.43 88.21
877.2 39616.79 34897.70 88.09
878.3 39601.98 34858.82 88.02
879.4 39662.11 34852.49 87.87
880.5 39702.60 34825.68 87.72
881.7 39698.10 34767.53 87.58
882.8 39775.46 34727.07 87.31
883.9 39785.32 34723.49 87.28
885.0 39766.55 34598.31 87.00
886.1 39735.85 34510.51 86.85
887.2 39664.66 34281.15 86.43
888.3 39567.00 34162.51 86.34
889.4 39535.02 34010.55 86.03
890.5 39459.91 33921.84 85.97
891.6 39428.33 33807.31 85.74
892.7 39429.01 33738.13 85.57
893.8 39492.50 33773.49 85.52
894.9 39505.51 33712.53 85.34
896.0 39527.49 33621.77 85.06
897.0 39487.40 33610.92 85.12
898.1 39490.45 33537.16 84.92
899.2 39536.22 33530.60 84.81
900.3 39503.73 33395.54 84.54
901.4 39454.09 33316.79 84.44
902.4 39461.49 33249.17 84.26
903.5 39418.10 33162.16 84.13
904.6 39431.18 33125.05 84.01
905.7 39454.64 33049.98 83.77
906.7 39397.52 33019.15 83.81
907.8 39514.80 32996.80 83.50
908.9 39443.33 32884.02 83.37
909.9 39411.21 32797.12 83.22
911.0 39357.50 32678.59 83.03
912.1 39280.99 32548.93 82.86
913.1 39233.48 32401.46 82.59
914.2 39173.92 32249.48 82.32
915.2 39170.79 32177.79 82.15
916.3 39094.50 32124.83 82.17
917.3 39076.47 32014.82 81.93
918.4 39031.30 31842.66 81.58
919.4 39022.48 31741.63 81.34
920.5 39026.74 31630.46 81.05
921.5 39018.63 31535.11 80.82
922.6 38959.72 31376.32 80.54
923.6 39026.05 31278.31 80.15
924.7 39022.50 31142.75 79.81
925.7 39030.84 31021.59 79.48
926.7 39009.32 30897.01 79.20
927.8 39032.57 30770.56 78.83
928.8 39142.62 30694.17 78.42
929.9 39330.10 30630.90 77.88
930.9 39447.46 30621.74 77.63
931.9 39602.61 30624.55 77.33
932.9 39864.58 30715.62 77.05
934.0 39909.81 30576.82 76.61
935.0 39942.68 30428.31 76.18
936.0 39929.50 30269.90 75.81
937.0 39883.94 30052.72 75.35
938.1 39848.52 29910.28 75.06
939.1 39753.89 29725.29 74.77
940.1 39867.76 29627.67 74.31
941.1 39995.43 29599.82 74.01
942.1 40229.45 29531.59 73.41
943.1 40393.76 29512.18 73.06
944.1 40552.56 29482.25 72.70
945.2 40570.32 29353.59 72.35
946.2 40685.67 29175.21 71.71
947.2 40740.25 29017.06 71.22
948.2 40874.09 28921.88 70.76
949.2 40954.06 28764.53 70.24
950.2 41026.00 28563.65 69.62
951.2 41012.16 28402.92 69.25
952.2 41170.94 28226.93 68.56
953.2 41257.13 28111.04 68.14
954.2 41395.95 27986.74 67.61
955.2 41401.94 27829.17 67.22
956.2 41391.82 27654.56 66.81
957.2 41524.97 27515.68 66.26
958.2 41486.28 27380.29 66.00
959.2 41625.00 27355.95 65.72
960.1 41647.94 27214.98 65.35
961.1 41725.78 27242.74 65.29
962.1 41752.50 27181.88 65.10
963.1 41720.60 27163.08 65.11
964.1 41837.60 27129.07 64.84
965.1 41932.95 27152.83 64.75
966.1 41961.44 27098.87 64.58
967.0 42058.17 27209.35 64.69
968.0 42094.69 27138.08 64.47
969.0 42115.20 27156.60 64.48
970.0 42092.26 27171.25 64.55
971.0 42266.18 27250.86 64.47
971.9 42275.33 27242.79 64.44
972.9 42388.85 27169.19 64.10
973.9 42492.13 27228.34 64.08
974.9 42580.28 27255.69 64.01
975.8 42630.52 27289.77 64.01
976.8 42806.43 27267.73 63.70
977.8 42848.34 27254.09 63.61
978.8 42868.95 27393.23 63.90
979.7 43050.58 27392.49 63.63
980.7 43264.32 27417.97 63.37
981.7 43347.07 27760.38 64.04
982.6 43545.07 27797.79 63.84
983.6 44003.55 28138.69 63.95
984.6 44377.46 28407.61 64.01
985.5 44900.28 28672.92 63.86
986.5 45688.01 29325.70 64.19
987.5 46285.78 29742.05 64.26
988.4 47161.40 30302.80 64.25
989.4 47812.76 30834.86 64.49
990.4 48753.98 31456.54 64.52
991.3 50274.64 32380.28 64.41
992.3 50864.45 32768.44 64.42
993.2 51610.85 33995.84 65.87
994.2 53891.66 35421.75 65.73
995.2 55394.96 35251.34 63.64
996.1 55625.12 34383.66 61.81
997.1 56348.70 34525.79 61.27
998.0 54473.40 34945.20 64.15
999.0 55283.87 35591.25 64.38
1000.0 55127.21 33938.86 61.56
1000.9 55875.58 35020.61 62.68
1001.9 56355.47 34259.26 60.79
1002.8 54776.67 34705.83 63.36
1003.8 57170.04 34913.00 61.07
1004.8 54763.20 34911.54 63.75
961.5 49984.08 29294.34 58.61
965.5 48959.90 28915.34 59.06
969.5 47367.08 28226.91 59.59
973.4 45664.01 27362.35 59.92
977.4 44063.24 26520.63 60.19
981.4 43484.76 26305.13 60.49
985.3 43466.28 26368.23 60.66
989.3 43739.41 26720.34 61.09
993.3 44088.36 27109.32 61.49
997.2 44246.85 27376.96 61.87
1001.2 44240.69 27642.68 62.48
1005.2 44147.66 27910.88 63.22
1009.1 44170.72 28295.98 64.06
1013.1 44298.35 28759.07 64.92
1017.1 44409.64 29234.52 65.83
1021.0 44418.65 29638.60 66.73
1025.0 44431.92 30002.54 67.52
1029.0 44310.95 30264.44 68.30
1032.9 44196.36 30535.57 69.09
1036.9 44214.81 30907.44 69.90
1040.9 44317.48 31335.54 70.71
1044.8 44471.57 31796.80 71.50
1048.8 44586.22 32227.63 72.28
1052.7 44660.98 32603.48 73.00
1056.7 44664.90 32852.58 73.55
1060.7 44652.74 33038.62 73.99
1064.6 44643.90 33190.58 74.35
1068.6 44545.19 33222.30 74.58
1072.5 44448.63 33190.94 74.67
1076.5 44390.31 33120.07 74.61
1080.4 44363.13 33033.34 74.46
1084.4 44428.99 32974.31 74.22
1088.3 44526.89 32873.50 73.83
1092.3 44515.11 32661.97 73.37
1096.2 44485.25 32422.51 72.88
1100.2 44489.30 32194.13 72.36
1104.1 44387.15 31875.88 71.81
1108.1 44344.78 31568.02 71.19
1112.0 44255.25 31210.97 70.52
1116.0 44078.91 30748.58 69.76
1119.9 43920.46 30213.12 68.79
1123.9 43980.05 29702.57 67.54
1127.8 43933.44 28949.76 65.89
1131.8 43891.20 27965.40 63.72
1135.7 43904.71 26822.01 61.09
1139.6 43873.24 25562.71 58.26
1143.6 43814.30 24337.51 55.55
1147.5 43764.96 23298.85 53.24
1151.4 43600.54 22425.57 51.43
1155.4 43567.43 21882.83 50.23
1159.3 43548.37 21539.66 49.46
1163.2 43379.84 21239.88 48.96
1167.2 43333.14 21070.08 48.62
1171.1 43320.14 20955.36 48.37
1175.0 43247.45 20835.73 48.18
1179.0 43203.54 20725.34 47.97
1182.9 43281.26 20672.63 47.76
1186.8 43262.79 20589.38 47.59
1190.7 43059.97 20409.10 47.40
1194.7 42822.73 20243.09 47.27
1198.6 42602.18 20131.65 47.25
1202.5 42456.57 20067.74 47.27
1206.4 42335.53 20053.85 47.37
1210.3 42230.32 20079.62 47.55
1214.2 42126.94 20120.43 47.76
1218.2 41984.08 20168.43 48.04
1222.1 41854.50 20232.95 48.34
1226.0 41760.57 20323.80 48.67
1229.9 41673.90 20406.06 48.97
1233.8 41576.55 20464.22 49.22
1237.7 41528.30 20552.76 49.49
1241.6 41457.25 20617.34 49.73
1245.5 41309.15 20636.45 49.96
1249.4 41175.26 20650.53 50.15
1253.3 41058.30 20646.43 50.29
1257.2 40978.33 20680.46 50.47
1261.1 40873.57 20694.85 50.63
1265.0 40757.89 20652.71 50.67
1268.9 40587.74 20553.52 50.64
1272.8 40626.75 20542.80 50.56
1276.7 40780.33 20579.43 50.46
1280.6 40842.56 20534.48 50.28
1284.5 40748.73 20371.56 49.99
1288.4 40697.88 20194.54 49.62
1292.3 40562.50 19951.25 49.19
1296.2 40411.46 19679.21 48.70
1300.1 40239.63 19353.91 48.10
1303.9 40009.73 18950.31 47.36
1307.8 39785.54 18518.33 46.55
1311.7 39554.21 18059.27 45.66
1315.6 39326.35 17575.39 44.69
1319.5 39086.11 17054.05 43.63
1323.3 38870.69 16519.60 42.50
1327.2 38681.53 15992.20 41.34
1331.1 38474.56 15457.67 40.18
1335.0 38203.08 14895.64 38.99
1338.8 38009.09 14397.60 37.88
1342.7 37876.27 13973.96 36.89
1346.5 37598.34 13524.62 35.97
1350.4 37400.07 13107.55 35.05
1354.3 37094.65 12672.63 34.16
1358.1 36731.71 12235.44 33.31
1362.0 36487.36 11838.01 32.44
1365.8 36370.47 11480.62 31.57
1369.7 36432.94 11157.26 30.62
1373.5 36366.82 10705.19 29.44
1377.4 36166.21 10089.92 27.90
1381.2 35990.96 9360.29 26.01
1385.1 35936.27 8632.95 24.02
1389.0 35813.45 7929.94 22.14
1392.8 35598.92 7224.36 20.29
1396.6 35460.61 6591.02 18.59
1400.5 35253.63 6046.11 17.15
1404.3 35072.57 5609.84 15.99
1408.2 35016.72 5285.31 15.09
1412.0 34945.02 5027.70 14.39
1415.8 34962.39 4831.29 13.82
1419.6 34891.95 4681.93 13.42
1423.5 34842.23 4575.77 13.13
1427.3 34796.45 4491.30 12.91
1431.1 34758.75 4433.78 12.76
1434.9 34669.05 4382.91 12.64
1438.8 34606.94 4347.57 12.56
1442.6 34573.84 4329.81 12.52
1446.4 34441.31 4298.83 12.48
1450.2 34332.12 4281.17 12.47
1454.0 34220.52 4272.72 12.49
1457.8 34188.19 4280.06 12.52
1461.6 34155.00 4298.98 12.59
1465.4 34045.70 4312.64 12.67
1469.2 33870.20 4338.43 12.81
1473.0 33726.92 4378.67 12.98
1476.8 33664.28 4448.93 13.22
1480.7 33601.58 4526.09 13.47
1484.4 33488.64 4601.04 13.74
1488.2 33386.04 4719.60 14.14
1492.0 33257.25 4832.25 14.53
1495.8 33142.20 4934.48 14.89
1499.6 33034.11 5025.20 15.21
1503.4 32933.47 5079.36 15.42
1507.2 32852.74 5125.20 15.60
1510.9 32722.34 5180.37 15.83
1514.7 32573.11 5233.33 16.07
1518.5 32453.90 5301.00 16.33
1522.3 32317.90 5370.52 16.62
1526.0 32200.64 5445.35 16.91
1529.8 32127.61 5547.62 17.27
1533.6 32011.66 5623.67 17.57
1537.3 31894.88 5697.57 17.86
1541.1 31782.08 5781.62 18.19
1544.8 31651.20 5872.80 18.55
1548.6 31528.46 5959.52 18.90
1552.4 31450.00 6023.16 19.15
1556.1 31366.15 6063.56 19.33
1559.9 31270.43 6128.64 19.60
1563.6 31150.17 6209.01 19.93
1567.3 31046.10 6292.87 20.27
1571.1 30855.35 6361.63 20.62
1574.8 30723.08 6437.74 20.95
1578.6 30633.26 6507.30 21.24
1582.3 30519.48 6553.03 21.47
1586.0 30400.45 6596.19 21.70
1589.8 30269.89 6630.94 21.91
1593.5 30123.48 6648.74 22.07
1597.2 29998.09 6686.79 22.29
1600.9 29883.71 6728.40 22.52
1604.7 29753.95 6774.06 22.77
1608.4 29639.51 6821.01 23.01
1612.1 29489.62 6841.34 23.20
1615.8 29365.23 6871.54 23.40
1619.5 29298.37 6916.70 23.61
1623.2 29161.12 6945.08 23.82
1626.9 29003.45 6965.67 24.02
1630.6 28846.40 6979.28 24.19
1634.3 28721.00 7000.11 24.37
1638.0 28599.28 7016.01 24.53
1641.7 28456.49 7009.04 24.63
1645.4 28299.47 6978.51 24.66
1649.1 28138.66 6950.14 24.70
1652.8 28008.70 6926.40 24.73
1656.4 27859.80 6889.40 24.73
1660.1 27720.43 6863.97 24.76
1663.8 27551.22 6828.95 24.79
1667.5 27406.07 6797.04 24.80
1671.1 27282.14 6765.06 24.80
1674.8 27100.13 6719.04 24.79
1678.5 27060.12 6695.51 24.74
1682.1 27085.37 6681.21 24.67
1685.8 27087.74 6661.34 24.59
1689.5 26985.46 6606.95 24.48
1693.1 26859.21 6555.42 24.41
1696.8 26718.75 6488.50 24.28
1700.4 26575.97 6412.34 24.13
1704.0 26457.91 6341.19 23.97
1707.7 26210.69 6230.29 23.77
1711.3 25940.59 6115.32 23.57
1715.0 25755.85 6020.54 23.38
1718.6 25603.66 5927.70 23.15
1722.2 25471.82 5832.18 22.90
1725.9 25346.15 5742.94 22.66
1729.5 25225.17 5673.44 22.49
1733.1 25122.33 5620.86 22.37
1736.7 25028.77 5589.67 22.33
1740.3 24869.68 5525.27 22.22
1744.0 24796.20 5460.48 22.02
1747.5 24670.34 5377.36 21.80
1751.2 24460.97 5277.30 21.57
1754.8 24300.77 5189.76 21.36
1758.4 24168.99 5108.91 21.14
1762.0 24004.67 5033.62 20.97
1765.5 23878.06 4981.07 20.86
1769.1 23824.80 4953.60 20.79
1772.7 23745.17 4921.89 20.73
1776.3 23631.64 4874.44 20.63
1779.9 23517.13 4827.99 20.53
1783.5 23453.36 4796.32 20.45
1787.0 23338.16 4755.60 20.38
1790.6 23194.11 4715.66 20.33
1794.2 23099.94 4703.10 20.36
1797.8 23019.59 4693.21 20.39
1801.3 22943.45 4680.59 20.40
1804.9 22821.75 4656.75 20.40
1808.4 22758.56 4652.07 20.44
1812.0 22651.25 4634.51 20.46
1815.5 22537.46 4603.68 20.43
1819.1 22377.91 4569.94 20.42
1822.6 22230.86 4539.68 20.42
1826.2 22108.08 4527.31 20.48
1829.7 21962.63 4500.00 20.49
1833.2 21769.52 4442.19 20.41
1836.8 21568.82 4382.56 20.32
1840.3 21408.35 4346.06 20.30
1843.8 21283.15 4325.23 20.32
1847.3 21175.36 4317.24 20.39
1850.8 21026.88 4294.08 20.42
1854.3 20829.70 4239.55 20.35
1857.8 20716.80 4180.80 20.18
1861.3 20743.52 4046.50 19.51
1864.8 20771.48 3835.66 18.47
1868.3 20668.83 3577.02 17.31
1871.8 20505.60 3256.32 15.88
1875.3 20412.67 3055.33 14.97
1878.8 20386.82 2869.31 14.07
1882.3 20318.80 2671.05 13.15
1885.8 20165.84 2513.70 12.47
1889.3 19976.70 2385.53 11.94
1892.7 19815.25 2319.75 11.71
1896.2 19650.94 2257.40 11.49
1899.7 19441.16 2249.93 11.57
1903.1 19313.45 2315.54 11.99
1906.6 19304.54 2439.14 12.64
1910.0 19451.18 2626.85 13.50
1913.5 19794.95 2951.15 14.91
1917.0 20308.75 3397.10 16.73
1920.4 20662.58 3744.23 18.12
1923.8 20806.27 3901.18 18.75
1871.2 18887.00 2243.55 11.88
1873.9 18953.16 2158.41 11.39
1876.7 18991.47 2046.93 10.78
1879.5 19143.67 1957.88 10.23
1882.3 18900.39 1741.18 9.21
1885.1 18757.12 1663.66 8.87
1887.8 18909.61 1608.10 8.50
1890.6 18719.80 1504.76 8.04
1893.4 18700.00 1415.33 7.57
1896.2 18690.78 1313.44 7.03
1898.9 18634.09 1297.51 6.96
1901.7 18493.24 1304.99 7.06
1904.5 18663.12 1327.79 7.11
1907.2 18605.75 1292.00 6.94
1910.0 18464.96 1253.77 6.79
1912.7 18451.36 1217.01 6.60
1915.5 18338.72 1219.32 6.65
1918.2 18231.61 1223.79 6.71
1921.0 18078.76 1189.66 6.58
1923.7 18082.37 1200.60 6.64
1926.5 18028.91 1208.22 6.70
1929.2 17989.40 1186.47 6.60
1932.0 17961.44 1175.52 6.54
1934.7 17922.05 1172.50 6.54
1937.4 17800.47 1160.02 6.52
1940.2 17730.06 1164.79 6.57
1942.9 17801.07 1175.37 6.60
1945.6 17808.94 1168.74 6.56
1948.3 17731.12 1167.23 6.58
1951.1 17698.80 1185.94 6.70
1953.8 17700.00 1188.00 6.71
1956.5 17568.67 1168.05 6.65
1959.2 17632.03 1178.06 6.68
1961.9 17647.56 1189.02 6.74
1964.6 17543.58 1198.93 6.83
1967.3 17598.27 1213.37 6.89
1970.0 17419.60 1195.84 6.86
1972.8 17335.24 1217.85 7.03
1975.5 17419.52 1237.98 7.11
1978.2 17336.04 1226.40 7.07
1980.9 17221.82 1233.05 7.16
1983.5 17185.34 1238.95 7.21
1986.2 17183.55 1251.30 7.28
1988.9 17157.36 1274.58 7.43
1991.6 17017.92 1283.22 7.54
1994.3 16893.86 1273.76 7.54
1997.0 16913.63 1294.62 7.65
1999.7 16876.79 1303.74 7.73
2002.3 16857.27 1297.38 7.70
2005.0 16785.35 1314.64 7.83
2007.7 16706.93 1324.40 7.93
2010.4 16656.07 1319.01 7.92
2013.0 16600.58 1337.15 8.05
2015.7 16495.88 1332.74 8.08
2018.4 16401.61 1333.23 8.13
2021.0 16371.00 1348.67 8.24
2023.7 16264.64 1348.32 8.29
2026.4 16195.83 1352.00 8.35
2029.0 16138.97 1349.60 8.36
2031.7 16029.65 1335.10 8.33
2034.3 16012.75 1352.00 8.44
2037.0 15932.90 1393.43 8.75
2039.6 15864.39 1378.53 8.69
2042.3 15822.15 1362.04 8.61
2044.9 15747.27 1385.67 8.80
2047.5 15719.22 1388.48 8.83
2050.2 15638.00 1394.40 8.92
2052.8 15596.00 1402.80 8.99
2055.4 15487.61 1384.02 8.94
2058.1 15363.60 1383.20 9.00
2060.7 15311.01 1394.71 9.11
2063.3 15243.07 1407.27 9.23
2065.9 15200.63 1395.83 9.18
2068.6 15142.00 1393.04 9.20
2071.2 15102.27 1397.79 9.26
2073.8 15013.06 1410.36 9.39
2076.4 14939.89 1425.79 9.54
2079.0 14937.96 1421.86 9.52
2081.6 14955.68 1429.17 9.56
2084.2 14929.44 1444.69 9.68
2086.8 14795.01 1448.11 9.79
2089.4 14708.12 1435.35 9.76
2092.1 14645.50 1442.17 9.85
2094.7 14574.18 1454.88 9.98
2097.2 14543.50 1445.00 9.94
2099.8 14569.24 1451.80 9.96
2102.4 14455.51 1452.94 10.05
2105.0 14315.55 1456.35 10.17
2107.6 14281.54 1472.59 10.31
2110.2 14245.28 1457.78 10.23
2112.8 14225.04 1477.48 10.39
2115.3 14222.61 1489.52 10.47
2117.9 14223.97 1494.36 10.51
2120.5 14225.20 1492.48 10.49
2123.1 14136.53 1503.45 10.64
2125.6 14079.43 1513.95 10.75
2128.2 14012.88 1469.19 10.48
2130.8 13940.55 1500.53 10.76
2133.3 13889.33 1542.93 11.11
2135.9 13802.30 1517.90 11.00
2138.4 13704.95 1493.96 10.90
2141.0 13601.55 1504.43 11.06
2143.6 13585.34 1506.88 11.09
2146.1 13439.94 1489.74 11.08
2148.7 13282.54 1477.14 11.12
2151.2 13302.67 1487.20 11.18
2153.8 13324.47 1501.10 11.27
2156.3 13227.98 1509.15 11.41
2158.8 13160.05 1497.34 11.38
2161.4 13128.93 1488.91 11.34
2163.9 13034.58 1503.65 11.54
2166.4 12973.85 1496.07 11.53
2169.0 12959.07 1484.25 11.45
2171.5 12876.28 1484.25 11.53
2174.0 12786.55 1460.73 11.42
2176.5 12767.30 1468.09 11.50
2179.1 12718.27 1487.76 11.70
2181.6 12644.21 1484.33 11.74
2184.1 12612.60 1493.80 11.84
2186.6 12631.79 1471.88 11.65
2189.1 12551.10 1460.55 11.64
2191.6 12501.53 1489.60 11.92
2194.1 12512.72 1504.72 12.03
2196.6 12513.32 1487.74 11.89
2199.2 12564.98 1510.45 12.02
2201.7 12503.60 1525.79 12.20
2204.1 12450.01 1466.00 11.78
2206.6 12458.20 1480.81 11.89
2209.1 12429.94 1479.94 11.91
2211.6 12413.54 1484.60 11.96
2214.1 12385.83 1509.26 12.19
2216.6 12340.79 1466.16 11.88
2219.1 12355.98 1454.76 11.77
2221.6 12303.15 1473.18 11.97
2224.0 12230.10 1466.85 11.99
2226.5 12198.83 1430.68 11.73
2229.0 12234.63 1450.34 11.85
2231.5 12152.59 1420.93 11.69
2233.9 12137.64 1400.79 11.54
2236.4 12131.98 1405.04 11.58
2238.9 12024.13 1375.63 11.44
2241.3 12068.10 1371.99 11.37
2243.8 12017.57 1364.22 11.35
2246.2 11870.35 1337.45 11.27
2248.7 11882.39 1318.98 11.10
2251.2 11860.53 1325.95 11.18
2253.6 11784.96 1309.44 11.11
2256.1 11773.44 1286.40 10.93
2258.5 11793.92 1290.80 10.94
2260.9 11696.75 1284.73 10.98
2263.4 11668.53 1255.14 10.76
2265.8 11678.48 1280.94 10.97
2268.3 11583.48 1246.86 10.76
2270.7 11653.18 1212.91 10.41
2273.1 11608.55 1211.86 10.44
2275.6 11523.84 1198.08 10.40
2278.0 11553.06 1179.90 10.21
2280.4 11529.61 1204.53 10.45
2282.8 11402.06 1215.70 10.66
2285.3 11435.59 1158.72 10.13
2287.7 11531.47 1191.03 10.33
2290.1 11440.95 1154.37 10.09
2292.5 11408.96 1099.23 9.63
2294.9 11404.51 1138.08 9.98
2297.3 11303.39 1123.22 9.94
2299.7 11233.01 1070.00 9.53
2302.1 11231.11 1060.65 9.44
2304.5 11113.20 1054.48 9.49
2306.9 10995.60 1046.64 9.52
2309.3 10932.15 1030.52 9.43
2311.7 10856.55 996.95 9.18
2314.1 10708.33 1016.09 9.49
2316.5 10641.94 1063.80 10.00
2318.9 10674.03 1040.60 9.75
2321.3 10672.73 1026.07 9.61
2323.7 10642.23 1042.26 9.79
2326.1 10606.96 1023.62 9.65
2328.4 10691.58 1000.81 9.36
2330.8 10736.25 993.87 9.26
2333.2 10617.06 1008.99 9.50
2335.6 10582.60 983.95 9.30
2337.9 10642.00 964.04 9.06
2340.3 10592.40 932.03 8.80
2342.7 10507.23 935.20 8.90
2345.0 10502.01 972.49 9.26
2347.4 10493.25 935.00 8.91
2349.7 10277.63 879.96 8.56
2352.1 10236.25 921.99 9.01
2354.4 10290.21 941.34 9.15
2356.8 10243.45 884.92 8.64
2359.2 10187.67 905.67 8.89
2361.5 10122.93 929.39 9.18
2363.8 10144.75 922.25 9.09
2366.2 10159.49 887.08 8.73
2368.5 10097.05 872.20 8.64
2370.9 10118.68 836.51 8.27
2373.2 10072.53 858.86 8.53
2375.5 9932.38 873.33 8.79
2377.9 9918.93 834.18 8.41
2380.2 9923.89 843.03 8.49
2382.5 9856.28 831.70 8.44
2384.8 9822.88 835.20 8.50
2387.2 9807.99 839.21 8.56
2389.5 9759.69 826.29 8.47
2391.8 9772.85 817.57 8.37
2394.1 9716.63 796.52 8.20
2396.4 9652.48 788.65 8.17
2398.7 9714.10 784.34 8.07
2401.0 9598.25 796.15 8.29
2403.3 9511.80 781.86 8.22
2405.6 9521.83 769.74 8.08
2407.9 9458.88 786.57 8.32
2410.2 9400.00 777.07 8.27
2412.5 9350.27 752.09 8.04
2414.8 9330.30 739.44 7.93
2417.1 9280.68 769.09 8.29
2419.4 9294.64 755.45 8.13
2421.7 9214.94 762.22 8.27
2424.0 9156.02 744.95 8.14
2426.2 9223.40 716.90 7.77
2428.5 9129.27 719.31 7.88
2430.8 9112.40 697.60 7.66
2433.1 9071.93 735.71 8.11
2435.4 8991.17 721.76 8.03
2437.6 8963.19 671.40 7.49
2439.9 8866.09 662.57 7.47
2442.2 8873.80 705.35 7.95
2444.4 8827.50 694.94 7.87
2446.7 8812.56 654.08 7.42
2448.9 8870.66 663.23 7.48
2451.2 8802.92 667.52 7.58
2453.4 8732.64 674.99 7.73
2455.7 8702.87 668.98 7.69
2457.9 8608.05 677.66 7.87
2460.2 8594.01 659.66 7.68
2462.4 8611.20 636.48 7.39
2464.7 8503.63 643.45 7.57
2466.9 8416.62 622.74 7.40
2469.2 8471.54 602.80 7.12
2471.4 8370.38 623.68 7.45
2473.6 8261.63 615.94 7.46
2475.9 8256.69 609.60 7.38
2478.1 8211.66 594.36 7.24
2480.3 8173.00 563.90 6.90
2482.5 8177.69 621.91 7.60
2484.8 8119.06 640.79 7.89
2487.0 8110.30 555.50 6.85
2489.2 8058.48 580.45 7.20
2491.4 7946.29 622.49 7.83
2493.6 7987.26 533.01 6.67
2495.8 7981.68 562.20 7.04
2498.0 7985.07 551.25 6.90
2500.2 7961.63 505.50 6.35
2502.4 8125.20 532.80 6.56
2504.6 8272.59 497.67 6.02
2506.8 8348.61 457.86 5.48
