/*** Spectra Vista SIG Data ***/
name= \My Documents\HR1024_Data\RD2S3.
instrument= HR: 1091052
integration= 200, 60, 30, 500, 60, 30
scan time= 1, 1
scan settings= AD, AI, AD, AI
external data set1= 8224, 8224, 8224, 8224, 8224, 8224, 8224, 8224, 8224, 8224, 8224, 8224, 8224, 8224, 8224, 8224
external data set2= 8224, 8224, 8224, 8224, 8224, 8224, 8224, 8224, 8224, 8224, 8224, 8224, 8224, 8224, 8224, 8224
external data dark= 0,0,0,0,0,0,0,0
external data mask= 0
optic= LENS4 , LENS4 
temp= 32.26, 8.88, -5.37, 37.74, 8.88, -5.30
battery= 7.0, 6.9
error= 0, 0
units= Radiance, Radiance
time= 1/15/08 9:53:06 AM, 1/15/08 10:04:23 AM
longitude= , 
latitude= , 
gpstime= , 
comm= 
memory slot= 0, 0
factors= 
data= 
346.4 509.60 109.56 21.50
347.9 549.06 96.64 17.60
349.5 608.40 108.58 17.85
351.1 655.20 103.58 15.81
352.6 708.40 108.79 15.36
354.2 752.68 116.50 15.48
355.7 818.30 122.58 14.98
357.3 873.81 115.12 13.17
358.8 891.23 113.24 12.71
360.4 967.31 118.19 12.22
361.9 1009.93 114.23 11.31
363.5 1059.53 119.11 11.24
365.1 1102.67 130.38 11.82
366.6 1156.59 120.15 10.39
368.2 1218.77 127.59 10.47
369.7 1306.00 117.54 9.00
371.3 1379.56 123.80 8.97
372.8 1457.48 130.14 8.93
374.4 1528.58 130.83 8.56
375.9 1575.56 125.78 7.98
377.4 1632.76 120.99 7.41
379.0 1683.54 127.30 7.56
380.5 1741.87 121.87 7.00
382.1 1805.51 125.29 6.94
383.6 1862.60 115.67 6.21
385.2 1949.75 124.30 6.38
386.7 2036.04 125.63 6.17
388.3 2135.96 129.35 6.06
389.8 2212.47 133.96 6.05
391.3 2314.34 128.11 5.54
392.9 2392.65 130.87 5.47
394.4 2474.90 143.63 5.80
395.9 2552.82 145.70 5.71
397.5 2664.75 151.16 5.67
399.0 2774.82 154.50 5.57
400.6 2852.64 150.56 5.28
402.1 2910.24 136.22 4.68
403.6 2965.71 130.42 4.40
405.1 3036.77 137.10 4.51
406.7 3133.76 137.98 4.40
408.2 3234.33 135.43 4.19
409.7 3330.88 137.09 4.12
411.3 3437.91 142.29 4.14
412.8 3528.93 151.68 4.30
414.3 3634.54 155.66 4.28
415.8 3740.00 155.00 4.14
417.4 3868.37 159.90 4.13
418.9 3954.39 163.94 4.15
420.4 4037.85 165.50 4.10
421.9 4106.74 157.78 3.84
423.5 4196.00 163.45 3.90
425.0 4263.51 158.22 3.71
426.5 4364.50 159.10 3.65
428.0 4488.82 159.27 3.55
429.5 4615.58 160.37 3.47
431.1 4756.23 160.22 3.37
432.6 4917.76 159.18 3.24
434.1 5064.68 171.71 3.39
435.6 5199.35 167.96 3.23
437.1 5333.25 175.50 3.29
438.6 5454.84 183.14 3.36
440.1 5584.70 182.39 3.27
441.6 5717.14 189.84 3.32
443.1 5852.25 192.78 3.29
444.7 5982.11 195.64 3.27
446.2 6104.50 194.50 3.19
447.7 6213.60 199.35 3.21
449.2 6315.84 198.72 3.15
450.7 6414.72 205.50 3.20
452.2 6543.45 202.79 3.10
453.7 6682.65 199.66 2.99
455.2 6842.54 204.63 2.99
456.7 7029.44 204.16 2.90
458.2 7231.16 215.29 2.98
459.7 7428.75 219.10 2.95
461.2 7633.63 228.04 2.99
462.7 7815.14 231.27 2.96
464.2 8000.76 234.24 2.93
465.7 8191.53 237.32 2.90
467.2 8352.58 245.63 2.94
468.7 8552.00 252.00 2.95
470.2 8711.17 260.88 2.99
471.7 8854.00 274.55 3.10
473.2 9050.37 274.34 3.03
474.6 9252.88 271.73 2.94
476.1 9378.88 270.51 2.88
477.6 9464.51 267.00 2.82
479.1 9567.20 264.44 2.76
480.6 9658.16 259.92 2.69
482.1 9797.74 262.97 2.68
483.6 9963.22 269.99 2.71
485.1 10140.49 270.41 2.67
486.6 10356.19 270.85 2.62
488.0 10562.50 272.35 2.58
489.5 10784.97 277.78 2.58
491.0 10998.86 288.96 2.63
492.5 11224.98 293.54 2.62
494.0 11462.99 301.49 2.63
495.4 11663.85 300.30 2.57
496.9 11870.36 310.62 2.62
498.4 12074.30 313.45 2.60
499.9 12278.41 319.46 2.60
501.4 12476.75 326.66 2.62
502.8 12664.51 331.81 2.62
504.3 12846.60 337.68 2.63
505.8 13033.73 339.92 2.61
507.2 13172.68 344.37 2.61
508.7 13289.99 352.11 2.65
510.2 13412.81 356.17 2.66
511.6 13494.72 349.10 2.59
513.1 13630.43 353.06 2.59
514.6 13795.53 354.52 2.57
516.0 13946.28 353.65 2.54
517.5 14135.83 358.46 2.54
519.0 14365.19 357.36 2.49
520.5 14579.60 368.67 2.53
521.9 14828.55 367.65 2.48
523.4 15093.49 376.42 2.49
524.8 15349.14 379.13 2.47
526.3 15633.70 384.81 2.46
527.8 15915.89 398.74 2.51
529.2 16178.21 405.71 2.51
530.7 16455.24 412.00 2.50
532.1 16698.15 420.28 2.52
533.6 16994.07 430.53 2.53
535.0 17295.55 433.13 2.50
536.5 17581.25 450.77 2.56
538.0 17895.84 465.15 2.60
539.4 18160.64 470.94 2.59
540.9 18488.86 479.40 2.59
542.3 18738.28 493.28 2.63
543.8 18940.29 502.76 2.65
545.2 19020.35 502.74 2.64
546.6 19057.19 502.69 2.64
548.1 19121.11 507.01 2.65
549.5 19166.91 513.07 2.68
551.0 19217.70 519.52 2.70
552.4 19311.21 526.34 2.73
553.9 19371.38 522.68 2.70
555.3 19461.20 529.31 2.72
556.8 19596.88 547.07 2.79
558.2 19743.75 551.48 2.79
559.6 19902.71 561.19 2.82
561.1 20117.50 573.30 2.85
562.5 20332.52 594.21 2.92
564.0 20611.34 615.61 2.99
565.4 20865.50 632.77 3.03
566.8 21177.73 660.03 3.12
568.3 21463.05 685.61 3.19
569.7 21776.78 721.62 3.31
571.1 22080.65 757.85 3.43
572.6 22373.82 795.74 3.56
574.0 22675.95 834.90 3.68
575.4 22958.44 874.13 3.81
576.9 23231.09 918.92 3.96
578.3 23477.03 975.26 4.15
579.7 23721.74 1023.22 4.31
581.1 23920.49 1086.07 4.54
582.6 24132.47 1149.59 4.76
584.0 24305.80 1200.77 4.94
585.4 24549.94 1277.28 5.20
586.8 24845.17 1349.09 5.43
588.3 25201.80 1439.57 5.71
589.7 25517.70 1515.38 5.94
591.1 25735.55 1595.87 6.20
592.5 25883.00 1671.54 6.46
594.0 25998.42 1744.03 6.71
595.4 26057.54 1825.97 7.01
596.8 26115.38 1909.05 7.31
598.2 26174.55 1989.31 7.60
599.6 26202.06 2070.83 7.90
601.0 26298.70 2165.37 8.23
602.4 26372.18 2260.98 8.57
603.9 26501.77 2366.20 8.93
605.3 26625.41 2471.96 9.28
606.7 26749.80 2571.84 9.61
608.1 26941.18 2693.24 10.00
609.5 27151.69 2814.67 10.37
610.9 27387.74 2949.09 10.77
612.3 27589.20 3077.64 11.16
613.7 27871.80 3219.65 11.55
615.1 28061.64 3351.46 11.94
616.5 28235.16 3486.06 12.35
617.9 28534.12 3642.80 12.77
619.3 28808.15 3805.78 13.21
620.7 29149.14 3992.93 13.70
622.1 29527.66 4126.33 13.97
623.5 29951.83 4241.25 14.16
624.9 30436.35 4361.49 14.33
626.3 30757.12 4479.51 14.56
627.7 30461.43 4545.44 14.92
629.1 30188.34 4637.18 15.36
630.5 30083.03 4751.17 15.79
631.9 30076.12 4901.05 16.30
633.3 30078.24 5034.40 16.74
634.7 30183.54 5183.99 17.17
636.1 30268.81 5278.09 17.44
637.5 30374.19 5351.35 17.62
638.9 30520.15 5418.94 17.76
640.2 30643.60 5476.16 17.87
641.6 30733.56 5514.91 17.94
643.0 30777.50 5537.11 17.99
644.4 30869.16 5545.86 17.97
645.8 30855.38 5554.31 18.00
647.2 31023.20 5594.06 18.03
648.5 31185.15 5630.01 18.05
649.9 31117.13 5652.04 18.16
651.3 31099.80 5690.58 18.30
652.7 31059.00 5724.24 18.43
654.1 30961.56 5589.12 18.05
655.5 30829.51 5407.93 17.54
656.8 30685.81 5226.70 17.03
658.2 30861.69 5127.21 16.61
659.6 31181.89 5045.41 16.18
660.9 31452.29 4964.16 15.78
662.3 31767.46 4863.07 15.31
663.7 32102.70 4758.60 14.82
665.0 32334.98 4644.81 14.36
666.4 32575.38 4540.52 13.94
667.8 32873.84 4456.88 13.56
669.1 33084.01 4387.75 13.26
670.5 33327.47 4335.00 13.01
671.9 33513.12 4288.90 12.80
673.2 33742.50 4287.96 12.71
674.6 33950.66 4297.42 12.66
676.0 34219.05 4353.91 12.72
677.3 34494.18 4430.51 12.84
678.7 34767.13 4559.40 13.11
680.0 35103.31 4763.87 13.57
681.4 35420.13 5047.92 14.25
682.8 35763.00 5424.51 15.17
684.1 36073.44 5922.07 16.42
685.5 36318.59 6531.92 17.99
686.8 36607.26 7264.87 19.85
688.2 36844.31 8081.07 21.93
689.5 36898.97 8949.37 24.25
690.9 36950.15 9864.90 26.70
692.2 37008.15 10799.76 29.18
693.6 37024.93 11753.25 31.74
694.9 37005.38 12643.40 34.17
696.2 37027.13 13517.10 36.51
697.6 37047.86 14339.49 38.71
698.9 37049.76 15126.14 40.83
700.3 37075.62 15869.41 42.80
701.6 37124.24 16562.00 44.61
703.0 37178.40 17210.38 46.29
704.3 37172.20 17745.20 47.74
705.6 37157.22 18255.53 49.13
707.0 37168.46 18711.58 50.34
708.3 37076.04 19077.43 51.45
709.6 36967.81 19417.56 52.53
711.0 36867.73 19682.06 53.39
712.3 36770.31 19930.82 54.20
713.6 36755.88 20181.34 54.91
714.9 36684.64 20412.81 55.64
716.3 36701.44 20641.24 56.24
717.6 36734.04 20882.18 56.85
718.9 36680.73 21029.56 57.33
720.2 36496.25 21082.04 57.76
721.6 36394.28 21157.24 58.13
722.9 36240.12 21212.17 58.53
724.2 36067.30 21234.03 58.87
725.5 35963.70 21280.63 59.17
726.8 35833.96 21270.94 59.36
728.1 35810.80 21300.17 59.48
729.5 35779.10 21320.36 59.59
730.8 35779.13 21352.50 59.68
732.1 35704.25 21360.22 59.83
733.4 35690.92 21383.35 59.91
734.7 35685.89 21382.14 59.92
736.0 35729.66 21424.47 59.96
737.3 35717.44 21450.17 60.06
738.6 35830.21 21556.39 60.16
739.9 36014.88 21730.63 60.34
741.2 36161.58 21859.66 60.45
742.5 36363.94 22069.69 60.69
743.8 36737.66 22381.59 60.92
745.1 37309.08 22848.11 61.24
746.4 37926.98 23324.39 61.50
747.7 38536.99 23770.57 61.68
749.0 39118.92 24208.95 61.89
750.3 39493.02 24394.33 61.77
751.6 39440.80 24320.37 61.66
752.9 39084.79 24114.52 61.70
754.2 38731.25 23891.70 61.69
755.4 38386.91 23667.94 61.66
756.7 38244.09 23641.36 61.82
758.0 38261.36 23732.71 62.03
759.3 38489.95 23958.53 62.25
760.6 38786.44 24243.30 62.50
761.9 39062.28 24517.27 62.76
763.1 39197.21 24657.55 62.91
764.4 39371.54 24837.31 63.08
765.7 39490.75 24982.10 63.26
767.0 39577.16 25076.54 63.36
768.2 39644.64 25182.53 63.52
769.5 39697.68 25256.69 63.62
770.8 39836.32 25401.36 63.76
772.0 39856.44 25447.43 63.85
773.3 39898.95 25533.89 64.00
774.6 39978.84 25635.52 64.12
775.8 40054.79 25690.08 64.14
777.1 40085.96 25729.24 64.19
778.4 40059.57 25689.48 64.13
779.6 39999.54 25711.63 64.28
780.9 39948.00 25705.60 64.35
782.1 39837.20 25663.27 64.42
783.4 39802.88 25678.85 64.52
784.6 39851.08 25719.38 64.54
785.9 40095.40 25985.74 64.81
787.1 40531.58 26356.35 65.03
788.4 40834.19 26535.57 64.98
789.6 40796.10 26347.46 64.58
790.9 40479.11 26025.34 64.29
792.1 40128.24 25770.30 64.22
793.4 39739.41 25509.52 64.19
794.6 39507.48 25313.42 64.07
795.8 39314.07 25192.15 64.08
797.1 39097.95 25050.87 64.07
798.3 38940.83 24959.88 64.10
799.5 38821.14 24900.89 64.14
800.8 38733.05 24833.60 64.11
802.0 38591.76 24751.52 64.14
803.2 38469.72 24655.70 64.09
804.5 38377.94 24589.74 64.07
805.7 38264.87 24513.76 64.06
806.9 38181.95 24449.48 64.03
808.1 38074.65 24385.90 64.05
809.4 38033.33 24368.19 64.07
810.6 37951.55 24358.88 64.18
811.8 37942.61 24343.99 64.16
813.0 37965.80 24375.52 64.20
814.2 37975.49 24418.27 64.30
815.4 38039.93 24458.47 64.30
816.6 38032.65 24462.56 64.32
817.9 38050.16 24450.04 64.26
819.1 37997.24 24370.48 64.14
820.3 37865.18 24269.39 64.09
821.5 37787.61 24206.03 64.06
822.7 37714.41 24161.93 64.07
823.9 37704.87 24141.74 64.03
825.1 37688.07 24108.70 63.97
826.3 37716.38 24111.59 63.93
827.5 37726.06 24099.93 63.88
828.7 37779.60 24074.98 63.72
829.9 37796.29 24065.98 63.67
831.0 37849.02 24092.50 63.65
832.2 37913.75 24125.75 63.63
833.4 37950.44 24140.89 63.61
834.6 37978.13 24181.88 63.67
835.8 38031.53 24220.35 63.68
837.0 38073.26 24293.27 63.81
838.1 38178.69 24395.82 63.90
839.3 38239.24 24457.14 63.96
840.5 38296.24 24519.85 64.03
841.7 38381.58 24647.33 64.22
842.9 38485.06 24761.92 64.34
844.0 38543.94 24853.29 64.48
845.2 38626.85 24968.92 64.64
846.4 38724.98 25063.79 64.72
847.5 38888.12 25191.28 64.78
848.7 39002.30 25294.48 64.85
849.9 39141.74 25377.41 64.83
851.0 39173.78 25367.47 64.76
852.2 39245.07 25395.32 64.71
853.3 39202.67 25353.08 64.67
854.5 39188.19 25367.84 64.73
855.6 39170.88 25369.42 64.77
856.8 39193.80 25401.52 64.81
857.9 39192.81 25430.25 64.88
859.1 39326.60 25489.44 64.81
860.2 39300.24 25504.34 64.90
861.4 39344.78 25536.22 64.90
862.5 39384.29 25566.53 64.92
863.7 39467.66 25603.83 64.87
864.8 39454.45 25623.78 64.95
865.9 39398.65 25610.81 65.00
867.1 39448.45 25595.96 64.88
868.2 39441.53 25599.11 64.90
869.3 39465.67 25598.36 64.86
870.5 39438.89 25557.31 64.80
871.6 39473.54 25555.11 64.74
872.7 39541.37 25615.32 64.78
873.9 39548.50 25605.95 64.75
875.0 39546.05 25603.26 64.74
876.1 39583.15 25566.14 64.59
877.2 39616.79 25540.22 64.47
878.3 39601.98 25503.93 64.40
879.4 39662.11 25501.94 64.30
880.5 39702.60 25492.46 64.21
881.7 39698.10 25434.50 64.07
882.8 39775.46 25445.26 63.97
883.9 39785.32 25386.24 63.81
885.0 39766.55 25283.08 63.58
886.1 39735.85 25199.74 63.42
887.2 39664.66 25025.46 63.09
888.3 39567.00 24930.81 63.01
889.4 39535.02 24829.50 62.80
890.5 39459.91 24742.14 62.70
891.6 39428.33 24681.95 62.60
892.7 39429.01 24620.06 62.44
893.8 39492.50 24645.79 62.41
894.9 39505.51 24621.78 62.32
896.0 39527.49 24547.98 62.10
897.0 39487.40 24514.13 62.08
898.1 39490.45 24496.71 62.03
899.2 39536.22 24452.12 61.85
900.3 39503.73 24395.22 61.75
901.4 39454.09 24285.24 61.55
902.4 39461.49 24262.14 61.48
903.5 39418.10 24179.47 61.34
904.6 39431.18 24170.45 61.30
905.7 39454.64 24144.86 61.20
906.7 39397.52 24099.06 61.17
907.8 39514.80 24065.29 60.90
908.9 39443.33 23990.56 60.82
909.9 39411.21 23898.60 60.64
911.0 39357.50 23832.23 60.55
912.1 39280.99 23690.55 60.31
913.1 39233.48 23625.06 60.22
914.2 39173.92 23512.29 60.02
915.2 39170.79 23436.54 59.83
916.3 39094.50 23380.32 59.80
917.3 39076.47 23336.78 59.72
918.4 39031.30 23190.86 59.42
919.4 39022.48 23093.77 59.18
920.5 39026.74 22978.05 58.88
921.5 39018.63 22912.62 58.72
922.6 38959.72 22779.69 58.47
923.6 39026.05 22736.64 58.26
924.7 39022.50 22652.40 58.05
925.7 39030.84 22541.02 57.75
926.7 39009.32 22427.07 57.49
927.8 39032.57 22311.29 57.16
928.8 39142.62 22272.58 56.90
929.9 39330.10 22193.98 56.43
930.9 39447.46 22195.62 56.27
931.9 39602.61 22206.98 56.07
932.9 39864.58 22232.03 55.77
934.0 39909.81 22132.01 55.46
935.0 39942.68 22033.28 55.16
936.0 39929.50 21875.35 54.78
937.0 39883.94 21758.33 54.55
938.1 39848.52 21587.00 54.17
939.1 39753.89 21482.48 54.04
940.1 39867.76 21405.25 53.69
941.1 39995.43 21352.22 53.39
942.1 40229.45 21345.73 53.06
943.1 40393.76 21311.67 52.76
944.1 40552.56 21271.45 52.45
945.2 40570.32 21165.31 52.17
946.2 40685.67 21002.46 51.62
947.2 40740.25 20929.20 51.37
948.2 40874.09 20836.81 50.98
949.2 40954.06 20724.28 50.60
950.2 41026.00 20574.82 50.15
951.2 41012.16 20420.40 49.79
952.2 41170.94 20309.45 49.33
953.2 41257.13 20211.56 48.99
954.2 41395.95 20091.96 48.54
955.2 41401.94 19946.67 48.18
956.2 41391.82 19825.49 47.90
957.2 41524.97 19726.35 47.50
958.2 41486.28 19634.23 47.33
959.2 41625.00 19613.70 47.12
960.1 41647.94 19484.50 46.78
961.1 41725.78 19496.40 46.73
962.1 41752.50 19422.75 46.52
963.1 41720.60 19431.91 46.58
964.1 41837.60 19432.07 46.45
965.1 41932.95 19443.38 46.37
966.1 41961.44 19404.95 46.24
967.0 42058.17 19420.80 46.18
968.0 42094.69 19457.10 46.22
969.0 42115.20 19396.96 46.06
970.0 42092.26 19344.34 45.96
971.0 42266.18 19458.39 46.04
971.9 42275.33 19555.29 46.26
972.9 42388.85 19483.14 45.96
973.9 42492.13 19492.46 45.87
974.9 42580.28 19531.45 45.87
975.8 42630.52 19459.04 45.65
976.8 42806.43 19462.38 45.47
977.8 42848.34 19509.53 45.53
978.8 42868.95 19558.32 45.62
979.7 43050.58 19640.45 45.62
980.7 43264.32 19691.63 45.51
981.7 43347.07 19947.48 46.02
982.6 43545.07 20010.57 45.95
983.6 44003.55 20324.17 46.19
984.6 44377.46 20528.35 46.26
985.5 44900.28 20600.50 45.88
986.5 45688.01 21120.82 46.23
987.5 46285.78 21483.93 46.42
988.4 47161.40 21809.48 46.24
989.4 47812.76 22470.75 47.00
990.4 48753.98 23180.04 47.54
991.3 50274.64 23041.12 45.83
992.3 50864.45 24023.67 47.23
993.2 51610.85 24683.45 47.83
994.2 53891.66 24694.02 45.82
995.2 55394.96 25627.16 46.26
996.1 55625.12 25550.88 45.93
997.1 56348.70 24624.05 43.70
998.0 54473.40 24667.20 45.28
999.0 55283.87 24426.08 44.18
1000.0 55127.21 25501.02 46.26
1000.9 55875.58 24868.57 44.51
1001.9 56355.47 25785.67 45.76
1002.8 54776.67 25924.84 47.33
1003.8 57170.04 24264.54 42.44
1004.8 54763.20 25921.25 47.33
961.5 49984.08 20883.10 41.78
965.5 48959.90 20556.34 41.99
969.5 47367.08 20171.29 42.59
973.4 45664.01 19473.70 42.65
977.4 44063.24 18753.46 42.56
981.4 43484.76 18633.59 42.85
985.3 43466.28 18723.94 43.08
989.3 43739.41 18949.48 43.32
993.3 44088.36 19248.35 43.66
997.2 44246.85 19491.16 44.05
1001.2 44240.69 19698.51 44.53
1005.2 44147.66 19894.84 45.06
1009.1 44170.72 20179.00 45.68
1013.1 44298.35 20544.77 46.38
1017.1 44409.64 20909.88 47.08
1021.0 44418.65 21216.89 47.77
1025.0 44431.92 21501.09 48.39
1029.0 44310.95 21697.91 48.97
1032.9 44196.36 21890.31 49.53
1036.9 44214.81 22175.46 50.15
1040.9 44317.48 22519.07 50.81
1044.8 44471.57 22872.52 51.43
1048.8 44586.22 23214.11 52.07
1052.7 44660.98 23497.66 52.61
1056.7 44664.90 23691.03 53.04
1060.7 44652.74 23841.97 53.39
1064.6 44643.90 23951.20 53.65
1068.6 44545.19 23997.42 53.87
1072.5 44448.63 23975.21 53.94
1076.5 44390.31 23926.16 53.90
1080.4 44363.13 23883.85 53.84
1084.4 44428.99 23851.49 53.68
1088.3 44526.89 23777.96 53.40
1092.3 44515.11 23618.47 53.06
1096.2 44485.25 23426.43 52.66
1100.2 44489.30 23258.21 52.28
1104.1 44387.15 23004.19 51.83
1108.1 44344.78 22772.63 51.35
1112.0 44255.25 22512.11 50.87
1116.0 44078.91 22140.56 50.23
1119.9 43920.46 21735.81 49.49
1123.9 43980.05 21360.19 48.57
1127.8 43933.44 20774.40 47.29
1131.8 43891.20 20017.74 45.61
1135.7 43904.71 19133.08 43.58
1139.6 43873.24 18155.10 41.38
1143.6 43814.30 17231.06 39.33
1147.5 43764.96 16434.34 37.55
1151.4 43600.54 15782.88 36.20
1155.4 43567.43 15381.49 35.31
1159.3 43548.37 15122.12 34.72
1163.2 43379.84 14896.24 34.34
1167.2 43333.14 14761.80 34.07
1171.1 43320.14 14672.61 33.87
1175.0 43247.45 14597.88 33.75
1179.0 43203.54 14515.72 33.60
1182.9 43281.26 14467.71 33.43
1186.8 43262.79 14396.54 33.28
1190.7 43059.97 14265.14 33.13
1194.7 42822.73 14147.91 33.04
1198.6 42602.18 14060.97 33.01
1202.5 42456.57 14023.24 33.03
1206.4 42335.53 14023.60 33.12
1210.3 42230.32 14030.14 33.22
1214.2 42126.94 14078.24 33.42
1218.2 41984.08 14114.25 33.62
1222.1 41854.50 14161.10 33.83
1226.0 41760.57 14246.02 34.11
1229.9 41673.90 14306.82 34.33
1233.8 41576.55 14365.03 34.55
1237.7 41528.30 14427.05 34.74
1241.6 41457.25 14479.70 34.93
1245.5 41309.15 14497.78 35.10
1249.4 41175.26 14501.79 35.22
1253.3 41058.30 14515.44 35.35
1257.2 40978.33 14541.36 35.49
1261.1 40873.57 14542.09 35.58
1265.0 40757.89 14522.66 35.63
1268.9 40587.74 14456.89 35.62
1272.8 40626.75 14443.80 35.55
1276.7 40780.33 14466.22 35.47
1280.6 40842.56 14427.34 35.32
1284.5 40748.73 14299.38 35.09
1288.4 40697.88 14179.85 34.84
1292.3 40562.50 14005.75 34.53
1296.2 40411.46 13784.41 34.11
1300.1 40239.63 13537.29 33.64
1303.9 40009.73 13241.43 33.10
1307.8 39785.54 12910.83 32.45
1311.7 39554.21 12555.99 31.74
1315.6 39326.35 12198.00 31.02
1319.5 39086.11 11801.17 30.19
1323.3 38870.69 11390.92 29.30
1327.2 38681.53 10991.20 28.41
1331.1 38474.56 10589.85 27.52
1335.0 38203.08 10175.21 26.63
1338.8 38009.09 9802.88 25.79
1342.7 37876.27 9476.40 25.02
1346.5 37598.34 9125.07 24.27
1350.4 37400.07 8798.42 23.53
1354.3 37094.65 8486.78 22.88
1358.1 36731.71 8173.04 22.25
1362.0 36487.36 7878.42 21.59
1365.8 36370.47 7620.84 20.95
1369.7 36432.94 7357.60 20.19
1373.5 36366.82 6984.39 19.21
1377.4 36166.21 6499.89 17.97
1381.2 35990.96 5953.26 16.54
1385.1 35936.27 5401.39 15.03
1389.0 35813.45 4840.55 13.52
1392.8 35598.92 4299.25 12.08
1396.6 35460.61 3822.19 10.78
1400.5 35253.63 3414.13 9.68
1404.3 35072.57 3092.04 8.82
1408.2 35016.72 2851.19 8.14
1412.0 34945.02 2662.43 7.62
1415.8 34962.39 2523.06 7.22
1419.6 34891.95 2414.34 6.92
1423.5 34842.23 2336.16 6.70
1427.3 34796.45 2272.54 6.53
1431.1 34758.75 2225.03 6.40
1434.9 34669.05 2189.14 6.31
1438.8 34606.94 2171.47 6.27
1442.6 34573.84 2157.98 6.24
1446.4 34441.31 2136.74 6.20
1450.2 34332.12 2127.95 6.20
1454.0 34220.52 2124.96 6.21
1457.8 34188.19 2129.80 6.23
1461.6 34155.00 2140.38 6.27
1465.4 34045.70 2154.04 6.33
1469.2 33870.20 2179.45 6.43
1473.0 33726.92 2215.52 6.57
1476.8 33664.28 2266.61 6.73
1480.7 33601.58 2331.42 6.94
1484.4 33488.64 2394.00 7.15
1488.2 33386.04 2469.24 7.40
1492.0 33257.25 2555.98 7.69
1495.8 33142.20 2639.00 7.96
1499.6 33034.11 2709.73 8.20
1503.4 32933.47 2757.04 8.37
1507.2 32852.74 2787.35 8.48
1510.9 32722.34 2825.66 8.64
1514.7 32573.11 2865.87 8.80
1518.5 32453.90 2926.15 9.02
1522.3 32317.90 2992.05 9.26
1526.0 32200.64 3054.82 9.49
1529.8 32127.61 3124.11 9.72
1533.6 32011.66 3185.87 9.95
1537.3 31894.88 3248.55 10.19
1541.1 31782.08 3316.14 10.43
1544.8 31651.20 3386.40 10.70
1548.6 31528.46 3449.74 10.94
1552.4 31450.00 3511.90 11.17
1556.1 31366.15 3554.75 11.33
1559.9 31270.43 3605.36 11.53
1563.6 31150.17 3667.12 11.77
1567.3 31046.10 3735.57 12.03
1571.1 30855.35 3789.76 12.28
1574.8 30723.08 3850.23 12.53
1578.6 30633.26 3913.93 12.78
1582.3 30519.48 3951.41 12.95
1586.0 30400.45 3989.34 13.12
1589.8 30269.89 4022.83 13.29
1593.5 30123.48 4049.77 13.44
1597.2 29998.09 4079.30 13.60
1600.9 29883.71 4111.53 13.76
1604.7 29753.95 4145.18 13.93
1608.4 29639.51 4181.63 14.11
1612.1 29489.62 4207.65 14.27
1615.8 29365.23 4232.15 14.41
1619.5 29298.37 4275.34 14.59
1623.2 29161.12 4301.75 14.75
1626.9 29003.45 4313.58 14.87
1630.6 28846.40 4339.06 15.04
1634.3 28721.00 4364.49 15.20
1638.0 28599.28 4371.14 15.28
1641.7 28456.49 4362.03 15.33
1645.4 28299.47 4352.29 15.38
1649.1 28138.66 4335.80 15.41
1652.8 28008.70 4319.23 15.42
1656.4 27859.80 4304.10 15.45
1660.1 27720.43 4291.75 15.48
1663.8 27551.22 4274.86 15.52
1667.5 27406.07 4257.23 15.53
1671.1 27282.14 4239.84 15.54
1674.8 27100.13 4206.40 15.52
1678.5 27060.12 4192.58 15.49
1682.1 27085.37 4176.34 15.42
1685.8 27087.74 4150.69 15.32
1689.5 26985.46 4111.62 15.24
1693.1 26859.21 4064.55 15.13
1696.8 26718.75 4020.88 15.05
1700.4 26575.97 3970.79 14.94
1704.0 26457.91 3915.70 14.80
1707.7 26210.69 3844.68 14.67
1711.3 25940.59 3755.56 14.48
1715.0 25755.85 3682.14 14.30
1718.6 25603.66 3617.96 14.13
1722.2 25471.82 3554.21 13.95
1725.9 25346.15 3491.61 13.78
1729.5 25225.17 3442.53 13.65
1733.1 25122.33 3406.58 13.56
1736.7 25028.77 3370.60 13.47
1740.3 24869.68 3324.26 13.37
1744.0 24796.20 3282.52 13.24
1747.5 24670.34 3225.46 13.07
1751.2 24460.97 3158.26 12.91
1754.8 24300.77 3095.73 12.74
1758.4 24168.99 3039.60 12.58
1762.0 24004.67 2981.47 12.42
1765.5 23878.06 2948.03 12.35
1769.1 23824.80 2925.60 12.28
1772.7 23745.17 2895.52 12.19
1776.3 23631.64 2862.30 12.11
1779.9 23517.13 2829.61 12.03
1783.5 23453.36 2809.84 11.98
1787.0 23338.16 2783.89 11.93
1790.6 23194.11 2767.12 11.93
1794.2 23099.94 2754.46 11.92
1797.8 23019.59 2743.05 11.92
1801.3 22943.45 2741.38 11.95
1804.9 22821.75 2730.00 11.96
1808.4 22758.56 2719.71 11.95
1812.0 22651.25 2715.00 11.99
1815.5 22537.46 2699.38 11.98
1819.1 22377.91 2674.32 11.95
1822.6 22230.86 2660.89 11.97
1826.2 22108.08 2639.46 11.94
1829.7 21962.63 2614.74 11.91
1833.2 21769.52 2586.91 11.88
1836.8 21568.82 2551.19 11.83
1840.3 21408.35 2519.60 11.77
1843.8 21283.15 2493.61 11.72
1847.3 21175.36 2472.23 11.68
1850.8 21026.88 2427.26 11.54
1854.3 20829.70 2376.51 11.41
1857.8 20716.80 2308.80 11.14
1861.3 20743.52 2204.48 10.63
1864.8 20771.48 2068.45 9.96
1868.3 20668.83 1909.70 9.24
1871.8 20505.60 1720.32 8.39
1875.3 20412.67 1539.27 7.54
1878.8 20386.82 1407.59 6.90
1882.3 20318.80 1261.11 6.21
1885.8 20165.84 1156.46 5.73
1889.3 19976.70 1067.65 5.34
1892.7 19815.25 991.65 5.00
1896.2 19650.94 964.70 4.91
1899.7 19441.16 950.21 4.89
1903.1 19313.45 983.14 5.09
1906.6 19304.54 1043.06 5.40
1910.0 19451.18 1146.64 5.89
1913.5 19794.95 1392.05 7.03
1917.0 20308.75 1624.70 8.00
1920.4 20662.58 1895.23 9.17
1923.8 20806.27 2221.50 10.68
1871.2 18887.00 1190.45 6.30
1873.9 18953.16 1191.96 6.29
1876.7 18991.47 1158.26 6.10
1879.5 19143.67 983.67 5.14
1882.3 18900.39 902.17 4.77
1885.1 18757.12 879.24 4.69
1887.8 18909.61 783.43 4.14
1890.6 18719.80 693.90 3.71
1893.4 18700.00 696.67 3.73
1896.2 18690.78 660.16 3.53
1898.9 18634.09 590.95 3.17
1901.7 18493.24 605.47 3.27
1904.5 18663.12 592.48 3.17
1907.2 18605.75 546.25 2.94
1910.0 18464.96 540.42 2.93
1912.7 18451.36 544.45 2.95
1915.5 18338.72 538.16 2.93
1918.2 18231.61 529.59 2.90
1921.0 18078.76 508.87 2.81
1923.7 18082.37 490.25 2.71
1926.5 18028.91 504.78 2.80
1929.2 17989.40 506.65 2.82
1932.0 17961.44 511.92 2.85
1934.7 17922.05 490.89 2.74
1937.4 17800.47 490.06 2.75
1940.2 17730.06 528.61 2.98
1942.9 17801.07 505.47 2.84
1945.6 17808.94 501.32 2.81
1948.3 17731.12 514.43 2.90
1951.1 17698.80 502.67 2.84
1953.8 17700.00 513.00 2.90
1956.5 17568.67 548.09 3.12
1959.2 17632.03 538.20 3.05
1961.9 17647.56 533.42 3.02
1964.6 17543.58 565.25 3.22
1967.3 17598.27 575.53 3.27
1970.0 17419.60 547.60 3.14
1972.8 17335.24 553.03 3.19
1975.5 17419.52 573.63 3.29
1978.2 17336.04 572.32 3.30
1980.9 17221.82 600.49 3.49
1983.5 17185.34 607.84 3.54
1986.2 17183.55 584.91 3.40
1988.9 17157.36 593.64 3.46
1991.6 17017.92 593.82 3.49
1994.3 16893.86 592.11 3.50
1997.0 16913.63 628.57 3.72
1999.7 16876.79 631.77 3.74
2002.3 16857.27 627.11 3.72
2005.0 16785.35 632.87 3.77
2007.7 16706.93 650.73 3.89
2010.4 16656.07 662.36 3.98
2013.0 16600.58 645.82 3.89
2015.7 16495.88 653.58 3.96
2018.4 16401.61 677.96 4.13
2021.0 16371.00 691.33 4.22
2023.7 16264.64 681.23 4.19
2026.4 16195.83 684.45 4.23
2029.0 16138.97 700.11 4.34
2031.7 16029.65 687.27 4.29
2034.3 16012.75 695.72 4.34
2037.0 15932.90 726.27 4.56
2039.6 15864.39 717.40 4.52
2042.3 15822.15 702.08 4.44
2044.9 15747.27 718.08 4.56
2047.5 15719.22 712.47 4.53
2050.2 15638.00 700.00 4.48
2052.8 15596.00 716.80 4.60
2055.4 15487.61 720.03 4.65
2058.1 15363.60 733.60 4.77
2060.7 15311.01 754.65 4.93
2063.3 15243.07 746.83 4.90
2065.9 15200.63 742.58 4.89
2068.6 15142.00 745.38 4.92
2071.2 15102.27 767.25 5.08
2073.8 15013.06 752.75 5.01
2076.4 14939.89 760.61 5.09
2079.0 14937.96 764.32 5.12
2081.6 14955.68 762.41 5.10
2084.2 14929.44 798.53 5.35
2086.8 14795.01 774.96 5.24
2089.4 14708.12 757.39 5.15
2092.1 14645.50 790.50 5.40
2094.7 14574.18 799.48 5.49
2097.2 14543.50 796.17 5.47
2099.8 14569.24 808.45 5.55
2102.4 14455.51 787.60 5.45
2105.0 14315.55 778.05 5.43
2107.6 14281.54 808.93 5.66
2110.2 14245.28 812.72 5.71
2112.8 14225.04 807.46 5.68
2115.3 14222.61 840.02 5.91
2117.9 14223.97 850.19 5.98
2120.5 14225.20 827.86 5.82
2123.1 14136.53 842.40 5.96
2125.6 14079.43 852.15 6.05
2128.2 14012.88 834.10 5.95
2130.8 13940.55 848.25 6.08
2133.3 13889.33 844.80 6.08
2135.9 13802.30 847.20 6.14
2138.4 13704.95 851.59 6.21
2141.0 13601.55 834.49 6.14
2143.6 13585.34 850.18 6.26
2146.1 13439.94 866.81 6.45
2148.7 13282.54 863.38 6.50
2151.2 13302.67 853.60 6.42
2153.8 13324.47 868.28 6.52
2156.3 13227.98 859.42 6.50
2158.8 13160.05 868.28 6.60
2161.4 13128.93 884.50 6.74
2163.9 13034.58 866.81 6.65
2166.4 12973.85 854.48 6.59
2169.0 12959.07 857.43 6.62
2171.5 12876.28 860.39 6.68
2174.0 12786.55 844.90 6.61
2176.5 12767.30 861.12 6.74
2179.1 12718.27 864.35 6.80
2181.6 12644.21 857.75 6.78
2184.1 12612.60 862.40 6.84
2186.6 12631.79 847.35 6.71
2189.1 12551.10 869.91 6.93
2191.6 12501.53 878.73 7.03
2194.1 12512.72 863.63 6.90
2196.6 12513.32 872.94 6.98
2199.2 12564.98 893.01 7.11
2201.7 12503.60 873.93 6.99
2204.1 12450.01 868.61 6.98
2206.6 12458.20 887.74 7.13
2209.1 12429.94 870.55 7.00
2211.6 12413.54 848.89 6.84
2214.1 12385.83 851.57 6.88
2216.6 12340.79 866.02 7.02
2219.1 12355.98 877.42 7.10
2221.6 12303.15 875.53 7.12
2224.0 12230.10 876.30 7.17
2226.5 12198.83 844.71 6.92
2229.0 12234.63 822.24 6.72
2231.5 12152.59 838.77 6.90
2233.9 12137.64 819.70 6.75
2236.4 12131.98 822.18 6.78
2238.9 12024.13 798.25 6.64
2241.3 12068.10 792.88 6.57
2243.8 12017.57 827.86 6.89
2246.2 11870.35 798.59 6.73
2248.7 11882.39 763.62 6.43
2251.2 11860.53 737.92 6.22
2253.6 11784.96 741.12 6.29
2256.1 11773.44 741.12 6.29
2258.5 11793.92 729.92 6.19
2260.9 11696.75 717.15 6.13
2263.4 11668.53 687.06 5.89
2265.8 11678.48 680.86 5.83
2268.3 11583.48 696.55 6.01
2270.7 11653.18 683.22 5.86
2273.1 11608.55 648.12 5.58
2275.6 11523.84 652.80 5.66
2278.0 11553.06 641.84 5.56
2280.4 11529.61 638.82 5.54
2282.8 11402.06 650.44 5.70
2285.3 11435.59 633.80 5.54
2287.7 11531.47 640.42 5.55
2290.1 11440.95 604.86 5.29
2292.5 11408.96 579.38 5.08
2294.9 11404.51 600.65 5.27
2297.3 11303.39 581.39 5.14
2299.7 11233.01 560.66 4.99
2302.1 11231.11 573.54 5.11
2304.5 11113.20 552.72 4.97
2306.9 10995.60 517.44 4.71
2309.3 10932.15 521.14 4.77
2311.7 10856.55 537.73 4.95
2314.1 10708.33 519.86 4.85
2316.5 10641.94 527.96 4.96
2318.9 10674.03 536.07 5.02
2321.3 10672.73 515.02 4.83
2323.7 10642.23 527.12 4.95
2326.1 10606.96 519.87 4.90
2328.4 10691.58 508.54 4.76
2330.8 10736.25 507.16 4.72
2333.2 10617.06 494.20 4.65
2335.6 10582.60 481.59 4.55
2337.9 10642.00 492.45 4.63
2340.3 10592.40 491.21 4.64
2342.7 10507.23 490.87 4.67
2345.0 10502.01 475.63 4.53
2347.4 10493.25 446.25 4.25
2349.7 10277.63 435.71 4.24
2352.1 10236.25 437.41 4.27
2354.4 10290.21 434.13 4.22
2356.8 10243.45 410.08 4.00
2359.2 10187.67 398.67 3.91
2361.5 10122.93 440.70 4.35
2363.8 10144.75 447.95 4.42
2366.2 10159.49 423.68 4.17
2368.5 10097.05 413.85 4.10
2370.9 10118.68 384.71 3.80
2373.2 10072.53 391.21 3.88
2375.5 9932.38 416.30 4.19
2377.9 9918.93 437.60 4.41
2380.2 9923.89 439.84 4.43
2382.5 9856.28 372.20 3.78
2384.8 9822.88 366.56 3.73
2387.2 9807.99 393.82 4.02
2389.5 9759.69 373.01 3.82
2391.8 9772.85 375.51 3.84
2394.1 9716.63 388.67 4.00
2396.4 9652.48 367.71 3.81
2398.7 9714.10 341.02 3.51
2401.0 9598.25 380.77 3.97
2403.3 9511.80 403.38 4.24
2405.6 9521.83 334.89 3.52
2407.9 9458.88 370.74 3.92
2410.2 9400.00 391.04 4.16
2412.5 9350.27 320.15 3.42
2414.8 9330.30 344.05 3.69
2417.1 9280.68 340.67 3.67
2419.4 9294.64 302.18 3.25
2421.7 9214.94 367.97 3.99
2424.0 9156.02 359.27 3.92
2426.2 9223.40 288.90 3.13
2428.5 9129.27 302.87 3.32
2430.8 9112.40 305.20 3.35
2433.1 9071.93 320.84 3.54
2435.4 8991.17 302.13 3.36
2437.6 8963.19 285.35 3.18
2439.9 8866.09 269.52 3.04
2442.2 8873.80 227.53 2.56
2444.4 8827.50 269.94 3.06
2446.7 8812.56 292.00 3.31
2448.9 8870.66 313.85 3.54
2451.2 8802.92 339.72 3.86
2453.4 8732.64 277.23 3.17
2455.7 8702.87 255.43 2.94
2457.9 8608.05 274.73 3.19
2460.2 8594.01 265.10 3.08
2462.4 8611.20 287.04 3.33
2464.7 8503.63 277.57 3.26
2466.9 8416.62 250.38 2.97
2469.2 8471.54 291.68 3.44
2471.4 8370.38 262.60 3.14
2473.6 8261.63 234.33 2.84
2475.9 8256.69 264.16 3.20
2478.1 8211.66 245.94 3.00
2480.3 8173.00 187.97 2.30
2482.5 8177.69 243.04 2.97
2484.8 8119.06 240.30 2.96
2487.0 8110.30 199.98 2.47
2489.2 8058.48 233.69 2.90
2491.4 7946.29 253.61 3.19
2493.6 7987.26 274.34 3.43
2495.8 7981.68 269.22 3.37
2498.0 7985.07 210.77 2.64
2500.2 7961.63 202.20 2.54
2502.4 8125.20 266.40 3.28
2504.6 8272.59 262.92 3.18
2506.8 8348.61 214.32 2.57
