/*** Spectra Vista SIG Data ***/
name= \My Documents\HR1024_Data\GD3T3.
instrument= HR: 1091052
integration= 200, 60, 30, 500, 60, 30
scan time= 1, 1
scan settings= AD, AI, AD, AI
external data set1= 8224, 8224, 8224, 8224, 8224, 8224, 8224, 8224, 8224, 8224, 8224, 8224, 8224, 8224, 8224, 8224
external data set2= 8224, 8224, 8224, 8224, 8224, 8224, 8224, 8224, 8224, 8224, 8224, 8224, 8224, 8224, 8224, 8224
external data dark= 0,0,0,0,0,0,0,0
external data mask= 0
optic= LENS4 , LENS4 
temp= 32.98, 8.88, -5.37, 35.88, 8.81, -5.37
battery= 7.6, 7.5
error= 0, 0
units= Radiance, Radiance
time= 1/26/08 10:33:54 AM, 1/26/08 10:37:52 AM
longitude= , 
latitude= , 
gpstime= , 
comm= 
memory slot= 0, 0
factors= 
data= 
346.4 598.78 127.40 21.28
347.9 627.50 128.01 20.40
349.5 677.04 128.54 18.99
351.1 739.44 131.04 17.72
352.6 790.63 130.30 16.48
354.2 841.03 140.06 16.65
355.7 912.59 140.09 15.35
357.3 974.37 145.64 14.95
358.8 992.58 153.78 15.49
360.4 1062.29 164.62 15.50
361.9 1117.88 161.59 14.45
363.5 1149.55 155.12 13.49
365.1 1196.29 165.05 13.80
366.6 1260.16 161.58 12.82
368.2 1349.72 159.82 11.84
369.7 1403.95 167.17 11.91
371.3 1488.21 176.48 11.86
372.8 1577.00 181.94 11.54
374.4 1638.71 176.22 10.75
375.9 1688.10 182.71 10.82
377.4 1740.09 180.84 10.39
379.0 1788.57 188.40 10.53
380.5 1855.73 189.57 10.22
382.1 1905.98 186.76 9.80
383.6 1973.16 184.84 9.37
385.2 2065.25 181.50 8.79
386.7 2149.76 184.11 8.56
388.3 2271.83 192.40 8.47
389.8 2363.45 198.74 8.41
391.3 2453.59 210.55 8.58
392.9 2526.36 219.63 8.69
394.4 2602.50 225.53 8.67
395.9 2690.98 234.87 8.73
397.5 2829.48 250.65 8.86
399.0 2963.31 259.56 8.76
400.6 3033.76 252.44 8.32
402.1 3072.78 246.65 8.03
403.6 3116.75 240.71 7.72
405.1 3199.00 241.30 7.54
406.7 3304.00 249.98 7.57
408.2 3412.53 260.17 7.62
409.7 3521.28 262.53 7.46
411.3 3642.17 268.06 7.36
412.8 3732.75 282.50 7.57
414.3 3845.02 293.70 7.64
415.8 3965.00 308.00 7.77
417.4 4085.95 315.74 7.73
418.9 4192.21 320.80 7.65
420.4 4267.16 326.02 7.64
421.9 4346.32 335.90 7.73
423.5 4413.15 337.17 7.64
425.0 4492.75 336.23 7.48
426.5 4594.55 339.70 7.39
428.0 4712.54 345.64 7.33
429.5 4856.53 358.66 7.39
431.1 5025.20 361.46 7.19
432.6 5198.44 369.12 7.10
434.1 5370.75 380.38 7.08
435.6 5520.56 393.97 7.14
437.1 5670.60 400.92 7.07
438.6 5806.58 405.58 6.98
440.1 5943.54 421.88 7.10
441.6 6091.61 434.14 7.13
443.1 6230.93 443.07 7.11
444.7 6356.12 463.61 7.29
446.2 6474.98 474.05 7.32
447.7 6582.53 491.05 7.46
449.2 6691.68 511.49 7.64
450.7 6814.08 529.15 7.77
452.2 6930.56 533.69 7.70
453.7 7066.33 540.87 7.65
455.2 7233.85 559.32 7.73
456.7 7443.04 580.10 7.79
458.2 7673.27 599.74 7.82
459.7 7920.50 619.50 7.82
461.2 8156.07 631.87 7.75
462.7 8366.46 648.70 7.75
464.2 8568.06 671.98 7.84
465.7 8788.58 687.92 7.83
467.2 8970.50 705.32 7.86
468.7 9176.00 724.00 7.89
470.2 9305.26 744.77 8.00
471.7 9490.50 758.10 7.99
473.2 9788.42 799.18 8.16
474.6 10042.30 825.50 8.22
476.1 10127.24 820.02 8.10
477.6 10169.21 824.50 8.11
479.1 10224.56 817.22 7.99
480.6 10293.47 829.70 8.06
482.1 10426.95 838.95 8.05
483.6 10590.11 856.69 8.09
485.1 10796.39 877.00 8.12
486.6 11041.55 902.17 8.17
488.0 11290.50 924.95 8.19
489.5 11568.25 958.02 8.28
491.0 11840.59 992.01 8.38
492.5 12119.22 1030.97 8.51
494.0 12409.65 1075.18 8.66
495.4 12660.45 1118.04 8.83
496.9 12912.44 1171.00 9.07
498.4 13155.80 1224.69 9.31
499.9 13408.52 1295.00 9.66
501.4 13645.90 1356.21 9.94
502.8 13864.50 1424.38 10.27
504.3 14081.40 1509.12 10.72
505.8 14291.05 1596.50 11.17
507.2 14436.37 1681.23 11.65
508.7 14548.87 1767.27 12.15
510.2 14651.50 1867.44 12.75
511.6 14718.08 1968.69 13.38
513.1 14838.45 2083.93 14.04
514.6 14986.45 2204.94 14.71
516.0 15112.04 2324.38 15.38
517.5 15305.31 2457.29 16.06
519.0 15537.89 2605.86 16.77
520.5 15768.60 2742.08 17.39
521.9 16045.99 2900.57 18.08
523.4 16363.11 3064.31 18.73
524.8 16675.79 3225.16 19.34
526.3 17027.53 3383.92 19.87
527.8 17380.80 3546.45 20.40
529.2 17706.86 3699.72 20.89
530.7 18056.71 3850.75 21.33
532.1 18377.28 3988.67 21.70
533.6 18738.23 4133.77 22.06
535.0 19114.67 4275.12 22.37
536.5 19476.07 4407.49 22.63
538.0 19846.24 4527.87 22.81
539.4 20198.95 4652.62 23.03
540.9 20626.19 4807.58 23.31
542.3 20984.92 4956.45 23.62
543.8 21250.33 5067.15 23.85
545.2 21329.19 5126.73 24.04
546.6 21331.64 5161.07 24.19
548.1 21362.06 5210.54 24.39
549.5 21376.46 5257.98 24.60
551.0 21386.66 5293.46 24.75
552.4 21443.54 5338.47 24.90
553.9 21463.89 5367.14 25.01
555.3 21521.57 5392.06 25.05
556.8 21650.10 5432.08 25.09
558.2 21773.81 5459.40 25.07
559.6 21936.94 5492.25 25.04
561.1 22168.25 5534.75 24.97
562.5 22423.78 5569.65 24.84
564.0 22757.43 5621.68 24.70
565.4 23059.14 5645.90 24.48
566.8 23449.52 5688.42 24.26
568.3 23818.66 5710.06 23.97
569.7 24198.01 5729.92 23.68
571.1 24579.14 5741.42 23.36
572.6 24952.86 5747.11 23.03
574.0 25317.60 5747.94 22.70
575.4 25678.69 5751.00 22.40
576.9 26008.29 5751.21 22.11
578.3 26306.64 5742.88 21.83
579.7 26593.28 5734.18 21.56
581.1 26823.10 5715.56 21.31
582.6 27065.10 5704.26 21.08
584.0 27286.52 5696.02 20.87
585.4 27587.92 5704.30 20.68
586.8 27978.96 5756.62 20.57
588.3 28419.30 5820.98 20.48
589.7 28786.68 5869.66 20.39
591.1 29016.81 5885.97 20.28
592.5 29127.43 5874.36 20.17
594.0 29186.34 5859.91 20.08
595.4 29194.56 5839.78 20.00
596.8 29193.45 5806.94 19.89
598.2 29177.08 5783.93 19.82
599.6 29153.88 5753.77 19.74
601.0 29216.28 5738.64 19.64
602.4 29261.60 5718.02 19.54
603.9 29364.60 5699.58 19.41
605.3 29484.10 5680.24 19.27
606.7 29584.80 5644.08 19.08
608.1 29785.49 5620.62 18.87
609.5 30013.28 5596.45 18.65
610.9 30296.78 5577.82 18.41
612.3 30557.28 5551.70 18.17
613.7 30914.00 5537.95 17.91
615.1 31159.08 5503.46 17.66
616.5 31406.64 5478.83 17.44
617.9 31801.61 5483.76 17.24
619.3 32170.62 5486.53 17.05
620.7 32635.92 5501.34 16.86
622.1 33083.75 5574.70 16.85
623.5 33564.04 5695.88 16.97
624.9 34116.86 5857.22 17.17
626.3 34490.69 5988.36 17.36
627.7 34145.81 5998.75 17.57
629.1 33851.16 5986.60 17.69
630.5 33743.57 5983.68 17.73
631.9 33775.53 5981.24 17.71
633.3 33808.52 5955.80 17.62
634.7 33992.91 5921.87 17.42
636.1 34075.08 5887.26 17.28
637.5 34196.58 5858.33 17.13
638.9 34374.61 5741.28 16.70
640.2 34545.58 5514.00 15.96
641.6 34634.34 5269.68 15.22
643.0 34657.83 5075.92 14.65
644.4 34696.37 4904.96 14.14
645.8 34653.86 4712.25 13.60
647.2 34834.41 4529.98 13.00
648.5 34958.93 4358.69 12.47
649.9 34861.32 4180.72 11.99
651.3 34789.65 4051.44 11.65
652.7 34680.00 3958.62 11.41
654.1 34452.30 3933.05 11.42
655.5 34172.42 3898.56 11.41
656.8 33904.63 3848.17 11.35
658.2 34070.04 3821.01 11.22
659.6 34442.82 3789.71 11.00
660.9 34748.70 3732.36 10.74
662.3 35067.95 3670.23 10.47
663.7 35364.00 3610.32 10.21
665.0 35617.00 3549.41 9.97
666.4 35877.31 3489.85 9.73
667.8 36209.10 3447.47 9.52
669.1 36482.80 3416.79 9.37
670.5 36799.72 3390.55 9.21
671.9 36995.40 3377.42 9.13
673.2 37270.13 3384.88 9.08
674.6 37530.47 3392.39 9.04
676.0 37841.78 3429.57 9.06
677.3 38141.57 3487.76 9.14
678.7 38483.75 3569.15 9.27
680.0 38922.37 3673.57 9.44
681.4 39389.45 3837.16 9.74
682.8 39844.35 4039.49 10.14
684.1 40287.78 4309.34 10.70
685.5 40705.56 4640.67 11.40
686.8 41091.84 5056.78 12.31
688.2 41433.89 5559.55 13.42
689.5 41549.57 6111.50 14.71
690.9 41633.44 6727.46 16.16
692.2 41697.60 7417.44 17.79
693.6 41771.65 8148.20 19.51
694.9 41721.88 8908.20 21.35
696.2 41751.90 9718.65 23.28
697.6 41766.04 10536.74 25.23
698.9 41796.48 11367.84 27.20
700.3 41844.24 12177.34 29.10
701.6 41918.48 12989.30 30.99
703.0 41979.40 13786.01 32.84
704.3 41981.71 14525.23 34.60
705.6 41967.18 15215.54 36.26
707.0 41980.75 15888.45 37.85
708.3 41872.71 16487.34 39.37
709.6 41753.67 17059.33 40.86
711.0 41589.99 17563.11 42.23
712.3 41418.66 18014.40 43.49
713.6 41354.04 18505.54 44.75
714.9 41240.96 18961.19 45.98
716.3 41218.54 19441.46 47.17
717.6 41221.95 19905.73 48.29
718.9 41134.56 20299.33 49.35
720.2 40936.00 20635.36 50.41
721.6 40765.66 20955.12 51.40
722.9 40572.15 21202.72 52.26
724.2 40305.71 21379.78 53.04
725.5 40134.57 21544.90 53.68
726.8 39960.91 21706.01 54.32
728.1 39855.98 21876.45 54.89
729.5 39766.23 22029.31 55.40
730.8 39707.44 22179.23 55.86
732.1 39612.07 22276.20 56.24
733.4 39556.45 22390.48 56.60
734.7 39507.57 22475.73 56.89
736.0 39511.29 22594.94 57.19
737.3 39463.58 22690.89 57.50
738.6 39569.04 22857.36 57.77
739.9 39770.92 23058.57 57.98
741.2 39928.98 23222.47 58.16
742.5 40206.42 23448.06 58.32
743.8 40696.43 23758.35 58.38
745.1 41398.16 24227.65 58.52
746.4 42245.84 24800.96 58.71
747.7 43136.62 25425.36 58.94
749.0 43980.49 26076.96 59.29
750.3 44484.44 26537.95 59.66
751.6 44396.66 26647.78 60.02
752.9 43969.12 26489.03 60.24
754.2 43470.53 26247.02 60.38
755.4 42928.75 25941.70 60.43
756.7 42746.48 25837.46 60.44
758.0 42774.71 25863.52 60.46
759.3 43048.01 26026.16 60.46
760.6 43418.76 26236.67 60.43
761.9 43775.94 26450.12 60.42
763.1 43996.61 26594.99 60.45
764.4 44239.34 26767.78 60.51
765.7 44424.25 26920.40 60.60
767.0 44583.75 27050.12 60.67
768.2 44688.00 27152.83 60.76
769.5 44782.92 27222.44 60.79
770.8 44990.42 27345.98 60.78
772.0 45014.41 27409.94 60.89
773.3 45100.97 27473.28 60.92
774.6 45226.84 27592.23 61.01
775.8 45313.45 27702.35 61.13
777.1 45344.81 27747.60 61.19
778.4 45245.88 27740.80 61.31
779.6 45226.44 27753.66 61.37
780.9 45132.00 27694.40 61.36
782.1 44952.26 27603.41 61.41
783.4 44936.32 27634.05 61.50
784.6 44935.72 27636.82 61.50
785.9 45255.62 27784.02 61.39
787.1 45836.93 28160.27 61.44
788.4 46288.94 28577.53 61.74
789.6 46219.23 28799.13 62.31
790.9 45788.99 28711.04 62.70
792.1 45296.16 28428.93 62.76
793.4 44771.54 28149.23 62.87
794.6 44415.30 27984.94 63.01
795.8 44134.47 27841.52 63.08
797.1 43801.05 27643.98 63.11
798.3 43569.08 27513.59 63.15
799.5 43411.48 27460.62 63.26
800.8 43273.13 27401.35 63.32
802.0 43071.08 27327.92 63.45
803.2 42890.28 27261.02 63.56
804.5 42742.15 27216.41 63.68
805.7 42601.95 27144.05 63.72
806.9 42426.40 27070.36 63.81
808.1 42305.67 27031.42 63.90
809.4 42221.44 27010.83 63.97
810.6 42105.70 26952.38 64.01
811.8 42062.43 26889.96 63.93
813.0 42071.08 26878.31 63.89
814.2 42081.20 26892.87 63.91
815.4 42185.03 26957.77 63.90
816.6 42225.34 26986.70 63.91
817.9 42273.21 27048.40 63.98
819.1 42166.58 27032.04 64.11
820.3 42039.03 26930.52 64.06
821.5 41905.07 26885.87 64.16
822.7 41849.58 26826.51 64.10
823.9 41838.35 26802.18 64.06
825.1 41851.34 26774.29 63.97
826.3 41890.94 26744.42 63.84
827.5 41937.05 26702.92 63.67
828.7 42011.28 26681.47 63.51
829.9 42039.57 26633.90 63.35
831.0 42140.75 26636.30 63.21
832.2 42235.78 26629.30 63.05
833.4 42305.18 26612.30 62.91
834.6 42417.19 26623.13 62.76
835.8 42496.65 26656.56 62.73
837.0 42597.61 26657.95 62.58
838.1 42745.68 26727.49 62.53
839.3 42856.00 26749.94 62.42
840.5 42989.60 26809.34 62.36
841.7 43156.80 26883.09 62.29
842.9 43298.86 26941.06 62.22
844.0 43430.88 27026.63 62.23
845.2 43568.90 27095.05 62.19
846.4 43732.15 27165.51 62.12
847.5 43960.00 27305.75 62.12
848.7 44164.79 27442.61 62.14
849.9 44393.85 27592.80 62.15
851.0 44478.08 27710.44 62.30
852.2 44569.63 27774.88 62.32
853.3 44562.81 27829.92 62.45
854.5 44594.90 27873.01 62.50
855.6 44615.97 27877.90 62.48
856.8 44687.86 27864.12 62.35
857.9 44681.40 27861.17 62.36
859.1 44832.20 27949.60 62.34
860.2 44876.88 27981.17 62.35
861.4 44954.55 28006.81 62.30
862.5 45021.69 28061.71 62.33
863.7 45150.84 28084.24 62.20
864.8 45213.35 28105.56 62.16
865.9 45167.77 28072.30 62.15
867.1 45241.43 28137.75 62.19
868.2 45295.54 28138.16 62.12
869.3 45314.27 28152.27 62.13
870.5 45282.48 28126.49 62.11
871.6 45315.83 28127.17 62.07
872.7 45413.27 28161.53 62.01
873.9 45478.16 28148.30 61.89
875.0 45456.71 28116.24 61.85
876.1 45452.45 28092.56 61.81
877.2 45498.99 28081.08 61.72
878.3 45519.98 28030.43 61.58
879.4 45563.53 28060.57 61.59
880.5 45631.08 28029.46 61.43
881.7 45596.20 28030.34 61.48
882.8 45693.96 28067.67 61.43
883.9 45722.91 28055.53 61.36
885.0 45675.63 28044.20 61.40
886.1 45712.78 28048.62 61.36
887.2 45537.58 27960.13 61.40
888.3 45475.07 27876.75 61.30
889.4 45347.40 27795.08 61.29
890.5 45259.13 27739.00 61.29
891.6 45193.70 27644.94 61.17
892.7 45201.31 27580.40 61.02
893.8 45270.56 27545.72 60.85
894.9 45248.28 27517.82 60.82
896.0 45235.90 27437.05 60.65
897.0 45257.72 27446.38 60.64
898.1 45230.13 27405.56 60.59
899.2 45252.30 27422.24 60.60
900.3 45165.90 27246.02 60.32
901.4 45101.16 27203.99 60.32
902.4 45077.20 27167.54 60.27
903.5 45018.01 27100.18 60.20
904.6 45035.56 27049.98 60.06
905.7 45038.93 26996.49 59.94
906.7 44985.82 26951.02 59.91
907.8 45025.57 26904.93 59.75
908.9 44904.57 26824.19 59.74
909.9 44897.74 26741.44 59.56
911.0 44830.08 26645.02 59.44
912.1 44749.25 26562.37 59.36
913.1 44707.00 26438.88 59.14
914.2 44554.62 26299.93 59.03
915.2 44505.45 26241.73 58.96
916.3 44491.35 26182.26 58.85
917.3 44461.10 26084.66 58.67
918.4 44383.35 25929.97 58.42
919.4 44330.69 25815.50 58.23
920.5 44315.70 25713.44 58.02
921.5 44285.78 25653.63 57.93
922.6 44268.10 25471.80 57.54
923.6 44262.16 25375.98 57.33
924.7 44333.00 25271.10 57.00
925.7 44276.22 25125.70 56.75
926.7 44252.98 25064.26 56.64
927.8 44374.33 24971.09 56.27
928.8 44502.63 24917.89 55.99
929.9 44598.23 24861.96 55.75
930.9 44802.27 24844.48 55.45
931.9 45011.35 24799.49 55.10
932.9 45355.12 24809.80 54.70
934.0 45370.16 24695.80 54.43
935.0 45397.97 24526.45 54.03
936.0 45413.73 24329.63 53.57
937.0 45319.95 24142.09 53.27
938.1 45295.44 23980.78 52.94
939.1 45257.91 23818.69 52.63
940.1 45342.90 23706.99 52.28
941.1 45568.46 23660.17 51.92
942.1 45803.34 23620.28 51.57
943.1 45999.43 23533.65 51.16
944.1 46171.28 23482.94 50.86
945.2 46338.18 23347.46 50.38
946.2 46411.22 23239.91 50.07
947.2 46518.25 23128.05 49.72
948.2 46693.82 23001.53 49.26
949.2 46838.19 22879.03 48.85
950.2 46912.95 22755.38 48.51
951.2 46909.80 22556.69 48.09
952.2 47054.57 22453.70 47.72
953.2 47260.85 22329.13 47.25
954.2 47365.65 22202.46 46.87
955.2 47408.68 22048.26 46.51
956.2 47434.65 21917.00 46.20
957.2 47543.77 21795.42 45.84
958.2 47601.59 21702.02 45.59
959.2 47735.55 21638.34 45.33
960.1 47775.14 21574.55 45.16
961.1 47870.63 21543.52 45.00
962.1 47933.44 21510.38 44.88
963.1 48032.50 21409.40 44.57
964.1 48057.21 21419.36 44.57
965.1 48243.99 21400.00 44.36
966.1 48335.33 21435.16 44.35
967.0 48410.39 21411.43 44.23
968.0 48434.88 21436.07 44.26
969.0 48556.60 21417.12 44.11
970.0 48603.65 21436.81 44.11
971.0 48737.12 21427.01 43.96
971.9 48722.90 21454.14 44.03
972.9 48879.95 21528.82 44.04
973.9 48859.53 21525.92 44.06
974.9 49044.08 21632.18 44.11
975.8 49101.73 21616.11 44.02
976.8 49135.91 21730.19 44.22
977.8 49315.41 21828.76 44.26
978.8 49372.50 21860.10 44.28
979.7 49504.50 21943.33 44.33
980.7 49626.72 22093.43 44.52
981.7 49868.69 22243.09 44.60
982.6 50026.42 22257.44 44.49
983.6 50542.44 22661.02 44.84
984.6 51139.74 22774.39 44.53
985.5 51570.00 23213.38 45.01
986.5 52881.11 23397.32 44.25
987.5 53801.49 24160.26 44.91
988.4 54737.10 24626.36 44.99
989.4 56052.04 25416.92 45.35
990.4 57074.27 26508.15 46.45
991.3 59136.61 26994.92 45.65
992.3 61232.97 28092.83 45.88
993.2 62381.81 29530.38 47.34
994.2 63759.15 30159.09 47.30
995.2 64627.45 30663.07 47.45
996.1 65405.36 31541.27 48.22
997.1 65143.00 32050.36 49.20
998.0 67149.60 30834.00 45.92
999.0 66846.51 32230.86 48.22
1000.0 67127.69 31501.26 46.93
1000.9 65712.83 32738.37 49.82
1001.9 66491.34 33083.50 49.76
1002.8 64393.95 32447.86 50.39
1003.8 65025.46 32992.79 50.74
1004.8 66172.20 33770.64 51.03
961.5 59748.86 23106.76 38.67
965.5 58598.35 22859.33 39.01
969.5 56260.49 22362.42 39.75
973.4 53913.29 22088.22 40.97
977.4 51859.95 22002.09 42.43
981.4 50850.20 22172.83 43.60
985.3 50481.20 22369.07 44.31
989.3 50535.22 22564.06 44.65
993.3 50635.09 22709.47 44.85
997.2 50595.02 22815.35 45.09
1001.2 50545.04 22985.04 45.47
1005.2 50473.33 23235.96 46.04
1009.1 50535.74 23607.29 46.71
1013.1 50697.93 24017.97 47.37
1017.1 50843.90 24407.38 48.00
1021.0 50855.49 24732.48 48.63
1025.0 50816.26 25080.94 49.36
1029.0 50641.08 25374.69 50.11
1032.9 50496.42 25653.29 50.80
1036.9 50486.34 26012.72 51.52
1040.9 50614.23 26418.76 52.20
1044.8 50848.91 26807.79 52.72
1048.8 51055.33 27153.54 53.18
1052.7 51200.97 27457.34 53.63
1056.7 51265.76 27650.60 53.94
1060.7 51328.86 27800.79 54.16
1064.6 51364.29 27926.12 54.37
1068.6 51285.22 27938.59 54.48
1072.5 51205.93 27906.90 54.50
1076.5 51155.97 27850.07 54.44
1080.4 51154.95 27751.29 54.25
1084.4 51258.31 27658.34 53.96
1088.3 51367.47 27555.85 53.64
1092.3 51376.13 27335.38 53.21
1096.2 51342.58 27050.66 52.69
1100.2 51360.86 26807.76 52.19
1104.1 51244.60 26484.09 51.68
1108.1 51175.76 26184.08 51.16
1112.0 51059.75 25844.27 50.62
1116.0 50831.30 25443.41 50.05
1119.9 50653.13 24998.72 49.35
1123.9 50703.41 24532.54 48.38
1127.8 50649.60 23857.92 47.10
1131.8 50608.23 23000.97 45.45
1135.7 50617.81 22022.60 43.51
1139.6 50606.06 20960.44 41.42
1143.6 50555.26 19940.26 39.44
1147.5 50517.05 19094.71 37.80
1151.4 50365.69 18373.16 36.48
1155.4 50355.11 17907.14 35.56
1159.3 50376.78 17612.78 34.96
1163.2 50207.59 17334.72 34.53
1167.2 50161.80 17176.08 34.24
1171.1 50174.37 17077.73 34.04
1175.0 50101.08 16963.60 33.86
1179.0 50065.70 16862.12 33.68
1182.9 50165.17 16800.65 33.49
1186.8 50159.61 16731.49 33.36
1190.7 49934.95 16618.29 33.28
1194.7 49665.47 16480.98 33.18
1198.6 49438.62 16375.59 33.12
1202.5 49264.40 16340.87 33.17
1206.4 49122.14 16320.19 33.22
1210.3 49037.26 16323.01 33.29
1214.2 48930.30 16355.01 33.43
1218.2 48765.56 16389.14 33.61
1222.1 48630.48 16433.95 33.79
1226.0 48538.40 16491.31 33.98
1229.9 48450.48 16558.26 34.18
1233.8 48352.03 16609.96 34.35
1237.7 48317.50 16667.49 34.50
1241.6 48229.08 16702.42 34.63
1245.5 48061.09 16700.09 34.75
1249.4 47934.98 16721.09 34.88
1253.3 47803.87 16727.35 34.99
1257.2 47735.46 16736.84 35.06
1261.1 47624.11 16714.51 35.10
1265.0 47490.52 16651.96 35.06
1268.9 47304.07 16568.48 35.03
1272.8 47372.70 16555.65 34.95
1276.7 47590.81 16566.57 34.81
1280.6 47691.16 16510.22 34.62
1284.5 47615.01 16384.23 34.41
1288.4 47591.67 16252.44 34.15
1292.3 47467.75 16046.25 33.80
1296.2 47318.59 15809.05 33.41
1300.1 47148.87 15535.08 32.95
1303.9 46897.39 15218.39 32.45
1307.8 46639.44 14870.58 31.88
1311.7 46386.67 14486.28 31.23
1315.6 46123.85 14088.05 30.54
1319.5 45848.18 13659.02 29.79
1323.3 45606.50 13219.71 28.99
1327.2 45386.16 12799.75 28.20
1331.1 45132.53 12389.90 27.45
1335.0 44824.46 11982.82 26.73
1338.8 44600.56 11616.33 26.05
1342.7 44421.07 11272.00 25.38
1346.5 44042.02 10897.15 24.74
1350.4 43720.62 10575.38 24.19
1354.3 43279.60 10240.69 23.66
1358.1 42799.92 9917.33 23.17
1362.0 42533.76 9626.34 22.63
1365.8 42447.40 9334.33 21.99
1369.7 42569.31 9047.17 21.25
1373.5 42515.11 8654.08 20.36
1377.4 42239.08 8164.50 19.33
1381.2 42024.35 7630.92 18.16
1385.1 42007.68 7084.17 16.86
1389.0 41913.21 6507.60 15.53
1392.8 41686.58 5938.63 14.25
1396.6 41522.45 5452.39 13.13
1400.5 41297.26 5025.59 12.17
1404.3 41119.22 4667.51 11.35
1408.2 41089.83 4399.96 10.71
1412.0 41038.18 4186.93 10.20
1415.8 41063.56 4019.71 9.79
1419.6 41020.11 3881.88 9.46
1423.5 40984.07 3777.42 9.22
1427.3 40938.38 3703.39 9.05
1431.1 40915.35 3657.23 8.94
1434.9 40812.08 3619.96 8.87
1438.8 40755.58 3585.94 8.80
1442.6 40720.04 3556.63 8.73
1446.4 40579.53 3531.26 8.70
1450.2 40476.97 3518.24 8.69
1454.0 40349.16 3508.92 8.70
1457.8 40313.93 3507.24 8.70
1461.6 40291.52 3520.24 8.74
1465.4 40157.17 3536.18 8.81
1469.2 39958.10 3553.55 8.89
1473.0 39808.79 3584.00 9.00
1476.8 39739.71 3642.52 9.17
1480.7 39668.27 3710.21 9.35
1484.4 39532.92 3780.24 9.56
1488.2 39418.92 3871.44 9.82
1492.0 39281.08 3965.86 10.10
1495.8 39157.30 4051.78 10.35
1499.6 39041.55 4115.87 10.54
1503.4 38891.42 4150.43 10.67
1507.2 38758.78 4184.50 10.80
1510.9 38603.27 4231.46 10.96
1514.7 38431.80 4299.98 11.19
1518.5 38296.78 4370.38 11.41
1522.3 38148.01 4418.19 11.58
1526.0 38038.86 4445.33 11.69
1529.8 37977.87 4441.91 11.70
1533.6 37845.65 4462.13 11.79
1537.3 37710.11 4554.70 12.08
1541.1 37580.52 4659.42 12.40
1544.8 37449.60 4740.00 12.66
1548.6 37314.89 4808.00 12.88
1552.4 37219.38 4889.59 13.14
1556.1 37135.69 4974.24 13.39
1559.9 37030.39 5034.58 13.60
1563.6 36900.49 5076.63 13.76
1567.3 36782.10 5140.89 13.98
1571.1 36560.28 5203.45 14.23
1574.8 36404.14 5268.11 14.47
1578.6 36302.38 5327.63 14.68
1582.3 36157.52 5365.69 14.84
1586.0 36009.48 5398.19 14.99
1589.8 35863.84 5435.15 15.15
1593.5 35710.53 5459.75 15.29
1597.2 35575.62 5481.48 15.41
1600.9 35432.24 5514.89 15.56
1604.7 35280.85 5548.53 15.73
1608.4 35142.04 5574.70 15.86
1612.1 34980.47 5589.38 15.98
1615.8 34834.07 5610.79 16.11
1619.5 34752.20 5644.22 16.24
1623.2 34595.03 5656.00 16.35
1626.9 34406.93 5665.06 16.46
1630.6 34230.90 5670.06 16.56
1634.3 34081.71 5687.14 16.69
1638.0 33920.36 5702.02 16.81
1641.7 33748.10 5704.75 16.90
1645.4 33556.70 5702.51 16.99
1649.1 33353.05 5697.73 17.08
1652.8 33189.89 5692.67 17.15
1656.4 33018.59 5680.57 17.20
1660.1 32845.97 5671.16 17.27
1663.8 32642.92 5647.25 17.30
1667.5 32483.35 5620.86 17.30
1671.1 32351.26 5592.38 17.29
1674.8 32144.07 5545.54 17.25
1678.5 32080.00 5524.67 17.22
1682.1 32102.13 5496.67 17.12
1685.8 32123.16 5468.37 17.02
1689.5 32018.65 5423.09 16.94
1693.1 31881.24 5365.68 16.83
1696.8 31732.38 5303.38 16.71
1700.4 31582.94 5233.25 16.57
1704.0 31466.76 5166.72 16.42
1707.7 31189.67 5074.50 16.27
1711.3 30882.00 4965.27 16.08
1715.0 30659.79 4877.64 15.91
1718.6 30484.31 4801.58 15.75
1722.2 30333.58 4719.68 15.56
1725.9 30181.80 4637.79 15.37
1729.5 30037.98 4579.62 15.25
1733.1 29910.73 4541.31 15.18
1736.7 29788.38 4502.92 15.12
1740.3 29614.18 4457.10 15.05
1744.0 29528.30 4415.83 14.95
1747.5 29373.44 4361.18 14.85
1751.2 29138.63 4281.09 14.69
1754.8 28975.37 4211.91 14.54
1758.4 28834.48 4145.78 14.38
1762.0 28639.33 4080.41 14.25
1765.5 28498.38 4032.63 14.15
1769.1 28452.00 4003.20 14.07
1772.7 28378.96 3975.28 14.01
1776.3 28252.73 3939.01 13.94
1779.9 28119.54 3898.68 13.86
1783.5 28061.20 3871.28 13.80
1787.0 27938.82 3843.46 13.76
1790.6 27774.17 3809.19 13.71
1794.2 27666.21 3785.80 13.68
1797.8 27558.84 3772.02 13.69
1801.3 27465.68 3761.60 13.70
1804.9 27315.75 3743.25 13.70
1808.4 27221.13 3736.60 13.73
1812.0 27071.27 3716.84 13.73
1815.5 26907.62 3694.62 13.73
1819.1 26703.43 3669.02 13.74
1822.6 26545.43 3642.13 13.72
1826.2 26400.51 3623.02 13.72
1829.7 26207.46 3590.39 13.70
1833.2 25952.41 3525.35 13.58
1836.8 25712.51 3478.02 13.53
1840.3 25567.16 3432.83 13.43
1843.8 25454.03 3378.55 13.27
1847.3 25371.56 3315.87 13.07
1850.8 25264.51 3225.60 12.77
1854.3 25105.60 3130.82 12.47
1857.8 25027.60 3052.40 12.20
1861.3 25027.70 3000.71 11.99
1864.8 24948.54 2898.50 11.62
1868.3 24715.93 2769.07 11.20
1871.8 24529.92 2649.60 10.80
1875.3 24489.01 2490.67 10.17
1878.8 24485.84 2335.67 9.54
1882.3 24423.29 2169.74 8.88
1885.8 24245.59 1999.72 8.25
1889.3 24030.42 1868.38 7.78
1892.7 23852.68 1761.95 7.39
1896.2 23673.74 1678.58 7.09
1899.7 23427.69 1638.30 6.99
1903.1 23323.61 1629.94 6.99
1906.6 23396.53 1652.84 7.06
1910.0 23683.33 1813.78 7.66
1913.5 24138.15 1976.71 8.19
1917.0 24628.98 2363.20 9.60
1920.4 25146.40 2865.95 11.40
1923.8 25520.19 3034.25 11.89
1871.2 22263.77 1717.00 7.71
1873.9 22507.55 1653.70 7.35
1876.7 22626.01 1607.59 7.11
1879.5 22737.83 1551.17 6.82
1882.3 22382.76 1398.36 6.25
1885.1 22317.18 1258.52 5.64
1887.8 22505.15 1245.25 5.53
1890.6 22306.26 1130.52 5.07
1893.4 22256.67 1070.67 4.81
1896.2 22163.50 1003.99 4.53
1898.9 22083.42 957.08 4.33
1901.7 21937.94 928.78 4.23
1904.5 22143.94 899.30 4.06
1907.2 22059.00 897.75 4.07
1910.0 21927.95 903.58 4.12
1912.7 21918.25 912.76 4.16
1915.5 21816.04 891.91 4.09
1918.2 21741.95 887.43 4.08
1921.0 21589.30 876.78 4.06
1923.7 21620.81 860.43 3.98
1926.5 21581.93 859.76 3.98
1929.2 21568.04 849.77 3.94
1932.0 21551.20 846.88 3.93
1934.7 21508.34 862.96 4.01
1937.4 21385.99 840.55 3.93
1940.2 21322.79 839.02 3.93
1942.9 21412.44 883.05 4.12
1945.6 21432.94 896.94 4.18
1948.3 21347.13 899.49 4.21
1951.1 21319.83 890.96 4.18
1953.8 21321.00 882.00 4.14
1956.5 21174.65 901.50 4.26
1959.2 21255.91 911.95 4.29
1961.9 21274.22 914.86 4.30
1964.6 21161.18 940.10 4.44
1967.3 21232.43 934.50 4.40
1970.0 21063.36 926.48 4.40
1972.8 20962.32 944.28 4.50
1975.5 21019.32 971.65 4.62
1978.2 20951.00 957.76 4.57
1980.9 20833.51 979.44 4.70
1983.5 20753.87 1000.47 4.82
1986.2 20730.84 992.31 4.79
1988.9 20710.47 1018.50 4.92
1991.6 20560.54 1022.52 4.97
1994.3 20429.18 1019.58 4.99
1997.0 20463.02 1055.30 5.16
1999.7 20411.81 1074.00 5.26
2002.3 20392.69 1067.24 5.23
2005.0 20300.64 1084.50 5.34
2007.7 20215.73 1083.60 5.36
2010.4 20150.59 1082.05 5.37
2013.0 20054.41 1106.71 5.52
2015.7 19971.23 1119.62 5.61
2018.4 19850.99 1117.65 5.63
2021.0 19776.67 1133.33 5.73
2023.7 19665.12 1133.49 5.76
2026.4 19623.72 1137.93 5.80
2029.0 19549.52 1149.97 5.88
2031.7 19389.93 1143.57 5.90
2034.3 19392.75 1146.38 5.91
2037.0 19277.12 1154.15 5.99
2039.6 19203.81 1173.16 6.11
2042.3 19169.68 1185.12 6.18
2044.9 19085.22 1183.71 6.20
2047.5 19057.17 1161.27 6.09
2050.2 18939.20 1162.00 6.14
2052.8 18894.40 1215.20 6.43
2055.4 18768.37 1207.52 6.43
2058.1 18622.80 1190.00 6.39
2060.7 18569.98 1210.24 6.52
2063.3 18475.60 1195.48 6.47
2065.9 18427.79 1194.83 6.48
2068.6 18352.42 1214.38 6.62
2071.2 18299.61 1233.18 6.74
2073.8 18217.15 1231.27 6.76
2076.4 18153.52 1220.90 6.73
2079.0 18135.74 1222.35 6.74
2081.6 18151.63 1237.87 6.82
2084.2 18112.28 1244.36 6.87
2086.8 17948.60 1244.47 6.93
2089.4 17865.33 1242.46 6.95
2092.1 17782.00 1269.33 7.14
2094.7 17712.75 1279.73 7.22
2097.2 17685.67 1275.00 7.21
2099.8 17677.80 1300.93 7.36
2102.4 17557.58 1288.03 7.34
2105.0 17419.20 1265.40 7.26
2107.6 17352.05 1295.99 7.47
2110.2 17317.12 1310.01 7.56
2112.8 17308.85 1299.95 7.51
2115.3 17299.79 1307.66 7.56
2117.9 17305.54 1308.65 7.56
2120.5 17283.04 1323.41 7.66
2123.1 17169.75 1348.43 7.85
2125.6 17130.75 1352.89 7.90
2128.2 17041.98 1349.19 7.92
2130.8 16938.68 1339.65 7.91
2133.3 16907.73 1340.53 7.93
2135.9 16811.63 1329.63 7.91
2138.4 16669.29 1323.05 7.94
2141.0 16557.51 1328.13 8.02
2143.6 16519.94 1345.64 8.15
2146.1 16331.26 1336.94 8.19
2148.7 16166.35 1315.63 8.14
2151.2 16200.80 1311.20 8.09
2153.8 16223.65 1330.39 8.20
2156.3 16092.71 1331.95 8.28
2158.8 16012.97 1329.00 8.30
2161.4 15977.02 1338.54 8.38
2163.9 15879.72 1338.54 8.43
2166.4 15806.34 1342.33 8.49
2169.0 15776.77 1348.24 8.55
2171.5 15691.03 1318.67 8.40
2174.0 15580.08 1294.13 8.31
2176.5 15568.93 1327.56 8.53
2179.1 15528.15 1328.15 8.55
2181.6 15436.46 1304.88 8.45
2184.1 15393.84 1305.92 8.48
2186.6 15412.36 1324.38 8.59
2189.1 15330.96 1309.68 8.54
2191.6 15265.13 1329.53 8.71
2194.1 15289.63 1358.56 8.89
2196.6 15291.79 1317.91 8.62
2199.2 15355.64 1318.59 8.59
2201.7 15282.97 1335.96 8.74
2204.1 15217.08 1319.40 8.67
2206.6 15263.16 1316.69 8.63
2209.1 15196.78 1290.69 8.49
2211.6 15154.34 1290.46 8.52
2214.1 15142.04 1300.17 8.59
2216.6 15136.36 1291.43 8.53
2219.1 15121.17 1295.23 8.57
2221.6 15017.30 1294.27 8.62
2224.0 14973.30 1287.78 8.60
2226.5 14953.65 1278.48 8.55
2229.0 14990.65 1286.65 8.58
2231.5 14856.57 1252.41 8.43
2233.9 14819.93 1212.23 8.18
2236.4 14830.12 1250.64 8.43
2238.9 14725.00 1220.63 8.29
2241.3 14738.24 1181.55 8.02
2243.8 14703.26 1216.53 8.27
2246.2 14560.76 1194.01 8.20
2248.7 14543.49 1141.57 7.85
2251.2 14547.02 1149.16 7.90
2253.6 14461.44 1132.80 7.83
2256.1 14411.52 1086.72 7.54
2258.5 14448.51 1114.08 7.71
2260.9 14358.24 1112.15 7.75
2263.4 14286.28 1063.22 7.44
2265.8 14286.52 1069.37 7.49
2268.3 14242.68 1065.99 7.48
2270.7 14293.95 1036.35 7.25
2273.1 14208.68 1043.12 7.34
2275.6 14138.88 1036.80 7.33
2278.0 14162.68 1018.48 7.19
2280.4 14119.54 996.72 7.06
2282.8 13992.20 933.07 6.67
2285.3 14040.77 964.31 6.87
2287.7 14128.29 1019.21 7.21
2290.1 13998.75 956.71 6.83
2292.5 13976.47 928.59 6.64
2294.9 14012.61 944.45 6.74
2297.3 13889.96 913.61 6.58
2299.7 13787.58 876.53 6.36
2302.1 13749.17 895.66 6.51
2304.5 13602.40 905.52 6.66
2306.9 13496.56 842.80 6.24
2309.3 13451.64 811.10 6.03
2311.7 13329.30 836.03 6.27
2314.1 13154.03 850.68 6.47
2316.5 13124.14 831.34 6.33
2318.9 13145.46 827.75 6.30
2321.3 13101.23 827.99 6.32
2323.7 13118.10 814.64 6.21
2326.1 13081.38 814.06 6.22
2328.4 13108.17 801.46 6.11
2330.8 13202.52 813.91 6.16
2333.2 13104.54 803.08 6.13
2335.6 13023.78 792.97 6.09
2337.9 13062.53 817.97 6.26
2340.3 13002.24 772.49 5.94
2342.7 12902.35 757.47 5.87
2345.0 12884.39 755.91 5.87
2347.4 12860.50 743.75 5.78
2349.7 12661.22 734.73 5.80
2352.1 12633.43 707.58 5.60
2354.4 12658.59 704.93 5.57
2356.8 12578.77 699.30 5.56
2359.2 12527.67 710.67 5.67
2361.5 12479.13 702.50 5.63
2363.8 12494.29 667.53 5.34
2366.2 12489.73 666.41 5.34
2368.5 12451.10 703.10 5.65
2370.9 12453.76 711.26 5.71
2373.2 12415.30 687.99 5.54
2375.5 12276.33 669.70 5.46
2377.9 12211.78 683.75 5.60
2380.2 12242.21 682.67 5.58
2382.5 12139.99 675.47 5.56
2384.8 12068.64 649.60 5.38
2387.2 12086.52 637.61 5.28
2389.5 12068.58 642.15 5.32
2391.8 12016.43 613.18 5.10
2394.1 11909.46 609.39 5.12
2396.4 11863.59 619.31 5.22
2398.7 11940.46 613.83 5.14
2401.0 11823.50 608.24 5.14
2403.3 11693.04 592.62 5.07
2405.6 11741.09 554.82 4.73
2407.9 11668.29 556.11 4.77
2410.2 11575.79 581.55 5.02
2412.5 11525.22 538.66 4.67
2414.8 11512.67 554.58 4.82
2417.1 11505.36 588.43 5.11
2419.4 11477.63 547.05 4.77
2421.7 11364.91 546.69 4.81
2424.0 11316.90 517.77 4.58
2426.2 11347.35 540.35 4.76
2428.5 11281.78 557.06 4.94
2430.8 11243.35 501.40 4.46
2433.1 11179.50 519.98 4.65
2435.4 11100.48 548.31 4.94
2437.6 11066.91 509.15 4.60
2439.9 10932.41 505.35 4.62
2442.2 10967.11 494.89 4.51
2444.4 10975.51 499.67 4.55
2446.7 10909.12 508.08 4.66
2448.9 10931.40 497.42 4.55
2451.2 10853.16 518.52 4.78
2453.4 10787.73 494.19 4.58
2455.7 10721.98 486.53 4.54
2457.9 10647.12 470.09 4.42
2460.2 10665.45 431.55 4.05
2462.4 10576.80 474.24 4.48
2464.7 10503.38 466.82 4.44
2466.9 10471.02 404.46 3.86
2469.2 10480.86 427.79 4.08
2471.4 10359.57 446.42 4.31
2473.6 10250.05 415.09 4.05
2475.9 10220.96 474.13 4.64
2478.1 10124.53 471.39 4.66
2480.3 10080.49 403.78 4.01
2482.5 10057.71 414.60 4.12
2484.8 9961.32 422.34 4.24
2487.0 9924.93 385.15 3.88
2489.2 9935.52 452.30 4.55
2491.4 9875.23 453.42 4.59
2493.6 9884.14 391.92 3.97
2495.8 9866.24 411.75 4.17
2498.0 9849.60 364.80 3.70
2500.2 9865.68 362.28 3.67
2502.4 10096.56 426.24 4.22
2504.6 10244.49 413.16 4.03
2506.8 10345.65 389.67 3.77
