/*** Spectra Vista SIG Data ***/
name= \My Documents\HR1024_Data\GD3T1.
instrument= HR: 1091052
integration= 200, 60, 30, 500, 60, 30
scan time= 1, 1
scan settings= AD, AI, AD, AI
external data set1= 8224, 8224, 8224, 8224, 8224, 8224, 8224, 8224, 8224, 8224, 8224, 8224, 8224, 8224, 8224, 8224
external data set2= 8224, 8224, 8224, 8224, 8224, 8224, 8224, 8224, 8224, 8224, 8224, 8224, 8224, 8224, 8224, 8224
external data dark= 0,0,0,0,0,0,0,0
external data mask= 0
optic= LENS4 , LENS4 
temp= 32.98, 8.88, -5.37, 35.08, 8.88, -5.37
battery= 7.6, 7.5
error= 0, 0
units= Radiance, Radiance
time= 1/26/08 10:33:54 AM, 1/26/08 10:36:28 AM
longitude= , 
latitude= , 
gpstime= , 
comm= 
memory slot= 0, 0
factors= 
data= 
346.4 598.78 127.40 21.28
347.9 627.50 129.27 20.60
349.5 677.04 117.31 17.33
351.1 739.44 128.54 17.38
352.6 790.63 131.56 16.64
354.2 841.03 128.28 15.25
355.7 912.59 146.82 16.09
357.3 974.37 145.64 14.95
358.8 992.58 152.38 15.35
360.4 1062.29 153.36 14.44
361.9 1117.88 143.48 12.83
363.5 1149.55 146.81 12.77
365.1 1196.29 149.80 12.52
366.6 1260.16 158.82 12.60
368.2 1349.72 155.79 11.54
369.7 1403.95 151.50 10.79
371.3 1488.21 155.41 10.44
372.8 1577.00 154.05 9.77
374.4 1638.71 161.54 9.86
375.9 1688.10 165.50 9.80
377.4 1740.09 162.63 9.35
379.0 1788.57 151.49 8.47
380.5 1855.73 161.26 8.69
382.1 1905.98 156.02 8.19
383.6 1973.16 156.49 7.93
385.2 2065.25 157.30 7.62
386.7 2149.76 157.04 7.30
388.3 2271.83 159.79 7.03
389.8 2363.45 173.48 7.34
391.3 2453.59 170.44 6.95
392.9 2526.36 186.63 7.39
394.4 2602.50 194.67 7.48
395.9 2690.98 205.98 7.65
397.5 2829.48 217.06 7.67
399.0 2963.31 213.83 7.22
400.6 3033.76 208.29 6.87
402.1 3072.78 213.62 6.95
403.6 3116.75 202.35 6.49
405.1 3199.00 202.91 6.34
406.7 3304.00 204.29 6.18
408.2 3412.53 220.08 6.45
409.7 3521.28 223.10 6.34
411.3 3642.17 227.66 6.25
412.8 3732.75 237.00 6.35
414.3 3845.02 245.73 6.39
415.8 3965.00 257.00 6.48
417.4 4085.95 270.20 6.61
418.9 4192.21 269.19 6.42
420.4 4267.16 280.16 6.57
421.9 4346.32 282.66 6.50
423.5 4413.15 280.20 6.35
425.0 4492.75 285.88 6.36
426.5 4594.55 294.12 6.40
428.0 4712.54 293.10 6.22
429.5 4856.53 292.30 6.02
431.1 5025.20 300.31 5.98
432.6 5198.44 309.14 5.95
434.1 5370.75 321.09 5.98
435.6 5520.56 330.50 5.99
437.1 5670.60 340.86 6.01
438.6 5806.58 347.41 5.98
440.1 5943.54 357.64 6.02
441.6 6091.61 374.07 6.14
443.1 6230.93 378.27 6.07
444.7 6356.12 399.49 6.29
446.2 6474.98 413.42 6.38
447.7 6582.53 425.46 6.46
449.2 6691.68 444.96 6.65
450.7 6814.08 457.60 6.72
452.2 6930.56 471.60 6.80
453.7 7066.33 488.72 6.92
455.2 7233.85 499.01 6.90
456.7 7443.04 518.85 6.97
458.2 7673.27 538.23 7.01
459.7 7920.50 560.70 7.08
461.2 8156.07 579.63 7.11
462.7 8366.46 596.43 7.13
464.2 8568.06 612.68 7.15
465.7 8788.58 630.84 7.18
467.2 8970.50 649.88 7.24
468.7 9176.00 672.00 7.32
470.2 9305.26 685.36 7.37
471.7 9490.50 699.20 7.37
473.2 9788.42 730.59 7.46
474.6 10042.30 753.35 7.50
476.1 10127.24 761.50 7.52
477.6 10169.21 761.86 7.49
479.1 10224.56 768.66 7.52
480.6 10293.47 773.23 7.51
482.1 10426.95 785.37 7.53
483.6 10590.11 801.73 7.57
485.1 10796.39 821.98 7.61
486.6 11041.55 854.72 7.74
488.0 11290.50 882.70 7.82
489.5 11568.25 921.20 7.96
491.0 11840.59 956.54 8.08
492.5 12119.22 1004.40 8.29
494.0 12409.65 1063.40 8.57
495.4 12660.45 1115.40 8.81
496.9 12912.44 1176.35 9.11
498.4 13155.80 1244.33 9.46
499.9 13408.52 1320.41 9.85
501.4 13645.90 1407.17 10.31
502.8 13864.50 1494.57 10.78
504.3 14081.40 1596.24 11.34
505.8 14291.05 1698.84 11.89
507.2 14436.37 1806.12 12.51
508.7 14548.87 1915.73 13.17
510.2 14651.50 2030.84 13.86
511.6 14718.08 2148.90 14.60
513.1 14838.45 2276.91 15.34
514.6 14986.45 2415.59 16.12
516.0 15112.04 2560.38 16.94
517.5 15305.31 2718.87 17.76
519.0 15537.89 2882.46 18.55
520.5 15768.60 3044.50 19.31
521.9 16045.99 3219.20 20.06
523.4 16363.11 3403.09 20.80
524.8 16675.79 3582.73 21.48
526.3 17027.53 3763.01 22.10
527.8 17380.80 3949.02 22.72
529.2 17706.86 4118.97 23.26
530.7 18056.71 4294.18 23.78
532.1 18377.28 4453.51 24.23
533.6 18738.23 4611.76 24.61
535.0 19114.67 4774.77 24.98
536.5 19476.07 4931.50 25.32
538.0 19846.24 5071.78 25.56
539.4 20198.95 5209.46 25.79
540.9 20626.19 5364.49 26.01
542.3 20984.92 5526.25 26.33
543.8 21250.33 5653.84 26.61
545.2 21329.19 5724.03 26.84
546.6 21331.64 5776.33 27.08
548.1 21362.06 5816.98 27.23
549.5 21376.46 5857.93 27.40
551.0 21386.66 5895.74 27.57
552.4 21443.54 5935.52 27.68
553.9 21463.89 5967.14 27.80
555.3 21521.57 5988.76 27.83
556.8 21650.10 6028.06 27.84
558.2 21773.81 6049.35 27.78
559.6 21936.94 6082.52 27.73
561.1 22168.25 6128.85 27.65
562.5 22423.78 6170.27 27.52
564.0 22757.43 6220.81 27.34
565.4 23059.14 6262.95 27.16
566.8 23449.52 6314.54 26.93
568.3 23818.66 6346.61 26.65
569.7 24198.01 6384.44 26.38
571.1 24579.14 6402.14 26.05
572.6 24952.86 6412.61 25.70
574.0 25317.60 6426.42 25.38
575.4 25678.69 6438.15 25.07
576.9 26008.29 6442.13 24.77
578.3 26306.64 6442.87 24.49
579.7 26593.28 6444.27 24.23
581.1 26823.10 6433.68 23.99
582.6 27065.10 6421.03 23.72
584.0 27286.52 6419.36 23.53
585.4 27587.92 6430.75 23.31
586.8 27978.96 6481.71 23.17
588.3 28419.30 6543.58 23.03
589.7 28786.68 6589.44 22.89
591.1 29016.81 6611.45 22.78
592.5 29127.43 6600.17 22.66
594.0 29186.34 6583.63 22.56
595.4 29194.56 6554.82 22.45
596.8 29193.45 6517.37 22.32
598.2 29177.08 6482.76 22.22
599.6 29153.88 6445.98 22.11
601.0 29216.28 6426.36 22.00
602.4 29261.60 6397.42 21.86
603.9 29364.60 6365.33 21.68
605.3 29484.10 6333.33 21.48
606.7 29584.80 6291.36 21.27
608.1 29785.49 6264.84 21.03
609.5 30013.28 6230.08 20.76
610.9 30296.78 6215.16 20.51
612.3 30557.28 6177.86 20.22
613.7 30914.00 6160.50 19.93
615.1 31159.08 6117.12 19.63
616.5 31406.64 6077.81 19.35
617.9 31801.61 6078.60 19.11
619.3 32170.62 6081.67 18.90
620.7 32635.92 6116.33 18.74
622.1 33083.75 6218.42 18.80
623.5 33564.04 6375.46 18.99
624.9 34116.86 6554.73 19.21
626.3 34490.69 6687.65 19.39
627.7 34145.81 6598.47 19.32
629.1 33851.16 6476.57 19.13
630.5 33743.57 6385.30 18.92
631.9 33775.53 6336.05 18.76
633.3 33808.52 6296.37 18.62
634.7 33992.91 6264.67 18.43
636.1 34075.08 6174.81 18.12
637.5 34196.58 6065.04 17.74
638.9 34374.61 5934.69 17.26
640.2 34545.58 5796.44 16.78
641.6 34634.34 5659.06 16.34
643.0 34657.83 5506.81 15.89
644.4 34696.37 5369.59 15.48
645.8 34653.86 5227.76 15.09
647.2 34834.41 5141.55 14.76
648.5 34958.93 5062.19 14.48
649.9 34861.32 4981.78 14.29
651.3 34789.65 4896.00 14.07
652.7 34680.00 4818.48 13.89
654.1 34452.30 4682.86 13.59
655.5 34172.42 4534.68 13.27
656.8 33904.63 4357.24 12.85
658.2 34070.04 4254.36 12.49
659.6 34442.82 4159.03 12.08
660.9 34748.70 4052.76 11.66
662.3 35067.95 3942.76 11.24
663.7 35364.00 3848.04 10.88
665.0 35617.00 3746.00 10.52
666.4 35877.31 3665.79 10.22
667.8 36209.10 3597.89 9.94
669.1 36482.80 3541.94 9.71
670.5 36799.72 3502.48 9.52
671.9 36995.40 3479.42 9.41
673.2 37270.13 3487.13 9.36
674.6 37530.47 3499.25 9.32
676.0 37841.78 3538.17 9.35
677.3 38141.57 3595.02 9.43
678.7 38483.75 3688.15 9.58
680.0 38922.37 3829.45 9.84
681.4 39389.45 4014.56 10.19
682.8 39844.35 4266.08 10.71
684.1 40287.78 4577.04 11.36
685.5 40705.56 4977.98 12.23
686.8 41091.84 5461.20 13.29
688.2 41433.89 6020.01 14.53
689.5 41549.57 6647.33 16.00
690.9 41633.44 7336.64 17.62
692.2 41697.60 8084.52 19.39
693.6 41771.65 8885.78 21.27
694.9 41721.88 9715.42 23.29
696.2 41751.90 10585.98 25.35
697.6 41766.04 11459.47 27.44
698.9 41796.48 12325.63 29.49
700.3 41844.24 13165.24 31.46
701.6 41918.48 13970.84 33.33
703.0 41979.40 14750.04 35.14
704.3 41981.71 15474.42 36.86
705.6 41967.18 16139.59 38.46
707.0 41980.75 16784.41 39.98
708.3 41872.71 17354.50 41.45
709.6 41753.67 17880.58 42.82
711.0 41589.99 18368.84 44.17
712.3 41418.66 18797.28 45.38
713.6 41354.04 19264.06 46.58
714.9 41240.96 19644.93 47.63
716.3 41218.54 20053.30 48.65
717.6 41221.95 20439.10 49.58
718.9 41134.56 20774.88 50.50
720.2 40936.00 21039.90 51.40
721.6 40765.66 21275.64 52.19
722.9 40572.15 21463.94 52.90
724.2 40305.71 21604.81 53.60
725.5 40134.57 21741.38 54.17
726.8 39960.91 21871.43 54.73
728.1 39855.98 22014.09 55.23
729.5 39766.23 22134.38 55.66
730.8 39707.44 22255.88 56.05
732.1 39612.07 22332.57 56.38
733.4 39556.45 22420.61 56.68
734.7 39507.57 22505.66 56.97
736.0 39511.29 22613.06 57.23
737.3 39463.58 22695.15 57.51
738.6 39569.04 22839.19 57.72
739.9 39770.92 23014.41 57.87
741.2 39928.98 23182.07 58.06
742.5 40206.42 23432.43 58.28
743.8 40696.43 23774.52 58.42
745.1 41398.16 24260.26 58.60
746.4 42245.84 24822.62 58.76
747.7 43136.62 25389.15 58.86
749.0 43980.49 25911.19 58.92
750.3 44484.44 26207.08 58.91
751.6 44396.66 26181.18 58.97
752.9 43969.12 25953.25 59.03
754.2 43470.53 25711.90 59.15
755.4 42928.75 25483.42 59.36
756.7 42746.48 25438.62 59.51
758.0 42774.71 25517.33 59.66
759.3 43048.01 25718.21 59.74
760.6 43418.76 25965.63 59.80
761.9 43775.94 26205.71 59.86
763.1 43996.61 26366.39 59.93
764.4 44239.34 26546.16 60.01
765.7 44424.25 26682.50 60.06
767.0 44583.75 26780.63 60.07
768.2 44688.00 26888.06 60.17
769.5 44782.92 26968.18 60.22
770.8 44990.42 27099.42 60.23
772.0 45014.41 27147.61 60.31
773.3 45100.97 27189.01 60.28
774.6 45226.84 27283.74 60.33
775.8 45313.45 27348.04 60.35
777.1 45344.81 27368.87 60.36
778.4 45245.88 27355.60 60.46
779.6 45226.44 27344.94 60.46
780.9 45132.00 27318.40 60.53
782.1 44952.26 27240.14 60.60
783.4 44936.32 27257.98 60.66
784.6 44935.72 27279.01 60.71
785.9 45255.62 27500.36 60.77
787.1 45836.93 27866.52 60.79
788.4 46288.94 28128.14 60.77
789.6 46219.23 28056.02 60.70
790.9 45788.99 27809.85 60.73
792.1 45296.16 27515.39 60.75
793.4 44771.54 27248.24 60.86
794.6 44415.30 27046.70 60.90
795.8 44134.47 26864.46 60.87
797.1 43801.05 26694.21 60.94
798.3 43569.08 26558.90 60.96
799.5 43411.48 26509.09 61.06
800.8 43273.13 26430.99 61.08
802.0 43071.08 26347.98 61.17
803.2 42890.28 26246.74 61.20
804.5 42742.15 26161.76 61.21
805.7 42601.95 26060.45 61.17
806.9 42426.40 25987.98 61.25
808.1 42305.67 25893.48 61.21
809.4 42221.44 25825.64 61.17
810.6 42105.70 25762.10 61.18
811.8 42062.43 25734.03 61.18
813.0 42071.08 25766.98 61.25
814.2 42081.20 25771.94 61.24
815.4 42185.03 25839.86 61.25
816.6 42225.34 25838.33 61.19
817.9 42273.21 25845.07 61.14
819.1 42166.58 25797.80 61.18
820.3 42039.03 25694.80 61.12
821.5 41905.07 25611.08 61.12
822.7 41849.58 25557.84 61.07
823.9 41838.35 25516.82 60.99
825.1 41851.34 25471.56 60.86
826.3 41890.94 25457.99 60.77
827.5 41937.05 25425.98 60.63
828.7 42011.28 25402.85 60.47
829.9 42039.57 25364.57 60.34
831.0 42140.75 25344.18 60.14
832.2 42235.78 25355.34 60.03
833.4 42305.18 25352.40 59.93
834.6 42417.19 25391.25 59.86
835.8 42496.65 25409.16 59.79
837.0 42597.61 25443.19 59.73
838.1 42745.68 25536.60 59.74
839.3 42856.00 25594.77 59.72
840.5 42989.60 25681.36 59.74
841.7 43156.80 25772.20 59.72
842.9 43298.86 25849.46 59.70
844.0 43430.88 25939.96 59.73
845.2 43568.90 26072.99 59.84
846.4 43732.15 26157.63 59.81
847.5 43960.00 26296.87 59.82
848.7 44164.79 26424.72 59.83
849.9 44393.85 26525.20 59.75
851.0 44478.08 26559.92 59.71
852.2 44569.63 26603.95 59.69
853.3 44562.81 26624.78 59.75
854.5 44594.90 26639.59 59.74
855.6 44615.97 26611.60 59.65
856.8 44687.86 26624.31 59.58
857.9 44681.40 26644.49 59.63
859.1 44832.20 26707.12 59.57
860.2 44876.88 26752.80 59.61
861.4 44954.55 26756.24 59.52
862.5 45021.69 26808.96 59.55
863.7 45150.84 26862.39 59.49
864.8 45213.35 26911.22 59.52
865.9 45167.77 26887.44 59.53
867.1 45241.43 26924.37 59.51
868.2 45295.54 26911.74 59.41
869.3 45314.27 26907.77 59.38
870.5 45282.48 26881.96 59.37
871.6 45315.83 26870.17 59.30
872.7 45413.27 26885.48 59.20
873.9 45478.16 26868.15 59.08
875.0 45456.71 26862.79 59.10
876.1 45452.45 26844.75 59.06
877.2 45498.99 26831.01 58.97
878.3 45519.98 26810.19 58.90
879.4 45563.53 26810.48 58.84
880.5 45631.08 26804.02 58.74
881.7 45596.20 26793.26 58.76
882.8 45693.96 26782.31 58.61
883.9 45722.91 26738.40 58.48
885.0 45675.63 26674.28 58.40
886.1 45712.78 26599.13 58.19
887.2 45537.58 26476.63 58.14
888.3 45475.07 26362.41 57.97
889.4 45347.40 26229.51 57.84
890.5 45259.13 26161.33 57.80
891.6 45193.70 26089.46 57.73
892.7 45201.31 26020.61 57.57
893.8 45270.56 26004.90 57.44
894.9 45248.28 25958.42 57.37
896.0 45235.90 25906.25 57.27
897.0 45257.72 25913.78 57.26
898.1 45230.13 25908.41 57.28
899.2 45252.30 25841.91 57.11
900.3 45165.90 25766.16 57.05
901.4 45101.16 25665.43 56.91
902.4 45077.20 25644.76 56.89
903.5 45018.01 25556.16 56.77
904.6 45035.56 25510.92 56.65
905.7 45038.93 25480.48 56.57
906.7 44985.82 25394.01 56.45
907.8 45025.57 25351.46 56.30
908.9 44904.57 25257.73 56.25
909.9 44897.74 25187.25 56.10
911.0 44830.08 25107.20 56.01
912.1 44749.25 25024.17 55.92
913.1 44707.00 24917.36 55.73
914.2 44554.62 24802.87 55.67
915.2 44505.45 24703.27 55.51
916.3 44491.35 24654.66 55.41
917.3 44461.10 24569.28 55.26
918.4 44383.35 24436.28 55.06
919.4 44330.69 24327.57 54.88
920.5 44315.70 24213.52 54.64
921.5 44285.78 24109.99 54.44
922.6 44268.10 23997.25 54.21
923.6 44262.16 23920.08 54.04
924.7 44333.00 23839.20 53.77
925.7 44276.22 23679.14 53.48
926.7 44252.98 23598.66 53.33
927.8 44374.33 23517.07 53.00
928.8 44502.63 23436.34 52.66
929.9 44598.23 23360.65 52.38
930.9 44802.27 23346.50 52.11
931.9 45011.35 23318.72 51.81
932.9 45355.12 23302.22 51.38
934.0 45370.16 23219.40 51.18
935.0 45397.97 23093.70 50.87
936.0 45413.73 22960.35 50.56
937.0 45319.95 22786.06 50.28
938.1 45295.44 22623.83 49.95
939.1 45257.91 22458.30 49.62
940.1 45342.90 22381.30 49.36
941.1 45568.46 22375.79 49.10
942.1 45803.34 22330.53 48.75
943.1 45999.43 22280.62 48.44
944.1 46171.28 22248.62 48.19
945.2 46338.18 22118.38 47.73
946.2 46411.22 22057.86 47.53
947.2 46518.25 21876.15 47.03
948.2 46693.82 21799.51 46.69
949.2 46838.19 21674.58 46.28
950.2 46912.95 21558.32 45.95
951.2 46909.80 21465.70 45.76
952.2 47054.57 21291.50 45.25
953.2 47260.85 21169.79 44.79
954.2 47365.65 21062.79 44.47
955.2 47408.68 20942.16 44.17
956.2 47434.65 20789.84 43.83
957.2 47543.77 20697.03 43.53
958.2 47601.59 20580.07 43.23
959.2 47735.55 20532.78 43.01
960.1 47775.14 20471.66 42.85
961.1 47870.63 20429.44 42.68
962.1 47933.44 20377.50 42.51
963.1 48032.50 20409.71 42.49
964.1 48057.21 20388.36 42.43
965.1 48243.99 20402.51 42.29
966.1 48335.33 20404.32 42.21
967.0 48410.39 20472.76 42.29
968.0 48434.88 20521.42 42.37
969.0 48556.60 20509.76 42.24
970.0 48603.65 20562.74 42.31
971.0 48737.12 20542.96 42.15
971.9 48722.90 20575.57 42.23
972.9 48879.95 20742.02 42.43
973.9 48859.53 20765.94 42.50
974.9 49044.08 20813.44 42.44
975.8 49101.73 20855.46 42.47
976.8 49135.91 21082.24 42.91
977.8 49315.41 21127.89 42.84
978.8 49372.50 21288.06 43.12
979.7 49504.50 21400.61 43.23
980.7 49626.72 21568.54 43.46
981.7 49868.69 21738.75 43.59
982.6 50026.42 21988.58 43.95
983.6 50542.44 22425.19 44.37
984.6 51139.74 22798.54 44.58
985.5 51570.00 23213.38 45.01
986.5 52881.11 23523.79 44.48
987.5 53801.49 23940.29 44.50
988.4 54737.10 24412.96 44.60
989.4 56052.04 25217.18 44.99
990.4 57074.27 25924.27 45.42
991.3 59136.61 26381.40 44.61
992.3 61232.97 26919.03 43.96
993.2 62381.81 28094.25 45.04
994.2 63759.15 28843.43 45.24
995.2 64627.45 29432.07 45.54
996.1 65405.36 30196.49 46.17
997.1 65143.00 29835.49 45.80
998.0 67149.60 28641.36 42.65
999.0 66846.51 29918.33 44.76
1000.0 67127.69 29101.16 43.35
1000.9 65712.83 28960.86 44.07
1001.9 66491.34 30813.06 46.34
1002.8 64393.95 29269.98 45.45
1003.8 65025.46 30548.88 46.98
1004.8 66172.20 30302.30 45.79
961.5 59748.86 22429.99 37.54
965.5 58598.35 22944.62 39.16
969.5 56260.49 22942.42 40.78
973.4 53913.29 22358.69 41.47
977.4 51859.95 22061.15 42.54
981.4 50850.20 22038.91 43.34
985.3 50481.20 22106.83 43.79
989.3 50535.22 22248.89 44.03
993.3 50635.09 22374.78 44.19
997.2 50595.02 22434.61 44.34
1001.2 50545.04 22564.75 44.64
1005.2 50473.33 22780.35 45.13
1009.1 50535.74 23084.23 45.68
1013.1 50697.93 23477.16 46.31
1017.1 50843.90 23852.41 46.91
1021.0 50855.49 24138.14 47.46
1025.0 50816.26 24432.06 48.08
1029.0 50641.08 24659.91 48.70
1032.9 50496.42 24891.10 49.29
1036.9 50486.34 25206.53 49.93
1040.9 50614.23 25580.56 50.54
1044.8 50848.91 25953.82 51.04
1048.8 51055.33 26293.94 51.50
1052.7 51200.97 26584.38 51.92
1056.7 51265.76 26778.07 52.23
1060.7 51328.86 26915.33 52.44
1064.6 51364.29 27024.83 52.61
1068.6 51285.22 27023.84 52.69
1072.5 51205.93 26966.52 52.66
1076.5 51155.97 26904.28 52.59
1080.4 51154.95 26799.57 52.39
1084.4 51258.31 26716.22 52.12
1088.3 51367.47 26605.07 51.79
1092.3 51376.13 26377.93 51.34
1096.2 51342.58 26122.76 50.88
1100.2 51360.86 25897.62 50.42
1104.1 51244.60 25591.59 49.94
1108.1 51175.76 25311.00 49.46
1112.0 51059.75 24995.21 48.95
1116.0 50831.30 24583.00 48.36
1119.9 50653.13 24128.35 47.63
1123.9 50703.41 23694.05 46.73
1127.8 50649.60 23043.84 45.50
1131.8 50608.23 22200.87 43.87
1135.7 50617.81 21255.61 41.99
1139.6 50606.06 20228.78 39.97
1143.6 50555.26 19224.34 38.03
1147.5 50517.05 18397.77 36.42
1151.4 50365.69 17731.16 35.20
1155.4 50355.11 17290.41 34.34
1159.3 50376.78 17012.84 33.77
1163.2 50207.59 16775.31 33.41
1167.2 50161.80 16638.00 33.17
1171.1 50174.37 16537.80 32.96
1175.0 50101.08 16427.84 32.79
1179.0 50065.70 16341.47 32.64
1182.9 50165.17 16295.76 32.48
1186.8 50159.61 16219.19 32.34
1190.7 49934.95 16082.22 32.21
1194.7 49665.47 15949.00 32.11
1198.6 49438.62 15855.84 32.07
1202.5 49264.40 15808.96 32.09
1206.4 49122.14 15797.61 32.16
1210.3 49037.26 15804.38 32.23
1214.2 48930.30 15836.34 32.37
1218.2 48765.56 15874.38 32.55
1222.1 48630.48 15903.40 32.70
1226.0 48538.40 15962.25 32.89
1229.9 48450.48 16014.48 33.05
1233.8 48352.03 16052.64 33.20
1237.7 48317.50 16096.58 33.31
1241.6 48229.08 16132.26 33.45
1245.5 48061.09 16138.18 33.58
1249.4 47934.98 16143.05 33.68
1253.3 47803.87 16145.42 33.77
1257.2 47735.46 16142.36 33.82
1261.1 47624.11 16116.73 33.84
1265.0 47490.52 16084.14 33.87
1268.9 47304.07 15997.54 33.82
1272.8 47372.70 15968.55 33.71
1276.7 47590.81 15983.14 33.58
1280.6 47691.16 15930.07 33.40
1284.5 47615.01 15786.56 33.15
1288.4 47591.67 15651.53 32.89
1292.3 47467.75 15452.25 32.55
1296.2 47318.59 15217.40 32.16
1300.1 47148.87 14948.60 31.71
1303.9 46897.39 14610.50 31.15
1307.8 46639.44 14259.14 30.57
1311.7 46386.67 13892.94 29.95
1315.6 46123.85 13505.11 29.28
1319.5 45848.18 13086.39 28.54
1323.3 45606.50 12673.09 27.79
1327.2 45386.16 12265.18 27.02
1331.1 45132.53 11860.04 26.28
1335.0 44824.46 11447.42 25.54
1338.8 44600.56 11071.32 24.82
1342.7 44421.07 10734.54 24.17
1346.5 44042.02 10375.08 23.56
1350.4 43720.62 10049.70 22.99
1354.3 43279.60 9722.77 22.47
1358.1 42799.92 9407.00 21.98
1362.0 42533.76 9121.84 21.45
1365.8 42447.40 8848.38 20.85
1369.7 42569.31 8566.24 20.12
1373.5 42515.11 8176.66 19.23
1377.4 42239.08 7686.34 18.20
1381.2 42024.35 7124.26 16.95
1385.1 42007.68 6571.35 15.64
1389.0 41913.21 6007.99 14.33
1392.8 41686.58 5446.06 13.06
1396.6 41522.45 4958.32 11.94
1400.5 41297.26 4528.99 10.97
1404.3 41119.22 4181.62 10.17
1408.2 41089.83 3914.60 9.53
1412.0 41038.18 3706.14 9.03
1415.8 41063.56 3556.63 8.66
1419.6 41020.11 3434.52 8.37
1423.5 40984.07 3334.68 8.14
1427.3 40938.38 3266.19 7.98
1431.1 40915.35 3215.48 7.86
1434.9 40812.08 3165.44 7.76
1438.8 40755.58 3141.46 7.71
1442.6 40720.04 3120.42 7.66
1446.4 40579.53 3093.31 7.62
1450.2 40476.97 3081.62 7.61
1454.0 40349.16 3073.44 7.62
1457.8 40313.93 3077.64 7.63
1461.6 40291.52 3085.34 7.66
1465.4 40157.17 3105.83 7.73
1469.2 39958.10 3128.13 7.83
1473.0 39808.79 3162.75 7.94
1476.8 39739.71 3221.09 8.11
1480.7 39668.27 3290.88 8.30
1484.4 39532.92 3367.56 8.52
1488.2 39418.92 3451.92 8.76
1492.0 39281.08 3549.71 9.04
1495.8 39157.30 3646.83 9.31
1499.6 39041.55 3712.49 9.51
1503.4 38891.42 3754.61 9.65
1507.2 38758.78 3802.20 9.81
1510.9 38603.27 3851.89 9.98
1514.7 38431.80 3874.45 10.08
1518.5 38296.78 3918.03 10.23
1522.3 38148.01 3977.55 10.43
1526.0 38038.86 4042.94 10.63
1529.8 37977.87 4108.29 10.82
1533.6 37845.65 4158.60 10.99
1537.3 37710.11 4237.77 11.24
1541.1 37580.52 4320.59 11.50
1544.8 37449.60 4401.60 11.75
1548.6 37314.89 4478.65 12.00
1552.4 37219.38 4553.63 12.23
1556.1 37135.69 4612.74 12.42
1559.9 37030.39 4656.33 12.57
1563.6 36900.49 4708.72 12.76
1567.3 36782.10 4780.00 13.00
1571.1 36560.28 4833.31 13.22
1574.8 36404.14 4905.29 13.47
1578.6 36302.38 4967.04 13.68
1582.3 36157.52 4993.01 13.81
1586.0 36009.48 5034.00 13.98
1589.8 35863.84 5067.04 14.13
1593.5 35710.53 5087.44 14.25
1597.2 35575.62 5116.53 14.38
1600.9 35432.24 5147.23 14.53
1604.7 35280.85 5173.66 14.66
1608.4 35142.04 5199.37 14.80
1612.1 34980.47 5219.32 14.92
1615.8 34834.07 5240.27 15.04
1619.5 34752.20 5280.31 15.19
1623.2 34595.03 5305.97 15.34
1626.9 34406.93 5313.87 15.44
1630.6 34230.90 5319.16 15.54
1634.3 34081.71 5334.11 15.65
1638.0 33920.36 5337.95 15.74
1641.7 33748.10 5334.84 15.81
1645.4 33556.70 5321.86 15.86
1649.1 33353.05 5307.25 15.91
1652.8 33189.89 5301.95 15.97
1656.4 33018.59 5279.20 15.99
1660.1 32845.97 5264.90 16.03
1663.8 32642.92 5242.36 16.06
1667.5 32483.35 5222.55 16.08
1671.1 32351.26 5202.27 16.08
1674.8 32144.07 5162.93 16.06
1678.5 32080.00 5146.07 16.04
1682.1 32102.13 5131.47 15.98
1685.8 32123.16 5108.36 15.90
1689.5 32018.65 5063.91 15.82
1693.1 31881.24 5005.44 15.70
1696.8 31732.38 4951.88 15.61
1700.4 31582.94 4887.86 15.48
1704.0 31466.76 4827.06 15.34
1707.7 31189.67 4744.96 15.21
1711.3 30882.00 4645.54 15.04
1715.0 30659.79 4562.03 14.88
1718.6 30484.31 4485.31 14.71
1722.2 30333.58 4416.27 14.56
1725.9 30181.80 4343.40 14.39
1729.5 30037.98 4283.93 14.26
1733.1 29910.73 4248.63 14.20
1736.7 29788.38 4219.84 14.17
1740.3 29614.18 4162.51 14.06
1744.0 29528.30 4113.93 13.93
1747.5 29373.44 4052.75 13.80
1751.2 29138.63 3972.91 13.63
1754.8 28975.37 3906.63 13.48
1758.4 28834.48 3847.78 13.34
1762.0 28639.33 3781.79 13.20
1765.5 28498.38 3729.23 13.09
1769.1 28452.00 3703.20 13.02
1772.7 28378.96 3672.66 12.94
1776.3 28252.73 3634.51 12.86
1779.9 28119.54 3601.99 12.81
1783.5 28061.20 3583.60 12.77
1787.0 27938.82 3551.08 12.71
1790.6 27774.17 3510.38 12.64
1794.2 27666.21 3496.92 12.64
1797.8 27558.84 3484.63 12.64
1801.3 27465.68 3468.26 12.63
1804.9 27315.75 3454.50 12.65
1808.4 27221.13 3448.35 12.67
1812.0 27071.27 3429.05 12.67
1815.5 26907.62 3413.84 12.69
1819.1 26703.43 3384.82 12.68
1822.6 26545.43 3365.08 12.68
1826.2 26400.51 3344.10 12.67
1829.7 26207.46 3308.20 12.62
1833.2 25952.41 3269.13 12.60
1836.8 25712.51 3223.22 12.54
1840.3 25567.16 3170.03 12.40
1843.8 25454.03 3124.73 12.28
1847.3 25371.56 3081.12 12.14
1850.8 25264.51 3015.94 11.94
1854.3 25105.60 2935.42 11.69
1857.8 25027.60 2844.40 11.37
1861.3 25027.70 2751.15 10.99
1864.8 24948.54 2650.82 10.63
1868.3 24715.93 2504.65 10.13
1871.8 24529.92 2327.04 9.49
1875.3 24489.01 2142.60 8.75
1878.8 24485.84 1964.44 8.02
1882.3 24423.29 1801.59 7.38
1885.8 24245.59 1662.42 6.86
1889.3 24030.42 1551.43 6.46
1892.7 23852.68 1452.06 6.09
1896.2 23673.74 1379.52 5.83
1899.7 23427.69 1343.41 5.73
1903.1 23323.61 1332.41 5.71
1906.6 23396.53 1380.04 5.90
1910.0 23683.33 1542.75 6.51
1913.5 24138.15 1781.82 7.38
1917.0 24628.98 2178.58 8.85
1920.4 25146.40 2496.15 9.93
1923.8 25520.19 2600.78 10.19
1871.2 22263.77 1728.45 7.76
1873.9 22507.55 1621.49 7.20
1876.7 22626.01 1527.71 6.75
1879.5 22737.83 1380.92 6.07
1882.3 22382.76 1244.99 5.56
1885.1 22317.18 1180.94 5.29
1887.8 22505.15 1063.82 4.73
1890.6 22306.26 982.38 4.40
1893.4 22256.67 924.00 4.15
1896.2 22163.50 852.71 3.85
1898.9 22083.42 854.30 3.87
1901.7 21937.94 805.33 3.67
1904.5 22143.94 777.63 3.51
1907.2 22059.00 769.50 3.49
1910.0 21927.95 743.61 3.39
1912.7 21918.25 752.63 3.43
1915.5 21816.04 748.90 3.43
1918.2 21741.95 712.09 3.28
1921.0 21589.30 697.98 3.23
1923.7 21620.81 707.02 3.27
1926.5 21581.93 693.67 3.21
1929.2 21568.04 673.40 3.12
1932.0 21551.20 698.36 3.24
1934.7 21508.34 709.75 3.30
1937.4 21385.99 691.67 3.23
1940.2 21322.79 688.43 3.23
1942.9 21412.44 697.31 3.26
1945.6 21432.94 694.60 3.24
1948.3 21347.13 703.95 3.30
1951.1 21319.83 743.47 3.49
1953.8 21321.00 747.00 3.50
1956.5 21174.65 742.76 3.51
1959.2 21255.91 756.47 3.56
1961.9 21274.22 753.94 3.54
1964.6 21161.18 758.63 3.58
1967.3 21232.43 789.13 3.72
1970.0 21063.36 796.24 3.78
1972.8 20962.32 791.31 3.77
1975.5 21019.32 816.54 3.88
1978.2 20951.00 823.44 3.93
1980.9 20833.51 816.20 3.92
1983.5 20753.87 825.97 3.98
1986.2 20730.84 858.45 4.14
1988.9 20710.47 878.82 4.24
1991.6 20560.54 869.00 4.23
1994.3 20429.18 883.83 4.33
1997.0 20463.02 896.72 4.38
1999.7 20411.81 907.45 4.45
2002.3 20392.69 914.78 4.49
2005.0 20300.64 920.53 4.53
2007.7 20215.73 943.13 4.67
2010.4 20150.59 942.15 4.68
2013.0 20054.41 955.92 4.77
2015.7 19971.23 951.96 4.77
2018.4 19850.99 955.96 4.82
2021.0 19776.67 997.33 5.04
2023.7 19665.12 1009.12 5.13
2026.4 19623.72 1008.37 5.14
2029.0 19549.52 1012.20 5.18
2031.7 19389.93 994.28 5.13
2034.3 19392.75 1008.37 5.20
2037.0 19277.12 1035.92 5.37
2039.6 19203.81 1032.49 5.38
2042.3 19169.68 1044.70 5.45
2044.9 19085.22 1063.10 5.57
2047.5 19057.17 1051.88 5.52
2050.2 18939.20 1052.80 5.56
2052.8 18894.40 1083.60 5.74
2055.4 18768.37 1087.05 5.79
2058.1 18622.80 1083.60 5.82
2060.7 18569.98 1092.85 5.89
2063.3 18475.60 1086.80 5.88
2065.9 18427.79 1077.58 5.85
2068.6 18352.42 1097.13 5.98
2071.2 18299.61 1116.00 6.10
2073.8 18217.15 1116.54 6.13
2076.4 18153.52 1150.73 6.34
2079.0 18135.74 1168.96 6.45
2081.6 18151.63 1147.84 6.32
2084.2 18112.28 1162.53 6.42
2086.8 17948.60 1162.45 6.48
2089.4 17865.33 1151.69 6.45
2092.1 17782.00 1173.00 6.60
2094.7 17712.75 1183.68 6.68
2097.2 17685.67 1161.67 6.57
2099.8 17677.80 1167.13 6.60
2102.4 17557.58 1194.20 6.80
2105.0 17419.20 1182.75 6.79
2107.6 17352.05 1210.54 6.98
2110.2 17317.12 1227.60 7.09
2112.8 17308.85 1211.19 7.00
2115.3 17299.79 1218.17 7.04
2117.9 17305.54 1236.11 7.14
2120.5 17283.04 1238.88 7.17
2123.1 17169.75 1251.90 7.29
2125.6 17130.75 1265.04 7.38
2128.2 17041.98 1252.61 7.35
2130.8 16938.68 1254.83 7.41
2133.3 16907.73 1255.47 7.43
2135.9 16811.63 1256.09 7.47
2138.4 16669.29 1240.55 7.44
2141.0 16557.51 1239.98 7.49
2143.6 16519.94 1275.28 7.72
2146.1 16331.26 1260.55 7.72
2148.7 16166.35 1256.89 7.77
2151.2 16200.80 1273.07 7.86
2153.8 16223.65 1277.41 7.87
2156.3 16092.71 1269.93 7.89
2158.8 16012.97 1269.93 7.93
2161.4 15977.02 1273.68 7.97
2163.9 15879.72 1250.09 7.87
2166.4 15806.34 1247.71 7.89
2169.0 15776.77 1271.37 8.06
2171.5 15691.03 1259.54 8.03
2174.0 15580.08 1228.68 7.89
2176.5 15568.93 1237.86 7.95
2179.1 15528.15 1246.83 8.03
2181.6 15436.46 1247.08 8.08
2184.1 15393.84 1262.80 8.20
2186.6 15412.36 1277.30 8.29
2189.1 15330.96 1258.32 8.21
2191.6 15265.13 1260.93 8.26
2194.1 15289.63 1272.20 8.32
2196.6 15291.79 1256.77 8.22
2199.2 15355.64 1255.80 8.18
2201.7 15282.97 1257.17 8.23
2204.1 15217.08 1235.11 8.12
2206.6 15263.16 1242.09 8.14
2209.1 15196.78 1256.62 8.27
2211.6 15154.34 1233.36 8.14
2214.1 15142.04 1224.14 8.08
2216.6 15136.36 1226.86 8.11
2219.1 15121.17 1215.47 8.04
2221.6 15017.30 1206.71 8.04
2224.0 14973.30 1207.77 8.07
2226.5 14953.65 1190.97 7.96
2229.0 14990.65 1195.29 7.97
2231.5 14856.57 1187.30 7.99
2233.9 14819.93 1146.80 7.74
2236.4 14830.12 1130.98 7.63
2238.9 14725.00 1131.50 7.68
2241.3 14738.24 1123.25 7.62
2243.8 14703.26 1134.91 7.72
2246.2 14560.76 1116.48 7.67
2248.7 14543.49 1064.44 7.32
2251.2 14547.02 1068.45 7.34
2253.6 14461.44 1090.56 7.54
2256.1 14411.52 1067.52 7.41
2258.5 14448.51 1041.09 7.21
2260.9 14358.24 1035.45 7.21
2263.4 14286.28 1051.70 7.36
2265.8 14286.52 1011.67 7.08
2268.3 14242.68 977.48 6.86
2270.7 14293.95 982.61 6.87
2273.1 14208.68 985.60 6.94
2275.6 14138.88 979.20 6.93
2278.0 14162.68 968.52 6.84
2280.4 14119.54 938.99 6.65
2282.8 13992.20 940.82 6.72
2285.3 14040.77 960.42 6.84
2287.7 14128.29 921.58 6.52
2290.1 13998.75 873.69 6.24
2292.5 13976.47 869.07 6.22
2294.9 14012.61 889.13 6.35
2297.3 13889.96 838.46 6.04
2299.7 13787.58 781.77 5.67
2302.1 13749.17 824.95 6.00
2304.5 13602.40 823.20 6.05
2306.9 13496.56 776.16 5.75
2309.3 13451.64 767.99 5.71
2311.7 13329.30 745.75 5.59
2314.1 13154.03 720.72 5.48
2316.5 13124.14 764.36 5.82
2318.9 13145.46 780.45 5.94
2321.3 13101.23 724.99 5.53
2323.7 13118.10 774.71 5.91
2326.1 13081.38 797.94 6.10
2328.4 13108.17 760.78 5.80
2330.8 13202.52 777.10 5.89
2333.2 13104.54 737.18 5.63
2335.6 13023.78 734.85 5.64
2337.9 13062.53 784.59 6.01
2340.3 13002.24 755.70 5.81
2342.7 12902.35 698.23 5.41
2345.0 12884.39 687.96 5.34
2347.4 12860.50 684.25 5.32
2349.7 12661.22 679.20 5.36
2352.1 12633.43 673.27 5.33
2354.4 12658.59 661.94 5.23
2356.8 12578.77 656.13 5.22
2359.2 12527.67 650.00 5.19
2361.5 12479.13 645.77 5.17
2363.8 12494.29 649.97 5.20
2366.2 12489.73 648.76 5.19
2368.5 12451.10 623.00 5.00
2370.9 12453.76 608.37 4.89
2373.2 12415.30 656.51 5.29
2375.5 12276.33 638.03 5.20
2377.9 12211.78 560.68 4.59
2380.2 12242.21 600.20 4.90
2382.5 12139.99 583.57 4.81
2384.8 12068.64 547.52 4.54
2387.2 12086.52 586.04 4.85
2389.5 12068.58 557.16 4.62
2391.8 12016.43 560.89 4.67
2394.1 11909.46 566.20 4.75
2396.4 11863.59 546.73 4.61
2398.7 11940.46 540.76 4.53
2401.0 11823.50 558.79 4.73
2403.3 11693.04 542.82 4.64
2405.6 11741.09 524.83 4.47
2407.9 11668.29 541.08 4.64
2410.2 11575.79 536.43 4.63
2412.5 11525.22 518.33 4.50
2414.8 11512.67 528.91 4.59
2417.1 11505.36 526.49 4.58
2419.4 11477.63 515.79 4.49
2421.7 11364.91 515.15 4.53
2424.0 11316.90 454.37 4.01
2426.2 11347.35 454.75 4.01
2428.5 11281.78 492.16 4.36
2430.8 11243.35 490.50 4.36
2433.1 11179.50 453.60 4.06
2435.4 11100.48 453.20 4.08
2437.6 11066.91 447.60 4.04
2439.9 10932.41 415.51 3.80
2442.2 10967.11 432.31 3.94
2444.4 10975.51 402.03 3.66
2446.7 10909.12 397.12 3.64
2448.9 10931.40 450.05 4.12
2451.2 10853.16 423.16 3.90
2453.4 10787.73 385.71 3.58
2455.7 10721.98 431.80 4.03
2457.9 10647.12 439.56 4.13
2460.2 10665.45 388.40 3.64
2462.4 10576.80 399.36 3.78
2464.7 10503.38 384.81 3.66
2466.9 10471.02 353.10 3.37
2469.2 10480.86 343.53 3.28
2471.4 10359.57 361.08 3.49
2473.6 10250.05 381.62 3.72
2475.9 10220.96 365.76 3.58
2478.1 10124.53 355.25 3.51
2480.3 10080.49 327.20 3.25
2482.5 10057.71 371.71 3.70
2484.8 9961.32 393.21 3.95
2487.0 9924.93 370.33 3.73
2489.2 9935.52 301.53 3.03
2491.4 9875.23 292.03 2.96
2493.6 9884.14 321.37 3.25
2495.8 9866.24 364.24 3.69
2498.0 9849.60 389.12 3.95
2500.2 9865.68 337.00 3.42
2502.4 10096.56 328.56 3.25
2504.6 10244.49 328.65 3.21
2506.8 10345.65 301.99 2.92
