/*** Spectra Vista SIG Data ***/
name= \My Documents\HR1024_Data\B2.
instrument= HR: 1091052
integration= 200, 60, 30, 500, 60, 30
scan time= 1, 1
scan settings= AD, AI, AD, AI
external data set1= 8224, 8224, 8224, 8224, 8224, 8224, 8224, 8224, 8224, 8224, 8224, 8224, 8224, 8224, 8224, 8224
external data set2= 8224, 8224, 8224, 8224, 8224, 8224, 8224, 8224, 8224, 8224, 8224, 8224, 8224, 8224, 8224, 8224
external data dark= 0,0,0,0,0,0,0,0
external data mask= 0
optic= LENS4 , LENS4 
temp= 48.69, 9.01, -4.97, 49.34, 9.01, -4.90
battery= 6.3, 5.9
error= 0, 0
units= Radiance, Radiance
time= 1/1/08 2:18:54 PM, 1/1/08 2:31:00 PM
longitude= , 
latitude= , 
gpstime= , 
comm= 
memory slot= 0, 0
factors= 
data= 
346.4 509.60 129.95 25.50
347.9 549.06 115.46 21.03
349.5 608.40 116.06 19.08
351.1 655.20 121.06 18.48
352.6 708.40 115.12 16.25
354.2 752.68 124.36 16.52
355.7 818.30 119.88 14.65
357.3 873.81 134.54 15.40
358.8 891.23 130.01 14.59
360.4 967.31 139.29 14.40
361.9 1009.93 144.87 14.34
363.5 1059.53 141.27 13.33
365.1 1102.67 141.47 12.83
366.6 1156.59 132.58 11.46
368.2 1218.77 149.07 12.23
369.7 1306.00 134.52 10.30
371.3 1379.56 142.24 10.31
372.8 1457.48 155.38 10.66
374.4 1528.58 154.86 10.13
375.9 1575.56 149.61 9.50
377.4 1632.76 160.02 9.80
379.0 1683.54 155.31 9.22
380.5 1741.87 150.18 8.62
382.1 1805.51 148.93 8.25
383.6 1862.60 148.55 7.98
385.2 1949.75 143.00 7.33
386.7 2036.04 161.37 7.93
388.3 2135.96 152.18 7.12
389.8 2212.47 155.92 7.05
391.3 2314.34 163.76 7.08
392.9 2392.65 172.98 7.23
394.4 2474.90 183.99 7.43
395.9 2552.82 200.96 7.87
397.5 2664.75 196.38 7.37
399.0 2774.82 197.76 7.13
400.6 2852.64 196.97 6.90
402.1 2910.24 197.11 6.77
403.6 2965.71 195.64 6.60
405.1 3036.77 191.94 6.32
406.7 3133.76 197.12 6.29
408.2 3234.33 211.17 6.53
409.7 3330.88 211.46 6.35
411.3 3437.91 224.91 6.54
412.8 3528.93 226.57 6.42
414.3 3634.54 238.88 6.57
415.8 3740.00 250.00 6.68
417.4 3868.37 258.06 6.67
418.9 3954.39 268.18 6.78
420.4 4037.85 272.18 6.74
421.9 4106.74 273.94 6.67
423.5 4196.00 285.80 6.81
425.0 4263.51 283.19 6.64
426.5 4364.50 282.94 6.48
428.0 4488.82 283.25 6.31
429.5 4615.58 291.51 6.32
431.1 4756.23 296.44 6.23
432.6 4917.76 309.14 6.29
434.1 5064.68 315.70 6.23
435.6 5199.35 325.08 6.25
437.1 5333.25 334.62 6.27
438.6 5454.84 344.27 6.31
440.1 5584.70 350.51 6.28
441.6 5717.14 366.06 6.40
443.1 5852.25 367.74 6.28
444.7 5982.11 377.30 6.31
446.2 6104.50 385.64 6.32
447.7 6213.60 399.57 6.43
449.2 6315.84 407.81 6.46
450.7 6414.72 416.83 6.50
452.2 6543.45 421.30 6.44
453.7 6682.65 423.16 6.33
455.2 6842.54 441.57 6.45
456.7 7029.44 447.74 6.37
458.2 7231.16 466.93 6.46
459.7 7428.75 485.80 6.54
461.2 7633.63 504.08 6.60
462.7 7815.14 528.41 6.76
464.2 8000.76 541.68 6.77
465.7 8191.53 557.99 6.81
467.2 8352.58 574.42 6.88
468.7 8552.00 590.40 6.90
470.2 8711.17 604.42 6.94
471.7 8854.00 611.80 6.91
473.2 9050.37 624.23 6.90
474.6 9252.88 634.35 6.86
476.1 9378.88 633.46 6.75
477.6 9464.51 634.23 6.70
479.1 9567.20 634.95 6.64
480.6 9658.16 636.40 6.59
482.1 9797.74 648.60 6.62
483.6 9963.22 659.52 6.62
485.1 10140.49 679.72 6.70
486.6 10356.19 706.45 6.82
488.0 10562.50 735.15 6.96
489.5 10784.97 770.68 7.15
491.0 10998.86 819.15 7.45
492.5 11224.98 866.38 7.72
494.0 11462.99 922.79 8.05
495.4 11663.85 970.20 8.32
496.9 11870.36 1034.73 8.72
498.4 12074.30 1102.16 9.13
499.9 12278.41 1172.71 9.55
501.4 12476.75 1248.72 10.01
502.8 12664.51 1320.87 10.43
504.3 12846.60 1398.96 10.89
505.8 13033.73 1489.78 11.43
507.2 13172.68 1575.55 11.96
508.7 13289.99 1651.64 12.43
510.2 13412.81 1729.64 12.90
511.6 13494.72 1810.35 13.42
513.1 13630.43 1902.91 13.96
514.6 13795.53 1992.81 14.45
516.0 13946.28 2084.10 14.94
517.5 14135.83 2190.87 15.50
519.0 14365.19 2294.93 15.98
520.5 14579.60 2403.58 16.49
521.9 14828.55 2518.73 16.99
523.4 15093.49 2641.32 17.50
524.8 15349.14 2762.97 18.00
526.3 15633.70 2885.44 18.46
527.8 15915.89 3002.66 18.87
529.2 16178.21 3118.58 19.28
530.7 16455.24 3237.01 19.67
532.1 16698.15 3346.28 20.04
533.6 16994.07 3461.19 20.37
535.0 17295.55 3580.04 20.70
536.5 17581.25 3688.67 20.98
538.0 17895.84 3806.59 21.27
539.4 18160.64 3914.77 21.56
540.9 18488.86 4042.14 21.86
542.3 18738.28 4153.03 22.16
543.8 18940.29 4249.66 22.44
545.2 19020.35 4308.00 22.65
546.6 19057.19 4346.90 22.81
548.1 19121.11 4391.57 22.97
549.5 19166.91 4423.59 23.08
551.0 19217.70 4465.04 23.23
552.4 19311.21 4511.78 23.36
553.9 19371.38 4548.75 23.48
555.3 19461.20 4595.29 23.61
556.8 19596.88 4655.57 23.76
558.2 19743.75 4706.78 23.84
559.6 19902.71 4777.71 24.01
561.1 20117.50 4862.65 24.17
562.5 20332.52 4951.08 24.35
564.0 20611.34 5063.12 24.56
565.4 20865.50 5167.86 24.77
566.8 21177.73 5287.76 24.97
568.3 21463.05 5403.74 25.18
569.7 21776.78 5521.66 25.36
571.1 22080.65 5627.67 25.49
572.6 22373.82 5732.86 25.62
574.0 22675.95 5840.34 25.76
575.4 22958.44 5937.98 25.86
576.9 23231.09 6037.42 25.99
578.3 23477.03 6124.69 26.09
579.7 23721.74 6220.19 26.22
581.1 23920.49 6300.72 26.34
582.6 24132.47 6385.44 26.46
584.0 24305.80 6462.61 26.59
585.4 24549.94 6574.44 26.78
586.8 24845.17 6693.08 26.94
588.3 25201.80 6834.67 27.12
589.7 25517.70 6959.16 27.27
591.1 25735.55 7048.95 27.39
592.5 25883.00 7102.44 27.44
594.0 25998.42 7155.50 27.52
595.4 26057.54 7187.90 27.58
596.8 26115.38 7228.65 27.68
598.2 26174.55 7269.37 27.77
599.6 26202.06 7301.30 27.87
601.0 26298.70 7356.58 27.97
602.4 26372.18 7402.30 28.07
603.9 26501.77 7465.21 28.17
605.3 26625.41 7528.08 28.27
606.7 26749.80 7587.36 28.36
608.1 26941.18 7657.72 28.42
609.5 27151.69 7739.13 28.50
610.9 27387.74 7826.32 28.58
612.3 27589.20 7907.58 28.66
613.7 27871.80 8009.76 28.74
615.1 28061.64 8052.05 28.69
616.5 28235.16 8105.89 28.71
617.9 28534.12 8213.77 28.79
619.3 28808.15 8328.02 28.91
620.7 29149.14 8476.81 29.08
622.1 29527.66 8461.46 28.66
623.5 29951.83 8348.67 27.87
624.9 30436.35 8292.27 27.24
626.3 30757.12 8235.05 26.77
627.7 30461.43 8124.88 26.67
629.1 30188.34 8081.35 26.77
630.5 30083.03 8121.87 27.00
631.9 30076.12 8208.76 27.29
633.3 30078.24 8295.12 27.58
634.7 30183.54 8380.60 27.77
636.1 30268.81 8357.19 27.61
637.5 30374.19 8337.98 27.45
638.9 30520.15 8332.72 27.30
640.2 30643.60 8343.92 27.23
641.6 30733.56 8335.08 27.12
643.0 30777.50 8292.88 26.94
644.4 30869.16 8265.62 26.78
645.8 30855.38 8214.21 26.62
647.2 31023.20 8202.38 26.44
648.5 31185.15 8225.93 26.38
649.9 31117.13 8218.47 26.41
651.3 31099.80 8256.90 26.55
652.7 31059.00 8257.92 26.59
654.1 30961.56 7987.13 25.80
655.5 30829.51 7657.86 24.84
656.8 30685.81 7345.85 23.94
658.2 30861.69 7170.00 23.23
659.6 31181.89 7054.54 22.62
660.9 31452.29 6937.28 22.06
662.3 31767.46 6816.62 21.46
663.7 32102.70 6679.68 20.81
665.0 32334.98 6544.88 20.24
666.4 32575.38 6421.32 19.71
667.8 32873.84 6334.33 19.27
669.1 33084.01 6246.25 18.88
670.5 33327.47 6182.24 18.55
671.9 33513.12 6133.87 18.30
673.2 33742.50 6136.64 18.19
674.6 33950.66 6156.78 18.13
676.0 34219.05 6235.74 18.22
677.3 34494.18 6346.17 18.40
678.7 34767.13 6512.70 18.73
680.0 35103.31 6766.06 19.27
681.4 35420.13 7101.32 20.05
682.8 35763.00 7547.54 21.10
684.1 36073.44 8093.59 22.44
685.5 36318.59 8741.26 24.07
686.8 36607.26 9477.89 25.89
688.2 36844.31 10270.26 27.87
689.5 36898.97 11052.25 29.95
690.9 36950.15 11853.14 32.08
692.2 37008.15 12642.90 34.16
693.6 37024.93 13431.99 36.28
694.9 37005.38 14145.90 38.23
696.2 37027.13 14811.89 40.00
697.6 37047.86 15418.98 41.62
698.9 37049.76 16019.52 43.24
700.3 37075.62 16568.95 44.69
701.6 37124.24 17089.53 46.03
703.0 37178.40 17553.58 47.21
704.3 37172.20 17903.21 48.16
705.6 37157.22 18276.73 49.19
707.0 37168.46 18587.61 50.01
708.3 37076.04 18811.14 50.74
709.6 36967.81 19018.41 51.45
711.0 36867.73 19158.39 51.97
712.3 36770.31 19300.56 52.49
713.6 36755.88 19442.81 52.90
714.9 36684.64 19579.76 53.37
716.3 36701.44 19722.28 53.74
717.6 36734.04 19869.61 54.09
718.9 36680.73 19939.64 54.36
720.2 36496.25 19916.57 54.57
721.6 36394.28 19919.38 54.73
722.9 36240.12 19934.43 55.01
724.2 36067.30 19904.79 55.19
725.5 35963.70 19919.06 55.39
726.8 35833.96 19886.42 55.50
728.1 35810.80 19861.13 55.46
729.5 35779.10 19846.06 55.47
730.8 35779.13 19840.31 55.45
732.1 35704.25 19833.95 55.55
733.4 35690.92 19844.67 55.60
734.7 35685.89 19818.19 55.54
736.0 35729.66 19840.39 55.53
737.3 35717.44 19845.21 55.56
738.6 35830.21 19927.23 55.62
739.9 36014.88 20098.97 55.81
741.2 36161.58 20175.79 55.79
742.5 36363.94 20369.61 56.02
743.8 36737.66 20669.88 56.26
745.1 37309.08 21068.73 56.47
746.4 37926.98 21482.19 56.64
747.7 38536.99 21858.30 56.72
749.0 39118.92 22221.14 56.80
750.3 39493.02 22375.14 56.66
751.6 39440.80 22322.66 56.60
752.9 39084.79 22160.79 56.70
754.2 38731.25 21984.27 56.76
755.4 38386.91 21775.66 56.73
756.7 38244.09 21751.77 56.88
758.0 38261.36 21832.29 57.06
759.3 38489.95 22042.44 57.27
760.6 38786.44 22337.39 57.59
761.9 39062.28 22593.15 57.84
763.1 39197.21 22720.11 57.96
764.4 39371.54 22896.59 58.16
765.7 39490.75 23021.70 58.30
767.0 39577.16 23122.78 58.42
768.2 39644.64 23205.50 58.53
769.5 39697.68 23299.15 58.69
770.8 39836.32 23426.08 58.81
772.0 39856.44 23482.08 58.92
773.3 39898.95 23574.29 59.08
774.6 39978.84 23662.65 59.19
775.8 40054.79 23712.20 59.20
777.1 40085.96 23751.94 59.25
778.4 40059.57 23730.98 59.24
779.6 39999.54 23763.92 59.41
780.9 39948.00 23779.20 59.53
782.1 39837.20 23744.30 59.60
783.4 39802.88 23775.23 59.73
784.6 39851.08 23817.34 59.77
785.9 40095.40 24080.43 60.06
787.1 40531.58 24443.22 60.31
788.4 40834.19 24562.60 60.15
789.6 40796.10 24346.47 59.68
790.9 40479.11 24024.46 59.35
792.1 40128.24 23810.50 59.34
793.4 39739.41 23600.19 59.39
794.6 39507.48 23435.08 59.32
795.8 39314.07 23301.07 59.27
797.1 39097.95 23208.06 59.36
798.3 38940.83 23133.99 59.41
799.5 38821.14 23088.27 59.47
800.8 38733.05 23003.11 59.39
802.0 38591.76 22959.79 59.49
803.2 38469.72 22871.20 59.45
804.5 38377.94 22815.11 59.45
805.7 38264.87 22771.69 59.51
806.9 38181.95 22711.88 59.48
808.1 38074.65 22677.18 59.56
809.4 38033.33 22667.54 59.60
810.6 37951.55 22640.80 59.66
811.8 37942.61 22659.48 59.72
813.0 37965.80 22696.55 59.78
814.2 37975.49 22736.88 59.87
815.4 38039.93 22766.55 59.85
816.6 38032.65 22760.85 59.85
817.9 38050.16 22758.92 59.81
819.1 37997.24 22683.82 59.70
820.3 37865.18 22586.71 59.65
821.5 37787.61 22521.82 59.60
822.7 37714.41 22494.96 59.65
823.9 37704.87 22499.33 59.67
825.1 37688.07 22470.73 59.62
826.3 37716.38 22467.21 59.57
827.5 37726.06 22470.11 59.56
828.7 37779.60 22464.38 59.46
829.9 37796.29 22463.78 59.43
831.0 37849.02 22521.01 59.50
832.2 37913.75 22591.08 59.59
833.4 37950.44 22613.01 59.59
834.6 37978.13 22666.88 59.68
835.8 38031.53 22723.47 59.75
837.0 38073.26 22821.07 59.94
838.1 38178.69 22935.15 60.07
839.3 38239.24 22994.19 60.13
840.5 38296.24 23068.46 60.24
841.7 38381.58 23206.77 60.46
842.9 38485.06 23376.11 60.74
844.0 38543.94 23463.50 60.87
845.2 38626.85 23578.84 61.04
846.4 38724.98 23658.34 61.09
847.5 38888.12 23799.94 61.20
848.7 39002.30 23903.59 61.29
849.9 39141.74 23952.41 61.19
851.0 39173.78 23963.08 61.17
852.2 39245.07 23972.30 61.08
853.3 39202.67 23917.37 61.01
854.5 39188.19 23894.92 60.97
855.6 39170.88 23929.45 61.09
856.8 39193.80 23969.66 61.16
857.9 39192.81 24000.15 61.24
859.1 39326.60 24058.48 61.18
860.2 39300.24 24085.06 61.28
861.4 39344.78 24097.17 61.25
862.5 39384.29 24135.55 61.28
863.7 39467.66 24193.19 61.30
864.8 39454.45 24211.32 61.37
865.9 39398.65 24188.44 61.39
867.1 39448.45 24188.11 61.32
868.2 39441.53 24211.39 61.39
869.3 39465.67 24207.12 61.34
870.5 39438.89 24152.56 61.24
871.6 39473.54 24193.60 61.29
872.7 39541.37 24271.49 61.38
873.9 39548.50 24268.97 61.37
875.0 39546.05 24225.37 61.26
876.1 39583.15 24238.23 61.23
877.2 39616.79 24211.82 61.12
878.3 39601.98 24178.55 61.05
879.4 39662.11 24183.66 60.97
880.5 39702.60 24214.03 60.99
881.7 39698.10 24129.82 60.78
882.8 39775.46 24094.43 60.58
883.9 39785.32 24055.10 60.46
885.0 39766.55 23952.20 60.23
886.1 39735.85 23889.83 60.12
887.2 39664.66 23735.94 59.84
888.3 39567.00 23635.89 59.74
889.4 39535.02 23551.86 59.57
890.5 39459.91 23495.85 59.54
891.6 39428.33 23407.97 59.37
892.7 39429.01 23371.50 59.27
893.8 39492.50 23424.76 59.31
894.9 39505.51 23438.54 59.33
896.0 39527.49 23373.26 59.13
897.0 39487.40 23339.76 59.11
898.1 39490.45 23345.06 59.12
899.2 39536.22 23301.43 58.94
900.3 39503.73 23257.15 58.87
901.4 39454.09 23187.88 58.77
902.4 39461.49 23171.20 58.72
903.5 39418.10 23103.23 58.61
904.6 39431.18 23143.14 58.69
905.7 39454.64 23070.22 58.47
906.7 39397.52 23039.21 58.48
907.8 39514.80 23050.30 58.33
908.9 39443.33 22972.17 58.24
909.9 39411.21 22937.97 58.20
911.0 39357.50 22816.17 57.97
912.1 39280.99 22773.93 57.98
913.1 39233.48 22641.01 57.71
914.2 39173.92 22583.08 57.65
915.2 39170.79 22549.43 57.57
916.3 39094.50 22507.98 57.57
917.3 39076.47 22439.67 57.43
918.4 39031.30 22336.16 57.23
919.4 39022.48 22216.58 56.93
920.5 39026.74 22164.05 56.79
921.5 39018.63 22115.77 56.68
922.6 38959.72 21983.43 56.43
923.6 39026.05 21927.81 56.19
924.7 39022.50 21839.70 55.97
925.7 39030.84 21767.78 55.77
926.7 39009.32 21650.39 55.50
927.8 39032.57 21535.51 55.17
928.8 39142.62 21525.08 54.99
929.9 39330.10 21434.28 54.50
930.9 39447.46 21442.07 54.36
931.9 39602.61 21487.35 54.26
932.9 39864.58 21534.08 54.02
934.0 39909.81 21457.09 53.76
935.0 39942.68 21364.03 53.49
936.0 39929.50 21254.67 53.23
937.0 39883.94 21168.34 53.07
938.1 39848.52 21013.64 52.73
939.1 39753.89 20939.29 52.67
940.1 39867.76 20861.38 52.33
941.1 39995.43 20825.67 52.07
942.1 40229.45 20815.84 51.74
943.1 40393.76 20779.01 51.44
944.1 40552.56 20782.86 51.25
945.2 40570.32 20665.34 50.94
946.2 40685.67 20575.02 50.57
947.2 40740.25 20431.65 50.15
948.2 40874.09 20363.62 49.82
949.2 40954.06 20243.60 49.43
950.2 41026.00 20164.56 49.15
951.2 41012.16 19980.58 48.72
952.2 41170.94 19891.05 48.31
953.2 41257.13 19815.25 48.03
954.2 41395.95 19772.37 47.76
955.2 41401.94 19608.70 47.36
956.2 41391.82 19524.92 47.17
957.2 41524.97 19413.44 46.75
958.2 41486.28 19347.22 46.64
959.2 41625.00 19340.64 46.46
960.1 41647.94 19300.68 46.34
961.1 41725.78 19308.40 46.27
962.1 41752.50 19244.63 46.09
963.1 41720.60 19205.70 46.03
964.1 41837.60 19230.35 45.96
965.1 41932.95 19251.56 45.91
966.1 41961.44 19318.40 46.04
967.0 42058.17 19283.24 45.85
968.0 42094.69 19290.80 45.83
969.0 42115.20 19277.12 45.77
970.0 42092.26 19370.83 46.02
971.0 42266.18 19367.25 45.82
971.9 42275.33 19338.01 45.74
972.9 42388.85 19335.61 45.61
973.9 42492.13 19184.36 45.15
974.9 42580.28 19283.67 45.29
975.8 42630.52 19107.10 44.82
976.8 42806.43 19078.41 44.57
977.8 42848.34 18999.81 44.34
978.8 42868.95 19013.52 44.35
979.7 43050.58 19024.40 44.19
980.7 43264.32 18991.76 43.90
981.7 43347.07 18973.58 43.77
982.6 43545.07 19261.61 44.23
983.6 44003.55 19337.98 43.95
984.6 44377.46 19683.07 44.35
985.5 44900.28 19775.38 44.04
986.5 45688.01 20045.81 43.88
987.5 46285.78 20200.76 43.64
988.4 47161.40 20315.68 43.08
989.4 47812.76 20822.90 43.55
990.4 48753.98 21311.62 43.71
991.3 50274.64 21541.40 42.85
992.3 50864.45 22458.61 44.15
993.2 51610.85 22349.74 43.30
994.2 53891.66 22467.51 41.69
995.2 55394.96 22605.62 40.81
996.1 55625.12 23472.58 42.20
997.1 56348.70 22539.48 40.00
998.0 54473.40 22063.44 40.50
999.0 55283.87 21246.35 38.43
1000.0 55127.21 21600.86 39.18
1000.9 55875.58 22665.02 40.56
1001.9 56355.47 22380.01 39.71
1002.8 54776.67 21241.64 38.78
1003.8 57170.04 21995.19 38.47
1004.8 54763.20 21357.65 39.00
961.5 49984.08 20012.97 40.04
965.5 48959.90 19959.26 40.77
969.5 47367.08 19397.95 40.95
973.4 45664.01 18662.29 40.87
977.4 44063.24 18074.20 41.02
981.4 43484.76 17734.44 40.78
985.3 43466.28 17609.42 40.51
989.3 43739.41 17787.29 40.67
993.3 44088.36 18056.56 40.96
997.2 44246.85 18246.42 41.24
1001.2 44240.69 18423.86 41.64
1005.2 44147.66 18600.65 42.13
1009.1 44170.72 18849.28 42.67
1013.1 44298.35 19162.70 43.26
1017.1 44409.64 19493.53 43.89
1021.0 44418.65 19759.07 44.48
1025.0 44431.92 19977.87 44.96
1029.0 44310.95 20127.56 45.42
1032.9 44196.36 20296.64 45.92
1036.9 44214.81 20542.14 46.46
1040.9 44317.48 20832.44 47.01
1044.8 44471.57 21174.56 47.61
1048.8 44586.22 21490.00 48.20
1052.7 44660.98 21746.91 48.69
1056.7 44664.90 21931.75 49.10
1060.7 44652.74 22071.04 49.43
1064.6 44643.90 22190.22 49.70
1068.6 44545.19 22208.88 49.86
1072.5 44448.63 22179.53 49.90
1076.5 44390.31 22144.57 49.89
1080.4 44363.13 22088.56 49.79
1084.4 44428.99 22039.71 49.61
1088.3 44526.89 21960.54 49.32
1092.3 44515.11 21803.92 48.98
1096.2 44485.25 21641.36 48.65
1100.2 44489.30 21487.58 48.30
1104.1 44387.15 21268.33 47.92
1108.1 44344.78 21066.90 47.51
1112.0 44255.25 20801.97 47.00
1116.0 44078.91 20447.51 46.39
1119.9 43920.46 20061.42 45.68
1123.9 43980.05 19698.67 44.79
1127.8 43933.44 19157.76 43.61
1131.8 43891.20 18463.26 42.07
1135.7 43904.71 17637.07 40.17
1139.6 43873.24 16718.31 38.11
1143.6 43814.30 15859.51 36.20
1147.5 43764.96 15152.87 34.62
1151.4 43600.54 14576.81 33.43
1155.4 43567.43 14228.80 32.66
1159.3 43548.37 14027.69 32.21
1163.2 43379.84 13845.55 31.92
1167.2 43333.14 13749.36 31.73
1171.1 43320.14 13683.92 31.59
1175.0 43247.45 13613.33 31.48
1179.0 43203.54 13557.73 31.38
1182.9 43281.26 13524.09 31.25
1186.8 43262.79 13459.07 31.11
1190.7 43059.97 13335.71 30.97
1194.7 42822.73 13229.99 30.89
1198.6 42602.18 13163.54 30.90
1202.5 42456.57 13132.11 30.93
1206.4 42335.53 13133.16 31.02
1210.3 42230.32 13163.50 31.17
1214.2 42126.94 13189.09 31.31
1218.2 41984.08 13207.62 31.46
1222.1 41854.50 13263.75 31.69
1226.0 41760.57 13333.06 31.93
1229.9 41673.90 13387.80 32.13
1233.8 41576.55 13438.25 32.32
1237.7 41528.30 13488.91 32.48
1241.6 41457.25 13528.41 32.63
1245.5 41309.15 13543.14 32.78
1249.4 41175.26 13546.39 32.90
1253.3 41058.30 13556.45 33.02
1257.2 40978.33 13584.89 33.15
1261.1 40873.57 13582.73 33.23
1265.0 40757.89 13557.96 33.26
1268.9 40587.74 13490.04 33.24
1272.8 40626.75 13466.25 33.15
1276.7 40780.33 13475.81 33.04
1280.6 40842.56 13434.01 32.89
1284.5 40748.73 13306.05 32.65
1288.4 40697.88 13175.55 32.37
1292.3 40562.50 13010.25 32.07
1296.2 40411.46 12796.51 31.67
1300.1 40239.63 12551.79 31.19
1303.9 40009.73 12266.16 30.66
1307.8 39785.54 11951.86 30.04
1311.7 39554.21 11620.64 29.38
1315.6 39326.35 11273.52 28.67
1319.5 39086.11 10897.69 27.88
1323.3 38870.69 10504.23 27.02
1327.2 38681.53 10129.39 26.19
1331.1 38474.56 9735.63 25.30
1335.0 38203.08 9335.26 24.44
1338.8 38009.09 8986.59 23.64
1342.7 37876.27 8657.99 22.86
1346.5 37598.34 8299.09 22.07
1350.4 37400.07 7954.36 21.27
1354.3 37094.65 7593.57 20.47
1358.1 36731.71 7251.38 19.74
1362.0 36487.36 6976.42 19.12
1365.8 36370.47 6747.65 18.55
1369.7 36432.94 6524.14 17.91
1373.5 36366.82 6206.38 17.07
1377.4 36166.21 5740.47 15.87
1381.2 35990.96 5185.51 14.41
1385.1 35936.27 4666.95 12.99
1389.0 35813.45 4180.36 11.67
1392.8 35598.92 3703.12 10.40
1396.6 35460.61 3280.46 9.25
1400.5 35253.63 2929.94 8.31
1404.3 35072.57 2667.50 7.61
1408.2 35016.72 2475.59 7.07
1412.0 34945.02 2329.02 6.66
1415.8 34962.39 2231.85 6.38
1419.6 34891.95 2149.24 6.16
1423.5 34842.23 2084.18 5.98
1427.3 34796.45 2045.75 5.88
1431.1 34758.75 2020.43 5.81
1434.9 34669.05 1987.38 5.73
1438.8 34606.94 1974.70 5.71
1442.6 34573.84 1968.72 5.69
1446.4 34441.31 1952.34 5.67
1450.2 34332.12 1944.11 5.66
1454.0 34220.52 1938.00 5.66
1457.8 34188.19 1943.42 5.68
1461.6 34155.00 1955.94 5.73
1465.4 34045.70 1969.61 5.79
1469.2 33870.20 1986.08 5.86
1473.0 33726.92 2015.15 5.97
1476.8 33664.28 2057.03 6.11
1480.7 33601.58 2114.91 6.29
1484.4 33488.64 2168.28 6.47
1488.2 33386.04 2241.24 6.71
1492.0 33257.25 2317.21 6.97
1495.8 33142.20 2391.03 7.21
1499.6 33034.11 2452.20 7.42
1503.4 32933.47 2477.90 7.52
1507.2 32852.74 2497.73 7.60
1510.9 32722.34 2539.81 7.76
1514.7 32573.11 2588.45 7.95
1518.5 32453.90 2638.72 8.13
1522.3 32317.90 2695.92 8.34
1526.0 32200.64 2754.82 8.56
1529.8 32127.61 2823.86 8.79
1533.6 32011.66 2894.29 9.04
1537.3 31894.88 2962.83 9.29
1541.1 31782.08 3027.78 9.53
1544.8 31651.20 3091.20 9.77
1548.6 31528.46 3158.86 10.02
1552.4 31450.00 3229.11 10.27
1556.1 31366.15 3280.01 10.46
1559.9 31270.43 3320.48 10.62
1563.6 31150.17 3375.66 10.84
1567.3 31046.10 3436.82 11.07
1571.1 30855.35 3498.42 11.34
1574.8 30723.08 3561.40 11.59
1578.6 30633.26 3615.43 11.80
1582.3 30519.48 3659.95 11.99
1586.0 30400.45 3701.82 12.18
1589.8 30269.89 3731.71 12.33
1593.5 30123.48 3766.34 12.50
1597.2 29998.09 3805.59 12.69
1600.9 29883.71 3830.38 12.82
1604.7 29753.95 3854.41 12.95
1608.4 29639.51 3895.31 13.14
1612.1 29489.62 3928.91 13.32
1615.8 29365.23 3950.65 13.45
1619.5 29298.37 3986.14 13.61
1623.2 29161.12 4014.48 13.77
1626.9 29003.45 4030.21 13.90
1630.6 28846.40 4046.24 14.03
1634.3 28721.00 4062.24 14.14
1638.0 28599.28 4064.95 14.21
1641.7 28456.49 4059.38 14.27
1645.4 28299.47 4050.65 14.31
1649.1 28138.66 4035.80 14.34
1652.8 28008.70 4020.86 14.36
1656.4 27859.80 3999.53 14.36
1660.1 27720.43 3984.69 14.37
1663.8 27551.22 3964.14 14.39
1667.5 27406.07 3938.58 14.37
1671.1 27282.14 3917.47 14.36
1674.8 27100.13 3886.78 14.34
1678.5 27060.12 3870.07 14.30
1682.1 27085.37 3853.29 14.23
1685.8 27087.74 3833.04 14.15
1689.5 26985.46 3797.34 14.07
1693.1 26859.21 3761.19 14.00
1696.8 26718.75 3726.38 13.95
1700.4 26575.97 3680.19 13.85
1704.0 26457.91 3631.06 13.72
1707.7 26210.69 3565.28 13.60
1711.3 25940.59 3485.95 13.44
1715.0 25755.85 3416.74 13.27
1718.6 25603.66 3354.40 13.10
1722.2 25471.82 3301.37 12.96
1725.9 25346.15 3247.90 12.81
1729.5 25225.17 3204.53 12.70
1733.1 25122.33 3169.08 12.61
1736.7 25028.77 3128.30 12.50
1740.3 24869.68 3089.55 12.42
1744.0 24796.20 3052.50 12.31
1747.5 24670.34 2993.53 12.13
1751.2 24460.97 2921.75 11.94
1754.8 24300.77 2862.00 11.78
1758.4 24168.99 2808.35 11.62
1762.0 24004.67 2759.30 11.49
1765.5 23878.06 2718.68 11.39
1769.1 23824.80 2695.20 11.31
1772.7 23745.17 2672.78 11.26
1776.3 23631.64 2633.32 11.14
1779.9 23517.13 2608.93 11.09
1783.5 23453.36 2586.64 11.03
1787.0 23338.16 2553.98 10.94
1790.6 23194.11 2536.11 10.93
1794.2 23099.94 2528.93 10.95
1797.8 23019.59 2512.11 10.91
1801.3 22943.45 2502.54 10.91
1804.9 22821.75 2488.50 10.90
1808.4 22758.56 2482.17 10.91
1812.0 22651.25 2462.51 10.87
1815.5 22537.46 2446.40 10.85
1819.1 22377.91 2421.38 10.82
1822.6 22230.86 2392.49 10.76
1826.2 22108.08 2381.10 10.77
1829.7 21962.63 2356.57 10.73
1833.2 21769.52 2318.34 10.65
1836.8 21568.82 2283.65 10.59
1840.3 21408.35 2269.94 10.60
1843.8 21283.15 2260.37 10.62
1847.3 21175.36 2266.82 10.71
1850.8 21026.88 2274.05 10.81
1854.3 20829.70 2253.82 10.82
1857.8 20716.80 2204.80 10.64
1861.3 20743.52 2103.47 10.14
1864.8 20771.48 1921.18 9.25
1868.3 20668.83 1740.77 8.42
1871.8 20505.60 1566.72 7.64
1875.3 20412.67 1407.77 6.90
1878.8 20386.82 1299.31 6.37
1882.3 20318.80 1190.62 5.86
1885.8 20165.84 1108.28 5.50
1889.3 19976.70 1050.97 5.26
1892.7 19815.25 1018.21 5.14
1896.2 19650.94 993.64 5.06
1899.7 19441.16 993.90 5.11
1903.1 19313.45 1060.75 5.49
1906.6 19304.54 1123.29 5.82
1910.0 19451.18 1230.03 6.32
1913.5 19794.95 1447.73 7.31
1917.0 20308.75 1698.55 8.36
1920.4 20662.58 2033.90 9.84
1923.8 20806.27 2113.14 10.16
1871.2 18887.00 972.97 5.15
1873.9 18953.16 944.97 4.99
1876.7 18991.47 908.64 4.78
1879.5 19143.67 822.88 4.30
1882.3 18900.39 820.97 4.34
1885.1 18757.12 741.32 3.95
1887.8 18909.61 667.98 3.53
1890.6 18719.80 686.11 3.67
1893.4 18700.00 594.00 3.18
1896.2 18690.78 557.01 2.98
1898.9 18634.09 629.49 3.38
1901.7 18493.24 581.96 3.15
1904.5 18663.12 539.58 2.89
1907.2 18605.75 565.25 3.04
1910.0 18464.96 579.33 3.14
1912.7 18451.36 568.47 3.08
1915.5 18338.72 553.21 3.02
1918.2 18231.61 533.17 2.92
1921.0 18078.76 519.19 2.87
1923.7 18082.37 530.27 2.93
1926.5 18028.91 511.30 2.84
1929.2 17989.40 516.27 2.87
1932.0 17961.44 530.88 2.96
1934.7 17922.05 515.90 2.88
1937.4 17800.47 511.78 2.88
1940.2 17730.06 525.54 2.96
1942.9 17801.07 545.06 3.06
1945.6 17808.94 537.56 3.02
1948.3 17731.12 541.50 3.05
1951.1 17698.80 529.76 2.99
1953.8 17700.00 528.00 2.98
1956.5 17568.67 545.09 3.10
1959.2 17632.03 535.21 3.04
1961.9 17647.56 530.44 3.01
1964.6 17543.58 547.40 3.12
1967.3 17598.27 563.67 3.20
1970.0 17419.60 556.48 3.19
1972.8 17335.24 555.98 3.21
1975.5 17419.52 553.14 3.18
1978.2 17336.04 551.88 3.18
1980.9 17221.82 559.68 3.25
1983.5 17185.34 555.49 3.23
1986.2 17183.55 558.72 3.25
1988.9 17157.36 579.09 3.38
1991.6 17017.92 570.64 3.35
1994.3 16893.86 569.00 3.37
1997.0 16913.63 568.02 3.36
1999.7 16876.79 568.59 3.37
2002.3 16857.27 586.84 3.48
2005.0 16785.35 601.22 3.58
2007.7 16706.93 599.13 3.59
2010.4 16656.07 579.57 3.48
2013.0 16600.58 591.76 3.56
2015.7 16495.88 616.64 3.74
2018.4 16401.61 624.07 3.80
2021.0 16371.00 614.83 3.76
2023.7 16264.64 602.08 3.70
2026.4 16195.83 605.58 3.74
2029.0 16138.97 638.25 3.95
2031.7 16029.65 636.57 3.97
2034.3 16012.75 611.22 3.82
2037.0 15932.90 610.86 3.83
2039.6 15864.39 633.00 3.99
2042.3 15822.15 640.30 4.05
2044.9 15747.27 636.74 4.04
2047.5 15719.22 633.93 4.03
2050.2 15638.00 632.80 4.05
2052.8 15596.00 644.00 4.13
2055.4 15487.61 661.19 4.27
2058.1 15363.60 660.80 4.30
2060.7 15311.01 648.44 4.24
2063.3 15243.07 646.51 4.24
2065.9 15200.63 636.50 4.19
2068.6 15142.00 639.29 4.22
2071.2 15102.27 647.28 4.29
2073.8 15013.06 657.61 4.38
2076.4 14939.89 667.99 4.47
2079.0 14937.96 674.40 4.51
2081.6 14955.68 666.76 4.46
2084.2 14929.44 674.38 4.52
2086.8 14795.01 684.46 4.63
2089.4 14708.12 686.47 4.67
2092.1 14645.50 697.00 4.76
2094.7 14574.18 700.60 4.81
2097.2 14543.50 722.50 4.97
2099.8 14569.24 705.97 4.85
2102.4 14455.51 688.09 4.76
2105.0 14315.55 721.05 5.04
2107.6 14281.54 720.63 5.05
2110.2 14245.28 682.00 4.79
2112.8 14225.04 692.93 4.87
2115.3 14222.61 718.78 5.05
2117.9 14223.97 710.91 5.00
2120.5 14225.20 687.94 4.84
2123.1 14136.53 722.48 5.11
2125.6 14079.43 752.58 5.35
2128.2 14012.88 722.89 5.16
2130.8 13940.55 734.18 5.27
2133.3 13889.33 739.20 5.32
2135.9 13802.30 720.71 5.22
2138.4 13704.95 754.35 5.50
2141.0 13601.55 763.97 5.62
2143.6 13585.34 727.05 5.35
2146.1 13439.94 737.52 5.49
2148.7 13282.54 742.98 5.59
2151.2 13302.67 727.47 5.47
2153.8 13324.47 744.66 5.59
2156.3 13227.98 750.15 5.67
2158.8 13160.05 744.24 5.66
2161.4 13128.93 748.88 5.70
2163.9 13034.58 745.93 5.72
2166.4 12973.85 718.47 5.54
2169.0 12959.07 718.47 5.54
2171.5 12876.28 745.08 5.79
2174.0 12786.55 731.85 5.72
2176.5 12767.30 726.57 5.69
2179.1 12718.27 737.86 5.80
2181.6 12644.21 754.33 5.97
2184.1 12612.60 760.76 6.03
2186.6 12631.79 737.51 5.84
2189.1 12551.10 728.67 5.81
2191.6 12501.53 738.27 5.91
2194.1 12512.72 730.77 5.84
2196.6 12513.32 726.89 5.81
2199.2 12564.98 749.99 5.97
2201.7 12503.60 766.48 6.13
2204.1 12450.01 765.99 6.15
2206.6 12458.20 757.19 6.08
2209.1 12429.94 745.65 6.00
2211.6 12413.54 749.91 6.04
2214.1 12385.83 771.74 6.23
2216.6 12340.79 752.07 6.09
2219.1 12355.98 736.88 5.96
2221.6 12303.15 761.33 6.19
2224.0 12230.10 739.14 6.04
2226.5 12198.83 696.32 5.71
2229.0 12234.63 704.23 5.76
2231.5 12152.59 735.36 6.05
2233.9 12137.64 688.85 5.68
2236.4 12131.98 683.22 5.63
2238.9 12024.13 701.38 5.83
2241.3 12068.10 664.62 5.51
2243.8 12017.57 672.39 5.60
2246.2 11870.35 670.66 5.65
2248.7 11882.39 636.35 5.36
2251.2 11860.53 668.74 5.64
2253.6 11784.96 656.64 5.57
2256.1 11773.44 610.56 5.19
2258.5 11793.92 630.03 5.34
2260.9 11696.75 605.93 5.18
2263.4 11668.53 587.27 5.03
2265.8 11678.48 600.08 5.14
2268.3 11583.48 581.10 5.02
2270.7 11653.18 552.72 4.74
2273.1 11608.55 575.25 4.96
2275.6 11523.84 587.52 5.10
2278.0 11553.06 541.91 4.69
2280.4 11529.61 546.46 4.74
2282.8 11402.06 569.14 4.99
2285.3 11435.59 540.48 4.73
2287.7 11531.47 527.18 4.57
2290.1 11440.95 529.75 4.63
2292.5 11408.96 488.11 4.28
2294.9 11404.51 517.67 4.54
2297.3 11303.39 478.56 4.23
2299.7 11233.01 458.01 4.08
2302.1 11231.11 506.76 4.51
2304.5 11113.20 458.64 4.13
2306.9 10995.60 442.96 4.03
2309.3 10932.15 481.96 4.41
2311.7 10856.55 463.15 4.27
2314.1 10708.33 448.97 4.19
2316.5 10641.94 496.44 4.66
2318.9 10674.03 488.77 4.58
2321.3 10672.73 471.44 4.42
2323.7 10642.23 467.22 4.39
2326.1 10606.96 451.36 4.26
2328.4 10691.58 427.18 4.00
2330.8 10736.25 417.18 3.89
2333.2 10617.06 473.61 4.46
2335.6 10582.60 473.29 4.47
2337.9 10642.00 459.07 4.31
2340.3 10592.40 466.02 4.40
2342.7 10507.23 440.09 4.19
2345.0 10502.01 416.17 3.96
2347.4 10493.25 386.75 3.69
2349.7 10277.63 422.90 4.11
2352.1 10236.25 428.83 4.19
2354.4 10290.21 421.24 4.09
2356.8 10243.45 418.72 4.09
2359.2 10187.67 416.00 4.08
2361.5 10122.93 436.33 4.31
2363.8 10144.75 395.25 3.90
2366.2 10159.49 379.55 3.74
2368.5 10097.05 364.90 3.61
2370.9 10118.68 371.29 3.67
2373.2 10072.53 391.21 3.88
2375.5 9932.38 380.10 3.83
2377.9 9918.93 350.99 3.54
2380.2 9923.89 375.70 3.79
2382.5 9856.28 390.58 3.96
2384.8 9822.88 357.28 3.64
2387.2 9807.99 370.38 3.78
2389.5 9759.69 349.40 3.58
2391.8 9772.85 342.24 3.50
2394.1 9716.63 379.07 3.90
2396.4 9652.48 362.88 3.76
2398.7 9714.10 360.50 3.71
2401.0 9598.25 370.88 3.86
2403.3 9511.80 363.54 3.82
2405.6 9521.83 319.89 3.36
2407.9 9458.88 315.63 3.34
2410.2 9400.00 335.89 3.57
2412.5 9350.27 304.90 3.26
2414.8 9330.30 302.97 3.25
2417.1 9280.68 345.83 3.73
2419.4 9294.64 312.60 3.36
2421.7 9214.94 362.71 3.94
2424.0 9156.02 353.98 3.87
2426.2 9223.40 299.60 3.25
2428.5 9129.27 324.50 3.55
2430.8 9112.40 283.40 3.11
2433.1 9071.93 271.05 2.99
2435.4 8991.17 313.32 3.48
2437.6 8963.19 330.11 3.68
2439.9 8866.09 359.36 4.05
2442.2 8873.80 307.17 3.46
2444.4 8827.50 269.94 3.06
2446.7 8812.56 286.16 3.25
2448.9 8870.66 236.87 2.67
2451.2 8802.92 238.40 2.71
2453.4 8732.64 253.12 2.90
2455.7 8702.87 291.92 3.35
2457.9 8608.05 293.04 3.40
2460.2 8594.01 246.60 2.87
2462.4 8611.20 237.12 2.75
2464.7 8503.63 271.26 3.19
2466.9 8416.62 314.58 3.74
2469.2 8471.54 272.23 3.21
2471.4 8370.38 269.17 3.22
2473.6 8261.63 301.28 3.65
2475.9 8256.69 250.61 3.04
2478.1 8211.66 218.61 2.66
2480.3 8173.00 250.62 3.07
2482.5 8177.69 228.75 2.80
2484.8 8119.06 262.14 3.23
2487.0 8110.30 266.64 3.29
2489.2 8058.48 271.38 3.37
2491.4 7946.29 299.72 3.77
2493.6 7987.26 250.83 3.14
2495.8 7981.68 221.71 2.78
2498.0 7985.07 170.24 2.13
2500.2 7961.63 193.78 2.43
2502.4 8125.20 239.76 2.95
2504.6 8272.59 215.97 2.61
2506.8 8348.61 214.32 2.57
