/*** Spectra Vista SIG Data ***/
name= \My Documents\HR1024_Data\AT3.
instrument= HR: 1091052
integration= 200, 60, 30, 400, 60, 30
scan time= 1, 1
scan settings= AD, AI, AD, AI
external data set1= 8224, 8224, 8224, 8224, 8224, 8224, 8224, 8224, 8224, 8224, 8224, 8224, 8224, 8224, 8224, 8224
external data set2= 8224, 8224, 8224, 8224, 8224, 8224, 8224, 8224, 8224, 8224, 8224, 8224, 8224, 8224, 8224, 8224
external data dark= 0,0,0,0,0,0,0,0
external data mask= 0
optic= LENS4 , LENS4 
temp= 48.69, 9.01, -4.97, 48.94, 9.08, -4.97
battery= 6.3, 6.1
error= 0, 0
units= Radiance, Radiance
time= 1/1/08 2:18:54 PM, 1/1/08 2:23:37 PM
longitude= , 
latitude= , 
gpstime= , 
comm= 
memory slot= 0, 0
factors= 
data= 
346.4 490.49 157.66 32.14
347.9 527.10 158.44 30.06
349.5 577.20 165.36 28.65
351.1 611.52 162.24 26.53
352.6 670.45 161.29 24.06
354.2 713.41 166.90 23.39
355.7 774.53 190.26 24.57
357.3 818.33 192.45 23.52
358.8 842.30 188.73 22.41
360.4 911.03 191.70 21.04
361.9 964.65 196.76 20.40
363.5 990.28 206.02 20.80
365.1 1050.65 204.58 19.47
366.6 1104.80 200.25 18.13
368.2 1165.05 199.77 17.15
369.7 1227.64 197.53 16.09
371.3 1313.71 202.49 15.41
372.8 1384.44 207.50 14.99
374.4 1441.80 213.60 14.81
375.9 1515.98 223.43 14.74
377.4 1557.95 227.68 14.61
379.0 1607.16 227.55 14.16
380.5 1649.54 229.27 13.90
382.1 1716.86 212.76 12.39
383.6 1783.22 219.71 12.32
385.2 1859.00 224.13 12.06
386.7 1941.28 220.66 11.37
388.3 2032.69 226.91 11.16
389.8 2119.14 236.07 11.14
391.3 2222.43 250.65 11.28
392.9 2290.23 258.90 11.30
394.4 2338.39 268.56 11.48
395.9 2427.22 285.74 11.77
397.5 2577.54 295.55 11.47
399.0 2700.66 301.28 11.16
400.6 2764.91 294.32 10.64
402.1 2809.62 291.54 10.38
403.6 2860.22 287.70 10.06
405.1 2936.23 294.77 10.04
406.7 3044.16 293.44 9.64
408.2 3154.14 311.85 9.89
409.7 3256.96 319.20 9.80
411.3 3364.47 327.04 9.72
412.8 3467.31 331.80 9.57
414.3 3583.14 345.10 9.63
415.8 3707.50 366.25 9.88
417.4 3825.36 374.44 9.79
418.9 3916.44 383.30 9.79
420.4 3990.49 381.35 9.56
421.9 4077.70 392.04 9.61
423.5 4137.62 395.78 9.57
425.0 4218.56 393.31 9.32
426.5 4304.30 397.75 9.24
428.0 4419.03 397.16 8.99
429.5 4544.48 409.81 9.02
431.1 4705.92 420.86 8.94
432.6 4881.23 432.56 8.86
434.1 5043.50 443.71 8.80
435.6 5187.74 453.76 8.75
437.1 5331.30 469.95 8.81
438.6 5474.49 480.44 8.78
440.1 5610.48 490.67 8.75
441.6 5755.19 498.62 8.66
443.1 5898.83 516.38 8.75
444.7 6035.54 521.97 8.65
446.2 6155.02 532.57 8.65
447.7 6280.48 537.22 8.55
449.2 6419.52 552.96 8.61
450.7 6524.96 553.28 8.48
452.2 6637.77 565.92 8.53
453.7 6773.91 567.13 8.37
455.2 6941.27 577.99 8.33
456.7 7138.56 595.76 8.35
458.2 7351.73 612.50 8.33
459.7 7579.25 632.63 8.35
461.2 7790.71 653.05 8.38
462.7 7967.29 672.15 8.44
464.2 8158.14 691.74 8.48
465.7 8354.88 708.76 8.48
467.2 8521.98 727.65 8.54
468.7 8686.00 746.00 8.59
470.2 8801.57 757.68 8.61
471.7 8996.50 776.63 8.63
473.2 9331.18 797.69 8.55
474.6 9564.43 808.16 8.45
476.1 9620.56 809.84 8.42
477.6 9638.73 810.41 8.41
479.1 9692.33 803.03 8.29
480.6 9790.29 798.21 8.15
482.1 9922.88 811.63 8.18
483.6 10086.88 823.54 8.16
485.1 10289.79 842.94 8.19
486.6 10525.88 866.59 8.23
488.0 10770.50 888.06 8.25
489.5 11028.84 925.40 8.39
491.0 11284.28 958.63 8.50
492.5 11552.22 993.06 8.60
494.0 11817.78 1039.04 8.79
495.4 12046.65 1080.75 8.97
496.9 12294.54 1123.08 9.13
498.4 12517.73 1174.60 9.38
499.9 12757.59 1226.30 9.61
501.4 12967.10 1267.74 9.78
502.8 13167.90 1318.74 10.01
504.3 13356.00 1375.20 10.30
505.8 13532.64 1423.62 10.52
507.2 13653.03 1470.61 10.77
508.7 13733.86 1520.91 11.07
510.2 13811.90 1565.30 11.33
511.6 13850.98 1616.39 11.67
513.1 13952.07 1666.17 11.94
514.6 14083.63 1727.65 12.27
516.0 14176.22 1778.94 12.55
517.5 14324.40 1844.18 12.87
519.0 14516.61 1917.21 13.21
520.5 14705.88 1986.04 13.51
521.9 14943.04 2066.42 13.83
523.4 15216.30 2153.25 14.15
524.8 15479.11 2239.61 14.47
526.3 15779.75 2326.48 14.74
527.8 16093.22 2424.21 15.06
529.2 16374.94 2510.66 15.33
530.7 16687.76 2606.08 15.62
532.1 16977.45 2699.07 15.90
533.6 17305.95 2787.43 16.11
535.0 17642.05 2887.21 16.37
536.5 17959.86 2974.65 16.56
538.0 18296.96 3064.52 16.75
539.4 18617.01 3156.21 16.95
540.9 19032.18 3271.91 17.19
542.3 19389.48 3375.05 17.41
543.8 19636.33 3462.03 17.63
545.2 19717.73 3515.47 17.83
546.6 19737.60 3540.82 17.94
548.1 19771.95 3577.74 18.10
549.5 19805.43 3607.37 18.21
551.0 19831.07 3636.80 18.34
552.4 19899.88 3685.10 18.52
553.9 19933.44 3717.83 18.65
555.3 19999.98 3753.95 18.77
556.8 20123.97 3812.75 18.95
558.2 20246.63 3868.59 19.11
559.6 20393.50 3933.78 19.29
561.1 20605.00 4009.69 19.46
562.5 20829.30 4096.79 19.67
564.0 21126.47 4192.33 19.84
565.4 21384.43 4297.64 20.10
566.8 21713.10 4413.27 20.33
568.3 22021.29 4528.80 20.57
569.7 22352.81 4645.43 20.78
571.1 22660.54 4766.14 21.03
572.6 22973.22 4889.16 21.28
574.0 23279.85 5004.45 21.50
575.4 23564.25 5125.78 21.75
576.9 23842.67 5246.88 22.01
578.3 24074.05 5358.93 22.26
579.7 24317.20 5473.18 22.51
581.1 24492.51 5582.99 22.79
582.6 24686.64 5699.41 23.09
584.0 24876.08 5809.86 23.36
585.4 25137.58 5952.88 23.68
586.8 25504.55 6132.03 24.04
588.3 25894.44 6323.85 24.42
589.7 26233.74 6501.69 24.78
591.1 26441.64 6643.29 25.12
592.5 26550.44 6754.69 25.44
594.0 26608.92 6859.80 25.78
595.4 26635.24 6948.75 26.09
596.8 26647.34 7045.25 26.44
598.2 26668.29 7148.68 26.81
599.6 26680.23 7253.28 27.19
601.0 26758.95 7379.09 27.58
602.4 26834.33 7514.88 28.00
603.9 26975.39 7670.96 28.44
605.3 27102.78 7825.65 28.87
606.7 27226.80 7983.00 29.32
608.1 27444.15 8163.15 29.74
609.5 27689.41 8353.58 30.17
610.9 27979.98 8574.86 30.65
612.3 28249.88 8781.40 31.08
613.7 28618.00 9030.66 31.56
615.1 28876.50 9240.48 32.00
616.5 29132.36 9462.28 32.48
617.9 29521.26 9740.00 32.99
619.3 29889.92 10035.26 33.57
620.7 30341.01 10365.88 34.16
622.1 30804.46 10747.23 34.89
623.5 31323.18 11164.20 35.64
624.9 31924.73 11590.03 36.30
626.3 32331.89 11918.70 36.86
627.7 32041.29 11950.15 37.30
629.1 31768.38 11960.03 37.65
630.5 31664.32 12018.17 37.95
631.9 31707.18 12144.85 38.30
633.3 31762.13 12278.30 38.66
634.7 31918.97 12449.00 39.00
636.1 31997.14 12542.99 39.20
637.5 32098.28 12652.20 39.42
638.9 32261.24 12801.67 39.68
640.2 32390.38 12925.46 39.91
641.6 32437.08 13046.67 40.22
643.0 32408.71 13150.28 40.58
644.4 32404.35 13262.31 40.93
645.8 32321.00 13361.30 41.34
647.2 32465.68 13565.24 41.78
648.5 32534.36 13792.37 42.39
649.9 32389.70 13952.64 43.08
651.3 32249.85 14139.75 43.84
652.7 32010.15 14304.23 44.69
654.1 31763.52 14119.17 44.45
655.5 31554.08 13838.58 43.86
656.8 31352.55 13552.17 43.23
658.2 31560.50 13461.89 42.65
659.6 31924.89 13474.93 42.21
660.9 32233.98 13465.90 41.78
662.3 32527.31 13412.08 41.23
663.7 32810.40 13363.35 40.73
665.0 33053.44 13301.97 40.24
666.4 33302.26 13250.07 39.79
667.8 33605.42 13241.39 39.40
669.1 33877.47 13214.79 39.01
670.5 34171.03 13239.49 38.74
671.9 34359.72 13263.06 38.60
673.2 34630.03 13344.65 38.53
674.6 34867.19 13451.00 38.58
676.0 35155.82 13610.11 38.71
677.3 35443.21 13816.53 38.98
678.7 35768.00 14113.19 39.46
680.0 36183.65 14521.74 40.13
681.4 36646.41 15073.46 41.13
682.8 37075.68 15738.45 42.45
684.1 37526.58 16554.33 44.11
685.5 37925.87 17456.57 46.03
686.8 38329.26 18448.77 48.13
688.2 38686.15 19450.68 50.28
689.5 38850.20 20369.12 52.43
690.9 38981.61 21247.67 54.51
692.2 39083.85 22056.23 56.43
693.6 39201.36 22825.69 58.23
694.9 39187.75 23487.49 59.94
696.2 39254.96 24124.56 61.46
697.6 39323.35 24684.21 62.77
698.9 39404.64 25185.60 63.92
700.3 39505.32 25650.69 64.93
701.6 39618.65 26062.91 65.78
703.0 39738.75 26443.77 66.54
704.3 39804.86 26745.14 67.19
705.6 39846.78 27004.41 67.77
707.0 39923.98 27238.18 68.23
708.3 39866.99 27417.27 68.77
709.6 39798.03 27550.94 69.23
711.0 39711.49 27625.51 69.57
712.3 39610.00 27697.88 69.93
713.6 39584.16 27775.65 70.17
714.9 39531.60 27819.36 70.37
716.3 39554.50 27913.71 70.57
717.6 39599.56 28012.57 70.74
718.9 39559.43 28029.56 70.85
720.2 39418.96 27989.99 71.01
721.6 39324.48 27928.10 71.02
722.9 39177.39 27839.06 71.06
724.2 38953.15 27742.06 71.22
725.5 38804.60 27666.48 71.30
726.8 38649.46 27572.97 71.34
728.1 38599.91 27531.60 71.33
729.5 38524.75 27468.89 71.30
730.8 38475.56 27409.22 71.24
732.1 38400.70 27339.84 71.20
733.4 38372.85 27310.23 71.17
734.7 38320.98 27266.18 71.15
736.0 38344.02 27270.95 71.12
737.3 38278.76 27262.67 71.22
738.6 38382.45 27332.99 71.21
739.9 38561.99 27463.50 71.22
741.2 38705.94 27594.84 71.29
742.5 38966.55 27821.68 71.40
743.8 39423.04 28174.78 71.47
745.1 40090.50 28694.53 71.57
746.4 40885.85 29295.63 71.65
747.7 41715.16 29892.57 71.66
749.0 42545.70 30438.79 71.54
750.3 43049.23 30722.69 71.37
751.6 43038.08 30665.90 71.25
752.9 42609.35 30413.75 71.38
754.2 42168.53 30121.77 71.43
755.4 41635.13 29874.50 71.75
756.7 41457.00 29805.59 71.90
758.0 41479.52 29877.69 72.03
759.3 41746.58 30125.36 72.16
760.6 42119.00 30433.48 72.26
761.9 42454.12 30729.20 72.38
763.1 42660.98 30935.61 72.51
764.4 42919.91 31133.10 72.54
765.7 43101.50 31292.63 72.60
767.0 43256.15 31436.50 72.68
768.2 43391.04 31567.20 72.75
769.5 43460.35 31675.10 72.88
770.8 43687.96 31838.76 72.88
772.0 43738.21 31908.55 72.95
773.3 43838.34 31991.31 72.98
774.6 43948.81 32106.83 73.06
775.8 44076.34 32185.48 73.02
777.1 44128.01 32245.20 73.07
778.4 44093.37 32256.88 73.16
779.6 44094.60 32265.30 73.17
780.9 44024.00 32248.00 73.25
782.1 43873.04 32187.00 73.36
783.4 43892.16 32223.36 73.41
784.6 43917.08 32286.18 73.52
785.9 44234.28 32573.61 73.64
787.1 44820.11 33025.47 73.68
788.4 45328.07 33327.15 73.52
789.6 45372.96 33212.24 73.20
790.9 44999.95 32888.97 73.09
792.1 44544.64 32605.72 73.20
793.4 44076.62 32308.64 73.30
794.6 43779.45 32063.33 73.24
795.8 43541.19 31888.80 73.24
797.1 43256.63 31732.20 73.36
798.3 43047.26 31610.49 73.43
799.5 42927.57 31553.48 73.50
800.8 42825.90 31475.68 73.50
802.0 42691.40 31402.70 73.56
803.2 42569.36 31307.78 73.55
804.5 42497.93 31241.43 73.51
805.7 42375.83 31162.29 73.54
806.9 42272.55 31075.44 73.51
808.1 42169.77 31005.59 73.53
809.4 42153.38 30975.24 73.48
810.6 42060.20 30928.63 73.53
811.8 42044.14 30946.68 73.61
813.0 42084.91 30962.40 73.57
814.2 42127.75 31023.25 73.64
815.4 42236.79 31071.82 73.57
816.6 42301.14 31101.69 73.52
817.9 42391.83 31108.22 73.38
819.1 42365.34 31061.76 73.32
820.3 42273.78 30963.53 73.25
821.5 42198.18 30897.25 73.22
822.7 42149.23 30847.82 73.19
823.9 42186.24 30808.86 73.03
825.1 42220.30 30805.47 72.96
826.3 42272.51 30793.61 72.85
827.5 42328.13 30791.12 72.74
828.7 42417.12 30773.16 72.55
829.9 42510.53 30756.92 72.35
831.0 42609.44 30777.31 72.23
832.2 42758.13 30820.52 72.08
833.4 42849.53 30850.73 72.00
834.6 42979.69 30911.72 71.92
835.8 43101.45 30974.74 71.86
837.0 43207.85 31043.58 71.85
838.1 43396.04 31174.04 71.84
839.3 43498.84 31267.84 71.88
840.5 43625.57 31364.66 71.90
841.7 43776.18 31508.46 71.98
842.9 43948.14 31642.26 72.00
844.0 44059.79 31778.00 72.12
845.2 44241.86 31931.43 72.17
846.4 44382.22 32038.90 72.19
847.5 44619.40 32211.69 72.19
848.7 44816.42 32353.99 72.19
849.9 45018.15 32486.38 72.16
851.0 45136.02 32536.13 72.08
852.2 45223.42 32568.76 72.02
853.3 45246.20 32555.99 71.95
854.5 45259.51 32536.08 71.89
855.6 45267.21 32540.90 71.89
856.8 45301.69 32584.52 71.93
857.9 45313.04 32591.17 71.92
859.1 45415.00 32655.40 71.90
860.2 45473.48 32687.40 71.88
861.4 45514.89 32709.85 71.87
862.5 45544.75 32755.67 71.92
863.7 45635.91 32804.50 71.88
864.8 45619.00 32817.75 71.94
865.9 45579.36 32789.48 71.94
867.1 45659.13 32809.80 71.86
868.2 45643.16 32812.32 71.89
869.3 45709.35 32802.22 71.76
870.5 45625.80 32762.03 71.81
871.6 45591.62 32738.58 71.81
872.7 45685.87 32774.32 71.74
873.9 45732.39 32785.10 71.69
875.0 45707.10 32759.03 71.67
876.1 45729.74 32735.63 71.58
877.2 45749.63 32724.19 71.53
878.3 45750.96 32696.33 71.47
879.4 45782.70 32721.64 71.47
880.5 45838.08 32714.28 71.37
881.7 45807.45 32650.80 71.28
882.8 45892.11 32637.93 71.12
883.9 45950.60 32591.04 70.93
885.0 45870.83 32477.79 70.80
886.1 45891.73 32363.11 70.52
887.2 45762.08 32202.28 70.37
888.3 45654.92 32067.26 70.24
889.4 45608.33 31932.13 70.01
890.5 45529.28 31841.68 69.94
891.6 45491.45 31741.16 69.77
892.7 45454.64 31688.87 69.72
893.8 45497.68 31693.02 69.66
894.9 45513.05 31676.54 69.60
896.0 45511.22 31611.90 69.46
897.0 45516.23 31593.62 69.41
898.1 45518.04 31591.43 69.40
899.2 45541.84 31513.16 69.20
900.3 45447.60 31418.94 69.13
901.4 45393.41 31351.15 69.07
902.4 45399.18 31274.68 68.89
903.5 45331.76 31198.86 68.82
904.6 45331.53 31158.27 68.73
905.7 45413.14 31121.38 68.53
906.7 45351.95 31082.51 68.54
907.8 45461.39 31069.48 68.34
908.9 45371.01 30955.10 68.23
909.9 45376.10 30903.19 68.10
911.0 45349.88 30800.45 67.92
912.1 45250.84 30685.20 67.81
913.1 45201.00 30544.02 67.57
914.2 45070.85 30447.64 67.56
915.2 45104.85 30359.61 67.31
916.3 45094.35 30290.70 67.17
917.3 45127.87 30211.53 66.95
918.4 44963.33 30056.95 66.85
919.4 45017.27 29948.32 66.53
920.5 45038.80 29791.72 66.15
921.5 45047.17 29725.50 65.99
922.6 44963.24 29564.73 65.75
923.6 45028.42 29437.16 65.37
924.7 45107.00 29374.38 65.12
925.7 45112.44 29213.40 64.76
926.7 45163.49 29081.47 64.39
927.8 45183.35 28936.41 64.04
928.8 45409.02 28836.63 63.50
929.9 45525.24 28748.62 63.15
930.9 45738.51 28720.72 62.79
931.9 45945.48 28681.33 62.42
932.9 46297.35 28674.11 61.93
934.0 46389.58 28543.83 61.53
935.0 46434.83 28472.41 61.32
936.0 46444.25 28244.40 60.81
937.0 46426.19 28048.41 60.42
938.1 46370.49 27867.69 60.10
939.1 46363.52 27700.34 59.75
940.1 46520.48 27582.08 59.29
941.1 46761.80 27533.00 58.88
942.1 46953.11 27457.01 58.48
943.1 47204.27 27387.86 58.02
944.1 47444.18 27367.19 57.68
945.2 47562.06 27237.84 57.27
946.2 47690.89 27051.22 56.72
947.2 47775.50 26857.00 56.22
948.2 47985.58 26773.48 55.79
949.2 48136.56 26547.63 55.15
950.2 48233.65 26364.83 54.66
951.2 48323.52 26210.94 54.24
952.2 48463.74 26026.02 53.70
953.2 48695.24 25863.34 53.11
954.2 48797.78 25702.88 52.67
955.2 48960.29 25524.79 52.13
956.2 48906.22 25376.76 51.89
957.2 49060.45 25224.70 51.42
958.2 49199.73 25138.01 51.09
959.2 49317.30 25024.95 50.74
960.1 49392.04 25019.40 50.65
961.1 49506.93 24936.24 50.37
962.1 49590.00 24901.88 50.22
963.1 49637.84 24910.13 50.18
964.1 49794.22 24887.77 49.98
965.1 50008.78 24966.02 49.92
966.1 50066.51 24895.55 49.72
967.0 50150.17 24933.48 49.72
968.0 50264.18 24955.39 49.65
969.0 50418.40 24952.40 49.49
970.0 50457.74 24997.11 49.54
971.0 50491.56 25086.29 49.68
971.9 50612.30 25117.21 49.63
972.9 50699.43 25140.72 49.59
973.9 50862.18 25161.50 49.47
974.9 50875.49 25235.75 49.60
975.8 51031.74 25402.34 49.78
976.8 51085.74 25437.88 49.79
977.8 51067.57 25549.72 50.03
978.8 51177.15 25724.78 50.27
979.7 51448.01 25834.02 50.21
980.7 51535.44 25966.55 50.39
981.7 51694.75 26108.24 50.50
982.6 52042.84 26501.52 50.92
983.6 52579.15 26718.35 50.82
984.6 52890.69 27079.31 51.20
985.5 53426.52 27504.00 51.48
986.5 54145.83 27902.89 51.53
987.5 55267.97 28367.22 51.33
988.4 56124.20 29022.40 51.71
989.4 57550.09 29773.74 51.74
990.4 59555.76 30288.78 50.86
991.3 60159.14 31016.90 51.56
992.3 61819.87 31399.02 50.79
993.2 64401.37 32537.28 50.52
994.2 65783.25 32638.61 49.62
995.2 66865.63 33852.47 50.63
996.1 67239.15 35300.55 52.50
997.1 67748.72 33874.36 50.00
998.0 68177.40 34431.30 50.50
999.0 68291.84 34145.92 50.00
1000.0 67877.72 33751.35 49.72
1000.9 69647.73 34823.87 50.00
1001.9 68518.52 34461.98 50.30
1002.8 68157.23 33869.54 49.69
1003.8 68953.18 33385.56 48.42
1004.8 68910.36 33542.46 48.68
961.5 56655.07 25137.06 44.37
965.5 55527.70 24991.73 45.01
969.5 53038.24 24424.66 46.05
973.4 50487.36 23711.03 46.96
977.4 48670.38 23331.07 47.94
981.4 47904.02 23282.43 48.60
985.3 47871.91 23470.48 49.03
989.3 48250.25 23844.43 49.42
993.3 48675.97 24195.13 49.71
997.2 48896.32 24418.87 49.94
1001.2 48932.78 24638.64 50.35
1005.2 48882.01 24906.52 50.95
1009.1 48947.63 25302.53 51.69
1013.1 49129.58 25784.62 52.48
1017.1 49323.49 26268.86 53.26
1021.0 49414.49 26683.71 54.00
1025.0 49463.51 27071.58 54.73
1029.0 49330.65 27362.00 55.47
1032.9 49190.57 27673.36 56.26
1036.9 49188.06 28064.84 57.06
1040.9 49321.15 28493.83 57.77
1044.8 49555.46 28985.18 58.49
1048.8 49763.47 29422.88 59.13
1052.7 49927.70 29777.20 59.64
1056.7 50023.36 30040.57 60.05
1060.7 50077.97 30236.99 60.38
1064.6 50107.10 30371.16 60.61
1068.6 50042.80 30391.58 60.73
1072.5 49987.91 30365.32 60.75
1076.5 49968.24 30313.51 60.67
1080.4 49982.60 30208.46 60.44
1084.4 50098.78 30113.83 60.11
1088.3 50235.79 29991.70 59.70
1092.3 50255.62 29739.45 59.18
1096.2 50256.56 29468.20 58.64
1100.2 50314.19 29215.49 58.07
1104.1 50217.00 28870.89 57.49
1108.1 50149.09 28552.69 56.94
1112.0 50046.48 28171.17 56.29
1116.0 49816.26 27675.70 55.56
1119.9 49626.65 27125.85 54.66
1123.9 49721.95 26592.05 53.48
1127.8 49701.12 25812.48 51.94
1131.8 49690.02 24803.10 49.92
1135.7 49759.69 23624.93 47.48
1139.6 49794.79 22347.95 44.88
1143.6 49779.05 21130.94 42.45
1147.5 49763.91 20117.64 40.43
1151.4 49638.34 19304.62 38.89
1155.4 49664.96 18788.18 37.83
1159.3 49707.76 18478.15 37.17
1163.2 49565.69 18209.71 36.74
1167.2 49549.38 18061.08 36.45
1171.1 49585.36 17968.25 36.24
1175.0 49527.04 17850.75 36.04
1179.0 49496.46 17747.22 35.86
1182.9 49601.09 17695.52 35.68
1186.8 49595.04 17616.68 35.52
1190.7 49374.50 17464.18 35.37
1194.7 49102.19 17305.03 35.24
1198.6 48856.50 17200.26 35.21
1202.5 48670.31 17159.47 35.26
1206.4 48530.81 17145.31 35.33
1210.3 48416.28 17162.36 35.45
1214.2 48280.28 17197.01 35.62
1218.2 48108.01 17239.31 35.83
1222.1 47952.55 17298.55 36.07
1226.0 47838.35 17362.33 36.29
1229.9 47741.34 17423.22 36.50
1233.8 47631.90 17474.11 36.69
1237.7 47561.43 17543.91 36.89
1241.6 47466.83 17595.78 37.07
1245.5 47305.84 17615.45 37.24
1249.4 47168.26 17625.58 37.37
1253.3 47043.81 17635.86 37.49
1257.2 46964.39 17663.89 37.61
1261.1 46857.20 17650.55 37.67
1265.0 46722.82 17607.97 37.69
1268.9 46520.84 17520.98 37.66
1272.8 46583.25 17501.85 37.57
1276.7 46779.70 17519.98 37.45
1280.6 46878.95 17455.44 37.24
1284.5 46815.30 17287.77 36.93
1288.4 46796.02 17117.65 36.58
1292.3 46670.25 16879.50 36.17
1296.2 46517.96 16606.97 35.70
1300.1 46340.11 16290.27 35.15
1303.9 46091.28 15900.29 34.50
1307.8 45847.70 15489.86 33.79
1311.7 45593.83 15058.89 33.03
1315.6 45327.77 14599.08 32.21
1319.5 45069.41 14117.12 31.32
1323.3 44835.68 13642.90 30.43
1327.2 44616.78 13171.95 29.52
1331.1 44372.40 12696.93 28.61
1335.0 44053.27 12213.69 27.72
1338.8 43798.92 11772.75 26.88
1342.7 43539.15 11364.84 26.10
1346.5 42992.99 10924.11 25.41
1350.4 42429.86 10516.15 24.78
1354.3 41738.36 10095.57 24.19
1358.1 41058.17 9691.36 23.60
1362.0 40701.75 9366.45 23.01
1365.8 40680.76 9098.95 22.37
1369.7 40927.57 8845.73 21.61
1373.5 40954.04 8464.63 20.67
1377.4 40635.84 7924.14 19.50
1381.2 40344.10 7312.97 18.13
1385.1 40330.05 6728.55 16.68
1389.0 40314.98 6158.38 15.28
1392.8 40168.45 5600.14 13.94
1396.6 40030.19 5098.76 12.74
1400.5 39839.74 4677.97 11.74
1404.3 39710.63 4348.49 10.95
1408.2 39758.14 4107.28 10.33
1412.0 39803.60 3921.17 9.85
1415.8 39924.96 3781.01 9.47
1419.6 39971.53 3673.58 9.19
1423.5 40011.45 3593.73 8.98
1427.3 40026.56 3535.06 8.83
1431.1 40036.50 3494.48 8.73
1434.9 39977.24 3459.95 8.65
1438.8 39952.27 3433.15 8.59
1442.6 39935.32 3420.46 8.56
1446.4 39832.71 3404.49 8.55
1450.2 39778.38 3387.25 8.52
1454.0 39690.24 3378.96 8.51
1457.8 39686.58 3382.22 8.52
1461.6 39672.17 3395.01 8.56
1465.4 39537.83 3406.39 8.62
1469.2 39343.85 3421.60 8.70
1473.0 39196.28 3456.49 8.82
1476.8 39147.43 3512.68 8.97
1480.7 39105.36 3584.87 9.17
1484.4 38999.40 3663.96 9.39
1488.2 38915.04 3750.60 9.64
1492.0 38789.89 3845.33 9.91
1495.8 38663.63 3933.48 10.17
1499.6 38551.56 4006.48 10.39
1503.4 38422.38 4040.61 10.52
1507.2 38304.64 4050.12 10.57
1510.9 38153.41 4069.79 10.67
1514.7 37980.41 4116.60 10.84
1518.5 37846.78 4170.12 11.02
1522.3 37695.53 4193.13 11.12
1526.0 37576.94 4240.56 11.29
1529.8 37508.42 4339.44 11.57
1533.6 37372.43 4440.62 11.88
1537.3 37232.31 4523.48 12.15
1541.1 37087.90 4596.94 12.39
1544.8 36940.80 4660.80 12.62
1548.6 36788.41 4728.67 12.85
1552.4 36680.39 4802.58 13.09
1556.1 36595.85 4856.15 13.27
1559.9 36510.89 4898.12 13.42
1563.6 36389.25 4950.01 13.60
1567.3 36261.08 5026.17 13.86
1571.1 36027.76 5091.22 14.13
1574.8 35864.68 5158.31 14.38
1578.6 35753.14 5217.78 14.59
1582.3 35603.27 5251.02 14.75
1586.0 35458.40 5285.58 14.91
1589.8 35308.05 5317.26 15.06
1593.5 35146.06 5339.65 15.19
1597.2 35001.78 5375.84 15.36
1600.9 34836.29 5404.35 15.51
1604.7 34670.48 5423.57 15.64
1608.4 34533.32 5461.62 15.82
1612.1 34365.30 5488.45 15.97
1615.8 34213.32 5509.74 16.10
1619.5 34118.37 5550.23 16.27
1623.2 33952.91 5569.10 16.40
1626.9 33755.41 5589.98 16.56
1630.6 33570.24 5607.14 16.70
1634.3 33414.34 5612.18 16.80
1638.0 33259.75 5615.22 16.88
1641.7 33073.14 5611.07 16.97
1645.4 32874.41 5594.78 17.02
1649.1 32674.46 5569.16 17.04
1652.8 32507.90 5550.59 17.07
1656.4 32336.26 5524.74 17.09
1660.1 32165.72 5508.18 17.12
1663.8 31960.26 5482.47 17.15
1667.5 31794.51 5459.19 17.17
1671.1 31650.46 5433.54 17.17
1674.8 31441.84 5393.90 17.16
1678.5 31371.89 5372.76 17.13
1682.1 31381.11 5358.55 17.08
1685.8 31377.26 5336.60 17.01
1689.5 31257.76 5295.48 16.94
1693.1 31118.10 5254.29 16.88
1696.8 30960.50 5196.50 16.78
1700.4 30804.02 5133.21 16.66
1704.0 30679.79 5068.65 16.52
1707.7 30408.79 4978.98 16.37
1711.3 30089.85 4876.98 16.21
1715.0 29858.81 4786.78 16.03
1718.6 29688.84 4705.74 15.85
1722.2 29536.53 4630.58 15.68
1725.9 29383.10 4555.74 15.50
1729.5 29232.64 4485.86 15.35
1733.1 29099.87 4445.35 15.28
1736.7 28972.72 4411.76 15.23
1740.3 28797.48 4361.30 15.14
1744.0 28706.48 4317.59 15.04
1747.5 28553.32 4253.59 14.90
1751.2 28328.76 4164.03 14.70
1754.8 28162.08 4090.28 14.52
1758.4 28012.00 4028.96 14.38
1762.0 27824.68 3958.57 14.23
1765.5 27686.12 3908.40 14.12
1769.1 27631.20 3888.00 14.07
1772.7 27550.98 3859.07 14.01
1776.3 27422.05 3817.21 13.92
1779.9 27285.86 3785.89 13.87
1783.5 27208.08 3762.16 13.83
1787.0 27069.17 3731.01 13.78
1790.6 26900.34 3688.66 13.71
1794.2 26761.57 3666.70 13.70
1797.8 26609.42 3653.98 13.73
1801.3 26471.41 3637.00 13.74
1804.9 26273.63 3617.25 13.77
1808.4 26121.50 3600.48 13.78
1812.0 25898.39 3578.37 13.82
1815.5 25662.18 3550.06 13.83
1819.1 25416.01 3509.87 13.81
1822.6 25229.41 3489.17 13.83
1826.2 25052.89 3464.48 13.83
1829.7 24814.53 3428.28 13.82
1833.2 24532.39 3386.44 13.80
1836.8 24323.85 3344.25 13.75
1840.3 24302.43 3317.85 13.65
1843.8 24383.87 3316.81 13.60
1847.3 24575.60 3341.55 13.60
1850.8 24780.67 3342.53 13.49
1854.3 24887.49 3317.12 13.33
1857.8 24949.60 3265.60 13.09
1861.3 24825.68 3149.26 12.69
1864.8 24392.94 2978.83 12.21
1868.3 23761.08 2747.03 11.56
1871.8 23370.24 2526.72 10.81
1875.3 23367.44 2343.71 10.03
1878.8 23464.96 2211.92 9.43
1882.3 23475.50 2083.58 8.88
1885.8 23370.21 1927.44 8.25
1889.3 23238.03 1826.68 7.86
1892.7 23179.77 1753.09 7.56
1896.2 23152.80 1736.46 7.50
1899.7 23220.17 1747.52 7.53
1903.1 23595.26 1772.23 7.51
1906.6 24198.88 1861.45 7.69
1910.0 24996.75 2063.95 8.26
1913.5 25752.93 2282.96 8.86
1917.0 26142.90 2510.90 9.60
1920.4 26070.90 2819.73 10.82
1923.8 25791.11 3034.25 11.76
1871.2 20821.49 1694.11 8.14
1873.9 21154.52 1761.09 8.32
1876.7 21427.81 1737.39 8.11
1879.5 21583.92 1570.08 7.27
1882.3 21336.24 1425.42 6.68
1885.1 21256.92 1353.34 6.37
1887.8 21210.43 1261.74 5.95
1890.6 20840.49 1161.70 5.57
1893.4 20724.00 1078.00 5.20
1896.2 20547.48 1045.25 5.09
1898.9 20291.31 1059.85 5.22
1901.7 20039.24 1040.47 5.19
1904.5 20117.87 1047.42 5.21
1907.2 20073.50 1054.50 5.25
1910.0 20055.94 1020.31 5.09
1912.7 20136.77 968.81 4.81
1915.5 20171.47 967.18 4.79
1918.2 20249.79 966.15 4.77
1921.0 20279.29 955.86 4.71
1923.7 20433.55 973.82 4.77
1926.5 20471.41 973.74 4.76
1929.2 20497.01 974.83 4.76
1932.0 20543.16 966.96 4.71
1934.7 20545.33 953.63 4.64
1937.4 20505.12 955.31 4.66
1940.2 20499.13 958.88 4.68
1942.9 20605.52 956.13 4.64
1945.6 20659.82 975.46 4.72
1948.3 20631.15 998.77 4.84
1951.1 20579.37 984.27 4.78
1953.8 20577.00 969.00 4.71
1956.5 20518.75 970.38 4.73
1959.2 20559.24 986.70 4.80
1961.9 20594.78 1019.16 4.95
1964.6 20533.45 1053.15 5.13
1967.3 20559.00 1035.37 5.04
1970.0 20438.80 1003.44 4.91
1972.8 20359.28 1029.58 5.06
1975.5 20390.09 1050.67 5.15
1978.2 20314.44 1045.36 5.15
1980.9 20180.55 1049.40 5.20
1983.5 20128.58 1061.54 5.27
1986.2 20128.47 1079.61 5.36
1988.9 20105.19 1082.52 5.38
1991.6 19969.62 1080.46 5.41
1994.3 19842.85 1091.79 5.50
1997.0 19848.87 1092.78 5.51
1999.7 19808.76 1105.59 5.58
2002.3 19771.33 1121.90 5.67
2005.0 19699.41 1116.15 5.67
2007.7 19628.07 1123.73 5.73
2010.4 19553.90 1124.87 5.75
2013.0 19499.63 1115.24 5.72
2015.7 19417.11 1128.14 5.81
2018.4 19295.01 1143.18 5.92
2021.0 19232.67 1147.50 5.97
2023.7 19139.36 1141.97 5.97
2026.4 19068.83 1137.93 5.97
2029.0 18984.37 1166.84 6.15
2031.7 18877.30 1163.28 6.16
2034.3 18880.12 1166.10 6.18
2037.0 18784.50 1187.93 6.32
2039.6 18700.23 1181.60 6.32
2042.3 18636.10 1168.27 6.27
2044.9 18549.47 1172.49 6.32
2047.5 18510.20 1189.32 6.43
2050.2 18424.00 1184.40 6.43
2052.8 18356.80 1198.40 6.53
2055.4 18252.86 1176.70 6.45
2058.1 18135.60 1173.20 6.47
2060.7 18047.32 1201.85 6.66
2063.3 17962.85 1192.69 6.64
2065.9 17916.92 1211.58 6.76
2068.6 17833.17 1214.38 6.81
2071.2 17777.88 1180.17 6.64
2073.8 17705.06 1178.10 6.65
2076.4 17659.55 1229.32 6.96
2079.0 17674.90 1225.16 6.93
2081.6 17650.85 1195.67 6.77
2084.2 17570.52 1207.67 6.87
2086.8 17445.16 1216.18 6.97
2089.4 17380.26 1219.77 7.02
2092.1 17277.67 1226.83 7.10
2094.7 17190.13 1226.05 7.13
2097.2 17172.83 1218.33 7.09
2099.8 17145.47 1246.84 7.27
2102.4 17025.88 1259.60 7.40
2105.0 16909.05 1236.90 7.32
2107.6 16850.74 1247.57 7.40
2110.2 16816.98 1258.86 7.49
2112.8 16807.77 1248.41 7.43
2115.3 16803.29 1261.47 7.51
2117.9 16791.95 1288.34 7.67
2120.5 16775.83 1303.01 7.77
2123.1 16698.83 1289.93 7.72
2125.6 16656.36 1291.40 7.75
2128.2 16564.93 1290.66 7.79
2130.8 16444.35 1292.85 7.86
2133.3 16412.00 1302.40 7.94
2135.9 16317.43 1288.45 7.90
2138.4 16156.57 1287.69 7.97
2141.0 16069.75 1298.74 8.08
2143.6 16050.88 1287.00 8.02
2146.1 15893.45 1275.24 8.02
2148.7 15743.47 1262.77 8.02
2151.2 15743.20 1255.47 7.97
2153.8 15735.06 1274.46 8.10
2156.3 15634.95 1290.61 8.25
2158.8 15561.11 1281.75 8.24
2161.4 15502.34 1267.78 8.18
2163.9 15405.04 1288.42 8.36
2166.4 15333.27 1268.41 8.27
2169.0 15294.84 1271.37 8.31
2171.5 15197.27 1274.32 8.39
2174.0 15110.03 1261.40 8.35
2176.5 15084.55 1276.73 8.46
2179.1 15019.18 1282.97 8.54
2181.6 14940.67 1274.46 8.53
2184.1 14910.28 1268.96 8.51
2186.6 14910.22 1264.75 8.48
2189.1 14830.20 1267.95 8.55
2191.6 14798.00 1287.07 8.70
2194.1 14807.99 1252.27 8.46
2196.6 14775.50 1236.39 8.37
2199.2 14832.39 1276.73 8.61
2201.7 14842.43 1292.98 8.71
2204.1 14788.28 1279.09 8.65
2206.6 14763.34 1264.47 8.56
2209.1 14735.01 1264.19 8.58
2211.6 14731.80 1282.85 8.71
2214.1 14746.67 1284.96 8.71
2216.6 14699.55 1253.45 8.53
2219.1 14672.96 1261.05 8.59
2221.6 14617.60 1286.65 8.80
2224.0 14523.72 1249.68 8.60
2226.5 14497.05 1217.60 8.40
2229.0 14549.08 1248.59 8.58
2231.5 14431.44 1194.96 8.28
2233.9 14373.53 1169.89 8.14
2236.4 14401.66 1219.76 8.47
2238.9 14329.75 1189.63 8.30
2241.3 14291.27 1162.11 8.13
2243.8 14264.07 1150.45 8.07
2246.2 14157.59 1108.73 7.83
2248.7 14080.69 1114.58 7.92
2251.2 14070.44 1129.94 8.03
2253.6 14016.00 1121.28 8.00
2256.1 13958.40 1105.92 7.92
2258.5 13995.19 1110.24 7.93
2260.9 13909.55 1062.30 7.64
2263.4 13856.38 1036.35 7.48
2265.8 13836.46 1042.45 7.53
2268.3 13773.19 1031.35 7.49
2270.7 13833.35 1032.51 7.46
2273.1 13782.99 1050.79 7.62
2275.6 13693.44 1052.16 7.68
2278.0 13686.11 991.58 7.25
2280.4 13653.89 973.63 7.13
2282.8 13527.60 967.92 7.16
2285.3 13562.51 960.42 7.08
2287.7 13663.60 968.44 7.09
2290.1 13540.17 960.66 7.09
2292.5 13492.33 920.65 6.82
2294.9 13518.65 897.03 6.64
2297.3 13423.27 909.65 6.78
2299.7 13337.47 888.38 6.66
2302.1 13218.84 872.09 6.60
2304.5 13088.88 846.72 6.47
2306.9 13002.64 827.12 6.36
2309.3 12922.66 834.61 6.46
2311.7 12854.38 804.63 6.26
2314.1 12697.19 795.54 6.27
2316.5 12663.16 807.70 6.38
2318.9 12652.75 811.98 6.42
2321.3 12617.91 827.99 6.56
2323.7 12634.91 854.57 6.76
2326.1 12601.81 838.24 6.65
2328.4 12636.24 829.94 6.57
2330.8 12662.64 854.81 6.75
2333.2 12581.51 831.90 6.61
2335.6 12521.43 797.12 6.37
2337.9 12520.00 805.45 6.43
2340.3 12464.85 789.29 6.33
2342.7 12432.64 761.70 6.13
2345.0 12400.27 789.88 6.37
2347.4 12316.50 790.50 6.42
2349.7 12114.45 713.37 5.89
2352.1 12101.68 737.59 6.09
2354.4 12155.69 752.21 6.19
2356.8 12060.77 690.67 5.73
2359.2 11964.33 710.67 5.94
2361.5 11924.99 715.59 6.00
2363.8 11940.94 724.63 6.07
2366.2 11964.55 732.61 6.12
2368.5 11908.20 707.55 5.94
2370.9 11876.70 693.37 5.84
2373.2 11848.72 701.48 5.92
2375.5 11706.18 728.53 6.22
2377.9 11641.98 697.43 5.99
2380.2 11623.69 687.25 5.91
2382.5 11588.59 721.42 6.23
2384.8 11558.24 686.72 5.94
2387.2 11481.73 656.37 5.72
2389.5 11459.49 642.15 5.60
2391.8 11417.51 627.44 5.50
2394.1 11343.26 676.57 5.96
2396.4 11345.89 672.53 5.93
2398.7 11375.34 662.55 5.82
2401.0 11254.82 652.74 5.80
2403.3 11150.22 617.52 5.54
2405.6 11146.28 624.79 5.61
2407.9 11082.12 636.27 5.74
2410.2 11004.27 641.71 5.83
2412.5 10950.99 594.56 5.43
2414.8 10922.15 590.53 5.41
2417.1 10875.63 578.11 5.32
2419.4 10826.38 573.10 5.29
2421.7 10791.94 588.75 5.46
2424.0 10725.17 586.45 5.47
2426.2 10742.80 572.45 5.33
2428.5 10719.32 540.83 5.05
2430.8 10654.75 528.65 4.96
2433.1 10537.83 564.23 5.35
2435.4 10473.84 593.07 5.66
2437.6 10479.44 581.88 5.55
2439.9 10354.06 555.89 5.37
2442.2 10347.08 568.83 5.50
2444.4 10366.72 522.64 5.04
2446.7 10272.56 467.20 4.55
2448.9 10268.17 521.11 5.07
2451.2 10245.24 554.28 5.41
2453.4 10191.09 524.32 5.14
2455.7 10125.98 577.76 5.71
2457.9 10018.31 506.72 5.06
2460.2 10011.96 443.88 4.43
2462.4 10002.72 517.92 5.18
2464.7 9891.47 517.28 5.23
2466.9 9803.34 500.76 5.11
2469.2 9780.84 473.16 4.84
2471.4 9689.94 512.07 5.28
2473.6 9593.94 461.96 4.82
2475.9 9563.95 440.27 4.60
2478.1 9523.34 471.39 4.95
2480.3 9412.17 431.62 4.59
2482.5 9378.61 414.60 4.42
2484.8 9305.97 429.62 4.62
2487.0 9273.15 414.77 4.47
2489.2 9272.15 444.76 4.80
2491.4 9122.10 430.36 4.72
2493.6 9115.98 399.76 4.39
2495.8 9106.08 475.10 5.22
2498.0 9071.36 453.97 5.00
2500.2 9040.03 446.53 4.94
2502.4 9306.24 532.80 5.73
2504.6 9483.90 460.11 4.85
2506.8 9498.13 340.96 3.59
