/*** Spectra Vista SIG Data ***/
name= \My Documents\HR1024_Data\GS15.
instrument= HR: 1091052
integration= 200, 60, 30, 200, 60, 30
scan time= 1, 1
scan settings= AD, AI, AD, AI
external data set1= 8224, 8224, 8224, 8224, 8224, 8224, 8224, 8224, 8224, 8224, 8224, 8224, 8224, 8224, 8224, 8224
external data set2= 8224, 8224, 8224, 8224, 8224, 8224, 8224, 8224, 8224, 8224, 8224, 8224, 8224, 8224, 8224, 8224
external data dark= 0,0,0,0,0,0,0,0
external data mask= 0
optic= LENS4 , LENS4 
temp= 31.05, 8.88, -5.37, 42.57, 9.01, -5.24
battery= 7.7, 6.9
error= 0, 0
units= Radiance, Radiance
time= 1/12/08 9:49:29 AM, 1/12/08 10:26:54 AM
longitude= , 
latitude= , 
gpstime= , 
comm= 
memory slot= 0, 0
factors= 
data= 
346.4 468.20 219.77 46.94
347.9 473.76 216.49 45.70
349.5 521.04 224.64 43.11
351.1 558.48 243.36 43.58
352.6 585.06 240.35 41.08
354.2 625.05 248.71 39.79
355.7 673.50 276.14 41.00
357.3 724.71 273.93 37.80
358.8 751.43 286.59 38.14
360.4 798.47 302.51 37.89
361.9 821.87 296.01 36.02
363.5 851.78 308.16 36.18
365.1 887.68 312.08 35.16
366.6 918.37 317.63 34.59
368.2 973.68 332.39 34.14
369.7 1008.89 336.30 33.33
371.3 1073.36 335.84 31.29
372.8 1148.72 361.88 31.50
374.4 1191.49 357.11 29.97
375.9 1247.87 374.03 29.97
377.4 1278.23 377.29 29.52
379.0 1330.29 381.90 28.71
380.5 1360.26 393.92 28.96
382.1 1412.49 395.97 28.03
383.6 1460.03 402.57 27.57
385.2 1529.00 415.25 27.16
386.7 1608.26 435.91 27.10
388.3 1679.42 448.39 26.70
389.8 1759.55 474.89 26.99
391.3 1843.67 495.73 26.89
392.9 1897.62 532.02 28.04
394.4 1955.58 563.83 28.83
395.9 2019.02 568.34 28.15
397.5 2131.80 594.32 27.88
399.0 2240.25 608.73 27.17
400.6 2303.62 608.45 26.41
402.1 2342.64 614.04 26.21
403.6 2375.92 628.15 26.44
405.1 2451.81 642.09 26.19
406.7 2542.40 660.80 25.99
408.2 2650.73 681.62 25.71
409.7 2746.24 701.12 25.53
411.3 2843.51 741.29 26.07
412.8 2936.43 760.77 25.91
414.3 3034.90 780.75 25.73
415.8 3152.50 810.00 25.69
417.4 3253.58 834.90 25.66
418.9 3339.60 850.08 25.45
420.4 3424.70 864.90 25.25
421.9 3487.22 880.88 25.26
423.5 3546.87 889.64 25.08
425.0 3613.98 899.00 24.88
426.5 3695.85 907.30 24.55
428.0 3801.23 929.78 24.46
429.5 3926.30 946.03 24.09
431.1 4071.24 965.57 23.72
432.6 4225.66 1005.47 23.79
434.1 4373.60 1033.73 23.64
435.6 4514.36 1058.45 23.45
437.1 4642.95 1097.85 23.65
438.6 4769.06 1123.98 23.57
440.1 4906.69 1167.69 23.80
441.6 5042.30 1207.51 23.95
443.1 5179.95 1251.45 24.16
444.7 5318.34 1300.82 24.46
446.2 5433.01 1357.73 24.99
447.7 5551.25 1421.79 25.61
449.2 5676.48 1464.48 25.80
450.7 5788.64 1495.52 25.84
452.2 5916.62 1540.56 26.04
453.7 6028.91 1594.30 26.44
455.2 6201.73 1649.61 26.60
456.7 6390.56 1701.92 26.63
458.2 6607.30 1771.97 26.82
459.7 6823.25 1832.25 26.85
461.2 7031.76 1897.38 26.98
462.7 7219.07 1949.31 27.00
464.2 7396.86 2002.02 27.07
465.7 7583.22 2050.23 27.04
467.2 7742.35 2098.25 27.10
468.7 7912.00 2158.00 27.28
470.2 8015.91 2229.99 27.82
471.7 8177.13 2289.50 28.00
473.2 8446.52 2313.54 27.39
474.6 8688.33 2337.82 26.91
476.1 8747.12 2372.28 27.12
477.6 8779.39 2415.56 27.51
479.1 8829.54 2448.29 27.73
480.6 8916.06 2490.56 27.93
482.1 9046.91 2534.48 28.01
483.6 9204.08 2584.84 28.08
485.1 9394.00 2660.52 28.32
486.6 9626.34 2744.74 28.51
488.0 9867.00 2842.13 28.80
489.5 10130.90 2957.07 29.19
491.0 10387.73 3079.88 29.65
492.5 10649.88 3217.32 30.21
494.0 10928.34 3371.37 30.85
495.4 11158.95 3527.70 31.61
496.9 11406.10 3705.73 32.49
498.4 11649.48 3891.06 33.40
499.9 11878.23 4094.52 34.47
501.4 12101.58 4311.90 35.63
502.8 12308.24 4546.46 36.94
504.3 12497.40 4782.60 38.27
505.8 12681.02 5034.76 39.70
507.2 12808.72 5278.31 41.21
508.7 12896.48 5527.86 42.86
510.2 12964.78 5771.75 44.52
511.6 13008.39 6009.38 46.20
513.1 13093.74 6271.98 47.90
514.6 13195.49 6532.60 49.51
516.0 13281.41 6809.15 51.27
517.5 13429.99 7115.49 52.98
519.0 13603.01 7445.06 54.73
520.5 13772.72 7771.96 56.43
521.9 13993.28 8110.88 57.96
523.4 14243.35 8474.24 59.50
524.8 14493.24 8830.04 60.93
526.3 14778.04 9191.63 62.20
527.8 15074.01 9541.87 63.30
529.2 15339.71 9870.11 64.34
530.7 15629.94 10203.26 65.28
532.1 15903.48 10508.66 66.08
533.6 16214.37 10831.05 66.80
535.0 16534.98 11153.84 67.46
536.5 16856.03 11461.32 68.00
538.0 17178.24 11774.16 68.54
539.4 17501.02 12068.75 68.96
540.9 17879.62 12392.49 69.31
542.3 18237.67 12665.84 69.45
543.8 18504.51 12871.65 69.56
545.2 18600.74 13000.03 69.89
546.6 18637.00 13083.87 70.20
548.1 18690.38 13164.86 70.44
549.5 18745.60 13227.34 70.56
551.0 18790.92 13274.29 70.64
552.4 18868.34 13342.52 70.71
553.9 18922.09 13390.99 70.77
555.3 18999.63 13418.73 70.63
556.8 19143.87 13488.90 70.46
558.2 19276.31 13559.06 70.34
559.6 19441.66 13634.78 70.13
561.1 19660.88 13737.75 69.87
562.5 19883.82 13858.42 69.70
564.0 20177.05 14012.99 69.45
565.4 20444.07 14135.20 69.14
566.8 20774.24 14291.71 68.80
568.3 21077.79 14418.25 68.40
569.7 21403.31 14536.85 67.92
571.1 21706.83 14636.30 67.43
572.6 22010.94 14733.90 66.94
574.0 22299.75 14807.10 66.40
575.4 22570.31 14871.94 65.89
576.9 22820.49 14935.88 65.45
578.3 23040.88 14993.55 65.07
579.7 23243.15 15040.34 64.71
581.1 23410.31 15061.91 64.34
582.6 23592.46 15093.92 63.98
584.0 23735.52 15113.48 63.67
585.4 23971.18 15174.35 63.30
586.8 24286.87 15285.27 62.94
588.3 24642.54 15415.92 62.56
589.7 24935.04 15521.22 62.25
591.1 25126.37 15587.16 62.04
592.5 25213.30 15588.63 61.83
594.0 25248.06 15573.30 61.68
595.4 25246.58 15539.04 61.55
596.8 25248.80 15491.19 61.35
598.2 25256.70 15464.19 61.23
599.6 25254.00 15411.15 61.02
601.0 25321.45 15409.00 60.85
602.4 25392.58 15385.25 60.59
603.9 25508.50 15393.69 60.35
605.3 25652.08 15394.96 60.01
606.7 25770.60 15375.60 59.66
608.1 26003.60 15397.47 59.21
609.5 26249.20 15434.76 58.80
610.9 26543.12 15484.05 58.34
612.3 26820.62 15507.72 57.82
613.7 27191.20 15575.08 57.28
615.1 27470.34 15566.58 56.67
616.5 27748.85 15560.48 56.08
617.9 28163.94 15642.00 55.54
619.3 28559.37 15746.66 55.14
620.7 29021.55 15923.90 54.87
622.1 29524.34 15727.25 53.27
623.5 30070.32 15368.85 51.11
624.9 30686.25 15208.99 49.56
626.3 31117.56 15136.66 48.64
627.7 30854.43 15030.29 48.71
629.1 30617.27 15120.11 49.38
630.5 30534.25 15308.79 50.14
631.9 30583.88 15508.52 50.71
633.3 30636.73 15625.01 51.00
634.7 30802.72 15721.67 51.04
636.1 30887.16 15710.15 50.86
637.5 30991.21 15663.78 50.54
638.9 31137.59 15622.14 50.17
640.2 31275.86 15538.71 49.68
641.6 31334.94 15401.88 49.15
643.0 31307.82 15199.35 48.55
644.4 31297.86 15002.28 47.93
645.8 31223.60 14750.60 47.24
647.2 31327.01 14587.82 46.57
648.5 31378.61 14416.73 45.94
649.9 31215.99 14180.79 45.43
651.3 31061.55 14012.25 45.11
652.7 30880.50 13803.15 44.70
654.1 30705.72 13360.26 43.51
655.5 30448.41 12875.23 42.29
656.8 30219.54 12438.31 41.16
658.2 30347.48 12165.36 40.09
659.6 30667.01 11961.79 39.01
660.9 30915.41 11748.97 38.00
662.3 31175.28 11516.69 36.94
663.7 31418.10 11249.70 35.81
665.0 31622.76 10987.27 34.74
666.4 31821.65 10758.65 33.81
667.8 32088.83 10589.42 33.00
669.1 32304.87 10417.23 32.25
670.5 32567.66 10302.37 31.63
671.9 32723.64 10191.84 31.15
673.2 32957.22 10200.46 30.95
674.6 33165.65 10215.41 30.80
676.0 33416.99 10333.49 30.92
677.3 33670.84 10504.33 31.20
678.7 33959.63 10737.63 31.62
680.0 34360.72 11108.62 32.33
681.4 34770.40 11608.61 33.39
682.8 35166.95 12248.60 34.83
684.1 35575.02 13080.60 36.77
685.5 35948.61 14061.83 39.12
686.8 36307.14 15232.32 41.95
688.2 36654.12 16529.01 45.09
689.5 36792.82 17884.59 48.61
690.9 36894.22 19338.26 52.42
692.2 37000.50 20846.25 56.34
693.6 37086.31 22385.80 60.36
694.9 37102.94 23811.00 64.18
696.2 37172.03 25181.55 67.74
697.6 37238.58 26503.81 71.17
698.9 37321.68 27780.72 74.44
700.3 37412.04 29001.54 77.52
701.6 37521.51 30130.17 80.30
703.0 37648.39 31172.36 82.80
704.3 37727.46 32020.14 84.87
705.6 37779.39 32818.77 86.87
707.0 37853.11 33564.88 88.67
708.3 37804.36 34103.02 90.21
709.6 37779.31 34607.86 91.61
711.0 37700.05 34983.45 92.79
712.3 37603.29 35325.71 93.94
713.6 37599.66 35732.76 95.03
714.9 37564.50 36071.40 96.03
716.3 37606.65 36411.65 96.82
717.6 37655.10 36788.22 97.70
718.9 37643.31 36985.50 98.25
720.2 37519.65 36995.91 98.60
721.6 37437.79 37087.96 99.07
722.9 37295.06 37147.31 99.60
724.2 37099.21 37087.55 99.97
725.5 36957.59 37104.08 100.40
726.8 36833.83 37029.27 100.53
728.1 36764.75 37013.72 100.68
729.5 36694.32 37012.29 100.87
730.8 36660.60 37013.74 100.96
732.1 36590.42 36986.08 101.08
733.4 36549.03 36963.29 101.13
734.7 36509.02 36917.92 101.12
736.0 36510.50 36934.24 101.16
737.3 36452.29 36923.55 101.29
738.6 36538.42 37064.90 101.44
739.9 36706.85 37336.90 101.72
741.2 36841.35 37480.17 101.73
742.5 37078.82 37785.32 101.91
743.8 37494.19 38294.03 102.13
745.1 38118.44 39000.28 102.31
746.4 38876.11 39771.10 102.30
747.7 39639.96 40548.49 102.29
749.0 40400.48 41326.83 102.29
750.3 40850.46 41713.00 102.11
751.6 40764.46 41623.62 102.11
752.9 40356.61 41229.29 102.16
754.2 39863.99 40778.64 102.29
755.4 39350.05 40281.71 102.37
756.7 39155.03 40176.76 102.61
758.0 39142.09 40257.48 102.85
759.3 39351.46 40573.46 103.11
760.6 39645.76 41037.92 103.51
761.9 39928.94 41456.52 103.83
763.1 40078.15 41647.43 103.92
764.4 40287.45 41930.33 104.08
765.7 40433.25 42133.00 104.20
767.0 40515.07 42288.51 104.38
768.2 40595.52 42430.08 104.52
769.5 40644.33 42561.55 104.72
770.8 40787.04 42799.93 104.94
772.0 40799.41 42866.14 105.07
773.3 40833.29 43005.01 105.32
774.6 40907.98 43159.22 105.50
775.8 40955.53 43272.78 105.66
777.1 40964.33 43321.88 105.76
778.4 40867.87 43265.72 105.87
779.6 40816.98 43300.74 106.09
780.9 40688.00 43272.00 106.35
782.1 40484.72 43160.36 106.61
783.4 40464.32 43193.28 106.74
784.6 40463.12 43287.92 106.98
785.9 40670.74 43658.94 107.35
787.1 41171.80 44330.53 107.67
788.4 41528.97 44790.98 107.85
789.6 41482.13 44616.83 107.56
790.9 41134.16 44111.66 107.24
792.1 40655.28 43597.92 107.24
793.4 40180.32 43190.01 107.49
794.6 39846.60 42903.39 107.67
795.8 39587.54 42688.35 107.83
797.1 39290.10 42428.55 107.99
798.3 39054.26 42275.89 108.25
799.5 38943.25 42176.84 108.30
800.8 38778.22 42062.44 108.47
802.0 38618.88 41959.16 108.65
803.2 38465.20 41791.92 108.65
804.5 38332.71 41692.93 108.77
805.7 38219.65 41593.43 108.83
806.9 38073.35 41471.63 108.93
808.1 37984.05 41431.38 109.08
809.4 37906.28 41391.08 109.19
810.6 37824.15 41350.40 109.32
811.8 37796.29 41367.41 109.45
813.0 37827.58 41407.60 109.46
814.2 37840.50 41466.74 109.58
815.4 37955.24 41568.68 109.52
816.6 38027.91 41590.51 109.37
817.9 38102.35 41623.14 109.24
819.1 38072.96 41499.29 109.00
820.3 37949.69 41287.83 108.80
821.5 37894.61 41169.97 108.64
822.7 37866.54 41079.71 108.49
823.9 37906.28 41037.29 108.26
825.1 37943.15 41017.78 108.10
826.3 38020.73 41000.61 107.84
827.5 38108.05 40995.71 107.58
828.7 38176.32 40971.60 107.32
829.9 38262.68 40955.88 107.04
831.0 38386.63 41005.78 106.82
832.2 38533.16 41047.80 106.53
833.4 38634.36 41095.53 106.37
834.6 38746.88 41137.50 106.17
835.8 38872.58 41192.55 105.97
837.0 39026.76 41319.92 105.88
838.1 39200.00 41493.13 105.85
839.3 39334.99 41570.32 105.68
840.5 39499.16 41663.43 105.48
841.7 39675.29 41903.06 105.62
842.9 39834.34 42066.24 105.60
844.0 40002.80 42173.06 105.43
845.2 40188.33 42328.13 105.32
846.4 40315.24 42378.28 105.12
847.5 40575.08 42652.19 105.12
848.7 40794.29 42816.59 104.96
849.9 41043.27 42979.16 104.72
851.0 41176.72 42975.87 104.37
852.2 41283.01 42991.11 104.14
853.3 41336.03 42946.45 103.90
854.5 41385.60 42912.41 103.69
855.6 41408.01 42957.72 103.74
856.8 41491.09 42961.85 103.54
857.9 41535.42 42982.69 103.48
859.1 41657.80 43083.80 103.42
860.2 41711.76 43074.52 103.27
861.4 41789.90 43120.71 103.18
862.5 41857.52 43136.10 103.05
863.7 41978.22 43236.78 103.00
864.8 42001.40 43211.70 102.88
865.9 42003.19 43163.76 102.76
867.1 42077.89 43159.79 102.57
868.2 42118.25 43161.12 102.48
869.3 42153.63 43162.49 102.39
870.5 42092.46 43065.20 102.31
871.6 42122.53 43066.01 102.24
872.7 42223.14 43121.98 102.13
873.9 42262.83 43122.74 102.03
875.0 42247.20 42998.36 101.78
876.1 42225.11 42964.55 101.75
877.2 42279.84 42961.26 101.61
878.3 42302.12 42883.56 101.37
879.4 42284.06 42900.99 101.46
880.5 42343.92 42865.56 101.23
881.7 42326.05 42782.35 101.08
882.8 42351.34 42782.09 101.02
883.9 42430.09 42719.09 100.68
885.0 42357.32 42596.87 100.57
886.1 42357.47 42518.52 100.38
887.2 42241.92 42286.82 100.11
888.3 42147.85 42120.87 99.94
889.4 42045.32 41946.35 99.76
890.5 41945.29 41774.20 99.59
891.6 41864.40 41711.02 99.63
892.7 41844.69 41636.60 99.50
893.8 41881.85 41681.98 99.52
894.9 41879.31 41660.19 99.48
896.0 41812.69 41509.83 99.28
897.0 41850.92 41472.39 99.10
898.1 41821.61 41450.11 99.11
899.2 41852.54 41450.92 99.04
900.3 41747.94 41269.05 98.85
901.4 41622.41 41141.61 98.84
902.4 41658.53 41128.21 98.73
903.5 41604.82 41043.88 98.65
904.6 41550.72 40987.42 98.64
905.7 41565.54 40922.68 98.45
906.7 41536.49 40813.86 98.26
907.8 41558.34 40822.28 98.23
908.9 41493.73 40716.33 98.13
909.9 41451.58 40621.76 98.00
911.0 41358.23 40495.17 97.91
912.1 41297.17 40372.68 97.76
913.1 41189.72 40201.72 97.60
914.2 41099.85 39968.12 97.25
915.2 41068.89 39930.03 97.23
916.3 41034.15 39888.45 97.21
917.3 40975.74 39783.65 97.09
918.4 40862.80 39509.53 96.69
919.4 40836.29 39411.89 96.51
920.5 40782.84 39274.66 96.30
921.5 40833.45 39154.22 95.89
922.6 40729.18 38980.78 95.71
923.6 40739.49 38898.34 95.48
924.7 40774.75 38764.50 95.07
925.7 40746.72 38563.86 94.64
926.7 40808.40 38416.94 94.14
927.8 40839.01 38301.12 93.79
928.8 40966.59 38247.42 93.36
929.9 41048.46 38154.38 92.95
930.9 41217.18 38157.29 92.58
931.9 41378.61 38207.17 92.34
932.9 41679.25 38270.93 91.82
934.0 41702.58 38140.46 91.46
935.0 41757.18 37904.30 90.77
936.0 41670.71 37726.33 90.53
937.0 41632.50 37564.41 90.23
938.1 41580.55 37352.02 89.83
939.1 41508.45 37110.04 89.40
940.1 41591.64 36942.02 88.82
941.1 41779.29 36944.41 88.43
942.1 41991.60 36942.61 87.98
943.1 42156.63 36868.03 87.45
944.1 42391.18 36939.60 87.14
945.2 42445.20 36690.36 86.44
946.2 42493.04 36543.23 86.00
947.2 42572.63 36339.88 85.36
948.2 42750.54 36223.74 84.73
949.2 42846.38 36105.88 84.27
950.2 42880.60 35883.70 83.68
951.2 42968.52 35628.60 82.92
952.2 43001.40 35476.16 82.50
953.2 43164.71 35356.91 81.91
954.2 43310.48 35200.13 81.27
955.2 43368.34 34980.41 80.66
956.2 43301.73 34832.38 80.44
957.2 43392.87 34660.02 79.87
958.2 43492.10 34539.29 79.42
959.2 43506.45 34548.75 79.41
960.1 43588.22 34448.48 79.03
961.1 43692.83 34414.63 78.76
962.1 43658.44 34378.13 78.74
963.1 43782.00 34314.14 78.38
964.1 43817.42 34347.92 78.39
965.1 43908.74 34432.59 78.42
966.1 44007.38 34426.88 78.23
967.0 44141.86 34451.69 78.05
968.0 44131.86 34403.31 77.96
969.0 44255.20 34432.60 77.80
970.0 44255.36 34521.39 78.00
971.0 44316.83 34473.71 77.79
971.9 44400.90 34505.17 77.71
972.9 44577.14 34324.15 77.00
973.9 44494.78 34327.48 77.15
974.9 44573.29 34177.34 76.68
975.8 44702.44 34172.53 76.44
976.8 44666.28 33987.17 76.09
977.8 44950.93 33991.95 75.62
978.8 44877.90 33981.90 75.72
979.7 45104.10 33809.74 74.96
980.7 45212.81 33800.25 74.76
981.7 45433.99 33738.54 74.26
982.6 45657.51 33895.06 74.24
983.6 46147.45 34034.41 73.75
984.6 46551.05 34173.67 73.41
985.5 47031.84 35067.60 74.56
986.5 47664.14 35491.21 74.46
987.5 48852.12 36112.07 73.92
988.4 49722.20 36704.80 73.82
989.4 51183.38 37451.25 73.17
990.4 52549.20 38828.02 73.89
991.3 54023.93 38856.33 71.92
992.3 54777.10 40104.66 73.21
993.2 55874.36 41288.68 73.90
994.2 57686.85 42506.10 73.68
995.2 57633.14 42245.65 73.30
996.1 59292.71 42788.55 72.16
997.1 59931.56 43971.53 73.37
998.0 60640.20 43510.20 71.75
999.0 59258.53 43359.90 73.17
1000.0 60377.42 43501.74 72.05
1000.9 59810.48 44070.88 73.68
1001.9 59598.95 44192.42 74.15
1002.8 60212.52 43904.96 72.92
1003.8 59788.51 43641.25 72.99
1004.8 59326.80 44266.92 74.62
961.5 55398.21 37705.59 68.06
965.5 54418.85 37189.06 68.34
969.5 52458.23 36218.09 69.04
973.4 50487.36 34980.53 69.29
977.4 48611.32 33962.95 69.87
981.4 47578.80 33555.77 70.53
985.3 47203.20 33553.61 71.08
989.3 47137.31 33821.47 71.75
993.3 47133.16 34137.67 72.43
997.2 47029.21 34406.08 73.16
1001.2 46955.35 34691.15 73.88
1005.2 46914.32 35002.50 74.61
1009.1 47038.13 35461.35 75.39
1013.1 47236.75 36023.96 76.26
1017.1 47375.30 36564.83 77.18
1021.0 47429.61 37011.81 78.04
1025.0 47461.87 37398.70 78.80
1029.0 47354.18 37672.16 79.55
1032.9 47271.77 37976.25 80.34
1036.9 47308.70 38398.73 81.17
1040.9 47476.08 38910.04 81.96
1044.8 47747.63 39457.59 82.64
1048.8 47970.59 39954.21 83.29
1052.7 48104.60 40354.04 83.89
1056.7 48183.46 40638.94 84.34
1060.7 48250.82 40839.15 84.64
1064.6 48272.17 40978.65 84.89
1068.6 48190.54 40986.31 85.05
1072.5 48116.11 40951.31 85.11
1076.5 48076.67 40871.11 85.01
1080.4 48048.88 40737.94 84.78
1084.4 48150.59 40647.71 84.42
1088.3 48279.53 40526.03 83.94
1092.3 48252.92 40263.03 83.44
1096.2 48221.83 39953.92 82.85
1100.2 48245.69 39677.97 82.24
1104.1 48124.97 39286.02 81.63
1108.1 48059.38 38920.42 80.98
1112.0 47955.87 38496.06 80.27
1116.0 47754.46 37929.19 79.43
1119.9 47569.76 37297.07 78.40
1123.9 47623.80 36708.00 77.08
1127.8 47592.96 35827.20 75.28
1131.8 47556.42 34701.48 72.97
1135.7 47568.82 33383.22 70.18
1139.6 47554.30 31939.18 67.16
1143.6 47510.71 30584.86 64.37
1147.5 47481.98 29466.41 62.06
1151.4 47337.52 28530.17 60.27
1155.4 47322.86 27958.34 59.08
1159.3 47329.81 27629.96 58.38
1163.2 47159.49 27310.98 57.91
1167.2 47113.86 27144.72 57.62
1171.1 47117.13 27055.80 57.42
1175.0 47022.16 26927.46 57.27
1179.0 46962.63 26816.95 57.10
1182.9 47045.30 26780.06 56.92
1186.8 47019.62 26695.10 56.77
1190.7 46784.64 26500.85 56.64
1194.7 46508.35 26310.46 56.57
1198.6 46264.68 26188.47 56.61
1202.5 46100.54 26119.15 56.66
1206.4 45962.62 26084.11 56.75
1210.3 45829.98 26101.80 56.95
1214.2 45707.13 26122.21 57.15
1218.2 45554.16 26113.02 57.32
1222.1 45384.95 26167.25 57.66
1226.0 45257.55 26249.96 58.00
1229.9 45156.00 26311.32 58.27
1233.8 45033.17 26366.15 58.55
1237.7 44950.68 26450.11 58.84
1241.6 44841.64 26508.01 59.11
1245.5 44683.61 26500.21 59.31
1249.4 44538.65 26472.81 59.44
1253.3 44401.40 26468.64 59.61
1257.2 44324.52 26507.60 59.80
1261.1 44209.48 26491.86 59.92
1265.0 44086.55 26423.54 59.94
1268.9 43910.05 26294.39 59.88
1272.8 43969.80 26259.90 59.72
1276.7 44155.69 26277.12 59.51
1280.6 44249.88 26225.61 59.27
1284.5 44188.89 26022.84 58.89
1288.4 44167.03 25825.31 58.47
1292.3 44060.50 25539.25 57.96
1296.2 43934.23 25204.92 57.37
1300.1 43787.98 24827.74 56.70
1303.9 43564.57 24352.60 55.90
1307.8 43339.22 23851.46 55.03
1311.7 43109.06 23319.00 54.09
1315.6 42877.90 22752.48 53.06
1319.5 42633.84 22141.50 51.93
1323.3 42417.44 21529.89 50.76
1327.2 42218.70 20925.75 49.57
1331.1 42002.86 20293.30 48.31
1335.0 41739.72 19655.37 47.09
1338.8 41543.11 19109.64 46.00
1342.7 41389.31 18618.10 44.98
1346.5 41042.00 18046.71 43.97
1350.4 40741.74 17505.52 42.97
1354.3 40332.24 16931.03 41.98
1358.1 39895.31 16363.86 41.02
1362.0 39644.33 15904.62 40.12
1365.8 39567.12 15520.09 39.22
1369.7 39683.68 15181.02 38.26
1373.5 39615.26 14676.06 37.05
1377.4 39354.79 13933.09 35.40
1381.2 39167.92 13077.52 33.39
1385.1 39160.09 12245.90 31.27
1389.0 39060.88 11422.07 29.24
1392.8 38834.72 10588.99 27.27
1396.6 38680.88 9831.36 25.42
1400.5 38476.57 9174.69 23.84
1404.3 38299.58 8647.90 22.58
1408.2 38263.03 8236.50 21.53
1412.0 38218.70 7926.90 20.74
1415.8 38249.29 7710.01 20.16
1419.6 38208.11 7522.33 19.69
1423.5 38172.20 7394.70 19.37
1427.3 38125.77 7294.56 19.13
1431.1 38099.78 7221.45 18.95
1434.9 38010.73 7154.12 18.82
1438.8 37949.80 7114.00 18.75
1442.6 37913.52 7097.10 18.72
1446.4 37795.09 7057.91 18.67
1450.2 37700.99 7038.77 18.67
1454.0 37583.52 7022.40 18.68
1457.8 37547.69 7034.94 18.74
1461.6 37527.24 7070.09 18.84
1465.4 37404.28 7097.41 18.97
1469.2 37216.73 7134.40 19.17
1473.0 37080.95 7199.87 19.42
1476.8 37019.78 7300.99 19.72
1480.7 36949.43 7418.15 20.08
1484.4 36826.56 7537.68 20.47
1488.2 36723.96 7676.76 20.90
1492.0 36584.11 7820.29 21.38
1495.8 36452.33 7964.78 21.85
1499.6 36350.05 8081.33 22.23
1503.4 36216.75 8156.72 22.52
1507.2 36087.28 8229.98 22.81
1510.9 35929.91 8308.28 23.12
1514.7 35749.31 8388.37 23.46
1518.5 35615.65 8476.89 23.80
1522.3 35466.30 8566.30 24.15
1526.0 35355.47 8669.22 24.52
1529.8 35294.61 8798.04 24.93
1533.6 35159.29 8897.97 25.31
1537.3 35020.99 8986.94 25.66
1541.1 34889.16 9102.56 26.09
1544.8 34754.40 9220.80 26.53
1548.6 34607.98 9298.67 26.87
1552.4 34514.76 9363.46 27.13
1556.1 34455.77 9466.48 27.47
1559.9 34373.05 9573.61 27.85
1563.6 34243.93 9656.34 28.20
1567.3 34122.03 9746.42 28.56
1571.1 33904.82 9814.68 28.95
1574.8 33749.79 9889.34 29.30
1578.6 33637.37 9979.45 29.67
1582.3 33496.17 10043.36 29.98
1586.0 33359.51 10067.99 30.18
1589.8 33217.24 10085.95 30.36
1593.5 33051.52 10122.03 30.63
1597.2 32917.71 10180.24 30.93
1600.9 32767.31 10217.56 31.18
1604.7 32613.52 10241.59 31.40
1608.4 32493.03 10283.24 31.65
1612.1 32320.35 10304.06 31.88
1615.8 32161.00 10328.96 32.12
1619.5 32072.28 10382.28 32.37
1623.2 31915.49 10394.68 32.57
1626.9 31725.78 10395.22 32.77
1630.6 31537.44 10406.00 33.00
1634.3 31397.73 10414.33 33.17
1638.0 31241.74 10403.47 33.30
1641.7 31050.65 10371.84 33.40
1645.4 30870.63 10332.50 33.47
1649.1 30683.95 10290.68 33.54
1652.8 30504.58 10246.34 33.59
1656.4 30322.32 10187.72 33.60
1660.1 30158.02 10135.34 33.61
1663.8 29966.42 10070.41 33.61
1667.5 29809.99 10018.67 33.61
1671.1 29676.54 9967.71 33.59
1674.8 29472.79 9889.59 33.55
1678.5 29413.48 9855.13 33.51
1682.1 29419.35 9832.20 33.42
1685.8 29417.21 9807.30 33.34
1689.5 29310.65 9742.65 33.24
1693.1 29167.59 9667.23 33.14
1696.8 29020.13 9590.25 33.05
1700.4 28874.60 9497.03 32.89
1704.0 28754.23 9398.17 32.68
1707.7 28493.62 9258.28 32.49
1711.3 28200.13 9104.98 32.29
1715.0 27991.44 8973.42 32.06
1718.6 27822.35 8855.62 31.83
1722.2 27677.55 8745.86 31.60
1725.9 27527.50 8638.54 31.38
1729.5 27386.37 8541.41 31.19
1733.1 27262.24 8466.07 31.05
1736.7 27144.69 8401.30 30.95
1740.3 26982.07 8308.26 30.79
1744.0 26899.89 8230.26 30.60
1747.5 26760.07 8122.23 30.35
1751.2 26551.35 7988.82 30.09
1754.8 26397.18 7872.89 29.82
1758.4 26262.14 7764.69 29.57
1762.0 26085.49 7654.36 29.34
1765.5 25956.49 7573.13 29.18
1769.1 25915.20 7531.20 29.06
1772.7 25841.75 7480.89 28.95
1776.3 25724.16 7417.62 28.84
1779.9 25608.69 7353.55 28.72
1783.5 25553.92 7316.00 28.63
1787.0 25434.82 7267.09 28.57
1790.6 25293.30 7201.55 28.47
1794.2 25193.03 7166.15 28.44
1797.8 25095.48 7141.18 28.46
1801.3 25012.46 7113.04 28.44
1804.9 24871.88 7066.50 28.41
1808.4 24792.34 7043.49 28.41
1812.0 24660.35 7010.13 28.43
1815.5 24519.60 6958.34 28.38
1819.1 24324.68 6891.85 28.33
1822.6 24164.48 6845.59 28.33
1826.2 24042.90 6805.65 28.31
1829.7 23859.90 6745.49 28.27
1833.2 23612.46 6664.83 28.23
1836.8 23400.20 6583.40 28.13
1840.3 23257.80 6540.44 28.12
1843.8 23131.92 6527.29 28.22
1847.3 23013.03 6536.38 28.40
1850.8 22865.47 6556.03 28.67
1854.3 22692.74 6538.82 28.81
1857.8 22594.00 6468.80 28.63
1861.3 22615.25 6280.69 27.77
1864.8 22605.64 5964.35 26.38
1868.3 22468.36 5538.13 24.65
1871.8 22341.12 5114.88 22.89
1875.3 22323.21 4772.50 21.38
1878.8 22320.32 4501.19 20.17
1882.3 22237.89 4253.32 19.13
1885.8 22045.10 3991.41 18.11
1889.3 21861.76 3795.16 17.36
1892.7 21710.01 3647.85 16.80
1896.2 21503.16 3530.80 16.42
1899.7 21232.37 3505.96 16.51
1903.1 21059.81 3583.27 17.01
1906.6 21101.81 3738.95 17.72
1910.0 21348.35 4127.90 19.34
1913.5 21771.66 4565.92 20.97
1917.0 22339.63 5021.80 22.48
1920.4 22881.38 5547.00 24.24
1923.8 23136.14 5743.40 24.82
1871.2 20260.60 3788.85 18.70
1873.9 20445.79 3693.99 18.07
1876.7 20658.97 3464.80 16.77
1879.5 20770.50 3338.79 16.07
1882.3 20488.21 3103.45 15.15
1885.1 20498.36 2948.04 14.38
1887.8 20542.45 2836.85 13.81
1890.6 20318.11 2619.68 12.89
1893.4 20320.67 2442.00 12.02
1896.2 20203.65 2338.07 11.57
1898.9 20201.38 2299.55 11.38
1901.7 20074.51 2263.16 11.27
1904.5 20223.67 2237.67 11.06
1907.2 20168.50 2199.25 10.90
1910.0 20030.00 2174.64 10.86
1912.7 20048.69 2137.78 10.66
1915.5 19979.54 2084.89 10.44
1918.2 19877.64 2050.39 10.32
1921.0 19705.09 2042.37 10.36
1923.7 19733.20 2041.02 10.34
1926.5 19715.86 2012.62 10.21
1929.2 19701.76 2007.37 10.19
1932.0 19674.16 2006.60 10.20
1934.7 19635.47 2010.45 10.24
1937.4 19518.79 1997.47 10.23
1940.2 19475.71 2006.89 10.30
1942.9 19573.26 2031.02 10.38
1945.6 19572.62 2020.38 10.32
1948.3 19494.00 2006.56 10.29
1951.1 19465.67 2007.67 10.31
1953.8 19476.00 2049.00 10.52
1956.5 19368.67 2066.55 10.67
1959.2 19423.04 2078.05 10.70
1961.9 19438.54 2124.74 10.93
1964.6 19331.55 2133.08 11.03
1967.3 19375.30 2136.00 11.02
1970.0 19228.16 2125.28 11.05
1972.8 19159.08 2144.48 11.19
1975.5 19219.42 2177.44 11.33
1978.2 19120.16 2192.92 11.47
1980.9 19002.89 2218.32 11.67
1983.5 18950.70 2201.61 11.62
1986.2 18944.10 2211.60 11.67
1988.9 18909.18 2272.71 12.02
1991.6 18787.78 2265.19 12.06
1994.3 18678.85 2264.45 12.12
1997.0 18669.58 2309.55 12.37
1999.7 18631.37 2303.08 12.36
2002.3 18617.79 2315.72 12.44
2005.0 18540.12 2341.61 12.63
2007.7 18469.93 2376.47 12.87
2010.4 18400.48 2398.20 13.03
2013.0 18316.11 2384.11 13.02
2015.7 18226.45 2375.63 13.03
2018.4 18129.14 2382.80 13.14
2021.0 18062.50 2408.33 13.33
2023.7 17946.51 2442.24 13.61
2026.4 17902.73 2461.77 13.75
2029.0 17806.29 2443.34 13.72
2031.7 17677.40 2430.78 13.75
2034.3 17722.47 2439.23 13.76
2037.0 17610.64 2451.87 13.92
2039.6 17527.07 2472.92 14.11
2042.3 17481.88 2496.61 14.28
2044.9 17393.81 2502.06 14.38
2047.5 17348.93 2510.48 14.47
2050.2 17253.60 2511.60 14.56
2052.8 17214.40 2506.00 14.56
2055.4 17090.17 2504.69 14.66
2058.1 16973.60 2514.40 14.81
2060.7 16918.14 2537.86 15.00
2063.3 16842.61 2547.01 15.12
2065.9 16794.67 2554.38 15.21
2068.6 16710.92 2551.58 15.27
2071.2 16664.67 2555.64 15.34
2073.8 16591.32 2580.06 15.55
2076.4 16536.88 2587.75 15.65
2079.0 16525.61 2596.44 15.71
2081.6 16519.89 2619.21 15.85
2084.2 16487.00 2607.22 15.81
2086.8 16353.42 2607.72 15.95
2089.4 16268.28 2623.92 16.13
2092.1 16209.50 2623.67 16.19
2094.7 16113.80 2630.08 16.32
2097.2 16087.67 2637.83 16.40
2099.8 16089.36 2664.48 16.56
2102.4 15953.94 2652.83 16.63
2105.0 15826.05 2661.90 16.82
2107.6 15774.07 2663.19 16.88
2110.2 15742.83 2656.96 16.88
2112.8 15734.02 2677.22 17.02
2115.3 15735.22 2687.49 17.08
2117.9 15738.64 2715.96 17.26
2120.5 15682.70 2737.19 17.45
2123.1 15604.88 2717.33 17.41
2125.6 15567.02 2714.57 17.44
2128.2 15487.92 2742.29 17.71
2130.8 15394.28 2743.65 17.82
2133.3 15347.20 2719.20 17.72
2135.9 15264.31 2706.33 17.73
2138.4 15119.35 2707.99 17.91
2141.0 15032.51 2703.27 17.98
2143.6 14998.41 2711.79 18.08
2146.1 14847.40 2685.64 18.09
2148.7 14686.27 2651.81 18.06
2151.2 14704.80 2681.07 18.23
2153.8 14713.72 2701.98 18.36
2156.3 14589.47 2672.77 18.32
2158.8 14533.35 2663.91 18.33
2161.4 14517.59 2668.24 18.38
2163.9 14426.20 2656.45 18.41
2166.4 14354.62 2652.13 18.48
2169.0 14310.27 2663.96 18.62
2171.5 14227.48 2655.09 18.66
2174.0 14143.15 2635.85 18.64
2176.5 14124.76 2649.14 18.76
2179.1 14082.55 2629.19 18.67
2181.6 13967.33 2606.71 18.66
2184.1 13937.00 2614.92 18.76
2186.6 13993.83 2595.40 18.55
2189.1 13896.09 2561.58 18.43
2191.6 13840.87 2593.73 18.74
2194.1 13877.92 2600.87 18.74
2196.6 13844.81 2588.26 18.69
2199.2 13897.52 2598.81 18.70
2201.7 13871.80 2589.55 18.67
2204.1 13802.39 2598.49 18.83
2206.6 13786.08 2592.35 18.80
2209.1 13743.34 2604.08 18.95
2211.6 13738.26 2599.95 18.92
2214.1 13693.60 2573.73 18.80
2216.6 13643.61 2586.67 18.96
2219.1 13655.01 2609.46 19.11
2221.6 13597.41 2584.73 19.01
2224.0 13563.60 2545.08 18.76
2226.5 13534.39 2537.94 18.75
2229.0 13551.73 2493.37 18.40
2231.5 13416.49 2443.54 18.21
2233.9 13376.81 2474.48 18.50
2236.4 13409.64 2454.96 18.31
2238.9 13341.63 2449.00 18.36
2241.3 13300.17 2452.49 18.44
2243.8 13261.31 2409.73 18.17
2246.2 13153.53 2388.03 18.16
2248.7 13089.53 2360.28 18.03
2251.2 13067.33 2355.96 18.03
2253.6 13017.60 2361.60 18.14
2256.1 12979.20 2304.00 17.75
2258.5 12980.99 2281.95 17.58
2260.9 12912.45 2247.31 17.40
2263.4 12850.74 2230.07 17.35
2265.8 12840.17 2231.07 17.38
2268.3 12768.77 2197.40 17.21
2270.7 12812.36 2207.04 17.23
2273.1 12778.22 2174.45 17.02
2275.6 12710.40 2158.08 16.98
2278.0 12729.12 2144.58 16.85
2280.4 12680.26 2128.13 16.78
2282.8 12544.20 2098.44 16.73
2285.3 12570.98 2091.92 16.64
2287.7 12679.54 2096.99 16.54
2290.1 12579.51 2039.92 16.22
2292.5 12520.09 2047.66 16.35
2294.9 12538.64 2023.25 16.14
2297.3 12458.25 1969.59 15.81
2299.7 12334.59 1954.43 15.85
2302.1 12311.40 1948.45 15.83
2304.5 12214.72 1897.28 15.53
2306.9 12089.28 1865.92 15.43
2309.3 11994.02 1861.21 15.52
2311.7 11939.85 1821.20 15.25
2314.1 11791.37 1791.94 15.20
2316.5 11721.50 1788.76 15.26
2318.9 11765.88 1801.34 15.31
2321.3 11730.50 1822.37 15.54
2323.7 11744.39 1820.96 15.50
2326.1 11719.24 1809.47 15.44
2328.4 11761.55 1810.41 15.39
2330.8 11807.83 1807.78 15.31
2333.2 11712.54 1762.65 15.05
2335.6 11662.03 1752.00 15.02
2337.9 11681.16 1752.80 15.01
2340.3 11629.38 1729.71 14.87
2342.7 11548.22 1743.45 15.10
2345.0 11508.47 1715.65 14.91
2347.4 11492.00 1674.50 14.57
2349.7 11315.65 1661.68 14.68
2352.1 11286.89 1646.72 14.59
2354.4 11296.02 1624.77 14.38
2356.8 11214.70 1636.02 14.59
2359.2 11154.00 1616.33 14.49
2361.5 11109.05 1570.80 14.14
2363.8 11141.66 1598.57 14.35
2366.2 11165.73 1606.45 14.39
2368.5 11089.40 1561.95 14.09
2370.9 11067.03 1574.61 14.23
2373.2 11030.32 1560.34 14.15
2375.5 10914.30 1529.45 14.01
2377.9 10876.18 1527.04 14.04
2380.2 10876.88 1516.53 13.94
2382.5 10821.23 1497.97 13.84
2384.8 10769.44 1484.80 13.79
2387.2 10736.28 1486.20 13.84
2389.5 10704.02 1473.16 13.76
2391.8 10661.73 1435.51 13.46
2394.1 10613.91 1429.90 13.47
2396.4 10610.47 1427.31 13.45
2398.7 10654.34 1432.27 13.44
2401.0 10513.07 1439.00 13.69
2403.3 10428.12 1409.34 13.51
2405.6 10456.51 1419.53 13.58
2407.9 10375.71 1412.82 13.62
2410.2 10317.44 1373.65 13.31
2412.5 10224.31 1336.48 13.07
2414.8 10187.84 1309.43 12.85
2417.1 10204.62 1305.90 12.80
2419.4 10195.97 1328.55 13.03
2421.7 10103.31 1345.71 13.32
2424.0 10048.90 1304.98 12.99
2426.2 10074.05 1310.75 13.01
2428.5 10032.46 1298.00 12.94
2430.8 10006.20 1242.60 12.42
2433.1 9945.94 1250.16 12.57
2435.4 9886.37 1270.07 12.85
2437.6 9830.42 1258.88 12.81
2439.9 9708.34 1274.61 13.13
2442.2 9709.99 1228.68 12.65
2444.4 9752.18 1194.61 12.25
2446.7 9688.56 1191.36 12.30
2448.9 9658.24 1154.73 11.96
2451.2 9631.36 1168.16 12.13
2453.4 9564.32 1169.17 12.22
2455.7 9566.46 1161.60 12.14
2457.9 9468.86 1153.85 12.19
2460.2 9395.46 1128.20 12.01
2462.4 9422.40 1154.40 12.25
2464.7 9348.95 1122.88 12.01
2466.9 9251.22 1072.14 11.59
2469.2 9249.34 1075.96 11.63
2471.4 9151.61 1030.71 11.26
2473.6 9078.42 1071.20 11.80
2475.9 9042.40 1076.96 11.91
2478.1 8956.32 1038.41 11.59
2480.3 8952.70 1065.14 11.90
2482.5 8971.16 1007.92 11.24
2484.8 8832.66 1012.15 11.46
2487.0 8762.09 1036.93 11.83
2489.2 8850.00 1047.83 11.84
2491.4 8753.22 1022.11 11.68
2493.6 8669.20 948.44 10.94
2495.8 8662.66 934.36 10.79
2498.0 8674.13 948.48 10.93
2500.2 8694.60 994.15 11.43
2502.4 8942.16 985.68 11.02
2504.6 9089.52 1023.51 11.26
2506.8 9176.65 1120.29 12.21
