/*** Spectra Vista SIG Data ***/
name= \My Documents\HR1024_Data\PYR_650[2].
instrument= HR: 1091052
integration= 200, 60, 30, 200, 60, 30
scan time= 1, 1
scan settings= AD, AI, AD, AI
external data set1= 8224, 8224, 8224, 8224, 8224, 8224, 8224, 8224, 8224, 8224, 8224, 8224, 8224, 8224, 8224, 8224
external data set2= 8224, 8224, 8224, 8224, 8224, 8224, 8224, 8224, 8224, 8224, 8224, 8224, 8224, 8224, 8224, 8224
external data dark= 0,0,0,0,0,0,0,0
external data mask= 0
optic= LENS4 , LENS4 
temp= 32.98, 8.88, -5.30, 41.93, 8.94, -5.37
battery= 7.1, 6.6
error= 0, 0
units= Radiance, Radiance
time= 1/26/08 11:56:03 AM, 1/26/08 12:26:59 PM
longitude= , 
latitude= , 
gpstime= , 
comm= 
memory slot= 0, 0
factors= 
data= 
346.4 630.63 359.91 57.07
347.9 683.98 382.78 55.96
349.5 730.08 418.08 57.26
351.1 795.60 458.64 57.65
352.6 847.55 493.35 58.21
354.2 906.48 530.15 58.48
355.7 986.68 582.58 59.04
357.3 1040.25 603.35 58.00
358.8 1065.98 639.59 60.00
360.4 1143.19 699.98 61.23
361.9 1187.53 720.88 60.70
363.5 1239.58 754.83 60.89
365.1 1293.38 804.46 62.20
366.6 1353.38 842.41 62.24
368.2 1426.94 899.81 63.06
369.7 1498.64 937.06 62.53
371.3 1600.16 1007.51 62.96
372.8 1673.28 1075.68 64.29
374.4 1748.85 1128.08 64.50
375.9 1797.33 1165.12 64.83
377.4 1870.19 1206.68 64.52
379.0 1934.96 1247.54 64.47
380.5 1988.07 1283.32 64.55
382.1 2033.04 1329.75 65.41
383.6 2120.58 1377.81 64.97
385.2 2208.25 1438.25 65.13
386.7 2301.38 1516.20 65.88
388.3 2426.73 1578.87 65.06
389.8 2519.91 1649.75 65.47
391.3 2626.26 1712.78 65.22
392.9 2697.06 1780.97 66.03
394.4 2771.65 1813.14 65.42
395.9 2873.10 1887.14 65.68
397.5 3029.74 1986.45 65.57
399.0 3151.80 2079.57 65.98
400.6 3234.69 2139.48 66.14
402.1 3274.02 2177.52 66.51
403.6 3322.94 2208.10 66.45
405.1 3409.22 2266.72 66.49
406.7 3528.00 2347.52 66.54
408.2 3644.19 2425.75 66.56
409.7 3754.24 2493.12 66.41
411.3 3867.08 2572.70 66.53
412.8 3976.86 2647.29 66.57
414.3 4099.56 2731.41 66.63
415.8 4220.00 2822.50 66.88
417.4 4361.72 2906.97 66.65
418.9 4457.86 2977.81 66.80
420.4 4558.78 3055.81 67.03
421.9 4636.72 3116.96 67.22
423.5 4707.36 3163.93 67.21
425.0 4796.17 3225.16 67.24
426.5 4895.55 3289.50 67.19
428.0 5034.78 3372.26 66.98
429.5 5188.33 3487.85 67.22
431.1 5363.82 3597.17 67.06
432.6 5552.18 3720.04 67.00
434.1 5732.65 3834.60 66.89
435.6 5890.14 3941.60 66.92
437.1 6052.80 4040.40 66.75
438.6 6197.61 4132.40 66.68
440.1 6347.97 4238.59 66.77
441.6 6494.11 4329.41 66.67
443.1 6656.18 4426.65 66.50
444.7 6793.83 4521.00 66.55
446.2 6914.93 4588.90 66.36
447.7 7037.77 4662.36 66.25
449.2 7173.36 4762.80 66.40
450.7 7292.48 4858.88 66.63
452.2 7429.67 4947.87 66.60
453.7 7576.65 5043.65 66.57
455.2 7765.17 5162.42 66.48
456.7 7990.40 5306.40 66.41
458.2 8239.46 5467.93 66.36
459.7 8510.25 5628.00 66.13
461.2 8764.99 5798.03 66.15
462.7 8985.80 5937.43 66.08
464.2 9215.88 6084.75 66.02
465.7 9451.34 6229.55 65.91
467.2 9653.88 6362.13 65.90
468.7 9860.00 6484.00 65.76
470.2 10000.52 6541.45 65.41
471.7 10219.63 6650.00 65.07
473.2 10551.31 6908.30 65.47
474.6 10836.41 7146.97 65.95
476.1 10924.36 7224.96 66.14
477.6 10960.04 7240.79 66.07
479.1 11023.85 7251.50 65.78
480.6 11109.78 7294.30 65.66
482.1 11255.33 7384.88 65.61
483.6 11435.12 7498.61 65.58
485.1 11655.27 7642.69 65.57
486.6 11911.43 7812.45 65.59
488.0 12195.63 7985.25 65.48
489.5 12483.95 8163.83 65.39
491.0 12777.45 8351.14 65.36
492.5 13078.26 8548.74 65.37
494.0 13380.84 8734.17 65.27
495.4 13642.20 8896.80 65.22
496.9 13904.42 9069.77 65.23
498.4 14171.30 9239.36 65.20
499.9 14439.02 9405.03 65.14
501.4 14680.69 9569.58 65.18
502.8 14919.13 9718.62 65.14
504.3 15134.40 9860.40 65.15
505.8 15347.35 10007.39 65.21
507.2 15489.44 10098.44 65.20
508.7 15598.86 10177.31 65.24
510.2 15690.64 10238.92 65.25
511.6 15752.95 10293.99 65.35
513.1 15872.56 10397.20 65.50
514.6 16004.87 10496.20 65.58
516.0 16136.97 10588.05 65.61
517.5 16322.55 10729.46 65.73
519.0 16545.71 10882.41 65.77
520.5 16764.08 11032.28 65.81
521.9 17039.29 11224.61 65.87
523.4 17355.20 11436.15 65.89
524.8 17660.07 11652.92 65.98
526.3 18013.36 11896.73 66.04
527.8 18358.47 12147.39 66.17
529.2 18674.36 12366.26 66.22
530.7 19031.03 12621.85 66.32
532.1 19344.85 12842.81 66.39
533.6 19707.77 13087.10 66.41
535.0 20079.68 13357.58 66.52
536.5 20419.92 13592.54 66.57
538.0 20792.00 13825.76 66.50
539.4 21127.02 14053.36 66.52
540.9 21551.03 14350.04 66.59
542.3 21923.06 14658.11 66.86
543.8 22174.34 14879.06 67.10
545.2 22231.45 14938.51 67.20
546.6 22222.15 14934.27 67.20
548.1 22214.03 14933.33 67.22
549.5 22226.58 14940.68 67.22
551.0 22212.49 14940.73 67.26
552.4 22245.44 14971.84 67.30
553.9 22258.65 14994.83 67.37
555.3 22290.26 15035.09 67.45
556.8 22401.11 15125.27 67.52
558.2 22512.94 15217.88 67.60
559.6 22672.30 15338.51 67.65
561.1 22889.75 15497.63 67.71
562.5 23127.28 15675.66 67.78
564.0 23454.83 15914.99 67.85
565.4 23755.76 16129.13 67.90
566.8 24132.47 16397.08 67.95
568.3 24488.54 16654.35 68.01
569.7 24876.90 16931.17 68.06
571.1 25245.29 17195.49 68.11
572.6 25607.34 17463.60 68.20
574.0 25974.30 17719.35 68.22
575.4 26319.94 17965.13 68.26
576.9 26649.32 18196.45 68.28
578.3 26932.26 18402.31 68.33
579.7 27212.85 18592.67 68.32
581.1 27427.97 18747.18 68.35
582.6 27669.82 18902.29 68.31
584.0 27882.24 19048.20 68.32
585.4 28177.77 19267.86 68.38
586.8 28576.31 19565.51 68.47
588.3 29013.66 19936.80 68.72
589.7 29383.38 20245.68 68.90
591.1 29621.38 20435.22 68.99
592.5 29726.99 20518.61 69.02
594.0 29770.20 20539.44 68.99
595.4 29770.08 20531.24 68.97
596.8 29766.17 20516.93 68.93
598.2 29744.67 20498.65 68.92
599.6 29714.85 20480.58 68.92
601.0 29771.81 20528.44 68.95
602.4 29816.58 20561.73 68.96
603.9 29909.17 20655.31 69.06
605.3 30024.63 20733.42 69.05
606.7 30119.40 20795.40 69.04
608.1 30316.50 20921.35 69.01
609.5 30539.01 21070.60 69.00
610.9 30814.99 21256.71 68.98
612.3 31075.20 21428.94 68.96
613.7 31428.96 21654.56 68.90
615.1 31662.90 21793.86 68.83
616.5 31902.59 21948.38 68.80
617.9 32288.77 22233.09 68.86
619.3 32666.57 22500.50 68.88
620.7 33128.50 22823.18 68.89
622.1 33560.89 23127.04 68.91
623.5 34032.77 23591.71 69.32
624.9 34565.21 24166.80 69.92
626.3 34922.45 24523.58 70.22
627.7 34564.35 24263.82 70.20
629.1 34256.15 23993.87 70.04
630.5 34133.81 23946.92 70.16
631.9 34173.45 24018.20 70.28
633.3 34221.59 23850.58 69.69
634.7 34406.41 23749.61 69.03
636.1 34488.04 23820.87 69.07
637.5 34613.12 23825.34 68.83
638.9 34796.83 23707.88 68.13
640.2 34954.01 23808.79 68.11
641.6 35055.54 23825.88 67.97
643.0 35067.41 23845.46 68.00
644.4 35115.49 23959.58 68.23
645.8 35070.53 24028.78 68.52
647.2 35256.78 24230.70 68.73
648.5 35391.08 24522.00 69.29
649.9 35282.13 24579.36 69.67
651.3 35212.95 24880.35 70.66
652.7 35080.35 25214.40 71.88
654.1 34845.90 25010.82 71.78
655.5 34548.82 24654.20 71.36
656.8 34274.04 24272.94 70.82
658.2 34439.22 24240.62 70.39
659.6 34825.18 24427.59 70.14
660.9 35139.54 24629.68 70.09
662.3 35443.63 24807.78 69.99
663.7 35746.20 24962.70 69.83
665.0 36012.67 25123.28 69.76
666.4 36257.27 25312.77 69.81
667.8 36589.28 25537.49 69.80
669.1 36867.26 25674.98 69.64
670.5 37195.97 25907.07 69.65
671.9 37380.96 26054.88 69.70
673.2 37662.77 26243.49 69.68
674.6 37922.97 26404.70 69.63
676.0 38225.19 26648.21 69.71
677.3 38533.34 26878.85 69.75
678.7 38864.13 27068.25 69.65
680.0 39305.58 27367.77 69.63
681.4 39779.73 27672.18 69.56
682.8 40233.38 27957.48 69.49
684.1 40676.22 28278.90 69.52
685.5 41092.36 28584.95 69.56
686.8 41490.36 28877.94 69.60
688.2 41836.80 29099.07 69.55
689.5 41943.86 29205.26 69.63
690.9 42017.36 29281.97 69.69
692.2 42092.85 29302.05 69.61
693.6 42157.83 29352.43 69.63
694.9 42109.57 29318.28 69.62
696.2 42121.91 29337.08 69.65
697.6 42142.24 29354.05 69.65
698.9 42160.80 29359.44 69.64
700.3 42212.70 29404.71 69.66
701.6 42275.21 29443.74 69.65
703.0 42340.09 29470.01 69.60
704.3 42340.84 29420.63 69.49
705.6 42307.56 29401.02 69.49
707.0 42304.76 29378.07 69.44
708.3 42205.58 29286.43 69.39
709.6 42077.70 29205.49 69.41
711.0 41902.11 29102.30 69.45
712.3 41730.30 28988.11 69.47
713.6 41662.74 28914.90 69.40
714.9 41546.10 28860.68 69.47
716.3 41517.29 28838.34 69.46
717.6 41513.92 28829.78 69.45
718.9 41427.26 28762.81 69.43
720.2 41191.85 28613.06 69.46
721.6 41046.72 28497.69 69.43
722.9 40841.06 28356.18 69.43
724.2 40588.46 28167.65 69.40
725.5 40381.61 28055.71 69.48
726.8 40196.01 27931.28 69.49
728.1 40102.16 27857.51 69.47
729.5 40009.55 27777.19 69.43
730.8 39945.60 27752.78 69.48
732.1 39850.55 27712.46 69.54
733.4 39793.17 27674.72 69.55
734.7 39729.39 27641.67 69.57
736.0 39732.49 27678.69 69.66
737.3 39673.91 27636.75 69.66
738.6 39788.18 27729.86 69.69
739.9 39986.32 27856.61 69.67
741.2 40139.19 27949.74 69.63
742.5 40421.44 28151.19 69.64
743.8 40915.88 28470.75 69.58
745.1 41627.68 28970.86 69.60
746.4 42484.72 29553.62 69.56
747.7 43357.88 30236.20 69.74
749.0 44203.37 30868.88 69.83
750.3 44693.01 31175.17 69.75
751.6 44609.70 31174.06 69.88
752.9 44168.69 30919.43 70.00
754.2 43669.08 30561.20 69.98
755.4 43127.05 30190.82 70.00
756.7 42940.36 30076.41 70.04
758.0 42963.66 30097.11 70.05
759.3 43246.58 30275.05 70.01
760.6 43631.28 30550.52 70.02
761.9 43987.93 30860.13 70.16
763.1 44205.00 30959.29 70.04
764.4 44447.50 31166.73 70.12
765.7 44632.25 31307.25 70.14
767.0 44781.90 31377.05 70.07
768.2 44909.76 31489.92 70.12
769.5 44994.81 31598.21 70.23
770.8 45181.96 31704.68 70.17
772.0 45202.30 31738.39 70.21
773.3 45281.34 31839.80 70.32
774.6 45399.45 31891.99 70.25
775.8 45492.85 31903.30 70.13
777.1 45515.93 31929.59 70.15
778.4 45431.52 31887.54 70.19
779.6 45395.43 31833.00 70.12
780.9 45316.00 31760.00 70.09
782.1 45111.08 31700.34 70.27
783.4 45111.04 31645.12 70.15
784.6 45106.92 31642.04 70.15
785.9 45393.88 31822.10 70.10
787.1 45996.98 32236.96 70.08
788.4 46441.69 32600.34 70.20
789.6 46399.50 32548.75 70.15
790.9 45932.90 32196.70 70.10
792.1 45403.52 31856.64 70.16
793.4 44896.14 31510.69 70.19
794.6 44551.89 31279.11 70.21
795.8 44231.81 31026.69 70.15
797.1 43906.28 30785.18 70.12
798.3 43659.83 30632.66 70.16
799.5 43520.02 30517.83 70.12
800.8 43336.38 30389.22 70.12
802.0 43170.52 30274.96 70.13
803.2 42985.20 30139.36 70.12
804.5 42855.21 30042.97 70.10
805.7 42692.40 29925.38 70.10
806.9 42512.38 29806.18 70.11
808.1 42409.86 29712.27 70.06
809.4 42316.73 29638.95 70.04
810.6 42192.15 29556.80 70.05
811.8 42172.17 29524.63 70.01
813.0 42163.23 29520.25 70.01
814.2 42178.96 29549.94 70.06
815.4 42279.13 29636.80 70.10
816.6 42301.14 29666.23 70.13
817.9 42349.13 29694.21 70.12
819.1 42261.23 29639.65 70.13
820.3 42104.76 29559.72 70.21
821.5 41970.20 29492.20 70.27
822.7 41937.17 29397.97 70.10
823.9 41911.59 29433.33 70.23
825.1 41906.00 29425.30 70.22
826.3 41927.28 29430.86 70.20
827.5 41996.16 29463.25 70.16
828.7 42070.56 29512.32 70.15
829.9 42094.44 29538.35 70.17
831.0 42223.46 29619.37 70.15
832.2 42314.37 29671.83 70.12
833.4 42402.89 29715.52 70.08
834.6 42482.81 29789.06 70.12
835.8 42572.25 29843.10 70.10
837.0 42673.89 29916.06 70.10
838.1 42851.66 30008.21 70.03
839.3 42953.40 30091.73 70.06
840.5 43102.99 30196.25 70.06
841.7 43251.71 30274.70 70.00
842.9 43400.31 30414.71 70.08
844.0 43549.44 30522.76 70.09
845.2 43705.60 30624.94 70.07
846.4 43839.60 30682.35 69.99
847.5 44086.39 30865.42 70.01
848.7 44310.84 31008.60 69.98
849.9 44519.86 31146.15 69.96
851.0 44600.35 31185.31 69.92
852.2 44693.32 31211.11 69.83
853.3 44699.49 31204.07 69.81
854.5 44750.58 31218.83 69.76
855.6 44778.78 31223.34 69.73
856.8 44851.95 31232.27 69.63
857.9 44871.50 31245.09 69.63
859.1 45012.00 31328.60 69.60
860.2 45071.56 31268.12 69.37
861.4 45164.68 31334.47 69.38
862.5 45221.87 31364.08 69.36
863.7 45380.27 31398.45 69.19
864.8 45412.85 31394.65 69.13
865.9 45403.93 31382.62 69.12
867.1 45474.25 31382.09 69.01
868.2 45524.97 31404.44 68.98
869.3 45589.41 31387.70 68.85
870.5 45539.97 31335.10 68.81
871.6 45562.59 31395.95 68.91
872.7 45700.60 31473.96 68.87
873.9 45747.35 31495.23 68.85
875.0 45745.04 31503.30 68.87
876.1 45783.66 31526.33 68.86
877.2 45820.13 31549.31 68.85
878.3 45822.65 31589.19 68.94
879.4 45871.99 31650.13 69.00
880.5 45962.28 31646.16 68.85
881.7 45908.85 31636.80 68.91
882.8 46012.72 31711.82 68.92
883.9 46073.21 31649.61 68.69
885.0 46039.40 31621.59 68.68
886.1 46025.94 31629.41 68.72
887.2 45905.76 31447.96 68.51
888.3 45807.80 31383.83 68.51
889.4 45707.30 31266.31 68.41
890.5 45592.32 31193.32 68.42
891.6 45545.58 31136.65 68.36
892.7 45554.16 31114.35 68.30
893.8 45579.45 31088.87 68.21
894.9 45613.48 31124.17 68.23
896.0 45529.58 31056.66 68.21
897.0 45627.02 31039.67 68.03
898.1 45583.05 31020.25 68.05
899.2 45607.22 31036.82 68.05
900.3 45541.50 31005.78 68.08
901.4 45412.27 30922.20 68.09
902.4 45437.06 30947.96 68.11
903.5 45388.81 30870.85 68.01
904.6 45388.82 30857.52 67.98
905.7 45374.76 30876.71 68.05
906.7 45323.04 30851.27 68.07
907.8 45383.91 30875.78 68.03
908.9 45302.99 30804.48 68.00
909.9 45307.76 30761.64 67.89
911.0 45202.77 30746.51 68.02
912.1 45152.49 30685.20 67.96
913.1 45072.56 30608.24 67.91
914.2 44921.94 30517.14 67.93
915.2 44915.04 30549.42 68.02
916.3 44853.15 30521.85 68.05
917.3 44875.31 30479.24 67.92
918.4 44790.35 30392.73 67.86
919.4 44699.60 30435.08 68.09
920.5 44708.24 30380.53 67.95
921.5 44702.98 30372.16 67.94
922.6 44636.74 30333.60 67.96
923.6 44687.86 30341.77 67.90
924.7 44720.00 30358.00 67.88
925.7 44710.62 30353.70 67.89
926.7 44757.60 30397.87 67.92
927.8 44773.30 30421.46 67.95
928.8 44894.28 30470.37 67.87
929.9 45005.21 30580.03 67.95
930.9 45213.30 30701.66 67.90
931.9 45414.99 30803.31 67.83
932.9 45762.26 31035.51 67.82
934.0 45803.71 31063.09 67.82
935.0 45810.36 31070.45 67.82
936.0 45840.15 31033.90 67.70
937.0 45795.75 30998.37 67.69
938.1 45737.41 31021.17 67.82
939.1 45690.54 31005.15 67.86
940.1 45792.08 31054.12 67.82
941.1 45974.44 31236.05 67.94
942.1 46240.75 31468.71 68.05
943.1 46430.63 31541.38 67.93
944.1 46685.58 31770.88 68.05
945.2 46780.86 31755.78 67.88
946.2 46886.15 31873.08 67.98
947.2 46973.00 31926.13 67.97
948.2 47156.13 32008.52 67.88
949.2 47321.63 32127.88 67.89
950.2 47306.35 32202.60 68.07
951.2 47423.88 32344.20 68.20
952.2 47533.98 32352.74 68.06
953.2 47748.84 32517.71 68.10
954.2 47923.43 32607.23 68.04
955.2 47900.28 32583.86 68.02
956.2 47872.99 32671.99 68.25
957.2 47942.90 32664.39 68.13
958.2 48058.20 32810.69 68.27
959.2 48218.40 32817.15 68.06
960.1 48234.68 32831.58 68.07
961.1 48358.04 32934.99 68.11
962.1 48485.63 32953.13 67.96
963.1 48452.08 33091.90 68.30
964.1 48561.50 33115.21 68.19
965.1 48761.92 33224.09 68.14
966.1 48787.80 33305.54 68.27
967.0 48997.06 33440.19 68.25
968.0 48996.14 33467.88 68.31
969.0 49091.60 33512.40 68.27
970.0 49111.31 33550.20 68.31
971.0 49170.03 33630.66 68.40
971.9 49289.72 33749.41 68.47
972.9 49420.88 33856.99 68.51
973.9 49398.70 33916.68 68.66
974.9 49421.14 33827.22 68.45
975.8 49584.23 34059.00 68.69
976.8 49645.86 33927.17 68.34
977.8 49761.42 34151.24 68.63
978.8 49883.25 34220.25 68.60
979.7 50017.88 34323.12 68.62
980.7 50024.37 34396.73 68.76
981.7 50216.51 34738.52 69.18
982.6 50458.51 34759.24 68.89
983.6 51132.02 35427.95 69.29
984.6 51562.39 35562.35 68.97
985.5 52257.60 36305.28 69.47
986.5 53039.20 36597.84 69.00
987.5 54168.11 37211.93 68.70
988.4 55057.20 37878.50 68.80
989.4 56551.39 39323.81 69.54
990.4 58242.03 39995.78 68.67
991.3 59136.61 40560.56 68.59
992.3 60254.81 41669.72 69.16
993.2 62830.60 42635.05 67.86
994.2 63759.15 43518.15 68.25
995.2 64907.22 44204.06 68.10
996.1 65710.99 45233.61 68.84
997.1 66771.58 44622.96 66.83
998.0 65779.20 44538.00 67.71
999.0 67569.18 44443.90 65.78
1000.0 65627.63 44626.79 68.00
1000.9 66106.32 43283.90 65.48
1001.9 66896.78 44597.85 66.67
1002.8 66066.52 45159.39 68.35
1003.8 66771.11 44950.49 67.32
1004.8 64803.12 44266.92 68.31
961.5 59942.22 36062.01 60.16
965.5 58683.65 35824.32 61.05
969.5 56453.82 35251.42 62.44
973.4 54183.76 34710.06 64.06
977.4 52184.81 34346.88 65.82
981.4 51194.56 34148.84 66.70
985.3 50809.00 33855.18 66.63
989.3 50771.60 33476.75 65.94
993.3 50798.35 33003.01 64.97
997.2 50697.53 32487.71 64.08
1001.2 50579.49 32155.63 63.57
1005.2 50486.54 32064.17 63.51
1009.1 50560.95 32159.11 63.60
1013.1 50727.98 32262.32 63.60
1017.1 50849.68 32315.79 63.55
1021.0 50849.88 32234.64 63.39
1025.0 50810.76 32119.66 63.21
1029.0 50630.25 31970.16 63.14
1032.9 50480.43 31873.40 63.14
1036.9 50465.40 31849.74 63.11
1040.9 50583.57 31913.08 63.09
1044.8 50808.96 32036.51 63.05
1048.8 51011.12 32104.83 62.94
1052.7 51152.74 32154.94 62.86
1056.7 51218.34 32164.99 62.80
1060.7 51244.53 32157.84 62.75
1064.6 51271.85 32178.36 62.76
1068.6 51212.40 32125.51 62.73
1072.5 51129.80 32084.87 62.75
1076.5 51067.99 32055.51 62.77
1080.4 51059.78 32034.03 62.74
1084.4 51173.05 32074.81 62.68
1088.3 51270.71 32095.20 62.60
1092.3 51246.52 32026.46 62.49
1096.2 51213.59 31935.68 62.36
1100.2 51236.75 31821.80 62.11
1104.1 51113.59 31523.80 61.67
1108.1 51042.38 31184.03 61.09
1112.0 50923.58 30814.47 60.51
1116.0 50680.63 30490.85 60.16
1119.9 50469.69 30224.83 59.89
1123.9 50510.21 29949.86 59.29
1127.8 50453.76 29418.24 58.31
1131.8 50410.11 28921.71 57.37
1135.7 50431.75 28807.84 57.12
1139.6 50412.72 29039.06 57.60
1143.6 50359.32 29413.01 58.41
1147.5 50310.97 29773.66 59.18
1151.4 50143.03 29910.66 59.65
1155.4 50134.85 29962.70 59.76
1159.3 50144.08 29924.28 59.68
1163.2 49963.74 29724.35 59.49
1167.2 49935.24 29594.40 59.27
1171.1 49953.49 29488.97 59.03
1175.0 49867.99 29366.24 58.89
1179.0 49819.26 29347.31 58.91
1182.9 49917.95 29492.54 59.08
1186.8 49905.20 29671.29 59.46
1190.7 49670.39 29738.18 59.87
1194.7 49404.69 29742.26 60.20
1198.6 49164.89 29729.70 60.47
1202.5 49001.90 29697.49 60.60
1206.4 48884.92 29635.56 60.62
1210.3 48777.95 29582.04 60.65
1214.2 48660.86 29513.78 60.65
1218.2 48519.81 29414.10 60.62
1222.1 48391.40 29353.83 60.66
1226.0 48286.77 29353.37 60.79
1229.9 48199.26 29376.84 60.95
1233.8 48101.55 29368.78 61.06
1237.7 48042.85 29344.77 61.08
1241.6 47954.67 29242.96 60.98
1245.5 47801.28 29083.17 60.84
1249.4 47677.41 28946.68 60.71
1253.3 47548.54 28787.42 60.54
1257.2 47470.59 28638.33 60.33
1261.1 47367.50 28492.24 60.15
1265.0 47247.17 28381.91 60.07
1268.9 47057.34 28268.26 60.07
1272.8 47119.05 28272.00 60.00
1276.7 47328.98 28337.62 59.87
1280.6 47427.97 28359.43 59.79
1284.5 47354.06 28239.58 59.63
1288.4 47330.17 28139.93 59.45
1292.3 47195.50 27986.75 59.30
1296.2 47036.33 27807.64 59.12
1300.1 46870.36 27602.15 58.89
1303.9 46619.88 27341.84 58.65
1307.8 46362.46 27128.17 58.51
1311.7 46091.30 26943.81 58.46
1315.6 45825.96 26779.10 58.44
1319.5 45558.05 26635.97 58.47
1323.3 45306.73 26497.36 58.48
1327.2 45081.41 26346.41 58.44
1331.1 44830.46 26171.32 58.38
1335.0 44517.46 25930.45 58.25
1338.8 44295.06 25686.44 57.99
1342.7 44103.48 25409.64 57.61
1346.5 43706.23 24919.32 57.02
1350.4 43365.23 24403.58 56.27
1354.3 42904.30 23881.59 55.66
1358.1 42414.00 23457.82 55.31
1362.0 42133.73 23253.05 55.19
1365.8 42044.97 23194.08 55.16
1369.7 42179.02 23190.78 54.98
1373.5 42126.10 22943.66 54.46
1377.4 41845.31 22573.20 53.94
1381.2 41626.26 22362.84 53.72
1385.1 41605.67 22309.09 53.62
1389.0 41500.27 22176.30 53.44
1392.8 41279.89 21943.36 53.16
1396.6 41128.69 21769.44 52.93
1400.5 40917.36 21572.30 52.72
1404.3 40743.76 21416.06 52.56
1408.2 40714.23 21336.37 52.41
1412.0 40658.86 21210.06 52.17
1415.8 40688.80 21093.92 51.84
1419.6 40646.12 20914.81 51.46
1423.5 40609.62 20726.36 51.04
1427.3 40564.30 20551.02 50.66
1431.1 40541.03 20418.15 50.36
1434.9 40441.04 20300.53 50.20
1438.8 40382.86 20242.36 50.13
1442.6 40343.84 20208.85 50.09
1446.4 40196.90 20122.65 50.06
1450.2 40086.31 20056.94 50.03
1454.0 39952.44 19977.36 50.00
1457.8 39925.25 19929.66 49.92
1461.6 39899.87 19873.66 49.81
1465.4 39763.25 19762.08 49.70
1469.2 39564.53 19621.88 49.59
1473.0 39396.65 19520.72 49.55
1476.8 39327.39 19467.79 49.50
1480.7 39262.61 19392.01 49.39
1484.4 39136.20 19263.72 49.22
1488.2 39038.16 19110.96 48.95
1492.0 38896.77 18894.67 48.58
1495.8 38756.90 18616.33 48.03
1499.6 38633.61 18257.07 47.26
1503.4 38493.31 17793.78 46.23
1507.2 38360.25 17296.41 45.09
1510.9 38195.59 16834.46 44.07
1514.7 38022.72 16459.35 43.29
1518.5 37900.97 16176.30 42.68
1522.3 37750.02 15941.00 42.23
1526.0 37629.32 15759.84 41.88
1529.8 37568.00 15656.31 41.67
1533.6 37446.52 15546.95 41.52
1537.3 37311.54 15383.21 41.23
1541.1 37176.81 15208.59 40.91
1544.8 37039.20 15055.20 40.65
1548.6 36901.40 14919.22 40.43
1552.4 36801.24 14763.04 40.12
1556.1 36709.12 14515.43 39.54
1559.9 36606.65 14234.72 38.89
1563.6 36470.47 14004.32 38.40
1567.3 36356.68 13883.51 38.19
1571.1 36135.22 13788.31 38.16
1574.8 35991.19 13732.41 38.15
1578.6 35886.86 13664.14 38.08
1582.3 35744.22 13550.41 37.91
1586.0 35609.35 13417.60 37.68
1589.8 35457.22 13257.06 37.39
1593.5 35302.19 13076.49 37.04
1597.2 35165.05 12900.57 36.69
1600.9 35016.52 12728.69 36.35
1604.7 34867.53 12572.50 36.06
1608.4 34730.61 12429.40 35.79
1612.1 34557.54 12269.72 35.51
1615.8 34413.02 12111.80 35.20
1619.5 34337.68 11968.06 34.85
1623.2 34189.48 11765.84 34.41
1626.9 34000.04 11475.44 33.75
1630.6 33831.60 11076.34 32.74
1634.3 33692.41 10665.80 31.66
1638.0 33541.83 10389.00 30.97
1641.7 33356.57 10323.80 30.95
1645.4 33161.69 10370.81 31.27
1649.1 32972.09 10402.59 31.55
1652.8 32801.54 10348.16 31.55
1656.4 32621.94 10168.83 31.17
1660.1 32453.88 9918.04 30.56
1663.8 32259.22 9637.28 29.87
1667.5 32099.10 9437.60 29.40
1671.1 31958.82 9393.06 29.39
1674.8 31759.13 9467.31 29.81
1678.5 31706.08 9619.09 30.34
1682.1 31722.89 9740.90 30.71
1685.8 31732.56 9821.42 30.95
1689.5 31624.03 9905.70 31.32
1693.1 31483.08 10055.91 31.94
1696.8 31338.13 10238.63 32.67
1700.4 31185.14 10383.14 33.30
1704.0 31062.51 10469.78 33.71
1707.7 30798.04 10437.95 33.89
1711.3 30495.47 10338.54 33.90
1715.0 30277.23 10221.53 33.76
1718.6 30100.95 10072.78 33.46
1722.2 29962.74 9920.96 33.11
1725.9 29812.62 9796.78 32.86
1729.5 29667.76 9731.39 32.80
1733.1 29538.89 9711.15 32.88
1736.7 29414.14 9711.15 33.02
1740.3 29250.14 9685.38 33.11
1744.0 29154.53 9684.63 33.22
1747.5 29000.44 9669.20 33.34
1751.2 28775.51 9613.34 33.41
1754.8 28605.69 9573.39 33.47
1758.4 28462.58 9533.62 33.50
1762.0 28276.20 9465.22 33.47
1765.5 28135.25 9419.83 33.48
1769.1 28084.80 9432.00 33.58
1772.7 28003.71 9458.85 33.78
1776.3 27877.58 9483.35 34.02
1779.9 27744.38 9506.40 34.26
1783.5 27681.76 9552.96 34.51
1787.0 27561.47 9563.67 34.70
1790.6 27400.03 9559.38 34.89
1794.2 27283.58 9570.92 35.08
1797.8 27171.37 9576.31 35.24
1801.3 27078.88 9584.43 35.39
1804.9 26927.25 9557.63 35.49
1808.4 26839.46 9547.01 35.57
1812.0 26683.02 9521.51 35.68
1815.5 26515.64 9482.58 35.76
1819.1 26311.24 9418.39 35.80
1822.6 26144.27 9388.16 35.91
1826.2 26001.22 9377.58 36.07
1829.7 25808.19 9330.22 36.15
1833.2 25554.19 9264.09 36.25
1836.8 25320.75 9236.50 36.48
1840.3 25192.67 9247.28 36.71
1843.8 25093.88 9274.72 36.96
1847.3 25048.77 9313.05 37.18
1850.8 25006.46 9330.05 37.31
1854.3 24882.94 9324.29 37.47
1857.8 24809.20 9308.00 37.52
1861.3 24778.14 9275.46 37.43
1864.8 24674.08 9210.94 37.33
1868.3 24414.78 9151.87 37.48
1871.8 24184.32 9154.56 37.85
1875.3 24125.47 9235.59 38.28
1878.8 24137.81 9273.07 38.42
1882.3 24078.64 9211.61 38.26
1885.8 23884.19 9131.25 38.23
1889.3 23688.44 9024.96 38.10
1892.7 23560.49 8907.12 37.81
1896.2 23413.27 8798.06 37.58
1899.7 23209.25 8672.07 37.36
1903.1 23142.50 8641.25 37.34
1906.6 23284.20 8649.33 37.15
1910.0 23641.63 8756.16 37.04
1913.5 24082.47 9104.01 37.80
1917.0 24628.98 9378.95 38.08
1920.4 25053.95 9614.80 38.38
1923.8 25086.73 9698.76 38.66
1871.2 21828.79 7795.18 35.71
1873.9 21992.11 8000.06 36.38
1876.7 22156.72 8107.82 36.59
1879.5 22368.96 8143.63 36.41
1882.3 22103.08 8056.35 36.45
1885.1 21946.52 7947.64 36.21
1887.8 22068.08 7916.80 35.87
1890.6 21822.87 7851.24 35.98
1893.4 21750.67 7766.00 35.70
1896.2 21682.13 7633.10 35.20
1898.9 21614.52 7521.72 34.80
1901.7 21461.80 7371.43 34.35
1904.5 21657.26 7390.13 34.12
1907.2 21622.00 7329.25 33.90
1910.0 21512.91 7280.49 33.84
1912.7 21473.88 7258.04 33.80
1915.5 21387.02 7203.02 33.68
1918.2 21326.87 7188.87 33.71
1921.0 21159.50 7120.79 33.65
1923.7 21210.60 7156.91 33.74
1926.5 21207.41 7167.92 33.80
1929.2 21180.03 7134.83 33.69
1932.0 21153.04 7135.28 33.73
1934.7 21108.13 7113.17 33.70
1937.4 20985.88 7084.21 33.76
1940.2 20941.69 7108.62 33.94
1942.9 21040.95 7155.75 34.01
1945.6 21034.30 7157.40 34.03
1948.3 20953.04 7150.81 34.13
1951.1 20946.59 7181.86 34.29
1953.8 20949.00 7200.00 34.37
1956.5 20812.26 7164.04 34.42
1959.2 20870.20 7217.86 34.58
1961.9 20880.86 7241.40 34.68
1964.6 20765.50 7211.40 34.73
1967.3 20814.13 7250.53 34.83
1970.0 20648.96 7175.04 34.75
1972.8 20547.54 7130.60 34.70
1975.5 20609.59 7138.14 34.64
1978.2 20556.80 7083.92 34.46
1980.9 20442.90 7019.32 34.34
1983.5 20332.16 6965.46 34.26
1986.2 20335.08 6917.07 34.02
1988.9 20352.54 6867.60 33.74
1991.6 20178.18 6746.34 33.43
1994.3 20021.93 6573.85 32.83
1997.0 20047.82 6450.02 32.17
1999.7 20006.90 6277.46 31.38
2002.3 19987.08 6087.03 30.45
2005.0 19903.66 5920.18 29.74
2007.7 19802.93 5802.13 29.30
2010.4 19742.33 5698.58 28.86
2013.0 19684.56 5550.60 28.20
2015.7 19550.67 5350.86 27.37
2018.4 19445.35 5148.55 26.48
2021.0 19399.83 5051.83 26.04
2023.7 19272.21 5054.08 26.22
2026.4 19215.30 5100.98 26.55
2029.0 19139.02 5167.84 27.00
2031.7 19015.32 5143.23 27.05
2034.3 19009.68 4996.77 26.29
2037.0 18888.65 4838.99 25.62
2039.6 18809.95 4748.91 25.25
2042.3 18768.09 4709.58 25.09
2044.9 18678.50 4790.94 25.65
2047.5 18656.06 4936.80 26.46
2050.2 18564.00 5051.20 27.21
2052.8 18496.80 5171.60 27.96
2055.4 18370.53 5230.71 28.47
2058.1 18222.40 5216.40 28.63
2060.7 18164.71 5218.27 28.73
2063.3 18093.83 5185.99 28.66
2065.9 18025.79 5119.92 28.40
2068.6 17958.79 5066.88 28.21
2071.2 17950.86 5019.21 27.96
2073.8 17825.38 4925.07 27.63
2076.4 17752.17 4855.53 27.35
2079.0 17784.49 4821.96 27.11
2081.6 17757.76 4768.60 26.85
2084.2 17714.42 4715.01 26.62
2086.8 17575.26 4607.36 26.21
2089.4 17476.70 4518.81 25.86
2092.1 17379.67 4428.50 25.48
2094.7 17322.90 4347.68 25.10
2097.2 17308.83 4303.83 24.86
2099.8 17282.11 4270.00 24.71
2102.4 17168.05 4168.33 24.28
2105.0 17051.55 4055.55 23.78
2107.6 16978.92 3962.03 23.34
2110.2 16924.97 3853.30 22.77
2112.8 16902.26 3759.56 22.24
2115.3 16895.66 3666.07 21.70
2117.9 16908.01 3603.87 21.31
2120.5 16886.60 3591.28 21.27
2123.1 16792.43 3606.53 21.48
2125.6 16744.21 3578.42 21.37
2128.2 16658.59 3523.71 21.15
2130.8 16549.65 3498.30 21.14
2133.3 16508.80 3437.87 20.82
2135.9 16408.62 3368.21 20.53
2138.4 16250.87 3320.89 20.44
2141.0 16149.08 3238.04 20.05
2143.6 16130.03 3163.27 19.61
2146.1 15975.72 3102.88 19.42
2148.7 15802.20 3048.26 19.29
2151.2 15798.93 3041.87 19.25
2153.8 15823.36 3084.61 19.49
2156.3 15717.64 3121.67 19.86
2158.8 15646.76 3163.02 20.22
2161.4 15629.12 3240.22 20.73
2163.9 15531.82 3240.22 20.86
2166.4 15439.71 3202.07 20.74
2169.0 15407.19 3207.98 20.82
2171.5 15330.32 3151.81 20.56
2174.0 15229.03 3132.68 20.57
2176.5 15192.19 3154.45 20.76
2179.1 15136.64 3129.12 20.67
2181.6 15050.17 3129.88 20.80
2184.1 15027.32 3166.24 21.07
2186.6 15051.45 3197.96 21.25
2189.1 14948.97 3197.16 21.39
2191.6 14892.73 3211.13 21.56
2194.1 14904.32 3271.84 21.95
2196.6 14914.76 3311.75 22.20
2199.2 14971.93 3352.29 22.39
2201.7 14888.99 3363.19 22.59
2204.1 14839.59 3382.80 22.80
2206.6 14849.13 3450.25 23.24
2209.1 14825.85 3474.63 23.44
2211.6 14838.39 3479.29 23.45
2214.1 14807.49 3505.14 23.67
2216.6 14760.32 3505.86 23.75
2219.1 14771.72 3464.08 23.45
2221.6 14667.09 3452.65 23.54
2224.0 14588.49 3440.43 23.58
2226.5 14584.57 3420.70 23.45
2229.0 14625.21 3433.61 23.48
2231.5 14492.72 3401.04 23.47
2233.9 14462.04 3371.14 23.31
2236.4 14490.44 3350.48 23.12
2238.9 14372.38 3305.38 23.00
2241.3 14369.01 3268.69 22.75
2243.8 14353.46 3237.59 22.56
2246.2 14192.48 3167.24 22.32
2248.7 14165.54 3116.19 22.00
2251.2 14158.84 3040.08 21.47
2253.6 14077.44 2979.84 21.17
2256.1 14069.76 2933.76 20.85
2258.5 14052.82 2881.25 20.50
2260.9 13974.74 2864.75 20.50
2263.4 13979.21 2851.88 20.40
2265.8 13940.32 2846.53 20.42
2268.3 13823.21 2855.46 20.66
2270.7 13902.44 2882.59 20.73
2273.1 13859.69 2887.76 20.84
2275.6 13793.28 2914.56 21.13
2278.0 13820.63 2932.46 21.22
2280.4 13780.88 2963.22 21.50
2282.8 13643.75 2957.95 21.68
2285.3 13694.71 2947.36 21.52
2287.7 13772.94 3010.76 21.86
2290.1 13623.19 2980.81 21.88
2292.5 13587.57 2928.63 21.55
2294.9 13621.40 2892.62 21.24
2297.3 13518.19 2815.96 20.83
2299.7 13416.44 2732.25 20.36
2302.1 13368.12 2655.55 19.86
2304.5 13230.00 2559.76 19.35
2306.9 13132.00 2430.40 18.51
2309.3 13055.89 2378.43 18.22
2311.7 12972.13 2370.70 18.28
2314.1 12811.40 2323.62 18.14
2316.5 12745.90 2320.66 18.21
2318.9 12782.83 2329.53 18.22
2321.3 12752.61 2333.42 18.30
2323.7 12794.64 2352.07 18.38
2326.1 12779.13 2337.40 18.29
2328.4 12774.57 2335.22 18.28
2330.8 12850.78 2400.83 18.68
2333.2 12766.83 2446.29 19.16
2335.6 12679.19 2524.21 19.91
2337.9 12711.97 2591.64 20.39
2340.3 12649.58 2602.97 20.58
2342.7 12593.44 2623.63 20.83
2345.0 12548.90 2679.65 21.35
2347.4 12490.75 2728.50 21.84
2349.7 12332.30 2716.78 22.03
2352.1 12260.35 2787.42 22.74
2354.4 12293.23 2798.22 22.76
2356.8 12267.97 2784.25 22.70
2359.2 12202.67 2790.67 22.87
2361.5 12151.88 2775.08 22.84
2363.8 12147.35 2749.18 22.63
2366.2 12114.60 2745.09 22.66
2368.5 12055.05 2678.90 22.22
2370.9 12078.00 2621.37 21.70
2373.2 12073.55 2581.09 21.38
2375.5 11918.85 2484.23 20.84
2377.9 11847.11 2443.27 20.62
2380.2 11871.10 2469.52 20.80
2382.5 11795.37 2481.30 21.04
2384.8 11725.28 2468.48 21.05
2387.2 11706.77 2517.64 21.51
2389.5 11690.85 2535.54 21.69
2391.8 11683.69 2519.27 21.56
2394.1 11631.16 2471.14 21.25
2396.4 11573.29 2453.04 21.20
2398.7 11628.67 2465.06 21.20
2401.0 11516.91 2482.39 21.55
2403.3 11364.36 2509.92 22.09
2405.6 11396.20 2479.17 21.75
2407.9 11327.61 2489.97 21.98
2410.2 11249.92 2506.67 22.28
2412.5 11215.24 2464.61 21.98
2414.8 11184.03 2485.34 22.22
2417.1 11138.88 2477.60 22.24
2419.4 11144.19 2433.07 21.83
2421.7 11023.23 2365.50 21.46
2424.0 10957.63 2345.80 21.41
2426.2 11021.00 2343.30 21.26
2428.5 10919.43 2233.64 20.46
2430.8 10910.90 2174.55 19.93
2433.1 10869.73 2118.63 19.49
2435.4 10753.59 2075.75 19.30
2437.6 10731.21 2131.70 19.86
2439.9 10623.58 2083.17 19.61
2442.2 10642.87 2042.11 19.19
2444.4 10630.91 1987.19 18.69
2446.7 10506.16 1857.12 17.68
2448.9 10564.25 1800.19 17.04
2451.2 10584.96 1716.48 16.22
2453.4 10444.21 1621.17 15.52
2455.7 10436.14 1514.34 14.51
2457.9 10354.08 1428.57 13.80
2460.2 10295.55 1387.13 13.47
2462.4 10283.52 1385.28 13.47
2464.7 10150.11 1368.91 13.49
2466.9 10098.66 1367.46 13.54
2469.2 10156.77 1432.45 14.10
2471.4 10037.89 1391.78 13.87
2473.6 9935.38 1419.34 14.29
2475.9 9895.84 1496.91 15.13
2478.1 9796.61 1502.97 15.34
2480.3 9746.33 1489.80 15.29
2482.5 9728.88 1494.00 15.36
2484.8 9691.90 1500.02 15.48
2487.0 9643.48 1496.15 15.51
2489.2 9626.45 1500.13 15.58
2491.4 9537.09 1498.58 15.71
2493.6 9539.25 1497.12 15.69
2495.8 9525.76 1512.40 15.88
2498.0 9476.69 1588.91 16.77
2500.2 9528.68 1609.18 16.89
2502.4 9759.12 1633.92 16.74
2504.6 9850.11 1690.20 17.16
2506.8 9985.21 1724.28 17.27
