/*** Spectra Vista SIG Data ***/
name= \My Documents\HR1024_Data\PYR_650[1].
instrument= HR: 1091052
integration= 200, 60, 30, 200, 60, 30
scan time= 1, 1
scan settings= AD, AI, AD, AI
external data set1= 8224, 8224, 8224, 8224, 8224, 8224, 8224, 8224, 8224, 8224, 8224, 8224, 8224, 8224, 8224, 8224
external data set2= 8224, 8224, 8224, 8224, 8224, 8224, 8224, 8224, 8224, 8224, 8224, 8224, 8224, 8224, 8224, 8224
external data dark= 0,0,0,0,0,0,0,0
external data mask= 0
optic= LENS4 , LENS4 
temp= 32.98, 8.88, -5.30, 41.68, 9.01, -5.24
battery= 7.1, 6.6
error= 0, 0
units= Radiance, Radiance
time= 1/26/08 11:56:03 AM, 1/26/08 12:26:10 PM
longitude= , 
latitude= , 
gpstime= , 
comm= 
memory slot= 0, 0
factors= 
data= 
346.4 630.63 417.24 66.16
347.9 683.98 448.66 65.60
349.5 730.08 486.72 66.67
351.1 795.60 530.40 66.67
352.6 847.55 569.25 67.16
354.2 906.48 605.41 66.79
355.7 986.68 666.77 67.58
357.3 1040.25 696.97 67.00
358.8 1065.98 733.95 68.85
360.4 1143.19 780.89 68.31
361.9 1187.53 811.42 68.33
363.5 1239.58 855.24 68.99
365.1 1293.38 894.62 69.17
366.6 1353.38 942.53 69.64
368.2 1426.94 997.18 69.88
369.7 1498.64 1057.86 70.59
371.3 1600.16 1129.33 70.58
372.8 1673.28 1191.88 71.23
374.4 1748.85 1244.89 71.18
375.9 1797.33 1287.59 71.64
377.4 1870.19 1333.53 71.30
379.0 1934.96 1381.21 71.38
380.5 1988.07 1427.96 71.83
382.1 2033.04 1462.73 71.95
383.6 2120.58 1516.73 71.52
385.2 2208.25 1581.25 71.61
386.7 2301.38 1665.11 72.35
388.3 2426.73 1747.35 72.00
389.8 2519.91 1825.43 72.44
391.3 2626.26 1904.94 72.53
392.9 2697.06 1954.52 72.47
394.4 2771.65 2014.93 72.70
395.9 2873.10 2094.38 72.90
397.5 3029.74 2212.55 73.03
399.0 3151.80 2302.05 73.04
400.6 3234.69 2365.88 73.14
402.1 3274.02 2414.88 73.76
403.6 3322.94 2464.63 74.17
405.1 3409.22 2511.22 73.66
406.7 3528.00 2614.08 74.10
408.2 3644.19 2706.41 74.27
409.7 3754.24 2786.56 74.22
411.3 3867.08 2880.23 74.48
412.8 3976.86 2962.50 74.49
414.3 4099.56 3066.72 74.81
415.8 4220.00 3160.00 74.88
417.4 4361.72 3273.82 75.06
418.9 4457.86 3354.78 75.26
420.4 4558.78 3429.68 75.23
421.9 4636.72 3496.90 75.42
423.5 4707.36 3558.54 75.60
425.0 4796.17 3616.23 75.40
426.5 4895.55 3698.00 75.54
428.0 5034.78 3809.44 75.66
429.5 5188.33 3918.40 75.52
431.1 5363.82 4040.28 75.32
432.6 5552.18 4187.21 75.42
434.1 5732.65 4327.40 75.49
435.6 5890.14 4440.83 75.39
437.1 6052.80 4564.95 75.42
438.6 6197.61 4664.91 75.27
440.1 6347.97 4773.86 75.20
441.6 6494.11 4884.10 75.21
443.1 6656.18 5003.78 75.17
444.7 6793.83 5116.95 75.32
446.2 6914.93 5190.93 75.07
447.7 7037.77 5288.03 75.14
449.2 7173.36 5382.72 75.04
450.7 7292.48 5470.40 75.01
452.2 7429.67 5568.81 74.95
453.7 7576.65 5684.35 75.02
455.2 7765.17 5814.01 74.87
456.7 7990.40 5984.00 74.89
458.2 8239.46 6173.92 74.93
459.7 8510.25 6370.00 74.85
461.2 8764.99 6553.45 74.77
462.7 8985.80 6721.45 74.80
464.2 9215.88 6880.80 74.66
465.7 9451.34 7055.65 74.65
467.2 9653.88 7205.28 74.64
468.7 9860.00 7350.00 74.54
470.2 10000.52 7456.26 74.56
471.7 10219.63 7592.88 74.30
473.2 10551.31 7840.18 74.31
474.6 10836.41 8046.49 74.25
476.1 10924.36 8132.32 74.44
477.6 10960.04 8172.56 74.57
479.1 11023.85 8203.93 74.42
480.6 11109.78 8251.79 74.28
482.1 11255.33 8357.78 74.26
483.6 11435.12 8491.32 74.26
485.1 11655.27 8645.84 74.18
486.6 11911.43 8840.49 74.22
488.0 12195.63 9039.88 74.12
489.5 12483.95 9255.57 74.14
491.0 12777.45 9471.83 74.13
492.5 13078.26 9690.84 74.10
494.0 13380.84 9914.64 74.10
495.4 13642.20 10107.90 74.09
496.9 13904.42 10308.91 74.14
498.4 14171.30 10501.96 74.11
499.9 14439.02 10701.74 74.12
501.4 14680.69 10887.06 74.16
502.8 14919.13 11065.72 74.17
504.3 15134.40 11226.60 74.18
505.8 15347.35 11392.64 74.23
507.2 15489.44 11504.38 74.27
508.7 15598.86 11594.71 74.33
510.2 15690.64 11669.62 74.37
511.6 15752.95 11726.59 74.44
513.1 15872.56 11825.88 74.51
514.6 16004.87 11936.68 74.58
516.0 16136.97 12035.44 74.58
517.5 16322.55 12187.85 74.67
519.0 16545.71 12363.01 74.72
520.5 16764.08 12549.28 74.86
521.9 17039.29 12771.00 74.95
523.4 17355.20 13024.77 75.05
524.8 17660.07 13275.96 75.18
526.3 18013.36 13563.60 75.30
527.8 18358.47 13856.72 75.48
529.2 18674.36 14112.60 75.57
530.7 19031.03 14398.54 75.66
532.1 19344.85 14658.26 75.77
533.6 19707.77 14946.51 75.84
535.0 20079.68 15251.20 75.95
536.5 20419.92 15528.24 76.04
538.0 20792.00 15822.16 76.10
539.4 21127.02 16095.50 76.18
540.9 21551.03 16445.42 76.31
542.3 21923.06 16748.05 76.39
543.8 22174.34 16971.21 76.54
545.2 22231.45 17042.47 76.66
546.6 22222.15 17046.81 76.71
548.1 22214.03 17062.32 76.81
549.5 22226.58 17069.71 76.80
551.0 22212.49 17074.60 76.87
552.4 22245.44 17115.10 76.94
553.9 22258.65 17128.51 76.95
555.3 22290.26 17177.94 77.06
556.8 22401.11 17278.40 77.13
558.2 22512.94 17377.88 77.19
559.6 22672.30 17509.89 77.23
561.1 22889.75 17697.88 77.32
562.5 23127.28 17906.34 77.43
564.0 23454.83 18175.20 77.49
565.4 23755.76 18431.27 77.59
566.8 24132.47 18745.80 77.68
568.3 24488.54 19046.12 77.78
569.7 24876.90 19366.64 77.85
571.1 25245.29 19671.62 77.92
572.6 25607.34 19984.32 78.04
574.0 25974.30 20285.10 78.10
575.4 26319.94 20575.69 78.18
576.9 26649.32 20843.71 78.21
578.3 26932.26 21090.71 78.31
579.7 27212.85 21325.08 78.36
581.1 27427.97 21516.46 78.45
582.6 27669.82 21727.72 78.52
584.0 27882.24 21899.60 78.54
585.4 28177.77 22163.91 78.66
586.8 28576.31 22497.12 78.73
588.3 29013.66 22868.82 78.82
589.7 29383.38 23182.38 78.90
591.1 29621.38 23384.21 78.94
592.5 29726.99 23471.18 78.96
594.0 29770.20 23514.24 78.99
595.4 29770.08 23500.40 78.94
596.8 29766.17 23492.04 78.92
598.2 29744.67 23480.08 78.94
599.6 29714.85 23459.31 78.95
601.0 29771.81 23504.81 78.95
602.4 29816.58 23540.03 78.95
603.9 29909.17 23627.44 79.00
605.3 30024.63 23727.71 79.03
606.7 30119.40 23803.20 79.03
608.1 30316.50 23958.43 79.03
609.5 30539.01 24139.40 79.04
610.9 30814.99 24369.33 79.08
612.3 31075.20 24568.00 79.06
613.7 31428.96 24842.72 79.04
615.1 31662.90 25012.80 79.00
616.5 31902.59 25196.90 78.98
617.9 32288.77 25511.80 79.01
619.3 32666.57 25810.01 79.01
620.7 33128.50 26192.07 79.06
622.1 33560.89 26432.09 78.76
623.5 34032.77 26670.71 78.37
624.9 34565.21 27064.54 78.30
626.3 34922.45 27382.07 78.41
627.7 34564.35 27160.23 78.58
629.1 34256.15 26882.63 78.48
630.5 34133.81 26831.03 78.61
631.9 34173.45 26853.38 78.58
633.3 34221.59 26826.37 78.39
634.7 34406.41 27010.50 78.50
636.1 34488.04 27203.25 78.88
637.5 34613.12 27364.84 79.06
638.9 34796.83 27446.57 78.88
640.2 34954.01 27498.48 78.67
641.6 35055.54 27539.46 78.56
643.0 35067.41 27522.19 78.48
644.4 35115.49 27626.33 78.67
645.8 35070.53 27662.53 78.88
647.2 35256.78 28071.55 79.62
648.5 35391.08 28619.89 80.87
649.9 35282.13 28926.89 81.99
651.3 35212.95 29077.65 82.58
652.7 35080.35 29207.70 83.26
654.1 34845.90 28838.58 82.76
655.5 34548.82 28354.68 82.07
656.8 34274.04 27933.25 81.50
658.2 34439.22 27919.24 81.07
659.6 34825.18 28109.98 80.72
660.9 35139.54 28312.64 80.57
662.3 35443.63 28526.40 80.48
663.7 35746.20 28698.60 80.28
665.0 36012.67 28865.53 80.15
666.4 36257.27 29077.27 80.20
667.8 36589.28 29341.29 80.19
669.1 36867.26 29525.71 80.09
670.5 37195.97 29785.78 80.08
671.9 37380.96 29949.24 80.12
673.2 37662.77 30173.98 80.12
674.6 37922.97 30395.51 80.15
676.0 38225.19 30654.35 80.19
677.3 38533.34 30894.97 80.18
678.7 38864.13 31148.25 80.15
680.0 39305.58 31511.58 80.17
681.4 39779.73 31885.43 80.15
682.8 40233.38 32270.88 80.21
684.1 40676.22 32633.64 80.23
685.5 41092.36 32986.33 80.27
686.8 41490.36 33310.86 80.29
688.2 41836.80 33556.02 80.21
689.5 41943.86 33651.14 80.23
690.9 42017.36 33721.18 80.26
692.2 42092.85 33759.45 80.20
693.6 42157.83 33812.71 80.21
694.9 42109.57 33785.73 80.23
696.2 42121.91 33805.69 80.26
697.6 42142.24 33808.36 80.22
698.9 42160.80 33836.88 80.26
700.3 42212.70 33892.98 80.29
701.6 42275.21 33948.81 80.30
703.0 42340.09 33984.10 80.26
704.3 42340.84 33951.13 80.19
705.6 42307.56 33943.14 80.23
707.0 42304.76 33928.34 80.20
708.3 42205.58 33827.05 80.15
709.6 42077.70 33718.93 80.13
711.0 41902.11 33573.13 80.12
712.3 41730.30 33423.85 80.09
713.6 41662.74 33351.36 80.05
714.9 41546.10 33307.39 80.17
716.3 41517.29 33265.81 80.13
717.6 41513.92 33266.52 80.13
718.9 41427.26 33174.40 80.08
720.2 41191.85 32992.61 80.09
721.6 41046.72 32872.06 80.08
722.9 40841.06 32729.58 80.14
724.2 40588.46 32490.59 80.05
725.5 40381.61 32347.22 80.10
726.8 40196.01 32182.87 80.06
728.1 40102.16 32120.90 80.10
729.5 40009.55 32049.12 80.10
730.8 39945.60 32023.28 80.17
732.1 39850.55 31945.48 80.16
733.4 39793.17 31919.54 80.21
734.7 39729.39 31874.91 80.23
736.0 39732.49 31897.39 80.28
737.3 39673.91 31888.76 80.38
738.6 39788.18 31995.17 80.41
739.9 39986.32 32175.38 80.47
741.2 40139.19 32298.63 80.47
742.5 40421.44 32538.21 80.50
743.8 40915.88 32966.59 80.57
745.1 41627.68 33558.24 80.62
746.4 42484.72 34232.38 80.58
747.7 43357.88 34953.17 80.62
749.0 44203.37 35643.39 80.63
750.3 44693.01 35986.30 80.52
751.6 44609.70 35923.86 80.53
752.9 44168.69 35587.28 80.57
754.2 43669.08 35186.55 80.58
755.4 43127.05 34754.70 80.59
756.7 42940.36 34661.88 80.72
758.0 42963.66 34735.41 80.85
759.3 43246.58 34985.86 80.90
760.6 43631.28 35321.44 80.95
761.9 43987.93 35651.73 81.05
763.1 44205.00 35790.26 80.96
764.4 44447.50 36028.13 81.06
765.7 44632.25 36227.75 81.17
767.0 44781.90 36320.90 81.11
768.2 44909.76 36445.92 81.15
769.5 44994.81 36574.09 81.29
770.8 45181.96 36709.03 81.25
772.0 45202.30 36736.84 81.27
773.3 45281.34 36836.18 81.35
774.6 45399.45 36956.37 81.40
775.8 45492.85 36982.56 81.29
777.1 45515.93 37013.54 81.32
778.4 45431.52 36977.17 81.39
779.6 45395.43 36961.65 81.42
780.9 45316.00 36900.00 81.43
782.1 45111.08 36750.24 81.47
783.4 45111.04 36728.64 81.42
784.6 45106.92 36739.52 81.45
785.9 45393.88 37022.46 81.56
787.1 45996.98 37518.78 81.57
788.4 46441.69 37843.20 81.49
789.6 46399.50 37681.44 81.21
790.9 45932.90 37258.45 81.11
792.1 45403.52 36824.48 81.10
793.4 44896.14 36432.59 81.15
794.6 44551.89 36149.25 81.14
795.8 44231.81 35879.54 81.12
797.1 43906.28 35620.95 81.13
798.3 43659.83 35446.95 81.19
799.5 43520.02 35343.34 81.21
800.8 43336.38 35200.36 81.23
802.0 43170.52 35048.08 81.19
803.2 42985.20 34907.96 81.21
804.5 42855.21 34764.46 81.12
805.7 42692.40 34637.83 81.13
806.9 42512.38 34507.65 81.17
808.1 42409.86 34432.53 81.19
809.4 42316.73 34362.49 81.20
810.6 42192.15 34266.05 81.21
811.8 42172.17 34248.03 81.21
813.0 42163.23 34252.16 81.24
814.2 42178.96 34274.77 81.26
815.4 42279.13 34346.50 81.24
816.6 42301.14 34351.61 81.21
817.9 42349.13 34382.27 81.19
819.1 42261.23 34296.43 81.15
820.3 42104.76 34146.74 81.10
821.5 41970.20 34070.26 81.18
822.7 41937.17 34035.63 81.16
823.9 41911.59 34029.14 81.19
825.1 41906.00 34034.96 81.22
826.3 41927.28 34032.41 81.17
827.5 41996.16 34110.80 81.22
828.7 42070.56 34136.16 81.14
829.9 42094.44 34170.29 81.18
831.0 42223.46 34255.73 81.13
832.2 42314.37 34349.80 81.18
833.4 42402.89 34433.15 81.20
834.6 42482.81 34518.75 81.25
835.8 42572.25 34577.55 81.22
837.0 42673.89 34678.80 81.26
838.1 42851.66 34820.89 81.26
839.3 42953.40 34883.81 81.21
840.5 43102.99 35017.79 81.24
841.7 43251.71 35169.80 81.31
842.9 43400.31 35319.82 81.38
844.0 43549.44 35435.47 81.37
845.2 43705.60 35582.76 81.41
846.4 43839.60 35678.77 81.38
847.5 44086.39 35887.85 81.40
848.7 44310.84 36041.88 81.34
849.9 44519.86 36140.53 81.18
851.0 44600.35 36192.66 81.15
852.2 44693.32 36223.50 81.05
853.3 44699.49 36213.60 81.02
854.5 44750.58 36260.30 81.03
855.6 44778.78 36234.27 80.92
856.8 44851.95 36252.29 80.83
857.9 44871.50 36286.00 80.87
859.1 45012.00 36369.20 80.80
860.2 45071.56 36373.76 80.70
861.4 45164.68 36422.10 80.64
862.5 45221.87 36439.67 80.58
863.7 45380.27 36524.46 80.49
864.8 45412.85 36528.45 80.44
865.9 45403.93 36463.49 80.31
867.1 45474.25 36476.63 80.21
868.2 45524.97 36542.34 80.27
869.3 45589.41 36530.79 80.13
870.5 45539.97 36449.14 80.04
871.6 45562.59 36534.26 80.18
872.7 45700.60 36675.42 80.25
873.9 45747.35 36677.14 80.17
875.0 45745.04 36685.56 80.20
876.1 45783.66 36748.63 80.27
877.2 45820.13 36750.09 80.21
878.3 45822.65 36790.34 80.29
879.4 45871.99 36837.22 80.30
880.5 45962.28 36895.68 80.27
881.7 45908.85 36858.90 80.29
882.8 46012.72 36889.43 80.17
883.9 46073.21 36877.83 80.04
885.0 46039.40 36856.37 80.05
886.1 46025.94 36738.44 79.82
887.2 45905.76 36575.54 79.68
888.3 45807.80 36491.57 79.66
889.4 45707.30 36367.90 79.57
890.5 45592.32 36236.12 79.48
891.6 45545.58 36225.34 79.54
892.7 45554.16 36199.05 79.46
893.8 45579.45 36203.73 79.43
894.9 45613.48 36200.45 79.36
896.0 45529.58 36141.00 79.38
897.0 45627.02 36163.70 79.26
898.1 45583.05 36156.24 79.32
899.2 45607.22 36192.50 79.36
900.3 45541.50 36095.16 79.26
901.4 45412.27 35984.77 79.24
902.4 45437.06 36052.29 79.35
903.5 45388.81 35985.89 79.28
904.6 45388.82 36003.62 79.32
905.7 45374.76 35971.66 79.28
906.7 45323.04 36006.00 79.44
907.8 45383.91 35960.41 79.24
908.9 45302.99 35877.01 79.19
909.9 45307.76 35877.19 79.19
911.0 45202.77 35866.03 79.34
912.1 45152.49 35819.07 79.33
913.1 45072.56 35686.56 79.18
914.2 44921.94 35649.65 79.36
915.2 44915.04 35634.33 79.34
916.3 44853.15 35647.35 79.48
917.3 44875.31 35621.42 79.38
918.4 44790.35 35480.23 79.21
919.4 44699.60 35487.09 79.39
920.5 44708.24 35452.56 79.30
921.5 44702.98 35441.14 79.28
922.6 44636.74 35389.20 79.28
923.6 44687.86 35418.24 79.26
924.7 44720.00 35421.25 79.21
925.7 44710.62 35436.18 79.26
926.7 44757.60 35433.10 79.17
927.8 44773.30 35419.67 79.11
928.8 44894.28 35539.44 79.16
929.9 45005.21 35644.67 79.20
930.9 45213.30 35771.03 79.12
931.9 45414.99 35958.34 79.18
932.9 45762.26 36200.34 79.11
934.0 45803.71 36207.08 79.05
935.0 45810.36 36301.88 79.24
936.0 45840.15 36281.24 79.15
937.0 45795.75 36267.86 79.19
938.1 45737.41 36229.19 79.21
939.1 45690.54 36196.71 79.22
940.1 45792.08 36286.46 79.24
941.1 45974.44 36501.52 79.40
942.1 46240.75 36730.15 79.43
943.1 46430.63 36868.03 79.40
944.1 46685.58 37081.03 79.43
945.2 46780.86 37133.04 79.38
946.2 46886.15 37150.08 79.23
947.2 46973.00 37302.88 79.41
948.2 47156.13 37461.11 79.44
949.2 47321.63 37570.00 79.39
950.2 47306.35 37583.75 79.45
951.2 47423.88 37670.64 79.43
952.2 47533.98 37786.03 79.49
953.2 47748.84 37944.73 79.47
954.2 47923.43 38094.53 79.49
955.2 47900.28 38052.91 79.44
956.2 47872.99 38072.96 79.53
957.2 47942.90 38204.25 79.69
958.2 48058.20 38208.47 79.50
959.2 48218.40 38295.00 79.42
960.1 48234.68 38397.12 79.60
961.1 48358.04 38470.58 79.55
962.1 48485.63 38528.44 79.46
963.1 48452.08 38619.37 79.71
964.1 48561.50 38643.75 79.58
965.1 48761.92 38844.56 79.66
966.1 48787.80 38872.86 79.68
967.0 48997.06 38942.75 79.48
968.0 48996.14 39038.93 79.68
969.0 49091.60 39055.00 79.56
970.0 49111.31 39134.54 79.69
971.0 49170.03 39304.13 79.94
971.9 49289.72 39275.90 79.68
972.9 49420.88 39364.59 79.65
973.9 49398.70 39411.13 79.78
974.9 49421.14 39375.32 79.67
975.8 49584.23 39281.38 79.22
976.8 49645.86 39386.72 79.34
977.8 49761.42 39503.30 79.39
978.8 49883.25 39566.10 79.32
979.7 50017.88 39493.59 78.96
980.7 50024.37 39685.47 79.33
981.7 50216.51 39825.39 79.31
982.6 50458.51 39992.33 79.26
983.6 51132.02 40412.52 79.04
984.6 51562.39 40815.19 79.16
985.5 52257.60 41531.04 79.47
986.5 53039.20 41972.90 79.14
987.5 54168.11 42894.54 79.19
988.4 55057.20 43533.60 79.07
989.4 56551.39 44317.31 78.37
990.4 58242.03 45688.61 78.45
991.3 59136.61 46866.19 79.25
992.3 60254.81 46756.17 77.60
993.2 62830.60 49142.51 78.21
994.2 63759.15 49337.44 77.38
995.2 64907.22 50359.05 77.59
996.1 65710.99 50429.36 76.74
997.1 66771.58 50160.11 75.12
998.0 65779.20 50362.20 76.56
999.0 67569.18 50225.22 74.33
1000.0 65627.63 51002.04 77.71
1000.9 66106.32 50760.21 76.79
1001.9 66896.78 50273.94 75.15
1002.8 66066.52 49340.82 74.68
1003.8 66771.11 50187.44 75.16
1004.8 64803.12 51112.32 78.87
961.5 59942.22 43119.73 71.94
965.5 58683.65 42818.59 72.97
969.5 56453.82 41953.70 74.32
973.4 54183.76 40840.67 75.37
977.4 52184.81 39869.55 76.40
981.4 51194.56 39390.73 76.94
985.3 50809.00 39099.98 76.95
989.3 50771.60 38883.85 76.59
993.3 50798.35 38643.64 76.07
997.2 50697.53 38330.67 75.61
1001.2 50579.49 38094.81 75.32
1005.2 50486.54 37960.65 75.19
1009.1 50560.95 38007.36 75.17
1013.1 50727.98 38157.15 75.22
1017.1 50849.68 38241.32 75.20
1021.0 50849.88 38178.06 75.08
1025.0 50810.76 38086.07 74.96
1029.0 50630.25 37883.34 74.82
1032.9 50480.43 37715.08 74.71
1036.9 50465.40 37660.59 74.63
1040.9 50583.57 37703.85 74.54
1044.8 50808.96 37834.54 74.46
1048.8 51011.12 37955.02 74.41
1052.7 51152.74 38034.18 74.35
1056.7 51218.34 38054.55 74.30
1060.7 51244.53 38075.00 74.30
1064.6 51271.85 38076.04 74.26
1068.6 51212.40 38014.50 74.23
1072.5 51129.80 37955.53 74.23
1076.5 51067.99 37928.18 74.27
1080.4 51059.78 37917.39 74.26
1084.4 51173.05 37970.54 74.20
1088.3 51270.71 38010.25 74.14
1092.3 51246.52 37946.76 74.05
1096.2 51213.59 37844.30 73.90
1100.2 51236.75 37721.17 73.62
1104.1 51113.59 37382.31 73.14
1108.1 51042.38 36935.80 72.36
1112.0 50923.58 36437.49 71.55
1116.0 50680.63 36010.13 71.05
1119.9 50469.69 35657.81 70.65
1123.9 50510.21 35320.82 69.93
1127.8 50453.76 34690.56 68.76
1131.8 50410.11 34065.21 67.58
1135.7 50431.75 33857.85 67.14
1139.6 50412.72 34111.42 67.66
1143.6 50359.32 34597.78 68.70
1147.5 50310.97 35045.69 69.66
1151.4 50143.03 35221.10 70.24
1155.4 50134.85 35315.02 70.44
1159.3 50144.08 35280.11 70.36
1163.2 49963.74 35045.98 70.14
1167.2 49935.24 34890.24 69.87
1171.1 49953.49 34779.52 69.62
1175.0 49867.99 34654.32 69.49
1179.0 49819.26 34644.05 69.54
1182.9 49917.95 34858.30 69.83
1186.8 49905.20 35080.01 70.29
1190.7 49670.39 35151.14 70.77
1194.7 49404.69 35183.76 71.22
1198.6 49164.89 35183.61 71.56
1202.5 49001.90 35144.45 71.72
1206.4 48884.92 35071.04 71.74
1210.3 48777.95 34986.65 71.73
1214.2 48660.86 34882.38 71.68
1218.2 48519.81 34767.55 71.66
1222.1 48391.40 34692.08 71.69
1226.0 48286.77 34676.27 71.81
1229.9 48199.26 34706.52 72.01
1233.8 48101.55 34719.66 72.18
1237.7 48042.85 34692.81 72.21
1241.6 47954.67 34597.00 72.15
1245.5 47801.28 34418.25 72.00
1249.4 47677.41 34226.86 71.79
1253.3 47548.54 34039.59 71.59
1257.2 47470.59 33876.87 71.36
1261.1 47367.50 33711.88 71.17
1265.0 47247.17 33579.13 71.07
1268.9 47057.34 33432.46 71.05
1272.8 47119.05 33444.75 70.98
1276.7 47328.98 33523.03 70.83
1280.6 47427.97 33524.18 70.68
1284.5 47354.06 33391.40 70.51
1288.4 47330.17 33281.07 70.32
1292.3 47195.50 33096.25 70.13
1296.2 47036.33 32890.97 69.93
1300.1 46870.36 32652.85 69.67
1303.9 46619.88 32358.25 69.41
1307.8 46362.46 32100.71 69.24
1311.7 46091.30 31887.44 69.18
1315.6 45825.96 31707.10 69.19
1319.5 45558.05 31540.19 69.23
1323.3 45306.73 31371.63 69.24
1327.2 45081.41 31190.03 69.19
1331.1 44830.46 30952.48 69.04
1335.0 44517.46 30636.14 68.82
1338.8 44295.06 30354.48 68.53
1342.7 44103.48 30034.24 68.10
1346.5 43706.23 29468.37 67.42
1350.4 43365.23 28880.54 66.60
1354.3 42904.30 28242.58 65.83
1358.1 42414.00 27697.95 65.30
1362.0 42133.73 27408.84 65.05
1365.8 42044.97 27296.84 64.92
1369.7 42179.02 27277.49 64.67
1373.5 42126.10 27033.25 64.17
1377.4 41845.31 26623.48 63.62
1381.2 41626.26 26346.32 63.29
1385.1 41605.67 26239.01 63.07
1389.0 41500.27 26055.88 62.78
1392.8 41279.89 25777.83 62.45
1396.6 41128.69 25551.50 62.13
1400.5 40917.36 25304.25 61.84
1404.3 40743.76 25109.33 61.63
1408.2 40714.23 25009.51 61.43
1412.0 40658.86 24855.81 61.13
1415.8 40688.80 24707.84 60.72
1419.6 40646.12 24486.62 60.24
1423.5 40609.62 24258.86 59.74
1427.3 40564.30 24043.99 59.27
1431.1 40541.03 23884.73 58.91
1434.9 40441.04 23746.56 58.72
1438.8 40382.86 23668.56 58.61
1442.6 40343.84 23610.84 58.52
1446.4 40196.90 23504.09 58.47
1450.2 40086.31 23418.92 58.42
1454.0 39952.44 23317.56 58.36
1457.8 39925.25 23266.43 58.27
1461.6 39899.87 23198.08 58.14
1465.4 39763.25 23061.46 58.00
1469.2 39564.53 22900.15 57.88
1473.0 39396.65 22783.66 57.83
1476.8 39327.39 22718.49 57.77
1480.7 39262.61 22635.03 57.65
1484.4 39136.20 22483.08 57.45
1488.2 39038.16 22298.40 57.12
1492.0 38896.77 22044.16 56.67
1495.8 38756.90 21721.70 56.05
1499.6 38633.61 21299.53 55.13
1503.4 38493.31 20777.33 53.98
1507.2 38360.25 20234.36 52.75
1510.9 38195.59 19730.40 51.66
1514.7 38022.72 19285.25 50.72
1518.5 37900.97 18939.88 49.97
1522.3 37750.02 18662.98 49.44
1526.0 37629.32 18452.75 49.04
1529.8 37568.00 18310.97 48.74
1533.6 37446.52 18156.83 48.49
1537.3 37311.54 17983.49 48.20
1541.1 37176.81 17799.02 47.88
1544.8 37039.20 17623.20 47.58
1548.6 36901.40 17436.21 47.25
1552.4 36801.24 17209.04 46.76
1556.1 36709.12 16910.97 46.07
1559.9 36606.65 16585.63 45.31
1563.6 36470.47 16312.09 44.73
1567.3 36356.68 16154.01 44.43
1571.1 36135.22 16035.42 44.38
1574.8 35991.19 15971.42 44.38
1578.6 35886.86 15889.75 44.28
1582.3 35744.22 15753.07 44.07
1586.0 35609.35 15600.36 43.81
1589.8 35457.22 15408.02 43.46
1593.5 35302.19 15173.43 42.98
1597.2 35165.05 14963.03 42.55
1600.9 35016.52 14780.85 42.21
1604.7 34867.53 14605.43 41.89
1608.4 34730.61 14448.03 41.60
1612.1 34557.54 14264.21 41.28
1615.8 34413.02 14065.48 40.87
1619.5 34337.68 13886.42 40.44
1623.2 34189.48 13653.58 39.94
1626.9 34000.04 13328.27 39.20
1630.6 33831.60 12881.66 38.08
1634.3 33692.41 12397.09 36.79
1638.0 33541.83 12052.59 35.93
1641.7 33356.57 11947.55 35.82
1645.4 33161.69 11996.33 36.18
1649.1 32972.09 12033.57 36.50
1652.8 32801.54 11977.34 36.51
1656.4 32621.94 11779.03 36.11
1660.1 32453.88 11479.32 35.37
1663.8 32259.22 11148.54 34.56
1667.5 32099.10 10909.01 33.99
1671.1 31958.82 10836.70 33.91
1674.8 31759.13 10909.11 34.35
1678.5 31706.08 11086.73 34.97
1682.1 31722.89 11234.46 35.41
1685.8 31732.56 11322.64 35.68
1689.5 31624.03 11406.20 36.07
1693.1 31483.08 11584.56 36.80
1696.8 31338.13 11803.75 37.67
1700.4 31185.14 11974.31 38.40
1704.0 31062.51 12103.52 38.97
1707.7 30798.04 12080.89 39.23
1711.3 30495.47 11951.47 39.19
1715.0 30277.23 11821.10 39.04
1718.6 30100.95 11666.12 38.76
1722.2 29962.74 11488.57 38.34
1725.9 29812.62 11333.86 38.02
1729.5 29667.76 11245.91 37.91
1733.1 29538.89 11232.12 38.02
1736.7 29414.14 11234.52 38.19
1740.3 29250.14 11201.42 38.30
1744.0 29154.53 11198.90 38.41
1747.5 29000.44 11168.36 38.51
1751.2 28775.51 11106.46 38.60
1754.8 28605.69 11073.56 38.71
1758.4 28462.58 11023.62 38.73
1762.0 28276.20 10936.84 38.68
1765.5 28135.25 10889.06 38.70
1769.1 28084.80 10905.60 38.83
1772.7 28003.71 10930.82 39.03
1776.3 27877.58 10952.26 39.29
1779.9 27744.38 10984.96 39.59
1783.5 27681.76 11040.96 39.89
1787.0 27561.47 11063.07 40.14
1790.6 27400.03 11060.96 40.37
1794.2 27283.58 11068.51 40.57
1797.8 27171.37 11069.72 40.74
1801.3 27078.88 11071.94 40.89
1804.9 26927.25 11046.00 41.02
1808.4 26839.46 11046.99 41.16
1812.0 26683.02 11014.76 41.28
1815.5 26515.64 10961.54 41.34
1819.1 26311.24 10896.23 41.41
1822.6 26144.27 10860.02 41.54
1826.2 26001.22 10848.52 41.72
1829.7 25808.19 10813.20 41.90
1833.2 25554.19 10742.76 42.04
1836.8 25320.75 10692.05 42.23
1840.3 25192.67 10715.67 42.53
1843.8 25093.88 10773.63 42.93
1847.3 25048.77 10857.28 43.34
1850.8 25006.46 10922.69 43.68
1854.3 24882.94 10946.50 43.99
1857.8 24809.20 10956.40 44.16
1861.3 24778.14 10939.22 44.15
1864.8 24674.08 10817.50 43.84
1868.3 24414.78 10650.25 43.62
1871.8 24184.32 10583.04 43.76
1875.3 24125.47 10612.42 43.99
1878.8 24137.81 10649.72 44.12
1882.3 24078.64 10629.38 44.14
1885.8 23884.19 10512.58 44.01
1889.3 23688.44 10409.57 43.94
1892.7 23560.49 10279.49 43.63
1896.2 23413.27 10129.35 43.26
1899.7 23209.25 10015.47 43.15
1903.1 23142.50 9999.53 43.21
1906.6 23284.20 10109.61 43.42
1910.0 23641.63 10319.76 43.65
1913.5 24082.47 10551.74 43.82
1917.0 24628.98 10929.80 44.38
1920.4 25053.95 11232.68 44.83
1923.8 25086.73 11270.06 44.92
1871.2 21828.79 9386.27 43.00
1873.9 21992.11 9589.33 43.60
1876.7 22156.72 9685.45 43.71
1879.5 22368.96 9742.08 43.55
1882.3 22103.08 9608.08 43.47
1885.1 21946.52 9507.86 43.32
1887.8 22068.08 9500.16 43.05
1890.6 21822.87 9356.00 42.87
1893.4 21750.67 9298.67 42.75
1896.2 21682.13 9173.47 42.31
1898.9 21614.52 9031.21 41.78
1901.7 21461.80 8888.04 41.41
1904.5 21657.26 8892.49 41.06
1907.2 21622.00 8825.50 40.82
1910.0 21512.91 8694.22 40.41
1912.7 21473.88 8635.19 40.21
1915.5 21387.02 8602.98 40.23
1918.2 21326.87 8520.01 39.95
1921.0 21159.50 8434.23 39.86
1923.7 21210.60 8470.90 39.94
1926.5 21207.41 8464.08 39.91
1929.2 21180.03 8459.19 39.94
1932.0 21153.04 8424.56 39.83
1934.7 21108.13 8391.97 39.76
1937.4 20985.88 8355.89 39.82
1940.2 20941.69 8380.98 40.02
1942.9 21040.95 8455.97 40.19
1945.6 21034.30 8498.28 40.40
1948.3 20953.04 8498.54 40.56
1951.1 20946.59 8485.19 40.51
1953.8 20949.00 8514.00 40.64
1956.5 20812.26 8508.80 40.88
1959.2 20870.20 8557.38 41.00
1961.9 20880.86 8573.46 41.06
1964.6 20765.50 8559.08 41.22
1967.3 20814.13 8594.43 41.29
1970.0 20648.96 8521.84 41.27
1972.8 20547.54 8469.06 41.22
1975.5 20609.59 8469.77 41.10
1978.2 20556.80 8406.68 40.89
1980.9 20442.90 8336.90 40.78
1983.5 20332.16 8277.12 40.71
1986.2 20335.08 8206.20 40.35
1988.9 20352.54 8156.73 40.08
1991.6 20178.18 8017.97 39.74
1994.3 20021.93 7812.94 39.02
1997.0 20047.82 7681.20 38.31
1999.7 20006.90 7466.33 37.32
2002.3 19987.08 7240.57 36.23
2005.0 19903.66 7067.97 35.51
2007.7 19802.93 6914.40 34.92
2010.4 19742.33 6800.61 34.45
2013.0 19684.56 6637.39 33.72
2015.7 19550.67 6388.07 32.67
2018.4 19445.35 6169.75 31.73
2021.0 19399.83 6046.33 31.17
2023.7 19272.21 6049.07 31.39
2026.4 19215.30 6129.07 31.90
2029.0 19139.02 6165.99 32.22
2031.7 19015.32 6103.72 32.10
2034.3 19009.68 5982.60 31.47
2037.0 18888.65 5812.98 30.77
2039.6 18809.95 5691.37 30.26
2042.3 18768.09 5661.60 30.17
2044.9 18678.50 5764.28 30.86
2047.5 18656.06 5946.60 31.87
2050.2 18564.00 6109.60 32.91
2052.8 18496.80 6249.60 33.79
2055.4 18370.53 6278.54 34.18
2058.1 18222.40 6280.40 34.47
2060.7 18164.71 6269.19 34.51
2063.3 18093.83 6211.48 34.33
2065.9 18025.79 6130.50 34.01
2068.6 17958.79 6052.33 33.70
2071.2 17950.86 6018.03 33.53
2073.8 17825.38 5932.47 33.28
2076.4 17752.17 5849.09 32.95
2079.0 17784.49 5774.55 32.47
2081.6 17757.76 5713.88 32.18
2084.2 17714.42 5660.26 31.95
2086.8 17575.26 5515.25 31.38
2089.4 17476.70 5406.69 30.94
2092.1 17379.67 5318.17 30.60
2094.7 17322.90 5217.78 30.12
2097.2 17308.83 5159.50 29.81
2099.8 17282.11 5095.53 29.48
2102.4 17168.05 4972.99 28.97
2105.0 17051.55 4842.15 28.40
2107.6 16978.92 4736.78 27.90
2110.2 16924.97 4612.03 27.25
2112.8 16902.26 4458.21 26.38
2115.3 16895.66 4370.41 25.87
2117.9 16908.01 4329.29 25.60
2120.5 16886.60 4299.63 25.46
2123.1 16792.43 4290.98 25.55
2125.6 16744.21 4292.94 25.64
2128.2 16658.59 4243.67 25.47
2130.8 16549.65 4173.98 25.22
2133.3 16508.80 4118.40 24.95
2135.9 16408.62 4038.91 24.61
2138.4 16250.87 3969.16 24.42
2141.0 16149.08 3878.60 24.02
2143.6 16130.03 3784.78 23.46
2146.1 15975.72 3711.12 23.23
2148.7 15802.20 3647.34 23.08
2151.2 15798.93 3654.93 23.13
2153.8 15823.36 3702.71 23.40
2156.3 15717.64 3733.01 23.75
2158.8 15646.76 3783.22 24.18
2161.4 15629.12 3835.78 24.54
2163.9 15531.82 3838.73 24.72
2166.4 15439.71 3831.84 24.82
2169.0 15407.19 3828.88 24.85
2171.5 15330.32 3757.92 24.51
2174.0 15229.03 3706.85 24.34
2176.5 15192.19 3737.50 24.60
2179.1 15136.64 3734.47 24.67
2181.6 15050.17 3744.29 24.88
2184.1 15027.32 3776.08 25.13
2186.6 15051.45 3803.66 25.27
2189.1 14948.97 3823.11 25.57
2191.6 14892.73 3857.93 25.90
2194.1 14904.32 3902.96 26.19
2196.6 14914.76 3916.36 26.26
2199.2 14971.93 3959.26 26.44
2201.7 14888.99 4011.47 26.94
2204.1 14839.59 4064.49 27.39
2206.6 14849.13 4114.19 27.71
2209.1 14825.85 4137.01 27.90
2211.6 14838.39 4164.49 28.07
2214.1 14807.49 4174.23 28.19
2216.6 14760.32 4162.97 28.20
2219.1 14771.72 4166.77 28.21
2221.6 14667.09 4141.65 28.24
2224.0 14588.49 4118.61 28.23
2226.5 14584.57 4113.21 28.20
2229.0 14625.21 4080.75 27.90
2231.5 14492.72 4025.33 27.77
2233.9 14462.04 4013.81 27.75
2236.4 14490.44 3987.38 27.52
2238.9 14372.38 3925.38 27.31
2241.3 14369.01 3875.01 26.97
2243.8 14353.46 3843.91 26.78
2246.2 14192.48 3768.12 26.55
2248.7 14165.54 3675.40 25.95
2251.2 14158.84 3601.20 25.43
2253.6 14077.44 3509.76 24.93
2256.1 14069.76 3475.20 24.70
2258.5 14052.82 3476.71 24.74
2260.9 13974.74 3401.65 24.34
2263.4 13979.21 3377.73 24.16
2265.8 13940.32 3396.61 24.37
2268.3 13823.21 3378.84 24.44
2270.7 13902.44 3404.60 24.49
2273.1 13859.69 3409.32 24.60
2275.6 13793.28 3452.16 25.03
2278.0 13820.63 3493.59 25.28
2280.4 13780.88 3505.83 25.44
2282.8 13643.75 3461.27 25.37
2285.3 13694.71 3487.84 25.47
2287.7 13772.94 3534.03 25.66
2290.1 13623.19 3502.65 25.71
2292.5 13587.57 3468.32 25.53
2294.9 13621.40 3426.10 25.15
2297.3 13518.19 3353.84 24.81
2299.7 13416.44 3237.63 24.13
2302.1 13368.12 3146.60 23.54
2304.5 13230.00 3018.40 22.81
2306.9 13132.00 2896.88 22.06
2309.3 13055.89 2832.96 21.70
2311.7 12972.13 2774.98 21.39
2314.1 12811.40 2729.27 21.30
2316.5 12745.90 2761.94 21.67
2318.9 12782.83 2770.99 21.68
2321.3 12752.61 2749.40 21.56
2323.7 12794.64 2771.37 21.66
2326.1 12779.13 2760.55 21.60
2328.4 12774.57 2786.81 21.82
2330.8 12850.78 2879.36 22.41
2333.2 12766.83 2936.37 23.00
2335.6 12679.19 2980.90 23.51
2337.9 12711.97 3038.19 23.90
2340.3 12649.58 3085.78 24.39
2342.7 12593.44 3131.43 24.87
2345.0 12548.90 3151.03 25.11
2347.4 12490.75 3196.00 25.59
2349.7 12332.30 3186.66 25.84
2352.1 12260.35 3224.83 26.30
2354.4 12293.23 3283.93 26.71
2356.8 12267.97 3284.98 26.78
2359.2 12202.67 3302.00 27.06
2361.5 12151.88 3259.41 26.82
2363.8 12147.35 3232.27 26.61
2366.2 12114.60 3226.15 26.63
2368.5 12055.05 3163.95 26.25
2370.9 12078.00 3095.55 25.63
2373.2 12073.55 3030.75 25.10
2375.5 11918.85 2959.35 24.83
2377.9 11847.11 2880.87 24.32
2380.2 11871.10 2900.20 24.43
2382.5 11795.37 2945.40 24.97
2384.8 11725.28 2927.84 24.97
2387.2 11706.77 2953.65 25.23
2389.5 11690.85 2988.82 25.57
2391.8 11683.69 2989.85 25.59
2394.1 11631.16 2946.18 25.33
2396.4 11573.29 2941.71 25.42
2398.7 11628.67 2952.23 25.39
2401.0 11516.91 2947.22 25.59
2403.3 11364.36 2918.28 25.68
2405.6 11396.20 2919.03 25.61
2407.9 11327.61 2935.86 25.92
2410.2 11249.92 2927.79 26.02
2412.5 11215.24 2927.04 26.10
2414.8 11184.03 2916.68 26.08
2417.1 11138.88 2885.37 25.90
2419.4 11144.19 2829.03 25.39
2421.7 11023.23 2780.78 25.23
2424.0 10957.63 2736.77 24.98
2426.2 11021.00 2691.05 24.42
2428.5 10919.43 2639.27 24.17
2430.8 10910.90 2577.85 23.63
2433.1 10869.73 2489.25 22.90
2435.4 10753.59 2450.61 22.79
2437.6 10731.21 2433.83 22.68
2439.9 10623.58 2425.68 22.83
2442.2 10642.87 2372.04 22.29
2444.4 10630.91 2297.33 21.61
2446.7 10506.16 2184.16 20.79
2448.9 10564.25 2078.51 19.67
2451.2 10584.96 1972.76 18.64
2453.4 10444.21 1856.21 17.77
2455.7 10436.14 1788.01 17.13
2457.9 10354.08 1678.88 16.21
2460.2 10295.55 1609.07 15.63
2462.4 10283.52 1591.20 15.47
2464.7 10150.11 1583.39 15.60
2466.9 10098.66 1598.58 15.83
2469.2 10156.77 1633.38 16.08
2471.4 10037.89 1628.12 16.22
2473.6 9935.38 1687.14 16.98
2475.9 9895.84 1754.29 17.73
2478.1 9796.61 1755.74 17.92
2480.3 9746.33 1747.38 17.93
2482.5 9728.88 1808.53 18.59
2484.8 9691.90 1842.26 19.01
2487.0 9643.48 1799.82 18.66
2489.2 9626.45 1801.66 18.72
2491.4 9537.09 1821.35 19.10
2493.6 9539.25 1826.33 19.15
2495.8 9525.76 1876.65 19.70
2498.0 9476.69 1880.75 19.85
2500.2 9528.68 1836.65 19.27
2502.4 9759.12 1953.60 20.02
2504.6 9850.11 2018.85 20.50
2506.8 9985.21 1987.30 19.90
