/*** Spectra Vista SIG Data ***/
name= \My Documents\HR1024_Data\GT4.
instrument= HR: 1091052
integration= 200, 60, 30, 500, 60, 30
scan time= 1, 1
scan settings= AD, AI, AD, AI
external data set1= 8224, 8224, 8224, 8224, 8224, 8224, 8224, 8224, 8224, 8224, 8224, 8224, 8224, 8224, 8224, 8224
external data set2= 8224, 8224, 8224, 8224, 8224, 8224, 8224, 8224, 8224, 8224, 8224, 8224, 8224, 8224, 8224, 8224
external data dark= 0,0,0,0,0,0,0,0
external data mask= 0
optic= LENS4 , LENS4 
temp= 31.05, 8.88, -5.37, 40.64, 8.88, -5.24
battery= 7.7, 7.1
error= 0, 0
units= Radiance, Radiance
time= 1/12/08 9:49:29 AM, 1/12/08 10:15:59 AM
longitude= , 
latitude= , 
gpstime= , 
comm= 
memory slot= 0, 0
factors= 
data= 
346.4 468.20 119.76 25.58
347.9 473.76 121.74 25.70
349.5 521.04 128.54 24.67
351.1 558.48 122.30 21.90
352.6 585.06 120.18 20.54
354.2 625.05 125.66 20.10
355.7 673.50 138.74 20.60
357.3 724.71 147.02 20.29
358.8 751.43 149.59 19.91
360.4 798.47 153.36 19.21
361.9 821.87 161.59 19.66
363.5 851.78 156.51 18.37
365.1 887.68 159.51 17.97
366.6 918.37 153.29 16.69
368.2 973.68 150.42 15.45
369.7 1008.89 150.19 14.89
371.3 1073.36 146.19 13.62
372.8 1148.72 155.38 13.53
374.4 1191.49 153.53 12.89
375.9 1247.87 157.56 12.63
377.4 1278.23 153.52 12.01
379.0 1330.29 155.31 11.67
380.5 1360.26 168.65 12.40
382.1 1412.49 148.93 10.54
383.6 1460.03 154.22 10.56
385.2 1529.00 151.80 9.93
386.7 1608.26 151.62 9.43
388.3 1679.42 164.14 9.77
389.8 1759.55 163.60 9.30
391.3 1843.67 171.56 9.31
392.9 1897.62 172.98 9.12
394.4 1955.58 187.55 9.59
395.9 2019.02 198.45 9.83
397.5 2131.80 205.43 9.64
399.0 2240.25 206.41 9.21
400.6 2303.62 189.04 8.21
402.1 2342.64 191.95 8.19
403.6 2375.92 183.17 7.71
405.1 2451.81 186.46 7.60
406.7 2542.40 183.68 7.22
408.2 2650.73 189.78 7.16
409.7 2746.24 209.66 7.63
411.3 2843.51 204.71 7.20
412.8 2936.43 212.35 7.23
414.3 3034.90 225.17 7.42
415.8 3152.50 233.00 7.39
417.4 3253.58 238.83 7.34
418.9 3339.60 247.94 7.42
420.4 3424.70 252.24 7.37
421.9 3487.22 250.71 7.19
423.5 3546.87 254.98 7.19
425.0 3613.98 244.53 6.77
426.5 3695.85 254.56 6.89
428.0 3801.23 253.69 6.67
429.5 3926.30 259.91 6.62
431.1 4071.24 265.48 6.52
432.6 4225.66 271.46 6.42
434.1 4373.60 275.66 6.30
435.6 4514.36 286.38 6.34
437.1 4642.95 292.50 6.30
438.6 4769.06 306.54 6.43
440.1 4906.69 309.27 6.30
441.6 5042.30 321.20 6.37
443.1 5179.95 328.05 6.33
444.7 5318.34 344.42 6.48
446.2 5433.01 357.85 6.59
447.7 5551.25 369.36 6.65
449.2 5676.48 382.75 6.74
450.7 5788.64 398.53 6.88
452.2 5916.62 400.07 6.76
453.7 6028.91 406.03 6.73
455.2 6201.73 418.59 6.75
456.7 6390.56 431.55 6.75
458.2 6607.30 444.56 6.73
459.7 6823.25 463.40 6.79
461.2 7031.76 473.02 6.73
462.7 7219.07 487.60 6.75
464.2 7396.86 500.69 6.77
465.7 7583.22 510.68 6.73
467.2 7742.35 521.29 6.73
468.7 7912.00 539.20 6.81
470.2 8015.91 558.79 6.97
471.7 8177.13 579.50 7.09
473.2 8446.52 603.36 7.14
474.6 8688.33 601.55 6.92
476.1 8747.12 592.75 6.78
477.6 8779.39 592.73 6.75
479.1 8829.54 604.32 6.84
480.6 8916.06 608.16 6.82
482.1 9046.91 613.35 6.78
483.6 9204.08 636.16 6.91
485.1 9394.00 642.82 6.84
486.6 9626.34 669.54 6.96
488.0 9867.00 687.05 6.96
489.5 10130.90 711.25 7.02
491.0 10387.73 739.17 7.12
492.5 10649.88 770.47 7.23
494.0 10928.34 806.38 7.38
495.4 11158.95 854.04 7.65
496.9 11406.10 890.44 7.81
498.4 11649.48 936.97 8.04
499.9 11878.23 989.28 8.33
501.4 12101.58 1048.40 8.66
502.8 12308.24 1111.71 9.03
504.3 12497.40 1177.92 9.43
505.8 12681.02 1258.05 9.92
507.2 12808.72 1336.85 10.44
508.7 12896.48 1415.91 10.98
510.2 12964.78 1505.25 11.61
511.6 13008.39 1598.48 12.29
513.1 13093.74 1699.46 12.98
514.6 13195.49 1802.70 13.66
516.0 13281.41 1915.83 14.42
517.5 13429.99 2047.63 15.25
519.0 13603.01 2186.58 16.07
520.5 13772.72 2322.24 16.86
521.9 13993.28 2473.58 17.68
523.4 14243.35 2629.20 18.46
524.8 14493.24 2788.33 19.24
526.3 14778.04 2945.77 19.93
527.8 15074.01 3098.51 20.56
529.2 15339.71 3243.06 21.14
530.7 15629.94 3390.28 21.69
532.1 15903.48 3523.84 22.16
533.6 16214.37 3653.74 22.53
535.0 16534.98 3792.10 22.93
536.5 16856.03 3920.45 23.26
538.0 17178.24 4048.00 23.56
539.4 17501.02 4167.88 23.82
540.9 17879.62 4290.63 24.00
542.3 18237.67 4403.74 24.15
543.8 18504.51 4491.76 24.27
545.2 18600.74 4544.40 24.43
546.6 18637.00 4588.22 24.62
548.1 18690.38 4632.94 24.79
549.5 18745.60 4674.51 24.94
551.0 18790.92 4711.13 25.07
552.4 18868.34 4743.60 25.14
553.9 18922.09 4767.13 25.19
555.3 18999.63 4786.94 25.19
556.8 19143.87 4813.35 25.14
558.2 19276.31 4823.55 25.02
559.6 19441.66 4843.81 24.91
561.1 19660.88 4867.20 24.76
562.5 19883.82 4888.27 24.58
564.0 20177.05 4910.96 24.34
565.4 20444.07 4919.41 24.06
566.8 20774.24 4937.96 23.77
568.3 21077.79 4940.17 23.44
569.7 21403.31 4936.13 23.06
571.1 21706.83 4922.22 22.68
572.6 22010.94 4908.60 22.30
574.0 22299.75 4884.66 21.90
575.4 22570.31 4861.35 21.54
576.9 22820.49 4840.61 21.21
578.3 23040.88 4814.81 20.90
579.7 23243.15 4794.06 20.63
581.1 23410.31 4767.09 20.36
582.6 23592.46 4742.36 20.10
584.0 23735.52 4719.97 19.89
585.4 23971.18 4707.31 19.64
586.8 24286.87 4718.15 19.43
588.3 24642.54 4733.35 19.21
589.7 24935.04 4751.14 19.05
591.1 25126.37 4735.91 18.85
592.5 25213.30 4723.20 18.73
594.0 25248.06 4691.30 18.58
595.4 25246.58 4671.30 18.50
596.8 25248.80 4648.64 18.41
598.2 25256.70 4628.50 18.33
599.6 25254.00 4611.13 18.26
601.0 25321.45 4596.75 18.15
602.4 25392.58 4582.00 18.04
603.9 25508.50 4563.65 17.89
605.3 25652.08 4547.90 17.73
606.7 25770.60 4531.68 17.58
608.1 26003.60 4513.04 17.36
609.5 26249.20 4499.08 17.14
610.9 26543.12 4490.26 16.92
612.3 26820.62 4473.37 16.68
613.7 27191.20 4471.30 16.44
615.1 27470.34 4447.22 16.19
616.5 27748.85 4425.95 15.95
617.9 28163.94 4433.16 15.74
619.3 28559.37 4441.36 15.55
620.7 29021.55 4465.80 15.39
622.1 29524.34 4459.49 15.10
623.5 30070.32 4450.35 14.80
624.9 30686.25 4470.27 14.57
626.3 31117.56 4488.76 14.43
627.7 30854.43 4458.19 14.45
629.1 30617.27 4444.86 14.52
630.5 30534.25 4469.87 14.64
631.9 30583.88 4520.54 14.78
633.3 30636.73 4537.87 14.81
634.7 30802.72 4547.24 14.76
636.1 30887.16 4527.32 14.66
637.5 30991.21 4499.55 14.52
638.9 31137.59 4458.28 14.32
640.2 31275.86 4399.02 14.07
641.6 31334.94 4293.43 13.70
643.0 31307.82 4151.65 13.26
644.4 31297.86 4016.89 12.83
645.8 31223.60 3845.96 12.32
647.2 31327.01 3698.08 11.80
648.5 31378.61 3536.60 11.27
649.9 31215.99 3371.55 10.80
651.3 31061.55 3228.30 10.39
652.7 30880.50 3093.66 10.02
654.1 30705.72 3038.59 9.90
655.5 30448.41 3009.32 9.88
656.8 30219.54 2967.89 9.82
658.2 30347.48 2927.95 9.65
659.6 30667.01 2907.67 9.48
660.9 30915.41 2858.75 9.25
662.3 31175.28 2810.19 9.01
663.7 31418.10 2764.44 8.80
665.0 31622.76 2703.09 8.55
666.4 31821.65 2653.94 8.34
667.8 32088.83 2620.54 8.17
669.1 32304.87 2591.42 8.02
670.5 32567.66 2576.82 7.91
671.9 32723.64 2563.06 7.83
673.2 32957.22 2579.97 7.83
674.6 33165.65 2593.41 7.82
676.0 33416.99 2631.25 7.87
677.3 33670.84 2688.30 7.98
678.7 33959.63 2763.35 8.14
680.0 34360.72 2875.99 8.37
681.4 34770.40 3014.91 8.67
682.8 35166.95 3207.75 9.12
684.1 35575.02 3431.38 9.65
685.5 35948.61 3720.99 10.35
686.8 36307.14 4092.46 11.27
688.2 36654.12 4541.54 12.39
689.5 36792.82 5047.92 13.72
690.9 36894.22 5640.28 15.29
692.2 37000.50 6295.44 17.01
693.6 37086.31 7020.85 18.93
694.9 37102.94 7777.47 20.96
696.2 37172.03 8590.50 23.11
697.6 37238.58 9440.53 25.35
698.9 37321.68 10304.45 27.61
700.3 37412.04 11170.21 29.86
701.6 37521.51 12058.56 32.14
703.0 37648.39 12924.73 34.33
704.3 37727.46 13745.10 36.43
705.6 37779.39 14526.97 38.45
707.0 37853.11 15306.91 40.44
708.3 37804.36 15980.93 42.27
709.6 37779.31 16639.53 44.04
711.0 37700.05 17240.58 45.73
712.3 37603.29 17797.71 47.33
713.6 37599.66 18380.88 48.89
714.9 37564.50 18909.05 50.34
716.3 37606.65 19460.58 51.75
717.6 37655.10 19975.56 53.05
718.9 37643.31 20435.72 54.29
720.2 37519.65 20788.26 55.41
721.6 37437.79 21145.28 56.48
722.9 37295.06 21453.30 57.52
724.2 37099.21 21667.78 58.40
725.5 36957.59 21914.88 59.30
726.8 36833.83 22101.43 60.00
728.1 36764.75 22328.53 60.73
729.5 36694.32 22497.15 61.31
730.8 36660.60 22665.41 61.82
732.1 36590.42 22777.01 62.25
733.4 36549.03 22890.82 62.63
734.7 36509.02 23012.36 63.03
736.0 36510.50 23125.80 63.34
737.3 36452.29 23186.12 63.61
738.6 36538.42 23368.34 63.96
739.9 36706.85 23598.15 64.29
741.2 36841.35 23787.04 64.57
742.5 37078.82 24038.96 64.83
743.8 37494.19 24399.38 65.08
745.1 38118.44 24900.50 65.32
746.4 38876.11 25455.79 65.48
747.7 39639.96 26050.27 65.72
749.0 40400.48 26677.34 66.03
750.3 40850.46 27082.34 66.30
751.6 40764.46 27118.56 66.53
752.9 40356.61 26924.70 66.72
754.2 39863.99 26655.85 66.87
755.4 39350.05 26326.95 66.90
756.7 39155.03 26253.54 67.05
758.0 39142.09 26291.39 67.17
759.3 39351.46 26483.18 67.30
760.6 39645.76 26757.81 67.49
761.9 39928.94 26988.82 67.59
763.1 40078.15 27141.87 67.72
764.4 40287.45 27336.54 67.85
765.7 40433.25 27478.10 67.96
767.0 40515.07 27582.48 68.08
768.2 40595.52 27681.02 68.19
769.5 40644.33 27747.37 68.27
770.8 40787.04 27908.76 68.43
772.0 40799.41 27953.03 68.51
773.3 40833.29 28036.05 68.66
774.6 40907.98 28147.51 68.81
775.8 40955.53 28268.96 69.02
777.1 40964.33 28331.67 69.16
778.4 40867.87 28325.57 69.31
779.6 40816.98 28333.73 69.42
780.9 40688.00 28313.60 69.59
782.1 40484.72 28212.65 69.69
783.4 40464.32 28266.37 69.86
784.6 40463.12 28302.78 69.95
785.9 40670.74 28533.30 70.16
787.1 41171.80 28943.59 70.30
788.4 41528.97 29338.34 70.65
789.6 41482.13 29452.11 71.00
790.9 41134.16 29262.87 71.14
792.1 40655.28 28971.58 71.26
793.4 40180.32 28705.16 71.44
794.6 39846.60 28552.02 71.65
795.8 39587.54 28432.94 71.82
797.1 39290.10 28268.01 71.95
798.3 39054.26 28185.14 72.17
799.5 38943.25 28153.47 72.29
800.8 38778.22 28093.43 72.45
802.0 38618.88 28034.85 72.59
803.2 38465.20 27958.91 72.69
804.5 38332.71 27947.24 72.91
805.7 38219.65 27907.44 73.02
806.9 38073.35 27854.09 73.16
808.1 37984.05 27821.45 73.25
809.4 37906.28 27816.69 73.38
810.6 37824.15 27793.22 73.48
811.8 37796.29 27797.14 73.54
813.0 37827.58 27825.61 73.56
814.2 37840.50 27842.49 73.58
815.4 37955.24 27943.94 73.62
816.6 38027.91 28002.42 73.64
817.9 38102.35 28088.50 73.72
819.1 38072.96 28031.54 73.63
820.3 37949.69 27940.88 73.63
821.5 37894.61 27857.31 73.51
822.7 37866.54 27803.83 73.43
823.9 37906.28 27800.07 73.34
825.1 37943.15 27774.57 73.20
826.3 38020.73 27756.49 73.00
827.5 38108.05 27730.66 72.77
828.7 38176.32 27733.92 72.65
829.9 38262.68 27700.21 72.39
831.0 38386.63 27717.04 72.20
832.2 38533.16 27744.25 72.00
833.4 38634.36 27753.09 71.84
834.6 38746.88 27783.75 71.71
835.8 38872.58 27811.35 71.54
837.0 39026.76 27868.90 71.41
838.1 39200.00 27980.04 71.38
839.3 39334.99 28037.56 71.28
840.5 39499.16 28093.11 71.12
841.7 39675.29 28203.77 71.09
842.9 39834.34 28278.17 70.99
844.0 40002.80 28352.50 70.88
845.2 40188.33 28432.56 70.75
846.4 40315.24 28493.59 70.68
847.5 40575.08 28644.34 70.60
848.7 40794.29 28802.05 70.60
849.9 41043.27 28969.70 70.58
851.0 41176.72 29042.63 70.53
852.2 41283.01 29150.79 70.61
853.3 41336.03 29151.53 70.52
854.5 41385.60 29166.31 70.47
855.6 41408.01 29187.61 70.49
856.8 41491.09 29186.59 70.34
857.9 41535.42 29190.70 70.28
859.1 41657.80 29308.64 70.36
860.2 41711.76 29310.02 70.27
861.4 41789.90 29328.71 70.18
862.5 41857.52 29358.38 70.14
863.7 41978.22 29455.55 70.17
864.8 42001.40 29446.20 70.11
865.9 42003.19 29419.10 70.04
867.1 42077.89 29422.34 69.92
868.2 42118.25 29414.64 69.84
869.3 42153.63 29419.35 69.79
870.5 42092.46 29379.61 69.80
871.6 42122.53 29346.43 69.67
872.7 42223.14 29416.95 69.67
873.9 42262.83 29410.50 69.59
875.0 42247.20 29363.63 69.50
876.1 42225.11 29340.36 69.49
877.2 42279.84 29315.48 69.34
878.3 42302.12 29266.60 69.18
879.4 42284.06 29258.72 69.20
880.5 42343.92 29251.58 69.08
881.7 42326.05 29203.20 69.00
882.8 42351.34 29211.74 68.97
883.9 42430.09 29215.02 68.85
885.0 42357.32 29194.07 68.92
886.1 42357.47 29172.43 68.87
887.2 42241.92 29088.02 68.86
888.3 42147.85 29017.00 68.85
889.4 42045.32 28928.76 68.80
890.5 41945.29 28808.80 68.68
891.6 41864.40 28745.69 68.66
892.7 41844.69 28709.53 68.61
893.8 41881.85 28654.09 68.42
894.9 41879.31 28609.77 68.31
896.0 41812.69 28564.05 68.31
897.0 41850.92 28554.28 68.23
898.1 41821.61 28508.91 68.17
899.2 41852.54 28483.26 68.06
900.3 41747.94 28369.07 67.95
901.4 41622.41 28267.42 67.91
902.4 41658.53 28247.12 67.81
903.5 41604.82 28149.81 67.66
904.6 41550.72 28123.12 67.68
905.7 41565.54 28082.65 67.56
906.7 41536.49 28037.85 67.50
907.8 41558.34 28001.27 67.38
908.9 41493.73 27928.10 67.31
909.9 41451.58 27854.37 67.20
911.0 41358.23 27739.53 67.07
912.1 41297.17 27640.28 66.93
913.1 41189.72 27545.44 66.87
914.2 41099.85 27360.19 66.57
915.2 41068.89 27272.70 66.41
916.3 41034.15 27207.36 66.30
917.3 40975.74 27123.19 66.19
918.4 40862.80 26910.84 65.86
919.4 40836.29 26807.46 65.65
920.5 40782.84 26696.85 65.46
921.5 40833.45 26634.05 65.23
922.6 40729.18 26478.71 65.01
923.6 40739.49 26359.34 64.70
924.7 40774.75 26221.40 64.31
925.7 40746.72 26090.06 64.03
926.7 40808.40 25976.96 63.66
927.8 40839.01 25875.42 63.36
928.8 40966.59 25813.09 63.01
929.9 41048.46 25752.79 62.74
930.9 41217.18 25698.51 62.35
931.9 41378.61 25648.28 61.98
932.9 41679.25 25661.30 61.57
934.0 41702.58 25553.52 61.28
935.0 41757.18 25398.36 60.82
936.0 41670.71 25168.26 60.40
937.0 41632.50 24993.77 60.03
938.1 41580.55 24802.60 59.65
939.1 41508.45 24621.45 59.32
940.1 41591.64 24411.11 58.69
941.1 41779.29 24383.56 58.36
942.1 41991.60 24325.13 57.93
943.1 42156.63 24208.36 57.42
944.1 42391.18 24172.10 57.02
945.2 42445.20 23998.46 56.54
946.2 42493.04 23878.43 56.19
947.2 42572.63 23695.15 55.66
948.2 42750.54 23539.99 55.06
949.2 42846.38 23414.95 54.65
950.2 42880.60 23154.40 54.00
951.2 42968.52 23019.36 53.57
952.2 43001.40 22848.85 53.14
953.2 43164.71 22755.01 52.72
954.2 43310.48 22612.50 52.21
955.2 43368.34 22429.25 51.72
956.2 43301.73 22267.67 51.42
957.2 43392.87 22165.81 51.08
958.2 43492.10 22008.60 50.60
959.2 43506.45 21984.66 50.53
960.1 43588.22 21894.53 50.23
961.1 43692.83 21849.89 50.01
962.1 43658.44 21774.00 49.87
963.1 43782.00 21664.79 49.48
964.1 43817.42 21703.26 49.53
965.1 43908.74 21653.21 49.31
966.1 44007.38 21639.75 49.17
967.0 44141.86 21646.10 49.04
968.0 44131.86 21627.32 49.01
969.0 44255.20 21631.12 48.88
970.0 44255.36 21595.73 48.80
971.0 44316.83 21591.07 48.72
971.9 44400.90 21548.61 48.53
972.9 44577.14 21607.50 48.47
973.9 44494.78 21495.11 48.31
974.9 44573.29 21524.45 48.29
975.8 44702.44 21525.29 48.15
976.8 44666.28 21514.21 48.17
977.8 44950.93 21433.73 47.68
978.8 44877.90 21478.74 47.86
979.7 45104.10 21415.28 47.48
980.7 45212.81 21457.19 47.46
981.7 45433.99 21443.10 47.20
982.6 45657.51 21489.28 47.07
983.6 46147.45 21674.83 46.97
984.6 46551.05 21760.05 46.74
985.5 47031.84 21975.70 46.73
986.5 47664.14 22259.07 46.70
987.5 48852.12 22730.44 46.53
988.4 49722.20 23516.68 47.30
989.4 51183.38 24368.28 47.61
990.4 52549.20 25165.23 47.89
991.3 54023.93 26381.40 48.83
992.3 54777.10 27310.30 49.86
993.2 55874.36 28363.53 50.76
994.2 57686.85 28944.63 50.18
995.2 57633.14 29432.07 51.07
996.1 59292.71 31052.26 52.37
997.1 59931.56 31659.50 52.83
998.0 60640.20 30971.04 51.07
999.0 59258.53 32230.86 54.39
1000.0 60377.42 32401.30 53.66
1000.9 59810.48 33053.16 55.26
1001.9 59598.95 32759.15 54.97
1002.8 60212.52 31778.83 52.78
1003.8 59788.51 30898.01 51.68
1004.8 59326.80 32492.83 54.77
961.5 55398.21 25523.78 46.07
965.5 54418.85 25077.02 46.08
969.5 52458.23 24424.66 46.56
973.4 50487.36 23665.95 46.88
977.4 48611.32 23065.27 47.45
981.4 47578.80 22918.94 48.17
985.3 47203.20 22932.89 48.58
989.3 47137.31 23155.00 49.12
993.3 47133.16 23509.44 49.88
997.2 47029.21 23811.14 50.63
1001.2 46955.35 24121.89 51.37
1005.2 46914.32 24424.50 52.06
1009.1 47038.13 24798.37 52.72
1013.1 47236.75 25255.83 53.47
1017.1 47375.30 25725.45 54.30
1021.0 47429.61 26139.83 55.11
1025.0 47461.87 26538.17 55.91
1029.0 47354.18 26869.23 56.74
1032.9 47271.77 27209.65 57.56
1036.9 47308.70 27619.86 58.38
1040.9 47476.08 28059.39 59.10
1044.8 47747.63 28525.73 59.74
1048.8 47970.59 28941.50 60.33
1052.7 48104.60 29294.90 60.90
1056.7 48183.46 29556.89 61.34
1060.7 48250.82 29759.12 61.68
1064.6 48272.17 29908.96 61.96
1068.6 48190.54 29922.83 62.09
1072.5 48116.11 29886.17 62.11
1076.5 48076.67 29842.82 62.07
1080.4 48048.88 29749.90 61.92
1084.4 48150.59 29661.95 61.60
1088.3 48279.53 29571.00 61.25
1092.3 48252.92 29358.98 60.84
1096.2 48221.83 29081.23 60.31
1100.2 48245.69 28814.21 59.72
1104.1 48124.97 28465.58 59.15
1108.1 48059.38 28152.53 58.58
1112.0 47955.87 27782.69 57.93
1116.0 47754.46 27322.82 57.22
1119.9 47569.76 26829.22 56.40
1123.9 47623.80 26325.43 55.28
1127.8 47592.96 25585.92 53.76
1131.8 47556.42 24654.51 51.84
1135.7 47568.82 23586.96 49.58
1139.6 47554.30 22416.18 47.14
1143.6 47510.71 21300.50 44.83
1147.5 47481.98 20346.21 42.85
1151.4 47337.52 19530.99 41.26
1155.4 47322.86 19008.44 40.17
1159.3 47329.81 18663.59 39.43
1163.2 47159.49 18363.91 38.94
1167.2 47113.86 18202.68 38.64
1171.1 47117.13 18094.47 38.40
1175.0 47022.16 17965.56 38.21
1179.0 46962.63 17854.82 38.02
1182.9 47045.30 17803.47 37.84
1186.8 47019.62 17714.26 37.67
1190.7 46784.64 17561.65 37.54
1194.7 46508.35 17426.72 37.47
1198.6 46264.68 17325.00 37.45
1202.5 46100.54 17256.18 37.43
1206.4 45962.62 17231.26 37.49
1210.3 45829.98 17240.84 37.62
1214.2 45707.13 17254.26 37.75
1218.2 45554.16 17282.48 37.94
1222.1 45384.95 17334.58 38.19
1226.0 45257.55 17391.37 38.43
1229.9 45156.00 17451.84 38.65
1233.8 45033.17 17499.16 38.86
1237.7 44950.68 17559.34 39.06
1241.6 44841.64 17607.98 39.27
1245.5 44683.61 17615.45 39.42
1249.4 44538.65 17613.60 39.55
1253.3 44401.40 17615.08 39.67
1257.2 44324.52 17625.63 39.76
1261.1 44209.48 17598.06 39.81
1265.0 44086.55 17541.34 39.79
1268.9 43910.05 17449.26 39.74
1272.8 43969.80 17436.30 39.66
1276.7 44155.69 17448.83 39.52
1280.6 44249.88 17387.52 39.29
1284.5 44188.89 17240.06 39.01
1288.4 44167.03 17092.61 38.70
1292.3 44060.50 16871.25 38.29
1296.2 43934.23 16615.11 37.82
1300.1 43787.98 16325.09 37.28
1303.9 43564.57 15992.79 36.71
1307.8 43339.22 15633.58 36.07
1311.7 43109.06 15227.31 35.32
1315.6 42877.90 14796.82 34.51
1319.5 42633.84 14338.53 33.63
1323.3 42417.44 13872.13 32.70
1327.2 42218.70 13414.26 31.77
1331.1 42002.86 12954.43 30.84
1335.0 41739.72 12481.39 29.90
1338.8 41543.11 12058.70 29.03
1342.7 41389.31 11677.54 28.21
1346.5 41042.00 11267.25 27.45
1350.4 40741.74 10903.62 26.76
1354.3 40332.24 10523.41 26.09
1358.1 39895.31 10130.61 25.39
1362.0 39644.33 9779.22 24.67
1365.8 39567.12 9453.29 23.89
1369.7 39683.68 9147.89 23.05
1373.5 39615.26 8767.75 22.13
1377.4 39354.79 8274.45 21.03
1381.2 39167.92 7690.38 19.63
1385.1 39160.09 7079.02 18.08
1389.0 39060.88 6451.52 16.52
1392.8 38834.72 5850.22 15.06
1396.6 38680.88 5314.45 13.74
1400.5 38476.57 4834.40 12.56
1404.3 38299.58 4446.65 11.61
1408.2 38263.03 4146.30 10.84
1412.0 38218.70 3909.09 10.23
1415.8 38249.29 3745.20 9.79
1419.6 38208.11 3602.57 9.43
1423.5 38172.20 3487.76 9.14
1427.3 38125.77 3406.47 8.93
1431.1 38099.78 3350.33 8.79
1434.9 38010.73 3297.62 8.68
1438.8 37949.80 3261.84 8.60
1442.6 37913.52 3240.43 8.55
1446.4 37795.09 3213.17 8.50
1450.2 37700.99 3208.01 8.51
1454.0 37583.52 3194.28 8.50
1457.8 37547.69 3191.29 8.50
1461.6 37527.24 3212.85 8.56
1465.4 37404.28 3231.06 8.64
1469.2 37216.73 3248.70 8.73
1473.0 37080.95 3287.99 8.87
1476.8 37019.78 3348.66 9.05
1480.7 36949.43 3418.50 9.25
1484.4 36826.56 3497.52 9.50
1488.2 36723.96 3597.84 9.80
1492.0 36584.11 3699.80 10.11
1495.8 36452.33 3794.70 10.41
1499.6 36350.05 3869.74 10.65
1503.4 36216.75 3926.21 10.84
1507.2 36087.28 3971.34 11.00
1510.9 35929.91 4013.56 11.17
1514.7 35749.31 4062.53 11.36
1518.5 35615.65 4132.42 11.60
1522.3 35466.30 4197.87 11.84
1526.0 35355.47 4269.13 12.07
1529.8 35294.61 4351.36 12.33
1533.6 35159.29 4414.33 12.56
1537.3 35020.99 4473.06 12.77
1541.1 34889.16 4517.64 12.95
1544.8 34754.40 4567.20 13.14
1548.6 34607.98 4618.08 13.34
1552.4 34514.76 4684.15 13.57
1556.1 34455.77 4781.44 13.88
1559.9 34373.05 4878.97 14.19
1563.6 34243.93 4950.01 14.46
1567.3 34122.03 5021.39 14.72
1571.1 33904.82 5079.28 14.98
1574.8 33749.79 5146.37 15.25
1578.6 33637.37 5213.00 15.50
1582.3 33496.17 5253.41 15.68
1586.0 33359.51 5285.58 15.84
1589.8 33217.24 5319.67 16.01
1593.5 33051.52 5356.46 16.21
1597.2 32917.71 5383.04 16.35
1600.9 32767.31 5416.36 16.53
1604.7 32613.52 5459.62 16.74
1608.4 32493.03 5495.30 16.91
1612.1 32320.35 5512.48 17.06
1615.8 32161.00 5533.80 17.21
1619.5 32072.28 5571.92 17.37
1623.2 31915.49 5588.41 17.51
1626.9 31725.78 5594.82 17.63
1630.6 31537.44 5595.04 17.74
1634.3 31397.73 5612.18 17.87
1638.0 31241.74 5627.27 18.01
1641.7 31050.65 5630.29 18.13
1645.4 30870.63 5633.08 18.25
1649.1 30683.95 5607.26 18.27
1652.8 30504.58 5590.85 18.33
1656.4 30322.32 5571.96 18.38
1660.1 30158.02 5545.98 18.39
1663.8 29966.42 5515.42 18.41
1667.5 29809.99 5489.65 18.42
1671.1 29676.54 5461.57 18.40
1674.8 29472.79 5407.89 18.35
1678.5 29413.48 5377.44 18.28
1682.1 29419.35 5349.19 18.18
1685.8 29417.21 5320.13 18.09
1689.5 29310.65 5274.22 17.99
1693.1 29167.59 5211.63 17.87
1696.8 29020.13 5144.25 17.73
1700.4 28874.60 5073.66 17.57
1704.0 28754.23 4999.28 17.39
1707.7 28493.62 4897.79 17.19
1711.3 28200.13 4786.32 16.97
1715.0 27991.44 4698.32 16.78
1718.6 27822.35 4614.70 16.59
1722.2 27677.55 4522.22 16.34
1725.9 27527.50 4439.92 16.13
1729.5 27386.37 4375.28 15.98
1733.1 27262.24 4332.59 15.89
1736.7 27144.69 4301.41 15.85
1740.3 26982.07 4255.92 15.77
1744.0 26899.89 4204.98 15.63
1747.5 26760.07 4145.99 15.49
1751.2 26551.35 4070.86 15.33
1754.8 26397.18 4002.03 15.16
1758.4 26262.14 3938.37 15.00
1762.0 26085.49 3865.40 14.82
1765.5 25956.49 3817.62 14.71
1769.1 25915.20 3794.40 14.64
1772.7 25841.75 3759.81 14.55
1776.3 25724.16 3714.90 14.44
1779.9 25608.69 3673.10 14.34
1783.5 25553.92 3645.60 14.27
1787.0 25434.82 3616.05 14.22
1790.6 25293.30 3585.71 14.18
1794.2 25193.03 3567.87 14.16
1797.8 25095.48 3551.34 14.15
1801.3 25012.46 3533.16 14.13
1804.9 24871.88 3520.13 14.15
1808.4 24792.34 3512.40 14.17
1812.0 24660.35 3483.35 14.13
1815.5 24519.60 3458.32 14.10
1819.1 24324.68 3435.98 14.13
1822.6 24164.48 3408.37 14.10
1826.2 24042.90 3382.27 14.07
1829.7 23859.90 3341.23 14.00
1833.2 23612.46 3303.09 13.99
1836.8 23400.20 3258.26 13.92
1840.3 23257.80 3199.59 13.76
1843.8 23131.92 3148.74 13.61
1847.3 23013.03 3110.46 13.52
1850.8 22865.47 3056.26 13.37
1854.3 22692.74 2976.32 13.12
1857.8 22594.00 2896.40 12.82
1861.3 22615.25 2804.62 12.40
1864.8 22605.64 2684.29 11.87
1868.3 22468.36 2526.68 11.25
1871.8 22341.12 2342.40 10.48
1875.3 22323.21 2150.33 9.63
1878.8 22320.32 1979.90 8.87
1882.3 22237.89 1825.09 8.21
1885.8 22045.10 1678.48 7.61
1889.3 21861.76 1543.09 7.06
1892.7 21710.01 1443.20 6.65
1896.2 21503.16 1379.52 6.42
1899.7 21232.37 1354.33 6.38
1903.1 21059.81 1358.28 6.45
1906.6 21101.81 1412.14 6.69
1910.0 21348.35 1542.75 7.23
1913.5 21771.66 1809.67 8.31
1917.0 22339.63 2178.58 9.75
1920.4 22881.38 2727.28 11.92
1923.8 23136.14 2980.07 12.88
1871.2 20260.60 1705.55 8.42
1873.9 20445.79 1589.27 7.77
1876.7 20658.97 1457.81 7.06
1879.5 20770.50 1352.54 6.51
1882.3 20488.21 1263.03 6.16
1885.1 20498.36 1155.08 5.63
1887.8 20542.45 1022.59 4.98
1890.6 20318.11 958.99 4.72
1893.4 20320.67 858.00 4.22
1896.2 20203.65 770.19 3.81
1898.9 20201.38 783.65 3.88
1901.7 20074.51 752.43 3.75
1904.5 20223.67 687.70 3.40
1907.2 20168.50 655.50 3.25
1910.0 20030.00 661.47 3.30
1912.7 20048.69 632.53 3.15
1915.5 19979.54 647.29 3.24
1918.2 19877.64 665.57 3.35
1921.0 19705.09 625.78 3.18
1923.7 19733.20 626.98 3.18
1926.5 19715.86 641.56 3.25
1929.2 19701.76 625.30 3.17
1932.0 19674.16 628.84 3.20
1934.7 19635.47 628.46 3.20
1937.4 19518.79 629.64 3.23
1940.2 19475.71 636.18 3.27
1942.9 19573.26 636.41 3.25
1945.6 19572.62 652.32 3.33
1948.3 19494.00 652.81 3.35
1951.1 19465.67 668.22 3.43
1953.8 19476.00 672.00 3.45
1956.5 19368.67 676.87 3.49
1959.2 19423.04 699.66 3.60
1961.9 19438.54 688.38 3.54
1964.6 19331.55 731.85 3.79
1967.3 19375.30 726.83 3.75
1970.0 19228.16 695.60 3.62
1972.8 19159.08 738.36 3.85
1975.5 19219.42 766.79 3.99
1978.2 19120.16 773.80 4.05
1980.9 19002.89 787.05 4.14
1983.5 18950.70 799.79 4.22
1986.2 18944.10 806.07 4.25
1988.9 18909.18 817.71 4.32
1991.6 18787.78 819.76 4.36
1994.3 18678.85 846.28 4.53
1997.0 18669.58 873.65 4.68
1999.7 18631.37 864.37 4.64
2002.3 18617.79 877.38 4.71
2005.0 18540.12 903.27 4.87
2007.7 18469.93 891.53 4.83
2010.4 18400.48 905.04 4.92
2013.0 18316.11 924.63 5.05
2015.7 18226.45 932.07 5.11
2018.4 18129.14 938.94 5.18
2021.0 18062.50 954.83 5.29
2023.7 17946.51 958.24 5.34
2026.4 17902.73 960.48 5.37
2029.0 17806.29 970.03 5.45
2031.7 17677.40 985.83 5.58
2034.3 17722.47 988.65 5.58
2037.0 17610.64 990.88 5.63
2039.6 17527.07 1004.36 5.73
2042.3 17481.88 1011.00 5.78
2044.9 17393.81 1023.83 5.89
2047.5 17348.93 1032.24 5.95
2050.2 17253.60 1033.20 5.99
2052.8 17214.40 1047.20 6.08
2055.4 17090.17 1036.62 6.07
2058.1 16973.60 1022.00 6.02
2060.7 16918.14 1059.31 6.26
2063.3 16842.61 1056.15 6.27
2065.9 16794.67 1055.25 6.28
2068.6 16710.92 1063.63 6.36
2071.2 16664.67 1071.36 6.43
2073.8 16591.32 1074.56 6.48
2076.4 16536.88 1080.57 6.53
2079.0 16525.61 1084.66 6.56
2081.6 16519.89 1094.39 6.62
2084.2 16487.00 1134.31 6.88
2086.8 16353.42 1111.54 6.80
2089.4 16268.28 1094.95 6.73
2092.1 16209.50 1124.83 6.94
2094.7 16113.80 1132.83 7.03
2097.2 16087.67 1122.00 6.97
2099.8 16089.36 1135.82 7.06
2102.4 15953.94 1143.02 7.16
2105.0 15826.05 1131.45 7.15
2107.6 15774.07 1130.79 7.17
2110.2 15742.83 1150.88 7.31
2112.8 15734.02 1176.83 7.48
2115.3 15735.22 1195.08 7.59
2117.9 15738.64 1198.39 7.61
2120.5 15682.70 1198.07 7.64
2123.1 15604.88 1193.40 7.65
2125.6 15567.02 1194.76 7.67
2128.2 15487.92 1199.93 7.75
2130.8 15394.28 1181.70 7.68
2133.3 15347.20 1182.13 7.70
2135.9 15264.31 1206.08 7.90
2138.4 15119.35 1175.72 7.78
2141.0 15032.51 1184.15 7.88
2143.6 14998.41 1216.64 8.11
2146.1 14847.40 1204.72 8.11
2148.7 14686.27 1189.35 8.10
2151.2 14704.80 1196.80 8.14
2153.8 14713.72 1221.48 8.30
2156.3 14589.47 1204.96 8.26
2158.8 14533.35 1178.38 8.11
2161.4 14517.59 1205.87 8.31
2163.9 14426.20 1223.56 8.48
2166.4 14354.62 1224.06 8.53
2169.0 14310.27 1215.19 8.49
2171.5 14227.48 1200.41 8.44
2174.0 14143.15 1210.83 8.56
2176.5 14124.76 1201.98 8.51
2179.1 14082.55 1201.66 8.53
2181.6 13967.33 1207.54 8.65
2184.1 13937.00 1191.96 8.55
2186.6 13993.83 1205.12 8.61
2189.1 13896.09 1213.38 8.73
2191.6 13840.87 1211.93 8.76
2194.1 13877.92 1212.41 8.74
2196.6 13844.81 1199.02 8.66
2199.2 13897.52 1217.43 8.76
2201.7 13871.80 1199.86 8.65
2204.1 13802.39 1194.79 8.66
2206.6 13786.08 1212.25 8.79
2209.1 13743.34 1184.71 8.62
2211.6 13738.26 1176.26 8.56
2214.1 13693.60 1205.13 8.80
2216.6 13643.61 1223.06 8.96
2219.1 13655.01 1192.68 8.73
2221.6 13597.41 1145.81 8.43
2224.0 13563.60 1139.19 8.40
2226.5 13534.39 1152.92 8.52
2229.0 13551.73 1164.84 8.60
2231.5 13416.49 1122.19 8.36
2233.9 13376.81 1104.47 8.26
2236.4 13409.64 1119.40 8.35
2238.9 13341.63 1100.50 8.25
2241.3 13300.17 1064.95 8.01
2243.8 13261.31 1061.06 8.00
2246.2 13153.53 1073.84 8.16
2248.7 13089.53 1045.16 7.98
2251.2 13067.33 1037.70 7.94
2253.6 13017.60 1013.76 7.79
2256.1 12979.20 967.68 7.46
2258.5 12980.99 975.78 7.52
2260.9 12912.45 981.76 7.60
2263.4 12850.74 944.23 7.35
2265.8 12840.17 946.28 7.37
2268.3 12768.77 927.45 7.26
2270.7 12812.36 863.63 6.74
2273.1 12778.22 859.04 6.72
2275.6 12710.40 867.84 6.83
2278.0 12729.12 868.59 6.82
2280.4 12680.26 881.27 6.95
2282.8 12544.20 855.64 6.82
2285.3 12570.98 820.44 6.53
2287.7 12679.54 820.05 6.47
2290.1 12579.51 810.43 6.44
2292.5 12520.09 765.89 6.12
2294.9 12538.64 770.58 6.15
2297.3 12458.25 794.96 6.38
2299.7 12334.59 769.93 6.24
2302.1 12311.40 734.60 5.97
2304.5 12214.72 725.20 5.94
2306.9 12089.28 697.76 5.77
2309.3 11994.02 673.95 5.62
2311.7 11939.85 675.10 5.65
2314.1 11791.37 661.64 5.61
2316.5 11721.50 669.80 5.71
2318.9 11765.88 677.97 5.76
2321.3 11730.50 673.48 5.74
2323.7 11744.39 658.90 5.61
2326.1 11719.24 656.89 5.61
2328.4 11761.55 675.34 5.74
2330.8 11807.83 666.67 5.65
2333.2 11712.54 642.46 5.49
2335.6 11662.03 622.75 5.34
2337.9 11681.16 609.31 5.22
2340.3 11629.38 638.15 5.49
2342.7 11548.22 638.98 5.53
2345.0 11508.47 581.79 5.06
2347.4 11492.00 556.75 4.84
2349.7 11315.65 563.86 4.98
2352.1 11286.89 596.08 5.28
2354.4 11296.02 593.17 5.25
2356.8 11214.70 569.80 5.08
2359.2 11154.00 567.67 5.09
2361.5 11109.05 541.05 4.87
2363.8 11141.66 496.26 4.45
2366.2 11165.73 534.01 4.78
2368.5 11089.40 565.15 5.10
2370.9 11067.03 536.80 4.85
2373.2 11030.32 521.61 4.73
2375.5 10914.30 515.85 4.73
2377.9 10876.18 492.30 4.53
2380.2 10876.88 499.40 4.59
2382.5 10821.23 500.86 4.63
2384.8 10769.44 473.28 4.39
2387.2 10736.28 496.96 4.63
2389.5 10704.02 491.05 4.59
2391.8 10661.73 484.84 4.55
2394.1 10613.91 499.03 4.70
2396.4 10610.47 493.51 4.65
2398.7 10654.34 467.68 4.39
2401.0 10513.07 519.23 4.94
2403.3 10428.12 478.08 4.58
2405.6 10456.51 404.87 3.87
2407.9 10375.71 440.88 4.25
2410.2 10317.44 446.19 4.32
2412.5 10224.31 452.27 4.42
2414.8 10187.84 457.02 4.49
2417.1 10204.62 438.74 4.30
2419.4 10195.97 422.01 4.14
2421.7 10103.31 410.02 4.06
2424.0 10048.90 380.40 3.79
2426.2 10074.05 379.85 3.77
2428.5 10032.46 400.22 3.99
2430.8 10006.20 370.60 3.70
2433.1 9945.94 359.56 3.62
2435.4 9886.37 397.25 4.02
2437.6 9830.42 374.87 3.81
2439.9 9708.34 359.36 3.70
2442.2 9709.99 369.74 3.81
2444.4 9752.18 344.60 3.53
2446.7 9688.56 338.72 3.50
2448.9 9658.24 361.22 3.74
2451.2 9631.36 339.72 3.53
2453.4 9564.32 307.36 3.21
2455.7 9566.46 346.66 3.62
2457.9 9468.86 323.57 3.42
2460.2 9395.46 265.10 2.82
2462.4 9422.40 293.28 3.11
2464.7 9348.95 309.11 3.31
2466.9 9251.22 282.48 3.05
2469.2 9249.34 252.79 2.73
2471.4 9151.61 275.73 3.01
2473.6 9078.42 287.89 3.17
2475.9 9042.40 298.03 3.30
2478.1 8956.32 307.43 3.43
2480.3 8952.70 285.43 3.19
2482.5 8971.16 293.08 3.27
2484.8 8832.66 247.58 2.80
2487.0 8762.09 214.79 2.45
2489.2 8850.00 248.77 2.81
2491.4 8753.22 276.66 3.16
2493.6 8669.20 266.50 3.07
2495.8 8662.66 261.31 3.02
2498.0 8674.13 235.09 2.71
2500.2 8694.60 235.90 2.71
2502.4 8942.16 248.64 2.78
2504.6 9089.52 225.36 2.48
2506.8 9176.65 253.28 2.76
