/*** Spectra Vista SIG Data ***/
name= \My Documents\HR1024_Data\AB1.
instrument= HR: 1091052
integration= 200, 60, 30, 1000, 60, 30
scan time= 1, 1
scan settings= AD, AI, AD, AI
external data set1= 8224, 8224, 8224, 8224, 8224, 8224, 8224, 8224, 8224, 8224, 8224, 8224, 8224, 8224, 8224, 8224
external data set2= 8224, 8224, 8224, 8224, 8224, 8224, 8224, 8224, 8224, 8224, 8224, 8224, 8224, 8224, 8224, 8224
external data dark= 0,0,0,0,0,0,0,0
external data mask= 0
optic= LENS4 , LENS4 
temp= 48.69, 9.01, -4.97, 49.10, 8.94, -4.97
battery= 6.3, 6.1
error= 0, 0
units= Radiance, Radiance
time= 1/1/08 2:18:54 PM, 1/1/08 2:27:13 PM
longitude= , 
latitude= , 
gpstime= , 
comm= 
memory slot= 0, 0
factors= 
data= 
346.4 509.60 62.43 12.25
347.9 549.06 63.38 11.54
349.5 608.40 60.53 9.95
351.1 655.20 61.78 9.43
352.6 708.40 67.05 9.46
354.2 752.68 73.96 9.83
355.7 818.30 76.11 9.30
357.3 873.81 75.59 8.65
358.8 891.23 76.89 8.63
360.4 967.31 84.42 8.73
361.9 1009.93 79.40 7.86
363.5 1059.53 77.56 7.32
365.1 1102.67 83.91 7.61
366.6 1156.59 77.34 6.69
368.2 1218.77 82.59 6.78
369.7 1306.00 81.63 6.25
371.3 1379.56 83.63 6.06
372.8 1457.48 87.65 6.01
374.4 1528.58 82.77 5.41
375.9 1575.56 89.37 5.67
377.4 1632.76 84.57 5.18
379.0 1683.54 89.75 5.33
380.5 1741.87 95.40 5.48
382.1 1805.51 89.24 4.94
383.6 1862.60 94.69 5.08
385.2 1949.75 88.55 4.54
386.7 2036.04 91.51 4.49
388.3 2135.96 103.81 4.86
389.8 2212.47 102.11 4.62
391.3 2314.34 109.17 4.72
392.9 2392.65 109.82 4.59
394.4 2474.90 114.55 4.63
395.9 2552.82 125.60 4.92
397.5 2664.75 126.62 4.75
399.0 2774.82 123.60 4.45
400.6 2852.64 125.09 4.38
402.1 2910.24 123.32 4.24
403.6 2965.71 121.79 4.11
405.1 3036.77 127.96 4.21
406.7 3133.76 130.37 4.16
408.2 3234.33 135.43 4.19
409.7 3330.88 140.67 4.22
411.3 3437.91 146.42 4.26
412.8 3528.93 152.15 4.31
414.3 3634.54 156.15 4.30
415.8 3740.00 168.50 4.51
417.4 3868.37 169.00 4.37
418.9 3954.39 175.58 4.44
420.4 4037.85 178.96 4.43
421.9 4106.74 179.56 4.37
423.5 4196.00 179.80 4.28
425.0 4263.51 186.54 4.38
426.5 4364.50 189.63 4.34
428.0 4488.82 190.06 4.23
429.5 4615.58 197.90 4.29
431.1 4756.23 202.79 4.26
432.6 4917.76 209.55 4.26
434.1 5064.68 217.14 4.29
435.6 5199.35 225.62 4.34
437.1 5333.25 233.22 4.37
438.6 5454.84 237.77 4.36
440.1 5584.70 243.45 4.36
441.6 5717.14 251.91 4.41
443.1 5852.25 256.37 4.38
444.7 5982.11 258.11 4.31
446.2 6104.50 270.70 4.43
447.7 6213.60 271.85 4.38
449.2 6315.84 273.46 4.33
450.7 6414.72 273.31 4.26
452.2 6543.45 278.64 4.26
453.7 6682.65 284.96 4.26
455.2 6842.54 288.28 4.21
456.7 7029.44 301.31 4.29
458.2 7231.16 311.75 4.31
459.7 7428.75 323.05 4.35
461.2 7633.63 331.11 4.34
462.7 7815.14 344.75 4.41
464.2 8000.76 357.95 4.47
465.7 8191.53 367.61 4.49
467.2 8352.58 377.30 4.52
468.7 8552.00 389.20 4.55
470.2 8711.17 400.80 4.60
471.7 8854.00 410.40 4.64
473.2 9050.37 406.05 4.49
474.6 9252.88 401.97 4.34
476.1 9378.88 399.41 4.26
477.6 9464.51 406.38 4.29
479.1 9567.20 411.97 4.31
480.6 9658.16 412.32 4.27
482.1 9797.74 415.60 4.24
483.6 9963.22 423.88 4.25
485.1 10140.49 433.13 4.27
486.6 10356.19 449.44 4.34
488.0 10562.50 463.78 4.39
489.5 10784.97 483.85 4.49
491.0 10998.86 503.42 4.58
492.5 11224.98 527.80 4.70
494.0 11462.99 557.21 4.86
495.4 11663.85 580.47 4.98
496.9 11870.36 610.22 5.14
498.4 12074.30 641.46 5.31
499.9 12278.41 674.63 5.49
501.4 12476.75 708.12 5.68
502.8 12664.51 744.45 5.88
504.3 12846.60 780.48 6.08
505.8 13033.73 815.07 6.25
507.2 13172.68 850.59 6.46
508.7 13289.99 881.40 6.63
510.2 13412.81 911.88 6.80
511.6 13494.72 944.39 7.00
513.1 13630.43 972.03 7.13
514.6 13795.53 1005.21 7.29
516.0 13946.28 1038.48 7.45
517.5 14135.83 1075.02 7.60
519.0 14365.19 1122.23 7.81
520.5 14579.60 1165.06 7.99
521.9 14828.55 1213.89 8.19
523.4 15093.49 1264.84 8.38
524.8 15349.14 1319.35 8.60
526.3 15633.70 1374.78 8.79
527.8 15915.89 1430.40 8.99
529.2 16178.21 1482.53 9.16
530.7 16455.24 1535.98 9.33
532.1 16698.15 1589.02 9.52
533.6 16994.07 1642.46 9.66
535.0 17295.55 1699.58 9.83
536.5 17581.25 1752.62 9.97
538.0 17895.84 1813.14 10.13
539.4 18160.64 1869.56 10.29
540.9 18488.86 1920.40 10.39
542.3 18738.28 1960.52 10.46
543.8 18940.29 1996.92 10.54
545.2 19020.35 2023.98 10.64
546.6 19057.19 2048.16 10.75
548.1 19121.11 2069.41 10.82
549.5 19166.91 2084.09 10.87
551.0 19217.70 2098.76 10.92
552.4 19311.21 2119.93 10.98
553.9 19371.38 2133.68 11.01
555.3 19461.20 2152.68 11.06
556.8 19596.88 2179.65 11.12
558.2 19743.75 2205.90 11.17
559.6 19902.71 2235.83 11.23
561.1 20117.50 2277.28 11.32
562.5 20332.52 2321.70 11.42
564.0 20611.34 2376.23 11.53
565.4 20865.50 2430.14 11.65
566.8 21177.73 2496.30 11.79
568.3 21463.05 2556.26 11.91
569.7 21776.78 2621.89 12.04
571.1 22080.65 2687.31 12.17
572.6 22373.82 2749.79 12.29
574.0 22675.95 2814.90 12.41
575.4 22958.44 2877.86 12.54
576.9 23231.09 2942.48 12.67
578.3 23477.03 3001.93 12.79
579.7 23721.74 3069.28 12.94
581.1 23920.49 3128.33 13.08
582.6 24132.47 3191.51 13.22
584.0 24305.80 3252.08 13.38
585.4 24549.94 3318.71 13.52
586.8 24845.17 3391.11 13.65
588.3 25201.80 3461.33 13.73
589.7 25517.70 3533.40 13.85
591.1 25735.55 3597.39 13.98
592.5 25883.00 3656.20 14.13
594.0 25998.42 3701.18 14.24
595.4 26057.54 3746.98 14.38
596.8 26115.38 3794.51 14.53
598.2 26174.55 3838.51 14.67
599.6 26202.06 3883.73 14.82
601.0 26298.70 3937.41 14.97
602.4 26372.18 3992.66 15.14
603.9 26501.77 4056.28 15.31
605.3 26625.41 4128.11 15.50
606.7 26749.80 4197.96 15.69
608.1 26941.18 4288.37 15.92
609.5 27151.69 4381.26 16.14
610.9 27387.74 4488.24 16.39
612.3 27589.20 4590.56 16.64
613.7 27871.80 4705.82 16.88
615.1 28061.64 4803.62 17.12
616.5 28235.16 4901.99 17.36
617.9 28534.12 5032.17 17.64
619.3 28808.15 5170.67 17.95
620.7 29149.14 5340.81 18.32
622.1 29527.66 5374.86 18.20
623.5 29951.83 5298.25 17.69
624.9 30436.35 5151.25 16.92
626.3 30757.12 5008.03 16.28
627.7 30461.43 4876.34 16.01
629.1 30188.34 4893.74 16.21
630.5 30083.03 5035.72 16.74
631.9 30076.12 5250.47 17.46
633.3 30078.24 5464.33 18.17
634.7 30183.54 5685.34 18.84
636.1 30268.81 5833.51 19.27
637.5 30374.19 5991.08 19.72
638.9 30520.15 6173.49 20.23
640.2 30643.60 6356.70 20.74
641.6 30733.56 6530.94 21.25
643.0 30777.50 6685.82 21.72
644.4 30869.16 6824.31 22.11
645.8 30855.38 6912.36 22.40
647.2 31023.20 7019.25 22.63
648.5 31185.15 7103.34 22.78
649.9 31117.13 7158.84 23.01
651.3 31099.80 7245.06 23.30
652.7 31059.00 7294.02 23.48
654.1 30961.56 7092.67 22.91
655.5 30829.51 6833.07 22.16
656.8 30685.81 6600.28 21.51
658.2 30861.69 6486.58 21.02
659.6 31181.89 6431.90 20.63
660.9 31452.29 6390.53 20.32
662.3 31767.46 6347.97 19.98
663.7 32102.70 6294.12 19.61
665.0 32334.98 6232.92 19.28
666.4 32575.38 6182.20 18.98
667.8 32873.84 6159.25 18.74
669.1 33084.01 6124.78 18.51
670.5 33327.47 6112.79 18.34
671.9 33513.12 6088.58 18.17
673.2 33742.50 6105.14 18.09
674.6 33950.66 6135.82 18.07
676.0 34219.05 6202.16 18.12
677.3 34494.18 6301.76 18.27
678.7 34767.13 6424.30 18.48
680.0 35103.31 6613.21 18.84
681.4 35420.13 6856.07 19.36
682.8 35763.00 7153.51 20.00
684.1 36073.44 7514.21 20.83
685.5 36318.59 7920.56 21.81
686.8 36607.26 8364.98 22.85
688.2 36844.31 8813.30 23.92
689.5 36898.97 9240.54 25.04
690.9 36950.15 9660.99 26.15
692.2 37008.15 10062.30 27.19
693.6 37024.93 10481.66 28.31
694.9 37005.38 10824.07 29.25
696.2 37027.13 11140.22 30.09
697.6 37047.86 11407.22 30.79
698.9 37049.76 11674.61 31.51
700.3 37075.62 11934.90 32.19
701.6 37124.24 12183.95 32.82
703.0 37178.40 12417.03 33.40
704.3 37172.20 12583.74 33.85
705.6 37157.22 12744.72 34.30
707.0 37168.46 12888.94 34.68
708.3 37076.04 12980.60 35.01
709.6 36967.81 13052.29 35.31
711.0 36867.73 13083.03 35.49
712.3 36770.31 13113.82 35.66
713.6 36755.88 13157.09 35.80
714.9 36684.64 13200.90 35.98
716.3 36701.44 13254.34 36.11
717.6 36734.04 13313.23 36.24
718.9 36680.73 13325.88 36.33
720.2 36496.25 13261.46 36.34
721.6 36394.28 13227.16 36.34
722.9 36240.12 13214.17 36.46
724.2 36067.30 13176.97 36.53
725.5 35963.70 13175.58 36.64
726.8 35833.96 13143.93 36.68
728.1 35810.80 13121.39 36.64
729.5 35779.10 13093.93 36.60
730.8 35779.13 13077.04 36.55
732.1 35704.25 13068.16 36.60
733.4 35690.92 13062.64 36.60
734.7 35685.89 13042.33 36.55
736.0 35729.66 13055.84 36.54
737.3 35717.44 13052.11 36.54
738.6 35830.21 13105.94 36.58
739.9 36014.88 13227.71 36.73
741.2 36161.58 13305.47 36.79
742.5 36363.94 13446.45 36.98
743.8 36737.66 13655.57 37.17
745.1 37309.08 13948.78 37.39
746.4 37926.98 14217.84 37.49
747.7 38536.99 14433.85 37.45
749.0 39118.92 14615.36 37.36
750.3 39493.02 14658.94 37.12
751.6 39440.80 14565.82 36.93
752.9 39084.79 14441.25 36.95
754.2 38731.25 14343.48 37.03
755.4 38386.91 14239.92 37.10
756.7 38244.09 14250.67 37.26
758.0 38261.36 14328.13 37.45
759.3 38489.95 14483.14 37.63
760.6 38786.44 14699.61 37.90
761.9 39062.28 14895.42 38.13
763.1 39197.21 14990.55 38.24
764.4 39371.54 15119.00 38.40
765.7 39490.75 15200.25 38.49
767.0 39577.16 15264.16 38.57
768.2 39644.64 15324.96 38.66
769.5 39697.68 15376.70 38.73
770.8 39836.32 15458.12 38.80
772.0 39856.44 15492.36 38.87
773.3 39898.95 15562.03 39.00
774.6 39978.84 15625.02 39.08
775.8 40054.79 15664.61 39.11
777.1 40085.96 15695.20 39.15
778.4 40059.57 15679.62 39.14
779.6 39999.54 15699.56 39.25
780.9 39948.00 15712.00 39.33
782.1 39837.20 15687.27 39.38
783.4 39802.88 15716.48 39.49
784.6 39851.08 15759.82 39.55
785.9 40095.40 15949.85 39.78
787.1 40531.58 16212.63 40.00
788.4 40834.19 16260.75 39.82
789.6 40796.10 16028.01 39.29
790.9 40479.11 15734.10 38.87
792.1 40128.24 15581.84 38.83
793.4 39739.41 15452.94 38.89
794.6 39507.48 15348.95 38.85
795.8 39314.07 15271.40 38.84
797.1 39097.95 15216.45 38.92
798.3 38940.83 15187.92 39.00
799.5 38821.14 15149.47 39.02
800.8 38733.05 15109.23 39.01
802.0 38591.76 15047.98 38.99
803.2 38469.72 14989.22 38.96
804.5 38377.94 14948.67 38.95
805.7 38264.87 14906.16 38.96
806.9 38181.95 14871.87 38.95
808.1 38074.65 14858.40 39.02
809.4 38033.33 14863.04 39.08
810.6 37951.55 14855.75 39.14
811.8 37942.61 14875.26 39.20
813.0 37965.80 14909.87 39.27
814.2 37975.49 14941.62 39.35
815.4 38039.93 14978.84 39.38
816.6 38032.65 14961.97 39.34
817.9 38050.16 14945.80 39.28
819.1 37997.24 14894.12 39.20
820.3 37865.18 14817.42 39.13
821.5 37787.61 14767.97 39.08
822.7 37714.41 14742.78 39.09
823.9 37704.87 14759.69 39.15
825.1 37688.07 14752.73 39.14
826.3 37716.38 14762.22 39.14
827.5 37726.06 14769.37 39.15
828.7 37779.60 14773.49 39.10
829.9 37796.29 14772.83 39.09
831.0 37849.02 14826.23 39.17
832.2 37913.75 14881.68 39.25
833.4 37950.44 14918.71 39.31
834.6 37978.13 14974.69 39.43
835.8 38031.53 15020.78 39.50
837.0 38073.26 15094.86 39.65
838.1 38178.69 15194.40 39.80
839.3 38239.24 15249.92 39.88
840.5 38296.24 15305.68 39.97
841.7 38381.58 15413.57 40.16
842.9 38485.06 15542.14 40.38
844.0 38543.94 15607.28 40.49
845.2 38626.85 15697.84 40.64
846.4 38724.98 15753.24 40.68
847.5 38888.12 15842.09 40.74
848.7 39002.30 15923.37 40.83
849.9 39141.74 15956.82 40.77
851.0 39173.78 15935.02 40.68
852.2 39245.07 15925.38 40.58
853.3 39202.67 15886.68 40.52
854.5 39188.19 15880.05 40.52
855.6 39170.88 15883.02 40.55
856.8 39193.80 15937.64 40.66
857.9 39192.81 15950.63 40.70
859.1 39326.60 16033.20 40.77
860.2 39300.24 16064.24 40.88
861.4 39344.78 16081.76 40.87
862.5 39384.29 16101.13 40.88
863.7 39467.66 16138.41 40.89
864.8 39454.45 16159.50 40.96
865.9 39398.65 16153.52 41.00
867.1 39448.45 16157.36 40.96
868.2 39441.53 16165.95 40.99
869.3 39465.67 16189.81 41.02
870.5 39438.89 16160.36 40.98
871.6 39473.54 16192.93 41.02
872.7 39541.37 16245.34 41.08
873.9 39548.50 16274.03 41.15
875.0 39546.05 16247.87 41.09
876.1 39583.15 16239.95 41.03
877.2 39616.79 16254.00 41.03
878.3 39601.98 16231.08 40.99
879.4 39662.11 16244.74 40.96
880.5 39702.60 16256.95 40.95
881.7 39698.10 16190.20 40.78
882.8 39775.46 16184.14 40.69
883.9 39785.32 16147.08 40.59
885.0 39766.55 16062.77 40.39
886.1 39735.85 16021.39 40.32
887.2 39664.66 15925.13 40.15
888.3 39567.00 15833.99 40.02
889.4 39535.02 15778.02 39.91
890.5 39459.91 15740.74 39.89
891.6 39428.33 15700.95 39.82
892.7 39429.01 15664.84 39.73
893.8 39492.50 15724.32 39.82
894.9 39505.51 15743.77 39.85
896.0 39527.49 15708.21 39.74
897.0 39487.40 15665.71 39.67
898.1 39490.45 15671.73 39.68
899.2 39536.22 15651.97 39.59
900.3 39503.73 15609.94 39.52
901.4 39454.09 15551.60 39.42
902.4 39461.49 15551.63 39.41
903.5 39418.10 15531.45 39.40
904.6 39431.18 15516.60 39.35
905.7 39454.64 15509.36 39.31
906.7 39397.52 15495.01 39.33
907.8 39514.80 15497.94 39.22
908.9 39443.33 15437.22 39.14
909.9 39411.21 15401.32 39.08
911.0 39357.50 15352.66 39.01
912.1 39280.99 15287.52 38.92
913.1 39233.48 15232.98 38.83
914.2 39173.92 15163.26 38.71
915.2 39170.79 15126.86 38.62
916.3 39094.50 15097.11 38.62
917.3 39076.47 15066.87 38.56
918.4 39031.30 14983.71 38.39
919.4 39022.48 14910.11 38.21
920.5 39026.74 14869.00 38.10
921.5 39018.63 14814.77 37.97
922.6 38959.72 14737.07 37.83
923.6 39026.05 14688.78 37.64
924.7 39022.50 14624.30 37.48
925.7 39030.84 14565.43 37.32
926.7 39009.32 14465.04 37.08
927.8 39032.57 14380.65 36.84
928.8 39142.62 14334.39 36.62
929.9 39330.10 14309.87 36.38
930.9 39447.46 14303.84 36.26
931.9 39602.61 14330.28 36.19
932.9 39864.58 14361.48 36.03
934.0 39909.81 14321.13 35.88
935.0 39942.68 14245.04 35.66
936.0 39929.50 14140.56 35.41
937.0 39883.94 14081.30 35.31
938.1 39848.52 13994.76 35.12
939.1 39753.89 13930.69 35.04
940.1 39867.76 13866.31 34.78
941.1 39995.43 13850.15 34.63
942.1 40229.45 13812.24 34.33
943.1 40393.76 13785.88 34.13
944.1 40552.56 13788.38 34.00
945.2 40570.32 13691.83 33.75
946.2 40685.67 13601.47 33.43
947.2 40740.25 13506.08 33.15
948.2 40874.09 13472.40 32.96
949.2 40954.06 13359.45 32.62
950.2 41026.00 13254.77 32.31
951.2 41012.16 13171.87 32.12
952.2 41170.94 13074.75 31.76
953.2 41257.13 13024.83 31.57
954.2 41395.95 12994.65 31.39
955.2 41401.94 12889.14 31.13
956.2 41391.82 12808.92 30.95
957.2 41524.97 12730.49 30.66
958.2 41486.28 12690.50 30.59
959.2 41625.00 12683.97 30.47
960.1 41647.94 12635.65 30.34
961.1 41725.78 12637.85 30.29
962.1 41752.50 12604.13 30.19
963.1 41720.60 12623.81 30.26
964.1 41837.60 12633.46 30.20
965.1 41932.95 12648.94 30.16
966.1 41961.44 12637.61 30.12
967.0 42058.17 12619.47 30.00
968.0 42094.69 12642.96 30.03
969.0 42115.20 12643.12 30.02
970.0 42092.26 12638.71 30.03
971.0 42266.18 12673.02 29.98
971.9 42275.33 12630.64 29.88
972.9 42388.85 12603.55 29.73
973.9 42492.13 12488.32 29.39
974.9 42580.28 12437.43 29.21
975.8 42630.52 12369.09 29.01
976.8 42806.43 12316.97 28.77
977.8 42848.34 12239.65 28.57
978.8 42868.95 12203.52 28.47
979.7 43050.58 12159.77 28.25
980.7 43264.32 12128.33 28.03
981.7 43347.07 12069.35 27.84
982.6 43545.07 12021.70 27.61
983.6 44003.55 12113.04 27.53
984.6 44377.46 12063.42 27.18
985.5 44900.28 12060.50 26.86
986.5 45688.01 12251.98 26.82
987.5 46285.78 12245.11 26.46
988.4 47161.40 12185.14 25.84
989.4 47812.76 12458.78 26.06
990.4 48753.98 12553.42 25.75
991.3 50274.64 12781.69 25.42
992.3 50864.45 12481.35 24.54
993.2 51610.85 12970.03 25.13
994.2 53891.66 12650.63 23.47
995.2 55394.96 12981.44 23.43
996.1 55625.12 13142.20 23.63
997.1 56348.70 12768.03 22.66
998.0 54473.40 12744.72 23.40
999.0 55283.87 12140.77 21.96
1000.0 55127.21 12150.49 22.04
1000.9 55875.58 11332.51 20.28
1001.9 56355.47 11919.79 21.15
1002.8 54776.67 11958.88 21.83
1003.8 57170.04 12044.99 21.07
1004.8 54763.20 11226.46 20.50
961.5 49984.08 11311.68 22.63
965.5 48959.90 11003.18 22.47
969.5 47367.08 10568.98 22.31
973.4 45664.01 9962.24 21.82
977.4 44063.24 9391.49 21.31
981.4 43484.76 9163.75 21.07
985.3 43466.28 9257.07 21.30
989.3 43739.41 9543.68 21.82
993.3 44088.36 9828.25 22.29
997.2 44246.85 10067.75 22.75
1001.2 44240.69 10252.32 23.17
1005.2 44147.66 10366.71 23.48
1009.1 44170.72 10505.43 23.78
1013.1 44298.35 10708.04 24.17
1017.1 44409.64 10943.43 24.64
1021.0 44418.65 11124.29 25.04
1025.0 44431.92 11289.45 25.41
1029.0 44310.95 11403.99 25.74
1032.9 44196.36 11507.47 26.04
1036.9 44214.81 11653.11 26.36
1040.9 44317.48 11852.41 26.74
1044.8 44471.57 12080.49 27.16
1048.8 44586.22 12289.82 27.56
1052.7 44660.98 12477.10 27.94
1056.7 44664.90 12618.46 28.25
1060.7 44652.74 12715.09 28.48
1064.6 44643.90 12802.94 28.68
1068.6 44545.19 12838.37 28.82
1072.5 44448.63 12811.56 28.82
1076.5 44390.31 12796.69 28.83
1080.4 44363.13 12783.33 28.82
1084.4 44428.99 12737.84 28.67
1088.3 44526.89 12688.31 28.50
1092.3 44515.11 12609.90 28.33
1096.2 44485.25 12507.97 28.12
1100.2 44489.30 12398.59 27.87
1104.1 44387.15 12261.53 27.62
1108.1 44344.78 12130.04 27.35
1112.0 44255.25 11958.93 27.02
1116.0 44078.91 11744.33 26.64
1119.9 43920.46 11486.53 26.15
1123.9 43980.05 11251.97 25.58
1127.8 43933.44 10920.96 24.86
1131.8 43891.20 10485.12 23.89
1135.7 43904.71 9978.52 22.73
1139.6 43873.24 9439.59 21.52
1143.6 43814.30 8933.93 20.39
1147.5 43764.96 8524.43 19.48
1151.4 43600.54 8216.15 18.84
1155.4 43567.43 8035.82 18.44
1159.3 43548.37 7941.02 18.23
1163.2 43379.84 7856.93 18.11
1167.2 43333.14 7823.40 18.05
1171.1 43320.14 7807.86 18.02
1175.0 43247.45 7761.65 17.95
1179.0 43203.54 7736.86 17.91
1182.9 43281.26 7737.00 17.88
1186.8 43262.79 7701.85 17.80
1190.7 43059.97 7633.83 17.73
1194.7 42822.73 7586.81 17.72
1198.6 42602.18 7546.77 17.71
1202.5 42456.57 7512.45 17.69
1206.4 42335.53 7518.91 17.76
1210.3 42230.32 7530.28 17.83
1214.2 42126.94 7530.85 17.88
1218.2 41984.08 7535.35 17.95
1222.1 41854.50 7561.98 18.07
1226.0 41760.57 7600.46 18.20
1229.9 41673.90 7638.36 18.33
1233.8 41576.55 7667.82 18.44
1237.7 41528.30 7708.83 18.56
1241.6 41457.25 7744.46 18.68
1245.5 41309.15 7757.93 18.78
1249.4 41175.26 7760.05 18.85
1253.3 41058.30 7772.84 18.93
1257.2 40978.33 7787.18 19.00
1261.1 40873.57 7791.55 19.06
1265.0 40757.89 7798.72 19.13
1268.9 40587.74 7763.51 19.13
1272.8 40626.75 7752.00 19.08
1276.7 40780.33 7766.73 19.05
1280.6 40842.56 7745.71 18.96
1284.5 40748.73 7671.60 18.83
1288.4 40697.88 7600.42 18.68
1292.3 40562.50 7510.25 18.52
1296.2 40411.46 7411.93 18.34
1300.1 40239.63 7294.87 18.13
1303.9 40009.73 7141.39 17.85
1307.8 39785.54 6981.94 17.55
1311.7 39554.21 6819.51 17.24
1315.6 39326.35 6640.85 16.89
1319.5 39086.11 6449.03 16.50
1323.3 38870.69 6259.72 16.10
1327.2 38681.53 6065.14 15.68
1331.1 38474.56 5868.12 15.25
1335.0 38203.08 5661.08 14.82
1338.8 38009.09 5477.00 14.41
1342.7 37876.27 5328.18 14.07
1346.5 37598.34 5154.45 13.71
1350.4 37400.07 4980.42 13.32
1354.3 37094.65 4796.33 12.93
1358.1 36731.71 4615.90 12.57
1362.0 36487.36 4464.10 12.23
1365.8 36370.47 4350.79 11.96
1369.7 36432.94 4265.49 11.71
1373.5 36366.82 4140.11 11.38
1377.4 36166.21 3922.44 10.85
1381.2 35990.96 3647.44 10.13
1385.1 35936.27 3391.33 9.44
1389.0 35813.45 3148.02 8.79
1392.8 35598.92 2909.95 8.17
1396.6 35460.61 2678.54 7.55
1400.5 35253.63 2475.55 7.02
1404.3 35072.57 2328.85 6.64
1408.2 35016.72 2214.61 6.32
1412.0 34945.02 2121.25 6.07
1415.8 34962.39 2057.59 5.89
1419.6 34891.95 2009.58 5.76
1423.5 34842.23 1968.78 5.65
1427.3 34796.45 1938.20 5.57
1431.1 34758.75 1913.48 5.51
1434.9 34669.05 1894.62 5.46
1438.8 34606.94 1891.36 5.47
1442.6 34573.84 1883.33 5.45
1446.4 34441.31 1876.27 5.45
1450.2 34332.12 1877.47 5.47
1454.0 34220.52 1867.32 5.46
1457.8 34188.19 1870.68 5.47
1461.6 34155.00 1880.80 5.51
1465.4 34045.70 1892.19 5.56
1469.2 33870.20 1895.08 5.60
1473.0 33726.92 1910.40 5.66
1476.8 33664.28 1945.41 5.78
1480.7 33601.58 1978.17 5.89
1484.4 33488.64 2015.52 6.02
1488.2 33386.04 2061.12 6.17
1492.0 33257.25 2105.72 6.33
1495.8 33142.20 2145.33 6.47
1499.6 33034.11 2181.00 6.60
1503.4 32933.47 2196.48 6.67
1507.2 32852.74 2189.57 6.66
1510.9 32722.34 2214.14 6.77
1514.7 32573.11 2256.96 6.93
1518.5 32453.90 2299.46 7.09
1522.3 32317.90 2342.94 7.25
1526.0 32200.64 2383.38 7.40
1529.8 32127.61 2416.36 7.52
1533.6 32011.66 2440.19 7.62
1537.3 31894.88 2470.63 7.75
1541.1 31782.08 2501.52 7.87
1544.8 31651.20 2532.00 8.00
1548.6 31528.46 2567.47 8.14
1552.4 31450.00 2595.86 8.25
1556.1 31366.15 2617.26 8.34
1559.9 31270.43 2640.58 8.44
1563.6 31150.17 2663.74 8.55
1567.3 31046.10 2703.09 8.71
1571.1 30855.35 2724.71 8.83
1574.8 30723.08 2742.66 8.93
1578.6 30633.26 2774.86 9.06
1582.3 30519.48 2799.91 9.17
1586.0 30400.45 2808.11 9.24
1589.8 30269.89 2815.02 9.30
1593.5 30123.48 2822.35 9.37
1597.2 29998.09 2842.78 9.48
1600.9 29883.71 2857.17 9.56
1604.7 29753.95 2866.78 9.63
1608.4 29639.51 2882.39 9.72
1612.1 29489.62 2895.62 9.82
1615.8 29365.23 2906.45 9.90
1619.5 29298.37 2916.10 9.95
1623.2 29161.12 2925.77 10.03
1626.9 29003.45 2933.04 10.11
1630.6 28846.40 2940.30 10.19
1634.3 28721.00 2942.71 10.25
1638.0 28599.28 2934.19 10.26
1641.7 28456.49 2923.23 10.27
1645.4 28299.47 2915.89 10.30
1649.1 28138.66 2897.68 10.30
1652.8 28008.70 2872.38 10.26
1656.4 27859.80 2854.45 10.25
1660.1 27720.43 2836.76 10.23
1663.8 27551.22 2815.38 10.22
1667.5 27406.07 2797.54 10.21
1671.1 27282.14 2777.50 10.18
1674.8 27100.13 2762.27 10.19
1678.5 27060.12 2755.32 10.18
1682.1 27085.37 2745.99 10.14
1685.8 27087.74 2736.54 10.10
1689.5 26985.46 2726.90 10.11
1693.1 26859.21 2711.28 10.09
1696.8 26718.75 2679.00 10.03
1700.4 26575.97 2655.93 9.99
1704.0 26457.91 2633.59 9.95
1707.7 26210.69 2590.98 9.89
1711.3 25940.59 2543.48 9.81
1715.0 25755.85 2510.55 9.75
1718.6 25603.66 2475.07 9.67
1722.2 25471.82 2432.08 9.55
1725.9 25346.15 2400.94 9.47
1729.5 25225.17 2375.15 9.42
1733.1 25122.33 2355.82 9.38
1736.7 25028.77 2343.82 9.36
1740.3 24869.68 2315.97 9.31
1744.0 24796.20 2302.56 9.29
1747.5 24670.34 2278.62 9.24
1751.2 24460.97 2228.94 9.11
1754.8 24300.77 2196.59 9.04
1758.4 24168.99 2164.67 8.96
1762.0 24004.67 2135.77 8.90
1765.5 23878.06 2114.27 8.85
1769.1 23824.80 2107.20 8.84
1772.7 23745.17 2096.59 8.83
1776.3 23631.64 2075.47 8.78
1779.9 23517.13 2064.58 8.78
1783.5 23453.36 2055.92 8.77
1787.0 23338.16 2039.18 8.74
1790.6 23194.11 2028.89 8.75
1794.2 23099.94 2017.06 8.73
1797.8 23019.59 2006.61 8.72
1801.3 22943.45 2006.71 8.75
1804.9 22821.75 1989.75 8.72
1808.4 22758.56 1977.73 8.69
1812.0 22651.25 1973.81 8.71
1815.5 22537.46 1962.68 8.71
1819.1 22377.91 1943.93 8.69
1822.6 22230.86 1930.73 8.68
1826.2 22108.08 1926.02 8.71
1829.7 21962.63 1912.27 8.71
1833.2 21769.52 1892.33 8.69
1836.8 21568.82 1872.78 8.68
1840.3 21408.35 1862.60 8.70
1843.8 21283.15 1876.21 8.82
1847.3 21175.36 1911.03 9.02
1850.8 21026.88 1947.46 9.26
1854.3 20829.70 1976.64 9.49
1857.8 20716.80 1976.00 9.54
1861.3 20743.52 1919.27 9.25
1864.8 20771.48 1820.77 8.77
1868.3 20668.83 1652.63 8.00
1871.8 20505.60 1482.24 7.23
1875.3 20412.67 1369.10 6.71
1878.8 20386.82 1276.11 6.26
1882.3 20318.80 1198.45 5.90
1885.8 20165.84 1124.34 5.58
1889.3 19976.70 1067.65 5.34
1892.7 19815.25 1044.77 5.27
1896.2 19650.94 1032.23 5.25
1899.7 19441.16 1015.75 5.22
1903.1 19313.45 1021.94 5.29
1906.6 19304.54 1107.24 5.74
1910.0 19451.18 1209.18 6.22
1913.5 19794.95 1280.69 6.47
1917.0 20308.75 1403.15 6.91
1920.4 20662.58 1664.10 8.05
1923.8 20806.27 1733.86 8.33
1871.2 18887.00 847.05 4.48
1873.9 18953.16 880.54 4.65
1876.7 18991.47 928.61 4.89
1879.5 19143.67 841.79 4.40
1882.3 18900.39 712.71 3.77
1885.1 18757.12 680.98 3.63
1887.8 18909.61 676.23 3.58
1890.6 18719.80 678.31 3.62
1893.4 18700.00 645.33 3.45
1896.2 18690.78 632.65 3.38
1898.9 18634.09 635.91 3.41
1901.7 18493.24 587.83 3.18
1904.5 18663.12 618.93 3.32
1907.2 18605.75 603.25 3.24
1910.0 18464.96 596.62 3.23
1912.7 18451.36 604.50 3.28
1915.5 18338.72 572.03 3.12
1918.2 18231.61 594.00 3.26
1921.0 18078.76 612.02 3.39
1923.7 18082.37 576.96 3.19
1926.5 18028.91 579.69 3.22
1929.2 17989.40 583.61 3.24
1932.0 17961.44 556.16 3.10
1934.7 17922.05 572.18 3.19
1937.4 17800.47 570.71 3.21
1940.2 17730.06 574.71 3.24
1942.9 17801.07 560.28 3.15
1945.6 17808.94 564.74 3.17
1948.3 17731.12 583.62 3.29
1951.1 17698.80 580.93 3.28
1953.8 17700.00 615.00 3.47
1956.5 17568.67 599.00 3.41
1959.2 17632.03 586.04 3.32
1961.9 17647.56 596.00 3.38
1964.6 17543.58 603.93 3.44
1967.3 17598.27 602.23 3.42
1970.0 17419.60 589.04 3.38
1972.8 17335.24 605.98 3.50
1975.5 17419.52 623.38 3.58
1978.2 17336.04 616.12 3.55
1980.9 17221.82 600.49 3.49
1983.5 17185.34 602.03 3.50
1986.2 17183.55 628.56 3.66
1988.9 17157.36 634.38 3.70
1991.6 17017.92 628.58 3.69
1994.3 16893.86 652.76 3.86
1997.0 16913.63 628.57 3.72
1999.7 16876.79 620.28 3.68
2002.3 16857.27 661.63 3.92
2005.0 16785.35 673.14 4.01
2007.7 16706.93 665.07 3.98
2010.4 16656.07 648.09 3.89
2013.0 16600.58 662.89 3.99
2015.7 16495.88 662.11 4.01
2018.4 16401.61 649.60 3.96
2021.0 16371.00 682.83 4.17
2023.7 16264.64 689.71 4.24
2026.4 16195.83 659.10 4.07
2029.0 16138.97 657.93 4.08
2031.7 16029.65 676.00 4.22
2034.3 16012.75 676.00 4.22
2037.0 15932.90 661.53 4.15
2039.6 15864.39 633.00 3.99
2042.3 15822.15 643.11 4.06
2044.9 15747.27 664.79 4.22
2047.5 15719.22 673.20 4.28
2050.2 15638.00 666.40 4.26
2052.8 15596.00 649.60 4.17
2055.4 15487.61 658.39 4.25
2058.1 15363.60 674.80 4.39
2060.7 15311.01 668.01 4.36
2063.3 15243.07 654.87 4.30
2065.9 15200.63 681.17 4.48
2068.6 15142.00 667.21 4.41
2071.2 15102.27 664.02 4.40
2073.8 15013.06 666.00 4.44
2076.4 14939.89 665.18 4.45
2079.0 14937.96 663.16 4.44
2081.6 14955.68 675.20 4.51
2084.2 14929.44 671.56 4.50
2086.8 14795.01 670.32 4.53
2089.4 14708.12 686.47 4.67
2092.1 14645.50 677.17 4.62
2094.7 14574.18 689.30 4.73
2097.2 14543.50 682.83 4.70
2099.8 14569.24 688.89 4.73
2102.4 14455.51 693.77 4.80
2105.0 14315.55 684.00 4.78
2107.6 14281.54 680.75 4.77
2110.2 14245.28 701.89 4.93
2112.8 14225.04 687.20 4.83
2115.3 14222.61 661.05 4.65
2117.9 14223.97 681.89 4.79
2120.5 14225.20 679.20 4.77
2123.1 14136.53 678.60 4.80
2125.6 14079.43 676.45 4.80
2128.2 14012.88 678.99 4.85
2130.8 13940.55 702.00 5.04
2133.3 13889.33 695.20 5.01
2135.9 13802.30 700.12 5.07
2138.4 13704.95 695.41 5.07
2141.0 13601.55 696.39 5.12
2143.6 13585.34 691.87 5.09
2146.1 13439.94 687.57 5.12
2148.7 13282.54 669.56 5.04
2151.2 13302.67 686.40 5.16
2153.8 13324.47 691.68 5.19
2156.3 13227.98 667.45 5.05
2158.8 13160.05 694.03 5.27
2161.4 13128.93 701.70 5.34
2163.9 13034.58 678.12 5.20
2166.4 12973.85 665.25 5.13
2169.0 12959.07 691.86 5.34
2171.5 12876.28 665.25 5.17
2174.0 12786.55 648.55 5.07
2176.5 12767.30 678.73 5.32
2179.1 12718.27 677.63 5.33
2181.6 12644.21 681.33 5.39
2184.1 12612.60 680.68 5.40
2186.6 12631.79 674.74 5.34
2189.1 12551.10 638.79 5.09
2191.6 12501.53 646.80 5.17
2194.1 12512.72 674.30 5.39
2196.6 12513.32 675.94 5.40
2199.2 12564.98 697.67 5.55
2201.7 12503.60 691.26 5.53
2204.1 12450.01 670.70 5.39
2206.6 12458.20 656.48 5.27
2209.1 12429.94 700.23 5.63
2211.6 12413.54 715.65 5.77
2214.1 12385.83 665.29 5.37
2216.6 12340.79 649.52 5.26
2219.1 12355.98 710.29 5.75
2221.6 12303.15 673.78 5.48
2224.0 12230.10 636.27 5.20
2226.5 12198.83 665.88 5.46
2229.0 12234.63 647.13 5.29
2231.5 12152.59 631.95 5.20
2233.9 12137.64 642.67 5.29
2236.4 12131.98 640.76 5.28
2238.9 12024.13 639.38 5.32
2241.3 12068.10 617.98 5.12
2243.8 12017.57 590.77 4.92
2246.2 11870.35 620.27 5.23
2248.7 11882.39 644.06 5.42
2251.2 11860.53 630.31 5.31
2253.6 11784.96 610.56 5.18
2256.1 11773.44 595.20 5.06
2258.5 11793.92 591.62 5.02
2260.9 11696.75 621.27 5.31
2263.4 11668.53 598.78 5.13
2265.8 11678.48 515.45 4.41
2268.3 11583.48 527.22 4.55
2270.7 11653.18 556.56 4.78
2273.1 11608.55 548.41 4.72
2275.6 11523.84 549.12 4.77
2278.0 11553.06 580.34 5.02
2280.4 11529.61 550.31 4.77
2282.8 11402.06 542.03 4.75
2285.3 11435.59 567.70 4.96
2287.7 11531.47 542.80 4.71
2290.1 11440.95 553.47 4.84
2292.5 11408.96 547.63 4.80
2294.9 11404.51 525.57 4.61
2297.3 11303.39 514.15 4.55
2299.7 11233.01 509.34 4.53
2302.1 11231.11 491.04 4.37
2304.5 11113.20 470.40 4.23
2306.9 10995.60 490.00 4.46
2309.3 10932.15 462.36 4.23
2311.7 10856.55 474.93 4.37
2314.1 10708.33 504.11 4.71
2316.5 10641.94 445.22 4.18
2318.9 10674.03 476.94 4.47
2321.3 10672.73 511.06 4.79
2323.7 10642.23 487.19 4.58
2326.1 10606.96 495.69 4.67
2328.4 10691.58 492.27 4.60
2330.8 10736.25 466.26 4.34
2333.2 10617.06 469.49 4.42
2335.6 10582.60 444.23 4.20
2337.9 10642.00 425.68 4.00
2340.3 10592.40 457.62 4.32
2342.7 10507.23 465.48 4.43
2345.0 10502.01 445.90 4.25
2347.4 10493.25 454.75 4.33
2349.7 10277.63 452.80 4.41
2352.1 10236.25 437.41 4.27
2354.4 10290.21 412.64 4.01
2356.8 10243.45 418.72 4.09
2359.2 10187.67 437.67 4.30
2361.5 10122.93 418.88 4.14
2363.8 10144.75 430.38 4.24
2366.2 10159.49 414.85 4.08
2368.5 10097.05 400.50 3.97
2370.9 10118.68 438.39 4.33
2373.2 10072.53 413.69 4.11
2375.5 9932.38 402.73 4.05
2377.9 9918.93 446.72 4.50
2380.2 9923.89 412.35 4.16
2382.5 9856.28 413.55 4.20
2384.8 9822.88 412.96 4.20
2387.2 9807.99 421.95 4.30
2389.5 9759.69 443.84 4.55
2391.8 9772.85 380.27 3.89
2394.1 9716.63 345.48 3.56
2396.4 9652.48 401.58 4.16
2398.7 9714.10 384.86 3.96
2401.0 9598.25 365.93 3.81
2403.3 9511.80 398.40 4.19
2405.6 9521.83 409.86 4.30
2407.9 9458.88 375.75 3.97
2410.2 9400.00 340.91 3.63
2412.5 9350.27 381.13 4.08
2414.8 9330.30 364.59 3.91
2417.1 9280.68 361.32 3.89
2419.4 9294.64 401.17 4.32
2421.7 9214.94 362.71 3.94
2424.0 9156.02 353.98 3.87
2426.2 9223.40 363.80 3.94
2428.5 9129.27 356.95 3.91
2430.8 9112.40 365.15 4.01
2433.1 9071.93 359.56 3.96
2435.4 8991.17 318.92 3.55
2437.6 8963.19 313.32 3.50
2439.9 8866.09 370.59 4.18
2442.2 8873.80 346.99 3.91
2444.4 8827.50 344.60 3.90
2446.7 8812.56 350.40 3.98
2448.9 8870.66 307.93 3.47
2451.2 8802.92 315.88 3.59
2453.4 8732.64 313.39 3.59
2455.7 8702.87 304.08 3.49
2457.9 8608.05 341.88 3.97
2460.2 8594.01 314.42 3.66
2462.4 8611.20 255.84 2.97
2464.7 8503.63 290.18 3.41
2466.9 8416.62 321.00 3.81
2469.2 8471.54 324.08 3.83
2471.4 8370.38 308.56 3.69
2473.6 8261.63 314.67 3.81
2475.9 8256.69 298.03 3.61
2478.1 8211.66 273.27 3.33
2480.3 8173.00 299.35 3.66
2482.5 8177.69 214.45 2.62
2484.8 8119.06 211.17 2.60
2487.0 8110.30 318.49 3.93
2489.2 8058.48 316.61 3.93
2491.4 7946.29 268.98 3.38
2493.6 7987.26 250.83 3.14
2495.8 7981.68 269.22 3.37
2498.0 7985.07 308.05 3.86
2500.2 7961.63 303.30 3.81
2502.4 8125.20 310.80 3.83
2504.6 8272.59 328.65 3.97
2506.8 8348.61 301.99 3.62
