/*** Spectra Vista SIG Data ***/
name= \My Documents\HR1024_Data\GD3S3.
instrument= HR: 1091052
integration= 200, 60, 30, 500, 60, 30
scan time= 1, 1
scan settings= AD, AI, AD, AI
external data set1= 8224, 8224, 8224, 8224, 8224, 8224, 8224, 8224, 8224, 8224, 8224, 8224, 8224, 8224, 8224, 8224
external data set2= 8224, 8224, 8224, 8224, 8224, 8224, 8224, 8224, 8224, 8224, 8224, 8224, 8224, 8224, 8224, 8224
external data dark= 0,0,0,0,0,0,0,0
external data mask= 0
optic= LENS4 , LENS4 
temp= 32.98, 8.88, -5.37, 37.74, 8.88, -5.37
battery= 7.6, 7.4
error= 0, 0
units= Radiance, Radiance
time= 1/26/08 10:33:54 AM, 1/26/08 10:42:23 AM
longitude= , 
latitude= , 
gpstime= , 
comm= 
memory slot= 0, 0
factors= 
data= 
346.4 598.78 143.96 24.04
347.9 627.50 130.52 20.80
349.5 677.04 137.28 20.28
351.1 739.44 152.26 20.59
352.6 790.63 142.95 18.08
354.2 841.03 147.92 17.59
355.7 912.59 157.60 17.27
357.3 974.37 166.44 17.08
358.8 992.58 174.75 17.61
360.4 1062.29 182.91 17.22
361.9 1117.88 174.13 15.58
363.5 1149.55 181.44 15.78
365.1 1196.29 190.02 15.88
366.6 1260.16 185.05 14.68
368.2 1349.72 183.99 13.63
369.7 1403.95 175.00 12.47
371.3 1488.21 187.01 12.57
372.8 1577.00 181.94 11.54
374.4 1638.71 204.26 12.46
375.9 1688.10 193.30 11.45
377.4 1740.09 205.56 11.81
379.0 1788.57 197.32 11.03
380.5 1855.73 196.96 10.61
382.1 1905.98 204.49 10.73
383.6 1973.16 198.45 10.06
385.2 2065.25 209.00 10.12
386.7 2149.76 215.52 10.03
388.3 2271.83 215.23 9.47
389.8 2363.45 233.87 9.90
391.3 2453.59 243.97 9.94
392.9 2526.36 259.46 10.27
394.4 2602.50 269.45 10.35
395.9 2690.98 282.60 10.50
397.5 2829.48 294.58 10.41
399.0 2963.31 294.17 9.93
400.6 3033.76 301.11 9.93
402.1 3072.78 301.34 9.81
403.6 3116.75 293.45 9.42
405.1 3199.00 302.53 9.46
406.7 3304.00 303.74 9.19
408.2 3412.53 320.76 9.40
409.7 3521.28 332.42 9.44
411.3 3642.17 347.92 9.55
412.8 3732.75 353.60 9.47
414.3 3845.02 367.13 9.55
415.8 3965.00 388.00 9.79
417.4 4085.95 400.75 9.81
418.9 4192.21 406.82 9.70
420.4 4267.16 415.75 9.74
421.9 4346.32 423.02 9.73
423.5 4413.15 429.64 9.74
425.0 4492.75 437.81 9.74
426.5 4594.55 436.88 9.51
428.0 4712.54 445.80 9.46
429.5 4856.53 453.46 9.34
431.1 5025.20 462.08 9.20
432.6 5198.44 481.39 9.26
434.1 5370.75 501.27 9.33
435.6 5520.56 506.97 9.18
437.1 5670.60 529.62 9.34
438.6 5806.58 541.55 9.33
440.1 5943.54 559.86 9.42
441.6 6091.61 580.73 9.53
443.1 6230.93 603.45 9.68
444.7 6356.12 626.36 9.85
446.2 6474.98 660.97 10.21
447.7 6582.53 689.54 10.48
449.2 6691.68 714.53 10.68
450.7 6814.08 732.99 10.76
452.2 6930.56 767.92 11.08
453.7 7066.33 785.98 11.12
455.2 7233.85 824.26 11.39
456.7 7443.04 857.47 11.52
458.2 7673.27 894.72 11.66
459.7 7920.50 926.10 11.69
461.2 8156.07 960.87 11.78
462.7 8366.46 994.52 11.89
464.2 8568.06 1024.80 11.96
465.7 8788.58 1055.91 12.01
467.2 8970.50 1086.47 12.11
468.7 9176.00 1120.00 12.21
470.2 9305.26 1152.88 12.39
471.7 9490.50 1181.80 12.45
473.2 9788.42 1219.64 12.46
474.6 10042.30 1245.27 12.40
476.1 10127.24 1266.91 12.51
477.6 10169.21 1280.21 12.59
479.1 10224.56 1299.78 12.71
480.6 10293.47 1319.13 12.82
482.1 10426.95 1347.26 12.92
483.6 10590.11 1378.12 13.01
485.1 10796.39 1421.18 13.16
486.6 11041.55 1468.91 13.30
488.0 11290.50 1522.30 13.48
489.5 11568.25 1584.64 13.70
491.0 11840.59 1656.36 13.99
492.5 12119.22 1737.94 14.34
494.0 12409.65 1827.93 14.73
495.4 12660.45 1915.98 15.13
496.9 12912.44 2015.36 15.61
498.4 13155.80 2126.46 16.16
499.9 13408.52 2245.80 16.75
501.4 13645.90 2369.71 17.37
502.8 13864.50 2501.35 18.04
504.3 14081.40 2643.12 18.77
505.8 14291.05 2792.42 19.54
507.2 14436.37 2937.53 20.35
508.7 14548.87 3081.73 21.18
510.2 14651.50 3225.10 22.01
511.6 14718.08 3369.63 22.89
513.1 14838.45 3526.82 23.77
514.6 14986.45 3685.41 24.59
516.0 15112.04 3845.21 25.44
517.5 15305.31 4026.75 26.31
519.0 15537.89 4222.40 27.17
520.5 15768.60 4410.29 27.97
521.9 16045.99 4616.91 28.77
523.4 16363.11 4832.85 29.54
524.8 16675.79 5044.10 30.25
526.3 17027.53 5263.52 30.91
527.8 17380.80 5480.70 31.53
529.2 17706.86 5677.29 32.06
530.7 18056.71 5885.83 32.60
532.1 18377.28 6071.45 33.04
533.6 18738.23 6276.25 33.49
535.0 19114.67 6473.31 33.87
536.5 19476.07 6667.05 34.23
538.0 19846.24 6863.20 34.58
539.4 20198.95 7051.80 34.91
540.9 20626.19 7261.31 35.20
542.3 20984.92 7442.40 35.47
543.8 21250.33 7592.26 35.73
545.2 21329.19 7689.30 36.05
546.6 21331.64 7750.86 36.34
548.1 21362.06 7813.91 36.58
549.5 21376.46 7876.48 36.85
551.0 21386.66 7928.73 37.07
552.4 21443.54 7976.72 37.20
553.9 21463.89 8028.51 37.40
555.3 21521.57 8075.81 37.52
556.8 21650.10 8150.87 37.65
558.2 21773.81 8216.78 37.74
559.6 21936.94 8291.58 37.80
561.1 22168.25 8392.15 37.86
562.5 22423.78 8497.10 37.89
564.0 22757.43 8631.28 37.93
565.4 23059.14 8749.39 37.94
566.8 23449.52 8888.08 37.90
568.3 23818.66 9006.65 37.81
569.7 24198.01 9134.82 37.75
571.1 24579.14 9240.58 37.60
572.6 24952.86 9348.05 37.46
574.0 25317.60 9438.00 37.28
575.4 25678.69 9531.68 37.12
576.9 26008.29 9609.14 36.95
578.3 26306.64 9674.67 36.78
579.7 26593.28 9749.14 36.66
581.1 26823.10 9801.64 36.54
582.6 27065.10 9856.05 36.42
584.0 27286.52 9908.03 36.31
585.4 27587.92 9982.30 36.18
586.8 27978.96 10085.11 36.05
588.3 28419.30 10207.08 35.92
589.7 28786.68 10306.30 35.80
591.1 29016.81 10366.21 35.72
592.5 29127.43 10385.78 35.66
594.0 29186.34 10383.38 35.58
595.4 29194.56 10366.34 35.51
596.8 29193.45 10340.62 35.42
598.2 29177.08 10317.90 35.36
599.6 29153.88 10287.07 35.29
601.0 29216.28 10274.56 35.17
602.4 29261.60 10261.31 35.07
603.9 29364.60 10248.65 34.90
605.3 29484.10 10240.77 34.73
606.7 29584.80 10222.56 34.55
608.1 29785.49 10226.19 34.33
609.5 30013.28 10234.59 34.10
610.9 30296.78 10258.54 33.86
612.3 30557.28 10270.75 33.61
613.7 30914.00 10301.17 33.32
615.1 31159.08 10289.59 33.02
616.5 31406.64 10281.63 32.74
617.9 31801.61 10342.54 32.52
619.3 32170.62 10413.24 32.37
620.7 32635.92 10526.57 32.25
622.1 33083.75 10536.26 31.85
623.5 33564.04 10493.34 31.26
624.9 34116.86 10462.73 30.67
626.3 34490.69 10398.48 30.15
627.7 34145.81 10221.14 29.93
629.1 33851.16 10137.79 29.95
630.5 33743.57 10178.76 30.17
631.9 33775.53 10280.43 30.44
633.3 33808.52 10368.06 30.67
634.7 33992.91 10477.68 30.82
636.1 34075.08 10501.98 30.82
637.5 34196.58 10501.33 30.71
638.9 34374.61 10513.73 30.59
640.2 34545.58 10501.89 30.40
641.6 34634.34 10462.61 30.21
643.0 34657.83 10376.28 29.94
644.4 34696.37 10302.33 29.69
645.8 34653.86 10166.75 29.34
647.2 34834.41 10084.52 28.95
648.5 34958.93 9981.66 28.55
649.9 34861.32 9850.00 28.25
651.3 34789.65 9761.40 28.06
652.7 34680.00 9656.34 27.84
654.1 34452.30 9344.06 27.12
655.5 34172.42 8971.49 26.25
656.8 33904.63 8600.95 25.37
658.2 34070.04 8358.41 24.53
659.6 34442.82 8180.77 23.75
660.9 34748.70 7996.43 23.01
662.3 35067.95 7798.91 22.24
663.7 35364.00 7594.44 21.48
665.0 35617.00 7396.21 20.77
666.4 35877.31 7206.85 20.09
667.8 36209.10 7069.20 19.52
669.1 36482.80 6929.28 18.99
670.5 36799.72 6829.30 18.56
671.9 36995.40 6749.14 18.24
673.2 37270.13 6710.87 18.01
674.6 37530.47 6702.59 17.86
676.0 37841.78 6743.09 17.82
677.3 38141.57 6812.94 17.86
678.7 38483.75 6945.35 18.05
680.0 38922.37 7154.89 18.38
681.4 39389.45 7463.22 18.95
682.8 39844.35 7872.41 19.76
684.1 40287.78 8403.41 20.86
685.5 40705.56 9041.09 22.21
686.8 41091.84 9795.72 23.84
688.2 41433.89 10640.63 25.68
689.5 41549.57 11525.40 27.74
690.9 41633.44 12457.23 29.92
692.2 41697.60 13411.98 32.16
693.6 41771.65 14395.66 34.46
694.9 41721.88 15311.54 36.70
696.2 41751.90 16205.00 38.81
697.6 41766.04 17046.04 40.81
698.9 41796.48 17847.46 42.70
700.3 41844.24 18599.22 44.45
701.6 41918.48 19310.98 46.07
703.0 41979.40 19968.02 47.57
704.3 41981.71 20502.17 48.84
705.6 41967.18 21007.58 50.06
707.0 41980.75 21472.73 51.15
708.3 41872.71 21810.91 52.09
709.6 41753.67 22132.51 53.01
711.0 41589.99 22350.10 53.74
712.3 41418.66 22570.71 54.49
713.6 41354.04 22812.05 55.16
714.9 41240.96 23019.81 55.82
716.3 41218.54 23240.36 56.38
717.6 41221.95 23458.74 56.91
718.9 41134.56 23583.57 57.33
720.2 40936.00 23622.48 57.71
721.6 40765.66 23655.68 58.03
722.9 40572.15 23697.92 58.41
724.2 40305.71 23672.13 58.73
725.5 40134.57 23696.98 59.04
726.8 39960.91 23681.97 59.26
728.1 39855.98 23699.30 59.46
729.5 39766.23 23703.79 59.61
730.8 39707.44 23725.37 59.75
732.1 39612.07 23719.00 59.88
733.4 39556.45 23731.18 59.99
734.7 39507.57 23714.70 60.03
736.0 39511.29 23761.14 60.14
737.3 39463.58 23768.67 60.23
738.6 39569.04 23875.05 60.34
739.9 39770.92 24062.33 60.50
741.2 39928.98 24202.00 60.61
742.5 40206.42 24418.74 60.73
743.8 40696.43 24764.36 60.85
745.1 41398.16 25248.41 60.99
746.4 42245.84 25769.20 61.00
747.7 43136.62 26287.62 60.94
749.0 43980.49 26779.03 60.89
750.3 44484.44 27007.40 60.71
751.6 44396.66 26935.56 60.67
752.9 43969.12 26696.04 60.72
754.2 43470.53 26434.51 60.81
755.4 42928.75 26172.09 60.97
756.7 42746.48 26118.13 61.10
758.0 42774.71 26192.65 61.23
759.3 43048.01 26419.64 61.37
760.6 43418.76 26730.70 61.56
761.9 43775.94 27001.29 61.68
763.1 43996.61 27145.66 61.70
764.4 44239.34 27335.26 61.79
765.7 44424.25 27476.80 61.85
767.0 44583.75 27565.31 61.83
768.2 44688.00 27676.99 61.93
769.5 44782.92 27751.47 61.97
770.8 44990.42 27882.29 61.97
772.0 45014.41 27926.09 62.04
773.3 45100.97 27998.53 62.08
774.6 45226.84 28109.32 62.15
775.8 45313.45 28158.33 62.14
777.1 45344.81 28191.74 62.17
778.4 45245.88 28152.31 62.22
779.6 45226.44 28159.24 62.26
780.9 45132.00 28137.60 62.35
782.1 44952.26 28053.01 62.41
783.4 44936.32 28060.03 62.44
784.6 44935.72 28109.33 62.55
785.9 45255.62 28372.74 62.69
787.1 45836.93 28757.18 62.74
788.4 46288.94 28981.58 62.61
789.6 46219.23 28827.18 62.37
790.9 45788.99 28476.81 62.19
792.1 45296.16 28167.36 62.18
793.4 44771.54 27871.26 62.25
794.6 44415.30 27647.70 62.25
795.8 44134.47 27489.26 62.29
797.1 43801.05 27323.73 62.38
798.3 43569.08 27219.56 62.47
799.5 43411.48 27145.85 62.53
800.8 43273.13 27058.02 62.53
802.0 43071.08 26953.66 62.58
803.2 42890.28 26825.30 62.54
804.5 42742.15 26751.49 62.59
805.7 42601.95 26652.00 62.56
806.9 42426.40 26532.79 62.54
808.1 42305.67 26498.69 62.64
809.4 42221.44 26439.11 62.62
810.6 42105.70 26415.48 62.74
811.8 42062.43 26399.79 62.76
813.0 42071.08 26410.19 62.78
814.2 42081.20 26444.12 62.84
815.4 42185.03 26487.27 62.79
816.6 42225.34 26492.10 62.74
817.9 42273.21 26482.79 62.65
819.1 42166.58 26382.74 62.57
820.3 42039.03 26246.93 62.43
821.5 41905.07 26161.94 62.43
822.7 41849.58 26079.69 62.32
823.9 41838.35 26051.47 62.27
825.1 41851.34 26025.45 62.19
826.3 41890.94 26003.09 62.07
827.5 41937.05 25975.32 61.94
828.7 42011.28 25953.70 61.78
829.9 42039.57 25916.93 61.65
831.0 42140.75 25945.21 61.57
832.2 42235.78 25976.60 61.50
833.4 42305.18 25977.70 61.41
834.6 42417.19 26028.75 61.36
835.8 42496.65 26049.87 61.30
837.0 42597.61 26125.90 61.33
838.1 42745.68 26236.11 61.38
839.3 42856.00 26298.00 61.36
840.5 42989.60 26363.67 61.33
841.7 43156.80 26491.48 61.38
842.9 43298.86 26622.51 61.49
844.0 43430.88 26711.15 61.50
845.2 43568.90 26830.07 61.58
846.4 43732.15 26890.44 61.49
847.5 43960.00 27039.80 61.51
848.7 44164.79 27163.98 61.51
849.9 44393.85 27262.90 61.41
851.0 44478.08 27265.60 61.30
852.2 44569.63 27308.40 61.27
853.3 44562.81 27276.08 61.21
854.5 44594.90 27247.92 61.10
855.6 44615.97 27277.31 61.14
856.8 44687.86 27334.16 61.17
857.9 44681.40 27333.78 61.17
859.1 44832.20 27431.28 61.19
860.2 44876.88 27451.14 61.17
861.4 44954.55 27492.32 61.16
862.5 45021.69 27506.37 61.10
863.7 45150.84 27586.06 61.10
864.8 45213.35 27621.44 61.09
865.9 45167.77 27610.77 61.13
867.1 45241.43 27620.08 61.05
868.2 45295.54 27623.67 60.99
869.3 45314.27 27618.91 60.95
870.5 45282.48 27571.46 60.89
871.6 45315.83 27581.40 60.86
872.7 45413.27 27657.60 60.90
873.9 45478.16 27642.82 60.78
875.0 45456.71 27612.43 60.74
876.1 45452.45 27615.00 60.76
877.2 45498.99 27592.33 60.64
878.3 45519.98 27539.78 60.50
879.4 45563.53 27534.56 60.43
880.5 45631.08 27562.46 60.40
881.7 45596.20 27499.68 60.31
882.8 45693.96 27457.73 60.09
883.9 45722.91 27435.50 60.00
885.0 45675.63 27369.89 59.92
886.1 45712.78 27264.82 59.64
887.2 45537.58 27141.15 59.60
888.3 45475.07 27017.07 59.41
889.4 45347.40 26877.33 59.27
890.5 45259.13 26795.28 59.20
891.6 45193.70 26739.08 59.17
892.7 45201.31 26682.89 59.03
893.8 45270.56 26706.27 58.99
894.9 45248.28 26685.16 58.97
896.0 45235.90 26618.42 58.84
897.0 45257.72 26567.44 58.70
898.1 45230.13 26565.97 58.74
899.2 45252.30 26510.66 58.58
900.3 45165.90 26419.70 58.49
901.4 45101.16 26291.41 58.29
902.4 45077.20 26300.08 58.34
903.5 45018.01 26214.08 58.23
904.6 45035.56 26167.79 58.10
905.7 45038.93 26132.94 58.02
906.7 44985.82 26087.73 57.99
907.8 45025.57 26068.15 57.90
908.9 44904.57 25969.05 57.83
909.9 44897.74 25897.96 57.68
911.0 44830.08 25785.88 57.52
912.1 44749.25 25712.62 57.46
913.1 44707.00 25573.39 57.20
914.2 44554.62 25473.97 57.17
915.2 44505.45 25406.57 57.09
916.3 44491.35 25338.06 56.95
917.3 44461.10 25264.33 56.82
918.4 44383.35 25087.48 56.52
919.4 44330.69 24975.21 56.34
920.5 44315.70 24920.09 56.23
921.5 44285.78 24856.78 56.13
922.6 44268.10 24730.31 55.86
923.6 44262.16 24665.06 55.72
924.7 44333.00 24505.70 55.28
925.7 44276.22 24421.97 55.16
926.7 44252.98 24340.24 55.00
927.8 44374.33 24239.64 54.63
928.8 44502.63 24188.30 54.35
929.9 44598.23 24129.39 54.10
930.9 44802.27 24100.06 53.79
931.9 45011.35 24084.47 53.51
932.9 45355.12 24158.38 53.26
934.0 45370.16 24086.49 53.09
935.0 45397.97 23975.03 52.81
936.0 45413.73 23813.19 52.44
937.0 45319.95 23685.32 52.26
938.1 45295.44 23545.98 51.98
939.1 45257.91 23366.83 51.63
940.1 45342.90 23352.50 51.50
941.1 45568.46 23325.54 51.19
942.1 45803.34 23315.34 50.90
943.1 45999.43 23274.92 50.60
944.1 46171.28 23287.50 50.44
945.2 46338.18 23133.94 49.92
946.2 46411.22 23028.83 49.62
947.2 46518.25 22940.80 49.32
948.2 46693.82 22854.68 48.95
949.2 46838.19 22785.10 48.65
950.2 46912.95 22626.12 48.23
951.2 46909.80 22516.70 48.00
952.2 47054.57 22395.59 47.59
953.2 47260.85 22323.21 47.23
954.2 47365.65 22208.49 46.89
955.2 47408.68 22085.13 46.58
956.2 47434.65 21967.10 46.31
957.2 47543.77 21852.89 45.96
958.2 47601.59 21832.48 45.87
959.2 47735.55 21771.54 45.61
960.1 47775.14 21703.90 45.43
961.1 47870.63 21689.75 45.31
962.1 47933.44 21667.13 45.20
963.1 48032.50 21679.39 45.13
964.1 48057.21 21621.07 44.99
965.1 48243.99 21706.92 44.99
966.1 48335.33 21694.83 44.88
967.0 48410.39 21751.30 44.93
968.0 48434.88 21718.78 44.84
969.0 48556.60 21725.28 44.74
970.0 48603.65 21763.49 44.78
971.0 48737.12 21736.89 44.60
971.9 48722.90 21794.23 44.73
972.9 48879.95 21646.84 44.29
973.9 48859.53 21721.05 44.46
974.9 49044.08 21718.37 44.28
975.8 49101.73 21718.29 44.23
976.8 49135.91 21694.19 44.15
977.8 49315.41 21739.56 44.08
978.8 49372.50 21764.76 44.08
979.7 49504.50 21796.65 44.03
980.7 49626.72 21838.94 44.01
981.7 49868.69 21843.10 43.80
982.6 50026.42 22199.82 44.38
983.6 50542.44 22446.63 44.41
984.6 51139.74 22581.19 44.16
985.5 51570.00 22993.34 44.59
986.5 52881.11 23365.70 44.19
987.5 53801.49 23976.95 44.57
988.4 54737.10 23986.16 43.82
989.4 56052.04 24568.02 43.83
990.4 57074.27 25106.84 43.99
991.3 59136.61 25836.05 43.69
992.3 61232.97 26293.01 42.94
993.2 62381.81 26747.88 42.88
994.2 63759.15 27730.17 43.49
995.2 64627.45 28536.80 44.16
996.1 65405.36 28118.19 42.99
997.1 65143.00 27229.77 41.80
998.0 67149.60 28230.24 42.04
999.0 66846.51 28762.07 43.03
1000.0 67127.69 28051.12 41.79
1000.9 65712.83 28016.49 42.63
1001.9 66491.34 28056.10 42.20
1002.8 64393.95 27095.63 42.08
1003.8 65025.46 26883.01 41.34
1004.8 66172.20 28294.32 42.76
961.5 59748.86 24266.93 40.61
965.5 58598.35 23968.18 40.90
969.5 56260.49 23329.09 41.47
973.4 53913.29 22629.16 41.97
977.4 51859.95 22061.15 42.54
981.4 50850.20 21751.95 42.78
985.3 50481.20 21713.47 43.01
989.3 50535.22 21894.33 43.32
993.3 50635.09 22113.57 43.67
997.2 50595.02 22295.49 44.07
1001.2 50545.04 22468.29 44.45
1005.2 50473.33 22635.08 44.85
1009.1 50535.74 22895.17 45.30
1013.1 50697.93 23230.79 45.82
1017.1 50843.90 23574.92 46.37
1021.0 50855.49 23846.57 46.89
1025.0 50816.26 24091.12 47.41
1029.0 50641.08 24264.62 47.91
1032.9 50496.42 24438.05 48.40
1036.9 50486.34 24677.79 48.88
1040.9 50614.23 24982.57 49.36
1044.8 50848.91 25339.56 49.83
1048.8 51055.33 25670.11 50.28
1052.7 51200.97 25933.27 50.65
1056.7 51265.76 26118.94 50.95
1060.7 51328.86 26268.80 51.18
1064.6 51364.29 26354.64 51.31
1068.6 51285.22 26345.74 51.37
1072.5 51205.93 26326.16 51.41
1076.5 51155.97 26279.63 51.37
1080.4 51154.95 26206.91 51.23
1084.4 51258.31 26132.19 50.98
1088.3 51367.47 26041.33 50.70
1092.3 51376.13 25867.85 50.35
1096.2 51342.58 25669.21 50.00
1100.2 51360.86 25483.92 49.62
1104.1 51244.60 25227.23 49.23
1108.1 51175.76 24991.69 48.84
1112.0 51059.75 24698.84 48.37
1116.0 50831.30 24329.24 47.86
1119.9 50653.13 23917.58 47.22
1123.9 50703.41 23543.35 46.43
1127.8 50649.60 22978.56 45.37
1131.8 50608.23 22254.21 43.97
1135.7 50617.81 21418.88 42.31
1139.6 50606.06 20486.56 40.48
1143.6 50555.26 19593.60 38.76
1147.5 50517.05 18854.90 37.32
1151.4 50365.69 18246.99 36.23
1155.4 50355.11 17877.77 35.50
1159.3 50376.78 17645.51 35.03
1163.2 50207.59 17417.20 34.69
1167.2 50161.80 17303.52 34.50
1171.1 50174.37 17239.00 34.36
1175.0 50101.08 17151.47 34.23
1179.0 50065.70 17077.32 34.11
1182.9 50165.17 17051.35 33.99
1186.8 50159.61 16982.41 33.86
1190.7 49934.95 16855.00 33.75
1194.7 49665.47 16727.85 33.68
1198.6 49438.62 16638.93 33.66
1202.5 49264.40 16599.92 33.70
1206.4 49122.14 16578.04 33.75
1210.3 49037.26 16585.73 33.82
1214.2 48930.30 16607.61 33.94
1218.2 48765.56 16618.28 34.08
1222.1 48630.48 16650.10 34.24
1226.0 48538.40 16707.45 34.42
1229.9 48450.48 16755.42 34.58
1233.8 48352.03 16794.68 34.73
1237.7 48317.50 16846.47 34.87
1241.6 48229.08 16873.17 34.99
1245.5 48061.09 16881.35 35.12
1249.4 47934.98 16879.82 35.21
1253.3 47803.87 16869.86 35.29
1257.2 47735.46 16889.88 35.38
1261.1 47624.11 16883.64 35.45
1265.0 47490.52 16840.26 35.46
1268.9 47304.07 16754.96 35.42
1272.8 47372.70 16743.75 35.34
1276.7 47590.81 16757.25 35.21
1280.6 47691.16 16711.15 35.04
1284.5 47615.01 16589.07 34.84
1288.4 47591.67 16455.53 34.58
1292.3 47467.75 16266.25 34.27
1296.2 47318.59 16053.31 33.93
1300.1 47148.87 15800.20 33.51
1303.9 46897.39 15480.05 33.01
1307.8 46639.44 15150.17 32.48
1311.7 46386.67 14810.16 31.93
1315.6 46123.85 14439.86 31.31
1319.5 45848.18 14038.22 30.62
1323.3 45606.50 13642.90 29.91
1327.2 45386.16 13244.40 29.18
1331.1 45132.53 12835.58 28.44
1335.0 44824.46 12417.54 27.70
1338.8 44600.56 12046.48 27.01
1342.7 44421.07 11711.74 26.37
1346.5 44042.02 11350.58 25.77
1350.4 43720.62 11031.96 25.23
1354.3 43279.60 10691.05 24.70
1358.1 42799.92 10343.89 24.17
1362.0 42533.76 10039.12 23.60
1365.8 42447.40 9764.60 23.00
1369.7 42569.31 9513.00 22.35
1373.5 42515.11 9139.07 21.50
1377.4 42239.08 8629.88 20.43
1381.2 42024.35 8039.35 19.13
1385.1 42007.68 7437.22 17.70
1389.0 41913.21 6846.61 16.34
1392.8 41686.58 6251.85 15.00
1396.6 41522.45 5710.72 13.75
1400.5 41297.26 5236.65 12.68
1404.3 41119.22 4856.47 11.81
1408.2 41089.83 4575.56 11.14
1412.0 41038.18 4356.05 10.61
1415.8 41063.56 4186.80 10.20
1419.6 41020.11 4049.94 9.87
1423.5 40984.07 3946.98 9.63
1427.3 40938.38 3869.39 9.45
1431.1 40915.35 3822.30 9.34
1434.9 40812.08 3773.01 9.24
1438.8 40755.58 3734.10 9.16
1442.6 40720.04 3713.57 9.12
1446.4 40579.53 3683.39 9.08
1450.2 40476.97 3669.91 9.07
1454.0 40349.16 3666.24 9.09
1457.8 40313.93 3668.62 9.10
1461.6 40291.52 3686.46 9.15
1465.4 40157.17 3713.79 9.25
1469.2 39958.10 3742.38 9.37
1473.0 39808.79 3788.93 9.52
1476.8 39739.71 3861.21 9.72
1480.7 39668.27 3938.11 9.93
1484.4 39532.92 4017.36 10.16
1488.2 39418.92 4110.84 10.43
1492.0 39281.08 4216.00 10.73
1495.8 39157.30 4317.95 11.03
1499.6 39041.55 4405.31 11.28
1503.4 38891.42 4457.02 11.46
1507.2 38758.78 4471.81 11.54
1510.9 38603.27 4479.82 11.60
1514.7 38431.80 4542.13 11.82
1518.5 38296.78 4657.81 12.16
1522.3 38148.01 4764.06 12.49
1526.0 38038.86 4847.72 12.74
1529.8 37977.87 4928.04 12.98
1533.6 37845.65 5014.22 13.25
1537.3 37710.11 5092.52 13.50
1541.1 37580.52 5173.66 13.77
1544.8 37449.60 5244.00 14.00
1548.6 37314.89 5312.84 14.24
1552.4 37219.38 5394.74 14.49
1556.1 37135.69 5451.42 14.68
1559.9 37030.39 5499.02 14.85
1563.6 36900.49 5561.59 15.07
1567.3 36782.10 5638.01 15.33
1571.1 36560.28 5688.22 15.56
1574.8 36404.14 5755.06 15.81
1578.6 36302.38 5824.33 16.04
1582.3 36157.52 5869.77 16.23
1586.0 36009.48 5903.74 16.39
1589.8 35863.84 5930.79 16.54
1593.5 35710.53 5964.17 16.70
1597.2 35575.62 5995.30 16.85
1600.9 35432.24 6014.71 16.98
1604.7 35280.85 6048.35 17.14
1608.4 35142.04 6082.37 17.31
1612.1 34980.47 6108.43 17.46
1615.8 34834.07 6125.68 17.59
1619.5 34752.20 6162.37 17.73
1623.2 34595.03 6179.84 17.86
1626.9 34406.93 6185.79 17.98
1630.6 34230.90 6214.56 18.15
1634.3 34081.71 6233.60 18.29
1638.0 33920.36 6220.38 18.34
1641.7 33748.10 6204.37 18.38
1645.4 33556.70 6188.49 18.44
1649.1 33353.05 6166.79 18.49
1652.8 33189.89 6147.33 18.52
1656.4 33018.59 6119.71 18.53
1660.1 32845.97 6089.24 18.54
1663.8 32642.92 6052.13 18.54
1667.5 32483.35 6028.54 18.56
1671.1 32351.26 5996.51 18.54
1674.8 32144.07 5956.15 18.53
1678.5 32080.00 5935.98 18.50
1682.1 32102.13 5913.37 18.42
1685.8 32123.16 5903.68 18.38
1689.5 32018.65 5864.97 18.32
1693.1 31881.24 5801.76 18.20
1696.8 31732.38 5745.13 18.10
1700.4 31582.94 5683.45 18.00
1704.0 31466.76 5621.20 17.86
1707.7 31189.67 5530.61 17.73
1711.3 30882.00 5428.15 17.58
1715.0 30659.79 5336.71 17.41
1718.6 30484.31 5259.22 17.25
1722.2 30333.58 5189.24 17.11
1725.9 30181.80 5115.56 16.95
1729.5 30037.98 5050.80 16.81
1733.1 29910.73 5004.31 16.73
1736.7 29788.38 4961.13 16.65
1740.3 29614.18 4912.15 16.59
1744.0 29528.30 4861.48 16.46
1747.5 29373.44 4779.61 16.27
1751.2 29138.63 4692.00 16.10
1754.8 28975.37 4612.59 15.92
1758.4 28834.48 4541.52 15.75
1762.0 28639.33 4467.43 15.60
1765.5 28498.38 4417.26 15.50
1769.1 28452.00 4394.40 15.44
1772.7 28378.96 4355.38 15.35
1776.3 28252.73 4311.72 15.26
1779.9 28119.54 4271.38 15.19
1783.5 28061.20 4250.72 15.15
1787.0 27938.82 4225.81 15.13
1790.6 27774.17 4190.86 15.09
1794.2 27666.21 4168.43 15.07
1797.8 27558.84 4151.79 15.07
1801.3 27465.68 4140.62 15.08
1804.9 27315.75 4121.25 15.09
1808.4 27221.13 4107.59 15.09
1812.0 27071.27 4091.51 15.11
1815.5 26907.62 4067.14 15.12
1819.1 26703.43 4038.48 15.12
1822.6 26545.43 4014.43 15.12
1826.2 26400.51 3998.83 15.15
1829.7 26207.46 3956.64 15.10
1833.2 25952.41 3901.97 15.04
1836.8 25712.51 3853.85 14.99
1840.3 25567.16 3807.32 14.89
1843.8 25454.03 3786.72 14.88
1847.3 25371.56 3767.04 14.85
1850.8 25264.51 3725.57 14.75
1854.3 25105.60 3657.92 14.57
1857.8 25027.60 3562.00 14.23
1861.3 25027.70 3440.42 13.75
1864.8 24948.54 3259.98 13.07
1868.3 24715.93 3018.80 12.21
1871.8 24529.92 2772.48 11.30
1875.3 24489.01 2560.29 10.45
1878.8 24485.84 2366.60 9.67
1882.3 24423.29 2185.41 8.95
1885.8 24245.59 1983.66 8.18
1889.3 24030.42 1826.68 7.60
1892.7 23852.68 1708.82 7.16
1896.2 23673.74 1649.64 6.97
1899.7 23427.69 1616.46 6.90
1903.1 23323.61 1591.13 6.82
1906.6 23396.53 1684.94 7.20
1910.0 23683.33 1918.02 8.10
1913.5 24138.15 2143.76 8.88
1917.0 24628.98 2547.83 10.34
1920.4 25146.40 2958.40 11.76
1923.8 25520.19 3034.25 11.89
1871.2 22263.77 2048.95 9.20
1873.9 22507.55 1965.12 8.73
1876.7 22626.01 1837.24 8.12
1879.5 22737.83 1645.75 7.24
1882.3 22382.76 1479.55 6.61
1885.1 22317.18 1396.44 6.26
1887.8 22505.15 1327.71 5.90
1890.6 22306.26 1278.65 5.73
1893.4 22256.67 1173.33 5.27
1896.2 22163.50 1093.39 4.93
1898.9 22083.42 1059.85 4.80
1901.7 21937.94 1005.20 4.58
1904.5 22143.94 1005.10 4.54
1907.2 22059.00 983.25 4.46
1910.0 21927.95 933.84 4.26
1912.7 21918.25 912.76 4.16
1915.5 21816.04 880.62 4.04
1918.2 21741.95 873.11 4.02
1921.0 21589.30 863.02 4.00
1923.7 21620.81 887.11 4.10
1926.5 21581.93 902.10 4.18
1929.2 21568.04 856.18 3.97
1932.0 21551.20 834.24 3.87
1934.7 21508.34 853.58 3.97
1937.4 21385.99 874.67 4.09
1940.2 21322.79 885.12 4.15
1942.9 21412.44 883.05 4.12
1945.6 21432.94 878.82 4.10
1948.3 21347.13 899.49 4.21
1951.1 21319.83 896.98 4.21
1953.8 21321.00 897.00 4.21
1956.5 21174.65 919.47 4.34
1959.2 21255.91 938.86 4.42
1961.9 21274.22 932.74 4.38
1964.6 21161.18 957.95 4.53
1967.3 21232.43 973.07 4.58
1970.0 21063.36 962.00 4.57
1972.8 20962.32 994.28 4.74
1975.5 21019.32 1009.70 4.80
1978.2 20951.00 1007.40 4.81
1980.9 20833.51 1034.83 4.97
1983.5 20753.87 1058.63 5.10
1986.2 20730.84 1041.78 5.03
1988.9 20710.47 1079.61 5.21
1991.6 20560.54 1103.63 5.37
1994.3 20429.18 1097.57 5.37
1997.0 20463.02 1118.73 5.47
1999.7 20411.81 1125.69 5.51
2002.3 20392.69 1147.79 5.63
2005.0 20300.64 1170.80 5.77
2007.7 20215.73 1163.87 5.76
2010.4 20150.59 1181.97 5.87
2013.0 20054.41 1211.97 6.04
2015.7 19971.23 1219.08 6.10
2018.4 19850.99 1219.77 6.14
2021.0 19776.67 1238.17 6.26
2023.7 19665.12 1240.91 6.31
2026.4 19623.72 1242.15 6.33
2029.0 19549.52 1262.44 6.46
2031.7 19389.93 1261.87 6.51
2034.3 19392.75 1281.58 6.61
2037.0 19277.12 1283.64 6.66
2039.6 19203.81 1282.88 6.68
2042.3 19169.68 1303.07 6.80
2044.9 19085.22 1321.16 6.92
2047.5 19057.17 1326.77 6.96
2050.2 18939.20 1321.60 6.98
2052.8 18894.40 1355.20 7.17
2055.4 18768.37 1367.21 7.28
2058.1 18622.80 1341.20 7.20
2060.7 18569.98 1361.17 7.33
2063.3 18475.60 1379.40 7.47
2065.9 18427.79 1373.50 7.45
2068.6 18352.42 1376.29 7.50
2071.2 18299.61 1395.00 7.62
2073.8 18217.15 1390.77 7.63
2076.4 18153.52 1386.49 7.64
2079.0 18135.74 1399.38 7.72
2081.6 18151.63 1420.73 7.83
2084.2 18112.28 1441.87 7.96
2086.8 17948.60 1433.97 7.99
2089.4 17865.33 1432.52 8.02
2092.1 17782.00 1442.17 8.11
2094.7 17712.75 1443.58 8.15
2097.2 17685.67 1442.17 8.15
2099.8 17677.80 1457.49 8.24
2102.4 17557.58 1484.22 8.45
2105.0 17419.20 1493.40 8.57
2107.6 17352.05 1495.38 8.62
2110.2 17317.12 1514.61 8.75
2112.8 17308.85 1517.57 8.77
2115.3 17299.79 1535.71 8.88
2117.9 17305.54 1549.49 8.95
2120.5 17283.04 1533.29 8.87
2123.1 17169.75 1535.63 8.94
2125.6 17130.75 1557.87 9.09
2128.2 17041.98 1556.99 9.14
2130.8 16938.68 1544.40 9.12
2133.3 16907.73 1554.67 9.20
2135.9 16811.63 1532.61 9.12
2138.4 16669.29 1549.95 9.30
2141.0 16557.51 1554.38 9.39
2143.6 16519.94 1533.26 9.28
2146.1 16331.26 1563.19 9.57
2148.7 16166.35 1565.24 9.68
2151.2 16200.80 1557.60 9.61
2153.8 16223.65 1571.74 9.69
2156.3 16092.71 1544.59 9.60
2158.8 16012.97 1529.83 9.55
2161.4 15977.02 1550.82 9.71
2163.9 15879.72 1539.03 9.69
2166.4 15806.34 1552.25 9.82
2169.0 15776.77 1555.21 9.86
2171.5 15691.03 1525.64 9.72
2174.0 15580.08 1529.15 9.81
2176.5 15568.93 1542.84 9.91
2179.1 15528.15 1532.94 9.87
2181.6 15436.46 1526.92 9.89
2184.1 15393.84 1521.52 9.88
2186.6 15412.36 1531.51 9.94
2189.1 15330.96 1502.28 9.80
2191.6 15265.13 1499.40 9.82
2194.1 15289.63 1518.00 9.93
2196.6 15291.79 1491.14 9.75
2199.2 15355.64 1538.36 10.02
2201.7 15282.97 1522.21 9.96
2204.1 15217.08 1484.33 9.75
2206.6 15263.16 1529.30 10.02
2209.1 15196.78 1529.14 10.06
2211.6 15154.34 1503.63 9.92
2214.1 15142.04 1516.87 10.02
2216.6 15136.36 1504.14 9.94
2219.1 15121.17 1504.14 9.95
2221.6 15017.30 1515.05 10.09
2224.0 14973.30 1482.09 9.90
2226.5 14953.65 1472.54 9.85
2229.0 14990.65 1450.34 9.67
2231.5 14856.57 1420.93 9.56
2233.9 14819.93 1408.49 9.50
2236.4 14830.12 1412.76 9.53
2238.9 14725.00 1398.88 9.50
2241.3 14738.24 1399.20 9.49
2243.8 14703.26 1410.86 9.60
2246.2 14560.76 1383.97 9.50
2248.7 14543.49 1357.55 9.33
2251.2 14547.02 1352.85 9.30
2253.6 14461.44 1324.80 9.16
2256.1 14411.52 1313.28 9.11
2258.5 14448.51 1336.90 9.25
2260.9 14358.24 1284.73 8.95
2263.4 14286.28 1266.65 8.87
2265.8 14286.52 1265.55 8.86
2268.3 14242.68 1219.92 8.57
2270.7 14293.95 1216.75 8.51
2273.1 14208.68 1223.37 8.61
2275.6 14138.88 1205.76 8.53
2278.0 14162.68 1202.96 8.49
2280.4 14119.54 1196.83 8.48
2282.8 13992.20 1169.24 8.36
2285.3 14040.77 1162.61 8.28
2287.7 14128.29 1151.98 8.15
2290.1 13998.75 1099.03 7.85
2292.5 13976.47 1079.39 7.72
2294.9 14012.61 1098.56 7.84
2297.3 13889.96 1067.85 7.69
2299.7 13787.58 1050.26 7.62
2302.1 13749.17 1048.87 7.63
2304.5 13602.40 1027.04 7.55
2306.9 13496.56 1011.36 7.49
2309.3 13451.64 987.42 7.34
2311.7 13329.30 953.78 7.16
2314.1 13154.03 968.83 7.37
2316.5 13124.14 973.18 7.42
2318.9 13145.46 961.77 7.32
2321.3 13101.23 978.53 7.47
2323.7 13118.10 986.35 7.52
2326.1 13081.38 967.20 7.39
2328.4 13108.17 951.99 7.26
2330.8 13202.52 961.15 7.28
2333.2 13104.54 967.81 7.39
2335.6 13023.78 938.28 7.20
2337.9 13062.53 951.52 7.28
2340.3 13002.24 932.03 7.17
2342.7 12902.35 884.42 6.85
2345.0 12884.39 896.05 6.95
2347.4 12860.50 862.75 6.71
2349.7 12661.22 824.43 6.51
2352.1 12633.43 844.80 6.69
2354.4 12658.59 863.97 6.83
2356.8 12578.77 846.07 6.73
2359.2 12527.67 832.00 6.64
2361.5 12479.13 811.58 6.50
2363.8 12494.29 803.68 6.43
2366.2 12489.73 825.29 6.61
2368.5 12451.10 792.10 6.36
2370.9 12453.76 760.47 6.11
2373.2 12415.30 804.90 6.48
2375.5 12276.33 778.30 6.34
2377.9 12211.78 765.80 6.27
2380.2 12242.21 778.88 6.36
2382.5 12139.99 771.96 6.36
2384.8 12068.64 756.32 6.27
2387.2 12086.52 764.20 6.32
2389.5 12068.58 708.25 5.87
2391.8 12016.43 713.00 5.93
2394.1 11909.46 786.93 6.61
2396.4 11863.59 735.43 6.20
2398.7 11940.46 696.65 5.83
2401.0 11823.50 726.92 6.15
2403.3 11693.04 732.06 6.26
2405.6 11741.09 679.77 5.79
2407.9 11668.29 701.40 6.01
2410.2 11575.79 696.85 6.02
2412.5 11525.22 635.21 5.51
2414.8 11512.67 636.74 5.53
2417.1 11505.36 650.37 5.65
2419.4 11477.63 651.25 5.67
2421.7 11364.91 657.08 5.78
2424.0 11316.90 634.00 5.60
2426.2 11347.35 642.00 5.66
2428.5 11281.78 643.59 5.70
2430.8 11243.35 610.40 5.43
2433.1 11179.50 586.36 5.24
2435.4 11100.48 587.48 5.29
2437.6 11066.91 576.29 5.21
2439.9 10932.41 555.89 5.08
2442.2 10967.11 591.59 5.39
2444.4 10975.51 591.56 5.39
2446.7 10909.12 537.28 4.93
2448.9 10931.40 538.87 4.93
2451.2 10853.16 584.08 5.38
2453.4 10787.73 542.40 5.03
2455.7 10721.98 529.11 4.93
2457.9 10647.12 549.45 5.16
2460.2 10665.45 487.04 4.57
2462.4 10576.80 511.68 4.84
2464.7 10503.38 548.83 5.23
2466.9 10471.02 500.76 4.78
2469.2 10480.86 505.57 4.82
2471.4 10359.57 538.33 5.20
2473.6 10250.05 495.43 4.83
2475.9 10220.96 487.68 4.77
2478.1 10124.53 532.87 5.26
2480.3 10080.49 466.43 4.63
2482.5 10057.71 450.35 4.48
2484.8 9961.32 473.31 4.75
2487.0 9924.93 459.21 4.63
2489.2 9935.52 520.15 5.24
2491.4 9875.23 499.53 5.06
2493.6 9884.14 399.76 4.04
2495.8 9866.24 419.67 4.25
2498.0 9849.60 502.61 5.10
2500.2 9865.68 471.80 4.78
2502.4 10096.56 506.16 5.01
2504.6 10244.49 488.28 4.77
2506.8 10345.65 370.18 3.58
