/*** Spectra Vista SIG Data ***/
name= \My Documents\HR1024_Data\GD3S1.
instrument= HR: 1091052
integration= 200, 60, 30, 400, 60, 30
scan time= 1, 1
scan settings= AD, AI, AD, AI
external data set1= 8224, 8224, 8224, 8224, 8224, 8224, 8224, 8224, 8224, 8224, 8224, 8224, 8224, 8224, 8224, 8224
external data set2= 8224, 8224, 8224, 8224, 8224, 8224, 8224, 8224, 8224, 8224, 8224, 8224, 8224, 8224, 8224, 8224
external data dark= 0,0,0,0,0,0,0,0
external data mask= 0
optic= LENS4 , LENS4 
temp= 32.98, 8.88, -5.37, 37.17, 8.94, -5.37
battery= 7.6, 7.4
error= 0, 0
units= Radiance, Radiance
time= 1/26/08 10:33:54 AM, 1/26/08 10:41:17 AM
longitude= , 
latitude= , 
gpstime= , 
comm= 
memory slot= 0, 0
factors= 
data= 
346.4 598.78 226.14 37.77
347.9 627.50 224.33 35.75
349.5 677.04 229.32 33.87
351.1 739.44 235.56 31.86
352.6 790.63 241.93 30.60
354.2 841.03 245.44 29.18
355.7 912.59 266.03 29.15
357.3 974.37 286.07 29.36
358.8 992.58 290.09 29.23
360.4 1062.29 293.71 27.65
361.9 1117.88 294.27 26.32
363.5 1149.55 308.16 26.81
365.1 1196.29 315.54 26.38
366.6 1260.16 324.54 25.75
368.2 1349.72 325.68 24.13
369.7 1403.95 328.13 23.37
371.3 1488.21 350.65 23.56
372.8 1577.00 365.20 23.16
374.4 1638.71 370.46 22.61
375.9 1688.10 377.34 22.35
377.4 1740.09 383.80 22.06
379.0 1788.57 389.86 21.80
380.5 1855.73 397.00 21.39
382.1 1905.98 401.88 21.09
383.6 1973.16 411.08 20.83
385.2 2065.25 418.00 20.24
386.7 2149.76 425.08 19.77
388.3 2271.83 453.82 19.98
389.8 2363.45 466.65 19.74
391.3 2453.59 494.34 20.15
392.9 2526.36 517.79 20.50
394.4 2602.50 541.57 20.81
395.9 2690.98 566.77 21.06
397.5 2829.48 584.63 20.66
399.0 2963.31 604.10 20.39
400.6 3033.76 616.94 20.34
402.1 3072.78 605.01 19.69
403.6 3116.75 611.36 19.62
405.1 3199.00 623.81 19.50
406.7 3304.00 641.76 19.42
408.2 3412.53 663.80 19.45
409.7 3521.28 684.32 19.43
411.3 3642.17 711.45 19.53
412.8 3732.75 733.52 19.65
414.3 3845.02 761.17 19.80
415.8 3965.00 777.50 19.61
417.4 4085.95 808.34 19.78
418.9 4192.21 829.84 19.79
420.4 4267.16 842.47 19.74
421.9 4346.32 850.63 19.57
423.5 4413.15 863.95 19.58
425.0 4492.75 873.15 19.43
426.5 4594.55 885.80 19.28
428.0 4712.54 902.07 19.14
429.5 4856.53 920.35 18.95
431.1 5025.20 950.09 18.91
432.6 5198.44 982.40 18.90
434.1 5370.75 1011.59 18.84
435.6 5520.56 1044.90 18.93
437.1 5670.60 1076.40 18.98
438.6 5806.58 1101.38 18.97
440.1 5943.54 1138.95 19.16
441.6 6091.61 1171.46 19.23
443.1 6230.93 1217.03 19.53
444.7 6356.12 1255.61 19.75
446.2 6474.98 1297.73 20.04
447.7 6582.53 1345.20 20.44
449.2 6691.68 1380.24 20.63
450.7 6814.08 1415.44 20.77
452.2 6930.56 1452.14 20.95
453.7 7066.33 1500.24 21.23
455.2 7233.85 1555.37 21.50
456.7 7443.04 1613.04 21.67
458.2 7673.27 1676.73 21.85
459.7 7920.50 1740.38 21.97
461.2 8156.07 1801.18 22.08
462.7 8366.46 1858.92 22.22
464.2 8568.06 1918.76 22.39
465.7 8788.58 1975.13 22.47
467.2 8970.50 2015.48 22.47
468.7 9176.00 2084.00 22.71
470.2 9305.26 2138.51 22.98
471.7 9490.50 2192.13 23.10
473.2 9788.42 2221.59 22.70
474.6 10042.30 2258.17 22.49
476.1 10127.24 2303.38 22.74
477.6 10169.21 2340.19 23.01
479.1 10224.56 2367.06 23.15
480.6 10293.47 2392.82 23.25
482.1 10426.95 2426.08 23.27
483.6 10590.11 2480.07 23.42
485.1 10796.39 2540.57 23.53
486.6 11041.55 2619.53 23.72
488.0 11290.50 2706.44 23.97
489.5 11568.25 2804.45 24.24
491.0 11840.59 2914.59 24.62
492.5 12119.22 3031.02 25.01
494.0 12409.65 3165.36 25.51
495.4 12660.45 3297.53 26.05
496.9 12912.44 3440.20 26.64
498.4 13155.80 3592.33 27.31
499.9 13408.52 3766.48 28.09
501.4 13645.90 3940.21 28.87
502.8 13864.50 4129.04 29.78
504.3 14081.40 4314.60 30.64
505.8 14291.05 4521.24 31.64
507.2 14436.37 4715.74 32.67
508.7 14548.87 4909.61 33.75
510.2 14651.50 5101.58 34.82
511.6 14718.08 5278.00 35.86
513.1 14838.45 5478.17 36.92
514.6 14986.45 5684.83 37.93
516.0 15112.04 5896.51 39.02
517.5 15305.31 6134.58 40.08
519.0 15537.89 6393.50 41.15
520.5 15768.60 6652.66 42.19
521.9 16045.99 6928.91 43.18
523.4 16363.11 7219.77 44.12
524.8 16675.79 7509.73 45.03
526.3 17027.53 7806.53 45.85
527.8 17380.80 8097.73 46.59
529.2 17706.86 8368.07 47.26
530.7 18056.71 8648.46 47.90
532.1 18377.28 8908.51 48.48
533.6 18738.23 9179.27 48.99
535.0 19114.67 9448.19 49.43
536.5 19476.07 9711.37 49.86
538.0 19846.24 9987.52 50.32
539.4 20198.95 10240.41 50.70
540.9 20626.19 10509.85 50.95
542.3 20984.92 10743.78 51.20
543.8 21250.33 10932.83 51.45
545.2 21329.19 11046.78 51.79
546.6 21331.64 11121.68 52.14
548.1 21362.06 11199.99 52.43
549.5 21376.46 11264.02 52.69
551.0 21386.66 11319.63 52.93
552.4 21443.54 11392.45 53.13
553.9 21463.89 11437.21 53.29
555.3 21521.57 11489.99 53.39
556.8 21650.10 11575.20 53.46
558.2 21773.81 11658.94 53.55
559.6 21936.94 11762.50 53.62
561.1 22168.25 11897.44 53.67
562.5 22423.78 12037.18 53.68
564.0 22757.43 12215.60 53.68
565.4 23059.14 12381.08 53.69
566.8 23449.52 12573.35 53.62
568.3 23818.66 12747.47 53.52
569.7 24198.01 12923.49 53.41
571.1 24579.14 13080.33 53.22
572.6 24952.86 13229.73 53.02
574.0 25317.60 13370.78 52.81
575.4 25678.69 13501.69 52.58
576.9 26008.29 13624.38 52.38
578.3 26306.64 13730.68 52.19
579.7 26593.28 13838.30 52.04
581.1 26823.10 13915.93 51.88
582.6 27065.10 14008.85 51.76
584.0 27286.52 14075.74 51.58
585.4 27587.92 14172.04 51.37
586.8 27978.96 14319.17 51.18
588.3 28419.30 14470.56 50.92
589.7 28786.68 14596.92 50.71
591.1 29016.81 14680.32 50.59
592.5 29127.43 14708.51 50.50
594.0 29186.34 14707.50 50.39
595.4 29194.56 14682.30 50.29
596.8 29193.45 14654.64 50.20
598.2 29177.08 14621.25 50.11
599.6 29153.88 14574.87 49.99
601.0 29216.28 14549.34 49.80
602.4 29261.60 14518.23 49.62
603.9 29364.60 14506.85 49.40
605.3 29484.10 14497.79 49.17
606.7 29584.80 14463.00 48.89
608.1 29785.49 14488.79 48.64
609.5 30013.28 14507.44 48.34
610.9 30296.78 14548.58 48.02
612.3 30557.28 14573.14 47.69
613.7 30914.00 14633.72 47.34
615.1 31159.08 14625.36 46.94
616.5 31406.64 14634.39 46.60
617.9 31801.61 14724.57 46.30
619.3 32170.62 14822.18 46.07
620.7 32635.92 14985.59 45.92
622.1 33083.75 15083.03 45.59
623.5 33564.04 15167.59 45.19
624.9 34116.86 15294.43 44.83
626.3 34490.69 15355.43 44.52
627.7 34145.81 15137.38 44.33
629.1 33851.16 14938.56 44.13
630.5 33743.57 14826.07 43.94
631.9 33775.53 14772.78 43.74
633.3 33808.52 14729.32 43.57
634.7 33992.91 14778.97 43.48
636.1 34075.08 14769.51 43.34
637.5 34196.58 14782.80 43.23
638.9 34374.61 14852.61 43.21
640.2 34545.58 14912.22 43.17
641.6 34634.34 14897.61 43.01
643.0 34657.83 14811.08 42.74
644.4 34696.37 14713.68 42.41
645.8 34653.86 14562.86 42.02
647.2 34834.41 14492.73 41.60
648.5 34958.93 14429.29 41.27
649.9 34861.32 14274.59 40.95
651.3 34789.65 14156.33 40.69
652.7 34680.00 13994.40 40.35
654.1 34452.30 13561.98 39.36
655.5 34172.42 13057.55 38.21
656.8 33904.63 12574.58 37.09
658.2 34070.04 12282.93 36.05
659.6 34442.82 12079.10 35.07
660.9 34748.70 11847.76 34.10
662.3 35067.95 11600.52 33.08
663.7 35364.00 11344.20 32.08
665.0 35617.00 11095.56 31.15
666.4 35877.31 10873.26 30.31
667.8 36209.10 10708.61 29.57
669.1 36482.80 10541.98 28.90
670.5 36799.72 10438.20 28.36
671.9 36995.40 10339.74 27.95
673.2 37270.13 10313.96 27.67
674.6 37530.47 10317.13 27.49
676.0 37841.78 10384.26 27.44
677.3 38141.57 10493.86 27.51
678.7 38483.75 10673.88 27.74
680.0 38922.37 10963.56 28.17
681.4 39389.45 11376.88 28.88
682.8 39844.35 11921.00 29.92
684.1 40287.78 12626.64 31.34
685.5 40705.56 13473.22 33.10
686.8 41091.84 14451.27 35.17
688.2 41433.89 15546.78 37.52
689.5 41549.57 16677.71 40.14
690.9 41633.44 17853.44 42.88
692.2 41697.60 19052.33 45.69
693.6 41771.65 20273.30 48.53
694.9 41721.88 21401.40 51.30
696.2 41751.90 22516.43 53.93
697.6 41766.04 23555.61 56.40
698.9 41796.48 24559.92 58.76
700.3 41844.24 25486.49 60.91
701.6 41918.48 26346.67 62.85
703.0 41979.40 27132.36 64.63
704.3 41981.71 27796.28 66.21
705.6 41967.18 28403.60 67.68
707.0 41980.75 28954.04 68.97
708.3 41872.71 29373.20 70.15
709.6 41753.67 29757.48 71.27
711.0 41589.99 30043.00 72.24
712.3 41418.66 30294.37 73.14
713.6 41354.04 30553.95 73.88
714.9 41240.96 30786.30 74.65
716.3 41218.54 31040.13 75.31
717.6 41221.95 31279.92 75.88
718.9 41134.56 31421.23 76.39
720.2 40936.00 31439.45 76.80
721.6 40765.66 31490.68 77.25
722.9 40572.15 31498.82 77.64
724.2 40305.71 31458.68 78.05
725.5 40134.57 31453.88 78.37
726.8 39960.91 31425.17 78.64
728.1 39855.98 31431.31 78.86
729.5 39766.23 31431.14 79.04
730.8 39707.44 31447.03 79.20
732.1 39612.07 31422.45 79.33
733.4 39556.45 31431.31 79.46
734.7 39507.57 31417.91 79.52
736.0 39511.29 31461.66 79.63
737.3 39463.58 31474.74 79.76
738.6 39569.04 31606.32 79.88
739.9 39770.92 31834.77 80.05
741.2 39928.98 31995.60 80.13
742.5 40206.42 32293.87 80.32
743.8 40696.43 32758.69 80.50
745.1 41398.16 33396.67 80.67
746.4 42245.84 34097.02 80.71
747.7 43136.62 34782.19 80.63
749.0 43980.49 35413.54 80.52
750.3 44484.44 35696.43 80.24
751.6 44396.66 35581.59 80.14
752.9 43969.12 35221.97 80.11
754.2 43470.53 34856.17 80.18
755.4 42928.75 34502.90 80.37
756.7 42746.48 34441.84 80.57
758.0 42774.71 34563.22 80.80
759.3 43048.01 34869.77 81.00
760.6 43418.76 35264.46 81.22
761.9 43775.94 35606.53 81.34
763.1 43996.61 35796.58 81.36
764.4 44239.34 36031.33 81.45
765.7 44424.25 36209.88 81.51
767.0 44583.75 36358.87 81.55
768.2 44688.00 36489.60 81.65
769.5 44782.92 36584.34 81.69
770.8 44990.42 36763.01 81.71
772.0 45014.41 36811.28 81.78
773.3 45100.97 36899.31 81.81
774.6 45226.84 37015.13 81.84
775.8 45313.45 37077.87 81.83
777.1 45344.81 37091.49 81.80
778.4 45245.88 37062.25 81.91
779.6 45226.44 37071.69 81.97
780.9 45132.00 37024.00 82.03
782.1 44952.26 36927.39 82.15
783.4 44936.32 36940.80 82.21
784.6 44935.72 36983.48 82.30
785.9 45255.62 37296.75 82.41
787.1 45836.93 37855.36 82.59
788.4 46288.94 38158.56 82.44
789.6 46219.23 37926.81 82.06
790.9 45788.99 37466.88 81.83
792.1 45296.16 37056.28 81.81
793.4 44771.54 36691.38 81.95
794.6 44415.30 36405.95 81.97
795.8 44134.47 36171.54 81.96
797.1 43801.05 35943.49 82.06
798.3 43569.08 35796.34 82.16
799.5 43411.48 35698.35 82.23
800.8 43273.13 35582.09 82.23
802.0 43071.08 35457.14 82.32
803.2 42890.28 35280.86 82.26
804.5 42742.15 35176.01 82.30
805.7 42601.95 35042.59 82.26
806.9 42426.40 34901.33 82.26
808.1 42305.67 34824.38 82.32
809.4 42221.44 34761.79 82.33
810.6 42105.70 34691.48 82.39
811.8 42062.43 34682.41 82.45
813.0 42071.08 34701.39 82.48
814.2 42081.20 34733.28 82.54
815.4 42185.03 34793.48 82.48
816.6 42225.34 34806.41 82.43
817.9 42273.21 34792.71 82.30
819.1 42166.58 34686.86 82.26
820.3 42039.03 34487.12 82.04
821.5 41905.07 34365.69 82.01
822.7 41849.58 34275.35 81.90
823.9 41838.35 34228.26 81.81
825.1 41851.34 34169.33 81.64
826.3 41890.94 34143.70 81.51
827.5 41937.05 34110.80 81.34
828.7 42011.28 34090.56 81.15
829.9 42039.57 34044.55 80.98
831.0 42140.75 34071.93 80.85
832.2 42235.78 34090.94 80.72
833.4 42305.18 34112.13 80.63
834.6 42417.19 34139.06 80.48
835.8 42496.65 34185.38 80.44
837.0 42597.61 34254.49 80.41
838.1 42745.68 34387.32 80.45
839.3 42856.00 34457.69 80.40
840.5 42989.60 34571.63 80.42
841.7 43156.80 34722.74 80.46
842.9 43298.86 34860.76 80.51
844.0 43430.88 34963.79 80.50
845.2 43568.90 35114.84 80.60
846.4 43732.15 35232.86 80.57
847.5 43960.00 35401.54 80.53
848.7 44164.79 35567.20 80.53
849.9 44393.85 35699.51 80.42
851.0 44478.08 35721.04 80.31
852.2 44569.63 35767.03 80.25
853.3 44562.81 35714.43 80.14
854.5 44594.90 35718.43 80.10
855.6 44615.97 35730.77 80.09
856.8 44687.86 35766.09 80.04
857.9 44681.40 35752.48 80.02
859.1 44832.20 35879.40 80.03
860.2 44876.88 35893.34 79.98
861.4 44954.55 35931.80 79.93
862.5 45021.69 35990.88 79.94
863.7 45150.84 36091.83 79.94
864.8 45213.35 36102.85 79.85
865.9 45167.77 36082.26 79.88
867.1 45241.43 36106.87 79.81
868.2 45295.54 36111.29 79.72
869.3 45314.27 36121.60 79.71
870.5 45282.48 36062.91 79.64
871.6 45315.83 36077.03 79.61
872.7 45413.27 36148.64 79.60
873.9 45478.16 36138.76 79.46
875.0 45456.71 36082.36 79.38
876.1 45452.45 36066.96 79.35
877.2 45498.99 36072.58 79.28
878.3 45519.98 36041.63 79.18
879.4 45563.53 36025.47 79.07
880.5 45631.08 36030.42 78.96
881.7 45596.20 35971.65 78.89
882.8 45693.96 35959.01 78.70
883.9 45722.91 35910.13 78.54
885.0 45675.63 35822.72 78.43
886.1 45712.78 35722.89 78.15
887.2 45537.58 35520.39 78.00
888.3 45475.07 35376.50 77.79
889.4 45347.40 35229.71 77.69
890.5 45259.13 35092.49 77.54
891.6 45193.70 34980.23 77.40
892.7 45201.31 34932.40 77.28
893.8 45270.56 34936.37 77.17
894.9 45248.28 34890.30 77.11
896.0 45235.90 34810.26 76.95
897.0 45257.72 34792.68 76.88
898.1 45230.13 34758.47 76.85
899.2 45252.30 34716.78 76.72
900.3 45165.90 34592.76 76.59
901.4 45101.16 34433.94 76.35
902.4 45077.20 34456.60 76.44
903.5 45018.01 34336.34 76.27
904.6 45035.56 34261.20 76.08
905.7 45038.93 34186.99 75.91
906.7 44985.82 34117.54 75.84
907.8 45025.57 34110.57 75.76
908.9 44904.57 33948.09 75.60
909.9 44897.74 33895.40 75.49
911.0 44830.08 33777.03 75.34
912.1 44749.25 33645.54 75.19
913.1 44707.00 33517.90 74.97
914.2 44554.62 33366.33 74.89
915.2 44505.45 33281.69 74.78
916.3 44491.35 33175.05 74.57
917.3 44461.10 33065.48 74.37
918.4 44383.35 32875.43 74.07
919.4 44330.69 32725.39 73.82
920.5 44315.70 32663.46 73.71
921.5 44285.78 32531.17 73.46
922.6 44268.10 32371.64 73.13
923.6 44262.16 32305.31 72.99
924.7 44333.00 32185.50 72.60
925.7 44276.22 32042.43 72.37
926.7 44252.98 31944.64 72.19
927.8 44374.33 31801.23 71.67
928.8 44502.63 31734.84 71.31
929.9 44598.23 31642.70 70.95
930.9 44802.27 31677.85 70.71
931.9 45011.35 31645.18 70.30
932.9 45355.12 31716.01 69.93
934.0 45370.16 31572.80 69.59
935.0 45397.97 31459.28 69.30
936.0 45413.73 31247.11 68.81
937.0 45319.95 31069.74 68.56
938.1 45295.44 30859.91 68.13
939.1 45257.91 30698.70 67.83
940.1 45342.90 30611.01 67.51
941.1 45568.46 30614.77 67.18
942.1 45803.34 30606.38 66.82
943.1 45999.43 30596.53 66.52
944.1 46171.28 30549.42 66.17
945.2 46338.18 30414.72 65.64
946.2 46411.22 30289.98 65.26
947.2 46518.25 30174.00 64.86
948.2 46693.82 30091.27 64.44
949.2 46838.19 29952.41 63.95
950.2 46912.95 29778.98 63.48
951.2 46909.80 29616.72 63.14
952.2 47054.57 29527.14 62.75
953.2 47260.85 29404.94 62.22
954.2 47365.65 29290.73 61.84
955.2 47408.68 29173.39 61.54
956.2 47434.65 28969.58 61.07
957.2 47543.77 28856.74 60.70
958.2 47601.59 28750.12 60.40
959.2 47735.55 28721.25 60.17
960.1 47775.14 28653.17 59.98
961.1 47870.63 28661.45 59.87
962.1 47933.44 28615.78 59.70
963.1 48032.50 28631.60 59.61
964.1 48057.21 28604.59 59.52
965.1 48243.99 28649.06 59.38
966.1 48335.33 28613.65 59.20
967.0 48410.39 28676.03 59.24
968.0 48434.88 28707.54 59.27
969.0 48556.60 28729.50 59.17
970.0 48603.65 28760.47 59.17
971.0 48737.12 28788.85 59.07
971.9 48722.90 28789.73 59.09
972.9 48879.95 28816.55 58.95
973.9 48859.53 28820.19 58.99
974.9 49044.08 28804.31 58.73
975.8 49101.73 28935.96 58.93
976.8 49135.91 28947.59 58.91
977.8 49315.41 28926.61 58.66
978.8 49372.50 29061.68 58.86
979.7 49504.50 29152.65 58.89
980.7 49626.72 29306.81 59.05
981.7 49868.69 29477.75 59.11
982.6 50026.42 29670.18 59.31
983.6 50542.44 30041.40 59.44
984.6 51139.74 30400.07 59.45
985.5 51570.00 30873.24 59.87
986.5 52881.11 31697.05 59.94
987.5 53801.49 32445.87 60.31
988.4 54737.10 32916.95 60.14
989.4 56052.04 33768.54 60.24
990.4 57074.27 34813.85 61.00
991.3 59136.61 35788.73 60.52
992.3 61232.97 36681.09 59.90
993.2 62381.81 37810.56 60.61
994.2 63759.15 38457.90 60.32
995.2 64627.45 38608.61 59.74
996.1 65405.36 38968.14 59.58
997.1 65143.00 39085.80 60.00
998.0 67149.60 38542.50 57.40
999.0 66846.51 38662.58 57.84
1000.0 67127.69 39001.56 58.10
1000.9 65712.83 39349.00 59.88
1001.9 66491.34 39124.48 58.84
1002.8 64393.95 38469.11 59.74
1003.8 65025.46 38840.71 59.73
1004.8 66172.20 39018.78 58.97
961.5 59748.86 32678.18 54.69
965.5 58598.35 32327.18 55.17
969.5 56260.49 31513.61 56.01
973.4 53913.29 30562.88 56.69
977.4 51859.95 29769.26 57.40
981.4 50850.20 29538.26 58.09
985.3 50481.20 29672.46 58.78
989.3 50535.22 30147.79 59.66
993.3 50635.09 30676.55 60.58
997.2 50595.02 31023.31 61.32
1001.2 50545.04 31273.71 61.87
1005.2 50473.33 31489.71 62.39
1009.1 50535.74 31831.40 62.99
1013.1 50697.93 32274.34 63.66
1017.1 50843.90 32720.46 64.35
1021.0 50855.49 33070.09 65.03
1025.0 50816.26 33400.93 65.73
1029.0 50641.08 33616.32 66.38
1032.9 50496.42 33818.85 66.97
1036.9 50486.34 34126.97 67.60
1040.9 50614.23 34529.92 68.22
1044.8 50848.91 34992.96 68.82
1048.8 51055.33 35400.78 69.34
1052.7 51200.97 35752.90 69.83
1056.7 51265.76 35991.78 70.21
1060.7 51328.86 36168.20 70.46
1064.6 51364.29 36305.81 70.68
1068.6 51285.22 36307.88 70.80
1072.5 51205.93 36249.41 70.79
1076.5 51155.97 36168.58 70.70
1080.4 51154.95 36078.84 70.53
1084.4 51258.31 36009.56 70.25
1088.3 51367.47 35915.16 69.92
1092.3 51376.13 35689.02 69.47
1096.2 51342.58 35410.11 68.97
1100.2 51360.86 35172.77 68.48
1104.1 51244.60 34823.56 67.96
1108.1 51175.76 34522.72 67.46
1112.0 51059.75 34170.66 66.92
1116.0 50831.30 33690.61 66.28
1119.9 50653.13 33163.79 65.47
1123.9 50703.41 32673.98 64.44
1127.8 50649.60 31956.48 63.09
1131.8 50608.23 31066.74 61.39
1135.7 50617.81 30041.86 59.35
1139.6 50606.06 28906.38 57.12
1143.6 50555.26 27800.30 54.99
1147.5 50517.05 26854.75 53.16
1151.4 50365.69 26069.78 51.76
1155.4 50355.11 25605.23 50.85
1159.3 50376.78 25317.47 50.26
1163.2 50207.59 25019.52 49.83
1167.2 50161.80 24864.96 49.57
1171.1 50174.37 24790.93 49.41
1175.0 50101.08 24680.03 49.26
1179.0 50065.70 24571.21 49.08
1182.9 50165.17 24544.62 48.93
1186.8 50159.61 24471.67 48.79
1190.7 49934.95 24283.46 48.63
1194.7 49665.47 24092.13 48.51
1198.6 49438.62 23939.69 48.42
1202.5 49264.40 23860.23 48.43
1206.4 49122.14 23842.53 48.54
1210.3 49037.26 23843.06 48.62
1214.2 48930.30 23862.28 48.77
1218.2 48765.56 23874.67 48.96
1222.1 48630.48 23897.68 49.14
1226.0 48538.40 23949.82 49.34
1229.9 48450.48 24015.36 49.57
1233.8 48352.03 24058.60 49.76
1237.7 48317.50 24114.00 49.91
1241.6 48229.08 24148.08 50.07
1245.5 48061.09 24119.66 50.19
1249.4 47934.98 24118.74 50.32
1253.3 47803.87 24129.06 50.48
1257.2 47735.46 24135.54 50.56
1261.1 47624.11 24091.99 50.59
1265.0 47490.52 24024.82 50.59
1268.9 47304.07 23930.33 50.59
1272.8 47372.70 23942.85 50.54
1276.7 47590.81 23986.09 50.40
1280.6 47691.16 23941.80 50.20
1284.5 47615.01 23766.82 49.91
1288.4 47591.67 23594.14 49.58
1292.3 47467.75 23344.75 49.18
1296.2 47318.59 23063.57 48.74
1300.1 47148.87 22746.93 48.24
1303.9 46897.39 22351.85 47.66
1307.8 46639.44 21915.23 46.99
1311.7 46386.67 21458.66 46.26
1315.6 46123.85 20993.40 45.52
1319.5 45848.18 20489.80 44.69
1323.3 45606.50 19978.19 43.81
1327.2 45386.16 19481.90 42.92
1331.1 45132.53 18966.16 42.02
1335.0 44824.46 18434.74 41.13
1338.8 44600.56 17963.40 40.28
1342.7 44421.07 17523.64 39.45
1346.5 44042.02 17039.35 38.69
1350.4 43720.62 16621.98 38.02
1354.3 43279.60 16202.95 37.44
1358.1 42799.92 15764.65 36.83
1362.0 42533.76 15349.15 36.09
1365.8 42447.40 14986.05 35.30
1369.7 42569.31 14664.83 34.45
1373.5 42515.11 14218.85 33.44
1377.4 42239.08 13595.57 32.19
1381.2 42024.35 12842.28 30.56
1385.1 42007.68 12086.13 28.77
1389.0 41913.21 11343.05 27.06
1392.8 41686.58 10578.89 25.38
1396.6 41522.45 9879.01 23.79
1400.5 41297.26 9271.52 22.45
1404.3 41119.22 8768.14 21.32
1408.2 41089.83 8377.97 20.39
1412.0 41038.18 8076.69 19.68
1415.8 41063.56 7869.94 19.17
1419.6 41020.11 7690.38 18.75
1423.5 40984.07 7550.13 18.42
1427.3 40938.38 7448.87 18.20
1431.1 40915.35 7370.25 18.01
1434.9 40812.08 7286.30 17.85
1438.8 40755.58 7227.43 17.73
1442.6 40720.04 7203.27 17.69
1446.4 40579.53 7161.64 17.65
1450.2 40476.97 7132.99 17.62
1454.0 40349.16 7097.64 17.59
1457.8 40313.93 7098.58 17.61
1461.6 40291.52 7127.01 17.69
1465.4 40157.17 7142.95 17.79
1469.2 39958.10 7163.98 17.93
1473.0 39808.79 7213.54 18.12
1476.8 39739.71 7298.71 18.37
1480.7 39668.27 7395.36 18.64
1484.4 39532.92 7494.36 18.96
1488.2 39418.92 7610.64 19.31
1492.0 39281.08 7722.50 19.66
1495.8 39157.30 7837.38 20.02
1499.6 39041.55 7935.48 20.33
1503.4 38891.42 8014.86 20.61
1507.2 38758.78 8095.60 20.89
1510.9 38603.27 8160.67 21.14
1514.7 38431.80 8207.34 21.36
1518.5 38296.78 8281.34 21.62
1522.3 38148.01 8372.05 21.95
1526.0 38038.86 8476.36 22.28
1529.8 37977.87 8597.86 22.64
1533.6 37845.65 8670.92 22.91
1537.3 37710.11 8730.04 23.15
1541.1 37580.52 8814.20 23.45
1544.8 37449.60 8908.80 23.79
1548.6 37314.89 9010.19 24.15
1552.4 37219.38 9104.84 24.46
1556.1 37135.69 9162.82 24.67
1559.9 37030.39 9200.14 24.84
1563.6 36900.49 9243.04 25.05
1567.3 36782.10 9321.00 25.34
1571.1 36560.28 9389.62 25.68
1574.8 36404.14 9469.23 26.01
1578.6 36302.38 9549.61 26.31
1582.3 36157.52 9589.45 26.52
1586.0 36009.48 9615.15 26.70
1589.8 35863.84 9640.84 26.88
1593.5 35710.53 9663.25 27.06
1597.2 35575.62 9692.84 27.25
1600.9 35432.24 9700.91 27.38
1604.7 35280.85 9710.52 27.52
1608.4 35142.04 9749.11 27.74
1612.1 34980.47 9782.61 27.97
1615.8 34834.07 9809.26 28.16
1619.5 34752.20 9842.44 28.32
1623.2 34595.03 9853.95 28.48
1626.9 34406.93 9859.96 28.66
1630.6 34230.90 9863.92 28.82
1634.3 34081.71 9867.86 28.95
1638.0 33920.36 9844.11 29.02
1641.7 33748.10 9809.77 29.07
1645.4 33556.70 9781.88 29.15
1649.1 33353.05 9733.53 29.18
1652.8 33189.89 9685.12 29.18
1656.4 33018.59 9628.16 29.16
1660.1 32845.97 9585.00 29.18
1663.8 32642.92 9545.47 29.24
1667.5 32483.35 9507.89 29.27
1671.1 32351.26 9467.81 29.27
1674.8 32144.07 9404.32 29.26
1678.5 32080.00 9371.37 29.21
1682.1 32102.13 9356.98 29.15
1685.8 32123.16 9339.06 29.07
1689.5 32018.65 9277.14 28.97
1693.1 31881.24 9200.34 28.86
1696.8 31732.38 9108.13 28.70
1700.4 31582.94 9013.49 28.54
1704.0 31466.76 8929.34 28.38
1707.7 31189.67 8795.00 28.20
1711.3 30882.00 8639.71 27.98
1715.0 30659.79 8516.74 27.78
1718.6 30484.31 8402.77 27.56
1722.2 30333.58 8300.38 27.36
1725.9 30181.80 8196.96 27.16
1729.5 30037.98 8094.27 26.95
1733.1 29910.73 8027.05 26.84
1736.7 29788.38 7971.88 26.76
1740.3 29614.18 7889.13 26.64
1744.0 29528.30 7813.36 26.46
1747.5 29373.44 7715.76 26.27
1751.2 29138.63 7580.30 26.01
1754.8 28975.37 7465.05 25.76
1758.4 28834.48 7368.94 25.56
1762.0 28639.33 7262.56 25.36
1765.5 28498.38 7183.72 25.21
1769.1 28452.00 7144.80 25.11
1772.7 28378.96 7098.37 25.01
1776.3 28252.73 7032.73 24.89
1779.9 28119.54 6971.04 24.79
1783.5 28061.20 6926.64 24.68
1787.0 27938.82 6879.75 24.62
1790.6 27774.17 6827.41 24.58
1794.2 27666.21 6786.05 24.53
1797.8 27558.84 6756.28 24.52
1801.3 27465.68 6741.81 24.55
1804.9 27315.75 6704.25 24.54
1808.4 27221.13 6696.52 24.60
1812.0 27071.27 6665.33 24.62
1815.5 26907.62 6621.96 24.61
1819.1 26703.43 6567.86 24.60
1822.6 26545.43 6522.36 24.57
1826.2 26400.51 6482.69 24.56
1829.7 26207.46 6430.28 24.54
1833.2 25952.41 6371.57 24.55
1836.8 25712.51 6293.56 24.48
1840.3 25567.16 6225.08 24.35
1843.8 25454.03 6187.72 24.31
1847.3 25371.56 6173.24 24.33
1850.8 25264.51 6152.83 24.35
1854.3 25105.60 6102.59 24.31
1857.8 25027.60 5990.40 23.94
1861.3 25027.70 5829.10 23.29
1864.8 24948.54 5609.57 22.48
1868.3 24715.93 5259.02 21.28
1871.8 24529.92 4876.80 19.88
1875.3 24489.01 4586.86 18.73
1878.8 24485.84 4338.77 17.72
1882.3 24423.29 4080.99 16.71
1885.8 24245.59 3830.79 15.80
1889.3 24030.42 3611.65 15.03
1892.7 23852.68 3470.77 14.55
1896.2 23673.74 3395.74 14.34
1899.7 23427.69 3396.74 14.50
1903.1 23323.61 3428.04 14.70
1906.6 23396.53 3578.48 15.29
1910.0 23683.33 3877.73 16.37
1913.5 24138.15 4148.31 17.19
1917.0 24628.98 4578.70 18.59
1920.4 25146.40 5038.53 20.04
1923.8 25520.19 5309.93 20.81
1871.2 22263.77 4063.57 18.25
1873.9 22507.55 3983.92 17.70
1876.7 22626.01 3844.23 16.99
1879.5 22737.83 3669.83 16.14
1882.3 22382.76 3473.34 15.52
1885.1 22317.18 3232.50 14.48
1887.8 22505.15 3117.24 13.85
1890.6 22306.26 3017.31 13.53
1893.4 22256.67 2860.00 12.85
1896.2 22163.50 2791.93 12.60
1898.9 22083.42 2762.03 12.51
1901.7 21937.94 2751.06 12.54
1904.5 22143.94 2750.80 12.42
1907.2 22059.00 2731.25 12.38
1910.0 21927.95 2667.50 12.16
1912.7 21918.25 2634.19 12.02
1915.5 21816.04 2607.99 11.95
1918.2 21741.95 2576.40 11.85
1921.0 21589.30 2537.49 11.75
1923.7 21620.81 2547.94 11.78
1926.5 21581.93 2533.69 11.74
1929.2 21568.04 2488.37 11.54
1932.0 21551.20 2505.88 11.63
1934.7 21508.34 2501.33 11.63
1937.4 21385.99 2478.23 11.59
1940.2 21322.79 2498.62 11.72
1942.9 21412.44 2533.44 11.83
1945.6 21432.94 2521.70 11.77
1948.3 21347.13 2505.94 11.74
1951.1 21319.83 2501.31 11.73
1953.8 21321.00 2526.00 11.85
1956.5 21174.65 2551.74 12.05
1959.2 21255.91 2580.37 12.14
1961.9 21274.22 2595.58 12.20
1964.6 21161.18 2588.25 12.23
1967.3 21232.43 2625.50 12.37
1970.0 21063.36 2604.80 12.37
1972.8 20962.32 2609.26 12.45
1975.5 21019.32 2657.41 12.64
1978.2 20951.00 2642.60 12.61
1980.9 20833.51 2661.40 12.77
1983.5 20753.87 2655.31 12.79
1986.2 20730.84 2680.11 12.93
1988.9 20710.47 2723.76 13.15
1991.6 20560.54 2711.28 13.19
1994.3 20429.18 2703.48 13.23
1997.0 20463.02 2730.52 13.34
1999.7 20411.81 2753.93 13.49
2002.3 20392.69 2758.72 13.53
2005.0 20300.64 2787.49 13.73
2007.7 20215.73 2820.80 13.95
2010.4 20150.59 2809.32 13.94
2013.0 20054.41 2810.86 14.02
2015.7 19971.23 2827.46 14.16
2018.4 19850.99 2819.65 14.20
2021.0 19776.67 2841.83 14.37
2023.7 19665.12 2826.67 14.37
2026.4 19623.72 2836.38 14.45
2029.0 19549.52 2884.77 14.76
2031.7 19389.93 2875.82 14.83
2034.3 19392.75 2887.08 14.89
2037.0 19277.12 2893.82 15.01
2039.6 19203.81 2883.67 15.02
2042.3 19169.68 2895.39 15.10
2044.9 19085.22 2900.37 15.20
2047.5 19057.17 2911.59 15.28
2050.2 18939.20 2920.40 15.42
2052.8 18894.40 2914.80 15.43
2055.4 18768.37 2896.92 15.44
2058.1 18622.80 2917.60 15.67
2060.7 18569.98 2923.57 15.74
2063.3 18475.60 2909.28 15.75
2065.9 18427.79 2922.88 15.86
2068.6 18352.42 2925.67 15.94
2071.2 18299.61 2937.87 16.05
2073.8 18217.15 2943.85 16.16
2076.4 18153.52 2947.00 16.23
2079.0 18135.74 2956.12 16.30
2081.6 18151.63 2982.13 16.43
2084.2 18112.28 2996.61 16.54
2086.8 17948.60 2978.24 16.59
2089.4 17865.33 2978.50 16.67
2092.1 17782.00 2977.83 16.75
2094.7 17712.75 2983.20 16.84
2097.2 17685.67 2986.33 16.89
2099.8 17677.80 3008.93 17.02
2102.4 17557.58 3008.25 17.13
2105.0 17419.20 2986.80 17.15
2107.6 17352.05 3022.08 17.42
2110.2 17317.12 3029.22 17.49
2112.8 17308.85 3009.36 17.39
2115.3 17299.79 3039.66 17.57
2117.9 17305.54 3052.55 17.64
2120.5 17283.04 3046.18 17.63
2123.1 17169.75 3062.48 17.84
2125.6 17130.75 3074.75 17.95
2128.2 17041.98 3052.51 17.91
2130.8 16938.68 3065.40 18.10
2133.3 16907.73 3091.73 18.29
2135.9 16811.63 3053.45 18.16
2138.4 16669.29 3038.01 18.23
2141.0 16557.51 3035.30 18.33
2143.6 16519.94 3025.48 18.31
2146.1 16331.26 3014.73 18.46
2148.7 16166.35 2983.65 18.46
2151.2 16200.80 2994.93 18.49
2153.8 16223.65 3022.80 18.63
2156.3 16092.71 2982.87 18.54
2158.8 16012.97 2968.10 18.54
2161.4 15977.02 2980.77 18.66
2163.9 15879.72 2968.97 18.70
2166.4 15806.34 2950.75 18.67
2169.0 15776.77 2950.75 18.70
2171.5 15691.03 2921.19 18.62
2174.0 15580.08 2888.73 18.54
2176.5 15568.93 2900.30 18.63
2179.1 15528.15 2915.29 18.77
2181.6 15436.46 2886.54 18.70
2184.1 15393.84 2889.04 18.77
2186.6 15412.36 2902.96 18.84
2189.1 15330.96 2860.11 18.66
2191.6 15265.13 2868.13 18.79
2194.1 15289.63 2893.17 18.92
2196.6 15291.79 2880.37 18.84
2199.2 15355.64 2884.85 18.79
2201.7 15282.97 2868.92 18.77
2204.1 15217.08 2847.71 18.71
2206.6 15263.16 2894.48 18.96
2209.1 15196.78 2887.96 19.00
2211.6 15154.34 2835.97 18.71
2214.1 15142.04 2839.85 18.75
2216.6 15136.36 2833.56 18.72
2219.1 15121.17 2806.97 18.56
2221.6 15017.30 2794.09 18.61
2224.0 14973.30 2788.92 18.63
2226.5 14953.65 2785.26 18.63
2229.0 14990.65 2778.87 18.54
2231.5 14856.57 2749.94 18.51
2233.9 14819.93 2747.71 18.54
2236.4 14830.12 2744.46 18.51
2238.9 14725.00 2685.38 18.24
2241.3 14738.24 2654.59 18.01
2243.8 14703.26 2685.69 18.27
2246.2 14560.76 2624.50 18.02
2248.7 14543.49 2626.39 18.06
2251.2 14547.02 2632.68 18.10
2253.6 14461.44 2580.48 17.84
2256.1 14411.52 2592.00 17.99
2258.5 14448.51 2558.55 17.71
2260.9 14358.24 2500.42 17.41
2263.4 14286.28 2437.34 17.06
2265.8 14286.52 2427.25 16.99
2268.3 14242.68 2455.24 17.24
2270.7 14293.95 2445.02 17.11
2273.1 14208.68 2412.22 16.98
2275.6 14138.88 2403.84 17.00
2278.0 14162.68 2382.87 16.82
2280.4 14119.54 2355.18 16.68
2282.8 13992.20 2346.23 16.77
2285.3 14040.77 2309.67 16.45
2287.7 14128.29 2292.24 16.22
2290.1 13998.75 2265.26 16.18
2292.5 13976.47 2257.98 16.16
2294.9 14012.61 2256.40 16.10
2297.3 13889.96 2210.85 15.92
2299.7 13787.58 2143.95 15.55
2302.1 13749.17 2133.09 15.51
2304.5 13602.40 2120.72 15.59
2306.9 13496.56 2061.92 15.28
2309.3 13451.64 2049.29 15.23
2311.7 13329.30 2056.70 15.43
2314.1 13154.03 2012.49 15.30
2316.5 13124.14 2033.04 15.49
2318.9 13145.46 2045.73 15.56
2321.3 13101.23 2024.41 15.45
2323.7 13118.10 2040.59 15.56
2326.1 13081.38 2031.12 15.53
2328.4 13108.17 2034.17 15.52
2330.8 13202.52 2040.91 15.46
2333.2 13104.54 1997.39 15.24
2335.6 13023.78 1976.19 15.17
2337.9 13062.53 2019.89 15.46
2340.3 13002.24 1964.82 15.11
2342.7 12902.35 1900.02 14.73
2345.0 12884.39 1906.75 14.80
2347.4 12860.50 1895.50 14.74
2349.7 12661.22 1853.90 14.64
2352.1 12633.43 1861.14 14.73
2354.4 12658.59 1852.58 14.63
2356.8 12578.77 1804.37 14.34
2359.2 12527.67 1815.67 14.49
2361.5 12479.13 1788.97 14.34
2363.8 12494.29 1783.02 14.27
2366.2 12489.73 1787.40 14.31
2368.5 12451.10 1780.00 14.30
2370.9 12453.76 1789.33 14.37
2373.2 12415.30 1744.71 14.05
2375.5 12276.33 1724.03 14.04
2377.9 12211.78 1713.93 14.04
2380.2 12242.21 1731.87 14.15
2382.5 12139.99 1700.15 14.00
2384.8 12068.64 1661.12 13.76
2387.2 12086.52 1654.98 13.69
2389.5 12068.58 1614.81 13.38
2391.8 12016.43 1611.38 13.41
2394.1 11909.46 1655.43 13.90
2396.4 11863.59 1625.68 13.70
2398.7 11940.46 1588.16 13.30
2401.0 11823.50 1587.35 13.43
2403.3 11693.04 1568.70 13.42
2405.6 11741.09 1584.47 13.50
2407.9 11668.29 1573.14 13.48
2410.2 11575.79 1544.11 13.34
2412.5 11525.22 1544.83 13.40
2414.8 11512.67 1494.29 12.98
2417.1 11505.36 1481.40 12.88
2419.4 11477.63 1536.95 13.39
2421.7 11364.91 1471.87 12.95
2424.0 11316.90 1442.35 12.75
2426.2 11347.35 1439.15 12.68
2428.5 11281.78 1433.21 12.70
2430.8 11243.35 1482.40 13.18
2433.1 11179.50 1427.17 12.77
2435.4 11100.48 1353.99 12.20
2437.6 11066.91 1376.37 12.44
2439.9 10932.41 1353.22 12.38
2442.2 10967.11 1336.76 12.19
2444.4 10975.51 1355.43 12.35
2446.7 10909.12 1349.04 12.37
2448.9 10931.40 1367.91 12.51
2451.2 10853.16 1323.12 12.19
2453.4 10787.73 1289.71 11.96
2455.7 10721.98 1301.48 12.14
2457.9 10647.12 1263.74 11.87
2460.2 10665.45 1245.33 11.68
2462.4 10576.80 1297.92 12.27
2464.7 10503.38 1274.28 12.13
2466.9 10471.02 1232.64 11.77
2469.2 10480.86 1244.48 11.87
2471.4 10359.57 1188.27 11.47
2473.6 10250.05 1151.54 11.23
2475.9 10220.96 1225.97 11.99
2478.1 10124.53 1209.21 11.94
2480.3 10080.49 1120.83 11.12
2482.5 10057.71 1150.88 11.44
2484.8 9961.32 1172.35 11.77
2487.0 9924.93 1103.59 11.12
2489.2 9935.52 1085.52 10.93
2491.4 9875.23 1122.01 11.36
2493.6 9884.14 1120.88 11.34
2495.8 9866.24 1116.49 11.32
2498.0 9849.60 1086.29 11.03
2500.2 9865.68 1112.10 11.27
2502.4 10096.56 1163.28 11.52
2504.6 10244.49 1145.58 11.18
2506.8 10345.65 1159.26 11.21
