/*** Spectra Vista SIG Data ***/
name= \My Documents\HR1024_Data\DS13.
instrument= HR: 1091052
integration= 200, 60, 30, 1000, 60, 30
scan time= 1, 1
scan settings= AD, AI, AD, AI
external data set1= 8224, 8224, 8224, 8224, 8224, 8224, 8224, 8224, 8224, 8224, 8224, 8224, 8224, 8224, 8224, 8224
external data set2= 8224, 8224, 8224, 8224, 8224, 8224, 8224, 8224, 8224, 8224, 8224, 8224, 8224, 8224, 8224, 8224
external data dark= 0,0,0,0,0,0,0,0
external data mask= 0
optic= LENS4 , LENS4 
temp= 31.05, 8.88, -5.37, 36.45, 8.94, -5.37
battery= 7.7, 7.4
error= 0, 0
units= Radiance, Radiance
time= 1/12/08 9:49:29 AM, 1/12/08 9:58:08 AM
longitude= , 
latitude= , 
gpstime= , 
comm= 
memory slot= 0, 0
factors= 
data= 
346.4 468.20 21.66 4.63
347.9 473.76 19.45 4.11
349.5 521.04 26.83 5.15
351.1 558.48 27.46 4.92
352.6 585.06 25.30 4.32
354.2 625.05 26.18 4.19
355.7 673.50 32.33 4.80
357.3 724.71 27.74 3.83
358.8 751.43 25.86 3.44
360.4 798.47 26.73 3.35
361.9 821.87 37.61 4.58
363.5 851.78 20.08 2.36
365.1 887.68 27.05 3.05
366.6 918.37 29.00 3.16
368.2 973.68 32.90 3.38
369.7 1008.89 29.39 2.91
371.3 1073.36 25.02 2.33
372.8 1148.72 26.56 2.31
374.4 1191.49 30.04 2.52
375.9 1247.87 33.10 2.65
377.4 1278.23 29.92 2.34
379.0 1330.29 29.92 2.25
380.5 1360.26 30.78 2.26
382.1 1412.49 30.73 2.18
383.6 1460.03 31.19 2.14
385.2 1529.00 30.80 2.01
386.7 1608.26 29.78 1.85
388.3 1679.42 27.72 1.65
389.8 1759.55 31.29 1.78
391.3 1843.67 32.86 1.78
392.9 1897.62 33.57 1.77
394.4 1955.58 39.17 2.00
395.9 2019.02 40.19 1.99
397.5 2131.80 41.34 1.94
399.0 2240.25 36.46 1.63
400.6 2303.62 39.05 1.70
402.1 2342.64 39.22 1.67
403.6 2375.92 39.80 1.68
405.1 2451.81 36.10 1.47
406.7 2542.40 35.84 1.41
408.2 2650.73 36.09 1.36
409.7 2746.24 36.29 1.32
411.3 2843.51 40.85 1.44
412.8 2936.43 39.34 1.34
414.3 3034.90 39.65 1.31
415.8 3152.50 46.00 1.46
417.4 3253.58 47.06 1.45
418.9 3339.60 44.02 1.32
420.4 3424.70 47.86 1.40
421.9 3487.22 46.46 1.33
423.5 3546.87 44.83 1.26
425.0 3613.98 43.15 1.19
426.5 3695.85 43.43 1.18
428.0 3801.23 43.51 1.14
429.5 3926.30 43.06 1.10
431.1 4071.24 43.73 1.07
432.6 4225.66 43.45 1.03
434.1 4373.60 46.59 1.07
435.6 4514.36 49.54 1.10
437.1 4642.95 49.14 1.06
438.6 4769.06 47.95 1.01
440.1 4906.69 45.99 0.94
441.6 5042.30 52.47 1.04
443.1 5179.95 52.65 1.02
444.7 5318.34 52.61 0.99
446.2 5433.01 55.99 1.03
447.7 5551.25 55.66 1.00
449.2 5676.48 57.46 1.01
450.7 5788.64 58.66 1.01
452.2 5916.62 55.41 0.94
453.7 6028.91 55.88 0.93
455.2 6201.73 57.44 0.93
456.7 6390.56 57.73 0.90
458.2 6607.30 59.07 0.89
459.7 6823.25 61.25 0.90
461.2 7031.76 62.13 0.88
462.7 7219.07 63.37 0.88
464.2 7396.86 64.78 0.88
465.7 7583.22 67.97 0.90
467.2 7742.35 67.38 0.87
468.7 7912.00 72.00 0.91
470.2 8015.91 75.34 0.94
471.7 8177.13 79.33 0.97
473.2 8446.52 75.05 0.89
474.6 8688.33 72.15 0.83
476.1 8747.12 73.78 0.84
477.6 8779.39 72.43 0.82
479.1 8829.54 75.45 0.85
480.6 8916.06 73.12 0.82
482.1 9046.91 73.67 0.81
483.6 9204.08 70.76 0.77
485.1 9394.00 72.80 0.78
486.6 9626.34 76.44 0.79
488.0 9867.00 77.68 0.79
489.5 10130.90 79.14 0.78
491.0 10387.73 82.56 0.79
492.5 10649.88 81.32 0.76
494.0 10928.34 82.40 0.75
495.4 11158.95 85.80 0.77
496.9 11406.10 88.84 0.78
498.4 11649.48 90.72 0.78
499.9 11878.23 90.00 0.76
501.4 12101.58 92.49 0.76
502.8 12308.24 94.65 0.77
504.3 12497.40 93.96 0.75
505.8 12681.02 97.22 0.77
507.2 12808.72 98.29 0.77
508.7 12896.48 100.34 0.78
510.2 12964.78 99.40 0.77
511.6 13008.39 101.79 0.78
513.1 13093.74 101.73 0.78
514.6 13195.49 100.56 0.76
516.0 13281.41 100.18 0.75
517.5 13429.99 101.72 0.76
519.0 13603.01 102.63 0.75
520.5 13772.72 102.66 0.75
521.9 13993.28 104.17 0.74
523.4 14243.35 104.31 0.73
524.8 14493.24 107.15 0.74
526.3 14778.04 109.54 0.74
527.8 15074.01 111.83 0.74
529.2 15339.71 116.42 0.76
530.7 15629.94 116.26 0.74
532.1 15903.48 115.05 0.72
533.6 16214.37 122.04 0.75
535.0 16534.98 125.09 0.76
536.5 16856.03 126.56 0.75
538.0 17178.24 128.80 0.75
539.4 17501.02 130.77 0.75
540.9 17879.62 135.43 0.76
542.3 18237.67 140.42 0.77
543.8 18504.51 141.23 0.76
545.2 18600.74 142.63 0.77
546.6 18637.00 143.02 0.77
548.1 18690.38 144.21 0.77
549.5 18745.60 144.93 0.77
551.0 18790.92 147.06 0.78
552.4 18868.34 149.08 0.79
553.9 18922.09 147.50 0.78
555.3 18999.63 150.93 0.79
556.8 19143.87 149.86 0.78
558.2 19276.31 152.55 0.79
559.6 19441.66 155.67 0.80
561.1 19660.88 157.30 0.80
562.5 19883.82 161.21 0.81
564.0 20177.05 165.47 0.82
565.4 20444.07 171.09 0.84
566.8 20774.24 176.15 0.85
568.3 21077.79 181.15 0.86
569.7 21403.31 190.53 0.89
571.1 21706.83 194.58 0.90
572.6 22010.94 204.12 0.93
574.0 22299.75 209.88 0.94
575.4 22570.31 220.39 0.98
576.9 22820.49 230.08 1.01
578.3 23040.88 238.10 1.03
579.7 23243.15 251.54 1.08
581.1 23410.31 259.34 1.11
582.6 23592.46 271.02 1.15
584.0 23735.52 284.08 1.20
585.4 23971.18 301.58 1.26
586.8 24286.87 318.43 1.31
588.3 24642.54 338.36 1.37
589.7 24935.04 357.08 1.43
591.1 25126.37 372.43 1.48
592.5 25213.30 390.06 1.55
594.0 25248.06 407.59 1.61
595.4 25246.58 422.05 1.67
596.8 25248.80 442.30 1.75
598.2 25256.70 461.25 1.83
599.6 25254.00 482.31 1.91
601.0 25321.45 500.39 1.98
602.4 25392.58 520.61 2.05
603.9 25508.50 545.72 2.14
605.3 25652.08 571.37 2.23
606.7 25770.60 592.56 2.30
608.1 26003.60 617.23 2.37
609.5 26249.20 649.04 2.47
610.9 26543.12 673.67 2.54
612.3 26820.62 705.50 2.63
613.7 27191.20 734.72 2.70
615.1 27470.34 767.56 2.79
616.5 27748.85 795.76 2.87
617.9 28163.94 832.66 2.96
619.3 28559.37 868.63 3.04
620.7 29021.55 914.41 3.15
622.1 29524.34 911.05 3.09
623.5 30070.32 876.13 2.91
624.9 30686.25 845.62 2.76
626.3 31117.56 821.50 2.64
627.7 30854.43 826.48 2.68
629.1 30617.27 856.65 2.80
630.5 30534.25 914.63 3.00
631.9 30583.88 983.19 3.21
633.3 30636.73 1045.32 3.41
634.7 30802.72 1106.82 3.59
636.1 30887.16 1151.50 3.73
637.5 30991.21 1192.16 3.85
638.9 31137.59 1233.97 3.96
640.2 31275.86 1273.74 4.07
641.6 31334.94 1297.76 4.14
643.0 31307.82 1311.12 4.19
644.4 31297.86 1325.39 4.23
645.8 31223.60 1328.01 4.25
647.2 31327.01 1335.28 4.26
648.5 31378.61 1343.69 4.28
649.9 31215.99 1349.63 4.32
651.3 31061.55 1353.54 4.36
652.7 30880.50 1354.56 4.39
654.1 30705.72 1305.28 4.25
655.5 30448.41 1244.47 4.09
656.8 30219.54 1195.63 3.96
658.2 30347.48 1160.72 3.82
659.6 30667.01 1135.78 3.70
660.9 30915.41 1118.42 3.62
662.3 31175.28 1093.51 3.51
663.7 31418.10 1064.70 3.39
665.0 31622.76 1035.84 3.28
666.4 31821.65 1011.44 3.18
667.8 32088.83 995.03 3.10
669.1 32304.87 973.83 3.01
670.5 32567.66 961.61 2.95
671.9 32723.64 947.78 2.90
673.2 32957.22 947.24 2.87
674.6 33165.65 949.41 2.86
676.0 33416.99 962.88 2.88
677.3 33670.84 983.81 2.92
678.7 33959.63 1013.20 2.98
680.0 34360.72 1057.82 3.08
681.4 34770.40 1116.73 3.21
682.8 35166.95 1199.38 3.41
684.1 35575.02 1309.00 3.68
685.5 35948.61 1441.50 4.01
686.8 36307.14 1603.92 4.42
688.2 36654.12 1787.29 4.88
689.5 36792.82 1986.11 5.40
690.9 36894.22 2203.33 5.97
692.2 37000.50 2437.80 6.59
693.6 37086.31 2684.35 7.24
694.9 37102.94 2908.46 7.84
696.2 37172.03 3129.84 8.42
697.6 37238.58 3336.16 8.96
698.9 37321.68 3546.58 9.50
700.3 37412.04 3758.83 10.05
701.6 37521.51 3967.27 10.57
703.0 37648.39 4160.50 11.05
704.3 37727.46 4302.87 11.41
705.6 37779.39 4465.12 11.82
707.0 37853.11 4608.87 12.18
708.3 37804.36 4707.34 12.45
709.6 37779.31 4803.64 12.71
711.0 37700.05 4874.27 12.93
712.3 37603.29 4942.51 13.14
713.6 37599.66 5013.88 13.33
714.9 37564.50 5094.32 13.56
716.3 37606.65 5161.80 13.73
717.6 37655.10 5247.63 13.94
718.9 37643.31 5286.06 14.04
720.2 37519.65 5288.57 14.10
721.6 37437.79 5310.24 14.18
722.9 37295.06 5340.87 14.32
724.2 37099.21 5350.77 14.42
725.5 36957.59 5381.34 14.56
726.8 36833.83 5371.55 14.58
728.1 36764.75 5366.16 14.60
729.5 36694.32 5369.63 14.63
730.8 36660.60 5375.90 14.66
732.1 36590.42 5381.52 14.71
733.4 36549.03 5382.69 14.73
734.7 36509.02 5371.19 14.71
736.0 36510.50 5377.97 14.73
737.3 36452.29 5375.06 14.75
738.6 36538.42 5405.40 14.79
739.9 36706.85 5476.01 14.92
741.2 36841.35 5491.67 14.91
742.5 37078.82 5545.91 14.96
743.8 37494.19 5638.71 15.04
745.1 38118.44 5756.12 15.10
746.4 38876.11 5853.39 15.06
747.7 39639.96 5948.68 15.01
749.0 40400.48 6053.28 14.98
750.3 40850.46 6082.32 14.89
751.6 40764.46 6067.87 14.89
752.9 40356.61 6041.15 14.97
754.2 39863.99 5985.95 15.02
755.4 39350.05 5911.63 15.02
756.7 39155.03 5915.57 15.11
758.0 39142.09 5940.80 15.18
759.3 39351.46 6002.46 15.25
760.6 39645.76 6113.18 15.42
761.9 39928.94 6190.73 15.50
763.1 40078.15 6220.91 15.52
764.4 40287.45 6272.42 15.57
765.7 40433.25 6309.55 15.60
767.0 40515.07 6334.86 15.64
768.2 40595.52 6350.40 15.64
769.5 40644.33 6374.32 15.68
770.8 40787.04 6416.85 15.73
772.0 40799.41 6427.79 15.75
773.3 40833.29 6461.75 15.82
774.6 40907.98 6500.33 15.89
775.8 40955.53 6506.24 15.89
777.1 40964.33 6515.20 15.90
778.4 40867.87 6491.99 15.89
779.6 40816.98 6509.65 15.95
780.9 40688.00 6511.20 16.00
782.1 40484.72 6494.82 16.04
783.4 40464.32 6499.58 16.06
784.6 40463.12 6506.46 16.08
785.9 40670.74 6582.96 16.19
787.1 41171.80 6687.47 16.24
788.4 41528.97 6717.17 16.17
789.6 41482.13 6632.93 15.99
790.9 41134.16 6512.79 15.83
792.1 40655.28 6446.48 15.86
793.4 40180.32 6386.49 15.89
794.6 39846.60 6349.08 15.93
795.8 39587.54 6329.56 15.99
797.1 39290.10 6286.97 16.00
798.3 39054.26 6276.27 16.07
799.5 38943.25 6256.43 16.07
800.8 38778.22 6238.67 16.09
802.0 38618.88 6205.96 16.07
803.2 38465.20 6165.28 16.03
804.5 38332.71 6147.89 16.04
805.7 38219.65 6125.27 16.03
806.9 38073.35 6112.37 16.05
808.1 37984.05 6120.03 16.11
809.4 37906.28 6126.53 16.16
810.6 37824.15 6128.85 16.20
811.8 37796.29 6133.55 16.23
813.0 37827.58 6145.48 16.25
814.2 37840.50 6154.84 16.27
815.4 37955.24 6156.02 16.22
816.6 38027.91 6154.01 16.18
817.9 38102.35 6146.67 16.13
819.1 38072.96 6110.60 16.05
820.3 37949.69 6064.06 15.98
821.5 37894.61 6038.95 15.94
822.7 37866.54 6036.33 15.94
823.9 37906.28 6020.33 15.88
825.1 37943.15 5998.02 15.81
826.3 38020.73 5991.56 15.76
827.5 38108.05 5987.24 15.71
828.7 38176.32 5971.78 15.64
829.9 38262.68 5961.63 15.58
831.0 38386.63 5978.10 15.57
832.2 38533.16 5993.53 15.55
833.4 38634.36 6008.24 15.55
834.6 38746.88 6018.75 15.53
835.8 38872.58 6032.88 15.52
837.0 39026.76 6074.75 15.57
838.1 39200.00 6104.74 15.57
839.3 39334.99 6120.62 15.56
840.5 39499.16 6127.99 15.51
841.7 39675.29 6192.80 15.61
842.9 39834.34 6243.23 15.67
844.0 40002.80 6250.95 15.63
845.2 40188.33 6274.30 15.61
846.4 40315.24 6280.45 15.58
847.5 40575.08 6320.35 15.58
848.7 40794.29 6351.15 15.57
849.9 41043.27 6352.94 15.48
851.0 41176.72 6339.54 15.40
852.2 41283.01 6340.00 15.36
853.3 41336.03 6321.63 15.29
854.5 41385.60 6315.62 15.26
855.6 41408.01 6325.47 15.28
856.8 41491.09 6365.57 15.34
857.9 41535.42 6358.18 15.31
859.1 41657.80 6387.24 15.33
860.2 41711.76 6388.02 15.31
861.4 41789.90 6394.24 15.30
862.5 41857.52 6405.84 15.30
863.7 41978.22 6425.21 15.31
864.8 42001.40 6415.92 15.28
865.9 42003.19 6419.57 15.28
867.1 42077.89 6414.74 15.24
868.2 42118.25 6415.77 15.23
869.3 42153.63 6411.58 15.21
870.5 42092.46 6391.47 15.18
871.6 42122.53 6419.98 15.24
872.7 42223.14 6439.20 15.25
873.9 42262.83 6445.61 15.25
875.0 42247.20 6426.61 15.21
876.1 42225.11 6413.10 15.19
877.2 42279.84 6402.29 15.14
878.3 42302.12 6372.00 15.06
879.4 42284.06 6370.61 15.07
880.5 42343.92 6364.01 15.03
881.7 42326.05 6332.43 14.96
882.8 42351.34 6323.41 14.93
883.9 42430.09 6308.90 14.87
885.0 42357.32 6287.05 14.84
886.1 42357.47 6268.62 14.80
887.2 42241.92 6230.32 14.75
888.3 42147.85 6185.04 14.67
889.4 42045.32 6154.29 14.64
890.5 41945.29 6141.41 14.64
891.6 41864.40 6110.04 14.59
892.7 41844.69 6099.82 14.58
893.8 41881.85 6126.92 14.63
894.9 41879.31 6107.97 14.58
896.0 41812.69 6075.51 14.53
897.0 41850.92 6052.83 14.46
898.1 41821.61 6053.59 14.47
899.2 41852.54 6057.92 14.47
900.3 41747.94 6022.75 14.43
901.4 41622.41 5984.58 14.38
902.4 41658.53 5996.40 14.39
903.5 41604.82 5974.51 14.36
904.6 41550.72 5969.10 14.37
905.7 41565.54 5956.58 14.33
906.7 41536.49 5940.94 14.30
907.8 41558.34 5952.40 14.32
908.9 41493.73 5916.01 14.26
909.9 41451.58 5888.74 14.21
911.0 41358.23 5866.85 14.19
912.1 41297.17 5843.96 14.15
913.1 41189.72 5809.44 14.10
914.2 41099.85 5755.96 14.00
915.2 41068.89 5746.25 13.99
916.3 41034.15 5738.55 13.98
917.3 40975.74 5701.85 13.92
918.4 40862.80 5659.34 13.85
919.4 40836.29 5611.53 13.74
920.5 40782.84 5598.86 13.73
921.5 40833.45 5588.39 13.69
922.6 40729.18 5533.78 13.59
923.6 40739.49 5521.33 13.55
924.7 40774.75 5501.85 13.49
925.7 40746.72 5458.24 13.40
926.7 40808.40 5408.21 13.25
927.8 40839.01 5377.23 13.17
928.8 40966.59 5371.20 13.11
929.9 41048.46 5349.53 13.03
930.9 41217.18 5343.39 12.96
931.9 41378.61 5346.47 12.92
932.9 41679.25 5369.56 12.88
934.0 41702.58 5343.18 12.81
935.0 41757.18 5320.98 12.74
936.0 41670.71 5261.55 12.63
937.0 41632.50 5212.39 12.52
938.1 41580.55 5184.13 12.47
939.1 41508.45 5153.10 12.41
940.1 41591.64 5132.79 12.34
941.1 41779.29 5117.84 12.25
942.1 41991.60 5106.48 12.16
943.1 42156.63 5070.46 12.03
944.1 42391.18 5071.00 11.96
945.2 42445.20 5025.72 11.84
946.2 42493.04 5005.23 11.78
947.2 42572.63 4959.45 11.65
948.2 42750.54 4930.45 11.53
949.2 42846.38 4897.91 11.43
950.2 42880.60 4850.06 11.31
951.2 42968.52 4812.36 11.20
952.2 43001.40 4785.36 11.13
953.2 43164.71 4752.70 11.01
954.2 43310.48 4718.48 10.89
955.2 43368.34 4676.35 10.78
956.2 43301.73 4624.49 10.68
957.2 43392.87 4613.89 10.63
958.2 43492.10 4592.19 10.56
959.2 43506.45 4572.09 10.51
960.1 43588.22 4564.76 10.47
961.1 43692.83 4564.25 10.45
962.1 43658.44 4549.31 10.42
963.1 43782.00 4535.09 10.36
964.1 43817.42 4519.96 10.32
965.1 43908.74 4550.09 10.36
966.1 44007.38 4493.20 10.21
967.0 44141.86 4515.34 10.23
968.0 44131.86 4481.79 10.16
969.0 44255.20 4502.56 10.17
970.0 44255.36 4480.72 10.12
971.0 44316.83 4502.32 10.16
971.9 44400.90 4463.71 10.05
972.9 44577.14 4425.75 9.93
973.9 44494.78 4364.75 9.81
974.9 44573.29 4298.43 9.64
975.8 44702.44 4217.64 9.43
976.8 44666.28 4175.65 9.35
977.8 44950.93 4090.50 9.10
978.8 44877.90 4024.71 8.97
979.7 45104.10 3997.03 8.86
980.7 45212.81 3960.59 8.76
981.7 45433.99 3878.19 8.54
982.6 45657.51 3860.00 8.45
983.6 46147.45 3859.02 8.36
984.6 46551.05 3888.31 8.35
985.5 47031.84 3919.32 8.33
986.5 47664.14 4015.49 8.42
987.5 48852.12 3849.51 7.88
988.4 49722.20 4054.60 8.15
989.4 51183.38 4144.61 8.10
990.4 52549.20 3999.58 7.61
991.3 54023.93 3987.89 7.38
992.3 54777.10 3951.78 7.21
993.2 55874.36 4353.26 7.79
994.2 57686.85 3997.60 6.93
995.2 57633.14 4140.63 7.18
996.1 59292.71 4217.73 7.11
997.1 59931.56 3973.72 6.63
998.0 60640.20 4316.76 7.12
999.0 59258.53 3902.39 6.59
1000.0 60377.42 4350.17 7.20
1000.9 59810.48 3698.81 6.18
1001.9 59598.95 3648.92 6.12
1002.8 60212.52 3512.40 5.83
1003.8 59788.51 4015.00 6.72
1004.8 59326.80 4289.78 7.23
961.5 55398.21 5994.22 10.82
965.5 54418.85 6141.31 11.29
969.5 52458.23 6122.28 11.67
973.4 50487.36 5905.22 11.70
977.4 48611.32 5463.61 11.24
981.4 47578.80 5146.24 10.82
985.3 47203.20 4995.67 10.58
989.3 47137.31 4875.26 10.34
993.3 47133.16 4848.82 10.29
997.2 47029.21 4869.13 10.35
1001.2 46955.35 4933.24 10.51
1005.2 46914.32 5005.07 10.67
1009.1 47038.13 5085.71 10.81
1013.1 47236.75 5149.71 10.90
1017.1 47375.30 5208.68 10.99
1021.0 47429.61 5264.97 11.10
1025.0 47461.87 5339.53 11.25
1029.0 47354.18 5382.51 11.37
1032.9 47271.77 5431.27 11.49
1036.9 47308.70 5491.52 11.61
1040.9 47476.08 5570.99 11.73
1044.8 47747.63 5683.17 11.90
1048.8 47970.59 5776.51 12.04
1052.7 48104.60 5855.12 12.17
1056.7 48183.46 5908.53 12.26
1060.7 48250.82 5954.64 12.34
1064.6 48272.17 5999.36 12.43
1068.6 48190.54 6002.77 12.46
1072.5 48116.11 5996.04 12.46
1076.5 48076.67 6000.24 12.48
1080.4 48048.88 5987.18 12.46
1084.4 48150.59 5959.67 12.38
1088.3 48279.53 5940.28 12.30
1092.3 48252.92 5886.85 12.20
1096.2 48221.83 5837.88 12.11
1100.2 48245.69 5820.76 12.06
1104.1 48124.97 5756.16 11.96
1108.1 48059.38 5699.22 11.86
1112.0 47955.87 5623.02 11.73
1116.0 47754.46 5511.35 11.54
1119.9 47569.76 5390.04 11.33
1123.9 47623.80 5285.95 11.10
1127.8 47592.96 5126.40 10.77
1131.8 47556.42 4922.52 10.35
1135.7 47568.82 4685.50 9.85
1139.6 47554.30 4424.10 9.30
1143.6 47510.71 4201.32 8.84
1147.5 47481.98 4020.53 8.47
1151.4 47337.52 3866.86 8.17
1155.4 47322.86 3784.80 8.00
1159.3 47329.81 3730.54 7.88
1163.2 47159.49 3679.24 7.80
1167.2 47113.86 3656.82 7.76
1171.1 47117.13 3625.20 7.69
1175.0 47022.16 3590.33 7.64
1179.0 46962.63 3575.13 7.61
1182.9 47045.30 3565.57 7.58
1186.8 47019.62 3540.76 7.53
1190.7 46784.64 3512.33 7.51
1194.7 46508.35 3487.43 7.50
1198.6 46264.68 3471.93 7.50
1202.5 46100.54 3467.82 7.52
1206.4 45962.62 3465.50 7.54
1210.3 45829.98 3476.83 7.59
1214.2 45707.13 3485.88 7.63
1218.2 45554.16 3483.73 7.65
1222.1 45384.95 3494.43 7.70
1226.0 45257.55 3532.47 7.81
1229.9 45156.00 3552.06 7.87
1233.8 45033.17 3550.55 7.88
1237.7 44950.68 3570.50 7.94
1241.6 44841.64 3585.62 8.00
1245.5 44683.61 3585.93 8.03
1249.4 44538.65 3579.03 8.04
1253.3 44401.40 3586.55 8.08
1257.2 44324.52 3596.35 8.11
1261.1 44209.48 3604.18 8.15
1265.0 44086.55 3606.77 8.18
1268.9 43910.05 3580.51 8.15
1272.8 43969.80 3582.45 8.15
1276.7 44155.69 3583.11 8.11
1280.6 44249.88 3568.63 8.06
1284.5 44188.89 3543.98 8.02
1288.4 44167.03 3513.67 7.96
1292.3 44060.50 3467.75 7.87
1296.2 43934.23 3408.78 7.76
1300.1 43787.98 3347.50 7.64
1303.9 43564.57 3277.32 7.52
1307.8 43339.22 3206.15 7.40
1311.7 43109.06 3119.56 7.24
1315.6 42877.90 3017.40 7.04
1319.5 42633.84 2919.12 6.85
1323.3 42417.44 2821.28 6.65
1327.2 42218.70 2715.33 6.43
1331.1 42002.86 2614.66 6.22
1335.0 41739.72 2512.49 6.02
1338.8 41543.11 2409.78 5.80
1342.7 41389.31 2328.18 5.63
1346.5 41042.00 2242.67 5.46
1350.4 40741.74 2166.90 5.32
1354.3 40332.24 2074.16 5.14
1358.1 39895.31 1985.50 4.98
1362.0 39644.33 1905.90 4.81
1365.8 39567.12 1840.04 4.65
1369.7 39683.68 1790.30 4.51
1373.5 39615.26 1702.52 4.30
1377.4 39354.79 1585.34 4.03
1381.2 39167.92 1450.19 3.70
1385.1 39160.09 1311.69 3.35
1389.0 39060.88 1192.93 3.05
1392.8 38834.72 1060.92 2.73
1396.6 38680.88 937.99 2.42
1400.5 38476.57 849.19 2.21
1404.3 38299.58 777.92 2.03
1408.2 38263.03 717.07 1.87
1412.0 38218.70 669.23 1.75
1415.8 38249.29 644.49 1.68
1419.6 38208.11 629.62 1.65
1423.5 38172.20 612.30 1.60
1427.3 38125.77 596.19 1.56
1431.1 38099.78 585.90 1.54
1434.9 38010.73 575.11 1.51
1438.8 37949.80 574.12 1.51
1442.6 37913.52 565.46 1.49
1446.4 37795.09 560.12 1.48
1450.2 37700.99 567.61 1.51
1454.0 37583.52 556.32 1.48
1457.8 37547.69 556.89 1.48
1461.6 37527.24 555.59 1.48
1465.4 37404.28 557.87 1.49
1469.2 37216.73 571.03 1.53
1473.0 37080.95 569.25 1.54
1476.8 37019.78 580.89 1.57
1480.7 36949.43 599.38 1.62
1484.4 36826.56 617.88 1.68
1488.2 36723.96 640.68 1.74
1492.0 36584.11 650.36 1.78
1495.8 36452.33 662.03 1.82
1499.6 36350.05 681.42 1.87
1503.4 36216.75 690.98 1.91
1507.2 36087.28 685.83 1.90
1510.9 35929.91 691.19 1.92
1514.7 35749.31 712.35 1.99
1518.5 35615.65 728.00 2.04
1522.3 35466.30 734.39 2.07
1526.0 35355.47 745.25 2.11
1529.8 35294.61 767.33 2.17
1533.6 35159.29 781.53 2.22
1537.3 35020.99 787.53 2.25
1541.1 34889.16 807.41 2.31
1544.8 34754.40 828.00 2.38
1548.6 34607.98 836.59 2.42
1552.4 34514.76 855.62 2.48
1556.1 34455.77 865.19 2.51
1559.9 34373.05 873.81 2.54
1563.6 34243.93 891.10 2.60
1567.3 34122.03 901.03 2.64
1571.1 33904.82 909.83 2.68
1574.8 33749.79 923.77 2.74
1578.6 33637.37 936.10 2.78
1582.3 33496.17 943.66 2.82
1586.0 33359.51 960.80 2.88
1589.8 33217.24 964.81 2.90
1593.5 33051.52 965.60 2.92
1597.2 32917.71 974.81 2.96
1600.9 32767.31 987.63 3.01
1604.7 32613.52 1002.05 3.07
1608.4 32493.03 1005.71 3.10
1612.1 32320.35 1009.26 3.12
1615.8 32161.00 1008.11 3.13
1619.5 32072.28 1012.20 3.16
1623.2 31915.49 1023.54 3.21
1626.9 31725.78 1026.93 3.24
1630.6 31537.44 1038.18 3.29
1634.3 31397.73 1044.58 3.33
1638.0 31241.74 1041.55 3.33
1641.7 31050.65 1032.86 3.33
1645.4 30870.63 1031.81 3.34
1649.1 30683.95 1023.83 3.34
1652.8 30504.58 1011.14 3.31
1656.4 30322.32 998.70 3.29
1660.1 30158.02 996.76 3.31
1663.8 29966.42 988.68 3.30
1667.5 29809.99 984.06 3.30
1671.1 29676.54 981.12 3.31
1674.8 29472.79 968.20 3.29
1678.5 29413.48 967.52 3.29
1682.1 29419.35 962.15 3.27
1685.8 29417.21 960.02 3.26
1689.5 29310.65 957.02 3.27
1693.1 29167.59 948.00 3.25
1696.8 29020.13 938.13 3.23
1700.4 28874.60 921.83 3.19
1704.0 28754.23 906.57 3.15
1707.7 28493.62 897.89 3.15
1711.3 28200.13 880.43 3.12
1715.0 27991.44 858.37 3.07
1718.6 27822.35 838.60 3.01
1722.2 27677.55 828.35 2.99
1725.9 27527.50 820.42 2.98
1729.5 27386.37 802.94 2.93
1733.1 27262.24 796.47 2.92
1736.7 27144.69 786.87 2.90
1740.3 26982.07 771.19 2.86
1744.0 26899.89 764.32 2.84
1747.5 26760.07 753.17 2.81
1751.2 26551.35 740.59 2.79
1754.8 26397.18 720.27 2.73
1758.4 26262.14 708.05 2.70
1762.0 26085.49 707.14 2.71
1765.5 25956.49 692.81 2.67
1769.1 25915.20 681.60 2.63
1772.7 25841.75 680.30 2.63
1776.3 25724.16 669.90 2.60
1779.9 25608.69 662.04 2.59
1783.5 25553.92 659.68 2.58
1787.0 25434.82 649.74 2.55
1790.6 25293.30 640.31 2.53
1794.2 25193.03 641.10 2.54
1797.8 25095.48 644.07 2.57
1801.3 25012.46 646.40 2.58
1804.9 24871.88 640.50 2.58
1808.4 24792.34 640.56 2.58
1812.0 24660.35 635.31 2.58
1815.5 24519.60 631.06 2.57
1819.1 24324.68 625.24 2.57
1822.6 24164.48 620.49 2.57
1826.2 24042.90 619.50 2.58
1829.7 23859.90 618.41 2.59
1833.2 23612.46 611.23 2.59
1836.8 23400.20 608.34 2.60
1840.3 23257.80 597.87 2.57
1843.8 23131.92 586.53 2.54
1847.3 23013.03 590.55 2.57
1850.8 22865.47 596.74 2.61
1854.3 22692.74 595.26 2.62
1857.8 22594.00 572.00 2.53
1861.3 22615.25 558.55 2.47
1864.8 22605.64 542.21 2.40
1868.3 22468.36 492.12 2.19
1871.8 22341.12 445.44 1.99
1875.3 22323.21 402.22 1.80
1878.8 22320.32 378.97 1.70
1882.3 22237.89 352.49 1.59
1885.8 22045.10 321.24 1.46
1889.3 21861.76 291.94 1.34
1892.7 21710.01 256.77 1.18
1896.2 21503.16 260.47 1.21
1899.7 21232.37 251.21 1.18
1903.1 21059.81 271.66 1.29
1906.6 21101.81 320.94 1.52
1910.0 21348.35 312.72 1.46
1913.5 21771.66 278.41 1.28
1917.0 22339.63 369.25 1.65
1920.4 22881.38 554.70 2.42
1923.8 23136.14 541.83 2.34
1871.2 20260.60 183.15 0.90
1873.9 20445.79 193.29 0.95
1876.7 20658.97 329.51 1.59
1879.5 20770.50 208.08 1.00
1882.3 20488.21 216.52 1.06
1885.1 20498.36 206.88 1.01
1887.8 20542.45 98.96 0.48
1890.6 20318.11 163.73 0.81
1893.4 20320.67 227.33 1.12
1896.2 20203.65 144.41 0.71
1898.9 20201.38 160.58 0.79
1901.7 20074.51 217.50 1.08
1904.5 20223.67 163.99 0.81
1907.2 20168.50 185.25 0.92
1910.0 20030.00 159.96 0.80
1912.7 20048.69 144.12 0.72
1915.5 19979.54 169.35 0.85
1918.2 19877.64 186.07 0.94
1921.0 19705.09 178.79 0.91
1923.7 19733.20 150.08 0.76
1926.5 19715.86 169.35 0.86
1929.2 19701.76 173.16 0.88
1932.0 19674.16 158.00 0.80
1934.7 19635.47 178.22 0.91
1937.4 19518.79 170.59 0.87
1940.2 19475.71 169.03 0.87
1942.9 19573.26 188.79 0.96
1945.6 19572.62 147.98 0.76
1948.3 19494.00 147.41 0.76
1951.1 19465.67 174.58 0.90
1953.8 19476.00 156.00 0.80
1956.5 19368.67 161.73 0.84
1959.2 19423.04 170.43 0.88
1961.9 19438.54 163.90 0.84
1964.6 19331.55 181.48 0.94
1967.3 19375.30 189.87 0.98
1970.0 19228.16 210.16 1.09
1972.8 19159.08 202.98 1.06
1975.5 19219.42 172.67 0.90
1978.2 19120.16 175.20 0.92
1980.9 19002.89 192.39 1.01
1983.5 18950.70 194.86 1.03
1986.2 18944.10 168.78 0.89
1988.9 18909.18 186.24 0.98
1991.6 18787.78 185.39 0.99
1994.3 18678.85 167.52 0.90
1997.0 18669.58 170.12 0.91
1999.7 18631.37 172.30 0.92
2002.3 18617.79 189.86 1.02
2005.0 18540.12 195.61 1.06
2007.7 18469.93 206.40 1.12
2010.4 18400.48 205.56 1.12
2013.0 18316.11 176.39 0.96
2015.7 18226.45 170.50 0.94
2018.4 18129.14 195.73 1.08
2021.0 18062.50 212.50 1.18
2023.7 17946.51 195.04 1.09
2026.4 17902.73 197.17 1.10
2029.0 17806.29 194.01 1.09
2031.7 17677.40 185.90 1.05
2034.3 17722.47 208.43 1.18
2037.0 17610.64 222.39 1.26
2039.6 17527.07 205.37 1.17
2042.3 17481.88 205.01 1.17
2044.9 17393.81 204.77 1.18
2047.5 17348.93 204.77 1.18
2050.2 17253.60 212.80 1.23
2052.8 17214.40 198.80 1.15
2055.4 17090.17 201.72 1.18
2058.1 16973.60 218.40 1.29
2060.7 16918.14 212.42 1.26
2063.3 16842.61 189.49 1.13
2065.9 16794.67 189.83 1.13
2068.6 16710.92 201.00 1.20
2071.2 16664.67 214.83 1.29
2073.8 16591.32 223.87 1.35
2076.4 16536.88 232.95 1.41
2079.0 16525.61 227.61 1.38
2081.6 16519.89 202.56 1.23
2084.2 16487.00 217.27 1.32
2086.8 16353.42 217.78 1.33
2089.4 16268.28 207.08 1.27
2092.1 16209.50 232.33 1.43
2094.7 16113.80 211.88 1.31
2097.2 16087.67 192.67 1.20
2099.8 16089.36 210.65 1.31
2102.4 15953.94 218.94 1.37
2105.0 15826.05 199.50 1.26
2107.6 15774.07 187.99 1.19
2110.2 15742.83 215.97 1.37
2112.8 15734.02 197.57 1.26
2115.3 15735.22 199.18 1.27
2117.9 15738.64 220.53 1.40
2120.5 15682.70 198.22 1.26
2123.1 15604.88 210.60 1.35
2125.6 15567.02 216.70 1.39
2128.2 15487.92 216.57 1.40
2130.8 15394.28 234.00 1.52
2133.3 15347.20 202.40 1.32
2135.9 15264.31 176.50 1.16
2138.4 15119.35 221.00 1.46
2141.0 15032.51 240.94 1.60
2143.6 14998.41 216.94 1.45
2146.1 14847.40 205.68 1.39
2148.7 14686.27 196.76 1.34
2151.2 14704.80 202.40 1.38
2153.8 14713.72 217.81 1.48
2156.3 14589.47 224.45 1.54
2158.8 14533.35 221.50 1.52
2161.4 14517.59 212.28 1.46
2163.9 14426.20 227.02 1.57
2166.4 14354.62 221.75 1.54
2169.0 14310.27 189.23 1.32
2171.5 14227.48 215.84 1.52
2174.0 14143.15 238.00 1.68
2176.5 14124.76 221.26 1.57
2179.1 14082.55 222.86 1.58
2181.6 13967.33 222.04 1.59
2184.1 13937.00 215.60 1.55
2186.6 13993.83 222.82 1.59
2189.1 13896.09 227.91 1.64
2191.6 13840.87 209.07 1.51
2194.1 13877.92 176.05 1.27
2196.6 13844.81 200.40 1.45
2199.2 13897.52 244.18 1.76
2201.7 13871.80 200.57 1.45
2204.1 13802.39 201.58 1.46
2206.6 13786.08 257.37 1.87
2209.1 13743.34 246.03 1.79
2211.6 13738.26 186.53 1.36
2214.1 13693.60 209.09 1.53
2216.6 13643.61 243.09 1.78
2219.1 13655.01 182.32 1.34
2221.6 13597.41 213.17 1.57
2224.0 13563.60 228.60 1.69
2226.5 13534.39 201.67 1.49
2229.0 13551.73 232.21 1.71
2231.5 13416.49 210.65 1.57
2233.9 13376.81 184.72 1.38
2236.4 13409.64 200.72 1.50
2238.9 13341.63 217.00 1.63
2241.3 13300.17 198.22 1.49
2243.8 13261.31 202.11 1.52
2246.2 13153.53 201.59 1.53
2248.7 13089.53 161.98 1.24
2251.2 13067.33 153.73 1.18
2253.6 13017.60 153.60 1.18
2256.1 12979.20 165.12 1.27
2258.5 12980.99 169.03 1.30
2260.9 12912.45 164.91 1.28
2263.4 12850.74 184.24 1.43
2265.8 12840.17 200.03 1.56
2268.3 12768.77 157.78 1.24
2270.7 12812.36 149.70 1.17
2273.1 12778.22 172.58 1.35
2275.6 12710.40 161.28 1.27
2278.0 12729.12 115.30 0.91
2280.4 12680.26 127.00 1.00
2282.8 12544.20 189.71 1.51
2285.3 12570.98 147.76 1.18
2287.7 12679.54 152.30 1.20
2290.1 12579.51 158.13 1.26
2292.5 12520.09 107.15 0.86
2294.9 12538.64 150.16 1.20
2297.3 12458.25 142.38 1.14
2299.7 12334.59 82.92 0.67
2302.1 12311.40 129.64 1.05
2304.5 12214.72 152.88 1.25
2306.9 12089.28 113.68 0.94
2309.3 11994.02 121.47 1.01
2311.7 11939.85 125.60 1.05
2314.1 11791.37 141.78 1.20
2316.5 11721.50 161.54 1.38
2318.9 11765.88 149.78 1.27
2321.3 11730.50 142.62 1.22
2323.7 11744.39 151.75 1.29
2326.1 11719.24 132.99 1.13
2328.4 11761.55 101.71 0.86
2330.8 11807.83 147.24 1.25
2333.2 11712.54 135.91 1.16
2335.6 11662.03 83.03 0.71
2337.9 11681.16 121.03 1.04
2340.3 11629.38 104.96 0.90
2342.7 11548.22 84.63 0.73
2345.0 11508.47 101.92 0.89
2347.4 11492.00 85.00 0.74
2349.7 11315.65 106.79 0.94
2352.1 11286.89 124.36 1.10
2354.4 11296.02 94.56 0.84
2356.8 11214.70 86.33 0.77
2359.2 11154.00 104.00 0.93
2361.5 11109.05 113.45 1.02
2363.8 11141.66 92.23 0.83
2366.2 11165.73 97.09 0.87
2368.5 11089.40 111.25 1.00
2370.9 11067.03 89.47 0.81
2373.2 11030.32 58.46 0.53
2375.5 10914.30 104.08 0.95
2377.9 10876.18 145.87 1.34
2380.2 10876.88 105.38 0.97
2382.5 10821.23 96.50 0.89
2384.8 10769.44 88.16 0.82
2387.2 10736.28 60.95 0.57
2389.5 10704.02 61.38 0.57
2391.8 10661.73 57.04 0.53
2394.1 10613.91 76.77 0.72
2396.4 10610.47 116.12 1.09
2398.7 10654.34 116.92 1.10
2401.0 10513.07 128.57 1.22
2403.3 10428.12 104.58 1.00
2405.6 10456.51 94.97 0.91
2407.9 10375.71 140.28 1.35
2410.2 10317.44 110.29 1.07
2412.5 10224.31 50.82 0.50
2414.8 10187.84 51.35 0.50
2417.1 10204.62 77.43 0.76
2419.4 10195.97 67.73 0.66
2421.7 10103.31 68.34 0.68
2424.0 10048.90 84.53 0.84
2426.2 10074.05 48.15 0.48
2428.5 10032.46 75.72 0.75
2430.8 10006.20 70.85 0.71
2433.1 9945.94 55.32 0.56
2435.4 9886.37 55.95 0.57
2437.6 9830.42 72.74 0.74
2439.9 9708.34 73.00 0.75
2442.2 9709.99 34.13 0.35
2444.4 9752.18 51.69 0.53
2446.7 9688.56 81.76 0.84
2448.9 9658.24 82.90 0.86
2451.2 9631.36 65.56 0.68
2453.4 9564.32 84.37 0.88
2455.7 9566.46 85.14 0.89
2457.9 9468.86 61.05 0.64
2460.2 9395.46 18.50 0.20
2462.4 9422.40 43.68 0.46
2464.7 9348.95 63.08 0.67
2466.9 9251.22 57.78 0.62
2469.2 9249.34 77.78 0.84
2471.4 9151.61 85.35 0.93
2473.6 9078.42 33.48 0.37
2475.9 9042.40 40.64 0.45
2478.1 8956.32 54.65 0.61
2480.3 8952.70 13.92 0.16
2482.5 8971.16 71.48 0.80
2484.8 8832.66 58.25 0.66
2487.0 8762.09 66.66 0.76
2489.2 8850.00 37.69 0.43
2491.4 8753.22 30.74 0.35
2493.6 8669.20 70.55 0.81
2495.8 8662.66 102.94 1.19
2498.0 8674.13 56.75 0.65
2500.2 8694.60 0.00 0.00
2502.4 8942.16 106.56 1.19
2504.6 9089.52 103.29 1.14
2506.8 9176.65 58.45 0.64
