/*** Spectra Vista SIG Data ***/
name= \My Documents\HR1024_Data\DS14.
instrument= HR: 1091052
integration= 200, 60, 30, 1000, 60, 30
scan time= 1, 1
scan settings= AD, AI, AD, AI
external data set1= 8224, 8224, 8224, 8224, 8224, 8224, 8224, 8224, 8224, 8224, 8224, 8224, 8224, 8224, 8224, 8224
external data set2= 8224, 8224, 8224, 8224, 8224, 8224, 8224, 8224, 8224, 8224, 8224, 8224, 8224, 8224, 8224, 8224
external data dark= 0,0,0,0,0,0,0,0
external data mask= 0
optic= LENS4 , LENS4 
temp= 31.05, 8.88, -5.37, 36.77, 8.94, -5.37
battery= 7.7, 7.4
error= 0, 0
units= Radiance, Radiance
time= 1/12/08 9:49:29 AM, 1/12/08 9:59:16 AM
longitude= , 
latitude= , 
gpstime= , 
comm= 
memory slot= 0, 0
factors= 
data= 
346.4 468.20 23.57 5.03
347.9 473.76 24.47 5.17
349.5 521.04 19.97 3.83
351.1 558.48 24.96 4.47
352.6 585.06 24.04 4.11
354.2 625.05 26.18 4.19
355.7 673.50 30.31 4.50
357.3 724.71 27.05 3.73
358.8 751.43 25.86 3.44
360.4 798.47 26.03 3.26
361.9 821.87 28.56 3.47
363.5 851.78 30.47 3.58
365.1 887.68 26.35 2.97
366.6 918.37 28.31 3.08
368.2 973.68 26.19 2.69
369.7 1008.89 30.04 2.98
371.3 1073.36 22.39 2.09
372.8 1148.72 27.22 2.37
374.4 1191.49 30.04 2.52
375.9 1247.87 28.47 2.28
377.4 1278.23 29.27 2.29
379.0 1330.29 29.28 2.20
380.5 1360.26 28.93 2.13
382.1 1412.49 27.19 1.92
383.6 1460.03 29.48 2.02
385.2 1529.00 25.85 1.69
386.7 1608.26 30.32 1.89
388.3 1679.42 34.24 2.04
389.8 1759.55 33.49 1.90
391.3 1843.67 30.64 1.66
392.9 1897.62 36.99 1.95
394.4 1955.58 35.61 1.82
395.9 2019.02 37.68 1.87
397.5 2131.80 43.93 2.06
399.0 2240.25 34.61 1.54
400.6 2303.62 35.66 1.55
402.1 2342.64 36.12 1.54
403.6 2375.92 34.52 1.45
405.1 2451.81 35.65 1.45
406.7 2542.40 34.50 1.36
408.2 2650.73 37.42 1.41
409.7 2746.24 36.74 1.34
411.3 2843.51 37.18 1.31
412.8 2936.43 38.39 1.31
414.3 3034.90 41.12 1.35
415.8 3152.50 41.50 1.32
417.4 3253.58 42.50 1.31
418.9 3339.60 42.00 1.26
420.4 3424.70 42.87 1.25
421.9 3487.22 42.11 1.21
423.5 3546.87 40.16 1.13
425.0 3613.98 43.60 1.21
426.5 3695.85 43.86 1.19
428.0 3801.23 41.05 1.08
429.5 3926.30 40.69 1.04
431.1 4071.24 45.67 1.12
432.6 4225.66 44.22 1.05
434.1 4373.60 45.43 1.04
435.6 4514.36 44.89 0.99
437.1 4642.95 45.24 0.97
438.6 4769.06 47.95 1.01
440.1 4906.69 48.37 0.99
441.6 5042.30 51.66 1.02
443.1 5179.95 50.63 0.98
444.7 5318.34 51.79 0.97
446.2 5433.01 55.57 1.02
447.7 5551.25 57.39 1.03
449.2 5676.48 57.02 1.00
450.7 5788.64 52.83 0.91
452.2 5916.62 53.84 0.91
453.7 6028.91 52.90 0.88
455.2 6201.73 54.57 0.88
456.7 6390.56 56.67 0.89
458.2 6607.30 58.72 0.89
459.7 6823.25 58.10 0.85
461.2 7031.76 60.36 0.86
462.7 7219.07 61.58 0.85
464.2 7396.86 67.34 0.91
465.7 7583.22 66.84 0.88
467.2 7742.35 65.07 0.84
468.7 7912.00 67.20 0.85
470.2 8015.91 68.88 0.86
471.7 8177.13 75.05 0.92
473.2 8446.52 76.54 0.91
474.6 8688.33 75.90 0.87
476.1 8747.12 70.81 0.81
477.6 8779.39 75.17 0.86
479.1 8829.54 70.22 0.80
480.6 8916.06 73.12 0.82
482.1 9046.91 70.15 0.78
483.6 9204.08 71.79 0.78
485.1 9394.00 73.14 0.78
486.6 9626.34 73.81 0.77
488.0 9867.00 76.70 0.78
489.5 10130.90 78.17 0.77
491.0 10387.73 79.01 0.76
492.5 10649.88 78.73 0.74
494.0 10928.34 83.06 0.76
495.4 11158.95 82.83 0.74
496.9 11406.10 85.17 0.75
498.4 11649.48 87.67 0.75
499.9 11878.23 90.00 0.76
501.4 12101.58 92.14 0.76
502.8 12308.24 93.59 0.76
504.3 12497.40 93.96 0.75
505.8 12681.02 92.47 0.73
507.2 12808.72 100.13 0.78
508.7 12896.48 98.10 0.76
510.2 12964.78 99.40 0.77
511.6 13008.39 99.15 0.76
513.1 13093.74 99.86 0.76
514.6 13195.49 97.62 0.74
516.0 13281.41 98.75 0.74
517.5 13429.99 99.65 0.74
519.0 13603.01 100.61 0.74
520.5 13772.72 99.38 0.72
521.9 13993.28 103.20 0.74
523.4 14243.35 103.68 0.73
524.8 14493.24 108.10 0.75
526.3 14778.04 107.95 0.73
527.8 15074.01 110.87 0.74
529.2 15339.71 114.49 0.75
530.7 15629.94 117.57 0.75
532.1 15903.48 117.37 0.74
533.6 16214.37 121.36 0.75
535.0 16534.98 123.35 0.75
536.5 16856.03 126.20 0.75
538.0 17178.24 129.17 0.75
539.4 17501.02 129.24 0.74
540.9 17879.62 139.03 0.78
542.3 18237.67 140.82 0.77
543.8 18504.51 143.24 0.77
545.2 18600.74 143.81 0.77
546.6 18637.00 144.95 0.78
548.1 18690.38 144.59 0.77
549.5 18745.60 147.55 0.79
551.0 18790.92 143.74 0.76
552.4 18868.34 147.62 0.78
553.9 18922.09 147.14 0.78
555.3 18999.63 147.07 0.77
556.8 19143.87 150.55 0.79
558.2 19276.31 153.23 0.79
559.6 19441.66 154.34 0.79
561.1 19660.88 159.25 0.81
562.5 19883.82 161.85 0.81
564.0 20177.05 165.79 0.82
565.4 20444.07 171.40 0.84
566.8 20774.24 177.41 0.85
568.3 21077.79 181.47 0.86
569.7 21403.31 188.32 0.88
571.1 21706.83 194.90 0.90
572.6 22010.94 204.12 0.93
574.0 22299.75 211.86 0.95
575.4 22570.31 219.38 0.97
576.9 22820.49 230.08 1.01
578.3 23040.88 242.74 1.05
579.7 23243.15 251.91 1.08
581.1 23410.31 262.43 1.12
582.6 23592.46 273.44 1.16
584.0 23735.52 286.20 1.21
585.4 23971.18 304.24 1.27
586.8 24286.87 321.65 1.32
588.3 24642.54 337.90 1.37
589.7 24935.04 358.02 1.44
591.1 25126.37 372.43 1.48
592.5 25213.30 388.70 1.54
594.0 25248.06 407.15 1.61
595.4 25246.58 423.79 1.68
596.8 25248.80 441.44 1.75
598.2 25256.70 458.29 1.81
599.6 25254.00 480.24 1.90
601.0 25321.45 500.39 1.98
602.4 25392.58 521.80 2.05
603.9 25508.50 546.87 2.14
605.3 25652.08 569.14 2.22
606.7 25770.60 591.48 2.30
608.1 26003.60 618.98 2.38
609.5 26249.20 646.64 2.46
610.9 26543.12 674.01 2.54
612.3 26820.62 703.18 2.62
613.7 27191.20 737.34 2.71
615.1 27470.34 766.58 2.79
616.5 27748.85 796.40 2.87
617.9 28163.94 832.98 2.96
619.3 28559.37 870.23 3.05
620.7 29021.55 914.41 3.15
622.1 29524.34 909.72 3.08
623.5 30070.32 876.83 2.92
624.9 30686.25 843.05 2.75
626.3 31117.56 825.36 2.65
627.7 30854.43 827.66 2.68
629.1 30617.27 860.24 2.81
630.5 30534.25 916.66 3.00
631.9 30583.88 982.37 3.21
633.3 30636.73 1049.54 3.43
634.7 30802.72 1103.82 3.58
636.1 30887.16 1154.12 3.74
637.5 30991.21 1197.95 3.87
638.9 31137.59 1237.60 3.97
640.2 31275.86 1275.12 4.08
641.6 31334.94 1300.10 4.15
643.0 31307.82 1316.33 4.20
644.4 31297.86 1330.18 4.25
645.8 31223.60 1333.83 4.27
647.2 31327.01 1339.23 4.28
648.5 31378.61 1347.20 4.29
649.9 31215.99 1350.65 4.33
651.3 31061.55 1359.15 4.38
652.7 30880.50 1359.66 4.40
654.1 30705.72 1307.24 4.26
655.5 30448.41 1247.77 4.10
656.8 30219.54 1196.98 3.96
658.2 30347.48 1165.99 3.84
659.6 30667.01 1141.00 3.72
660.9 30915.41 1116.27 3.61
662.3 31175.28 1092.66 3.50
663.7 31418.10 1065.12 3.39
665.0 31622.76 1039.17 3.29
666.4 31821.65 1015.15 3.19
667.8 32088.83 993.80 3.10
669.1 32304.87 973.42 3.01
670.5 32567.66 961.20 2.95
671.9 32723.64 949.82 2.90
673.2 32957.22 946.84 2.87
674.6 33165.65 949.82 2.86
676.0 33416.99 962.05 2.88
677.3 33670.84 983.81 2.92
678.7 33959.63 1009.38 2.97
680.0 34360.72 1050.89 3.06
681.4 34770.40 1113.19 3.20
682.8 35166.95 1200.29 3.41
684.1 35575.02 1300.57 3.66
685.5 35948.61 1435.73 3.99
686.8 36307.14 1595.06 4.39
688.2 36654.12 1780.78 4.86
689.5 36792.82 1980.55 5.38
690.9 36894.22 2196.72 5.95
692.2 37000.50 2429.64 6.57
693.6 37086.31 2679.24 7.22
694.9 37102.94 2902.30 7.82
696.2 37172.03 3121.56 8.40
697.6 37238.58 3331.98 8.95
698.9 37321.68 3547.63 9.51
700.3 37412.04 3752.95 10.03
701.6 37521.51 3962.95 10.56
703.0 37648.39 4157.23 11.04
704.3 37727.46 4302.32 11.40
705.6 37779.39 4463.44 11.81
707.0 37853.11 4604.36 12.16
708.3 37804.36 4703.35 12.44
709.6 37779.31 4804.21 12.72
711.0 37700.05 4870.81 12.92
712.3 37603.29 4944.26 13.15
713.6 37599.66 5019.76 13.35
714.9 37564.50 5097.28 13.57
716.3 37606.65 5165.99 13.74
717.6 37655.10 5242.82 13.92
718.9 37643.31 5287.26 14.05
720.2 37519.65 5290.98 14.10
721.6 37437.79 5311.44 14.19
722.9 37295.06 5342.64 14.33
724.2 37099.21 5350.77 14.42
725.5 36957.59 5380.19 14.56
726.8 36833.83 5369.85 14.58
728.1 36764.75 5367.28 14.60
729.5 36694.32 5376.27 14.65
730.8 36660.60 5377.55 14.67
732.1 36590.42 5381.52 14.71
733.4 36549.03 5385.38 14.73
734.7 36509.02 5372.79 14.72
736.0 36510.50 5379.04 14.73
737.3 36452.29 5380.91 14.76
738.6 36538.42 5407.54 14.80
739.9 36706.85 5479.78 14.93
741.2 36841.35 5497.67 14.92
742.5 37078.82 5552.05 14.97
743.8 37494.19 5638.71 15.04
745.1 38118.44 5759.14 15.11
746.4 38876.11 5859.13 15.07
747.7 39639.96 5949.35 15.01
749.0 40400.48 6059.55 15.00
750.3 40850.46 6095.05 14.92
751.6 40764.46 6071.36 14.89
752.9 40356.61 6034.38 14.95
754.2 39863.99 5993.76 15.04
755.4 39350.05 5921.71 15.05
756.7 39155.03 5917.42 15.11
758.0 39142.09 5945.06 15.19
759.3 39351.46 6007.96 15.27
760.6 39645.76 6115.03 15.42
761.9 39928.94 6199.46 15.53
763.1 40078.15 6225.33 15.53
764.4 40287.45 6278.18 15.58
765.7 40433.25 6315.40 15.62
767.0 40515.07 6340.14 15.65
768.2 40595.52 6361.82 15.67
769.5 40644.33 6386.62 15.71
770.8 40787.04 6423.82 15.75
772.0 40799.41 6439.14 15.78
773.3 40833.29 6468.97 15.84
774.6 40907.98 6501.79 15.89
775.8 40955.53 6512.97 15.90
777.1 40964.33 6528.13 15.94
778.4 40867.87 6508.23 15.93
779.6 40816.98 6524.59 15.98
780.9 40688.00 6527.20 16.04
782.1 40484.72 6507.04 16.07
783.4 40464.32 6508.74 16.09
784.6 40463.12 6524.43 16.12
785.9 40670.74 6596.34 16.22
787.1 41171.80 6701.60 16.28
788.4 41528.97 6732.94 16.21
789.6 41482.13 6644.95 16.02
790.9 41134.16 6529.66 15.87
792.1 40655.28 6456.24 15.88
793.4 40180.32 6401.82 15.93
794.6 39846.60 6367.92 15.98
795.8 39587.54 6344.39 16.03
797.1 39290.10 6298.86 16.03
798.3 39054.26 6288.98 16.10
799.5 38943.25 6263.66 16.08
800.8 38778.22 6248.61 16.11
802.0 38618.88 6217.71 16.10
803.2 38465.20 6179.74 16.07
804.5 38332.71 6164.17 16.08
805.7 38219.65 6134.32 16.05
806.9 38073.35 6122.33 16.08
808.1 37984.05 6131.81 16.14
809.4 37906.28 6142.87 16.21
810.6 37824.15 6133.40 16.22
811.8 37796.29 6147.27 16.26
813.0 37827.58 6155.62 16.27
814.2 37840.50 6158.57 16.28
815.4 37955.24 6172.96 16.26
816.6 38027.91 6175.81 16.24
817.9 38102.35 6157.11 16.16
819.1 38072.96 6125.75 16.09
820.3 37949.69 6075.33 16.01
821.5 37894.61 6056.62 15.98
822.7 37866.54 6047.40 15.97
823.9 37906.28 6035.89 15.92
825.1 37943.15 6011.69 15.84
826.3 38020.73 6007.00 15.80
827.5 38108.05 6008.16 15.77
828.7 38176.32 5979.98 15.66
829.9 38262.68 5979.92 15.63
831.0 38386.63 5994.64 15.62
832.2 38533.16 6008.33 15.59
833.4 38634.36 6028.71 15.60
834.6 38746.88 6031.88 15.57
835.8 38872.58 6048.95 15.56
837.0 39026.76 6089.05 15.60
838.1 39200.00 6117.26 15.61
839.3 39334.99 6137.17 15.60
840.5 39499.16 6155.60 15.58
841.7 39675.29 6205.79 15.64
842.9 39834.34 6260.48 15.72
844.0 40002.80 6276.73 15.69
845.2 40188.33 6294.28 15.66
846.4 40315.24 6294.42 15.61
847.5 40575.08 6334.64 15.61
848.7 40794.29 6371.37 15.62
849.9 41043.27 6382.73 15.55
851.0 41176.72 6365.16 15.46
852.2 41283.01 6361.20 15.41
853.3 41336.03 6337.08 15.33
854.5 41385.60 6339.57 15.32
855.6 41408.01 6343.56 15.32
856.8 41491.09 6372.87 15.36
857.9 41535.42 6380.25 15.36
859.1 41657.80 6400.88 15.37
860.2 41711.76 6409.37 15.37
861.4 41789.90 6405.71 15.33
862.5 41857.52 6417.46 15.33
863.7 41978.22 6437.01 15.33
864.8 42001.40 6430.55 15.31
865.9 42003.19 6429.02 15.31
867.1 42077.89 6427.06 15.27
868.2 42118.25 6438.02 15.29
869.3 42153.63 6428.52 15.25
870.5 42092.46 6405.78 15.22
871.6 42122.53 6427.24 15.26
872.7 42223.14 6456.88 15.29
873.9 42262.83 6453.08 15.27
875.0 42247.20 6432.68 15.23
876.1 42225.11 6414.64 15.19
877.2 42279.84 6421.08 15.19
878.3 42302.12 6394.30 15.12
879.4 42284.06 6383.60 15.10
880.5 42343.92 6375.60 15.06
881.7 42326.05 6357.78 15.02
882.8 42351.34 6356.15 15.01
883.9 42430.09 6331.67 14.92
885.0 42357.32 6315.45 14.91
886.1 42357.47 6295.46 14.86
887.2 42241.92 6250.08 14.80
888.3 42147.85 6201.23 14.71
889.4 42045.32 6170.49 14.68
890.5 41945.29 6152.22 14.67
891.6 41864.40 6124.47 14.63
892.7 41844.69 6107.06 14.59
893.8 41881.85 6139.64 14.66
894.9 41879.31 6142.66 14.67
896.0 41812.69 6101.20 14.59
897.0 41850.92 6089.76 14.55
898.1 41821.61 6083.31 14.55
899.2 41852.54 6084.08 14.54
900.3 41747.94 6026.50 14.44
901.4 41622.41 6003.43 14.42
902.4 41658.53 6011.56 14.43
903.5 41604.82 6001.13 14.42
904.6 41550.72 5995.83 14.43
905.7 41565.54 5977.69 14.38
906.7 41536.49 5965.99 14.36
907.8 41558.34 5956.28 14.33
908.9 41493.73 5927.68 14.29
909.9 41451.58 5902.41 14.24
911.0 41358.23 5882.54 14.22
912.1 41297.17 5841.99 14.15
913.1 41189.72 5819.32 14.13
914.2 41099.85 5785.75 14.08
915.2 41068.89 5754.24 14.01
916.3 41034.15 5744.58 14.00
917.3 40975.74 5728.12 13.98
918.4 40862.80 5665.44 13.86
919.4 40836.29 5640.22 13.81
920.5 40782.84 5619.52 13.78
921.5 40833.45 5588.39 13.69
922.6 40729.18 5552.73 13.63
923.6 40739.49 5519.20 13.55
924.7 40774.75 5508.30 13.51
925.7 40746.72 5473.44 13.43
926.7 40808.40 5427.96 13.30
927.8 40839.01 5390.53 13.20
928.8 40966.59 5382.39 13.14
929.9 41048.46 5347.27 13.03
930.9 41217.18 5354.81 12.99
931.9 41378.61 5362.61 12.96
932.9 41679.25 5395.15 12.94
934.0 41702.58 5345.52 12.82
935.0 41757.18 5320.98 12.74
936.0 41670.71 5278.13 12.67
937.0 41632.50 5226.66 12.55
938.1 41580.55 5196.08 12.50
939.1 41508.45 5196.37 12.52
940.1 41591.64 5140.08 12.36
941.1 41779.29 5130.14 12.28
942.1 41991.60 5101.48 12.15
943.1 42156.63 5078.07 12.05
944.1 42391.18 5101.86 12.04
945.2 42445.20 5054.36 11.91
946.2 42493.04 4989.40 11.74
947.2 42572.63 4986.20 11.71
948.2 42750.54 4933.17 11.54
949.2 42846.38 4900.68 11.44
950.2 42880.60 4866.92 11.35
951.2 42968.52 4838.06 11.26
952.2 43001.40 4767.93 11.09
953.2 43164.71 4767.49 11.04
954.2 43310.48 4748.63 10.96
955.2 43368.34 4710.14 10.86
956.2 43301.73 4646.40 10.73
957.2 43392.87 4623.46 10.65
958.2 43492.10 4608.50 10.60
959.2 43506.45 4622.04 10.62
960.1 43588.22 4574.98 10.50
961.1 43692.83 4581.65 10.49
962.1 43658.44 4574.25 10.48
963.1 43782.00 4553.33 10.40
964.1 43817.42 4557.31 10.40
965.1 43908.74 4584.62 10.44
966.1 44007.38 4560.09 10.36
967.0 44141.86 4547.70 10.30
968.0 44131.86 4539.99 10.29
969.0 44255.20 4502.56 10.17
970.0 44255.36 4520.45 10.21
971.0 44316.83 4534.22 10.23
971.9 44400.90 4468.43 10.06
972.9 44577.14 4420.83 9.92
973.9 44494.78 4349.35 9.77
974.9 44573.29 4325.36 9.70
975.8 44702.44 4280.08 9.57
976.8 44666.28 4151.65 9.29
977.8 44950.93 4135.10 9.20
978.8 44877.90 4126.86 9.20
979.7 45104.10 4063.04 9.01
980.7 45212.81 3960.59 8.76
981.7 45433.99 3930.37 8.65
982.6 45657.51 3840.80 8.41
983.6 46147.45 3934.06 8.52
984.6 46551.05 3900.39 8.38
985.5 47031.84 3905.57 8.30
986.5 47664.14 3904.82 8.19
987.5 48852.12 3886.17 7.95
988.4 49722.20 3841.20 7.73
989.4 51183.38 3919.90 7.66
990.4 52549.20 3970.38 7.56
991.3 54023.93 4362.82 8.08
992.3 54777.10 3990.90 7.29
993.2 55874.36 4308.38 7.71
994.2 57686.85 4351.82 7.54
995.2 57633.14 4252.54 7.38
996.1 59292.71 4401.11 7.42
997.1 59931.56 4104.01 6.85
998.0 60640.20 3905.64 6.44
999.0 59258.53 3974.66 6.71
1000.0 60377.42 3825.15 6.34
1000.9 59810.48 4170.99 6.97
1001.9 59598.95 4054.35 6.80
1002.8 60212.52 3679.65 6.11
1003.8 59788.51 3840.43 6.42
1004.8 59326.80 3377.06 5.69
961.5 55398.21 6090.90 10.99
965.5 54418.85 6226.61 11.44
969.5 52458.23 6122.28 11.67
973.4 50487.36 5905.22 11.70
977.4 48611.32 5522.67 11.36
981.4 47578.80 5222.76 10.98
985.3 47203.20 5008.78 10.61
989.3 47137.31 4885.10 10.36
993.3 47133.16 4873.31 10.34
997.2 47029.21 4891.10 10.40
1001.2 46955.35 4933.24 10.51
1005.2 46914.32 5005.07 10.67
1009.1 47038.13 5073.11 10.79
1013.1 47236.75 5161.73 10.93
1017.1 47375.30 5237.59 11.06
1021.0 47429.61 5287.40 11.15
1025.0 47461.87 5339.53 11.25
1029.0 47354.18 5382.51 11.37
1032.9 47271.77 5431.27 11.49
1036.9 47308.70 5512.46 11.65
1040.9 47476.08 5596.55 11.79
1044.8 47747.63 5688.17 11.91
1048.8 47970.59 5791.25 12.07
1052.7 48104.60 5859.95 12.18
1056.7 48183.46 5908.53 12.26
1060.7 48250.82 5978.06 12.39
1064.6 48272.17 6036.33 12.50
1068.6 48190.54 6025.52 12.50
1072.5 48116.11 6013.95 12.50
1076.5 48076.67 6022.23 12.53
1080.4 48048.88 6004.49 12.50
1084.4 48150.59 5972.46 12.40
1088.3 48279.53 5940.28 12.30
1092.3 48252.92 5899.39 12.23
1096.2 48221.83 5858.69 12.15
1100.2 48245.69 5820.76 12.06
1104.1 48124.97 5776.63 12.00
1108.1 48059.38 5723.47 11.91
1112.0 47955.87 5639.04 11.76
1116.0 47754.46 5523.25 11.57
1119.9 47569.76 5401.75 11.36
1123.9 47623.80 5297.54 11.12
1127.8 47592.96 5137.92 10.80
1131.8 47556.42 4933.95 10.37
1135.7 47568.82 4704.48 9.89
1139.6 47554.30 4450.63 9.36
1143.6 47510.71 4223.93 8.89
1147.5 47481.98 4035.52 8.50
1151.4 47337.52 3881.71 8.20
1155.4 47322.86 3803.16 8.04
1159.3 47329.81 3745.08 7.91
1163.2 47159.49 3679.24 7.80
1167.2 47113.86 3649.74 7.75
1171.1 47117.13 3628.71 7.70
1175.0 47022.16 3604.24 7.66
1179.0 46962.63 3585.54 7.63
1182.9 47045.30 3579.50 7.61
1186.8 47019.62 3561.67 7.57
1190.7 46784.64 3522.77 7.53
1194.7 46508.35 3483.95 7.49
1198.6 46264.68 3475.40 7.51
1202.5 46100.54 3478.18 7.54
1206.4 45962.62 3468.94 7.55
1210.3 45829.98 3480.24 7.59
1214.2 45707.13 3489.25 7.63
1218.2 45554.16 3487.05 7.65
1222.1 45384.95 3500.98 7.71
1226.0 45257.55 3532.47 7.81
1229.9 45156.00 3567.96 7.90
1233.8 45033.17 3572.47 7.93
1237.7 44950.68 3576.67 7.96
1241.6 44841.64 3591.72 8.01
1245.5 44683.61 3594.99 8.05
1249.4 44538.65 3594.00 8.07
1253.3 44401.40 3589.52 8.08
1257.2 44324.52 3596.35 8.11
1261.1 44209.48 3607.09 8.16
1265.0 44086.55 3609.66 8.19
1268.9 43910.05 3591.99 8.18
1272.8 43969.80 3588.15 8.16
1276.7 44155.69 3597.34 8.15
1280.6 44249.88 3571.46 8.07
1284.5 44188.89 3535.56 8.00
1288.4 44167.03 3513.67 7.96
1292.3 44060.50 3476.00 7.89
1296.2 43934.23 3422.35 7.79
1300.1 43787.98 3352.86 7.66
1303.9 43564.57 3282.61 7.54
1307.8 43339.22 3206.15 7.40
1311.7 43109.06 3124.75 7.25
1315.6 42877.90 3032.81 7.07
1319.5 42633.84 2934.39 6.88
1323.3 42417.44 2828.84 6.67
1327.2 42218.70 2717.82 6.44
1331.1 42002.86 2614.66 6.22
1335.0 41739.72 2507.58 6.01
1338.8 41543.11 2417.12 5.82
1342.7 41389.31 2333.07 5.64
1346.5 41042.00 2245.12 5.47
1350.4 40741.74 2157.03 5.29
1354.3 40332.24 2071.66 5.14
1358.1 39895.31 1990.58 4.99
1362.0 39644.33 1911.00 4.82
1365.8 39567.12 1847.63 4.67
1369.7 39683.68 1792.82 4.52
1373.5 39615.26 1702.52 4.30
1377.4 39354.79 1580.23 4.02
1381.2 39167.92 1447.60 3.70
1385.1 39160.09 1314.27 3.36
1389.0 39060.88 1187.83 3.04
1392.8 38834.72 1063.45 2.74
1396.6 38680.88 948.02 2.45
1400.5 38476.57 851.67 2.21
1404.3 38299.58 782.83 2.04
1408.2 38263.03 724.38 1.89
1412.0 38218.70 676.48 1.77
1415.8 38249.29 646.88 1.69
1419.6 38208.11 624.89 1.64
1423.5 38172.20 614.66 1.61
1427.3 38125.77 596.19 1.56
1431.1 38099.78 581.25 1.53
1434.9 38010.73 568.16 1.49
1438.8 37949.80 567.18 1.49
1442.6 37913.52 574.69 1.52
1446.4 37795.09 557.81 1.48
1450.2 37700.99 553.82 1.47
1454.0 37583.52 558.60 1.49
1457.8 37547.69 554.61 1.48
1461.6 37527.24 555.59 1.48
1465.4 37404.28 564.70 1.51
1469.2 37216.73 571.03 1.53
1473.0 37080.95 573.80 1.55
1476.8 37019.78 583.17 1.58
1480.7 36949.43 601.66 1.63
1484.4 36826.56 617.88 1.68
1488.2 36723.96 629.28 1.71
1492.0 36584.11 645.82 1.77
1495.8 36452.33 664.30 1.82
1499.6 36350.05 685.98 1.89
1503.4 36216.75 695.55 1.92
1507.2 36087.28 688.15 1.91
1510.9 35929.91 695.87 1.94
1514.7 35749.31 705.30 1.97
1518.5 35615.65 723.29 2.03
1522.3 35466.30 746.24 2.10
1526.0 35355.47 759.54 2.15
1529.8 35294.61 772.09 2.19
1533.6 35159.29 788.70 2.24
1537.3 35020.99 797.13 2.28
1541.1 34889.16 809.81 2.32
1544.8 34754.40 830.40 2.39
1548.6 34607.98 834.19 2.41
1552.4 34514.76 843.53 2.44
1556.1 34455.77 867.60 2.52
1559.9 34373.05 880.99 2.56
1563.6 34243.93 893.49 2.61
1567.3 34122.03 908.20 2.66
1571.1 33904.82 916.99 2.70
1574.8 33749.79 928.54 2.75
1578.6 33637.37 943.26 2.80
1582.3 33496.17 946.04 2.82
1586.0 33359.51 956.00 2.87
1589.8 33217.24 969.62 2.92
1593.5 33051.52 975.21 2.95
1597.2 32917.71 972.41 2.95
1600.9 32767.31 980.42 2.99
1604.7 32613.52 994.84 3.05
1608.4 32493.03 1003.30 3.09
1612.1 32320.35 1009.26 3.12
1615.8 32161.00 1008.11 3.13
1619.5 32072.28 1021.84 3.19
1623.2 31915.49 1033.19 3.24
1626.9 31725.78 1039.04 3.28
1630.6 31537.44 1040.60 3.30
1634.3 31397.73 1046.99 3.33
1638.0 31241.74 1046.37 3.35
1641.7 31050.65 1035.26 3.33
1645.4 30870.63 1024.63 3.32
1649.1 30683.95 1019.07 3.32
1652.8 30504.58 1013.50 3.32
1656.4 30322.32 1010.51 3.33
1660.1 30158.02 1006.21 3.34
1663.8 29966.42 993.39 3.32
1667.5 29809.99 984.06 3.30
1671.1 29676.54 981.12 3.31
1674.8 29472.79 979.86 3.32
1678.5 29413.48 972.19 3.31
1682.1 29419.35 966.83 3.29
1685.8 29417.21 967.08 3.29
1689.5 29310.65 949.93 3.24
1693.1 29167.59 938.52 3.22
1696.8 29020.13 933.38 3.22
1700.4 28874.60 926.60 3.21
1704.0 28754.23 913.74 3.18
1707.7 28493.62 890.72 3.13
1711.3 28200.13 873.28 3.10
1715.0 27991.44 855.98 3.06
1718.6 27822.35 838.60 3.01
1722.2 27677.55 828.35 2.99
1725.9 27527.50 815.59 2.96
1729.5 27386.37 795.72 2.91
1733.1 27262.24 782.07 2.87
1736.7 27144.69 784.47 2.89
1740.3 26982.07 778.38 2.88
1744.0 26899.89 769.12 2.86
1747.5 26760.07 757.95 2.83
1751.2 26551.35 735.81 2.77
1754.8 26397.18 725.04 2.75
1758.4 26262.14 719.97 2.74
1762.0 26085.49 699.98 2.68
1765.5 25956.49 688.03 2.65
1769.1 25915.20 684.00 2.64
1772.7 25841.75 675.46 2.61
1776.3 25724.16 669.90 2.60
1779.9 25608.69 666.94 2.60
1783.5 25553.92 659.68 2.58
1787.0 25434.82 652.24 2.56
1790.6 25293.30 645.33 2.55
1794.2 25193.03 643.64 2.55
1797.8 25095.48 646.63 2.58
1801.3 25012.46 643.81 2.57
1804.9 24871.88 648.38 2.61
1808.4 24792.34 645.90 2.61
1812.0 24660.35 640.74 2.60
1815.5 24519.60 636.62 2.60
1819.1 24324.68 625.24 2.57
1822.6 24164.48 623.38 2.58
1826.2 24042.90 622.43 2.59
1829.7 23859.90 618.41 2.59
1833.2 23612.46 611.23 2.59
1836.8 23400.20 605.15 2.59
1840.3 23257.80 594.59 2.56
1843.8 23131.92 589.96 2.55
1847.3 23013.03 590.55 2.57
1850.8 22865.47 592.70 2.59
1854.3 22692.74 595.26 2.62
1857.8 22594.00 582.40 2.58
1861.3 22615.25 558.55 2.47
1864.8 22605.64 528.83 2.34
1868.3 22468.36 499.46 2.22
1871.8 22341.12 483.84 2.17
1875.3 22323.21 433.16 1.94
1878.8 22320.32 371.23 1.66
1882.3 22237.89 344.65 1.55
1885.8 22045.10 329.27 1.49
1889.3 21861.76 300.28 1.37
1892.7 21710.01 274.47 1.26
1896.2 21503.16 260.47 1.21
1899.7 21232.37 251.21 1.18
1903.1 21059.81 284.59 1.35
1906.6 21101.81 240.71 1.14
1910.0 21348.35 229.33 1.07
1913.5 21771.66 306.25 1.41
1917.0 22339.63 406.18 1.82
1920.4 22881.38 554.70 2.42
1923.8 23136.14 541.83 2.34
1871.2 20260.60 183.15 0.90
1873.9 20445.79 171.81 0.84
1876.7 20658.97 209.69 1.01
1879.5 20770.50 321.58 1.55
1882.3 20488.21 279.67 1.37
1885.1 20498.36 189.64 0.93
1887.8 20542.45 156.69 0.76
1890.6 20318.11 163.73 0.81
1893.4 20320.67 117.33 0.58
1896.2 20203.65 144.41 0.71
1898.9 20201.38 141.31 0.70
1901.7 20074.51 88.18 0.44
1904.5 20223.67 126.96 0.63
1907.2 20168.50 156.75 0.78
1910.0 20030.00 155.64 0.78
1912.7 20048.69 144.12 0.72
1915.5 19979.54 158.06 0.79
1918.2 19877.64 143.13 0.72
1921.0 19705.09 154.73 0.79
1923.7 19733.20 160.08 0.81
1926.5 19715.86 172.60 0.88
1929.2 19701.76 198.81 1.01
1932.0 19674.16 170.64 0.87
1934.7 19635.47 153.21 0.78
1937.4 19518.79 148.88 0.76
1940.2 19475.71 153.67 0.79
1942.9 19573.26 173.57 0.89
1945.6 19572.62 169.12 0.86
1948.3 19494.00 168.47 0.86
1951.1 19465.67 180.60 0.93
1953.8 19476.00 177.00 0.91
1956.5 19368.67 179.70 0.93
1959.2 19423.04 164.45 0.85
1961.9 19438.54 166.88 0.86
1964.6 19331.55 166.60 0.86
1967.3 19375.30 139.43 0.72
1970.0 19228.16 159.84 0.83
1972.8 19159.08 173.56 0.91
1975.5 19219.42 178.53 0.93
1978.2 19120.16 192.72 1.01
1980.9 19002.89 177.82 0.94
1983.5 18950.70 171.59 0.91
1986.2 18944.10 183.33 0.97
1988.9 18909.18 203.70 1.08
1991.6 18787.78 202.77 1.08
1994.3 18678.85 196.41 1.05
1997.0 18669.58 175.88 0.94
1999.7 18631.37 175.17 0.94
2002.3 18617.79 215.75 1.16
2005.0 18540.12 207.12 1.12
2007.7 18469.93 183.47 0.99
2010.4 18400.48 191.29 1.04
2013.0 18316.11 199.15 1.09
2015.7 18226.45 184.71 1.01
2018.4 18129.14 195.73 1.08
2021.0 18062.50 226.67 1.25
2023.7 17946.51 209.17 1.17
2026.4 17902.73 205.62 1.15
2029.0 17806.29 185.57 1.04
2031.7 17677.40 185.90 1.05
2034.3 17722.47 228.15 1.29
2037.0 17610.64 182.98 1.04
2039.6 17527.07 180.05 1.03
2042.3 17481.88 219.05 1.25
2044.9 17393.81 207.57 1.19
2047.5 17348.93 213.18 1.23
2050.2 17253.60 207.20 1.20
2052.8 17214.40 212.80 1.24
2055.4 17090.17 215.73 1.26
2058.1 16973.60 198.80 1.17
2060.7 16918.14 209.63 1.24
2063.3 16842.61 200.64 1.19
2065.9 16794.67 192.63 1.15
2068.6 16710.92 212.17 1.27
2071.2 16664.67 214.83 1.29
2073.8 16591.32 209.88 1.26
2076.4 16536.88 204.89 1.24
2079.0 16525.61 210.75 1.28
2081.6 16519.89 211.00 1.28
2084.2 16487.00 205.98 1.25
2086.8 16353.42 220.61 1.35
2089.4 16268.28 224.10 1.38
2092.1 16209.50 198.33 1.22
2094.7 16113.80 197.75 1.23
2097.2 16087.67 189.83 1.18
2099.8 16089.36 196.42 1.22
2102.4 15953.94 227.47 1.43
2105.0 15826.05 230.85 1.46
2107.6 15774.07 207.93 1.32
2110.2 15742.83 218.81 1.39
2112.8 15734.02 226.20 1.44
2115.3 15735.22 222.27 1.41
2117.9 15738.64 223.43 1.42
2120.5 15682.70 239.03 1.52
2123.1 15604.88 210.60 1.35
2125.6 15567.02 202.06 1.30
2128.2 15487.92 231.21 1.49
2130.8 15394.28 204.75 1.33
2133.3 15347.20 211.20 1.38
2135.9 15264.31 217.68 1.43
2138.4 15119.35 203.32 1.34
2141.0 15032.51 202.75 1.35
2143.6 14998.41 219.88 1.47
2146.1 14847.40 220.38 1.48
2148.7 14686.27 220.25 1.50
2151.2 14704.80 225.87 1.54
2153.8 14713.72 220.75 1.50
2156.3 14589.47 197.87 1.36
2158.8 14533.35 209.69 1.44
2161.4 14517.59 227.02 1.56
2163.9 14426.20 215.23 1.49
2166.4 14354.62 221.75 1.54
2169.0 14310.27 215.84 1.51
2171.5 14227.48 206.97 1.45
2174.0 14143.15 223.13 1.58
2176.5 14124.76 218.27 1.55
2179.1 14082.55 198.77 1.41
2181.6 13967.33 219.00 1.57
2184.1 13937.00 221.76 1.59
2186.6 13993.83 210.27 1.50
2189.1 13896.09 205.44 1.48
2191.6 13840.87 176.40 1.27
2194.1 13877.92 192.66 1.39
2196.6 13844.81 220.78 1.59
2199.2 13897.52 226.74 1.63
2201.7 13871.80 222.06 1.60
2204.1 13802.39 219.90 1.59
2206.6 13786.08 223.80 1.62
2209.1 13743.34 219.53 1.60
2211.6 13738.26 224.59 1.63
2214.1 13693.60 250.91 1.83
2216.6 13643.61 235.50 1.73
2219.1 13655.01 186.12 1.36
2221.6 13597.41 209.37 1.54
2224.0 13563.60 232.41 1.71
2226.5 13534.39 197.86 1.46
2229.0 13551.73 205.56 1.52
2231.5 13416.49 202.99 1.51
2233.9 13376.81 227.05 1.70
2236.4 13409.64 185.28 1.38
2238.9 13341.63 189.88 1.42
2241.3 13300.17 217.65 1.64
2243.8 13261.31 178.79 1.35
2246.2 13153.53 197.71 1.50
2248.7 13089.53 192.83 1.47
2251.2 13067.33 180.64 1.38
2253.6 13017.60 134.40 1.03
2256.1 12979.20 180.48 1.39
2258.5 12980.99 188.24 1.45
2260.9 12912.45 145.73 1.13
2263.4 12850.74 168.89 1.31
2265.8 12840.17 161.56 1.26
2268.3 12768.77 184.72 1.45
2270.7 12812.36 176.56 1.38
2273.1 12778.22 138.06 1.08
2275.6 12710.40 149.76 1.18
2278.0 12729.12 142.20 1.12
2280.4 12680.26 103.91 0.82
2282.8 12544.20 131.64 1.05
2285.3 12570.98 178.86 1.42
2287.7 12679.54 148.39 1.17
2290.1 12579.51 130.46 1.04
2292.5 12520.09 154.77 1.24
2294.9 12538.64 126.45 1.01
2297.3 12458.25 126.56 1.02
2299.7 12334.59 134.24 1.09
2302.1 12311.40 86.42 0.70
2304.5 12214.72 105.84 0.87
2306.9 12089.28 90.16 0.75
2309.3 11994.02 78.37 0.65
2311.7 11939.85 121.68 1.02
2314.1 11791.37 129.97 1.10
2316.5 11721.50 98.50 0.84
2318.9 11765.88 110.37 0.94
2321.3 11730.50 146.58 1.25
2323.7 11744.39 123.79 1.05
2326.1 11719.24 112.84 0.96
2328.4 11761.55 105.78 0.90
2330.8 11807.83 89.98 0.76
2333.2 11712.54 94.72 0.81
2335.6 11662.03 116.25 1.00
2337.9 11681.16 108.51 0.93
2340.3 11629.38 96.56 0.83
2342.7 11548.22 110.02 0.95
2345.0 11508.47 84.93 0.74
2347.4 11492.00 102.00 0.89
2349.7 11315.65 111.06 0.98
2352.1 11286.89 77.19 0.68
2354.4 11296.02 103.16 0.91
2356.8 11214.70 155.40 1.39
2359.2 11154.00 151.67 1.36
2361.5 11109.05 95.99 0.86
2363.8 11141.66 83.44 0.75
2366.2 11165.73 79.44 0.71
2368.5 11089.40 93.45 0.84
2370.9 11067.03 120.78 1.09
2373.2 11030.32 94.43 0.86
2375.5 10914.30 76.93 0.70
2377.9 10876.18 82.05 0.75
2380.2 10876.88 64.14 0.59
2382.5 10821.23 73.52 0.68
2384.8 10769.44 139.20 1.29
2387.2 10736.28 79.70 0.74
2389.5 10704.02 42.50 0.40
2391.8 10661.73 99.82 0.94
2394.1 10613.91 67.18 0.63
2396.4 10610.47 53.22 0.50
2398.7 10654.34 43.85 0.41
2401.0 10513.07 49.45 0.47
2403.3 10428.12 79.68 0.76
2405.6 10456.51 84.97 0.81
2407.9 10375.71 70.14 0.68
2410.2 10317.44 80.21 0.78
2412.5 10224.31 91.47 0.89
2414.8 10187.84 123.24 1.21
2417.1 10204.62 98.07 0.96
2419.4 10195.97 62.52 0.61
2421.7 10103.31 94.62 0.94
2424.0 10048.90 95.10 0.95
2426.2 10074.05 112.35 1.12
2428.5 10032.46 102.76 1.02
2430.8 10006.20 87.20 0.87
2433.1 9945.94 60.85 0.61
2435.4 9886.37 33.57 0.34
2437.6 9830.42 50.36 0.51
2439.9 9708.34 84.23 0.87
2442.2 9709.99 102.39 1.05
2444.4 9752.18 68.92 0.71
2446.7 9688.56 70.08 0.72
2448.9 9658.24 71.06 0.74
2451.2 9631.36 47.68 0.50
2453.4 9564.32 48.21 0.50
2455.7 9566.46 12.16 0.13
2457.9 9468.86 36.63 0.39
2460.2 9395.46 80.15 0.85
2462.4 9422.40 74.88 0.79
2464.7 9348.95 50.47 0.54
2466.9 9251.22 51.36 0.56
2469.2 9249.34 64.82 0.70
2471.4 9151.61 52.52 0.57
2473.6 9078.42 53.56 0.59
2475.9 9042.40 40.64 0.45
2478.1 8956.32 0.00 0.00
2480.3 8952.70 62.66 0.70
2482.5 8971.16 107.23 1.20
2484.8 8832.66 72.82 0.82
2487.0 8762.09 44.44 0.51
2489.2 8850.00 0.00 0.00
2491.4 8753.22 23.06 0.26
2493.6 8669.20 39.19 0.45
2495.8 8662.66 47.51 0.55
2498.0 8674.13 64.85 0.75
2500.2 8694.60 84.25 0.97
2502.4 8942.16 35.52 0.40
2504.6 9089.52 18.78 0.21
2506.8 9176.65 58.45 0.64
