/*** Spectra Vista SIG Data ***/
name= \My Documents\HR1024_Data\AOHDF3.
instrument= HR: 1091052
integration= 200, 60, 30, 1000, 60, 30
scan time= 1, 1
scan settings= AD, AI, AD, AI
external data set1= 8224, 8224, 8224, 8224, 8224, 8224, 8224, 8224, 8224, 8224, 8224, 8224, 8224, 8224, 8224, 8224
external data set2= 8224, 8224, 8224, 8224, 8224, 8224, 8224, 8224, 8224, 8224, 8224, 8224, 8224, 8224, 8224, 8224
external data dark= 0,0,0,0,0,0,0,0
external data mask= 0
optic= LENS4 , LENS4 
temp= 33.31, 8.94, -5.30, 47.00, 8.94, -5.10
battery= 7.5, 6.5
error= 0, 0
units= Radiance, Radiance
time= 1/1/08 1:10:44 PM, 1/1/08 2:04:21 PM
longitude= , 
latitude= , 
gpstime= , 
comm= 
memory slot= 0, 0
factors= 
data= 
346.4 509.60 61.15 12.00
347.9 536.51 69.65 12.98
349.5 577.20 72.38 12.54
351.1 620.88 78.62 12.66
352.6 679.94 78.43 11.53
354.2 723.22 82.47 11.40
355.7 777.89 85.53 11.00
357.3 842.60 92.24 10.95
358.8 838.80 94.37 11.25
360.4 904.00 102.71 11.36
361.9 943.76 94.03 9.96
363.5 997.20 103.88 10.42
365.1 1040.25 102.64 9.87
366.6 1087.54 107.72 9.90
368.2 1161.70 110.80 9.54
369.7 1204.79 111.01 9.21
371.3 1287.37 114.58 8.90
372.8 1354.56 117.53 8.68
374.4 1435.13 120.15 8.37
375.9 1463.02 127.10 8.69
377.4 1512.41 124.25 8.22
379.0 1578.52 128.57 8.15
380.5 1618.77 133.56 8.25
382.1 1669.58 132.98 7.96
383.6 1726.52 133.25 7.72
385.2 1809.50 136.95 7.57
386.7 1900.67 140.25 7.38
388.3 1991.93 144.57 7.26
389.8 2077.97 153.17 7.37
391.3 2163.95 154.29 7.13
392.9 2236.17 165.01 7.38
394.4 2293.88 175.08 7.63
395.9 2364.42 176.47 7.46
397.5 2493.56 187.34 7.51
399.0 2617.23 187.87 7.18
400.6 2691.33 186.21 6.92
402.1 2739.96 190.40 6.95
403.6 2797.88 190.36 6.80
405.1 2865.39 193.31 6.75
406.7 2979.20 197.57 6.63
408.2 3089.54 204.04 6.60
409.7 3183.04 211.01 6.63
411.3 3295.62 218.94 6.64
412.8 3391.47 223.73 6.60
414.3 3507.27 229.09 6.53
415.8 3622.50 237.50 6.56
417.4 3739.34 245.92 6.58
418.9 3830.42 249.96 6.53
420.4 3913.23 255.23 6.52
421.9 3978.48 255.07 6.41
423.5 4044.22 260.12 6.43
425.0 4110.68 262.51 6.39
426.5 4198.95 265.31 6.32
428.0 4314.36 273.39 6.34
429.5 4445.73 279.27 6.28
431.1 4599.50 287.93 6.26
432.6 4769.72 298.37 6.26
434.1 4937.63 306.08 6.20
435.6 5085.18 319.28 6.28
437.1 5233.80 326.04 6.23
438.6 5364.45 334.44 6.23
440.1 5501.44 339.40 6.17
441.6 5653.06 349.24 6.18
443.1 5799.60 357.62 6.17
444.7 5941.01 366.20 6.16
446.2 6051.88 374.69 6.19
447.7 6161.82 384.90 6.25
449.2 6292.08 390.10 6.20
450.7 6396.00 392.29 6.13
452.2 6529.70 397.72 6.09
453.7 6647.26 401.56 6.04
455.2 6815.62 412.85 6.06
456.7 7013.60 422.75 6.03
458.2 7232.90 436.88 6.04
459.7 7456.75 450.10 6.04
461.2 7667.16 461.02 6.01
462.7 7858.10 474.35 6.04
464.2 8041.02 484.95 6.03
465.7 8240.35 496.41 6.02
467.2 8402.63 507.05 6.03
468.7 8584.00 524.40 6.11
470.2 8698.25 534.25 6.14
471.7 8877.75 549.58 6.19
473.2 9159.71 559.62 6.11
474.6 9386.40 566.42 6.03
476.1 9450.96 570.28 6.03
477.6 9499.75 570.81 6.01
479.1 9557.87 576.68 6.03
480.6 9632.82 581.37 6.04
482.1 9760.73 590.09 6.05
483.6 9935.74 597.00 6.01
485.1 10133.78 609.94 6.02
486.6 10366.07 625.39 6.03
488.0 10621.00 638.63 6.01
489.5 10873.80 652.46 6.00
491.0 11134.31 668.54 6.00
492.5 11404.80 684.94 6.01
494.0 11683.71 700.43 5.99
495.4 11917.95 714.78 6.00
496.9 12154.26 732.13 6.02
498.4 12387.41 746.39 6.03
499.9 12623.63 762.57 6.04
501.4 12839.71 779.32 6.07
502.8 13042.06 791.24 6.07
504.3 13226.40 803.88 6.08
505.8 13406.54 816.53 6.09
507.2 13518.16 824.72 6.10
508.7 13603.31 832.91 6.12
510.2 13672.60 839.60 6.14
511.6 13715.26 842.97 6.15
513.1 13806.21 849.35 6.15
514.6 13898.29 853.28 6.14
516.0 13992.63 862.37 6.16
517.5 14151.40 871.92 6.16
519.0 14339.95 888.36 6.20
520.5 14520.56 901.67 6.21
521.9 14760.83 917.19 6.21
523.4 15031.28 936.27 6.23
524.8 15295.25 953.85 6.24
526.3 15594.01 978.22 6.27
527.8 15909.50 1000.67 6.29
529.2 16189.50 1021.04 6.31
530.7 16509.28 1045.38 6.33
532.1 16791.25 1066.33 6.35
533.6 17121.20 1089.89 6.37
535.0 17454.94 1113.30 6.38
536.5 17789.22 1137.24 6.39
538.0 18136.88 1164.35 6.42
539.4 18461.69 1191.92 6.46
540.9 18864.39 1222.87 6.48
542.3 19206.33 1248.27 6.50
543.8 19460.81 1262.96 6.49
545.2 19544.37 1274.20 6.52
546.6 19566.05 1280.63 6.55
548.1 19604.97 1288.02 6.57
549.5 19640.65 1293.90 6.59
551.0 19664.79 1300.64 6.61
552.4 19724.92 1307.46 6.63
553.9 19761.60 1314.58 6.65
555.3 19812.20 1324.67 6.69
556.8 19934.49 1333.56 6.69
558.2 20047.50 1347.30 6.72
559.6 20200.16 1362.98 6.75
561.1 20397.00 1382.23 6.78
562.5 20617.77 1403.15 6.81
564.0 20901.40 1431.26 6.85
565.4 21161.13 1455.51 6.88
566.8 21482.31 1486.79 6.92
568.3 21793.28 1515.89 6.96
569.7 22118.60 1546.42 6.99
571.1 22425.71 1577.69 7.04
572.6 22741.56 1607.36 7.07
574.0 23030.70 1638.12 7.11
575.4 23309.44 1669.28 7.16
576.9 23581.06 1695.42 7.19
578.3 23822.01 1727.80 7.25
579.7 24048.22 1754.83 7.30
581.1 24227.75 1783.31 7.36
582.6 24429.78 1811.35 7.41
584.0 24600.48 1840.16 7.48
585.4 24853.74 1872.90 7.54
586.8 25196.68 1910.14 7.58
588.3 25573.86 1956.24 7.65
589.7 25896.78 1994.62 7.70
591.1 26104.75 2022.75 7.75
592.5 26211.06 2050.28 7.82
594.0 26269.26 2069.93 7.88
595.4 26286.44 2091.06 7.95
596.8 26295.56 2109.82 8.02
598.2 26315.92 2128.57 8.09
599.6 26317.98 2152.39 8.18
601.0 26398.05 2179.16 8.25
602.4 26470.93 2206.08 8.33
603.9 26597.64 2236.19 8.41
605.3 26727.57 2268.01 8.49
606.7 26857.80 2297.52 8.55
608.1 27088.39 2344.49 8.65
609.5 27333.21 2386.20 8.73
610.9 27623.29 2438.28 8.83
612.3 27891.32 2485.02 8.91
613.7 28252.28 2545.28 9.01
615.1 28513.62 2591.35 9.09
616.5 28776.05 2642.79 9.18
617.9 29165.50 2706.62 9.28
619.3 29543.24 2776.01 9.40
620.7 29990.55 2854.35 9.52
622.1 30437.05 2909.04 9.56
623.5 30934.60 2969.22 9.60
624.9 31494.75 3022.69 9.60
626.3 31867.36 3050.08 9.57
627.7 31569.69 3046.93 9.65
629.1 31287.59 3066.71 9.80
630.5 31184.65 3093.87 9.92
631.9 31222.21 3133.62 10.04
633.3 31256.33 3186.12 10.19
634.7 31400.48 3259.60 10.38
636.1 31461.82 3319.02 10.55
637.5 31554.77 3376.00 10.70
638.9 31702.82 3449.49 10.88
640.2 31825.04 3493.56 10.98
641.6 31863.78 3530.59 11.08
643.0 31847.61 3574.45 11.22
644.4 31829.55 3612.14 11.35
645.8 31751.71 3661.85 11.53
647.2 31867.94 3739.09 11.73
648.5 31926.34 3811.97 11.94
649.9 31776.23 3866.38 12.17
651.3 31648.05 3950.46 12.48
652.7 31449.15 4018.29 12.78
654.1 31244.46 4007.83 12.83
655.5 31005.95 3975.73 12.82
656.8 30780.41 3946.83 12.82
658.2 30925.42 3977.48 12.86
659.6 31264.45 4048.67 12.95
660.9 31536.04 4119.33 13.06
662.3 31822.64 4182.60 13.14
663.7 32096.40 4253.34 13.25
665.0 32332.90 4322.44 13.37
666.4 32562.99 4390.19 13.48
667.8 32863.56 4471.27 13.61
669.1 33114.69 4548.49 13.74
670.5 33405.09 4628.71 13.86
671.9 33586.56 4696.49 13.98
673.2 33844.75 4784.07 14.14
674.6 34082.18 4865.01 14.27
676.0 34372.41 4954.10 14.41
677.3 34659.68 5047.69 14.56
678.7 34979.63 5141.23 14.70
680.0 35399.92 5250.13 14.83
681.4 35845.89 5365.46 14.97
682.8 36270.33 5493.22 15.15
684.1 36705.24 5620.21 15.31
685.5 37104.21 5739.09 15.47
686.8 37507.62 5865.62 15.64
688.2 37862.83 5986.98 15.81
689.5 38000.96 6077.63 15.99
690.9 38124.79 6160.99 16.16
692.2 38229.60 6242.40 16.33
693.6 38334.37 6330.32 16.51
694.9 38335.34 6398.21 16.69
696.2 38393.33 6473.93 16.86
697.6 38453.39 6543.27 17.02
698.9 38522.88 6629.57 17.21
700.3 38613.54 6711.85 17.38
701.6 38716.02 6801.11 17.57
703.0 38828.83 6880.98 17.72
704.3 38882.19 6955.98 17.89
705.6 38895.39 7023.55 18.06
707.0 38949.12 7098.41 18.22
708.3 38885.46 7154.04 18.40
709.6 38817.35 7204.88 18.56
711.0 38702.88 7246.39 18.72
712.3 38573.15 7288.24 18.89
713.6 38531.64 7342.36 19.06
714.9 38462.14 7398.55 19.24
716.3 38461.08 7463.97 19.41
717.6 38479.84 7540.65 19.60
718.9 38424.85 7598.67 19.78
720.2 38251.08 7626.14 19.94
721.6 38113.53 7669.35 20.12
722.9 37945.16 7696.59 20.28
724.2 37714.27 7715.42 20.46
725.5 37534.96 7752.88 20.66
726.8 37360.68 7786.54 20.84
728.1 37271.09 7830.20 21.01
729.5 37167.13 7868.64 21.17
730.8 37093.13 7921.23 21.35
732.1 36996.92 7967.40 21.54
733.4 36936.39 8021.58 21.72
734.7 36864.47 8074.16 21.90
736.0 36851.62 8136.25 22.08
737.3 36774.45 8188.25 22.27
738.6 36845.76 8264.97 22.43
739.9 37000.34 8359.67 22.59
741.2 37119.81 8448.80 22.76
742.5 37372.03 8563.48 22.91
743.8 37768.50 8719.67 23.09
745.1 38387.22 8929.54 23.26
746.4 39127.73 9183.63 23.47
747.7 39918.22 9448.69 23.67
749.0 40672.12 9710.60 23.88
750.3 41122.66 9908.61 24.10
751.6 41047.35 9992.74 24.34
752.9 40630.59 9968.23 24.53
754.2 40176.47 9925.80 24.71
755.4 39652.21 9891.33 24.95
756.7 39478.17 9908.93 25.10
758.0 39495.60 9972.64 25.25
759.3 39730.28 10107.77 25.44
760.6 40061.56 10266.26 25.63
761.9 40384.10 10418.69 25.80
763.1 40567.56 10548.58 26.00
764.4 40796.65 10673.29 26.16
765.7 40953.25 10781.55 26.33
767.0 41079.80 10899.57 26.53
768.2 41207.04 11014.75 26.73
769.5 41279.98 11106.19 26.90
770.8 41469.61 11225.49 27.07
772.0 41501.32 11321.31 27.28
773.3 41583.65 11407.64 27.43
774.6 41708.58 11508.88 27.59
775.8 41815.15 11616.90 27.78
777.1 41846.51 11695.73 27.95
778.4 41799.94 11753.33 28.12
779.6 41775.90 11826.94 28.31
780.9 41704.00 11879.20 28.48
782.1 41523.21 11920.21 28.71
783.4 41558.40 11984.96 28.84
784.6 41567.36 12049.06 28.99
785.9 41861.56 12179.37 29.09
787.1 42409.87 12436.27 29.32
788.4 42854.47 12667.62 29.56
789.6 42849.18 12770.13 29.80
790.9 42483.96 12723.85 29.95
792.1 42011.92 12660.67 30.14
793.4 41570.15 12616.74 30.35
794.6 41283.15 12598.31 30.52
795.8 41024.39 12580.32 30.67
797.1 40758.68 12574.85 30.85
798.3 40551.64 12581.58 31.03
799.5 40444.72 12601.49 31.16
800.8 40323.21 12641.77 31.35
802.0 40187.32 12670.46 31.53
803.2 40033.64 12697.58 31.72
804.5 39942.72 12731.74 31.88
805.7 39829.66 12756.16 32.03
806.9 39715.93 12788.56 32.20
808.1 39632.97 12827.15 32.36
809.4 39553.39 12870.17 32.54
810.6 39489.45 12915.63 32.71
811.8 39474.39 12980.41 32.88
813.0 39504.71 13041.99 33.01
814.2 39525.61 13123.38 33.20
815.4 39644.33 13242.69 33.40
816.6 39709.73 13325.64 33.56
817.9 39791.57 13411.27 33.70
819.1 39719.87 13473.43 33.92
820.3 39621.11 13520.66 34.12
821.5 39546.25 13554.59 34.28
822.7 39480.04 13602.27 34.45
823.9 39499.25 13679.40 34.63
825.1 39541.96 13755.19 34.79
826.3 39583.35 13826.46 34.93
827.5 39640.56 13909.89 35.09
828.7 39708.48 13997.38 35.25
829.9 39767.03 14075.07 35.39
831.0 39870.82 14170.98 35.54
832.2 39993.87 14276.13 35.70
833.4 40076.64 14372.50 35.86
834.6 40148.44 14465.63 36.03
835.8 40238.10 14557.73 36.18
837.0 40328.28 14661.97 36.36
838.1 40500.72 14780.09 36.49
839.3 40601.19 14878.82 36.65
840.5 40716.87 14971.42 36.77
841.7 40854.11 15079.91 36.91
842.9 40980.73 15214.46 37.13
844.0 41100.82 15317.57 37.27
845.2 41245.09 15427.61 37.40
846.4 41368.25 15552.31 37.59
847.5 41564.18 15688.23 37.74
848.7 41743.64 15820.00 37.90
849.9 41936.76 15957.96 38.05
851.0 42020.98 16058.46 38.22
852.2 42107.61 16137.42 38.32
853.3 42066.96 16206.39 38.53
854.5 42098.11 16266.84 38.64
855.6 42095.43 16330.45 38.79
856.8 42111.00 16391.02 38.92
857.9 42111.88 16449.82 39.06
859.1 42240.60 16536.64 39.15
860.2 42245.56 16600.55 39.30
861.4 42273.83 16662.47 39.42
862.5 42309.54 16736.55 39.56
863.7 42384.63 16812.26 39.67
864.8 42387.10 16871.05 39.80
865.9 42333.82 16895.74 39.91
867.1 42372.33 16961.26 40.03
868.2 42368.54 17019.72 40.17
869.3 42393.50 17070.28 40.27
870.5 42342.80 17103.06 40.39
871.6 42318.48 17139.31 40.50
872.7 42385.23 17223.74 40.64
873.9 42404.90 17289.48 40.77
875.0 42391.36 17314.68 40.84
876.1 42363.75 17373.76 41.01
877.2 42397.32 17414.78 41.08
878.3 42381.77 17452.91 41.18
879.4 42397.70 17532.18 41.35
880.5 42451.56 17590.03 41.44
881.7 42410.55 17631.77 41.57
882.8 42454.72 17691.76 41.67
883.9 42482.63 17754.96 41.79
885.0 42446.04 17773.39 41.87
886.1 42420.10 17810.89 41.99
887.2 42295.80 17807.34 42.10
888.3 42201.80 17819.54 42.22
889.4 42117.30 17797.06 42.26
890.5 42026.34 17829.90 42.43
891.6 41981.69 17842.90 42.50
892.7 41962.31 17874.24 42.60
893.8 41981.79 17913.80 42.67
894.9 41952.35 17951.41 42.79
896.0 41968.71 17993.41 42.87
897.0 41952.48 18034.77 42.99
898.1 41951.64 18077.19 43.09
899.2 41983.30 18119.60 43.16
900.3 41907.57 18133.97 43.27
901.4 41820.39 18140.40 43.38
902.4 41828.99 18163.46 43.42
903.5 41775.96 18176.44 43.51
904.6 41798.96 18220.45 43.59
905.7 41805.42 18257.37 43.67
906.7 41815.90 18296.87 43.76
907.8 41839.20 18339.52 43.83
908.9 41746.38 18344.70 43.94
909.9 41734.69 18349.60 43.97
911.0 41681.88 18361.60 44.05
912.1 41602.05 18381.62 44.18
913.1 41535.52 18406.44 44.31
914.2 41457.24 18383.74 44.34
915.2 41368.59 18405.58 44.49
916.3 41436.15 18443.76 44.51
917.3 41410.15 18449.19 44.55
918.4 41310.50 18473.73 44.72
919.4 41328.17 18480.34 44.72
920.5 41309.67 18494.83 44.77
921.5 41323.66 18525.77 44.83
922.6 41255.80 18539.31 44.94
923.6 41303.54 18598.83 45.03
924.7 41344.50 18638.35 45.08
925.7 41333.16 18644.45 45.11
926.7 41356.90 18697.27 45.21
927.8 41415.30 18742.72 45.26
928.8 41570.85 18828.29 45.29
929.9 41658.93 18913.27 45.40
930.9 41879.39 19014.70 45.40
931.9 42070.56 19116.27 45.44
932.9 42412.10 19284.36 45.47
934.0 42452.50 19352.62 45.59
935.0 42440.57 19415.20 45.75
936.0 42488.02 19425.80 45.72
937.0 42429.47 19443.57 45.83
938.1 42380.86 19451.24 45.90
939.1 42337.65 19514.02 46.09
940.1 42429.30 19542.97 46.06
941.1 42615.86 19669.24 46.15
942.1 42903.92 19808.54 46.17
943.1 43057.09 19914.06 46.25
944.1 43342.63 20055.13 46.27
945.2 43356.60 20084.65 46.32
946.2 43482.48 20168.69 46.38
947.2 43549.00 20236.38 46.47
948.2 43743.16 20352.74 46.53
949.2 43840.88 20417.64 46.57
950.2 43906.25 20448.37 46.57
951.2 44010.96 20528.93 46.65
952.2 44061.91 20602.90 46.76
953.2 44318.14 20675.88 46.65
954.2 44380.80 20770.34 46.80
955.2 44428.35 20837.70 46.90
956.2 44460.20 20868.12 46.94
957.2 44542.35 20907.76 46.94
958.2 44649.94 20977.97 46.98
959.2 44705.25 21015.63 47.01
960.1 44813.66 21094.59 47.07
961.1 44928.76 21157.08 47.09
962.1 44958.75 21186.19 47.12
963.1 44986.01 21226.97 47.19
964.1 45106.16 21311.03 47.25
965.1 45270.70 21376.98 47.22
966.1 45207.41 21399.75 47.34
967.0 45355.66 21492.35 47.39
968.0 45441.48 21523.38 47.37
969.0 45453.60 21592.60 47.50
970.0 45557.64 21626.64 47.47
971.0 45615.57 21677.65 47.52
971.9 45699.86 21728.10 47.55
972.9 45781.93 21818.95 47.66
973.9 45829.88 21880.24 47.74
974.9 45973.78 21928.44 47.70
975.8 45979.65 21951.03 47.74
976.8 46106.16 21982.17 47.68
977.8 46097.80 22077.25 47.89
978.8 46103.70 22105.26 47.95
979.7 46387.55 22192.68 47.84
980.7 46405.76 22268.40 47.99
981.7 46694.84 22286.57 47.73
982.6 46857.76 22430.27 47.87
983.6 47433.79 22639.58 47.73
984.6 47818.98 22762.32 47.60
985.5 48063.24 22938.34 47.73
986.5 48770.77 23175.99 47.52
987.5 50043.63 23427.02 46.81
988.4 50895.90 23922.14 47.00
989.4 52431.75 24343.31 46.43
990.4 53425.02 24844.09 46.50
991.3 55387.31 25529.29 46.09
992.3 55950.90 25549.60 45.66
993.2 58118.31 26343.97 45.33
994.2 59457.94 26869.93 45.19
995.2 60710.63 27026.02 44.52
996.1 61737.77 27262.42 44.16
997.1 61885.85 27490.35 44.42
998.0 61668.00 27202.44 44.11
999.0 61787.86 27533.54 44.56
1000.0 62252.49 27676.11 44.46
1000.9 62564.91 27623.00 44.15
1001.9 61626.12 27083.06 43.95
1002.8 61885.09 26677.49 43.11
1003.8 61970.58 27057.58 43.66
1004.8 62064.96 26560.15 42.79
961.5 55881.62 23106.76 41.35
965.5 54589.44 22944.62 42.03
969.5 52393.79 22426.86 42.80
973.4 50126.74 21727.60 43.35
977.4 48345.52 21234.23 43.92
981.4 47464.01 21044.10 44.34
985.3 47176.98 21005.42 44.52
989.3 47304.75 20988.22 44.37
993.3 47508.66 20921.77 44.04
997.2 47541.75 20765.19 43.68
1001.2 47520.33 20704.45 43.57
1005.2 47455.76 20759.83 43.75
1009.1 47529.68 20853.32 43.87
1013.1 47663.39 21013.47 44.09
1017.1 47785.75 21123.77 44.21
1021.0 47816.50 21149.60 44.23
1025.0 47819.30 21187.65 44.31
1029.0 47652.00 21172.65 44.43
1032.9 47495.63 21176.09 44.59
1036.9 47497.16 21238.40 44.72
1040.9 47608.97 21343.54 44.83
1044.8 47827.54 21494.18 44.94
1048.8 48004.98 21622.62 45.04
1052.7 48133.54 21727.62 45.14
1056.7 48188.20 21775.26 45.19
1060.7 48194.60 21818.05 45.27
1064.6 48198.22 21875.93 45.39
1068.6 48113.17 21867.56 45.45
1072.5 48026.55 21861.60 45.52
1076.5 47975.49 21889.42 45.63
1080.4 47966.69 21915.52 45.69
1084.4 48069.59 21980.03 45.73
1088.3 48170.15 22053.09 45.78
1092.3 48152.58 22050.59 45.79
1096.2 48142.77 22053.30 45.81
1100.2 48183.64 22108.13 45.88
1104.1 48079.94 22087.13 45.94
1108.1 48035.13 22053.15 45.91
1112.0 47943.86 21999.47 45.89
1116.0 47742.57 21914.56 45.90
1119.9 47581.47 21825.58 45.87
1123.9 47666.30 21835.46 45.81
1127.8 47639.04 21795.84 45.75
1131.8 47617.38 21755.10 45.69
1135.7 47659.94 21722.64 45.58
1139.6 47675.62 21661.77 45.44
1143.6 47638.82 21560.50 45.26
1147.5 47616.88 21451.58 45.05
1151.4 47500.80 21308.56 44.86
1155.4 47513.75 21251.42 44.73
1159.3 47522.52 21223.33 44.66
1163.2 47363.89 21117.95 44.59
1167.2 47347.50 21066.54 44.49
1171.1 47369.57 21028.99 44.39
1175.0 47314.40 20967.93 44.32
1179.0 47268.08 20930.13 44.28
1182.9 47358.68 20944.23 44.22
1186.8 47350.70 20920.46 44.18
1190.7 47139.70 20802.46 44.13
1194.7 46883.87 20674.24 44.10
1198.6 46652.76 20578.64 44.11
1202.5 46480.48 20527.12 44.16
1206.4 46340.80 20490.48 44.22
1210.3 46236.01 20472.00 44.28
1214.2 46114.66 20480.81 44.41
1218.2 45952.68 20470.64 44.55
1222.1 45800.88 20458.93 44.67
1226.0 45686.61 20456.07 44.77
1229.9 45598.02 20460.12 44.87
1233.8 45484.04 20451.69 44.96
1237.7 45416.66 20438.58 45.00
1241.6 45332.53 20413.06 45.03
1245.5 45166.97 20364.56 45.09
1249.4 45023.84 20327.07 45.15
1253.3 44894.25 20296.08 45.21
1257.2 44816.00 20265.50 45.22
1261.1 44716.86 20216.63 45.21
1265.0 44587.73 20177.61 45.25
1268.9 44400.64 20105.95 45.28
1272.8 44460.00 20123.85 45.26
1276.7 44653.74 20198.06 45.23
1280.6 44733.81 20237.33 45.24
1284.5 44649.07 20211.62 45.27
1288.4 44631.63 20191.76 45.24
1292.3 44511.50 20119.00 45.20
1296.2 44360.33 20032.03 45.16
1300.1 44197.71 19910.93 45.05
1303.9 43963.66 19735.28 44.89
1307.8 43715.49 19568.76 44.76
1311.7 43464.03 19411.77 44.66
1315.6 43214.30 19234.32 44.51
1319.5 42962.15 19041.69 44.32
1323.3 42734.84 18854.72 44.12
1327.2 42525.95 18652.57 43.86
1331.1 42285.13 18448.68 43.63
1335.0 41985.32 18206.33 43.36
1338.8 41775.29 17960.96 42.99
1342.7 41609.18 17704.42 42.55
1346.5 41242.98 17321.22 42.00
1350.4 40931.78 16940.35 41.39
1354.3 40517.39 16525.71 40.79
1358.1 40047.65 16153.12 40.33
1362.0 39764.09 15935.19 40.07
1365.8 39670.89 15826.34 39.89
1369.7 39786.92 15780.31 39.66
1373.5 39741.56 15560.16 39.15
1377.4 39487.75 15163.01 38.40
1381.2 39276.49 14768.11 37.60
1385.1 39242.56 14423.47 36.75
1389.0 39129.70 13976.17 35.72
1392.8 38925.66 13408.01 34.45
1396.6 38773.68 12828.42 33.09
1400.5 38560.99 12213.88 31.67
1404.3 38397.74 11634.41 30.30
1408.2 38363.03 11155.99 29.08
1412.0 38325.01 10727.04 27.99
1415.8 38359.09 10395.39 27.10
1419.6 38319.36 10109.46 26.38
1423.5 38299.37 9874.52 25.78
1427.3 38266.05 9702.70 25.36
1431.1 38248.58 9585.98 25.06
1434.9 38159.15 9477.75 24.84
1438.8 38104.90 9412.79 24.70
1442.6 38084.31 9382.02 24.63
1446.4 37958.74 9342.17 24.61
1450.2 37871.04 9327.58 24.63
1454.0 37772.76 9311.52 24.65
1457.8 37752.26 9328.39 24.71
1461.6 37732.17 9351.64 24.78
1465.4 37609.21 9360.75 24.89
1469.2 37426.03 9377.55 25.06
1473.0 37290.43 9426.78 25.28
1476.8 37245.30 9515.21 25.55
1480.7 37186.44 9610.54 25.84
1484.4 37061.40 9701.40 26.18
1488.2 36961.08 9792.60 26.49
1492.0 36836.53 9887.35 26.84
1495.8 36720.78 9984.98 27.19
1499.6 36605.30 10061.79 27.49
1503.4 36479.87 10142.70 27.80
1507.2 36356.05 10208.70 28.08
1510.9 36204.04 10236.57 28.27
1514.7 36047.88 10269.17 28.49
1518.5 35919.58 10347.55 28.81
1522.3 35781.38 10425.97 29.14
1526.0 35674.52 10497.83 29.43
1529.8 35609.17 10570.99 29.69
1533.6 35484.33 10606.82 29.89
1537.3 35352.32 10634.03 30.08
1541.1 35225.58 10681.34 30.32
1544.8 35097.60 10730.40 30.57
1548.6 34949.35 10767.52 30.81
1552.4 34850.72 10808.82 31.01
1556.1 34790.76 10854.64 31.20
1559.9 34705.82 10914.25 31.45
1563.6 34578.39 10944.01 31.65
1567.3 34459.02 10967.71 31.83
1571.1 34243.92 10953.76 31.99
1574.8 34100.68 10956.33 32.13
1578.6 34000.34 10958.53 32.23
1582.3 33854.52 10951.18 32.35
1586.0 33716.51 10966.49 32.53
1589.8 33582.95 10973.77 32.68
1593.5 33431.04 10969.93 32.81
1597.2 33294.67 10967.77 32.94
1600.9 33154.19 10952.87 33.04
1604.7 33000.40 10940.86 33.15
1608.4 32856.34 10942.49 33.30
1612.1 32695.22 10928.84 33.43
1615.8 32545.96 10906.40 33.51
1619.5 32465.11 10907.66 33.60
1623.2 32316.22 10887.14 33.69
1626.9 32130.25 10845.72 33.76
1630.6 31953.68 10805.30 33.82
1634.3 31816.04 10762.52 33.83
1638.0 31668.49 10716.90 33.84
1641.7 31487.82 10669.68 33.89
1645.4 31299.16 10600.63 33.87
1649.1 31105.38 10519.26 33.82
1652.8 30949.76 10442.88 33.74
1656.4 30780.36 10345.90 33.61
1660.1 30613.88 10260.53 33.52
1663.8 30416.03 10166.93 33.43
1667.5 30257.50 10098.33 33.37
1671.1 30134.40 10044.80 33.33
1674.8 29937.06 9961.91 33.28
1678.5 29873.87 9941.60 33.28
1682.1 29892.23 9935.20 33.24
1685.8 29901.92 9917.90 33.17
1689.5 29795.07 9851.35 33.06
1693.1 29653.44 9757.29 32.90
1696.8 29511.75 9663.88 32.75
1700.4 29358.15 9573.26 32.61
1704.0 29237.42 9479.50 32.42
1707.7 28983.16 9344.24 32.24
1711.3 28689.26 9193.26 32.04
1715.0 28479.20 9071.45 31.85
1718.6 28311.14 8963.44 31.66
1722.2 28171.19 8878.30 31.52
1725.9 28024.58 8807.45 31.43
1729.5 27888.80 8745.75 31.36
1733.1 27770.82 8701.17 31.33
1736.7 27655.67 8662.79 31.32
1740.3 27487.42 8593.26 31.26
1744.0 27395.86 8546.53 31.20
1747.5 27255.01 8478.49 31.11
1751.2 27041.09 8385.39 31.01
1754.8 26881.34 8316.50 30.94
1758.4 26750.86 8258.18 30.87
1762.0 26572.85 8196.66 30.85
1765.5 26446.23 8148.88 30.81
1769.1 26402.40 8138.40 30.82
1772.7 26328.38 8117.61 30.83
1776.3 26208.92 8072.90 30.80
1779.9 26081.92 8025.40 30.77
1783.5 26027.60 7993.04 30.71
1787.0 25897.14 7941.82 30.67
1790.6 25747.79 7884.54 30.62
1794.2 25651.68 7845.26 30.58
1797.8 25552.23 7805.77 30.55
1801.3 25471.95 7767.23 30.49
1804.9 25318.13 7704.38 30.43
1808.4 25235.40 7665.37 30.38
1812.0 25102.89 7602.00 30.28
1815.5 24947.72 7536.58 30.21
1819.1 24745.29 7477.30 30.22
1822.6 24588.72 7437.22 30.25
1826.2 24468.62 7384.04 30.18
1829.7 24298.19 7306.87 30.07
1833.2 24066.25 7217.41 29.99
1836.8 23846.10 7150.33 29.99
1840.3 23701.28 7138.31 30.12
1843.8 23605.26 7148.12 30.28
1847.3 23552.23 7152.60 30.37
1850.8 23482.37 7140.67 30.41
1854.3 23328.90 7088.64 30.39
1857.8 23249.20 7014.80 30.17
1861.3 23245.10 6880.84 29.60
1864.8 23154.55 6653.84 28.74
1868.3 22923.75 6360.77 27.75
1871.8 22725.12 6044.16 26.60
1875.3 22663.55 5816.72 25.67
1878.8 22668.35 5576.21 24.60
1882.3 22613.87 5240.28 23.17
1885.8 22446.65 4882.85 21.75
1889.3 22245.45 4520.82 20.32
1892.7 22073.02 4214.50 19.09
1896.2 21956.57 3964.92 18.06
1899.7 21800.31 3768.09 17.28
1903.1 21719.54 3699.70 17.03
1906.6 21807.87 3803.14 17.44
1910.0 22098.88 4044.51 18.30
1913.5 22634.73 4482.40 19.80
1917.0 23151.98 4984.88 21.53
1920.4 23436.08 5547.00 23.67
1923.8 23677.97 5905.95 24.94
1871.2 20787.15 4693.13 22.58
1873.9 20907.54 4724.87 22.60
1876.7 21048.38 4653.01 22.11
1879.5 21252.88 4483.25 21.09
1882.3 20993.42 4222.14 20.11
1885.1 20851.78 3922.10 18.81
1887.8 20921.79 3653.27 17.46
1890.6 20723.54 3360.36 16.22
1893.4 20650.67 3146.00 15.23
1896.2 20581.86 2895.08 14.07
1898.9 20516.13 2659.26 12.96
1901.7 20380.18 2463.02 12.09
1904.5 20546.36 2380.50 11.59
1907.2 20463.00 2265.75 11.07
1910.0 20358.58 2144.37 10.53
1912.7 20364.96 2125.77 10.44
1915.5 20273.08 2084.89 10.28
1918.2 20210.43 2057.54 10.18
1921.0 20079.87 2014.86 10.03
1923.7 20126.73 2014.34 10.01
1926.5 20096.89 2022.39 10.06
1929.2 20080.15 2020.20 10.06
1932.0 20066.00 2069.80 10.31
1934.7 20016.92 2094.87 10.47
1937.4 19925.11 2071.91 10.40
1940.2 19881.39 2099.09 10.56
1942.9 19959.98 2143.68 10.74
1945.6 19965.22 2171.38 10.88
1948.3 19894.11 2199.09 11.05
1951.1 19862.99 2203.32 11.09
1953.8 19866.00 2220.00 11.17
1956.5 19752.03 2267.22 11.48
1959.2 19805.76 2293.33 11.58
1961.9 19837.86 2312.48 11.66
1964.6 19745.08 2341.33 11.86
1967.3 19784.70 2391.13 12.09
1970.0 19621.84 2400.56 12.23
1972.8 19538.55 2435.70 12.47
1975.5 19602.81 2487.67 12.69
1978.2 19540.64 2517.04 12.88
1980.9 19419.73 2553.54 13.15
1983.5 19352.05 2562.24 13.24
1986.2 19366.05 2592.81 13.39
1988.9 19348.59 2651.01 13.70
1991.6 19202.00 2667.83 13.89
1994.3 19065.89 2654.38 13.92
1997.0 19096.32 2724.75 14.27
1999.7 19065.00 2791.26 14.64
2002.3 19034.90 2781.74 14.61
2005.0 18965.86 2778.86 14.65
2007.7 18877.00 2806.47 14.87
2010.4 18811.60 2837.87 15.09
2013.0 18774.16 2862.07 15.24
2015.7 18678.28 2887.13 15.46
2018.4 18548.96 2887.73 15.57
2021.0 18504.50 2907.00 15.71
2023.7 18401.60 2917.12 15.85
2026.4 18333.68 2909.62 15.87
2029.0 18267.40 2924.13 16.01
2031.7 18144.97 2906.80 16.02
2034.3 18142.15 2915.25 16.07
2037.0 18035.71 2936.05 16.28
2039.6 17974.39 2934.31 16.32
2042.3 17908.74 2909.43 16.25
2044.9 17825.78 2914.40 16.35
2047.5 17820.17 2917.20 16.37
2050.2 17715.60 2920.40 16.48
2052.8 17679.20 2931.60 16.58
2055.4 17538.43 2888.52 16.47
2058.1 17416.00 2881.20 16.54
2060.7 17404.47 2890.03 16.61
2063.3 17299.63 2886.99 16.69
2065.9 17230.17 2881.00 16.72
2068.6 17165.96 2872.63 16.73
2071.2 17119.44 2876.49 16.80
2073.8 17041.85 2851.50 16.73
2076.4 16999.98 2848.77 16.76
2079.0 17011.74 2871.82 16.88
2081.6 16984.09 2878.04 16.95
2084.2 16930.00 2875.28 16.98
2086.8 16834.24 2833.99 16.83
2089.4 16742.01 2816.81 16.82
2092.1 16637.33 2824.83 16.98
2094.7 16574.28 2805.23 16.93
2097.2 16549.50 2802.17 16.93
2099.8 16541.98 2832.43 17.12
2102.4 16400.35 2803.53 17.09
2105.0 16267.80 2767.35 17.01
2107.6 16238.35 2762.88 17.01
2110.2 16217.39 2759.26 17.01
2112.8 16200.74 2765.98 17.07
2115.3 16182.65 2776.97 17.16
2117.9 16188.40 2776.90 17.15
2120.5 16181.17 2760.51 17.06
2123.1 16113.83 2758.28 17.12
2125.6 16056.05 2740.92 17.07
2128.2 15953.26 2721.80 17.06
2130.8 15859.35 2714.40 17.12
2133.3 15825.33 2707.47 17.11
2135.9 15723.21 2682.80 17.06
2138.4 15584.92 2666.73 17.11
2141.0 15487.96 2673.88 17.26
2143.6 15482.13 2679.54 17.31
2146.1 15358.67 2650.38 17.26
2148.7 15182.57 2619.51 17.25
2151.2 15188.80 2657.60 17.50
2153.8 15199.37 2666.66 17.54
2156.3 15064.95 2652.09 17.60
2158.8 14994.07 2646.19 17.65
2161.4 14983.43 2635.81 17.59
2163.9 14894.98 2635.81 17.70
2166.4 14806.99 2631.43 17.77
2169.0 14777.42 2661.00 18.01
2171.5 14688.72 2652.13 18.06
2174.0 14586.43 2618.00 17.95
2176.5 14576.25 2655.12 18.22
2179.1 14537.32 2656.29 18.27
2181.6 14435.75 2621.92 18.16
2184.1 14405.16 2627.24 18.24
2186.6 14458.30 2670.72 18.47
2189.1 14358.33 2648.25 18.44
2191.6 14308.00 2610.07 18.24
2194.1 14339.64 2654.01 18.51
2196.6 14340.73 2669.78 18.62
2199.2 14399.84 2672.06 18.56
2201.7 14323.09 2686.25 18.75
2204.1 14264.18 2682.78 18.81
2206.6 14278.44 2707.98 18.97
2209.1 14246.74 2706.28 19.00
2211.6 14236.93 2668.47 18.74
2214.1 14172.61 2702.99 19.07
2216.6 14103.21 2734.80 19.39
2219.1 14137.40 2700.62 19.10
2221.6 14080.86 2695.12 19.14
2224.0 14024.61 2686.05 19.15
2226.5 13983.38 2655.89 18.99
2229.0 13981.89 2676.09 19.14
2231.5 13918.22 2650.36 19.04
2233.9 13896.33 2609.17 18.78
2236.4 13868.98 2624.80 18.93
2238.9 13826.00 2604.00 18.83
2241.3 13828.76 2545.77 18.41
2243.8 13758.80 2537.99 18.45
2246.2 13610.98 2508.20 18.43
2248.7 13571.61 2456.70 18.10
2251.2 13563.12 2455.89 18.11
2253.6 13482.24 2411.52 17.89
2256.1 13474.56 2373.12 17.61
2258.5 13495.78 2351.10 17.42
2260.9 13407.16 2308.67 17.22
2263.4 13372.75 2295.32 17.16
2265.8 13367.17 2296.46 17.18
2268.3 13288.30 2262.82 17.03
2270.7 13342.05 2210.88 16.57
2273.1 13272.94 2208.96 16.64
2275.6 13194.24 2192.64 16.62
2278.0 13232.60 2159.95 16.32
2280.4 13249.81 2182.01 16.47
2282.8 13117.21 2144.90 16.35
2285.3 13103.68 2103.59 16.05
2287.7 13191.09 2112.61 16.02
2290.1 13097.39 2075.50 15.85
2292.5 13047.88 2047.66 15.69
2294.9 13056.31 2003.50 15.35
2297.3 12972.40 1977.50 15.24
2299.7 12875.52 1954.43 15.18
2302.1 12826.01 1913.10 14.92
2304.5 12696.88 1889.44 14.88
2306.9 12602.80 1846.32 14.65
2309.3 12519.08 1857.29 14.84
2311.7 12473.65 1895.78 15.20
2314.1 12315.17 1870.71 15.19
2316.5 12229.76 1867.56 15.27
2318.9 12290.12 1840.76 14.98
2321.3 12265.32 1802.56 14.70
2323.7 12235.57 1836.93 15.01
2326.1 12214.93 1849.77 15.14
2328.4 12270.09 1814.48 14.79
2330.8 12319.08 1815.96 14.74
2333.2 12235.57 1795.59 14.68
2335.6 12168.54 1735.40 14.26
2337.9 12202.83 1731.93 14.19
2340.3 12141.58 1717.12 14.14
2342.7 12039.09 1688.44 14.02
2345.0 12013.82 1715.65 14.28
2347.4 11993.50 1717.00 14.32
2349.7 11798.34 1653.14 14.01
2352.1 11775.76 1693.89 14.38
2354.4 11820.42 1723.63 14.58
2356.8 11728.38 1648.97 14.06
2359.2 11704.33 1638.00 13.99
2361.5 11645.74 1640.61 14.09
2363.8 11633.53 1624.92 13.97
2366.2 11660.03 1624.11 13.93
2368.5 11627.85 1628.70 14.01
2370.9 11603.83 1574.61 13.57
2373.2 11533.95 1560.34 13.53
2375.5 11398.48 1579.23 13.85
2377.9 11373.04 1536.16 13.51
2380.2 11408.35 1557.77 13.65
2382.5 11308.30 1525.54 13.49
2384.8 11261.28 1452.32 12.90
2387.2 11252.00 1509.64 13.42
2389.5 11242.29 1525.10 13.57
2391.8 11232.13 1497.30 13.33
2394.1 11132.13 1458.69 13.10
2396.4 11089.46 1422.47 12.83
2398.7 11160.99 1456.63 13.05
2401.0 11096.58 1443.94 13.01
2403.3 10926.12 1389.42 12.72
2405.6 10921.36 1404.53 12.86
2407.9 10891.74 1372.74 12.60
2410.2 10793.71 1323.52 12.26
2412.5 10752.81 1372.05 12.76
2414.8 10737.29 1355.64 12.63
2417.1 10694.97 1280.09 11.97
2419.4 10638.82 1260.82 11.85
2421.7 10597.44 1293.14 12.20
2424.0 10571.95 1283.85 12.14
2426.2 10576.95 1235.85 11.68
2428.5 10508.39 1254.73 11.94
2430.8 10485.80 1237.15 11.80
2433.1 10443.79 1178.25 11.28
2435.4 10361.94 1169.36 11.29
2437.6 10328.37 1146.98 11.11
2439.9 10224.92 1100.54 10.76
2442.2 10193.49 1177.49 11.55
2444.4 10223.13 1183.13 11.57
2446.7 10173.28 1080.40 10.62
2448.9 10197.11 1071.82 10.51
2451.2 10173.72 1120.48 11.01
2453.4 10028.37 1096.85 10.94
2455.7 9998.26 1052.13 10.52
2457.9 9908.42 1056.17 10.66
2460.2 9870.17 1023.39 10.37
2462.4 9896.64 1010.88 10.21
2464.7 9834.69 1028.26 10.46
2466.9 9751.98 1007.94 10.34
2469.2 9722.50 985.21 10.13
2471.4 9624.29 938.80 9.75
2473.6 9553.77 877.05 9.18
2475.9 9536.85 887.31 9.30
2478.1 9427.70 833.46 8.84
2480.3 9377.37 807.55 8.61
2482.5 9321.43 893.54 9.59
2484.8 9240.44 881.08 9.54
2487.0 9258.33 844.36 9.12
2489.2 9302.30 799.06 8.59
2491.4 9183.58 806.93 8.79
2493.6 9147.34 823.03 9.00
2495.8 9177.35 807.67 8.80
2498.0 9103.79 770.13 8.46
2500.2 9132.70 758.25 8.30
2502.4 9403.92 843.60 8.97
2504.6 9512.07 892.05 9.38
2506.8 9585.80 915.72 9.55
