/*** Spectra Vista SIG Data ***/
name= \My Documents\HR1024_Data\AOHDF2.
instrument= HR: 1091052
integration= 200, 60, 30, 1000, 60, 30
scan time= 1, 1
scan settings= AD, AI, AD, AI
external data set1= 8224, 8224, 8224, 8224, 8224, 8224, 8224, 8224, 8224, 8224, 8224, 8224, 8224, 8224, 8224, 8224
external data set2= 8224, 8224, 8224, 8224, 8224, 8224, 8224, 8224, 8224, 8224, 8224, 8224, 8224, 8224, 8224, 8224
external data dark= 0,0,0,0,0,0,0,0
external data mask= 0
optic= LENS4 , LENS4 
temp= 33.31, 8.94, -5.30, 47.00, 8.94, -5.10
battery= 7.5, 6.6
error= 0, 0
units= Radiance, Radiance
time= 1/1/08 1:10:44 PM, 1/1/08 2:03:32 PM
longitude= , 
latitude= , 
gpstime= , 
comm= 
memory slot= 0, 0
factors= 
data= 
346.4 509.60 68.80 13.50
347.9 536.51 69.03 12.87
349.5 577.20 69.89 12.11
351.1 620.88 70.51 11.36
352.6 679.94 76.53 11.26
354.2 723.22 75.92 10.50
355.7 777.89 86.88 11.17
357.3 842.60 87.38 10.37
358.8 838.80 89.47 10.67
360.4 904.00 90.75 10.04
361.9 943.76 94.03 9.96
363.5 997.20 94.87 9.51
365.1 1040.25 96.40 9.27
366.6 1087.54 92.53 8.51
368.2 1161.70 102.74 8.84
369.7 1204.79 98.60 8.18
371.3 1287.37 104.04 8.08
372.8 1354.56 104.91 7.75
374.4 1435.13 110.14 7.67
375.9 1463.02 111.22 7.60
377.4 1512.41 115.14 7.61
379.0 1578.52 115.84 7.34
380.5 1618.77 110.17 6.81
382.1 1669.58 114.65 6.87
383.6 1726.52 116.80 6.77
385.2 1809.50 119.90 6.63
386.7 1900.67 119.67 6.30
388.3 1991.93 127.18 6.38
389.8 2077.97 129.02 6.21
391.3 2163.95 134.24 6.20
392.9 2236.17 141.11 6.31
394.4 2293.88 146.00 6.36
395.9 2364.42 147.58 6.24
397.5 2493.56 153.10 6.14
399.0 2617.23 158.21 6.04
400.6 2691.33 158.48 5.89
402.1 2739.96 154.80 5.65
403.6 2797.88 155.84 5.57
405.1 2865.39 156.75 5.47
406.7 2979.20 162.62 5.46
408.2 3089.54 166.62 5.39
409.7 3183.04 168.45 5.29
411.3 3295.62 179.01 5.43
412.8 3391.47 185.33 5.46
414.3 3507.27 192.37 5.48
415.8 3622.50 193.50 5.34
417.4 3739.34 198.86 5.32
418.9 3830.42 205.94 5.38
420.4 3913.23 206.38 5.27
421.9 3978.48 209.09 5.26
423.5 4044.22 213.42 5.28
425.0 4110.68 213.96 5.21
426.5 4198.95 214.57 5.11
428.0 4314.36 219.21 5.08
429.5 4445.73 224.36 5.05
431.1 4599.50 231.81 5.04
432.6 4769.72 239.93 5.03
434.1 4937.63 247.94 5.02
435.6 5085.18 256.58 5.05
437.1 5233.80 260.91 4.99
438.6 5364.45 268.42 5.00
440.1 5501.44 275.96 5.02
441.6 5653.06 279.15 4.94
443.1 5799.60 285.93 4.93
444.7 5941.01 296.74 4.99
446.2 6051.88 303.54 5.02
447.7 6161.82 310.25 5.04
449.2 6292.08 313.63 4.98
450.7 6396.00 317.82 4.97
452.2 6529.70 320.30 4.91
453.7 6647.26 324.08 4.88
455.2 6815.62 332.43 4.88
456.7 7013.60 340.03 4.85
458.2 7232.90 350.20 4.84
459.7 7456.75 358.40 4.81
461.2 7667.16 371.71 4.85
462.7 7858.10 382.34 4.87
464.2 8041.02 388.33 4.83
465.7 8240.35 399.91 4.85
467.2 8402.63 409.26 4.87
468.7 8584.00 418.40 4.87
470.2 8698.25 433.08 4.98
471.7 8877.75 440.33 4.96
473.2 9159.71 448.29 4.89
474.6 9386.40 453.98 4.84
476.1 9450.96 457.92 4.85
477.6 9499.75 460.01 4.84
479.1 9557.87 464.63 4.86
480.6 9632.82 463.72 4.81
482.1 9760.73 474.11 4.86
483.6 9935.74 481.59 4.85
485.1 10133.78 492.18 4.86
486.6 10366.07 500.18 4.83
488.0 10621.00 511.23 4.81
489.5 10873.80 524.23 4.82
491.0 11134.31 536.64 4.82
492.5 11404.80 548.86 4.81
494.0 11683.71 563.42 4.82
495.4 11917.95 576.18 4.83
496.9 12154.26 588.17 4.84
498.4 12387.41 597.45 4.82
499.9 12623.63 609.37 4.83
501.4 12839.71 622.27 4.85
502.8 13042.06 635.62 4.87
504.3 13226.40 643.68 4.87
505.8 13406.54 655.34 4.89
507.2 13518.16 663.25 4.91
508.7 13603.31 670.28 4.93
510.2 13672.60 676.57 4.95
511.6 13715.26 680.11 4.96
513.1 13806.21 681.80 4.94
514.6 13898.29 688.49 4.95
516.0 13992.63 693.04 4.95
517.5 14151.40 700.65 4.95
519.0 14339.95 711.02 4.96
520.5 14520.56 723.24 4.98
521.9 14760.83 737.56 5.00
523.4 15031.28 752.20 5.00
524.8 15295.25 767.14 5.02
526.3 15594.01 786.45 5.04
527.8 15909.50 804.18 5.05
529.2 16189.50 819.47 5.06
530.7 16509.28 839.38 5.08
532.1 16791.25 857.85 5.11
533.6 17121.20 876.65 5.12
535.0 17454.94 896.40 5.14
536.5 17789.22 916.12 5.15
538.0 18136.88 940.24 5.18
539.4 18461.69 958.37 5.19
540.9 18864.39 987.96 5.24
542.3 19206.33 1008.95 5.25
543.8 19460.81 1019.64 5.24
545.2 19544.37 1027.16 5.26
546.6 19566.05 1037.38 5.30
548.1 19604.97 1040.97 5.31
549.5 19640.65 1047.10 5.33
551.0 19664.79 1051.60 5.35
552.4 19724.92 1060.33 5.38
553.9 19761.60 1070.78 5.42
555.3 19812.20 1076.17 5.43
556.8 19934.49 1085.86 5.45
558.2 20047.50 1097.89 5.48
559.6 20200.16 1111.80 5.50
561.1 20397.00 1128.08 5.53
562.5 20617.77 1145.79 5.56
564.0 20901.40 1169.73 5.60
565.4 21161.13 1192.90 5.64
566.8 21482.31 1217.06 5.67
568.3 21793.28 1241.33 5.70
569.7 22118.60 1266.95 5.73
571.1 22425.71 1293.34 5.77
572.6 22741.56 1321.60 5.81
574.0 23030.70 1348.71 5.86
575.4 23309.44 1373.63 5.89
576.9 23581.06 1398.82 5.93
578.3 23822.01 1426.07 5.99
579.7 24048.22 1453.58 6.04
581.1 24227.75 1476.43 6.09
582.6 24429.78 1503.93 6.16
584.0 24600.48 1527.67 6.21
585.4 24853.74 1560.68 6.28
586.8 25196.68 1597.22 6.34
588.3 25573.86 1638.00 6.40
589.7 25896.78 1671.23 6.45
591.1 26104.75 1699.70 6.51
592.5 26211.06 1724.93 6.58
594.0 26269.26 1745.36 6.64
595.4 26286.44 1765.36 6.72
596.8 26295.56 1782.50 6.78
598.2 26315.92 1806.58 6.86
599.6 26317.98 1823.67 6.93
601.0 26398.05 1852.32 7.02
602.4 26470.93 1881.78 7.11
603.9 26597.64 1907.15 7.17
605.3 26727.57 1938.49 7.25
606.7 26857.80 1972.80 7.35
608.1 27088.39 2012.22 7.43
609.5 27333.21 2054.32 7.52
610.9 27623.29 2103.46 7.61
612.3 27891.32 2151.03 7.71
613.7 28252.28 2205.80 7.81
615.1 28513.62 2254.72 7.91
616.5 28776.05 2300.29 7.99
617.9 29165.50 2367.21 8.12
619.3 29543.24 2429.33 8.22
620.7 29990.55 2500.34 8.34
622.1 30437.05 2554.60 8.39
623.5 30934.60 2596.33 8.39
624.9 31494.75 2647.84 8.41
626.3 31867.36 2702.36 8.48
627.7 31569.69 2709.34 8.58
629.1 31287.59 2732.35 8.73
630.5 31184.65 2762.17 8.86
631.9 31222.21 2823.57 9.04
633.3 31256.33 2865.36 9.17
634.7 31400.48 2917.23 9.29
636.1 31461.82 2959.36 9.41
637.5 31554.77 3006.68 9.53
638.9 31702.82 3073.58 9.69
640.2 31825.04 3131.74 9.84
641.6 31863.78 3189.42 10.01
643.0 31847.61 3243.00 10.18
644.4 31829.55 3294.56 10.35
645.8 31751.71 3351.77 10.56
647.2 31867.94 3432.81 10.77
648.5 31926.34 3499.41 10.96
649.9 31776.23 3547.48 11.16
651.3 31648.05 3617.43 11.43
652.7 31449.15 3661.29 11.64
654.1 31244.46 3652.12 11.69
655.5 31005.95 3628.50 11.70
656.8 30780.41 3611.66 11.73
658.2 30925.42 3650.05 11.80
659.6 31264.45 3719.75 11.90
660.9 31536.04 3788.62 12.01
662.3 31822.64 3861.68 12.13
663.7 32096.40 3929.10 12.24
665.0 32332.90 3994.24 12.35
666.4 32562.99 4068.46 12.49
667.8 32863.56 4149.05 12.63
669.1 33114.69 4228.24 12.77
670.5 33405.09 4308.45 12.90
671.9 33586.56 4382.33 13.05
673.2 33844.75 4467.92 13.20
674.6 34082.18 4548.13 13.34
676.0 34372.41 4641.16 13.50
677.3 34659.68 4735.96 13.66
678.7 34979.63 4833.95 13.82
680.0 35399.92 4942.70 13.96
681.4 35845.89 5063.44 14.13
682.8 36270.33 5188.37 14.30
684.1 36705.24 5315.08 14.48
685.5 37104.21 5436.38 14.65
686.8 37507.62 5565.01 14.84
688.2 37862.83 5681.18 15.00
689.5 38000.96 5770.79 15.19
690.9 38124.79 5856.39 15.36
692.2 38229.60 5936.40 15.53
693.6 38334.37 6029.56 15.73
694.9 38335.34 6098.33 15.91
696.2 38393.33 6172.74 16.08
697.6 38453.39 6252.24 16.26
698.9 38522.88 6334.94 16.44
700.3 38613.54 6429.36 16.65
701.6 38716.02 6515.19 16.83
703.0 38828.83 6603.36 17.01
704.3 38882.19 6674.75 17.17
705.6 38895.39 6752.36 17.36
707.0 38949.12 6830.75 17.54
708.3 38885.46 6884.90 17.71
709.6 38817.35 6939.92 17.88
711.0 38702.88 6990.33 18.06
712.3 38573.15 7039.51 18.25
713.6 38531.64 7094.81 18.41
714.9 38462.14 7151.48 18.59
716.3 38461.08 7222.58 18.78
717.6 38479.84 7295.64 18.96
718.9 38424.85 7351.23 19.13
720.2 38251.08 7381.72 19.30
721.6 38113.53 7412.21 19.45
722.9 37945.16 7450.74 19.64
724.2 37714.27 7482.22 19.84
725.5 37534.96 7509.29 20.01
726.8 37360.68 7553.71 20.22
728.1 37271.09 7602.49 20.40
729.5 37167.13 7644.67 20.57
730.8 37093.13 7708.25 20.78
732.1 36996.92 7756.56 20.97
733.4 36936.39 7808.53 21.14
734.7 36864.47 7868.37 21.34
736.0 36851.62 7932.11 21.52
737.3 36774.45 7993.89 21.74
738.6 36845.76 8077.90 21.92
739.9 37000.34 8192.20 22.14
741.2 37119.81 8287.73 22.33
742.5 37372.03 8415.48 22.52
743.8 37768.50 8581.65 22.72
745.1 38387.22 8809.94 22.95
746.4 39127.73 9061.33 23.16
747.7 39918.22 9308.55 23.32
749.0 40672.12 9570.61 23.53
750.3 41122.66 9727.61 23.66
751.6 41047.35 9785.99 23.84
752.9 40630.59 9763.25 24.03
754.2 40176.47 9730.50 24.22
755.4 39652.21 9699.97 24.46
756.7 39478.17 9739.67 24.67
758.0 39495.60 9836.11 24.90
759.3 39730.28 9986.18 25.13
760.6 40061.56 10164.62 25.37
761.9 40384.10 10340.12 25.60
763.1 40567.56 10469.01 25.81
764.4 40796.65 10607.32 26.00
765.7 40953.25 10735.40 26.21
767.0 41079.80 10861.26 26.44
768.2 41207.04 10969.73 26.62
769.5 41279.98 11081.59 26.84
770.8 41469.61 11212.26 27.04
772.0 41501.32 11312.10 27.26
773.3 41583.65 11422.79 27.47
774.6 41708.58 11529.45 27.64
775.8 41815.15 11633.34 27.82
777.1 41846.51 11720.07 28.01
778.4 41799.94 11781.95 28.19
779.6 41775.90 11866.24 28.40
780.9 41704.00 11934.40 28.62
782.1 41523.21 11989.44 28.87
783.4 41558.40 12064.00 29.03
784.6 41567.36 12150.06 29.23
785.9 41861.56 12323.87 29.44
787.1 42409.87 12592.56 29.69
788.4 42854.47 12809.53 29.89
789.6 42849.18 12839.23 29.96
790.9 42483.96 12747.67 30.01
792.1 42011.92 12689.95 30.21
793.4 41570.15 12654.12 30.44
794.6 41283.15 12635.99 30.61
795.8 41024.39 12637.79 30.81
797.1 40758.68 12632.49 30.99
798.3 40551.64 12661.44 31.22
799.5 40444.72 12695.56 31.39
800.8 40323.21 12738.45 31.59
802.0 40187.32 12773.52 31.78
803.2 40033.64 12803.35 31.98
804.5 39942.72 12844.80 32.16
805.7 39829.66 12883.70 32.35
806.9 39715.93 12925.21 32.54
808.1 39632.97 12967.58 32.72
809.4 39553.39 13022.63 32.92
810.6 39489.45 13081.25 33.13
811.8 39474.39 13157.83 33.33
813.0 39504.71 13241.96 33.52
814.2 39525.61 13338.44 33.75
815.4 39644.33 13450.65 33.93
816.6 39709.73 13537.88 34.09
817.9 39791.57 13615.30 34.22
819.1 39719.87 13669.35 34.41
820.3 39621.11 13693.44 34.56
821.5 39546.25 13750.93 34.77
822.7 39480.04 13808.79 34.98
823.9 39499.25 13885.39 35.15
825.1 39541.96 13958.34 35.30
826.3 39583.35 14042.68 35.48
827.5 39640.56 14142.73 35.68
828.7 39708.48 14243.62 35.87
829.9 39767.03 14333.87 36.04
831.0 39870.82 14443.00 36.22
832.2 39993.87 14556.25 36.40
833.4 40076.64 14665.61 36.59
834.6 40148.44 14787.19 36.83
835.8 40238.10 14894.15 37.02
837.0 40328.28 15012.86 37.23
838.1 40500.72 15149.11 37.40
839.3 40601.19 15252.84 37.57
840.5 40716.87 15374.70 37.76
841.7 40854.11 15523.46 38.00
842.9 40980.73 15675.04 38.25
844.0 41100.82 15786.67 38.41
845.2 41245.09 15926.02 38.61
846.4 41368.25 16060.55 38.82
847.5 41564.18 16219.04 39.02
848.7 41743.64 16362.65 39.20
849.9 41936.76 16494.05 39.33
851.0 42020.98 16581.32 39.46
852.2 42107.61 16667.52 39.58
853.3 42066.96 16724.57 39.76
854.5 42098.11 16792.54 39.89
855.6 42095.43 16851.44 40.03
856.8 42111.00 16946.50 40.24
857.9 42111.88 17014.01 40.40
859.1 42240.60 17116.96 40.52
860.2 42245.56 17185.85 40.68
861.4 42273.83 17273.75 40.86
862.5 42309.54 17355.18 41.02
863.7 42384.63 17448.10 41.17
864.8 42387.10 17517.43 41.33
865.9 42333.82 17565.09 41.49
867.1 42372.33 17639.16 41.63
868.2 42368.54 17687.16 41.75
869.3 42393.50 17761.67 41.90
870.5 42342.80 17801.14 42.04
871.6 42318.48 17875.22 42.24
872.7 42385.23 17975.23 42.41
873.9 42404.90 18028.25 42.51
875.0 42391.36 18071.91 42.63
876.1 42363.75 18134.77 42.81
877.2 42397.32 18191.76 42.91
878.3 42381.77 18246.22 43.05
879.4 42397.70 18335.81 43.25
880.5 42451.56 18414.72 43.38
881.7 42410.55 18451.42 43.51
882.8 42454.72 18505.02 43.59
883.9 42482.63 18576.41 43.73
885.0 42446.04 18573.69 43.76
886.1 42420.10 18616.17 43.89
887.2 42295.80 18592.19 43.96
888.3 42201.80 18603.68 44.08
889.4 42117.30 18570.84 44.09
890.5 42026.34 18600.73 44.26
891.6 41981.69 18627.85 44.37
892.7 41962.31 18661.37 44.47
893.8 41981.79 18718.73 44.59
894.9 41952.35 18793.19 44.80
896.0 41968.71 18824.89 44.85
897.0 41952.48 18876.77 45.00
898.1 41951.64 18939.07 45.15
899.2 41983.30 18984.48 45.22
900.3 41907.57 18977.19 45.28
901.4 41820.39 19007.73 45.45
902.4 41828.99 19055.53 45.56
903.5 41775.96 19075.85 45.66
904.6 41798.96 19125.55 45.76
905.7 41805.42 19166.97 45.85
906.7 41815.90 19212.19 45.94
907.8 41839.20 19273.15 46.06
908.9 41746.38 19289.24 46.21
909.9 41734.69 19323.89 46.30
911.0 41681.88 19334.51 46.39
912.1 41602.05 19333.64 46.47
913.1 41535.52 19362.82 46.62
914.2 41457.24 19364.58 46.71
915.2 41368.59 19382.60 46.85
916.3 41436.15 19430.67 46.89
917.3 41410.15 19475.60 47.03
918.4 41310.50 19450.53 47.08
919.4 41328.17 19464.10 47.10
920.5 41309.67 19517.50 47.25
921.5 41323.66 19570.85 47.36
922.6 41255.80 19573.60 47.44
923.6 41303.54 19624.77 47.51
924.7 41344.50 19683.25 47.61
925.7 41333.16 19723.93 47.72
926.7 41356.90 19752.58 47.76
927.8 41415.30 19815.51 47.85
928.8 41570.85 19898.06 47.87
929.9 41658.93 19971.41 47.94
930.9 41879.39 20115.35 48.03
931.9 42070.56 20244.15 48.12
932.9 42412.10 20438.30 48.19
934.0 42452.50 20465.79 48.21
935.0 42440.57 20534.54 48.38
936.0 42488.02 20588.98 48.46
937.0 42429.47 20621.17 48.60
938.1 42380.86 20645.74 48.71
939.1 42337.65 20689.33 48.87
940.1 42429.30 20754.54 48.92
941.1 42615.86 20887.18 49.01
942.1 42903.92 21025.79 49.01
943.1 43057.09 21136.65 49.09
944.1 43342.63 21312.59 49.17
945.2 43356.60 21352.80 49.25
946.2 43482.48 21453.64 49.34
947.2 43549.00 21498.98 49.37
948.2 43743.16 21625.46 49.44
949.2 43840.88 21699.44 49.50
950.2 43906.25 21760.64 49.56
951.2 44010.96 21831.26 49.60
952.2 44061.91 21895.85 49.69
953.2 44318.14 22015.63 49.68
954.2 44380.80 22102.97 49.80
955.2 44428.35 22165.02 49.89
956.2 44460.20 22161.22 49.85
957.2 44542.35 22226.47 49.90
958.2 44649.94 22311.92 49.97
959.2 44705.25 22397.58 50.10
960.1 44813.66 22456.19 50.11
961.1 44928.76 22553.16 50.20
962.1 44958.75 22579.13 50.22
963.1 44986.01 22635.29 50.32
964.1 45106.16 22745.46 50.43
965.1 45270.70 22834.85 50.44
966.1 45207.41 22879.12 50.61
967.0 45355.66 22924.64 50.54
968.0 45441.48 22974.35 50.56
969.0 45453.60 23060.64 50.73
970.0 45557.64 23114.32 50.74
971.0 45615.57 23154.12 50.76
971.9 45699.86 23192.39 50.75
972.9 45781.93 23249.94 50.78
973.9 45829.88 23246.15 50.72
974.9 45973.78 23291.23 50.66
975.8 45979.65 23307.71 50.69
976.8 46106.16 23284.06 50.50
977.8 46097.80 23332.43 50.62
978.8 46103.70 23303.82 50.55
979.7 46387.55 23358.79 50.36
980.7 46405.76 23413.63 50.45
981.7 46694.84 23530.02 50.39
982.6 46857.76 23582.51 50.33
983.6 47433.79 23700.81 49.97
984.6 47818.98 23873.26 49.92
985.5 48063.24 24038.50 50.01
986.5 48770.77 24424.91 50.08
987.5 50043.63 24691.86 49.34
988.4 50895.90 25010.48 49.14
989.4 52431.75 25391.95 48.43
990.4 53425.02 25690.72 48.09
991.3 55387.31 26313.23 47.51
992.3 55950.90 26488.64 47.34
993.2 58118.31 26658.13 45.87
994.2 59457.94 27628.97 46.47
995.2 60710.63 27809.39 45.81
996.1 61737.77 27812.56 45.05
997.1 61885.85 28076.63 45.37
998.0 61668.00 27682.08 44.89
999.0 61787.86 27605.80 44.68
1000.0 62252.49 27901.12 44.82
1000.9 62564.91 27229.51 43.52
1001.9 61626.12 27164.15 44.08
1002.8 61885.09 26844.75 43.38
1003.8 61970.58 27144.86 43.80
1004.8 62064.96 26651.42 42.94
961.5 55881.62 24750.34 44.29
965.5 54589.44 24309.36 44.53
969.5 52393.79 23715.76 45.26
973.4 50126.74 22899.62 45.68
977.4 48345.52 22149.75 45.82
981.4 47464.01 21943.26 46.23
985.3 47176.98 21897.04 46.41
989.3 47304.75 21923.87 46.35
993.3 47508.66 21974.80 46.25
997.2 47541.75 21951.36 46.17
1001.2 47520.33 21930.87 46.15
1005.2 47455.76 21981.39 46.32
1009.1 47529.68 22088.51 46.47
1013.1 47663.39 22251.33 46.68
1017.1 47785.75 22395.59 46.87
1021.0 47816.50 22439.21 46.93
1025.0 47819.30 22479.91 47.01
1029.0 47652.00 22456.01 47.13
1032.9 47495.63 22433.97 47.23
1036.9 47497.16 22489.56 47.35
1040.9 47608.97 22626.40 47.53
1044.8 47827.54 22802.60 47.68
1048.8 48004.98 22934.13 47.77
1052.7 48133.54 23049.12 47.89
1056.7 48188.20 23140.96 48.02
1060.7 48194.60 23195.44 48.13
1064.6 48198.22 23248.66 48.24
1068.6 48113.17 23237.41 48.30
1072.5 48026.55 23245.30 48.40
1076.5 47975.49 23283.91 48.53
1080.4 47966.69 23312.81 48.60
1084.4 48069.59 23386.82 48.65
1088.3 48170.15 23475.06 48.73
1092.3 48152.58 23501.40 48.81
1096.2 48142.77 23513.81 48.84
1100.2 48183.64 23543.67 48.86
1104.1 48079.94 23515.94 48.91
1108.1 48035.13 23512.31 48.95
1112.0 47943.86 23469.30 48.95
1116.0 47742.57 23357.82 48.92
1119.9 47581.47 23261.88 48.89
1123.9 47666.30 23272.87 48.82
1127.8 47639.04 23224.32 48.75
1131.8 47617.38 23180.04 48.68
1135.7 47659.94 23146.51 48.57
1139.6 47675.62 23075.82 48.40
1143.6 47638.82 22977.26 48.23
1147.5 47616.88 22860.45 48.01
1151.4 47500.80 22703.90 47.80
1155.4 47513.75 22646.40 47.66
1159.3 47522.52 22612.28 47.58
1163.2 47363.89 22505.74 47.52
1167.2 47347.50 22457.76 47.43
1171.1 47369.57 22438.40 47.37
1175.0 47314.40 22387.37 47.32
1179.0 47268.08 22346.30 47.28
1182.9 47358.68 22375.33 47.25
1186.8 47350.70 22352.79 47.21
1190.7 47139.70 22233.15 47.16
1194.7 46883.87 22096.34 47.13
1198.6 46652.76 21992.36 47.14
1202.5 46480.48 21925.99 47.17
1206.4 46340.80 21896.62 47.25
1210.3 46236.01 21891.39 47.35
1214.2 46114.66 21885.26 47.46
1218.2 45952.68 21868.79 47.59
1222.1 45800.88 21867.18 47.74
1226.0 45686.61 21881.96 47.90
1229.9 45598.02 21887.94 48.00
1233.8 45484.04 21882.56 48.11
1237.7 45416.66 21873.57 48.16
1241.6 45332.53 21852.18 48.20
1245.5 45166.97 21802.56 48.27
1249.4 45023.84 21773.65 48.36
1253.3 44894.25 21739.02 48.42
1257.2 44816.00 21716.40 48.46
1261.1 44716.86 21689.21 48.50
1265.0 44587.73 21629.00 48.51
1268.9 44400.64 21546.19 48.53
1272.8 44460.00 21603.00 48.59
1276.7 44653.74 21697.90 48.59
1280.6 44733.81 21728.74 48.57
1284.5 44649.07 21684.77 48.57
1288.4 44631.63 21663.43 48.54
1292.3 44511.50 21593.00 48.51
1296.2 44360.33 21500.31 48.47
1300.1 44197.71 21383.83 48.38
1303.9 43963.66 21218.00 48.26
1307.8 43715.49 21047.72 48.15
1311.7 43464.03 20862.73 48.00
1315.6 43214.30 20672.40 47.84
1319.5 42962.15 20466.89 47.64
1323.3 42734.84 20265.36 47.42
1327.2 42525.95 20051.45 47.15
1331.1 42285.13 19810.48 46.85
1335.0 41985.32 19532.57 46.52
1338.8 41775.29 19273.38 46.14
1342.7 41609.18 19006.54 45.68
1346.5 41242.98 18600.64 45.10
1350.4 40931.78 18189.16 44.44
1354.3 40517.39 17739.18 43.78
1358.1 40047.65 17313.44 43.23
1362.0 39764.09 17046.12 42.87
1365.8 39670.89 16927.33 42.67
1369.7 39786.92 16888.23 42.45
1373.5 39741.56 16664.02 41.93
1377.4 39487.75 16226.72 41.09
1381.2 39276.49 15768.50 40.15
1385.1 39242.56 15371.81 39.17
1389.0 39129.70 14886.16 38.04
1392.8 38925.66 14251.69 36.61
1396.6 38773.68 13583.33 35.03
1400.5 38560.99 12901.67 33.46
1404.3 38397.74 12252.82 31.91
1408.2 38363.03 11704.76 30.51
1412.0 38325.01 11224.74 29.29
1415.8 38359.09 10841.75 28.26
1419.6 38319.36 10514.21 27.44
1423.5 38299.37 10267.80 26.81
1427.3 38266.05 10083.79 26.35
1431.1 38248.58 9948.68 26.01
1434.9 38159.15 9825.60 25.75
1438.8 38104.90 9748.47 25.58
1442.6 38084.31 9725.91 25.54
1446.4 37958.74 9692.53 25.53
1450.2 37871.04 9669.98 25.53
1454.0 37772.76 9655.80 25.56
1457.8 37752.26 9689.80 25.67
1461.6 37732.17 9713.68 25.74
1465.4 37609.21 9725.07 25.86
1469.2 37426.03 9755.20 26.07
1473.0 37290.43 9811.59 26.31
1476.8 37245.30 9918.41 26.63
1480.7 37186.44 10032.16 26.98
1484.4 37061.40 10132.32 27.34
1488.2 36961.08 10255.44 27.75
1492.0 36836.53 10364.89 28.14
1495.8 36720.78 10465.00 28.50
1499.6 36605.30 10563.17 28.86
1503.4 36479.87 10639.20 29.16
1507.2 36356.05 10718.44 29.48
1510.9 36204.04 10824.66 29.90
1514.7 36047.88 10922.75 30.30
1518.5 35919.58 10997.81 30.62
1522.3 35781.38 11049.02 30.88
1526.0 35674.52 11109.75 31.14
1529.8 35609.17 11204.87 31.47
1533.6 35484.33 11266.46 31.75
1537.3 35352.32 11311.11 32.00
1541.1 35225.58 11354.18 32.23
1544.8 35097.60 11407.20 32.50
1548.6 34949.35 11455.06 32.78
1552.4 34850.72 11502.50 33.01
1556.1 34790.76 11558.36 33.22
1559.9 34705.82 11613.29 33.46
1563.6 34578.39 11660.71 33.72
1567.3 34459.02 11684.71 33.91
1571.1 34243.92 11670.16 34.08
1574.8 34100.68 11686.75 34.27
1578.6 34000.34 11701.20 34.41
1582.3 33854.52 11701.32 34.56
1586.0 33716.51 11706.86 34.72
1589.8 33582.95 11714.81 34.88
1593.5 33431.04 11716.96 35.05
1597.2 33294.67 11724.08 35.21
1600.9 33154.19 11719.43 35.35
1604.7 33000.40 11700.21 35.45
1608.4 32856.34 11700.38 35.61
1612.1 32695.22 11695.40 35.77
1615.8 32545.96 11678.72 35.88
1619.5 32465.11 11671.63 35.95
1623.2 32316.22 11654.79 36.06
1626.9 32130.25 11623.18 36.18
1630.6 31953.68 11572.44 36.22
1634.3 31816.04 11533.86 36.25
1638.0 31668.49 11486.00 36.27
1641.7 31487.82 11416.71 36.26
1645.4 31299.16 11340.38 36.23
1649.1 31105.38 11254.99 36.18
1652.8 30949.76 11167.49 36.08
1656.4 30780.36 11066.01 35.95
1660.1 30613.88 10971.49 35.84
1663.8 30416.03 10868.42 35.73
1667.5 30257.50 10791.86 35.67
1671.1 30134.40 10722.24 35.58
1674.8 29937.06 10643.15 35.55
1678.5 29873.87 10621.67 35.56
1682.1 29892.23 10604.73 35.48
1685.8 29901.92 10583.79 35.40
1689.5 29795.07 10508.26 35.27
1693.1 29653.44 10420.89 35.14
1696.8 29511.75 10324.13 34.98
1700.4 29358.15 10223.54 34.82
1704.0 29237.42 10122.94 34.62
1707.7 28983.16 9965.12 34.38
1711.3 28689.26 9804.07 34.17
1715.0 28479.20 9671.60 33.96
1718.6 28311.14 9560.04 33.77
1722.2 28171.19 9465.85 33.60
1725.9 28024.58 9381.74 33.48
1729.5 27888.80 9315.50 33.40
1733.1 27770.82 9272.14 33.39
1736.7 27655.67 9236.15 33.40
1740.3 27487.42 9172.85 33.37
1744.0 27395.86 9119.18 33.29
1747.5 27255.01 9037.98 33.16
1751.2 27041.09 8942.03 33.07
1754.8 26881.34 8865.05 32.98
1758.4 26750.86 8806.50 32.92
1762.0 26572.85 8738.96 32.89
1765.5 26446.23 8691.18 32.86
1769.1 26402.40 8680.80 32.88
1772.7 26328.38 8657.50 32.88
1776.3 26208.92 8618.57 32.88
1779.9 26081.92 8564.84 32.84
1783.5 26027.60 8533.68 32.79
1787.0 25897.14 8491.60 32.79
1790.6 25747.79 8431.94 32.75
1794.2 25651.68 8379.94 32.67
1797.8 25552.23 8331.80 32.61
1801.3 25471.95 8294.22 32.56
1804.9 25318.13 8239.88 32.55
1808.4 25235.40 8204.51 32.51
1812.0 25102.89 8139.57 32.42
1815.5 24947.72 8075.90 32.37
1819.1 24745.29 8000.23 32.33
1822.6 24588.72 7942.27 32.30
1826.2 24468.62 7900.78 32.29
1829.7 24298.19 7832.22 32.23
1833.2 24066.25 7732.94 32.13
1836.8 23846.10 7666.30 32.15
1840.3 23701.28 7660.62 32.32
1843.8 23605.26 7662.62 32.46
1847.3 23552.23 7677.12 32.60
1850.8 23482.37 7705.15 32.81
1854.3 23328.90 7688.45 32.96
1857.8 23249.20 7612.80 32.74
1861.3 23245.10 7463.15 32.11
1864.8 23154.55 7175.97 30.99
1868.3 22923.75 6772.09 29.54
1871.8 22725.12 6412.80 28.22
1875.3 22663.55 6118.39 27.00
1878.8 22668.35 5831.44 25.73
1882.3 22613.87 5475.27 24.21
1885.8 22446.65 5067.56 22.58
1889.3 22245.45 4662.62 20.96
1892.7 22073.02 4311.90 19.53
1896.2 21956.57 3993.86 18.19
1899.7 21800.31 3811.78 17.48
1903.1 21719.54 3751.44 17.27
1906.6 21807.87 3755.00 17.22
1910.0 22098.88 4023.66 18.21
1913.5 22634.73 4482.40 19.80
1917.0 23151.98 5058.73 21.85
1920.4 23436.08 5593.23 23.87
1923.8 23677.97 5960.13 25.17
1871.2 20787.15 5036.53 24.23
1873.9 20907.54 4950.37 23.68
1876.7 21048.38 4802.79 22.82
1879.5 21252.88 4662.96 21.94
1882.3 20993.42 4231.16 20.15
1885.1 20851.78 3930.72 18.85
1887.8 20921.79 3752.23 17.93
1890.6 20723.54 3375.96 16.29
1893.4 20650.67 3109.33 15.06
1896.2 20581.86 2805.68 13.63
1898.9 20516.13 2556.49 12.46
1901.7 20380.18 2345.46 11.51
1904.5 20546.36 2195.35 10.68
1907.2 20463.00 2142.25 10.47
1910.0 20358.58 2040.61 10.02
1912.7 20364.96 1953.63 9.59
1915.5 20273.08 1938.12 9.56
1918.2 20210.43 1889.36 9.35
1921.0 20079.87 1853.26 9.23
1923.7 20126.73 1877.61 9.33
1926.5 20096.89 1879.10 9.35
1929.2 20080.15 1875.90 9.34
1932.0 20066.00 1886.52 9.40
1934.7 20016.92 1901.01 9.50
1937.4 19925.11 1895.12 9.51
1940.2 19881.39 1930.05 9.71
1942.9 19959.98 1985.34 9.95
1945.6 19965.22 2005.28 10.04
1948.3 19894.11 2039.65 10.25
1951.1 19862.99 2043.79 10.29
1953.8 19866.00 2052.00 10.33
1956.5 19752.03 2093.51 10.60
1959.2 19805.76 2128.88 10.75
1961.9 19837.86 2193.28 11.06
1964.6 19745.08 2201.50 11.15
1967.3 19784.70 2242.80 11.34
1970.0 19621.84 2294.00 11.69
1972.8 19538.55 2341.57 11.98
1975.5 19602.81 2402.79 12.26
1978.2 19540.64 2411.92 12.34
1980.9 19419.73 2428.20 12.50
1983.5 19352.05 2457.54 12.70
1986.2 19366.05 2499.69 12.91
1988.9 19348.59 2552.07 13.19
1991.6 19202.00 2578.03 13.43
1994.3 19065.89 2567.73 13.47
1997.0 19096.32 2646.90 13.86
1999.7 19065.00 2682.14 14.07
2002.3 19034.90 2675.30 14.05
2005.0 18965.86 2761.60 14.56
2007.7 18877.00 2792.13 14.79
2010.4 18811.60 2772.21 14.74
2013.0 18774.16 2799.48 14.91
2015.7 18678.28 2830.30 15.15
2018.4 18548.96 2833.83 15.28
2021.0 18504.50 2881.50 15.57
2023.7 18401.60 2902.99 15.78
2026.4 18333.68 2881.45 15.72
2029.0 18267.40 2915.70 15.96
2031.7 18144.97 2915.25 16.07
2034.3 18142.15 2901.17 15.99
2037.0 18035.71 2924.79 16.22
2039.6 17974.39 2923.05 16.26
2042.3 17908.74 2926.28 16.34
2044.9 17825.78 2942.45 16.51
2047.5 17820.17 2928.42 16.43
2050.2 17715.60 2900.80 16.37
2052.8 17679.20 2926.00 16.55
2055.4 17538.43 2927.74 16.69
2058.1 17416.00 2881.20 16.54
2060.7 17404.47 2884.44 16.57
2063.3 17299.63 2886.99 16.69
2065.9 17230.17 2881.00 16.72
2068.6 17165.96 2889.38 16.83
2071.2 17119.44 2898.81 16.93
2073.8 17041.85 2882.28 16.91
2076.4 16999.98 2885.25 16.97
2079.0 17011.74 2888.68 16.98
2081.6 16984.09 2878.04 16.95
2084.2 16930.00 2892.21 17.08
2086.8 16834.24 2873.59 17.07
2089.4 16742.01 2848.01 17.01
2092.1 16637.33 2833.33 17.03
2094.7 16574.28 2836.30 17.11
2097.2 16549.50 2864.50 17.31
2099.8 16541.98 2863.75 17.31
2102.4 16400.35 2831.96 17.27
2105.0 16267.80 2807.25 17.26
2107.6 16238.35 2805.61 17.28
2110.2 16217.39 2799.04 17.26
2112.8 16200.74 2774.57 17.13
2115.3 16182.65 2805.84 17.34
2117.9 16188.40 2820.42 17.42
2120.5 16181.17 2789.66 17.24
2123.1 16113.83 2810.93 17.44
2125.6 16056.05 2796.56 17.42
2128.2 15953.26 2771.55 17.37
2130.8 15859.35 2793.38 17.61
2133.3 15825.33 2760.27 17.44
2135.9 15723.21 2718.10 17.29
2138.4 15584.92 2728.61 17.51
2141.0 15487.96 2723.84 17.59
2143.6 15482.13 2711.79 17.52
2146.1 15358.67 2694.45 17.54
2148.7 15182.57 2663.56 17.54
2151.2 15188.80 2692.80 17.73
2153.8 15199.37 2696.09 17.74
2156.3 15064.95 2708.21 17.98
2158.8 14994.07 2714.11 18.10
2161.4 14983.43 2712.47 18.10
2163.9 14894.98 2721.31 18.27
2166.4 14806.99 2681.70 18.11
2169.0 14777.42 2699.44 18.27
2171.5 14688.72 2711.26 18.46
2174.0 14586.43 2692.38 18.46
2176.5 14576.25 2708.94 18.58
2179.1 14537.32 2713.51 18.67
2181.6 14435.75 2707.08 18.75
2184.1 14405.16 2716.56 18.86
2186.6 14458.30 2717.80 18.80
2189.1 14358.33 2673.93 18.62
2191.6 14308.00 2704.80 18.90
2194.1 14339.64 2750.34 19.18
2196.6 14340.73 2724.13 19.00
2199.2 14399.84 2783.69 19.33
2201.7 14323.09 2765.05 19.30
2204.1 14264.18 2734.09 19.17
2206.6 14278.44 2767.66 19.38
2209.1 14246.74 2778.19 19.50
2211.6 14236.93 2759.83 19.39
2214.1 14172.61 2775.22 19.58
2216.6 14103.21 2829.76 20.06
2219.1 14137.40 2787.98 19.72
2221.6 14080.86 2778.87 19.74
2224.0 14024.61 2785.11 19.86
2226.5 13983.38 2720.58 19.46
2229.0 13981.89 2752.22 19.68
2231.5 13918.22 2734.62 19.65
2233.9 13896.33 2682.29 19.30
2236.4 13868.98 2682.70 19.34
2238.9 13826.00 2662.13 19.25
2241.3 13828.76 2642.93 19.11
2243.8 13758.80 2604.07 18.93
2246.2 13610.98 2550.85 18.74
2248.7 13571.61 2495.26 18.39
2251.2 13563.12 2505.85 18.48
2253.6 13482.24 2503.68 18.57
2256.1 13474.56 2423.04 17.98
2258.5 13495.78 2416.41 17.90
2260.9 13407.16 2412.22 17.99
2263.4 13372.75 2341.38 17.51
2265.8 13367.17 2334.93 17.47
2268.3 13288.30 2309.00 17.38
2270.7 13342.05 2295.32 17.20
2273.1 13272.94 2304.84 17.36
2275.6 13194.24 2265.60 17.17
2278.0 13232.60 2229.13 16.85
2280.4 13249.81 2205.10 16.64
2282.8 13117.21 2152.65 16.41
2285.3 13103.68 2115.25 16.14
2287.7 13191.09 2143.85 16.25
2290.1 13097.39 2079.45 15.88
2292.5 13047.88 2031.79 15.57
2294.9 13056.31 2039.06 15.62
2297.3 12972.40 2005.19 15.46
2299.7 12875.52 1989.96 15.46
2302.1 12826.01 1991.67 15.53
2304.5 12696.88 1936.48 15.25
2306.9 12602.80 1893.36 15.02
2309.3 12519.08 1923.90 15.37
2311.7 12473.65 1891.85 15.17
2314.1 12315.17 1839.20 14.93
2316.5 12229.76 1855.74 15.17
2318.9 12290.12 1880.18 15.30
2321.3 12265.32 1873.87 15.28
2323.7 12235.57 1848.91 15.11
2326.1 12214.93 1809.47 14.81
2328.4 12270.09 1838.89 14.99
2330.8 12319.08 1865.04 15.14
2333.2 12235.57 1816.19 14.84
2335.6 12168.54 1785.22 14.67
2337.9 12202.83 1782.01 14.60
2340.3 12141.58 1738.11 14.32
2342.7 12039.09 1739.22 14.45
2345.0 12013.82 1762.37 14.67
2347.4 11993.50 1721.25 14.35
2349.7 11798.34 1665.95 14.12
2352.1 11775.76 1706.76 14.49
2354.4 11820.42 1706.44 14.44
2356.8 11728.38 1648.97 14.06
2359.2 11704.33 1659.67 14.18
2361.5 11645.74 1649.34 14.16
2363.8 11633.53 1633.70 14.04
2366.2 11660.03 1632.93 14.00
2368.5 11627.85 1602.00 13.78
2370.9 11603.83 1614.87 13.92
2373.2 11533.95 1591.82 13.80
2375.5 11398.48 1533.98 13.46
2377.9 11373.04 1508.81 13.27
2380.2 11408.35 1548.60 13.57
2382.5 11308.30 1553.11 13.73
2384.8 11261.28 1484.80 13.19
2387.2 11252.00 1500.27 13.33
2389.5 11242.29 1482.60 13.19
2391.8 11232.13 1435.51 12.78
2394.1 11132.13 1468.29 13.19
2396.4 11089.46 1432.15 12.91
2398.7 11160.99 1388.43 12.44
2401.0 11096.58 1409.33 12.70
2403.3 10926.12 1374.48 12.58
2405.6 10921.36 1349.55 12.36
2407.9 10891.74 1347.69 12.37
2410.2 10793.71 1308.48 12.12
2412.5 10752.81 1260.25 11.72
2414.8 10737.29 1288.89 12.00
2417.1 10694.97 1285.26 12.02
2419.4 10638.82 1266.03 11.90
2421.7 10597.44 1219.55 11.51
2424.0 10571.95 1199.32 11.34
2426.2 10576.95 1230.50 11.63
2428.5 10508.39 1222.28 11.63
2430.8 10485.80 1204.45 11.49
2433.1 10443.79 1150.59 11.02
2435.4 10361.94 1180.55 11.39
2437.6 10328.37 1169.36 11.32
2439.9 10224.92 1117.39 10.93
2442.2 10193.49 1120.60 10.99
2444.4 10223.13 1114.21 10.90
2446.7 10173.28 1092.08 10.73
2448.9 10197.11 1000.76 9.81
2451.2 10173.72 1001.28 9.84
2453.4 10028.37 1018.51 10.16
2455.7 9998.26 979.15 9.79
2457.9 9908.42 995.12 10.04
2460.2 9870.17 967.91 9.81
2462.4 9896.64 936.00 9.46
2464.7 9834.69 958.87 9.75
2466.9 9751.98 924.48 9.48
2469.2 9722.50 887.99 9.13
2471.4 9624.29 912.54 9.48
2473.6 9553.77 890.44 9.32
2475.9 9536.85 873.76 9.16
2478.1 9427.70 826.63 8.77
2480.3 9377.37 828.44 8.83
2482.5 9321.43 872.10 9.36
2484.8 9240.44 764.58 8.27
2487.0 9258.33 740.67 8.00
2489.2 9302.30 768.91 8.27
2491.4 9183.58 760.82 8.28
2493.6 9147.34 776.00 8.48
2495.8 9177.35 752.24 8.20
2498.0 9103.79 729.60 8.01
2500.2 9132.70 758.25 8.30
2502.4 9403.92 790.32 8.40
2504.6 9512.07 854.49 8.98
2506.8 9585.80 954.68 9.96
