/*** Spectra Vista SIG Data ***/
name= \My Documents\HR1024_Data\AOHDB2.
instrument= HR: 1091052
integration= 200, 60, 30, 1000, 60, 30
scan time= 1, 1
scan settings= AD, AI, AD, AI
external data set1= 8224, 8224, 8224, 8224, 8224, 8224, 8224, 8224, 8224, 8224, 8224, 8224, 8224, 8224, 8224, 8224
external data set2= 8224, 8224, 8224, 8224, 8224, 8224, 8224, 8224, 8224, 8224, 8224, 8224, 8224, 8224, 8224, 8224
external data dark= 0,0,0,0,0,0,0,0
external data mask= 0
optic= LENS4 , LENS4 
temp= 33.31, 8.94, -5.30, 47.24, 8.94, -5.10
battery= 7.5, 6.5
error= 0, 0
units= Radiance, Radiance
time= 1/1/08 1:10:44 PM, 1/1/08 2:06:20 PM
longitude= , 
latitude= , 
gpstime= , 
comm= 
memory slot= 0, 0
factors= 
data= 
346.4 509.60 79.63 15.63
347.9 536.51 77.81 14.50
349.5 577.20 79.87 13.84
351.1 620.88 84.24 13.57
352.6 679.94 87.92 12.93
354.2 723.22 90.32 12.49
355.7 777.89 95.64 12.29
357.3 842.60 101.94 12.10
358.8 838.80 103.45 12.33
360.4 904.00 109.04 12.06
361.9 943.76 110.05 11.66
363.5 997.20 114.26 11.46
365.1 1040.25 117.90 11.33
366.6 1087.54 116.69 10.73
368.2 1161.70 119.53 10.29
369.7 1204.79 118.85 9.86
371.3 1287.37 123.80 9.62
372.8 1354.56 124.17 9.17
374.4 1435.13 136.84 9.53
375.9 1463.02 138.36 9.46
377.4 1512.41 137.91 9.12
379.0 1578.52 134.30 8.51
380.5 1618.77 139.72 8.63
382.1 1669.58 141.25 8.46
383.6 1726.52 137.21 7.95
385.2 1809.50 141.35 7.81
386.7 1900.67 151.08 7.95
388.3 1991.93 157.62 7.91
389.8 2077.97 160.31 7.71
391.3 2163.95 171.00 7.90
392.9 2236.17 172.98 7.74
394.4 2293.88 180.42 7.87
395.9 2364.42 188.40 7.97
397.5 2493.56 200.91 8.06
399.0 2617.23 203.32 7.77
400.6 2691.33 204.33 7.59
402.1 2739.96 205.88 7.51
403.6 2797.88 204.27 7.30
405.1 2865.39 201.99 7.05
406.7 2979.20 212.80 7.14
408.2 3089.54 218.74 7.08
409.7 3183.04 224.45 7.05
411.3 3295.62 234.09 7.10
412.8 3391.47 243.16 7.17
414.3 3507.27 253.07 7.22
415.8 3622.50 261.00 7.20
417.4 3739.34 268.69 7.19
418.9 3830.42 280.32 7.32
420.4 3913.23 282.15 7.21
421.9 3978.48 287.01 7.21
423.5 4044.22 290.01 7.17
425.0 4110.68 291.73 7.10
426.5 4198.95 297.13 7.08
428.0 4314.36 305.00 7.07
429.5 4445.73 312.45 7.03
431.1 4599.50 322.37 7.01
432.6 4769.72 334.13 7.01
434.1 4937.63 350.35 7.10
435.6 5085.18 355.65 6.99
437.1 5233.80 369.72 7.06
438.6 5364.45 379.64 7.08
440.1 5501.44 388.57 7.06
441.6 5653.06 399.70 7.07
443.1 5799.60 410.67 7.08
444.7 5941.01 422.51 7.11
446.2 6051.88 433.21 7.16
447.7 6161.82 444.01 7.21
449.2 6292.08 455.76 7.24
450.7 6396.00 460.93 7.21
452.2 6529.70 466.10 7.14
453.7 6647.26 474.57 7.14
455.2 6815.62 486.45 7.14
456.7 7013.60 500.90 7.14
458.2 7232.90 519.01 7.18
459.7 7456.75 535.15 7.18
461.2 7667.16 551.74 7.20
462.7 7858.10 568.50 7.23
464.2 8041.02 583.40 7.26
465.7 8240.35 597.05 7.25
467.2 8402.63 612.15 7.29
468.7 8584.00 628.80 7.33
470.2 8698.25 642.31 7.38
471.7 8877.75 662.15 7.46
473.2 9159.71 692.82 7.56
474.6 9386.40 698.53 7.44
476.1 9450.96 694.51 7.35
477.6 9499.75 700.39 7.37
479.1 9557.87 708.16 7.41
480.6 9632.82 716.76 7.44
482.1 9760.73 727.21 7.45
483.6 9935.74 741.96 7.47
485.1 10133.78 760.91 7.51
486.6 10366.07 776.63 7.49
488.0 10621.00 797.55 7.51
489.5 10873.80 819.77 7.54
491.0 11134.31 841.40 7.56
492.5 11404.80 865.08 7.59
494.0 11683.71 887.81 7.60
495.4 11917.95 911.13 7.65
496.9 12154.26 933.86 7.68
498.4 12387.41 956.94 7.73
499.9 12623.63 978.98 7.76
501.4 12839.71 999.54 7.78
502.8 13042.06 1024.15 7.85
504.3 13226.40 1044.36 7.90
505.8 13406.54 1065.43 7.95
507.2 13518.16 1084.48 8.02
508.7 13603.31 1096.99 8.06
510.2 13672.60 1113.69 8.15
511.6 13715.26 1127.98 8.22
513.1 13806.21 1140.70 8.26
514.6 13898.29 1156.05 8.32
516.0 13992.63 1172.17 8.38
517.5 14151.40 1195.78 8.45
519.0 14339.95 1216.45 8.48
520.5 14520.56 1243.78 8.57
521.9 14760.83 1271.62 8.61
523.4 15031.28 1303.75 8.67
524.8 15295.25 1337.42 8.74
526.3 15594.01 1371.92 8.80
527.8 15909.50 1409.31 8.86
529.2 16189.50 1445.77 8.93
530.7 16509.28 1484.23 8.99
532.1 16791.25 1520.86 9.06
533.6 17121.20 1562.79 9.13
535.0 17454.94 1606.72 9.20
536.5 17789.22 1645.61 9.25
538.0 18136.88 1690.59 9.32
539.4 18461.69 1737.64 9.41
540.9 18864.39 1790.96 9.49
542.3 19206.33 1843.30 9.60
543.8 19460.81 1883.54 9.68
545.2 19544.37 1908.93 9.77
546.6 19566.05 1927.11 9.85
548.1 19604.97 1946.84 9.93
549.5 19640.65 1968.75 10.02
551.0 19664.79 1990.13 10.12
552.4 19724.92 2014.59 10.21
553.9 19761.60 2036.30 10.30
555.3 19812.20 2060.37 10.40
556.8 19934.49 2090.43 10.49
558.2 20047.50 2122.88 10.59
559.6 20200.16 2156.51 10.68
561.1 20397.00 2195.70 10.76
562.5 20617.77 2239.01 10.86
564.0 20901.40 2287.16 10.94
565.4 21161.13 2334.85 11.03
566.8 21482.31 2389.54 11.12
568.3 21793.28 2442.72 11.21
569.7 22118.60 2498.77 11.30
571.1 22425.71 2553.44 11.39
572.6 22741.56 2607.55 11.47
574.0 23030.70 2664.75 11.57
575.4 23309.44 2718.23 11.66
576.9 23581.06 2773.73 11.76
578.3 23822.01 2822.11 11.85
579.7 24048.22 2870.06 11.93
581.1 24227.75 2916.53 12.04
582.6 24429.78 2956.90 12.10
584.0 24600.48 3003.19 12.21
585.4 24853.74 3059.26 12.31
586.8 25196.68 3139.76 12.46
588.3 25573.86 3224.52 12.61
589.7 25896.78 3294.25 12.72
591.1 26104.75 3353.26 12.85
592.5 26211.06 3395.11 12.95
594.0 26269.26 3429.01 13.05
595.4 26286.44 3454.86 13.14
596.8 26295.56 3489.06 13.27
598.2 26315.92 3521.59 13.38
599.6 26317.98 3555.02 13.51
601.0 26398.05 3594.76 13.62
602.4 26470.93 3639.93 13.75
603.9 26597.64 3685.82 13.86
605.3 26727.57 3735.43 13.98
606.7 26857.80 3782.52 14.08
608.1 27088.39 3839.73 14.17
609.5 27333.21 3905.19 14.29
610.9 27623.29 3974.40 14.39
612.3 27891.32 4041.10 14.49
613.7 28252.28 4126.90 14.61
615.1 28513.62 4196.45 14.72
616.5 28776.05 4268.66 14.83
617.9 29165.50 4360.08 14.95
619.3 29543.24 4446.49 15.05
620.7 29990.55 4542.03 15.14
622.1 30437.05 4667.97 15.34
623.5 30934.60 4813.13 15.56
624.9 31494.75 4962.72 15.76
626.3 31867.36 5066.24 15.90
627.7 31569.69 5074.81 16.07
629.1 31287.59 5091.64 16.27
630.5 31184.65 5108.89 16.38
631.9 31222.21 5138.97 16.46
633.3 31256.33 5167.59 16.53
634.7 31400.48 5217.42 16.62
636.1 31461.82 5259.73 16.72
637.5 31554.77 5276.06 16.72
638.9 31702.82 5291.37 16.69
640.2 31825.04 5338.63 16.77
641.6 31863.78 5356.26 16.81
643.0 31847.61 5356.71 16.82
644.4 31829.55 5378.69 16.90
645.8 31751.71 5408.47 17.03
647.2 31867.94 5459.69 17.13
648.5 31926.34 5486.30 17.18
649.9 31776.23 5465.97 17.20
651.3 31648.05 5456.49 17.24
652.7 31449.15 5460.06 17.36
654.1 31244.46 5460.71 17.48
655.5 31005.95 5468.15 17.64
656.8 30780.41 5470.42 17.77
658.2 30925.42 5537.26 17.91
659.6 31264.45 5636.77 18.03
660.9 31536.04 5715.79 18.12
662.3 31822.64 5798.25 18.22
663.7 32096.40 5882.10 18.33
665.0 32332.90 5959.28 18.43
666.4 32562.99 6032.28 18.52
667.8 32863.56 6116.91 18.61
669.1 33114.69 6197.99 18.72
670.5 33405.09 6292.94 18.84
671.9 33586.56 6362.35 18.94
673.2 33844.75 6442.16 19.03
674.6 34082.18 6530.79 19.16
676.0 34372.41 6633.66 19.30
677.3 34659.68 6730.40 19.42
678.7 34979.63 6834.43 19.54
680.0 35399.92 6964.37 19.67
681.4 35845.89 7100.44 19.81
682.8 36270.33 7236.78 19.95
684.1 36705.24 7377.55 20.10
685.5 37104.21 7515.50 20.26
686.8 37507.62 7670.28 20.45
688.2 37862.83 7814.31 20.64
689.5 38000.96 7922.20 20.85
690.9 38124.79 8021.59 21.04
692.2 38229.60 8106.96 21.21
693.6 38334.37 8195.25 21.38
694.9 38335.34 8258.11 21.54
696.2 38393.33 8338.48 21.72
697.6 38453.39 8412.77 21.88
698.9 38522.88 8492.35 22.04
700.3 38613.54 8580.85 22.22
701.6 38716.02 8668.00 22.39
703.0 38828.83 8753.29 22.54
704.3 38882.19 8841.66 22.74
705.6 38895.39 8913.49 22.92
707.0 38949.12 8986.13 23.07
708.3 38885.46 9048.24 23.27
709.6 38817.35 9094.56 23.43
711.0 38702.88 9137.02 23.61
712.3 38573.15 9177.87 23.79
713.6 38531.64 9242.77 23.99
714.9 38462.14 9302.25 24.19
716.3 38461.08 9369.40 24.36
717.6 38479.84 9458.62 24.58
718.9 38424.85 9523.23 24.78
720.2 38251.08 9556.15 24.98
721.6 38113.53 9598.50 25.18
722.9 37945.16 9631.53 25.38
724.2 37714.27 9642.24 25.57
725.5 37534.96 9665.39 25.75
726.8 37360.68 9699.05 25.96
728.1 37271.09 9744.81 26.15
729.5 37167.13 9792.52 26.35
730.8 37093.13 9839.12 26.53
732.1 36996.92 9884.45 26.72
733.4 36936.39 9940.09 26.91
734.7 36864.47 9991.94 27.10
736.0 36851.62 10061.44 27.30
737.3 36774.45 10102.59 27.47
738.6 36845.76 10187.04 27.65
739.9 37000.34 10286.43 27.80
741.2 37119.81 10385.47 27.98
742.5 37372.03 10514.88 28.14
743.8 37768.50 10675.67 28.27
745.1 38387.22 10908.24 28.42
746.4 39127.73 11197.82 28.62
747.7 39918.22 11527.24 28.88
749.0 40672.12 11860.70 29.16
750.3 41122.66 12122.22 29.48
751.6 41047.35 12234.23 29.81
752.9 40630.59 12199.32 30.02
754.2 40176.47 12132.69 30.20
755.4 39652.21 12051.78 30.39
756.7 39478.17 12052.11 30.53
758.0 39495.60 12099.79 30.64
759.3 39730.28 12236.50 30.80
760.6 40061.56 12401.31 30.96
761.9 40384.10 12567.27 31.12
763.1 40567.56 12699.47 31.30
764.4 40796.65 12837.54 31.47
765.7 40953.25 12957.10 31.64
767.0 41079.80 13079.22 31.84
768.2 41207.04 13189.34 32.01
769.5 41279.98 13294.08 32.20
770.8 41469.61 13428.52 32.38
772.0 41501.32 13517.79 32.57
773.3 41583.65 13626.25 32.77
774.6 41708.58 13729.27 32.92
775.8 41815.15 13848.19 33.12
777.1 41846.51 13936.92 33.30
778.4 41799.94 13998.03 33.49
779.6 41775.90 14056.82 33.65
780.9 41704.00 14107.20 33.83
782.1 41523.21 14136.46 34.04
783.4 41558.40 14198.91 34.17
784.6 41567.36 14260.96 34.31
785.9 41861.56 14411.15 34.43
787.1 42409.87 14676.10 34.61
788.4 42854.47 14984.53 34.97
789.6 42849.18 15151.69 35.36
790.9 42483.96 15145.55 35.65
792.1 42011.92 15066.51 35.86
793.4 41570.15 14993.82 36.07
794.6 41283.15 14965.55 36.25
795.8 41024.39 14947.88 36.44
797.1 40758.68 14925.48 36.62
798.3 40551.64 14918.39 36.79
799.5 40444.72 14944.15 36.95
800.8 40323.21 14972.80 37.13
802.0 40187.32 15008.21 37.35
803.2 40033.64 15029.00 37.54
804.5 39942.72 15076.21 37.74
805.7 39829.66 15113.29 37.94
806.9 39715.93 15151.51 38.15
808.1 39632.97 15187.28 38.32
809.4 39553.39 15242.37 38.54
810.6 39489.45 15282.54 38.70
811.8 39474.39 15343.48 38.87
813.0 39504.71 15402.87 38.99
814.2 39525.61 15489.05 39.19
815.4 39644.33 15622.48 39.41
816.6 39709.73 15737.98 39.63
817.9 39791.57 15843.56 39.82
819.1 39719.87 15934.33 40.12
820.3 39621.11 15985.54 40.35
821.5 39546.25 16025.07 40.52
822.7 39480.04 16070.46 40.71
823.9 39499.25 16156.74 40.90
825.1 39541.96 16234.02 41.06
826.3 39583.35 16313.03 41.21
827.5 39640.56 16405.56 41.39
828.7 39708.48 16511.76 41.58
829.9 39767.03 16597.26 41.74
831.0 39870.82 16701.91 41.89
832.2 39993.87 16821.28 42.06
833.4 40076.64 16910.91 42.20
834.6 40148.44 17019.38 42.39
835.8 40238.10 17118.68 42.54
837.0 40328.28 17220.21 42.70
838.1 40500.72 17350.71 42.84
839.3 40601.19 17463.82 43.01
840.5 40716.87 17571.51 43.16
841.7 40854.11 17683.30 43.28
842.9 40980.73 17810.56 43.46
844.0 41100.82 17930.12 43.62
845.2 41245.09 18044.79 43.75
846.4 41368.25 18174.09 43.93
847.5 41564.18 18332.42 44.11
848.7 41743.64 18492.81 44.30
849.9 41936.76 18664.78 44.51
851.0 42020.98 18796.19 44.73
852.2 42107.61 18909.26 44.91
853.3 42066.96 18991.04 45.14
854.5 42098.11 19065.40 45.29
855.6 42095.43 19134.40 45.45
856.8 42111.00 19208.55 45.61
857.9 42111.88 19257.28 45.73
859.1 42240.60 19360.12 45.83
860.2 42245.56 19427.81 45.99
861.4 42273.83 19517.66 46.17
862.5 42309.54 19592.06 46.31
863.7 42384.63 19682.04 46.44
864.8 42387.10 19745.18 46.58
865.9 42333.82 19763.43 46.68
867.1 42372.33 19848.16 46.84
868.2 42368.54 19913.35 47.00
869.3 42393.50 19979.76 47.13
870.5 42342.80 20011.26 47.26
871.6 42318.48 20058.28 47.40
872.7 42385.23 20144.22 47.53
873.9 42404.90 20192.24 47.62
875.0 42391.36 20237.38 47.74
876.1 42363.75 20283.76 47.88
877.2 42397.32 20342.57 47.98
878.3 42381.77 20412.70 48.16
879.4 42397.70 20482.08 48.31
880.5 42451.56 20542.68 48.39
881.7 42410.55 20611.24 48.60
882.8 42454.72 20689.78 48.73
883.9 42482.63 20767.54 48.88
885.0 42446.04 20832.63 49.08
886.1 42420.10 20879.89 49.22
887.2 42295.80 20876.70 49.36
888.3 42201.80 20898.57 49.52
889.4 42117.30 20931.78 49.70
890.5 42026.34 20942.03 49.83
891.6 41981.69 20959.27 49.92
892.7 41962.31 20995.63 50.03
893.8 41981.79 21037.23 50.11
894.9 41952.35 21084.82 50.26
896.0 41968.71 21130.28 50.35
897.0 41952.48 21177.51 50.48
898.1 41951.64 21216.37 50.57
899.2 41983.30 21274.65 50.67
900.3 41907.57 21275.86 50.77
901.4 41820.39 21296.72 50.92
902.4 41828.99 21339.70 51.02
903.5 41775.96 21367.16 51.15
904.6 41798.96 21386.40 51.16
905.7 41805.42 21446.74 51.30
906.7 41815.90 21472.56 51.35
907.8 41839.20 21549.13 51.50
908.9 41746.38 21549.53 51.62
909.9 41734.69 21600.51 51.76
911.0 41681.88 21596.12 51.81
912.1 41602.05 21585.86 51.89
913.1 41535.52 21607.56 52.02
914.2 41457.24 21596.28 52.09
915.2 41368.59 21628.35 52.28
916.3 41436.15 21651.72 52.25
917.3 41410.15 21692.09 52.38
918.4 41310.50 21680.89 52.48
919.4 41328.17 21708.30 52.53
920.5 41309.67 21723.99 52.59
921.5 41323.66 21790.36 52.73
922.6 41255.80 21806.49 52.86
923.6 41303.54 21846.92 52.89
924.7 41344.50 21893.45 52.95
925.7 41333.16 21930.68 53.06
926.7 41356.90 22027.76 53.26
927.8 41415.30 22091.86 53.34
928.8 41570.85 22187.53 53.37
929.9 41658.93 22277.63 53.48
930.9 41879.39 22410.27 53.51
931.9 42070.56 22534.51 53.56
932.9 42412.10 22725.25 53.58
934.0 42452.50 22797.57 53.70
935.0 42440.57 22860.41 53.86
936.0 42488.02 22844.27 53.77
937.0 42429.47 22864.57 53.89
938.1 42380.86 22879.45 53.99
939.1 42337.65 22912.57 54.12
940.1 42429.30 23000.44 54.21
941.1 42615.86 23128.70 54.27
942.1 42903.92 23277.84 54.26
943.1 43057.09 23396.68 54.34
944.1 43342.63 23560.08 54.36
945.2 43356.60 23602.66 54.44
946.2 43482.48 23714.84 54.54
947.2 43549.00 23791.45 54.63
948.2 43743.16 23893.53 54.62
949.2 43840.88 23959.16 54.65
950.2 43906.25 24028.31 54.73
951.2 44010.96 24101.78 54.76
952.2 44061.91 24188.29 54.90
953.2 44318.14 24292.91 54.81
954.2 44380.80 24415.47 55.01
955.2 44428.35 24441.74 55.01
956.2 44460.20 24496.94 55.10
957.2 44542.35 24541.40 55.10
958.2 44649.94 24637.37 55.18
959.2 44705.25 24695.28 55.24
960.1 44813.66 24750.48 55.23
961.1 44928.76 24795.24 55.19
962.1 44958.75 24855.56 55.29
963.1 44986.01 24922.90 55.40
964.1 45106.16 24997.97 55.42
965.1 45270.70 25056.18 55.35
966.1 45207.41 25098.18 55.52
967.0 45355.66 25218.72 55.60
968.0 45441.48 25269.29 55.61
969.0 45453.60 25320.48 55.71
970.0 45557.64 25356.89 55.66
971.0 45615.57 25414.39 55.71
971.9 45699.86 25450.22 55.69
972.9 45781.93 25556.25 55.82
973.9 45829.88 25618.52 55.90
974.9 45973.78 25720.54 55.95
975.8 45979.65 25805.37 56.12
976.8 46106.16 25899.84 56.17
977.8 46097.80 25963.86 56.32
978.8 46103.70 25993.77 56.38
979.7 46387.55 26057.70 56.17
980.7 46405.76 26157.42 56.37
981.7 46694.84 26225.63 56.16
982.6 46857.76 26357.49 56.25
983.6 47433.79 26595.08 56.07
984.6 47818.98 26674.78 55.78
985.5 48063.24 26885.16 55.94
986.5 48770.77 27412.81 56.21
987.5 50043.63 27698.14 55.35
988.4 50895.90 28168.80 55.35
989.4 52431.75 28687.66 54.71
990.4 53425.02 29398.36 55.03
991.3 55387.31 30028.44 54.22
992.3 55950.90 30792.56 55.03
993.2 58118.31 31819.21 54.75
994.2 59457.94 32486.81 54.64
995.2 60710.63 33348.88 54.93
996.1 61737.77 33680.70 54.55
997.1 61885.85 34069.79 55.05
998.0 61668.00 33985.92 55.11
999.0 61787.86 34182.05 55.32
1000.0 62252.49 34501.38 55.42
1000.9 62564.91 34548.42 55.22
1001.9 61626.12 34299.80 55.66
1002.8 61885.09 33953.17 54.86
1003.8 61970.58 34127.46 55.07
1004.8 62064.96 33953.18 54.71
961.5 55881.62 27070.68 48.44
965.5 54589.44 26441.76 48.44
969.5 52393.79 25713.56 49.08
973.4 50126.74 25063.37 50.00
977.4 48345.52 24660.06 51.01
981.4 47464.01 24525.94 51.67
985.3 47176.98 24480.10 51.89
989.3 47304.75 24494.46 51.78
993.3 47508.66 24431.86 51.43
997.2 47541.75 24287.07 51.09
1001.2 47520.33 24218.35 50.96
1005.2 47455.76 24259.42 51.12
1009.1 47529.68 24388.74 51.31
1013.1 47663.39 24564.79 51.54
1017.1 47785.75 24707.99 51.71
1021.0 47816.50 24754.91 51.77
1025.0 47819.30 24805.99 51.87
1029.0 47652.00 24795.29 52.03
1032.9 47495.63 24784.50 52.18
1036.9 47497.16 24861.02 52.34
1040.9 47608.97 24992.79 52.50
1044.8 47827.54 25164.77 52.62
1048.8 48004.98 25311.54 52.73
1052.7 48133.54 25412.39 52.80
1056.7 48188.20 25464.54 52.84
1060.7 48194.60 25528.57 52.97
1064.6 48198.22 25592.01 53.10
1068.6 48113.17 25576.62 53.16
1072.5 48026.55 25564.90 53.23
1076.5 47975.49 25584.58 53.33
1080.4 47966.69 25592.62 53.35
1084.4 48069.59 25671.79 53.41
1088.3 48170.15 25763.67 53.48
1092.3 48152.58 25759.14 53.49
1096.2 48142.77 25777.40 53.54
1100.2 48183.64 25831.43 53.61
1104.1 48079.94 25784.01 53.63
1108.1 48035.13 25767.75 53.64
1112.0 47943.86 25708.10 53.62
1116.0 47742.57 25609.94 53.64
1119.9 47581.47 25529.52 53.65
1123.9 47666.30 25548.77 53.60
1127.8 47639.04 25512.96 53.55
1131.8 47617.38 25481.28 53.51
1135.7 47659.94 25470.28 53.44
1139.6 47675.62 25403.49 53.28
1143.6 47638.82 25294.58 53.10
1147.5 47616.88 25202.32 52.93
1151.4 47500.80 25045.54 52.73
1155.4 47513.75 24981.16 52.58
1159.3 47522.52 24942.96 52.49
1163.2 47363.89 24804.36 52.37
1167.2 47347.50 24737.52 52.25
1171.1 47369.57 24696.26 52.14
1175.0 47314.40 24620.88 52.04
1179.0 47268.08 24574.68 51.99
1182.9 47358.68 24589.88 51.92
1186.8 47350.70 24555.31 51.86
1190.7 47139.70 24401.81 51.76
1194.7 46883.87 24252.08 51.73
1198.6 46652.76 24147.59 51.76
1202.5 46480.48 24074.38 51.79
1206.4 46340.80 24024.74 51.84
1210.3 46236.01 23989.77 51.89
1214.2 46114.66 23993.63 52.03
1218.2 45952.68 23977.62 52.18
1222.1 45800.88 23943.53 52.28
1226.0 45686.61 23933.69 52.39
1229.9 45598.02 23929.50 52.48
1233.8 45484.04 23914.58 52.58
1237.7 45416.66 23891.81 52.61
1241.6 45332.53 23849.28 52.61
1245.5 45166.97 23793.40 52.68
1249.4 45023.84 23753.35 52.76
1253.3 44894.25 23707.47 52.81
1257.2 44816.00 23652.89 52.78
1261.1 44716.86 23587.52 52.75
1265.0 44587.73 23526.54 52.76
1268.9 44400.64 23433.99 52.78
1272.8 44460.00 23472.60 52.79
1276.7 44653.74 23567.73 52.78
1280.6 44733.81 23619.18 52.80
1284.5 44649.07 23570.40 52.79
1288.4 44631.63 23532.94 52.73
1292.3 44511.50 23465.75 52.72
1296.2 44360.33 23370.25 52.68
1300.1 44197.71 23253.07 52.61
1303.9 43963.66 23086.61 52.51
1307.8 43715.49 22900.33 52.38
1311.7 43464.03 22702.34 52.23
1315.6 43214.30 22493.11 52.05
1319.5 42962.15 22281.48 51.86
1323.3 42734.84 22076.52 51.66
1327.2 42525.95 21867.49 51.42
1331.1 42285.13 21657.57 51.22
1335.0 41985.32 21394.22 50.96
1338.8 41775.29 21130.82 50.58
1342.7 41609.18 20860.78 50.14
1346.5 41242.98 20431.54 49.54
1350.4 40931.78 19998.20 48.86
1354.3 40517.39 19545.62 48.24
1358.1 40047.65 19133.90 47.78
1362.0 39764.09 18875.58 47.47
1365.8 39670.89 18762.30 47.29
1369.7 39786.92 18738.96 47.10
1373.5 39741.56 18513.05 46.58
1377.4 39487.75 18080.55 45.79
1381.2 39276.49 17683.99 45.02
1385.1 39242.56 17338.06 44.18
1389.0 39129.70 16861.64 43.09
1392.8 38925.66 16259.86 41.77
1396.6 38773.68 15639.89 40.34
1400.5 38560.99 14989.87 38.87
1404.3 38397.74 14385.35 37.46
1408.2 38363.03 13875.47 36.17
1412.0 38325.01 13416.05 35.01
1415.8 38359.09 13071.21 34.08
1419.6 38319.36 12772.33 33.33
1423.5 38299.37 12533.31 32.72
1427.3 38266.05 12346.98 32.27
1431.1 38248.58 12196.95 31.89
1434.9 38159.15 12070.40 31.63
1438.8 38104.90 11996.33 31.48
1442.6 38084.31 11950.82 31.38
1446.4 37958.74 11905.33 31.36
1450.2 37871.04 11889.85 31.40
1454.0 37772.76 11878.80 31.45
1457.8 37752.26 11890.06 31.49
1461.6 37732.17 11906.43 31.56
1465.4 37609.21 11915.54 31.68
1469.2 37426.03 11932.38 31.88
1473.0 37290.43 11977.02 32.12
1476.8 37245.30 12068.84 32.40
1480.7 37186.44 12172.14 32.73
1484.4 37061.40 12266.40 33.10
1488.2 36961.08 12373.56 33.48
1492.0 36836.53 12466.07 33.84
1495.8 36720.78 12560.28 34.20
1499.6 36605.30 12646.17 34.55
1503.4 36479.87 12716.70 34.86
1507.2 36356.05 12789.84 35.18
1510.9 36204.04 12844.33 35.48
1514.7 36047.88 12892.88 35.77
1518.5 35919.58 12965.07 36.09
1522.3 35781.38 13027.13 36.41
1526.0 35674.52 13083.60 36.67
1529.8 35609.17 13163.69 36.97
1533.6 35484.33 13231.04 37.29
1537.3 35352.32 13291.94 37.60
1541.1 35225.58 13324.64 37.83
1544.8 35097.60 13310.40 37.92
1548.6 34949.35 13301.33 38.06
1552.4 34850.72 13353.93 38.32
1556.1 34790.76 13428.52 38.60
1559.9 34705.82 13492.58 38.88
1563.6 34578.39 13526.52 39.12
1567.3 34459.02 13541.74 39.30
1571.1 34243.92 13518.47 39.48
1574.8 34100.68 13522.36 39.65
1578.6 34000.34 13525.63 39.78
1582.3 33854.52 13507.41 39.90
1586.0 33716.51 13508.65 40.07
1589.8 33582.95 13514.50 40.24
1593.5 33431.04 13508.85 40.41
1597.2 33294.67 13512.83 40.59
1600.9 33154.19 13492.85 40.70
1604.7 33000.40 13468.82 40.81
1608.4 32856.34 13454.35 40.95
1612.1 32695.22 13425.56 41.06
1615.8 32545.96 13396.61 41.16
1619.5 32465.11 13389.96 41.24
1623.2 32316.22 13366.32 41.36
1626.9 32130.25 13308.89 41.42
1630.6 31953.68 13254.34 41.48
1634.3 31816.04 13228.88 41.58
1638.0 31668.49 13190.58 41.65
1641.7 31487.82 13136.54 41.72
1645.4 31299.16 13071.24 41.76
1649.1 31105.38 12988.36 41.76
1652.8 30949.76 12912.70 41.72
1656.4 30780.36 12824.95 41.67
1660.1 30613.88 12738.27 41.61
1663.8 30416.03 12629.21 41.52
1667.5 30257.50 12551.45 41.48
1671.1 30134.40 12478.91 41.41
1674.8 29937.06 12378.90 41.35
1678.5 29873.87 12344.03 41.32
1682.1 29892.23 12323.02 41.22
1685.8 29901.92 12294.43 41.12
1689.5 29795.07 12209.62 40.98
1693.1 29653.44 12094.11 40.78
1696.8 29511.75 11979.50 40.59
1700.4 29358.15 11855.21 40.38
1704.0 29237.42 11742.33 40.16
1707.7 28983.16 11581.80 39.96
1711.3 28689.26 11390.76 39.70
1715.0 28479.20 11242.48 39.48
1718.6 28311.14 11115.04 39.26
1722.2 28171.19 11004.56 39.06
1725.9 28024.58 10911.59 38.94
1729.5 27888.80 10844.44 38.88
1733.1 27770.82 10797.90 38.88
1736.7 27655.67 10752.32 38.88
1740.3 27487.42 10679.31 38.85
1744.0 27395.86 10621.47 38.77
1747.5 27255.01 10537.14 38.66
1751.2 27041.09 10420.82 38.54
1754.8 26881.34 10334.21 38.44
1758.4 26750.86 10255.97 38.34
1762.0 26572.85 10172.36 38.28
1765.5 26446.23 10122.19 38.27
1769.1 26402.40 10106.40 38.28
1772.7 26328.38 10073.78 38.26
1776.3 26208.92 10019.27 38.23
1779.9 26081.92 9964.93 38.21
1783.5 26027.60 9932.40 38.16
1787.0 25897.14 9868.55 38.11
1790.6 25747.79 9787.88 38.01
1794.2 25651.68 9740.70 37.97
1797.8 25552.23 9686.65 37.91
1801.3 25471.95 9641.54 37.85
1804.9 25318.13 9568.13 37.79
1808.4 25235.40 9512.32 37.69
1812.0 25102.89 9437.34 37.59
1815.5 24947.72 9360.26 37.52
1819.1 24745.29 9296.18 37.57
1822.6 24588.72 9243.86 37.59
1826.2 24468.62 9172.06 37.49
1829.7 24298.19 9075.05 37.35
1833.2 24066.25 8967.74 37.26
1836.8 23846.10 8882.97 37.25
1840.3 23701.28 8853.08 37.35
1843.8 23605.26 8825.39 37.39
1847.3 23552.23 8817.87 37.44
1850.8 23482.37 8793.79 37.45
1854.3 23328.90 8719.94 37.38
1857.8 23249.20 8647.60 37.20
1861.3 23245.10 8508.94 36.61
1864.8 23154.55 8240.31 35.59
1868.3 22923.75 7910.57 34.51
1871.8 22725.12 7626.24 33.56
1875.3 22663.55 7394.66 32.63
1878.8 22668.35 7099.81 31.32
1882.3 22613.87 6728.55 29.75
1885.8 22446.65 6320.40 28.16
1889.3 22245.45 5913.77 26.58
1892.7 22073.02 5542.60 25.11
1896.2 21956.57 5228.67 23.81
1899.7 21800.31 5013.20 23.00
1903.1 21719.54 4954.49 22.81
1906.6 21807.87 5038.76 23.11
1910.0 22098.88 5295.39 23.96
1913.5 22634.73 5790.93 25.58
1917.0 23151.98 6351.10 27.43
1920.4 23436.08 6887.53 29.39
1923.8 23677.97 7260.52 30.66
1871.2 20787.15 6055.29 29.13
1873.9 20907.54 6024.21 28.81
1876.7 21048.38 5801.29 27.56
1879.5 21252.88 5608.79 26.39
1882.3 20993.42 5385.94 25.66
1885.1 20851.78 5025.46 24.10
1887.8 20921.79 4725.34 22.59
1890.6 20723.54 4490.88 21.67
1893.4 20650.67 4143.33 20.06
1896.2 20581.86 3782.17 18.38
1898.9 20516.13 3526.41 17.19
1901.7 20380.18 3344.77 16.41
1904.5 20546.36 3226.90 15.71
1907.2 20463.00 3101.75 15.16
1910.0 20358.58 3004.72 14.76
1912.7 20364.96 2934.44 14.41
1915.5 20273.08 2901.53 14.31
1918.2 20210.43 2866.25 14.18
1921.0 20079.87 2829.75 14.09
1923.7 20126.73 2851.43 14.17
1926.5 20096.89 2830.04 14.08
1929.2 20080.15 2815.45 14.02
1932.0 20066.00 2866.12 14.28
1934.7 20016.92 2873.41 14.35
1937.4 19925.11 2862.84 14.37
1940.2 19881.39 2892.01 14.55
1942.9 19959.98 2923.20 14.65
1945.6 19965.22 2947.52 14.76
1948.3 19894.11 2978.25 14.97
1951.1 19862.99 3016.02 15.18
1953.8 19866.00 3066.00 15.43
1956.5 19752.03 3069.88 15.54
1959.2 19805.76 3121.56 15.76
1961.9 19837.86 3176.68 16.01
1964.6 19745.08 3174.33 16.08
1967.3 19784.70 3233.67 16.34
1970.0 19621.84 3241.20 16.52
1972.8 19538.55 3282.90 16.80
1975.5 19602.81 3371.52 17.20
1978.2 19540.64 3366.76 17.23
1980.9 19419.73 3384.32 17.43
1983.5 19352.05 3452.19 17.84
1986.2 19366.05 3480.36 17.97
1988.9 19348.59 3535.65 18.27
1991.6 19202.00 3568.69 18.59
1994.3 19065.89 3555.54 18.65
1997.0 19096.32 3607.05 18.89
1999.7 19065.00 3647.02 19.13
2002.3 19034.90 3679.26 19.33
2005.0 18965.86 3719.53 19.61
2007.7 18877.00 3741.00 19.82
2010.4 18811.60 3768.60 20.03
2013.0 18774.16 3795.23 20.22
2015.7 18678.28 3804.99 20.37
2018.4 18548.96 3829.50 20.65
2021.0 18504.50 3847.67 20.79
2023.7 18401.60 3827.31 20.80
2026.4 18333.68 3850.38 21.00
2029.0 18267.40 3871.67 21.19
2031.7 18144.97 3861.65 21.28
2034.3 18142.15 3864.47 21.30
2037.0 18035.71 3850.92 21.35
2039.6 17974.39 3865.52 21.51
2042.3 17908.74 3883.93 21.69
2044.9 17825.78 3890.54 21.83
2047.5 17820.17 3890.54 21.83
2050.2 17715.60 3855.60 21.76
2052.8 17679.20 3858.40 21.82
2055.4 17538.43 3894.32 22.20
2058.1 17416.00 3875.20 22.25
2060.7 17404.47 3848.72 22.11
2063.3 17299.63 3834.45 22.16
2065.9 17230.17 3849.71 22.34
2068.6 17165.96 3830.17 22.31
2071.2 17119.44 3827.88 22.36
2073.8 17041.85 3833.72 22.50
2076.4 16999.98 3828.29 22.52
2079.0 17011.74 3835.65 22.55
2081.6 16984.09 3831.76 22.56
2084.2 16930.00 3845.93 22.72
2086.8 16834.24 3815.42 22.66
2089.4 16742.01 3795.46 22.67
2092.1 16637.33 3799.50 22.84
2094.7 16574.28 3819.40 23.04
2097.2 16549.50 3793.83 22.92
2099.8 16541.98 3797.45 22.96
2102.4 16400.35 3804.38 23.20
2105.0 16267.80 3770.55 23.18
2107.6 16238.35 3756.95 23.14
2110.2 16217.39 3756.68 23.16
2112.8 16200.74 3771.01 23.28
2115.3 16182.65 3778.65 23.35
2117.9 16188.40 3783.77 23.37
2120.5 16181.17 3801.16 23.49
2123.1 16113.83 3787.88 23.51
2125.6 16056.05 3765.84 23.45
2128.2 15953.26 3760.77 23.57
2130.8 15859.35 3761.55 23.72
2133.3 15825.33 3751.73 23.71
2135.9 15723.21 3747.68 23.84
2138.4 15584.92 3742.27 24.01
2141.0 15487.96 3714.05 23.98
2143.6 15482.13 3682.17 23.78
2146.1 15358.67 3661.16 23.84
2148.7 15182.57 3620.91 23.85
2151.2 15188.80 3640.27 23.97
2153.8 15199.37 3696.83 24.32
2156.3 15064.95 3653.27 24.25
2158.8 14994.07 3638.51 24.27
2161.4 14983.43 3644.14 24.32
2163.9 14894.98 3617.61 24.29
2166.4 14806.99 3624.87 24.48
2169.0 14777.42 3639.66 24.63
2171.5 14688.72 3616.00 24.62
2174.0 14586.43 3605.70 24.72
2176.5 14576.25 3605.94 24.74
2179.1 14537.32 3610.99 24.84
2181.6 14435.75 3607.42 24.99
2184.1 14405.16 3585.12 24.89
2186.6 14458.30 3596.53 24.88
2189.1 14358.33 3604.83 25.11
2191.6 14308.00 3603.13 25.18
2194.1 14339.64 3607.33 25.16
2196.6 14340.73 3603.86 25.13
2199.2 14399.84 3634.84 25.24
2201.7 14323.09 3660.46 25.56
2204.1 14264.18 3661.34 25.67
2206.6 14278.44 3662.86 25.65
2209.1 14246.74 3629.82 25.48
2211.6 14236.93 3604.91 25.32
2214.1 14172.61 3634.39 25.64
2216.6 14103.21 3676.79 26.07
2219.1 14137.40 3650.20 25.82
2221.6 14080.86 3601.11 25.57
2224.0 14024.61 3608.07 25.73
2226.5 13983.38 3591.92 25.69
2229.0 13981.89 3578.27 25.59
2231.5 13918.22 3546.58 25.48
2233.9 13896.33 3536.62 25.45
2236.4 13868.98 3528.04 25.44
2238.9 13826.00 3464.25 25.06
2241.3 13828.76 3443.59 24.90
2243.8 13758.80 3400.83 24.72
2246.2 13610.98 3333.93 24.49
2248.7 13571.61 3316.73 24.44
2251.2 13563.12 3301.42 24.34
2253.6 13482.24 3283.20 24.35
2256.1 13474.56 3217.92 23.88
2258.5 13495.78 3188.58 23.63
2260.9 13407.16 3179.22 23.71
2263.4 13372.75 3135.92 23.45
2265.8 13367.17 3088.87 23.11
2268.3 13288.30 3063.27 23.05
2270.7 13342.05 3066.83 22.99
2273.1 13272.94 3033.49 22.85
2275.6 13194.24 2979.84 22.58
2278.0 13232.60 2963.21 22.39
2280.4 13249.81 2982.46 22.51
2282.8 13117.21 2880.52 21.96
2285.3 13103.68 2857.93 21.81
2287.7 13191.09 2866.27 21.73
2290.1 13097.39 2763.38 21.10
2292.5 13047.88 2761.96 21.17
2294.9 13056.31 2774.07 21.25
2297.3 12972.40 2713.13 20.91
2299.7 12875.52 2629.59 20.42
2302.1 12826.01 2663.41 20.77
2304.5 12696.88 2649.92 20.87
2306.9 12602.80 2587.20 20.53
2309.3 12519.08 2586.10 20.66
2311.7 12473.65 2610.13 20.93
2314.1 12315.17 2548.10 20.69
2316.5 12229.76 2541.30 20.78
2318.9 12290.12 2589.68 21.07
2321.3 12265.32 2531.51 20.64
2323.7 12235.57 2511.81 20.53
2326.1 12214.93 2522.78 20.65
2328.4 12270.09 2497.96 20.36
2330.8 12319.08 2482.63 20.15
2333.2 12235.57 2458.65 20.09
2335.6 12168.54 2424.57 19.92
2337.9 12202.83 2441.40 20.01
2340.3 12141.58 2397.25 19.74
2342.7 12039.09 2344.34 19.47
2345.0 12013.82 2352.65 19.58
2347.4 11993.50 2346.00 19.56
2349.7 11798.34 2310.97 19.59
2352.1 11775.76 2285.68 19.41
2354.4 11820.42 2269.52 19.20
2356.8 11728.38 2244.67 19.14
2359.2 11704.33 2244.67 19.18
2361.5 11645.74 2225.30 19.11
2363.8 11633.53 2187.05 18.80
2366.2 11660.03 2233.15 19.15
2368.5 11627.85 2216.10 19.06
2370.9 11603.83 2169.57 18.70
2373.2 11533.95 2198.87 19.06
2375.5 11398.48 2181.05 19.13
2377.9 11373.04 2156.09 18.96
2380.2 11408.35 2167.13 19.00
2382.5 11308.30 2127.49 18.81
2384.8 11261.28 2060.16 18.29
2387.2 11252.00 2058.18 18.29
2389.5 11242.29 2063.37 18.35
2391.8 11232.13 2029.67 18.07
2394.1 11132.13 2010.50 18.06
2396.4 11089.46 2003.07 18.06
2398.7 11160.99 1997.38 17.90
2401.0 11096.58 1992.84 17.96
2403.3 10926.12 1932.24 17.68
2405.6 10921.36 1914.36 17.53
2407.9 10891.74 1918.83 17.62
2410.2 10793.71 1854.93 17.19
2412.5 10752.81 1864.97 17.34
2414.8 10737.29 1833.20 17.07
2417.1 10694.97 1842.72 17.23
2419.4 10638.82 1813.08 17.04
2421.7 10597.44 1734.70 16.37
2424.0 10571.95 1764.63 16.69
2426.2 10576.95 1754.80 16.59
2428.5 10508.39 1698.22 16.16
2430.8 10485.80 1667.70 15.90
2433.1 10443.79 1681.63 16.10
2435.4 10361.94 1695.29 16.36
2437.6 10328.37 1644.93 15.93
2439.9 10224.92 1589.05 15.54
2442.2 10193.49 1592.73 15.63
2444.4 10223.13 1602.39 15.67
2446.7 10173.28 1600.16 15.73
2448.9 10197.11 1551.48 15.21
2451.2 10173.72 1501.92 14.76
2453.4 10028.37 1488.59 14.84
2455.7 9998.26 1490.01 14.90
2457.9 9908.42 1428.57 14.42
2460.2 9870.17 1424.12 14.43
2462.4 9896.64 1435.20 14.50
2464.7 9834.69 1381.53 14.05
2466.9 9751.98 1367.46 14.02
2469.2 9722.50 1374.11 14.13
2471.4 9624.29 1378.65 14.32
2473.6 9553.77 1352.39 14.16
2475.9 9536.85 1327.57 13.92
2478.1 9427.70 1291.19 13.70
2480.3 9377.37 1273.99 13.59
2482.5 9321.43 1272.40 13.65
2484.8 9240.44 1274.29 13.79
2487.0 9258.33 1155.44 12.48
2489.2 9302.30 1213.67 13.05
2491.4 9183.58 1260.34 13.72
2493.6 9147.34 1152.24 12.60
2495.8 9177.35 1211.51 13.20
2498.0 9103.79 1159.25 12.73
2500.2 9132.70 1162.65 12.73
2502.4 9403.92 1287.60 13.69
2504.6 9512.07 1258.26 13.23
2506.8 9585.80 1227.45 12.80
