/*** Spectra Vista SIG Data ***/
name= \My Documents\HR1024_Data\GD4T6.
instrument= HR: 1091052
integration= 0, 0, 0, 500, 60, 1
scan time= 0, 1
scan settings= , , AD, AI
external data set1= 0, 0, 0, 0, 0, 0, 0, 0, 0, 0, 0, 0, 0, 0, 0, 0
external data set2= 8224, 8224, 8224, 8224, 8224, 8224, 8224, 8224, 8224, 8224, 8224, 8224, 8224, 8224, 8224, 8224
external data dark= 0,0,0,0,0,0,0,0
external data mask= 0
optic= , LENS4 
temp= 0.00, 0.00, 0.00, 34.19, 8.88, -5.37
battery= 0.0, 6.3
error= 0, 0
units= Radiance, Radiance
time= , 2/3/08 10:05:22 AM
longitude= , 
latitude= , 
gpstime= , 
comm= 
memory slot= 2, 0
factors= 
data= 
346.4 1.00 105.74 10574.20
347.9 1.00 114.21 11420.50
349.5 1.00 101.09 10108.80
351.1 1.00 109.82 10982.40
352.6 1.00 122.71 12270.50
354.2 1.00 119.12 11911.90
355.7 1.00 121.23 12123.00
357.3 1.00 119.28 11928.20
358.8 1.00 116.03 11603.40
360.4 1.00 136.48 13647.90
361.9 1.00 135.12 13512.10
363.5 1.00 130.19 13019.00
365.1 1.00 134.54 13453.90
366.6 1.00 132.58 13257.60
368.2 1.00 143.70 14370.10
369.7 1.00 133.21 13321.20
371.3 1.00 138.29 13828.50
372.8 1.00 138.11 13811.20
374.4 1.00 140.18 14017.50
375.9 1.00 145.64 14564.00
377.4 1.00 139.21 13920.70
379.0 1.00 143.85 14384.90
380.5 1.00 142.80 14279.60
382.1 1.00 145.39 14538.60
383.6 1.00 128.14 12814.20
385.2 1.00 138.60 13860.00
386.7 1.00 141.87 14187.30
388.3 1.00 151.09 15109.30
389.8 1.00 155.92 15591.60
391.3 1.00 155.96 15596.00
392.9 1.00 153.63 15363.00
394.4 1.00 167.37 16736.70
395.9 1.00 172.07 17207.20
397.5 1.00 178.30 17829.60
399.0 1.00 186.64 18663.60
400.6 1.00 189.04 18904.40
402.1 1.00 178.54 17853.60
403.6 1.00 174.54 17453.80
405.1 1.00 171.83 17183.20
406.7 1.00 186.37 18636.80
408.2 1.00 189.78 18978.30
409.7 1.00 193.54 19353.60
411.3 1.00 204.71 20471.40
412.8 1.00 219.94 21993.60
414.3 1.00 218.32 21831.70
415.8 1.00 232.00 23200.00
417.4 1.00 244.90 24490.40
418.9 1.00 240.86 24085.60
420.4 1.00 250.25 25024.70
421.9 1.00 256.52 25652.00
423.5 1.00 261.52 26152.00
425.0 1.00 265.21 26520.50
426.5 1.00 270.90 27090.00
428.0 1.00 270.11 27010.90
429.5 1.00 275.71 27571.00
431.1 1.00 281.74 28173.60
432.6 1.00 294.53 29452.70
434.1 1.00 301.84 30184.00
435.6 1.00 308.83 30882.60
437.1 1.00 319.02 31902.00
438.6 1.00 326.19 32619.00
440.1 1.00 336.23 33623.20
441.6 1.00 342.03 34202.70
443.1 1.00 359.64 35964.00
444.7 1.00 365.79 36579.00
446.2 1.00 378.90 37890.00
447.7 1.00 397.84 39784.30
449.2 1.00 414.72 41472.00
450.7 1.00 435.14 43513.60
452.2 1.00 443.30 44330.40
453.7 1.00 456.69 45668.50
455.2 1.00 468.14 46813.60
456.7 1.00 487.17 48716.80
458.2 1.00 501.18 50118.30
459.7 1.00 522.20 52220.00
461.2 1.00 542.91 54291.40
462.7 1.00 557.76 55776.40
464.2 1.00 570.23 57022.80
465.7 1.00 588.78 58878.40
467.2 1.00 595.21 59521.00
468.7 1.00 616.80 61680.00
470.2 1.00 629.39 62939.10
471.7 1.00 642.20 64220.00
473.2 1.00 686.85 68685.40
474.6 1.00 701.81 70181.30
476.1 1.00 705.54 70553.60
477.6 1.00 703.13 70313.40
479.1 1.00 702.18 70218.00
480.6 1.00 712.42 71241.60
482.1 1.00 727.56 72756.00
483.6 1.00 737.84 73783.80
485.1 1.00 767.62 76762.40
486.6 1.00 786.85 78684.60
488.0 1.00 812.50 81250.00
489.5 1.00 843.68 84367.60
491.0 1.00 883.01 88300.50
492.5 1.00 922.75 92275.20
494.0 1.00 967.92 96792.00
495.4 1.00 1018.38 101838.00
496.9 1.00 1074.81 107481.20
498.4 1.00 1137.36 113736.00
499.9 1.00 1208.43 120843.30
501.4 1.00 1278.74 127873.60
502.8 1.00 1356.32 135631.70
504.3 1.00 1437.84 143784.00
505.8 1.00 1532.18 153217.60
507.2 1.00 1624.32 162432.20
508.7 1.00 1714.31 171430.80
510.2 1.00 1810.21 181021.20
511.6 1.00 1910.64 191063.60
513.1 1.00 2017.36 201735.60
514.6 1.00 2133.74 213373.80
516.0 1.00 2254.51 225450.60
517.5 1.00 2374.94 237494.40
519.0 1.00 2512.31 251230.90
520.5 1.00 2644.34 264433.60
521.9 1.00 2786.40 278640.00
523.4 1.00 2928.42 292842.00
524.8 1.00 3076.17 307616.80
526.3 1.00 3225.17 322516.50
527.8 1.00 3371.36 337136.40
529.2 1.00 3501.06 350106.00
530.7 1.00 3641.80 364180.00
532.1 1.00 3770.55 377055.00
533.6 1.00 3893.75 389375.40
535.0 1.00 4023.56 402355.80
536.5 1.00 4145.84 414584.10
538.0 1.00 4262.91 426291.20
539.4 1.00 4370.37 437036.60
540.9 1.00 4500.77 450076.70
542.3 1.00 4625.96 462596.20
543.8 1.00 4730.63 473063.40
545.2 1.00 4776.07 477606.80
546.6 1.00 4805.64 480564.30
548.1 1.00 4840.90 484090.20
549.5 1.00 4867.75 486775.10
551.0 1.00 4893.66 489365.80
552.4 1.00 4918.56 491856.30
553.9 1.00 4936.82 493682.00
555.3 1.00 4954.72 495471.60
556.8 1.00 4975.96 497595.80
558.2 1.00 4995.00 499500.00
559.6 1.00 5022.28 502227.80
561.1 1.00 5053.10 505310.00
562.5 1.00 5084.41 508441.20
564.0 1.00 5130.33 513032.80
565.4 1.00 5163.46 516346.10
566.8 1.00 5199.21 519921.20
568.3 1.00 5225.73 522573.20
569.7 1.00 5247.57 524757.00
571.1 1.00 5264.72 526472.10
572.6 1.00 5275.37 527536.80
574.0 1.00 5280.00 528000.00
575.4 1.00 5291.33 529132.50
576.9 1.00 5289.67 528966.90
578.3 1.00 5293.86 529386.00
579.7 1.00 5283.78 528378.20
581.1 1.00 5286.55 528654.70
582.6 1.00 5277.92 527791.60
584.0 1.00 5274.56 527456.00
585.4 1.00 5282.97 528297.20
586.8 1.00 5328.36 532836.20
588.3 1.00 5377.32 537732.00
589.7 1.00 5430.67 543067.20
591.1 1.00 5430.01 543000.90
592.5 1.00 5425.48 542547.50
594.0 1.00 5417.69 541768.80
595.4 1.00 5391.58 539157.60
596.8 1.00 5371.08 537108.00
598.2 1.00 5349.27 534927.20
599.6 1.00 5323.21 532321.20
601.0 1.00 5295.02 529501.90
602.4 1.00 5288.26 528826.00
603.9 1.00 5266.99 526698.90
605.3 1.00 5248.55 524855.20
606.7 1.00 5229.36 522936.00
608.1 1.00 5206.33 520632.70
609.5 1.00 5193.67 519367.00
610.9 1.00 5185.47 518546.50
612.3 1.00 5164.59 516459.20
613.7 1.00 5153.54 515353.60
615.1 1.00 5115.31 511531.20
616.5 1.00 5092.99 509298.60
617.9 1.00 5094.03 509402.70
619.3 1.00 5097.48 509748.00
620.7 1.00 5116.97 511696.60
622.1 1.00 5205.62 520562.00
623.5 1.00 5344.60 534459.60
624.9 1.00 5497.80 549780.00
626.3 1.00 5619.82 561981.90
627.7 1.00 5596.32 559632.00
629.1 1.00 5561.26 556126.20
630.5 1.00 5529.21 552921.30
631.9 1.00 5470.57 547057.10
633.3 1.00 5391.83 539182.80
634.7 1.00 5336.54 533653.90
636.1 1.00 5255.36 525536.20
637.5 1.00 5157.11 515710.80
638.9 1.00 5034.86 503486.00
640.2 1.00 4867.90 486790.20
641.6 1.00 4689.36 468936.00
643.0 1.00 4498.25 449825.00
644.4 1.00 4336.87 433686.60
645.8 1.00 4199.65 419964.60
647.2 1.00 4116.01 411600.80
648.5 1.00 4048.14 404814.00
649.9 1.00 3960.68 396068.40
651.3 1.00 3876.00 387600.00
652.7 1.00 3811.74 381174.00
654.1 1.00 3728.38 372837.60
655.5 1.00 3629.44 362943.70
656.8 1.00 3519.31 351930.60
658.2 1.00 3446.56 344655.90
659.6 1.00 3381.28 338127.90
660.9 1.00 3300.28 330027.80
662.3 1.00 3212.62 321261.60
663.7 1.00 3131.52 313152.00
665.0 1.00 3032.12 303212.00
666.4 1.00 2960.38 296038.40
667.8 1.00 2896.73 289672.80
669.1 1.00 2849.91 284991.20
670.5 1.00 2818.65 281865.00
671.9 1.00 2785.01 278500.80
673.2 1.00 2777.93 277792.80
674.6 1.00 2782.47 278247.00
676.0 1.00 2806.17 280616.50
677.3 1.00 2849.20 284920.00
678.7 1.00 2914.65 291465.00
680.0 1.00 3020.61 302060.80
681.4 1.00 3166.59 316659.00
682.8 1.00 3363.36 336336.00
684.1 1.00 3628.87 362887.20
685.5 1.00 3948.75 394874.90
686.8 1.00 4334.52 433452.00
688.2 1.00 4805.80 480580.10
689.5 1.00 5312.81 531280.50
690.9 1.00 5867.07 586707.30
692.2 1.00 6463.74 646374.00
693.6 1.00 7099.62 709962.00
694.9 1.00 7756.93 775693.10
696.2 1.00 8436.29 843628.50
697.6 1.00 9106.13 910613.00
698.9 1.00 9778.56 977856.00
700.3 1.00 10425.82 1042581.60
701.6 1.00 11056.47 1105646.80
703.0 1.00 11644.82 1164482.20
704.3 1.00 12206.94 1220693.50
705.6 1.00 12702.31 1270231.20
707.0 1.00 13184.77 1318477.30
708.3 1.00 13626.41 1362641.20
709.6 1.00 14012.90 1401289.90
711.0 1.00 14381.80 1438179.60
712.3 1.00 14698.81 1469880.50
713.6 1.00 15050.45 1505044.80
714.9 1.00 15337.46 1533745.50
716.3 1.00 15635.38 1563538.00
717.6 1.00 15946.98 1594698.00
718.9 1.00 16179.84 1617983.50
720.2 1.00 16358.75 1635874.80
721.6 1.00 16521.54 1652154.40
722.9 1.00 16652.02 1665201.60
724.2 1.00 16733.27 1673326.60
725.5 1.00 16824.81 1682480.70
726.8 1.00 16897.56 1689756.20
728.1 1.00 16983.06 1698306.30
729.5 1.00 17044.57 1704456.60
730.8 1.00 17117.04 1711704.00
732.1 1.00 17155.38 1715538.40
733.4 1.00 17211.70 1721169.60
734.7 1.00 17241.90 1724190.10
736.0 1.00 17309.71 1730970.80
737.3 1.00 17341.40 1734139.50
738.6 1.00 17434.32 1743432.10
739.9 1.00 17572.33 1757233.20
741.2 1.00 17686.03 1768603.20
742.5 1.00 17854.13 1785412.80
743.8 1.00 18101.16 1810116.00
745.1 1.00 18446.16 1844616.00
746.4 1.00 18884.50 1888450.20
747.7 1.00 19331.86 1933185.60
749.0 1.00 19756.92 1975691.90
750.3 1.00 20029.31 2002931.00
751.6 1.00 20056.73 2005672.90
752.9 1.00 19885.04 1988504.10
754.2 1.00 19686.24 1968624.00
755.4 1.00 19488.06 1948806.10
756.7 1.00 19416.56 1941656.30
758.0 1.00 19463.77 1946377.30
759.3 1.00 19620.43 1962043.20
760.6 1.00 19810.56 1981056.00
761.9 1.00 19995.65 1999564.50
763.1 1.00 20123.38 2012337.90
764.4 1.00 20253.89 2025389.10
765.7 1.00 20361.90 2036190.00
767.0 1.00 20460.97 2046096.90
768.2 1.00 20568.58 2056857.60
769.5 1.00 20625.30 2062529.60
770.8 1.00 20726.45 2072644.70
772.0 1.00 20775.12 2077511.80
773.3 1.00 20851.35 2085135.00
774.6 1.00 20922.97 2092296.70
775.8 1.00 20988.31 2098830.50
777.1 1.00 21018.70 2101869.90
778.4 1.00 21014.45 2101444.80
779.6 1.00 21011.35 2101135.20
780.9 1.00 21006.40 2100640.00
782.1 1.00 20963.60 2096360.10
783.4 1.00 20968.06 2096806.40
784.6 1.00 20990.83 2099083.20
785.9 1.00 21168.94 2116894.40
787.1 1.00 21456.79 2145678.50
788.4 1.00 21712.54 2171253.60
789.6 1.00 21730.55 2173054.70
790.9 1.00 21588.86 2158886.00
792.1 1.00 21374.40 2137440.00
793.4 1.00 21167.51 2116751.40
794.6 1.00 21016.02 2101602.00
795.8 1.00 20898.29 2089828.80
797.1 1.00 20777.82 2077782.00
798.3 1.00 20656.52 2065651.50
799.5 1.00 20624.41 2062440.90
800.8 1.00 20574.50 2057450.20
802.0 1.00 20511.76 2051176.00
803.2 1.00 20450.29 2045028.80
804.5 1.00 20409.14 2040913.80
805.7 1.00 20345.82 2034582.30
806.9 1.00 20270.19 2027019.00
808.1 1.00 20223.73 2022373.20
809.4 1.00 20177.36 2017735.50
810.6 1.00 20131.02 2013102.00
811.8 1.00 20104.37 2010436.80
813.0 1.00 20101.60 2010160.10
814.2 1.00 20115.19 2011518.60
815.4 1.00 20156.22 2015622.00
816.6 1.00 20177.96 2017796.00
817.9 1.00 20168.15 2016814.80
819.1 1.00 20130.16 2013016.20
820.3 1.00 20057.04 2005704.00
821.5 1.00 19990.86 1999086.20
822.7 1.00 19952.08 1995208.00
823.9 1.00 19910.29 1991029.40
825.1 1.00 19885.31 1988530.80
826.3 1.00 19850.73 1985072.50
827.5 1.00 19814.37 1981436.70
828.7 1.00 19784.93 1978492.80
829.9 1.00 19731.25 1973125.20
831.0 1.00 19710.71 1971071.20
832.2 1.00 19697.40 1969739.70
833.4 1.00 19691.24 1969124.10
834.6 1.00 19693.13 1969312.50
835.8 1.00 19699.47 1969947.00
837.0 1.00 19703.12 1970312.40
838.1 1.00 19759.46 1975945.80
839.3 1.00 19795.58 1979557.60
840.5 1.00 19828.46 1982846.00
841.7 1.00 19884.10 1988409.60
842.9 1.00 19943.04 1994304.10
844.0 1.00 19995.21 1999521.40
845.2 1.00 20058.41 2005841.40
846.4 1.00 20099.60 2009959.70
847.5 1.00 20206.21 2020621.40
848.7 1.00 20292.66 2029265.70
849.9 1.00 20389.90 2038990.00
851.0 1.00 20432.32 2043231.70
852.2 1.00 20443.01 2044301.20
853.3 1.00 20432.69 2043269.20
854.5 1.00 20450.91 2045090.50
855.6 1.00 20441.70 2044170.00
856.8 1.00 20447.14 2044714.10
857.9 1.00 20423.68 2042367.80
859.1 1.00 20479.84 2047984.00
860.2 1.00 20467.78 2046777.60
861.4 1.00 20477.88 2047788.00
862.5 1.00 20506.44 2050643.70
863.7 1.00 20543.37 2054337.00
864.8 1.00 20548.50 2054850.00
865.9 1.00 20517.80 2051779.80
867.1 1.00 20534.28 2053428.30
868.2 1.00 20526.56 2052656.10
869.3 1.00 20549.80 2054980.40
870.5 1.00 20507.65 2050764.80
871.6 1.00 20500.99 2050098.60
872.7 1.00 20505.23 2050522.60
873.9 1.00 20494.33 2049433.20
875.0 1.00 20443.76 2044376.00
876.1 1.00 20411.63 2041162.50
877.2 1.00 20427.16 2042716.00
878.3 1.00 20425.45 2042544.60
879.4 1.00 20407.40 2040739.50
880.5 1.00 20398.61 2039860.80
881.7 1.00 20388.16 2038816.00
882.8 1.00 20369.31 2036930.60
883.9 1.00 20376.95 2037695.10
885.0 1.00 20335.77 2033577.00
886.1 1.00 20303.67 2030366.70
887.2 1.00 20205.00 2020500.00
888.3 1.00 20132.41 2013240.90
889.4 1.00 20021.24 2002123.70
890.5 1.00 19976.69 1997669.20
891.6 1.00 19910.85 1991085.30
892.7 1.00 19890.02 1989002.40
893.8 1.00 19841.64 1984164.00
894.9 1.00 19812.10 1981210.00
896.0 1.00 19797.70 1979770.30
897.0 1.00 19772.32 1977232.20
898.1 1.00 19734.08 1973408.00
899.2 1.00 19718.61 1971860.80
900.3 1.00 19651.39 1965139.20
901.4 1.00 19571.49 1957149.00
902.4 1.00 19580.17 1958017.20
903.5 1.00 19478.97 1947896.60
904.6 1.00 19469.26 1946926.20
905.7 1.00 19401.09 1940109.00
906.7 1.00 19366.35 1936635.00
907.8 1.00 19354.50 1935450.40
908.9 1.00 19279.52 1927952.00
909.9 1.00 19220.41 1922041.00
911.0 1.00 19156.01 1915600.90
912.1 1.00 19079.90 1907990.00
913.1 1.00 19017.02 1901702.40
914.2 1.00 18973.44 1897343.80
915.2 1.00 18865.12 1886511.60
916.3 1.00 18809.58 1880958.00
917.3 1.00 18721.95 1872195.30
918.4 1.00 18640.60 1864060.00
919.4 1.00 18539.78 1853977.70
920.5 1.00 18474.17 1847417.20
921.5 1.00 18398.52 1839852.00
922.6 1.00 18301.27 1830127.20
923.6 1.00 18245.50 1824550.20
924.7 1.00 18171.80 1817180.00
925.7 1.00 18044.98 1804497.60
926.7 1.00 17990.80 1799080.00
927.8 1.00 17909.32 1790932.00
928.8 1.00 17854.76 1785476.40
929.9 1.00 17825.72 1782572.40
930.9 1.00 17802.17 1780216.60
931.9 1.00 17755.44 1775543.70
932.9 1.00 17751.20 1775119.50
934.0 1.00 17660.62 1766061.60
935.0 1.00 17551.21 1755121.20
936.0 1.00 17393.20 1739319.80
937.0 1.00 17285.81 1728581.40
938.1 1.00 17176.91 1717691.00
939.1 1.00 17069.66 1706965.70
940.1 1.00 16976.58 1697657.60
941.1 1.00 16918.40 1691839.80
942.1 1.00 16901.62 1690161.90
943.1 1.00 16888.02 1688801.70
944.1 1.00 16858.75 1685875.40
945.2 1.00 16722.89 1672288.80
946.2 1.00 16670.04 1667004.30
947.2 1.00 16579.65 1657965.00
948.2 1.00 16523.68 1652368.20
949.2 1.00 16381.63 1638162.50
950.2 1.00 16314.86 1631486.00
951.2 1.00 16164.96 1616496.00
952.2 1.00 16073.23 1607322.60
953.2 1.00 15982.33 1598233.00
954.2 1.00 15901.11 1590111.00
955.2 1.00 15804.94 1580494.00
956.2 1.00 15661.26 1566126.20
957.2 1.00 15601.00 1560099.80
958.2 1.00 15544.31 1554430.90
959.2 1.00 15471.18 1547118.00
960.1 1.00 15433.74 1543373.60
961.1 1.00 15443.93 1544393.40
962.1 1.00 15390.00 1539000.00
963.1 1.00 15396.67 1539667.00
964.1 1.00 15367.85 1536784.70
965.1 1.00 15422.73 1542273.00
966.1 1.00 15320.94 1532094.30
967.0 1.00 15407.17 1540716.80
968.0 1.00 15341.18 1534117.50
969.0 1.00 15425.12 1542512.00
970.0 1.00 15327.14 1532714.40
971.0 1.00 15375.32 1537531.80
971.9 1.00 15436.40 1543639.80
972.9 1.00 15460.62 1546062.00
973.9 1.00 15528.24 1552824.00
974.9 1.00 15588.53 1558853.10
975.8 1.00 15701.20 1570119.90
976.8 1.00 15838.68 1583868.00
977.8 1.00 15839.55 1583954.90
978.8 1.00 15894.54 1589454.00
979.7 1.00 16017.46 1601745.60
980.7 1.00 16112.78 1611277.80
981.7 1.00 16225.80 1622580.30
982.6 1.00 16553.85 1655384.80
983.6 1.00 16829.62 1682961.50
984.6 1.00 16905.70 1690570.00
985.5 1.00 17465.04 1746504.00
986.5 1.00 17800.93 1780093.40
987.5 1.00 18221.01 1822101.40
988.4 1.00 18480.44 1848044.00
989.4 1.00 19125.11 1912510.50
990.4 1.00 20027.08 2002708.40
991.3 1.00 20246.19 2024619.30
992.3 1.00 20580.54 2058053.90
993.2 1.00 21811.19 2181119.40
994.2 1.00 22265.10 2226510.00
995.2 1.00 22269.89 2226989.10
996.1 1.00 22983.56 2298356.40
997.1 1.00 23842.34 2384233.80
998.0 1.00 23570.88 2357088.00
999.0 1.00 23847.95 2384794.50
1000.0 1.00 24000.96 2400096.00
1000.9 1.00 23924.19 2392419.20
1001.9 1.00 24001.75 2400175.20
1002.8 1.00 24252.27 2425226.50
1003.8 1.00 25486.49 2548649.00
1004.8 1.00 24278.35 2427835.20
961.5 1.00 17595.94 1759594.20
965.5 1.00 17485.68 1748568.00
969.5 1.00 17335.71 1733570.50
973.4 1.00 17219.80 1721979.60
977.4 1.00 16922.41 1692240.90
981.4 1.00 16835.28 1683528.00
985.3 1.00 16953.82 1695381.60
989.3 1.00 17137.26 1713726.00
993.3 1.00 17272.91 1727290.80
997.2 1.00 17345.82 1734581.80
1001.2 1.00 17452.37 1745237.00
1005.2 1.00 17636.61 1763661.30
1009.1 1.00 17903.98 1790398.20
1013.1 1.00 18207.27 1820727.00
1017.1 1.00 18516.54 1851654.30
1021.0 1.00 18772.24 1877223.60
1025.0 1.00 19026.54 1902654.00
1029.0 1.00 19207.01 1920700.50
1032.9 1.00 19422.52 1942252.00
1036.9 1.00 19683.60 1968360.00
1040.9 1.00 19958.46 1995845.50
1044.8 1.00 20270.65 2027064.60
1048.8 1.00 20522.34 2052233.60
1052.7 1.00 20734.08 2073407.70
1056.7 1.00 20883.77 2088376.80
1060.7 1.00 20993.49 2099348.50
1064.6 1.00 21094.81 2109480.80
1068.6 1.00 21098.44 2109843.60
1072.5 1.00 21046.60 2104660.00
1076.5 1.00 20987.63 2098762.90
1080.4 1.00 20911.88 2091188.40
1084.4 1.00 20837.54 2083754.40
1088.3 1.00 20740.51 2074051.00
1092.3 1.00 20578.88 2057888.20
1096.2 1.00 20372.26 2037225.60
1100.2 1.00 20176.15 2017614.90
1104.1 1.00 19925.50 1992549.80
1108.1 1.00 19692.62 1969262.40
1112.0 1.00 19436.27 1943626.50
1116.0 1.00 19119.23 1911923.00
1119.9 1.00 18773.43 1877343.00
1123.9 1.00 18435.14 1843514.40
1127.8 1.00 17909.76 1790976.00
1131.8 1.00 17259.30 1725930.00
1135.7 1.00 16513.15 1651315.30
1139.6 1.00 15702.32 1570232.20
1143.6 1.00 14932.58 1493258.40
1147.5 1.00 14287.31 1428731.10
1151.4 1.00 13741.83 1374183.30
1155.4 1.00 13395.48 1339547.90
1159.3 1.00 13184.14 1318413.60
1163.2 1.00 12988.49 1298849.20
1167.2 1.00 12882.06 1288206.00
1171.1 1.00 12810.92 1281092.40
1175.0 1.00 12729.66 1272966.10
1179.0 1.00 12662.21 1266220.80
1182.9 1.00 12622.25 1262225.00
1186.8 1.00 12559.94 1255994.00
1190.7 1.00 12461.98 1246198.00
1194.7 1.00 12371.17 1237116.60
1198.6 1.00 12300.75 1230075.00
1202.5 1.00 12272.06 1227206.20
1206.4 1.00 12256.47 1225647.00
1210.3 1.00 12259.32 1225931.60
1214.2 1.00 12289.83 1228983.20
1218.2 1.00 12320.91 1232091.00
1222.1 1.00 12356.58 1235657.50
1226.0 1.00 12407.20 1240719.60
1229.9 1.00 12443.34 1244334.00
1233.8 1.00 12470.77 1247077.30
1237.7 1.00 12519.90 1251990.20
1241.6 1.00 12543.59 1254358.60
1245.5 1.00 12540.17 1254017.10
1249.4 1.00 12546.06 1254605.50
1253.3 1.00 12555.90 1255590.10
1257.2 1.00 12563.67 1256366.70
1261.1 1.00 12550.46 1255046.40
1265.0 1.00 12517.94 1251793.70
1268.9 1.00 12439.98 1243998.40
1272.8 1.00 12426.00 1242600.00
1276.7 1.00 12437.02 1243702.00
1280.6 1.00 12392.57 1239257.00
1284.5 1.00 12295.89 1229589.20
1288.4 1.00 12187.94 1218794.20
1292.3 1.00 12031.25 1203125.00
1296.2 1.00 11852.04 1185203.80
1300.1 1.00 11638.59 1163858.80
1303.9 1.00 11383.40 1138340.10
1307.8 1.00 11113.09 1111308.90
1311.7 1.00 10822.61 1082260.70
1315.6 1.00 10521.10 1052109.60
1319.5 1.00 10185.09 1018509.00
1323.3 1.00 9866.92 986692.30
1327.2 1.00 9557.35 955734.80
1331.1 1.00 9230.53 923052.80
1335.0 1.00 8903.00 890300.00
1338.8 1.00 8610.21 861021.20
1342.7 1.00 8357.50 835750.30
1346.5 1.00 8085.85 808584.90
1350.4 1.00 7838.37 783836.80
1354.3 1.00 7586.06 758606.40
1358.1 1.00 7332.63 733263.20
1362.0 1.00 7106.37 710637.20
1365.8 1.00 6884.32 688432.00
1369.7 1.00 6667.66 666766.40
1373.5 1.00 6378.15 637815.00
1377.4 1.00 6001.28 600127.90
1381.2 1.00 5575.85 557584.50
1385.1 1.00 5146.27 514626.90
1389.0 1.00 4702.91 470290.50
1392.8 1.00 4256.31 425631.00
1396.6 1.00 3867.34 386733.60
1400.5 1.00 3530.83 353082.60
1404.3 1.00 3266.27 326627.40
1408.2 1.00 3058.51 305850.60
1412.0 1.00 2887.12 288712.00
1415.8 1.00 2766.53 276653.30
1419.6 1.00 2658.14 265814.10
1423.5 1.00 2576.37 257637.00
1427.3 1.00 2525.04 252504.00
1431.1 1.00 2485.43 248542.50
1434.9 1.00 2448.86 244886.40
1438.8 1.00 2421.49 242149.00
1442.6 1.00 2411.86 241186.00
1446.4 1.00 2390.29 239028.50
1450.2 1.00 2373.83 237383.40
1454.0 1.00 2362.08 236208.00
1457.8 1.00 2375.29 237528.50
1461.6 1.00 2386.30 238629.60
1465.4 1.00 2399.96 239995.80
1469.2 1.00 2422.88 242287.50
1473.0 1.00 2445.50 244549.80
1476.8 1.00 2489.85 248985.40
1480.7 1.00 2543.36 254336.40
1484.4 1.00 2596.92 259692.00
1488.2 1.00 2660.76 266076.00
1492.0 1.00 2740.17 274017.00
1495.8 1.00 2816.45 281645.00
1499.6 1.00 2871.54 287154.00
1503.4 1.00 2917.20 291720.00
1507.2 1.00 2963.44 296344.30
1510.9 1.00 2996.70 299669.70
1514.7 1.00 3023.39 302338.60
1518.5 1.00 3053.38 305337.60
1522.3 1.00 3089.18 308917.60
1526.0 1.00 3135.78 313577.70
1529.8 1.00 3183.69 318368.80
1533.6 1.00 3221.72 322172.00
1537.3 1.00 3270.16 327016.20
1541.1 1.00 3332.96 333296.10
1544.8 1.00 3386.40 338640.00
1548.6 1.00 3444.93 344493.20
1552.4 1.00 3499.82 349981.60
1556.1 1.00 3542.70 354270.00
1559.9 1.00 3583.82 358381.80
1563.6 1.00 3638.45 363844.70
1567.3 1.00 3690.16 369016.00
1571.1 1.00 3722.89 372289.20
1574.8 1.00 3773.85 377384.70
1578.6 1.00 3820.80 382080.00
1582.3 1.00 3846.29 384629.00
1586.0 1.00 3876.73 387672.80
1589.8 1.00 3907.34 390734.40
1593.5 1.00 3920.06 392006.40
1597.2 1.00 3935.24 393523.90
1600.9 1.00 3962.55 396254.70
1604.7 1.00 3984.17 398417.40
1608.4 1.00 4003.58 400358.40
1612.1 1.00 4010.61 401060.70
1615.8 1.00 4025.24 402523.80
1619.5 1.00 4056.03 405603.00
1623.2 1.00 4067.59 406759.00
1626.9 1.00 4076.23 407622.60
1630.6 1.00 4087.38 408738.00
1634.3 1.00 4093.67 409367.40
1638.0 1.00 4098.70 409870.00
1641.7 1.00 4100.21 410021.40
1645.4 1.00 4100.92 410092.20
1649.1 1.00 4092.94 409293.90
1652.8 1.00 4077.70 407769.60
1656.4 1.00 4065.64 406564.20
1660.1 1.00 4060.28 406027.80
1663.8 1.00 4034.76 403475.60
1667.5 1.00 4015.90 401590.20
1671.1 1.00 4008.58 400857.60
1674.8 1.00 3973.10 397309.90
1678.5 1.00 3958.88 395887.80
1682.1 1.00 3946.93 394692.60
1685.8 1.00 3920.10 392009.80
1689.5 1.00 3889.50 388949.80
1693.1 1.00 3841.77 384177.00
1696.8 1.00 3800.00 380000.00
1700.4 1.00 3749.27 374926.80
1704.0 1.00 3695.64 369564.00
1707.7 1.00 3632.15 363214.80
1711.3 1.00 3559.91 355991.20
1715.0 1.00 3498.03 349803.30
1718.6 1.00 3431.07 343107.20
1722.2 1.00 3376.02 337601.60
1725.9 1.00 3322.70 332270.10
1729.5 1.00 3267.04 326703.60
1733.1 1.00 3231.45 323145.30
1736.7 1.00 3209.86 320986.20
1740.3 1.00 3175.77 317577.00
1744.0 1.00 3136.36 313636.40
1747.5 1.00 3086.78 308678.10
1751.2 1.00 3031.64 303164.10
1754.8 1.00 2974.10 297409.50
1758.4 1.00 2922.78 292278.40
1762.0 1.00 2873.97 287396.70
1765.5 1.00 2838.13 283813.20
1769.1 1.00 2822.40 282240.00
1772.7 1.00 2798.68 279867.60
1776.3 1.00 2762.42 276242.40
1779.9 1.00 2729.08 272907.60
1783.5 1.00 2710.64 271064.00
1787.0 1.00 2676.43 267642.90
1790.6 1.00 2659.15 265914.90
1794.2 1.00 2655.63 265563.20
1797.8 1.00 2642.98 264298.00
1801.3 1.00 2621.96 262196.00
1804.9 1.00 2606.63 260662.50
1808.4 1.00 2602.28 260227.50
1812.0 1.00 2590.11 259011.00
1815.5 1.00 2574.28 257428.00
1819.1 1.00 2549.27 254927.40
1822.6 1.00 2539.68 253968.00
1826.2 1.00 2527.90 252789.60
1829.7 1.00 2491.66 249166.00
1833.2 1.00 2457.25 245725.20
1836.8 1.00 2430.16 243015.50
1840.3 1.00 2384.91 238491.00
1843.8 1.00 2339.26 233926.00
1847.3 1.00 2296.17 229616.80
1850.8 1.00 2241.79 224179.20
1854.3 1.00 2185.66 218566.40
1857.8 1.00 2126.80 212680.00
1861.3 1.00 2067.82 206781.60
1864.8 1.00 1988.12 198811.80
1868.3 1.00 1872.98 187297.50
1871.8 1.00 1728.00 172800.00
1875.3 1.00 1593.41 159341.00
1878.8 1.00 1469.46 146946.00
1882.3 1.00 1339.44 133944.30
1885.8 1.00 1220.71 122071.20
1889.3 1.00 1117.69 111769.40
1892.7 1.00 1053.63 105362.60
1896.2 1.00 993.64 99364.10
1899.7 1.00 928.37 92837.00
1903.1 1.00 944.33 94432.80
1906.6 1.00 962.82 96282.00
1910.0 1.00 1063.25 106324.80
1913.5 1.00 1252.85 125284.50
1917.0 1.00 1550.85 155085.00
1920.4 1.00 1895.23 189522.50
1923.8 1.00 1896.41 189640.50
1871.2 1.00 0.00 0.00
1873.9 1.00 644.30 64430.00
1876.7 1.00 1497.75 149775.00
1879.5 1.00 0.00 0.00
1882.3 1.00 541.30 54130.00
1885.1 1.00 1293.00 129300.00
1887.8 1.00 0.00 0.00
1890.6 1.00 233.90 23390.00
1893.4 1.00 880.00 88000.00
1896.2 1.00 0.00 0.00
1898.9 1.00 192.70 19270.00
1901.7 1.00 705.40 70540.00
1904.5 1.00 0.00 0.00
1907.2 1.00 285.00 28500.00
1910.0 1.00 648.50 64850.00
1912.7 1.00 120.10 12010.00
1915.5 1.00 338.70 33870.00
1918.2 1.00 644.10 64410.00
1921.0 1.00 103.15 10315.00
1923.7 1.00 300.15 30015.00
1926.5 1.00 586.20 58620.00
1929.2 1.00 96.20 9620.00
1932.0 1.00 284.40 28440.00
1934.7 1.00 562.80 56280.00
1937.4 1.00 93.05 9305.00
1940.2 1.00 368.80 36880.00
1942.9 1.00 639.45 63945.00
1945.6 1.00 181.20 18120.00
1948.3 1.00 361.00 36100.00
1951.1 1.00 632.10 63210.00
1953.8 1.00 180.00 18000.00
1956.5 1.00 359.40 35940.00
1959.2 1.00 627.90 62790.00
1961.9 1.00 268.20 26820.00
1964.6 1.00 446.25 44625.00
1967.3 1.00 623.00 62300.00
1970.0 1.00 266.40 26640.00
1972.8 1.00 441.25 44125.00
1975.5 1.00 702.40 70240.00
1978.2 1.00 262.80 26280.00
1980.9 1.00 437.25 43725.00
1983.5 1.00 698.00 69800.00
1986.2 1.00 261.90 26190.00
1988.9 1.00 436.50 43650.00
1991.6 1.00 695.20 69520.00
1994.3 1.00 346.60 34660.00
1997.0 1.00 519.00 51900.00
1999.7 1.00 775.35 77535.00
2002.3 1.00 345.20 34520.00
2005.0 1.00 517.80 51780.00
2007.7 1.00 860.00 86000.00
2010.4 1.00 513.90 51390.00
2013.0 1.00 597.45 59745.00
2015.7 1.00 937.75 93775.00
2018.4 1.00 510.60 51060.00
2021.0 1.00 510.00 51000.00
2023.7 1.00 763.20 76320.00
2026.4 1.00 422.50 42250.00
2029.0 1.00 590.45 59045.00
2031.7 1.00 845.00 84500.00
2034.3 1.00 422.50 42250.00
2037.0 1.00 591.15 59115.00
2039.6 1.00 844.00 84400.00
2042.3 1.00 505.50 50550.00
2044.9 1.00 589.05 58905.00
2047.5 1.00 925.65 92565.00
2050.2 1.00 504.00 50400.00
2052.8 1.00 672.00 67200.00
2055.4 1.00 1008.60 100860.00
2058.1 1.00 588.00 58800.00
2060.7 1.00 670.80 67080.00
2063.3 1.00 919.60 91960.00
2065.9 1.00 502.50 50250.00
2068.6 1.00 670.00 67000.00
2071.2 1.00 920.70 92070.00
2073.8 1.00 503.70 50370.00
2076.4 1.00 673.60 67360.00
2079.0 1.00 1011.60 101160.00
2081.6 1.00 590.80 59080.00
2084.2 1.00 677.20 67720.00
2086.8 1.00 1018.20 101820.00
2089.4 1.00 595.70 59570.00
2092.1 1.00 680.00 68000.00
2094.7 1.00 932.25 93225.00
2097.2 1.00 510.00 51000.00
2099.8 1.00 683.20 68320.00
2102.4 1.00 1023.60 102360.00
2105.0 1.00 684.00 68400.00
2107.6 1.00 769.05 76905.00
2110.2 1.00 937.75 93775.00
2112.8 1.00 601.30 60130.00
2115.3 1.00 779.40 77940.00
2117.9 1.00 1044.60 104460.00
2120.5 1.00 612.15 61215.00
2123.1 1.00 789.75 78975.00
2125.6 1.00 1054.20 105420.00
2128.2 1.00 614.60 61460.00
2130.8 1.00 702.00 70200.00
2133.3 1.00 1056.00 105600.00
2135.9 1.00 706.00 70600.00
2138.4 1.00 795.60 79560.00
2141.0 1.00 1057.80 105780.00
2143.6 1.00 615.65 61565.00
2146.1 1.00 793.35 79335.00
2148.7 1.00 1057.20 105720.00
2151.2 1.00 704.00 70400.00
2153.8 1.00 883.00 88300.00
2156.3 1.00 1151.80 115180.00
2158.8 1.00 620.20 62020.00
2161.4 1.00 796.05 79605.00
2163.9 1.00 1061.40 106140.00
2166.4 1.00 620.90 62090.00
2169.0 1.00 798.30 79830.00
2171.5 1.00 1064.40 106440.00
2174.0 1.00 624.75 62475.00
2176.5 1.00 807.30 80730.00
2179.1 1.00 993.85 99385.00
2181.6 1.00 638.75 63875.00
2184.1 1.00 739.20 73920.00
2186.6 1.00 1035.65 103565.00
2189.1 1.00 481.50 48150.00
2191.6 1.00 686.00 68600.00
2194.1 1.00 996.50 99650.00
2196.6 1.00 509.50 50950.00
2199.2 1.00 732.55 73255.00
2201.7 1.00 1074.50 107450.00
2204.1 1.00 439.80 43980.00
2206.6 1.00 671.40 67140.00
2209.1 1.00 1021.95 102195.00
2211.6 1.00 456.80 45680.00
2214.1 1.00 684.30 68430.00
2216.6 1.00 1139.50 113950.00
2219.1 1.00 569.75 56975.00
2221.6 1.00 685.20 68520.00
2224.0 1.00 1143.00 114300.00
2226.5 1.00 456.60 45660.00
2229.0 1.00 571.00 57100.00
2231.5 1.00 919.20 91920.00
2233.9 1.00 346.35 34635.00
2236.4 1.00 694.80 69480.00
2238.9 1.00 1046.25 104625.00
2241.3 1.00 466.40 46640.00
2243.8 1.00 583.00 58300.00
2246.2 1.00 1046.70 104670.00
2248.7 1.00 462.80 46280.00
2251.2 1.00 576.50 57650.00
2253.6 1.00 921.60 92160.00
2256.1 1.00 230.40 23040.00
2258.5 1.00 461.00 46100.00
2260.9 1.00 920.40 92040.00
2263.4 1.00 345.45 34545.00
2265.8 1.00 461.60 46160.00
2268.3 1.00 808.15 80815.00
2270.7 1.00 230.30 23030.00
2273.1 1.00 460.20 46020.00
2275.6 1.00 806.40 80640.00
2278.0 1.00 230.60 23060.00
2280.4 1.00 461.80 46180.00
2282.8 1.00 696.90 69690.00
2285.3 1.00 233.30 23330.00
2287.7 1.00 468.60 46860.00
2290.1 1.00 711.60 71160.00
2292.5 1.00 119.05 11905.00
2294.9 1.00 474.20 47420.00
2297.3 1.00 830.55 83055.00
2299.7 1.00 236.90 23690.00
2302.1 1.00 353.55 35355.00
2304.5 1.00 823.20 82320.00
2306.9 1.00 235.20 23520.00
2309.3 1.00 352.65 35265.00
2311.7 1.00 706.50 70650.00
2314.1 1.00 0.00 0.00
2316.5 1.00 354.60 35460.00
2318.9 1.00 709.50 70950.00
2321.3 1.00 0.00 0.00
2323.7 1.00 239.60 23960.00
2326.1 1.00 604.50 60450.00
2328.4 1.00 0.00 0.00
2330.8 1.00 122.70 12270.00
2333.2 1.00 617.75 61775.00
2335.6 1.00 0.00 0.00
2337.9 1.00 250.40 25040.00
2340.3 1.00 629.75 62975.00
2342.7 1.00 0.00 0.00
2345.0 1.00 127.40 12740.00
2347.4 1.00 510.00 51000.00
2349.7 1.00 0.00 0.00
2352.1 1.00 257.30 25730.00
2354.4 1.00 644.75 64475.00
2356.8 1.00 129.50 12950.00
2359.2 1.00 390.00 39000.00
2361.5 1.00 654.50 65450.00
2363.8 1.00 0.00 0.00
2366.2 1.00 132.40 13240.00
2368.5 1.00 534.00 53400.00
2370.9 1.00 0.00 0.00
2373.2 1.00 0.00 0.00
2375.5 1.00 407.25 40725.00
2377.9 1.00 0.00 0.00
2380.2 1.00 137.45 13745.00
2382.5 1.00 551.40 55140.00
2384.8 1.00 0.00 0.00
2387.2 1.00 0.00 0.00
2389.5 1.00 566.60 56660.00
2391.8 1.00 0.00 0.00
2394.1 1.00 143.95 14395.00
2396.4 1.00 435.45 43545.00
2398.7 1.00 0.00 0.00
2401.0 1.00 148.35 14835.00
2403.3 1.00 597.60 59760.00
2405.6 1.00 0.00 0.00
2407.9 1.00 0.00 0.00
2410.2 1.00 601.60 60160.00
2412.5 1.00 0.00 0.00
2414.8 1.00 154.05 15405.00
2417.1 1.00 464.55 46455.00
2419.4 1.00 0.00 0.00
2421.7 1.00 0.00 0.00
2424.0 1.00 475.50 47550.00
2426.2 1.00 -160.50 -16050.00
2428.5 1.00 0.00 0.00
2430.8 1.00 490.50 49050.00
2433.1 1.00 -165.95 -16595.00
2435.4 1.00 0.00 0.00
2437.6 1.00 503.55 50355.00
2439.9 1.00 0.00 0.00
2442.2 1.00 0.00 0.00
2444.4 1.00 516.90 51690.00
2446.7 1.00 -175.20 -17520.00
2448.9 1.00 0.00 0.00
2451.2 1.00 357.60 35760.00
2453.4 1.00 -180.80 -18080.00
2455.7 1.00 0.00 0.00
2457.9 1.00 366.30 36630.00
2460.2 1.00 -184.95 -18495.00
2462.4 1.00 0.00 0.00
2464.7 1.00 567.75 56775.00
2466.9 1.00 0.00 0.00
2469.2 1.00 0.00 0.00
2471.4 1.00 590.85 59085.00
2473.6 1.00 0.00 0.00
2475.9 1.00 0.00 0.00
2478.1 1.00 409.90 40990.00
2480.3 1.00 -208.85 -20885.00
2482.5 1.00 0.00 0.00
2484.8 1.00 436.90 43690.00
2487.0 1.00 -222.20 -22220.00
2489.2 1.00 0.00 0.00
2491.4 1.00 461.10 46110.00
2493.6 1.00 -470.30 -47030.00
2495.8 1.00 0.00 0.00
2498.0 1.00 243.20 24320.00
2500.2 1.00 -505.50 -50550.00
2502.4 1.00 0.00 0.00
2504.6 1.00 845.10 84510.00
2506.8 1.00 292.25 29225.00
