/*** Spectra Vista SIG Data ***/
name= \My Documents\HR1024_Data\A2.
instrument= HR: 1091052
integration= 200, 60, 30, 400, 60, 30
scan time= 1, 1
scan settings= AD, AI, AD, AI
external data set1= 8224, 8224, 8224, 8224, 8224, 8224, 8224, 8224, 8224, 8224, 8224, 8224, 8224, 8224, 8224, 8224
external data set2= 8224, 8224, 8224, 8224, 8224, 8224, 8224, 8224, 8224, 8224, 8224, 8224, 8224, 8224, 8224, 8224
external data dark= 0,0,0,0,0,0,0,0
external data mask= 0
optic= LENS4 , LENS4 
temp= 48.69, 9.01, -4.97, 48.69, 9.08, -5.10
battery= 6.3, 6.2
error= 0, 0
units= Radiance, Radiance
time= 1/1/08 2:18:54 PM, 1/1/08 2:21:11 PM
longitude= , 
latitude= , 
gpstime= , 
comm= 
memory slot= 0, 0
factors= 
data= 
346.4 490.49 189.51 38.64
347.9 527.10 189.82 36.01
349.5 577.20 184.08 31.89
351.1 611.52 185.64 30.36
352.6 670.45 196.08 29.25
354.2 713.41 204.53 28.67
355.7 774.53 212.15 27.39
357.3 818.33 214.99 26.27
358.8 842.30 216.69 25.73
360.4 911.03 230.40 25.29
361.9 964.65 235.07 24.37
363.5 990.28 230.26 23.25
365.1 1050.65 234.06 22.28
366.6 1104.80 236.50 21.41
368.2 1165.05 233.35 20.03
369.7 1227.64 235.08 19.15
371.3 1313.71 235.41 17.92
372.8 1384.44 257.30 18.59
374.4 1441.80 251.98 17.48
375.9 1515.98 254.87 16.81
377.4 1557.95 256.95 16.49
379.0 1607.16 260.97 16.24
380.5 1649.54 263.13 15.95
382.1 1716.86 261.52 15.23
383.6 1783.22 257.99 14.47
385.2 1859.00 264.00 14.20
386.7 1941.28 266.69 13.74
388.3 2032.69 274.47 13.50
389.8 2119.14 296.46 13.99
391.3 2222.43 292.43 13.16
392.9 2290.23 305.84 13.35
394.4 2338.39 324.94 13.90
395.9 2427.22 343.83 14.17
397.5 2577.54 368.22 14.29
399.0 2700.66 375.44 13.90
400.6 2764.91 363.66 13.15
402.1 2809.62 357.33 12.72
403.6 2860.22 359.63 12.57
405.1 2936.23 363.32 12.37
406.7 3044.16 370.72 12.18
408.2 3154.14 385.36 12.22
409.7 3256.96 400.96 12.31
411.3 3364.47 418.84 12.45
412.8 3467.31 428.97 12.37
414.3 3583.14 447.89 12.50
415.8 3707.50 456.25 12.31
417.4 3825.36 475.64 12.43
418.9 3916.44 487.03 12.44
420.4 3990.49 484.79 12.15
421.9 4077.70 488.84 11.99
423.5 4137.62 496.19 11.99
425.0 4218.56 502.32 11.91
426.5 4304.30 510.63 11.86
428.0 4419.03 512.10 11.59
429.5 4544.48 520.41 11.45
431.1 4705.92 537.93 11.43
432.6 4881.23 552.72 11.32
434.1 5043.50 570.76 11.32
435.6 5187.74 587.27 11.32
437.1 5331.30 604.50 11.34
438.6 5474.49 620.94 11.34
440.1 5610.48 628.45 11.20
441.6 5755.19 642.80 11.17
443.1 5898.83 653.06 11.07
444.7 6035.54 664.79 11.01
446.2 6155.02 677.81 11.01
447.7 6280.48 693.64 11.04
449.2 6419.52 700.92 10.92
450.7 6524.96 712.40 10.92
452.2 6637.77 714.28 10.76
453.7 6773.91 728.24 10.75
455.2 6941.27 741.34 10.68
456.7 7138.56 765.60 10.72
458.2 7351.73 792.49 10.78
459.7 7579.25 824.25 10.88
461.2 7790.71 848.08 10.89
462.7 7967.29 882.47 11.08
464.2 8158.14 911.34 11.17
465.7 8354.88 940.63 11.26
467.2 8521.98 964.43 11.32
468.7 8686.00 985.00 11.34
470.2 8801.57 1010.60 11.48
471.7 8996.50 1035.50 11.51
473.2 9331.18 1061.10 11.37
474.6 9564.43 1062.32 11.11
476.1 9620.56 1055.76 10.97
477.6 9638.73 1053.14 10.93
479.1 9692.33 1051.40 10.85
480.6 9790.29 1050.71 10.73
482.1 9922.88 1065.43 10.74
483.6 10086.88 1084.60 10.75
485.1 10289.79 1107.99 10.77
486.6 10525.88 1151.60 10.94
488.0 10770.50 1189.50 11.04
489.5 11028.84 1237.09 11.22
491.0 11284.28 1303.71 11.55
492.5 11552.22 1368.90 11.85
494.0 11817.78 1448.61 12.26
495.4 12046.65 1521.30 12.63
496.9 12294.54 1605.71 13.06
498.4 12517.73 1695.89 13.55
499.9 12757.59 1791.35 14.04
501.4 12967.10 1887.22 14.55
502.8 13167.90 1987.86 15.10
504.3 13356.00 2088.90 15.64
505.8 13532.64 2193.00 16.21
507.2 13653.03 2292.75 16.79
508.7 13733.86 2392.80 17.42
510.2 13811.90 2487.72 18.01
511.6 13850.98 2587.16 18.68
513.1 13952.07 2690.00 19.28
514.6 14083.63 2800.21 19.88
516.0 14176.22 2911.71 20.54
517.5 14324.40 3037.02 21.20
519.0 14516.61 3172.35 21.85
520.5 14705.88 3311.16 22.52
521.9 14943.04 3460.43 23.16
523.4 15216.30 3627.03 23.84
524.8 15479.11 3785.77 24.46
526.3 15779.75 3954.46 25.06
527.8 16093.22 4123.15 25.62
529.2 16374.94 4286.03 26.17
530.7 16687.76 4457.28 26.71
532.1 16977.45 4620.92 27.22
533.6 17305.95 4791.77 27.69
535.0 17642.05 4961.01 28.12
536.5 17959.86 5125.42 28.54
538.0 18296.96 5295.52 28.94
539.4 18617.01 5455.29 29.30
540.9 19032.18 5644.94 29.66
542.3 19389.48 5821.12 30.02
543.8 19636.33 5959.70 30.35
545.2 19717.73 6042.98 30.65
546.6 19737.60 6103.43 30.92
548.1 19771.95 6168.77 31.20
549.5 19805.43 6223.25 31.42
551.0 19831.07 6276.88 31.65
552.4 19899.88 6345.03 31.88
553.9 19933.44 6405.52 32.13
555.3 19999.98 6462.79 32.31
556.8 20123.97 6547.22 32.53
558.2 20246.63 6639.47 32.79
559.6 20393.50 6743.85 33.07
561.1 20605.00 6871.31 33.35
562.5 20829.30 7009.34 33.65
564.0 21126.47 7183.22 34.00
565.4 21384.43 7345.93 34.35
566.8 21713.10 7541.50 34.73
568.3 22021.29 7731.98 35.11
569.7 22352.81 7929.12 35.47
571.1 22660.54 8121.69 35.84
572.6 22973.22 8325.18 36.24
574.0 23279.85 8514.83 36.58
575.4 23564.25 8706.66 36.95
576.9 23842.67 8892.06 37.29
578.3 24074.05 9075.14 37.70
579.7 24317.20 9251.81 38.05
581.1 24492.51 9427.70 38.49
582.6 24686.64 9607.89 38.92
584.0 24876.08 9780.62 39.32
585.4 25137.58 9995.38 39.76
586.8 25504.55 10249.15 40.19
588.3 25894.44 10518.30 40.62
589.7 26233.74 10767.51 41.04
591.1 26441.64 10967.55 41.48
592.5 26550.44 11119.06 41.88
594.0 26608.92 11259.84 42.32
595.4 26635.24 11368.70 42.68
596.8 26647.34 11496.13 43.14
598.2 26668.29 11617.66 43.56
599.6 26680.23 11742.08 44.01
601.0 26758.95 11905.48 44.49
602.4 26834.33 12068.24 44.97
603.9 26975.39 12255.70 45.43
605.3 27102.78 12450.82 45.94
606.7 27226.80 12637.80 46.42
608.1 27444.15 12879.12 46.93
609.5 27689.41 13134.02 47.43
610.9 27979.98 13410.37 47.93
612.3 28249.88 13690.02 48.46
613.7 28618.00 14008.06 48.95
615.1 28876.50 14277.06 49.44
616.5 29132.36 14556.55 49.97
617.9 29521.26 14916.87 50.53
619.3 29889.92 15286.02 51.14
620.7 30341.01 15720.41 51.81
622.1 30804.46 16003.23 51.95
623.5 31323.18 16224.42 51.80
624.9 31924.73 16494.32 51.67
626.3 32331.89 16719.14 51.71
627.7 32041.29 16689.73 52.09
629.1 31768.38 16754.01 52.74
630.5 31664.32 16936.82 53.49
631.9 31707.18 17218.33 54.30
633.3 31762.13 17502.79 55.11
634.7 31918.97 17822.39 55.84
636.1 31997.14 18050.29 56.41
637.5 32098.28 18287.78 56.97
638.9 32261.24 18544.77 57.48
640.2 32390.38 18762.28 57.93
641.6 32437.08 18935.28 58.38
643.0 32408.71 19056.01 58.80
644.4 32404.35 19185.15 59.21
645.8 32321.00 19246.76 59.55
647.2 32465.68 19419.14 59.81
648.5 32534.36 19583.68 60.19
649.9 32389.70 19652.59 60.68
651.3 32249.85 19795.65 61.38
652.7 32010.15 19900.20 62.17
654.1 31763.52 19617.27 61.76
655.5 31554.08 19244.63 60.99
656.8 31352.55 18887.21 60.24
658.2 31560.50 18793.02 59.55
659.6 31924.89 18818.20 58.95
660.9 32233.98 18829.28 58.41
662.3 32527.31 18819.15 57.86
663.7 32810.40 18775.05 57.22
665.0 33053.44 18714.39 56.62
666.4 33302.26 18665.54 56.05
667.8 33605.42 18663.51 55.54
669.1 33877.47 18639.15 55.02
670.5 34171.03 18660.28 54.61
671.9 34359.72 18655.80 54.30
673.2 34630.03 18736.29 54.10
674.6 34867.19 18839.21 54.03
676.0 35155.82 19026.59 54.12
677.3 35443.21 19280.29 54.40
678.7 35768.00 19605.25 54.81
680.0 36183.65 20093.37 55.53
681.4 36646.41 20712.56 56.52
682.8 37075.68 21472.59 57.92
684.1 37526.58 22357.53 59.58
685.5 37925.87 23331.88 61.52
686.8 38329.26 24362.61 63.56
688.2 38686.15 25392.87 65.64
689.5 38850.20 26292.32 67.68
690.9 38981.61 27146.27 69.64
692.2 39083.85 27911.03 71.41
693.6 39201.36 28641.44 73.06
694.9 39187.75 29202.75 74.52
696.2 39254.96 29738.14 75.76
697.6 39323.35 30204.42 76.81
698.9 39404.64 30646.44 77.77
700.3 39505.32 31062.78 78.63
701.6 39618.65 31446.29 79.37
703.0 39738.75 31791.27 80.00
704.3 39804.86 32033.95 80.48
705.6 39846.78 32251.01 80.94
707.0 39923.98 32466.05 81.32
708.3 39866.99 32551.07 81.65
709.6 39798.03 32623.55 81.97
711.0 39711.49 32620.88 82.14
712.3 39610.00 32609.81 82.33
713.6 39584.16 32644.29 82.47
714.9 39531.60 32657.12 82.61
716.3 39554.50 32719.10 82.72
717.6 39599.56 32792.45 82.81
718.9 39559.43 32780.61 82.86
720.2 39418.96 32637.43 82.80
721.6 39324.48 32531.20 82.73
722.9 39177.39 32431.13 82.78
724.2 38953.15 32255.93 82.81
725.5 38804.60 32131.79 82.80
726.8 38649.46 31980.34 82.74
728.1 38599.91 31874.72 82.58
729.5 38524.75 31767.09 82.46
730.8 38475.56 31678.35 82.33
732.1 38400.70 31560.66 82.19
733.4 38372.85 31493.18 82.07
734.7 38320.98 31396.53 81.93
736.0 38344.02 31381.71 81.84
737.3 38278.76 31318.99 81.82
738.6 38382.45 31393.86 81.79
739.9 38561.99 31569.56 81.87
741.2 38705.94 31672.10 81.83
742.5 38966.55 31908.50 81.89
743.8 39423.04 32298.13 81.93
745.1 40090.50 32862.13 81.97
746.4 40885.85 33509.39 81.96
747.7 41715.16 34161.98 81.89
749.0 42545.70 34797.14 81.79
750.3 43049.23 35146.74 81.64
751.6 43038.08 35097.88 81.55
752.9 42609.35 34814.38 81.71
754.2 42168.53 34465.57 81.73
755.4 41635.13 34092.15 81.88
756.7 41457.00 33994.07 82.00
758.0 41479.52 34052.77 82.10
759.3 41746.58 34318.34 82.21
760.6 42119.00 34683.88 82.35
761.9 42454.12 35023.55 82.50
763.1 42660.98 35212.44 82.54
764.4 42919.91 35450.07 82.60
765.7 43101.50 35631.38 82.67
767.0 43256.15 35762.77 82.68
768.2 43391.04 35891.52 82.72
769.5 43460.35 36011.91 82.86
770.8 43687.96 36198.85 82.86
772.0 43738.21 36265.35 82.91
773.3 43838.34 36390.66 83.01
774.6 43948.81 36519.34 83.10
775.8 44076.34 36616.29 83.07
777.1 44128.01 36682.72 83.13
778.4 44093.37 36656.17 83.13
779.6 44094.60 36694.41 83.22
780.9 44024.00 36672.00 83.30
782.1 43873.04 36591.41 83.40
783.4 43892.16 36614.24 83.42
784.6 43917.08 36679.60 83.52
785.9 44234.28 36984.55 83.61
787.1 44820.11 37507.01 83.68
788.4 45328.07 37855.52 83.51
789.6 45372.96 37789.10 83.29
790.9 44999.95 37419.73 83.16
792.1 44544.64 37056.28 83.19
793.4 44076.62 36708.15 83.28
794.6 43779.45 36457.76 83.28
795.8 43541.19 36282.78 83.33
797.1 43256.63 36080.74 83.41
798.3 43047.26 35943.81 83.50
799.5 42927.57 35849.86 83.51
800.8 42825.90 35769.57 83.52
802.0 42691.40 35667.32 83.55
803.2 42569.36 35561.10 83.54
804.5 42497.93 35479.01 83.48
805.7 42375.83 35388.56 83.51
806.9 42272.55 35308.58 83.53
808.1 42169.77 35225.28 83.53
809.4 42153.38 35195.12 83.49
810.6 42060.20 35146.48 83.56
811.8 42044.14 35141.95 83.58
813.0 42084.91 35169.05 83.57
814.2 42127.75 35196.46 83.55
815.4 42236.79 35266.33 83.50
816.6 42301.14 35289.64 83.42
817.9 42391.83 35321.78 83.32
819.1 42365.34 35226.36 83.15
820.3 42273.78 35083.39 82.99
821.5 42198.18 34991.45 82.92
822.7 42149.23 34900.01 82.80
823.9 42186.24 34875.97 82.67
825.1 42220.30 34841.20 82.52
826.3 42272.51 34806.91 82.34
827.5 42328.13 34786.10 82.18
828.7 42417.12 34749.48 81.92
829.9 42510.53 34730.42 81.70
831.0 42609.44 34758.88 81.58
832.2 42758.13 34807.43 81.41
833.4 42849.53 34821.64 81.26
834.6 42979.69 34870.31 81.13
835.8 43101.45 34922.48 81.02
837.0 43207.85 35017.29 81.04
838.1 43396.04 35158.12 81.02
839.3 43498.84 35217.41 80.96
840.5 43625.57 35301.27 80.92
841.7 43776.18 35444.52 80.97
842.9 43948.14 35631.78 81.08
844.0 44059.79 35724.15 81.08
845.2 44241.86 35853.52 81.04
846.4 44382.22 35950.08 81.00
847.5 44619.40 36140.62 81.00
848.7 44816.42 36277.82 80.95
849.9 45018.15 36426.90 80.92
851.0 45136.02 36448.85 80.75
852.2 45223.42 36462.05 80.63
853.3 45246.20 36436.44 80.53
854.5 45259.51 36442.92 80.52
855.6 45267.21 36430.25 80.48
856.8 45301.69 36492.35 80.55
857.9 45313.04 36479.18 80.50
859.1 45415.00 36592.40 80.57
860.2 45473.48 36581.00 80.44
861.4 45514.89 36600.39 80.41
862.5 45544.75 36633.40 80.43
863.7 45635.91 36698.17 80.42
864.8 45619.00 36691.38 80.43
865.9 45579.36 36662.54 80.44
867.1 45659.13 36661.52 80.29
868.2 45643.16 36657.06 80.31
869.3 45709.35 36664.84 80.21
870.5 45625.80 36599.34 80.22
871.6 45591.62 36592.32 80.26
872.7 45685.87 36664.36 80.25
873.9 45732.39 36636.01 80.11
875.0 45707.10 36594.51 80.06
876.1 45729.74 36552.21 79.93
877.2 45749.63 36585.61 79.97
878.3 45750.96 36519.53 79.82
879.4 45782.70 36504.40 79.73
880.5 45838.08 36502.38 79.63
881.7 45807.45 36423.73 79.51
882.8 45892.11 36411.30 79.34
883.9 45950.60 36391.79 79.20
885.0 45870.83 36270.78 79.07
886.1 45891.73 36188.16 78.86
887.2 45762.08 35991.84 78.65
888.3 45654.92 35880.08 78.59
889.4 45608.33 35724.57 78.33
890.5 45529.28 35637.29 78.27
891.6 45491.45 35530.61 78.10
892.7 45454.64 35479.77 78.06
893.8 45497.68 35467.84 77.96
894.9 45513.05 35428.97 77.84
896.0 45511.22 35379.26 77.74
897.0 45516.23 35328.16 77.62
898.1 45518.04 35301.79 77.56
899.2 45541.84 35258.50 77.42
900.3 45447.60 35118.60 77.27
901.4 45393.41 35004.31 77.11
902.4 45399.18 34996.39 77.09
903.5 45331.76 34887.77 76.96
904.6 45331.53 34857.92 76.90
905.7 45413.14 34810.66 76.65
906.7 45351.95 34763.08 76.65
907.8 45461.39 34740.10 76.42
908.9 45371.01 34628.31 76.32
909.9 45376.10 34495.79 76.02
911.0 45349.88 34409.61 75.88
912.1 45250.84 34284.81 75.77
913.1 45201.00 34155.16 75.56
914.2 45070.85 34006.65 75.45
915.2 45104.85 33901.07 75.16
916.3 45094.35 33833.33 75.03
917.3 45127.87 33722.15 74.73
918.4 44963.33 33521.54 74.55
919.4 45017.27 33386.36 74.16
920.5 45038.80 33303.92 73.94
921.5 45047.17 33183.05 73.66
922.6 44963.24 32993.06 73.38
923.6 45028.42 32874.68 73.01
924.7 45107.00 32744.50 72.59
925.7 45112.44 32596.29 72.26
926.7 45163.49 32460.23 71.87
927.8 45183.35 32288.86 71.46
928.8 45409.02 32176.85 70.86
929.9 45525.24 32100.55 70.51
930.9 45738.51 32100.30 70.18
931.9 45945.48 32048.82 69.75
932.9 46297.35 32082.44 69.30
934.0 46389.58 31959.48 68.89
935.0 46434.83 31783.29 68.45
936.0 46444.25 31566.93 67.97
937.0 46426.19 31355.22 67.54
938.1 46370.49 31140.62 67.16
939.1 46363.52 30933.05 66.72
940.1 46520.48 30774.90 66.15
941.1 46761.80 30725.49 65.71
942.1 46953.11 30693.86 65.37
943.1 47204.27 30583.85 64.79
944.1 47444.18 30536.56 64.36
945.2 47562.06 30336.60 63.78
946.2 47690.89 30177.84 63.28
947.2 47775.50 29906.50 62.60
948.2 47985.58 29819.32 62.14
949.2 48136.56 29662.34 61.62
950.2 48233.65 29392.60 60.94
951.2 48323.52 29181.18 60.39
952.2 48463.74 28960.57 59.76
953.2 48695.24 28820.84 59.19
954.2 48797.78 28680.19 58.77
955.2 48960.29 28497.44 58.21
956.2 48906.22 28241.62 57.75
957.2 49060.45 28082.44 57.24
958.2 49199.73 27983.67 56.88
959.2 49317.30 27922.05 56.62
960.1 49392.04 27819.19 56.32
961.1 49506.93 27782.37 56.12
962.1 49590.00 27680.63 55.82
963.1 49637.84 27701.24 55.81
964.1 49794.22 27680.06 55.59
965.1 50008.78 27747.49 55.49
966.1 50066.51 27698.88 55.32
967.0 50150.17 27755.56 55.34
968.0 50264.18 27730.53 55.17
969.0 50418.40 27627.40 54.80
970.0 50457.74 27712.02 54.92
971.0 50491.56 27740.74 54.94
971.9 50612.30 27774.18 54.88
972.9 50699.43 27722.41 54.68
973.9 50862.18 27690.49 54.44
974.9 50875.49 27713.54 54.47
975.8 51031.74 27729.70 54.34
976.8 51085.74 27672.69 54.17
977.8 51067.57 27716.03 54.27
978.8 51177.15 27631.58 53.99
979.7 51448.01 27704.19 53.85
980.7 51535.44 27855.38 54.05
981.7 51694.75 27999.51 54.16
982.6 52042.84 28109.86 54.01
983.6 52579.15 28433.47 54.08
984.6 52890.69 28618.94 54.11
985.5 53426.52 28810.44 53.93
986.5 54145.83 29128.08 53.80
987.5 55267.97 29879.53 54.06
988.4 56124.20 30782.95 54.85
989.4 57550.09 31459.05 54.66
990.4 59555.76 31967.43 53.68
991.3 60159.14 33232.39 55.24
992.3 61819.87 33550.97 54.27
993.2 64401.37 35005.62 54.36
994.2 65783.25 35548.26 54.04
995.2 66865.63 36090.65 53.97
996.1 67239.15 35911.82 53.41
997.1 67748.72 36968.65 54.57
998.0 68177.40 36829.50 54.02
999.0 68291.84 36313.92 53.17
1000.0 67877.72 36001.44 53.04
1000.9 69647.73 36791.32 52.82
1001.9 68518.52 36894.59 53.85
1002.8 68157.23 36169.33 53.07
1003.8 68953.18 36658.65 53.16
1004.8 68910.36 37649.70 54.64
961.5 56655.07 28327.53 50.00
965.5 55527.70 28062.38 50.54
969.5 53038.24 27324.68 51.52
973.4 50487.36 26596.02 52.68
977.4 48670.38 25959.51 53.34
981.4 47904.02 25673.80 53.59
985.3 47871.91 25751.97 53.79
989.3 48250.25 26109.70 54.11
993.3 48675.97 26521.59 54.49
997.2 48896.32 26813.16 54.84
1001.2 48932.78 27098.37 55.38
1005.2 48882.01 27422.26 56.10
1009.1 48947.63 27842.24 56.88
1013.1 49129.58 28362.48 57.73
1017.1 49323.49 28881.88 58.56
1021.0 49414.49 29324.61 59.34
1025.0 49463.51 29755.09 60.16
1029.0 49330.65 30091.16 61.00
1032.9 49190.57 30418.31 61.84
1036.9 49188.06 30823.68 62.66
1040.9 49321.15 31320.21 63.50
1044.8 49555.46 31851.73 64.27
1048.8 49763.47 32330.78 64.97
1052.7 49927.70 32728.88 65.55
1056.7 50023.36 33023.29 66.02
1060.7 50077.97 33230.71 66.36
1064.6 50107.10 33384.71 66.63
1068.6 50042.80 33431.65 66.81
1072.5 49987.91 33387.97 66.79
1076.5 49968.24 33326.82 66.70
1080.4 49982.60 33232.33 66.49
1084.4 50098.78 33140.56 66.15
1088.3 50235.79 32995.50 65.68
1092.3 50255.62 32724.69 65.12
1096.2 50256.56 32435.00 64.54
1100.2 50314.19 32165.18 63.93
1104.1 50217.00 31765.35 63.26
1108.1 50149.09 31406.34 62.63
1112.0 50046.48 30994.70 61.93
1116.0 49816.26 30443.27 61.11
1119.9 49626.65 29842.34 60.13
1123.9 49721.95 29250.48 58.83
1127.8 49701.12 28392.96 57.13
1131.8 49690.02 27283.41 54.91
1135.7 49759.69 25982.87 52.22
1139.6 49794.79 24584.64 49.37
1143.6 49779.05 23244.79 46.70
1147.5 49763.91 22118.54 44.45
1151.4 49638.34 21219.50 42.75
1155.4 49664.96 20656.72 41.59
1159.3 49707.76 20303.42 40.85
1163.2 49565.69 20002.71 40.36
1167.2 49549.38 19834.62 40.03
1171.1 49585.36 19724.76 39.78
1175.0 49527.04 19600.69 39.58
1179.0 49496.46 19489.67 39.38
1182.9 49601.09 19433.04 39.18
1186.8 49595.04 19345.24 39.01
1190.7 49374.50 19180.31 38.85
1194.7 49102.19 19019.19 38.73
1198.6 48856.50 18898.11 38.68
1202.5 48670.31 18831.21 38.69
1206.4 48530.81 18816.17 38.77
1210.3 48416.28 18841.06 38.91
1214.2 48280.28 18870.90 39.09
1218.2 48108.01 18893.17 39.27
1222.1 47952.55 18955.70 39.53
1226.0 47838.35 19046.30 39.81
1229.9 47741.34 19127.70 40.07
1233.8 47631.90 19183.64 40.27
1237.7 47561.43 19262.81 40.50
1241.6 47466.83 19327.61 40.72
1245.5 47305.84 19340.44 40.88
1249.4 47168.26 19341.71 41.01
1253.3 47043.81 19351.94 41.14
1257.2 46964.39 19385.54 41.28
1261.1 46857.20 19382.65 41.37
1265.0 46722.82 19340.37 41.39
1268.9 46520.84 19236.65 41.35
1272.8 46583.25 19209.00 41.24
1276.7 46779.70 19219.04 41.08
1280.6 46878.95 19147.78 40.85
1284.5 46815.30 18962.95 40.51
1288.4 46796.02 18772.94 40.12
1292.3 46670.25 18515.75 39.67
1296.2 46517.96 18202.80 39.13
1300.1 46340.11 17848.87 38.52
1303.9 46091.28 17433.23 37.82
1307.8 45847.70 16987.11 37.05
1311.7 45593.83 16512.44 36.22
1315.6 45327.77 16014.05 35.33
1319.5 45069.41 15481.24 34.35
1323.3 44835.68 14950.27 33.34
1327.2 44616.78 14425.95 32.33
1331.1 44372.40 13882.93 31.29
1335.0 44053.27 13333.62 30.27
1338.8 43798.92 12848.11 29.33
1342.7 43539.15 12405.55 28.49
1346.5 42992.99 11931.47 27.75
1350.4 42429.86 11483.60 27.06
1354.3 41738.36 11013.80 26.39
1358.1 41058.17 10567.32 25.74
1362.0 40701.75 10192.00 25.04
1365.8 40680.76 9870.90 24.26
1369.7 40927.57 9568.40 23.38
1373.5 40954.04 9154.22 22.35
1377.4 40635.84 8565.95 21.08
1381.2 40344.10 7863.57 19.49
1385.1 40330.05 7179.52 17.80
1389.0 40314.98 6517.79 16.17
1392.8 40168.45 5867.90 14.61
1396.6 40030.19 5291.88 13.22
1400.5 39839.74 4804.61 12.06
1404.3 39710.63 4419.65 11.13
1408.2 39758.14 4134.11 10.40
1412.0 39803.60 3913.92 9.83
1415.8 39924.96 3752.36 9.40
1419.6 39971.53 3630.98 9.08
1423.5 40011.45 3537.21 8.84
1427.3 40026.56 3464.92 8.66
1431.1 40036.50 3415.43 8.53
1434.9 39977.24 3364.87 8.42
1438.8 39952.27 3340.55 8.36
1442.6 39935.32 3328.14 8.33
1446.4 39832.71 3300.76 8.29
1450.2 39778.38 3283.84 8.26
1454.0 39690.24 3276.36 8.25
1457.8 39686.58 3279.94 8.26
1461.6 39672.17 3294.82 8.31
1465.4 39537.83 3313.04 8.38
1469.2 39343.85 3337.43 8.48
1473.0 39196.28 3376.79 8.62
1476.8 39147.43 3444.34 8.80
1480.7 39105.36 3523.33 9.01
1484.4 38999.40 3609.24 9.25
1488.2 38915.04 3716.40 9.55
1492.0 38789.89 3827.14 9.87
1495.8 38663.63 3935.75 10.18
1499.6 38551.56 4022.44 10.43
1503.4 38422.38 4063.49 10.58
1507.2 38304.64 4077.92 10.65
1510.9 38153.41 4114.31 10.78
1514.7 37980.41 4177.73 11.00
1518.5 37846.78 4250.22 11.23
1522.3 37695.53 4325.79 11.48
1526.0 37576.94 4404.85 11.72
1529.8 37508.42 4491.96 11.98
1533.6 37372.43 4574.46 12.24
1537.3 37232.31 4650.74 12.49
1541.1 37087.90 4726.70 12.74
1544.8 36940.80 4807.20 13.01
1548.6 36788.41 4884.93 13.28
1552.4 36680.39 4962.10 13.53
1556.1 36595.85 5039.31 13.77
1559.9 36510.89 5104.01 13.98
1563.6 36389.25 5176.96 14.23
1567.3 36261.08 5260.39 14.51
1571.1 36027.76 5330.02 14.79
1574.8 35864.68 5413.72 15.09
1578.6 35753.14 5490.01 15.36
1582.3 35603.27 5542.48 15.57
1586.0 35458.40 5585.08 15.75
1589.8 35308.05 5613.20 15.90
1593.5 35146.06 5642.30 16.05
1597.2 35001.78 5683.17 16.24
1600.9 34836.29 5716.74 16.41
1604.7 34670.48 5752.78 16.59
1608.4 34533.32 5793.65 16.78
1612.1 34365.30 5820.07 16.94
1615.8 34213.32 5853.80 17.11
1619.5 34118.37 5899.68 17.29
1623.2 33952.91 5923.96 17.45
1626.9 33755.41 5941.17 17.60
1630.6 33570.24 5955.62 17.74
1634.3 33414.34 5982.13 17.90
1638.0 33259.75 5986.51 18.00
1641.7 33073.14 5978.58 18.08
1645.4 32874.41 5965.85 18.15
1649.1 32674.46 5945.36 18.20
1652.8 32507.90 5931.84 18.25
1656.4 32336.26 5900.14 18.25
1660.1 32165.72 5876.66 18.27
1663.8 31960.26 5847.34 18.30
1667.5 31794.51 5817.67 18.30
1671.1 31650.46 5793.28 18.30
1674.8 31441.84 5748.51 18.28
1678.5 31371.89 5723.31 18.24
1682.1 31381.11 5707.36 18.19
1685.8 31377.26 5682.50 18.11
1689.5 31257.76 5638.12 18.04
1693.1 31118.10 5590.83 17.97
1696.8 30960.50 5533.75 17.87
1700.4 30804.02 5461.93 17.73
1704.0 30679.79 5391.57 17.57
1707.7 30408.79 5287.03 17.39
1711.3 30089.85 5170.46 17.18
1715.0 29858.81 5078.48 17.01
1718.6 29688.84 4990.87 16.81
1722.2 29536.53 4907.50 16.62
1725.9 29383.10 4823.59 16.42
1729.5 29232.64 4750.30 16.25
1733.1 29099.87 4702.04 16.16
1736.7 28972.72 4663.66 16.10
1740.3 28797.48 4607.98 16.00
1744.0 28706.48 4557.19 15.88
1747.5 28553.32 4485.52 15.71
1751.2 28328.76 4386.20 15.48
1754.8 28162.08 4302.54 15.28
1758.4 28012.00 4231.60 15.11
1762.0 27824.68 4159.25 14.95
1765.5 27686.12 4111.47 14.85
1769.1 27631.20 4080.00 14.77
1772.7 27550.98 4045.49 14.68
1776.3 27422.05 4007.22 14.61
1779.9 27285.86 3964.88 14.53
1783.5 27208.08 3930.80 14.45
1787.0 27069.17 3893.44 14.38
1790.6 26900.34 3864.43 14.37
1794.2 26761.57 3841.54 14.35
1797.8 26609.42 3820.77 14.36
1801.3 26471.41 3808.33 14.39
1804.9 26273.63 3777.38 14.38
1808.4 26121.50 3768.63 14.43
1812.0 25898.39 3754.85 14.50
1815.5 25662.18 3725.20 14.52
1819.1 25416.01 3683.23 14.49
1822.6 25229.41 3650.79 14.47
1826.2 25052.89 3625.96 14.47
1829.7 24814.53 3590.39 14.47
1833.2 24532.39 3537.70 14.42
1836.8 24323.85 3487.58 14.34
1840.3 24302.43 3465.68 14.26
1843.8 24383.87 3467.73 14.22
1847.3 24575.60 3473.60 14.13
1850.8 24780.67 3467.52 13.99
1854.3 24887.49 3444.35 13.84
1857.8 24949.60 3385.20 13.57
1861.3 24825.68 3268.10 13.16
1864.8 24392.94 3059.16 12.54
1868.3 23761.08 2798.45 11.78
1871.8 23370.24 2503.68 10.71
1875.3 23367.44 2297.30 9.83
1878.8 23464.96 2150.05 9.16
1882.3 23475.50 1989.58 8.48
1885.8 23370.21 1839.10 7.87
1889.3 23238.03 1718.25 7.39
1892.7 23179.77 1655.70 7.14
1896.2 23152.80 1630.34 7.04
1899.7 23220.17 1627.38 7.01
1903.1 23595.26 1707.55 7.24
1906.6 24198.88 1829.36 7.56
1910.0 24996.75 2001.41 8.01
1913.5 25752.93 2310.80 8.97
1917.0 26142.90 2806.30 10.73
1920.4 26070.90 3235.75 12.41
1923.8 25791.11 3250.98 12.61
1871.2 20821.49 1762.79 8.47
1873.9 21154.52 1707.40 8.07
1876.7 21427.81 1637.54 7.64
1879.5 21583.92 1456.58 6.75
1882.3 21336.24 1380.32 6.47
1885.1 21256.92 1267.14 5.96
1887.8 21210.43 1096.81 5.17
1890.6 20840.49 1122.72 5.39
1893.4 20724.00 1158.67 5.59
1896.2 20547.48 1010.87 4.92
1898.9 20291.31 989.19 4.87
1901.7 20039.24 999.32 4.99
1904.5 20117.87 962.78 4.79
1907.2 20073.50 973.75 4.85
1910.0 20055.94 925.19 4.61
1912.7 20136.77 908.76 4.51
1915.5 20171.47 933.31 4.63
1918.2 20249.79 905.32 4.47
1921.0 20279.29 876.78 4.32
1923.7 20433.55 877.11 4.29
1926.5 20471.41 876.04 4.28
1929.2 20497.01 859.39 4.19
1932.0 20543.16 884.80 4.31
1934.7 20545.33 887.97 4.32
1937.4 20505.12 849.86 4.14
1940.2 20499.13 878.97 4.29
1942.9 20605.52 904.37 4.39
1945.6 20659.82 869.76 4.21
1948.3 20631.15 854.37 4.14
1951.1 20579.37 893.97 4.34
1953.8 20577.00 900.00 4.37
1956.5 20518.75 904.49 4.41
1959.2 20559.24 905.97 4.41
1961.9 20594.78 896.98 4.36
1964.6 20533.45 931.18 4.53
1967.3 20559.00 952.30 4.63
1970.0 20438.80 914.64 4.48
1972.8 20359.28 908.98 4.46
1975.5 20390.09 954.09 4.68
1978.2 20314.44 969.44 4.77
1980.9 20180.55 979.44 4.85
1983.5 20128.58 997.56 4.96
1986.2 20128.47 963.21 4.79
1988.9 20105.19 974.85 4.85
1991.6 19969.62 1016.73 5.09
1994.3 19842.85 1010.92 5.09
1997.0 19848.87 1006.28 5.07
1999.7 19808.76 999.34 5.04
2002.3 19771.33 1012.59 5.12
2005.0 19699.41 1041.35 5.29
2007.7 19628.07 1046.33 5.33
2010.4 19553.90 1050.64 5.37
2013.0 19499.63 1049.81 5.38
2015.7 19417.11 1028.68 5.30
2018.4 19295.01 1055.24 5.47
2021.0 19232.67 1093.67 5.69
2023.7 19139.36 1079.79 5.64
2026.4 19068.83 1070.33 5.61
2029.0 18984.37 1082.49 5.70
2031.7 18877.30 1106.95 5.86
2034.3 18880.12 1098.50 5.82
2037.0 18784.50 1103.48 5.87
2039.6 18700.23 1108.45 5.93
2042.3 18636.10 1092.44 5.86
2044.9 18549.47 1113.59 6.00
2047.5 18510.20 1119.20 6.05
2050.2 18424.00 1108.80 6.02
2052.8 18356.80 1128.40 6.15
2055.4 18252.86 1145.88 6.28
2058.1 18135.60 1128.40 6.22
2060.7 18047.32 1137.57 6.30
2063.3 17962.85 1159.25 6.45
2065.9 17916.92 1139.00 6.36
2068.6 17833.17 1136.21 6.37
2071.2 17777.88 1171.80 6.59
2073.8 17705.06 1144.52 6.46
2076.4 17659.55 1139.51 6.45
2079.0 17674.90 1171.77 6.63
2081.6 17650.85 1192.85 6.76
2084.2 17570.52 1227.43 6.99
2086.8 17445.16 1219.01 6.99
2089.4 17380.26 1199.91 6.90
2092.1 17277.67 1201.33 6.95
2094.7 17190.13 1209.10 7.03
2097.2 17172.83 1204.17 7.01
2099.8 17145.47 1226.91 7.16
2102.4 17025.88 1228.32 7.21
2105.0 16909.05 1219.80 7.21
2107.6 16850.74 1236.18 7.34
2110.2 16816.98 1233.28 7.33
2112.8 16807.77 1234.10 7.34
2115.3 16803.29 1255.70 7.47
2117.9 16791.95 1265.13 7.53
2120.5 16775.83 1256.37 7.49
2123.1 16698.83 1281.15 7.67
2125.6 16656.36 1276.75 7.67
2128.2 16564.93 1261.39 7.61
2130.8 16444.35 1275.30 7.76
2133.3 16412.00 1284.80 7.83
2135.9 16317.43 1306.10 8.00
2138.4 16156.57 1305.37 8.08
2141.0 16069.75 1266.42 7.88
2143.6 16050.88 1257.69 7.84
2146.1 15893.45 1281.11 8.06
2148.7 15743.47 1289.20 8.19
2151.2 15743.20 1264.27 8.03
2153.8 15735.06 1292.12 8.21
2156.3 15634.95 1275.84 8.16
2158.8 15561.11 1278.79 8.22
2161.4 15502.34 1306.11 8.43
2163.9 15405.04 1267.78 8.23
2166.4 15333.27 1262.50 8.23
2169.0 15294.84 1253.63 8.20
2171.5 15197.27 1265.45 8.33
2174.0 15110.03 1267.35 8.39
2176.5 15084.55 1273.74 8.44
2179.1 15019.18 1276.95 8.50
2181.6 14940.67 1268.38 8.49
2184.1 14910.28 1268.96 8.51
2186.6 14910.22 1280.44 8.59
2189.1 14830.20 1248.69 8.42
2191.6 14798.00 1241.33 8.39
2194.1 14807.99 1292.13 8.73
2196.6 14775.50 1253.37 8.48
2199.2 14832.39 1255.80 8.47
2201.7 14842.43 1282.24 8.64
2204.1 14788.28 1282.75 8.67
2206.6 14763.34 1320.42 8.94
2209.1 14735.01 1286.90 8.73
2211.6 14731.80 1240.97 8.42
2214.1 14746.67 1281.16 8.69
2216.6 14699.55 1295.23 8.81
2219.1 14672.96 1272.44 8.67
2221.6 14617.60 1263.81 8.65
2224.0 14523.72 1249.68 8.60
2226.5 14497.05 1248.04 8.61
2229.0 14549.08 1244.78 8.56
2231.5 14431.44 1229.43 8.52
2233.9 14373.53 1204.53 8.38
2236.4 14401.66 1227.48 8.52
2238.9 14329.75 1212.88 8.46
2241.3 14291.27 1177.66 8.24
2243.8 14264.07 1197.09 8.39
2246.2 14157.59 1163.00 8.21
2248.7 14080.69 1153.14 8.19
2251.2 14070.44 1149.16 8.17
2253.6 14016.00 1094.40 7.81
2256.1 13958.40 1090.56 7.81
2258.5 13995.19 1091.03 7.80
2260.9 13909.55 1073.80 7.72
2263.4 13856.38 1063.22 7.67
2265.8 13836.46 1065.53 7.70
2268.3 13773.19 1062.14 7.71
2270.7 13833.35 1047.87 7.57
2273.1 13782.99 1020.11 7.40
2275.6 13693.44 983.04 7.18
2278.0 13686.11 987.74 7.22
2280.4 13653.89 1008.26 7.38
2282.8 13527.60 960.17 7.10
2285.3 13562.51 909.87 6.71
2287.7 13663.60 960.63 7.03
2290.1 13540.17 964.61 7.12
2292.5 13492.33 936.53 6.94
2294.9 13518.65 912.84 6.75
2297.3 13423.27 858.24 6.39
2299.7 13337.47 860.74 6.45
2302.1 13218.84 852.45 6.45
2304.5 13088.88 850.64 6.50
2306.9 13002.64 854.56 6.57
2309.3 12922.66 830.69 6.43
2311.7 12854.38 824.25 6.41
2314.1 12697.19 811.30 6.39
2316.5 12663.16 819.52 6.47
2318.9 12652.75 835.63 6.60
2321.3 12617.91 839.87 6.66
2323.7 12634.91 846.59 6.70
2326.1 12601.81 806.00 6.40
2328.4 12636.24 772.98 6.12
2330.8 12662.64 830.27 6.56
2333.2 12581.51 831.90 6.61
2335.6 12521.43 788.82 6.30
2337.9 12520.00 809.63 6.47
2340.3 12464.85 785.09 6.30
2342.7 12432.64 736.31 5.92
2345.0 12400.27 747.41 6.03
2347.4 12316.50 731.00 5.94
2349.7 12114.45 721.91 5.96
2352.1 12101.68 741.88 6.13
2354.4 12155.69 739.31 6.08
2356.8 12060.77 712.25 5.91
2359.2 11964.33 684.67 5.72
2361.5 11924.99 667.59 5.60
2363.8 11940.94 685.10 5.74
2366.2 11964.55 706.13 5.90
2368.5 11908.20 716.45 6.02
2370.9 11876.70 675.47 5.69
2373.2 11848.72 674.50 5.69
2375.5 11706.18 692.33 5.91
2377.9 11641.98 660.96 5.68
2380.2 11623.69 691.83 5.95
2382.5 11588.59 689.25 5.95
2384.8 11558.24 644.96 5.58
2387.2 11481.73 651.68 5.68
2389.5 11459.49 646.87 5.64
2391.8 11417.51 632.19 5.54
2394.1 11343.26 614.19 5.41
2396.4 11345.89 628.98 5.54
2398.7 11375.34 613.83 5.40
2401.0 11254.82 598.35 5.32
2403.3 11150.22 617.52 5.54
2405.6 11146.28 614.80 5.52
2407.9 11082.12 631.26 5.70
2410.2 11004.27 601.60 5.47
2412.5 10950.99 569.15 5.20
2414.8 10922.15 590.53 5.41
2417.1 10875.63 583.27 5.36
2419.4 10826.38 552.26 5.10
2421.7 10791.94 594.00 5.50
2424.0 10725.17 607.58 5.67
2426.2 10742.80 535.00 4.98
2428.5 10719.32 535.43 4.99
2430.8 10654.75 572.25 5.37
2433.1 10537.83 536.57 5.09
2435.4 10473.84 542.72 5.18
2437.6 10479.44 542.72 5.18
2439.9 10354.06 505.35 4.88
2442.2 10347.08 546.08 5.28
2444.4 10366.72 539.87 5.21
2446.7 10272.56 508.08 4.95
2448.9 10268.17 503.34 4.90
2451.2 10245.24 506.60 4.94
2453.4 10191.09 488.16 4.79
2455.7 10125.98 468.29 4.62
2457.9 10018.31 500.61 5.00
2460.2 10011.96 511.70 5.11
2462.4 10002.72 505.44 5.05
2464.7 9891.47 466.82 4.72
2466.9 9803.34 462.24 4.72
2469.2 9780.84 505.57 5.17
2471.4 9689.94 439.86 4.54
2473.6 9593.94 461.96 4.82
2475.9 9563.95 453.81 4.75
2478.1 9523.34 430.40 4.52
2480.3 9412.17 445.55 4.73
2482.5 9378.61 428.90 4.57
2484.8 9305.97 466.03 5.01
2487.0 9273.15 444.40 4.79
2489.2 9272.15 482.45 5.20
2491.4 9122.10 468.79 5.14
2493.6 9115.98 376.24 4.13
2495.8 9106.08 395.92 4.35
2498.0 9071.36 453.97 5.00
2500.2 9040.03 412.83 4.57
2502.4 9306.24 444.00 4.77
2504.6 9483.90 431.94 4.55
2506.8 9498.13 311.73 3.28
