/*** Spectra Vista SIG Data ***/
name= \My Documents\HR1024_Data\P_500[CG]2.
instrument= HR: 1091052
integration= 200, 60, 30, 200, 60, 30
scan time= 1, 1
scan settings= AD, AI, AD, AI
external data set1= 8224, 8224, 8224, 8224, 8224, 8224, 8224, 8224, 8224, 8224, 8224, 8224, 8224, 8224, 8224, 8224
external data set2= 8224, 8224, 8224, 8224, 8224, 8224, 8224, 8224, 8224, 8224, 8224, 8224, 8224, 8224, 8224, 8224
external data dark= 0,0,0,0,0,0,0,0
external data mask= 0
optic= LENS4 , LENS4 
temp= 32.98, 8.88, -5.30, 40.31, 8.88, -5.30
battery= 7.1, 6.8
error= 0, 0
units= Radiance, Radiance
time= 1/26/08 11:56:03 AM, 1/26/08 12:15:08 PM
longitude= , 
latitude= , 
gpstime= , 
comm= 
memory slot= 0, 0
factors= 
data= 
346.4 630.63 436.35 69.19
347.9 683.98 464.35 67.89
349.5 730.08 489.84 67.09
351.1 795.60 552.24 69.41
352.6 847.55 581.90 68.66
354.2 906.48 618.50 68.23
355.7 986.68 680.24 68.94
357.3 1040.25 735.11 70.67
358.8 1065.98 754.92 70.82
360.4 1143.19 819.58 71.69
361.9 1187.53 846.25 71.26
363.5 1239.58 882.94 71.23
365.1 1293.38 922.36 71.31
366.6 1353.38 983.96 72.70
368.2 1426.94 1030.75 72.24
369.7 1498.64 1090.51 72.77
371.3 1600.16 1172.13 73.25
372.8 1673.28 1231.72 73.61
374.4 1748.85 1284.94 73.47
375.9 1797.33 1340.55 74.59
377.4 1870.19 1382.31 73.91
379.0 1934.96 1438.49 74.34
380.5 1988.07 1477.20 74.30
382.1 2033.04 1518.87 74.71
383.6 2120.58 1573.43 74.20
385.2 2208.25 1644.50 74.47
386.7 2301.38 1724.68 74.94
388.3 2426.73 1815.29 74.80
389.8 2519.91 1891.31 75.05
391.3 2626.26 1971.78 75.08
392.9 2697.06 2042.71 75.74
394.4 2771.65 2106.93 76.02
395.9 2873.10 2191.72 76.28
397.5 3029.74 2290.07 75.59
399.0 3151.80 2404.02 76.27
400.6 3234.69 2456.44 75.94
402.1 3274.02 2489.70 76.04
403.6 3322.94 2536.56 76.33
405.1 3409.22 2602.62 76.34
406.7 3528.00 2696.96 76.44
408.2 3644.19 2793.29 76.65
409.7 3754.24 2887.36 76.91
411.3 3867.08 2983.50 77.15
412.8 3976.86 3066.78 77.12
414.3 4099.56 3171.96 77.37
415.8 4220.00 3262.50 77.31
417.4 4361.72 3377.55 77.44
418.9 4457.86 3453.45 77.47
420.4 4558.78 3524.40 77.31
421.9 4636.72 3591.28 77.45
423.5 4707.36 3651.94 77.58
425.0 4796.17 3717.37 77.51
426.5 4895.55 3796.90 77.56
428.0 5034.78 3895.65 77.37
429.5 5188.33 4015.18 77.39
431.1 5363.82 4142.84 77.24
432.6 5552.18 4289.10 77.25
434.1 5732.65 4442.90 77.50
435.6 5890.14 4560.80 77.43
437.1 6052.80 4687.80 77.45
438.6 6197.61 4794.60 77.36
440.1 6347.97 4902.72 77.23
441.6 6494.11 5016.26 77.24
443.1 6656.18 5143.50 77.27
444.7 6793.83 5250.53 77.28
446.2 6914.93 5348.81 77.35
447.7 7037.77 5436.90 77.25
449.2 7173.36 5544.72 77.30
450.7 7292.48 5620.16 77.07
452.2 7429.67 5722.08 77.02
453.7 7576.65 5837.08 77.04
455.2 7765.17 5984.53 77.07
456.7 7990.40 6156.48 77.05
458.2 8239.46 6357.41 77.16
459.7 8510.25 6569.50 77.20
461.2 8764.99 6767.01 77.20
462.7 8985.80 6939.83 77.23
464.2 9215.88 7122.36 77.28
465.7 9451.34 7303.48 77.27
467.2 9653.88 7453.60 77.21
468.7 9860.00 7626.00 77.34
470.2 10000.52 7753.31 77.53
471.7 10219.63 7913.50 77.43
473.2 10551.31 8138.38 77.13
474.6 10836.41 8322.90 76.81
476.1 10924.36 8386.72 76.77
477.6 10960.04 8442.70 77.03
479.1 11023.85 8497.13 77.08
480.6 11109.78 8552.25 76.98
482.1 11255.33 8673.26 77.06
483.6 11435.12 8810.78 77.05
485.1 11655.27 8988.05 77.12
486.6 11911.43 9196.35 77.21
488.0 12195.63 9405.50 77.12
489.5 12483.95 9628.63 77.13
491.0 12777.45 9866.89 77.22
492.5 13078.26 10100.70 77.23
494.0 13380.84 10339.74 77.27
495.4 13642.20 10546.80 77.31
496.9 13904.42 10758.14 77.37
498.4 14171.30 10974.17 77.44
499.9 14439.02 11186.08 77.47
501.4 14680.69 11389.62 77.58
502.8 14919.13 11572.65 77.57
504.3 15134.40 11750.40 77.64
505.8 15347.35 11928.09 77.72
507.2 15489.44 12060.48 77.86
508.7 15598.86 12159.80 77.95
510.2 15690.64 12247.55 78.06
511.6 15752.95 12303.40 78.10
513.1 15872.56 12407.45 78.17
514.6 16004.87 12525.71 78.26
516.0 16136.97 12641.49 78.34
517.5 16322.55 12803.73 78.44
519.0 16545.71 13000.68 78.57
520.5 16764.08 13203.64 78.76
521.9 17039.29 13440.19 78.88
523.4 17355.20 13715.41 79.03
524.8 17660.07 13998.72 79.27
526.3 18013.36 14293.85 79.35
527.8 18358.47 14605.94 79.56
529.2 18674.36 14883.38 79.70
530.7 19031.03 15189.45 79.81
532.1 19344.85 15459.59 79.92
533.6 19707.77 15771.98 80.03
535.0 20079.68 16096.66 80.16
536.5 20419.92 16404.55 80.34
538.0 20792.00 16732.96 80.48
539.4 21127.02 17031.24 80.61
540.9 21551.03 17372.26 80.61
542.3 21923.06 17673.98 80.62
543.8 22174.34 17891.19 80.68
545.2 22231.45 17966.40 80.82
546.6 22222.15 17987.43 80.94
548.1 22214.03 18018.66 81.11
549.5 22226.58 18032.18 81.13
551.0 22212.49 18050.08 81.26
552.4 22245.44 18095.60 81.35
553.9 22258.65 18118.38 81.40
555.3 22290.26 18173.03 81.53
556.8 22401.11 18284.34 81.62
558.2 22512.94 18402.19 81.74
559.6 22672.30 18542.70 81.79
561.1 22889.75 18750.88 81.92
562.5 23127.28 18976.81 82.05
564.0 23454.83 19270.43 82.16
565.4 23755.76 19543.03 82.27
566.8 24132.47 19885.62 82.40
568.3 24488.54 20212.92 82.54
569.7 24876.90 20556.68 82.63
571.1 25245.29 20885.72 82.73
572.6 25607.34 21225.24 82.89
574.0 25974.30 21558.90 83.00
575.4 26319.94 21871.69 83.10
576.9 26649.32 22176.00 83.21
578.3 26932.26 22447.43 83.35
579.7 27212.85 22721.90 83.50
581.1 27427.97 22931.05 83.60
582.6 27669.82 23161.67 83.71
584.0 27882.24 23360.28 83.78
585.4 28177.77 23625.25 83.84
586.8 28576.31 23962.93 83.86
588.3 29013.66 24338.34 83.89
589.7 29383.38 24647.22 83.88
591.1 29621.38 24861.01 83.93
592.5 29726.99 24975.74 84.02
594.0 29770.20 25028.28 84.07
595.4 29770.08 25046.02 84.13
596.8 29766.17 25066.47 84.21
598.2 29744.67 25058.36 84.24
599.6 29714.85 25051.14 84.31
601.0 29771.81 25102.48 84.32
602.4 29816.58 25149.65 84.35
603.9 29909.17 25240.05 84.39
605.3 30024.63 25354.88 84.45
606.7 30119.40 25443.00 84.47
608.1 30316.50 25630.31 84.54
609.5 30539.01 25843.34 84.62
610.9 30814.99 26097.26 84.69
612.3 31075.20 26332.58 84.74
613.7 31428.96 26643.44 84.77
615.1 31662.90 26864.46 84.85
616.5 31902.59 27089.19 84.91
617.9 32288.77 27446.02 85.00
619.3 32666.57 27766.50 85.00
620.7 33128.50 28170.45 85.03
622.1 33560.89 28591.68 85.19
623.5 34032.77 29068.39 85.41
624.9 34565.21 29488.20 85.31
626.3 34922.45 29783.73 85.29
627.7 34564.35 29577.18 85.57
629.1 34256.15 29468.15 86.02
630.5 34133.81 29440.76 86.25
631.9 34173.45 29336.24 85.85
633.3 34221.59 29380.66 85.85
634.7 34406.41 29615.78 86.08
636.1 34488.04 29632.97 85.92
637.5 34613.12 29674.76 85.73
638.9 34796.83 29923.14 85.99
640.2 34954.01 29997.50 85.82
641.6 35055.54 30150.90 86.01
643.0 35067.41 30311.10 86.44
644.4 35115.49 30406.92 86.59
645.8 35070.53 30220.69 86.17
647.2 35256.78 30264.91 85.84
648.5 35391.08 30484.16 86.14
649.9 35282.13 30460.56 86.33
651.3 35212.95 30441.90 86.45
652.7 35080.35 30347.55 86.51
654.1 34845.90 30154.68 86.54
655.5 34548.82 29928.51 86.63
656.8 34274.04 29696.96 86.65
658.2 34439.22 29842.05 86.65
659.6 34825.18 30189.06 86.69
660.9 35139.54 30470.88 86.71
662.3 35443.63 30761.39 86.79
663.7 35746.20 31031.70 86.81
665.0 36012.67 31291.65 86.89
666.4 36257.27 31495.38 86.87
667.8 36589.28 31794.96 86.90
669.1 36867.26 32051.29 86.94
670.5 37195.97 32306.22 86.85
671.9 37380.96 32472.72 86.87
673.2 37662.77 32760.90 86.98
674.6 37922.97 33011.52 87.05
676.0 38225.19 33284.35 87.07
677.3 38533.34 33538.86 87.04
678.7 38864.13 33849.13 87.10
680.0 39305.58 34230.82 87.09
681.4 39779.73 34666.18 87.15
682.8 40233.38 35048.65 87.11
684.1 40676.22 35448.66 87.15
685.5 41092.36 35821.28 87.17
686.8 41490.36 36171.84 87.18
688.2 41836.80 36468.93 87.17
689.5 41943.86 36575.45 87.20
690.9 42017.36 36655.22 87.24
692.2 42092.85 36712.35 87.22
693.6 42157.83 36764.06 87.21
694.9 42109.57 36702.41 87.16
696.2 42121.91 36719.21 87.17
697.6 42142.24 36734.36 87.17
698.9 42160.80 36775.20 87.23
700.3 42212.70 36827.31 87.24
701.6 42275.21 36894.53 87.27
703.0 42340.09 36957.06 87.29
704.3 42340.84 36953.96 87.28
705.6 42307.56 36911.70 87.25
707.0 42304.76 36914.89 87.26
708.3 42205.58 36819.99 87.24
709.6 42077.70 36732.68 87.30
711.0 41902.11 36575.84 87.29
712.3 41730.30 36432.46 87.30
713.6 41662.74 36397.20 87.36
714.9 41546.10 36308.40 87.39
716.3 41517.29 36295.14 87.42
717.6 41513.92 36321.67 87.49
718.9 41427.26 36219.05 87.43
720.2 41191.85 36047.76 87.51
721.6 41046.72 35927.84 87.53
722.9 40841.06 35731.86 87.49
724.2 40588.46 35516.36 87.50
725.5 40381.61 35377.71 87.61
726.8 40196.01 35196.65 87.56
728.1 40102.16 35147.79 87.65
729.5 40009.55 35085.09 87.69
730.8 39945.60 35031.79 87.70
732.1 39850.55 34945.45 87.69
733.4 39793.17 34932.34 87.78
734.7 39729.39 34868.11 87.76
736.0 39732.49 34900.84 87.84
737.3 39673.91 34897.39 87.96
738.6 39788.18 34993.72 87.95
739.9 39986.32 35196.36 88.02
741.2 40139.19 35331.66 88.02
742.5 40421.44 35598.79 88.07
743.8 40915.88 36050.44 88.11
745.1 41627.68 36711.12 88.19
746.4 42484.72 37477.90 88.22
747.7 43357.88 38252.03 88.22
749.0 44203.37 38983.11 88.19
750.3 44693.01 39429.39 88.22
751.6 44609.70 39350.00 88.21
752.9 44168.69 38922.43 88.12
754.2 43669.08 38483.87 88.13
755.4 43127.05 38024.95 88.17
756.7 42940.36 37865.56 88.18
758.0 42963.66 37901.76 88.22
759.3 43246.58 38184.45 88.29
760.6 43631.28 38552.36 88.36
761.9 43987.93 38837.82 88.29
763.1 44205.00 39045.65 88.33
764.4 44447.50 39317.09 88.46
765.7 44632.25 39442.00 88.37
767.0 44781.90 39593.67 88.41
768.2 44909.76 39718.56 88.44
769.5 44994.81 39789.95 88.43
770.8 45181.96 40000.00 88.53
772.0 45202.30 40047.87 88.60
773.3 45281.34 40126.22 88.62
774.6 45399.45 40217.55 88.59
775.8 45492.85 40305.20 88.60
777.1 45515.93 40317.91 88.58
778.4 45431.52 40264.54 88.63
779.6 45395.43 40254.99 88.68
780.9 45316.00 40208.00 88.73
782.1 45111.08 40053.04 88.79
783.4 45111.04 40044.16 88.77
784.6 45106.92 40060.80 88.81
785.9 45393.88 40336.24 88.86
787.1 45996.98 40870.52 88.85
788.4 46441.69 41253.03 88.83
789.6 46399.50 41186.69 88.77
790.9 45932.90 40781.83 88.79
792.1 45403.52 40308.80 88.78
793.4 44896.14 39873.60 88.81
794.6 44551.89 39568.71 88.81
795.8 44231.81 39286.26 88.82
797.1 43906.28 39033.90 88.90
798.3 43659.83 38800.16 88.87
799.5 43520.02 38689.99 88.90
800.8 43336.38 38579.45 89.02
802.0 43170.52 38424.52 89.01
803.2 42985.20 38270.84 89.03
804.5 42855.21 38129.20 88.97
805.7 42692.40 38002.57 89.01
806.9 42512.38 37860.68 89.06
808.1 42409.86 37775.67 89.07
809.4 42316.73 37702.09 89.10
810.6 42192.15 37592.10 89.10
811.8 42172.17 37553.94 89.05
813.0 42163.23 37564.95 89.09
814.2 42178.96 37607.75 89.16
815.4 42279.13 37677.64 89.12
816.6 42301.14 37696.29 89.11
817.9 42349.13 37746.48 89.13
819.1 42261.23 37661.24 89.12
820.3 42104.76 37564.70 89.22
821.5 41970.20 37424.71 89.17
822.7 41937.17 37350.22 89.06
823.9 41911.59 37366.13 89.15
825.1 41906.00 37364.67 89.16
826.3 41927.28 37407.49 89.22
827.5 41996.16 37444.12 89.16
828.7 42070.56 37496.88 89.13
829.9 42094.44 37567.66 89.25
831.0 42223.46 37642.24 89.15
832.2 42314.37 37714.98 89.13
833.4 42402.89 37778.30 89.09
834.6 42482.81 37860.94 89.12
835.8 42572.25 37965.38 89.18
837.0 42673.89 38016.05 89.09
838.1 42851.66 38164.24 89.06
839.3 42953.40 38253.85 89.06
840.5 43102.99 38350.47 88.97
841.7 43251.71 38481.48 88.97
842.9 43400.31 38627.09 89.00
844.0 43549.44 38708.90 88.88
845.2 43705.60 38831.90 88.85
846.4 43839.60 38945.25 88.84
847.5 44086.39 39157.37 88.82
848.7 44310.84 39305.65 88.70
849.9 44519.86 39496.84 88.72
851.0 44600.35 39528.95 88.63
852.2 44693.32 39586.69 88.57
853.3 44699.49 39577.05 88.54
854.5 44750.58 39607.31 88.51
855.6 44778.78 39599.01 88.43
856.8 44851.95 39619.22 88.33
857.9 44871.50 39628.22 88.31
859.1 45012.00 39742.00 88.29
860.2 45071.56 39746.12 88.18
861.4 45164.68 39790.51 88.10
862.5 45221.87 39804.03 88.02
863.7 45380.27 39880.62 87.88
864.8 45412.85 39900.00 87.86
865.9 45403.93 39843.99 87.75
867.1 45474.25 39852.45 87.64
868.2 45524.97 39858.68 87.55
869.3 45589.41 39860.75 87.43
870.5 45539.97 39839.43 87.48
871.6 45562.59 39872.71 87.51
872.7 45700.60 39946.59 87.41
873.9 45747.35 40049.49 87.54
875.0 45745.04 40046.83 87.54
876.1 45783.66 40060.70 87.50
877.2 45820.13 40102.40 87.52
878.3 45822.65 40135.64 87.59
879.4 45871.99 40197.86 87.63
880.5 45962.28 40224.24 87.52
881.7 45908.85 40205.10 87.58
882.8 46012.72 40232.05 87.44
883.9 46073.21 40275.74 87.42
885.0 46039.40 40219.04 87.36
886.1 46025.94 40156.38 87.25
887.2 45905.76 40032.84 87.21
888.3 45807.80 39953.68 87.22
889.4 45707.30 39795.94 87.07
890.5 45592.32 39757.08 87.20
891.6 45545.58 39699.00 87.16
892.7 45554.16 39655.19 87.05
893.8 45579.45 39683.28 87.06
894.9 45613.48 39633.33 86.89
896.0 45529.58 39646.80 87.08
897.0 45627.02 39625.89 86.85
898.1 45583.05 39620.48 86.92
899.2 45607.22 39638.96 86.91
900.3 45541.50 39550.68 86.85
901.4 45412.27 39416.38 86.80
902.4 45437.06 39433.08 86.79
903.5 45388.81 39380.07 86.76
904.6 45388.82 39412.08 86.83
905.7 45374.76 39406.67 86.85
906.7 45323.04 39310.80 86.73
907.8 45383.91 39408.27 86.83
908.9 45302.99 39375.31 86.92
909.9 45307.76 39323.35 86.79
911.0 45202.77 39298.65 86.94
912.1 45152.49 39192.48 86.80
913.1 45072.56 39114.92 86.78
914.2 44921.94 39025.00 86.87
915.2 44915.04 38961.00 86.74
916.3 44853.15 39034.20 87.03
917.3 44875.31 38995.65 86.90
918.4 44790.35 38888.85 86.82
919.4 44699.60 38858.52 86.93
920.5 44708.24 38840.80 86.88
921.5 44702.98 38883.04 86.98
922.6 44636.74 38812.26 86.95
923.6 44687.86 38770.63 86.76
924.7 44720.00 38893.50 86.97
925.7 44710.62 38824.50 86.84
926.7 44757.60 38866.71 86.84
927.8 44773.30 38921.74 86.93
928.8 44894.28 39008.34 86.89
929.9 45005.21 39126.61 86.94
930.9 45213.30 39264.78 86.84
931.9 45414.99 39475.75 86.92
932.9 45762.26 39713.36 86.78
934.0 45803.71 39792.63 86.88
935.0 45810.36 39765.94 86.81
936.0 45840.15 39728.13 86.67
937.0 45795.75 39729.30 86.75
938.1 45737.41 39741.02 86.89
939.1 45690.54 39669.77 86.82
940.1 45792.08 39685.66 86.66
941.1 45974.44 39946.22 86.89
942.1 46240.75 40154.47 86.84
943.1 46430.63 40317.67 86.83
944.1 46685.58 40539.70 86.84
945.2 46780.86 40622.40 86.84
946.2 46886.15 40672.48 86.75
947.2 46973.00 40780.38 86.82
948.2 47156.13 40887.68 86.71
949.2 47321.63 40967.88 86.57
950.2 47306.35 41054.10 86.78
951.2 47423.88 41140.68 86.75
952.2 47533.98 41287.16 86.86
953.2 47748.84 41405.00 86.71
954.2 47923.43 41591.93 86.79
955.2 47900.28 41663.10 86.98
956.2 47872.99 41595.34 86.89
957.2 47942.90 41700.58 86.98
958.2 48058.20 41763.51 86.90
959.2 48218.40 41891.40 86.88
960.1 48234.68 41886.22 86.84
961.1 48358.04 41969.48 86.79
962.1 48485.63 42055.31 86.74
963.1 48452.08 42085.45 86.86
964.1 48561.50 42211.15 86.92
965.1 48761.92 42316.60 86.78
966.1 48787.80 42335.22 86.77
967.0 48997.06 42462.77 86.66
968.0 48996.14 42468.86 86.68
969.0 49091.60 42628.80 86.84
970.0 49111.31 42577.85 86.70
971.0 49170.03 42744.66 86.93
971.9 49289.72 42747.68 86.73
972.9 49420.88 42782.25 86.57
973.9 49398.70 42825.90 86.69
974.9 49421.14 43065.07 87.14
975.8 49584.23 43056.25 86.83
976.8 49645.86 43136.41 86.89
977.8 49761.42 43294.34 87.00
978.8 49883.25 43277.55 86.76
979.7 50017.88 43343.94 86.66
980.7 50024.37 43343.85 86.65
981.7 50216.51 43607.93 86.84
982.6 50458.51 43785.12 86.77
983.6 51132.02 44271.54 86.58
984.6 51562.39 44800.11 86.89
985.5 52257.60 45175.32 86.45
986.5 53039.20 45767.06 86.29
987.5 54168.11 47202.33 87.14
988.4 55057.20 47801.60 86.82
989.4 56551.39 49061.14 86.75
990.4 58242.03 50213.68 86.22
991.3 59136.61 51808.44 87.61
992.3 60254.81 52429.51 87.01
993.2 62830.60 54079.20 86.07
994.2 63759.15 55915.76 87.70
995.2 64907.22 56514.05 87.07
996.1 65710.99 57764.54 87.91
997.1 66771.58 57325.84 85.85
998.0 65779.20 57899.40 88.02
999.0 67569.18 58174.53 86.10
1000.0 65627.63 57002.28 86.86
1000.9 66106.32 57449.54 86.90
1001.9 66896.78 59193.51 88.48
1002.8 66066.52 57703.67 87.34
1003.8 66771.11 58479.28 87.58
1004.8 64803.12 57957.72 89.44
961.5 59942.22 46793.60 78.06
965.5 58683.65 46145.14 78.63
969.5 56453.82 44982.61 79.68
973.4 54183.76 43635.50 80.53
977.4 52184.81 42557.05 81.55
981.4 51194.56 42164.72 82.36
985.3 50809.00 42076.41 82.81
989.3 50771.60 42202.97 83.12
993.3 50798.35 42398.62 83.46
997.2 50697.53 42416.35 83.67
1001.2 50579.49 42352.83 83.74
1005.2 50486.54 42265.80 83.72
1009.1 50560.95 42324.23 83.71
1013.1 50727.98 42465.60 83.71
1017.1 50849.68 42594.41 83.77
1021.0 50849.88 42613.20 83.80
1025.0 50810.76 42578.76 83.80
1029.0 50630.25 42415.70 83.78
1032.9 50480.43 42250.91 83.70
1036.9 50465.40 42199.34 83.62
1040.9 50583.57 42232.19 83.49
1044.8 50808.96 42359.11 83.37
1048.8 51011.12 42498.62 83.31
1052.7 51152.74 42606.38 83.29
1056.7 51218.34 42640.06 83.25
1060.7 51244.53 42656.93 83.24
1064.6 51271.85 42661.06 83.21
1068.6 51212.40 42579.16 83.14
1072.5 51129.80 42505.18 83.13
1076.5 51067.99 42481.14 83.19
1080.4 51059.78 42472.67 83.18
1084.4 51173.05 42540.48 83.13
1088.3 51270.71 42621.12 83.13
1092.3 51246.52 42558.40 83.05
1096.2 51213.59 42454.68 82.90
1100.2 51236.75 42329.78 82.62
1104.1 51113.59 41967.59 82.11
1108.1 51042.38 41495.17 81.30
1112.0 50923.58 40959.14 80.43
1116.0 50680.63 40494.55 79.90
1119.9 50469.69 40130.65 79.51
1123.9 50510.21 39806.93 78.81
1127.8 50453.76 39171.84 77.64
1131.8 50410.11 38526.72 76.43
1135.7 50431.75 38266.17 75.88
1139.6 50412.72 38436.95 76.24
1143.6 50359.32 38851.85 77.15
1147.5 50310.97 39272.31 78.06
1151.4 50143.03 39421.95 78.62
1155.4 50134.85 39529.33 78.85
1159.3 50144.08 39505.14 78.78
1163.2 49963.74 39216.50 78.49
1167.2 49935.24 39007.26 78.12
1171.1 49953.49 38874.53 77.82
1175.0 49867.99 38738.67 77.68
1179.0 49819.26 38708.59 77.70
1182.9 49917.95 38897.42 77.92
1186.8 49905.20 39119.13 78.39
1190.7 49670.39 39209.98 78.94
1194.7 49404.69 39241.42 79.43
1198.6 49164.89 39251.52 79.84
1202.5 49001.90 39233.99 80.07
1206.4 48884.92 39193.20 80.17
1210.3 48777.95 39132.23 80.23
1214.2 48660.86 39055.33 80.26
1218.2 48519.81 38938.73 80.25
1222.1 48391.40 38848.05 80.28
1226.0 48286.77 38828.14 80.41
1229.9 48199.26 38834.16 80.57
1233.8 48101.55 38827.53 80.72
1237.7 48042.85 38828.05 80.82
1241.6 47954.67 38758.89 80.82
1245.5 47801.28 38584.21 80.72
1249.4 47677.41 38395.90 80.53
1253.3 47548.54 38190.25 80.32
1257.2 47470.59 38029.45 80.11
1261.1 47367.50 37843.85 79.89
1265.0 47247.17 37678.38 79.75
1268.9 47057.34 37500.70 79.69
1272.8 47119.05 37534.50 79.66
1276.7 47328.98 37655.43 79.56
1280.6 47427.97 37661.64 79.41
1284.5 47354.06 37521.83 79.24
1288.4 47330.17 37412.34 79.05
1292.3 47195.50 37229.50 78.88
1296.2 47036.33 37002.68 78.67
1300.1 46870.36 36758.23 78.43
1303.9 46619.88 36462.83 78.21
1307.8 46362.46 36176.99 78.03
1311.7 46091.30 35926.81 77.95
1315.6 45825.96 35705.47 77.92
1319.5 45558.05 35497.66 77.92
1323.3 45306.73 35311.34 77.94
1327.2 45081.41 35119.38 77.90
1331.1 44830.46 34864.56 77.77
1335.0 44517.46 34514.17 77.53
1338.8 44295.06 34211.11 77.23
1342.7 44103.48 33884.41 76.83
1346.5 43706.23 33301.74 76.19
1350.4 43365.23 32720.74 75.45
1354.3 42904.30 32080.64 74.77
1358.1 42414.00 31486.14 74.24
1362.0 42133.73 31100.89 73.81
1365.8 42044.97 30890.86 73.47
1369.7 42179.02 30822.84 73.08
1373.5 42126.10 30592.39 72.62
1377.4 41845.31 30210.96 72.20
1381.2 41626.26 29895.53 71.82
1385.1 41605.67 29710.23 71.41
1389.0 41500.27 29451.15 70.97
1392.8 41279.89 29124.78 70.55
1396.6 41128.69 28872.10 70.20
1400.5 40917.36 28589.26 69.87
1404.3 40743.76 28336.34 69.55
1408.2 40714.23 28172.89 69.20
1412.0 40658.86 27982.11 68.82
1415.8 40688.80 27822.87 68.38
1419.6 40646.12 27589.75 67.88
1423.5 40609.62 27343.91 67.33
1427.3 40564.30 27111.45 66.84
1431.1 40541.03 26923.50 66.41
1434.9 40441.04 26733.43 66.10
1438.8 40382.86 26601.67 65.87
1442.6 40343.84 26507.38 65.70
1446.4 40196.90 26371.51 65.61
1450.2 40086.31 26259.25 65.51
1454.0 39952.44 26131.08 65.41
1457.8 39925.25 26059.95 65.27
1461.6 39899.87 25980.57 65.11
1465.4 39763.25 25832.57 64.97
1469.2 39564.53 25657.45 64.85
1473.0 39396.65 25518.34 64.77
1476.8 39327.39 25440.70 64.69
1480.7 39262.61 25351.60 64.57
1484.4 39136.20 25200.84 64.39
1488.2 39038.16 25036.68 64.13
1492.0 38896.77 24809.34 63.78
1495.8 38756.90 24524.50 63.28
1499.6 38633.61 24155.12 62.52
1503.4 38493.31 23715.12 61.61
1507.2 38360.25 23265.00 60.65
1510.9 38195.59 22792.70 59.67
1514.7 38022.72 22320.39 58.70
1518.5 37900.97 21920.22 57.84
1522.3 37750.02 21621.86 57.28
1526.0 37629.32 21417.10 56.92
1529.8 37568.00 21273.04 56.63
1533.6 37446.52 21139.55 56.45
1537.3 37311.54 20994.34 56.27
1541.1 37176.81 20766.73 55.86
1544.8 37039.20 20496.00 55.34
1548.6 36901.40 20239.28 54.85
1552.4 36801.24 20005.51 54.36
1556.1 36709.12 19752.36 53.81
1559.9 36606.65 19460.83 53.16
1563.6 36470.47 19178.89 52.59
1567.3 36356.68 19005.28 52.27
1571.1 36135.22 18865.20 52.21
1574.8 35991.19 18788.08 52.20
1578.6 35886.86 18702.82 52.12
1582.3 35744.22 18552.97 51.90
1586.0 35609.35 18389.30 51.64
1589.8 35457.22 18186.95 51.29
1593.5 35302.19 17954.95 50.86
1597.2 35165.05 17745.79 50.46
1600.9 35016.52 17544.30 50.10
1604.7 34867.53 17361.68 49.79
1608.4 34730.61 17188.46 49.49
1612.1 34557.54 16989.21 49.16
1615.8 34413.02 16789.07 48.79
1619.5 34337.68 16600.08 48.34
1623.2 34189.48 16345.19 47.81
1626.9 34000.04 16007.00 47.08
1630.6 33831.60 15541.24 45.94
1634.3 33692.41 15037.54 44.63
1638.0 33541.83 14656.47 43.70
1641.7 33356.57 14510.48 43.50
1645.4 33161.69 14541.16 43.85
1649.1 32972.09 14578.86 44.22
1652.8 32801.54 14525.31 44.28
1656.4 32621.94 14321.83 43.90
1660.1 32453.88 14009.02 43.17
1663.8 32259.22 13646.14 42.30
1667.5 32099.10 13371.50 41.66
1671.1 31958.82 13270.82 41.52
1674.8 31759.13 13305.10 41.89
1678.5 31706.08 13468.13 42.48
1682.1 31722.89 13624.62 42.95
1685.8 31732.56 13720.34 43.24
1689.5 31624.03 13792.83 43.62
1693.1 31483.08 13945.08 44.29
1696.8 31338.13 14145.50 45.14
1700.4 31185.14 14322.97 45.93
1704.0 31062.51 14454.86 46.53
1707.7 30798.04 14423.52 46.83
1711.3 30495.47 14289.75 46.86
1715.0 30277.23 14142.77 46.71
1718.6 30100.95 13971.08 46.41
1722.2 29962.74 13788.21 46.02
1725.9 29812.62 13626.21 45.71
1729.5 29667.76 13520.10 45.57
1733.1 29538.89 13475.18 45.62
1736.7 29414.14 13460.79 45.76
1740.3 29250.14 13407.21 45.84
1744.0 29154.53 13393.64 45.94
1747.5 29000.44 13363.30 46.08
1751.2 28775.51 13294.79 46.20
1754.8 28605.69 13248.68 46.31
1758.4 28462.58 13195.44 46.36
1762.0 28276.20 13101.28 46.33
1765.5 28135.25 13046.33 46.37
1769.1 28084.80 13065.60 46.52
1772.7 28003.71 13083.08 46.72
1776.3 27877.58 13098.37 46.99
1779.9 27744.38 13128.01 47.32
1783.5 27681.76 13181.20 47.62
1787.0 27561.47 13189.72 47.86
1790.6 27400.03 13175.22 48.08
1794.2 27283.58 13181.87 48.31
1797.8 27171.37 13194.37 48.56
1801.3 27078.88 13198.06 48.74
1804.9 26927.25 13164.38 48.89
1808.4 26839.46 13160.84 49.04
1812.0 26683.02 13121.60 49.18
1815.5 26515.64 13074.34 49.31
1819.1 26311.24 12996.47 49.40
1822.6 26144.27 12949.48 49.53
1826.2 26001.22 12921.34 49.70
1829.7 25808.19 12875.58 49.89
1833.2 25554.19 12801.79 50.10
1836.8 25320.75 12727.26 50.26
1840.3 25192.67 12719.52 50.49
1843.8 25093.88 12756.17 50.83
1847.3 25048.77 12830.66 51.22
1850.8 25006.46 12882.24 51.52
1854.3 24882.94 12886.78 51.79
1857.8 24809.20 12890.80 51.96
1861.3 24778.14 12858.49 51.89
1864.8 24674.08 12758.76 51.71
1868.3 24414.78 12611.37 51.65
1871.8 24184.32 12518.40 51.76
1875.3 24125.47 12507.50 51.84
1878.8 24137.81 12521.35 51.87
1882.3 24078.64 12470.14 51.79
1885.8 23884.19 12359.71 51.75
1889.3 23688.44 12202.88 51.51
1892.7 23560.49 12041.44 51.11
1896.2 23413.27 11894.75 50.80
1899.7 23209.25 11741.15 50.59
1903.1 23142.50 11707.08 50.59
1906.6 23284.20 11730.36 50.38
1910.0 23641.63 11904.21 50.35
1913.5 24082.47 12277.88 50.98
1917.0 24628.98 12702.20 51.57
1920.4 25053.95 13174.13 52.58
1923.8 25086.73 13329.02 53.13
1871.2 21828.79 11011.69 50.45
1873.9 21992.11 11221.56 51.03
1876.7 22156.72 11332.98 51.15
1879.5 22368.96 11406.75 50.99
1882.3 22103.08 11277.08 51.02
1885.1 21946.52 11180.14 50.94
1887.8 22068.08 11174.23 50.64
1890.6 21822.87 10993.30 50.38
1893.4 21750.67 10860.67 49.93
1896.2 21682.13 10672.59 49.22
1898.9 21614.52 10527.84 48.71
1901.7 21461.80 10357.62 48.26
1904.5 21657.26 10315.50 47.63
1907.2 21622.00 10184.00 47.10
1910.0 21512.91 10086.34 46.89
1912.7 21473.88 10048.37 46.79
1915.5 21387.02 9931.44 46.44
1918.2 21326.87 9879.78 46.33
1921.0 21159.50 9806.13 46.34
1923.7 21210.60 9801.57 46.21
1926.5 21207.41 9776.51 46.10
1929.2 21180.03 9761.09 46.09
1932.0 21153.04 9758.08 46.13
1934.7 21108.13 9717.68 46.04
1937.4 20985.88 9652.39 45.99
1940.2 20941.69 9674.85 46.20
1942.9 21040.95 9765.32 46.41
1945.6 21034.30 9811.98 46.65
1948.3 20953.04 9804.16 46.79
1951.1 20946.59 9800.56 46.79
1953.8 20949.00 9849.00 47.01
1956.5 20812.26 9820.61 47.19
1959.2 20870.20 9861.02 47.25
1961.9 20880.86 9920.42 47.51
1964.6 20765.50 9894.85 47.65
1967.3 20814.13 9935.37 47.73
1970.0 20648.96 9871.60 47.81
1972.8 20547.54 9842.82 47.90
1975.5 20609.59 9886.28 47.97
1978.2 20556.80 9837.48 47.86
1980.9 20442.90 9765.25 47.77
1983.5 20332.16 9713.83 47.78
1986.2 20335.08 9687.39 47.64
1988.9 20352.54 9643.74 47.38
1991.6 20178.18 9506.86 47.11
1994.3 20021.93 9332.21 46.61
1997.0 20047.82 9220.90 45.99
1999.7 20006.90 9008.42 45.03
2002.3 19987.08 8779.59 43.93
2005.0 19903.66 8641.51 43.42
2007.7 19802.93 8476.73 42.81
2010.4 19742.33 8308.05 42.08
2013.0 19684.56 8159.46 41.45
2015.7 19550.67 7911.20 40.47
2018.4 19445.35 7673.18 39.46
2021.0 19399.83 7539.50 38.86
2023.7 19272.21 7516.11 39.00
2026.4 19215.30 7599.37 39.55
2029.0 19139.02 7653.36 39.99
2031.7 19015.32 7590.92 39.92
2034.3 19009.68 7475.43 39.32
2037.0 18888.65 7279.59 38.54
2039.6 18809.95 7131.80 37.92
2042.3 18768.09 7110.70 37.89
2044.9 18678.50 7180.80 38.44
2047.5 18656.06 7354.71 39.42
2050.2 18564.00 7506.80 40.44
2052.8 18496.80 7649.60 41.36
2055.4 18370.53 7704.58 41.94
2058.1 18222.40 7677.60 42.13
2060.7 18164.71 7689.05 42.33
2063.3 18093.83 7643.83 42.25
2065.9 18025.79 7557.04 41.92
2068.6 17958.79 7492.83 41.72
2071.2 17950.86 7413.03 41.30
2073.8 17825.38 7314.84 41.04
2076.4 17752.17 7244.01 40.81
2079.0 17784.49 7176.74 40.35
2081.6 17757.76 7092.41 39.94
2084.2 17714.42 7040.06 39.74
2086.8 17575.26 6937.90 39.48
2089.4 17476.70 6771.12 38.74
2092.1 17379.67 6652.67 38.28
2094.7 17322.90 6568.13 37.92
2097.2 17308.83 6488.33 37.49
2099.8 17282.11 6422.08 37.16
2102.4 17168.05 6295.14 36.67
2105.0 17051.55 6150.30 36.07
2107.6 16978.92 6021.38 35.46
2110.2 16924.97 5879.41 34.74
2112.8 16902.26 5720.94 33.85
2115.3 16895.66 5634.77 33.35
2117.9 16908.01 5585.71 33.04
2120.5 16886.60 5532.67 32.76
2123.1 16792.43 5507.78 32.80
2125.6 16744.21 5490.63 32.79
2128.2 16658.59 5440.67 32.66
2130.8 16549.65 5376.15 32.48
2133.3 16508.80 5306.40 32.14
2135.9 16408.62 5242.05 31.95
2138.4 16250.87 5115.41 31.48
2141.0 16149.08 4992.23 30.91
2143.6 16130.03 4945.72 30.66
2146.1 15975.72 4807.11 30.09
2148.7 15802.20 4722.16 29.88
2151.2 15798.93 4740.27 30.00
2153.8 15823.36 4765.26 30.12
2156.3 15717.64 4813.93 30.63
2158.8 15646.76 4887.77 31.24
2161.4 15629.12 4944.36 31.64
2163.9 15531.82 4953.20 31.89
2166.4 15439.71 4928.76 31.92
2169.0 15407.19 4919.89 31.93
2171.5 15330.32 4851.89 31.65
2174.0 15229.03 4795.70 31.49
2176.5 15192.19 4822.87 31.75
2179.1 15136.64 4821.68 31.85
2181.6 15050.17 4805.83 31.93
2184.1 15027.32 4847.92 32.26
2186.6 15051.45 4889.52 32.49
2189.1 14948.97 4892.04 32.72
2191.6 14892.73 4926.13 33.08
2194.1 14904.32 4982.50 33.43
2196.6 14914.76 5027.07 33.71
2199.2 14971.93 5103.43 34.09
2201.7 14888.99 5150.44 34.59
2204.1 14839.59 5156.66 34.75
2206.6 14849.13 5210.81 35.09
2209.1 14825.85 5261.15 35.49
2211.6 14838.39 5272.23 35.53
2214.1 14807.49 5261.51 35.53
2216.6 14760.32 5272.09 35.72
2219.1 14771.72 5264.49 35.64
2221.6 14667.09 5245.59 35.76
2224.0 14588.49 5234.94 35.88
2226.5 14584.57 5201.44 35.66
2229.0 14625.21 5207.52 35.61
2231.5 14492.72 5139.86 35.47
2233.9 14462.04 5075.95 35.10
2236.4 14490.44 5056.60 34.90
2238.9 14372.38 4983.25 34.67
2241.3 14369.01 4959.39 34.51
2243.8 14353.46 4901.09 34.15
2246.2 14192.48 4776.05 33.65
2248.7 14165.54 4693.56 33.13
2251.2 14158.84 4596.63 32.46
2253.6 14077.44 4508.16 32.02
2256.1 14069.76 4431.36 31.50
2258.5 14052.82 4391.03 31.25
2260.9 13974.74 4364.23 31.23
2263.4 13979.21 4318.13 30.89
2265.8 13940.32 4296.73 30.82
2268.3 13823.21 4310.13 31.18
2270.7 13902.44 4333.48 31.17
2273.1 13859.69 4345.06 31.35
2275.6 13793.28 4354.56 31.57
2278.0 13820.63 4354.50 31.51
2280.4 13780.88 4398.65 31.92
2282.8 13643.75 4390.47 32.18
2285.3 13694.71 4389.93 32.06
2287.7 13772.94 4439.99 32.24
2290.1 13623.19 4392.15 32.24
2292.5 13587.57 4369.14 32.16
2294.9 13621.40 4362.64 32.03
2297.3 13518.19 4259.54 31.51
2299.7 13416.44 4137.85 30.84
2302.1 13368.12 4046.18 30.27
2304.5 13230.00 3920.00 29.63
2306.9 13132.00 3771.04 28.72
2309.3 13055.89 3698.91 28.33
2311.7 12972.13 3642.40 28.08
2314.1 12811.40 3607.51 28.16
2316.5 12745.90 3609.04 28.32
2318.9 12782.83 3602.68 28.18
2321.3 12752.61 3605.12 28.27
2323.7 12794.64 3609.97 28.21
2326.1 12779.13 3578.64 28.00
2328.4 12774.57 3616.75 28.31
2330.8 12850.78 3713.72 28.90
2333.2 12766.83 3731.21 29.23
2335.6 12679.19 3819.53 30.12
2337.9 12711.97 3935.45 30.96
2340.3 12649.58 3950.63 31.23
2342.7 12593.44 3982.00 31.62
2345.0 12548.90 4051.32 32.28
2347.4 12490.75 4118.25 32.97
2349.7 12332.30 4066.63 32.98
2352.1 12260.35 4125.38 33.65
2354.4 12293.23 4199.47 34.16
2356.8 12267.97 4187.17 34.13
2359.2 12202.67 4190.33 34.34
2361.5 12151.88 4153.89 34.18
2363.8 12147.35 4128.17 33.98
2366.2 12114.60 4108.81 33.92
2368.5 12055.05 4027.25 33.41
2370.9 12078.00 3945.48 32.67
2373.2 12073.55 3876.13 32.10
2375.5 11918.85 3746.70 31.44
2377.9 11847.11 3687.69 31.13
2380.2 11871.10 3738.64 31.49
2382.5 11795.37 3790.88 32.14
2384.8 11725.28 3786.24 32.29
2387.2 11706.77 3806.93 32.52
2389.5 11690.85 3810.39 32.59
2391.8 11683.69 3736.12 31.98
2394.1 11631.16 3709.11 31.89
2396.4 11573.29 3701.33 31.98
2398.7 11628.67 3756.06 32.30
2401.0 11516.91 3738.42 32.46
2403.3 11364.36 3690.18 32.47
2405.6 11396.20 3703.77 32.50
2407.9 11327.61 3752.49 33.13
2410.2 11249.92 3780.05 33.60
2412.5 11215.24 3735.03 33.30
2414.8 11184.03 3738.28 33.43
2417.1 11138.88 3700.92 33.23
2419.4 11144.19 3652.21 32.77
2421.7 11023.23 3611.33 32.76
2424.0 10957.63 3560.97 32.50
2426.2 11021.00 3461.45 31.41
2428.5 10919.43 3374.80 30.91
2430.8 10910.90 3313.60 30.37
2433.1 10869.73 3213.90 29.57
2435.4 10753.59 3211.53 29.86
2437.6 10731.21 3194.75 29.77
2439.9 10623.58 3105.10 29.23
2442.2 10642.87 3054.64 28.70
2444.4 10630.91 2992.28 28.15
2446.7 10506.16 2879.12 27.40
2448.9 10564.25 2765.42 26.18
2451.2 10584.96 2574.72 24.32
2453.4 10444.21 2446.83 23.43
2455.7 10436.14 2384.01 22.84
2457.9 10354.08 2222.22 21.46
2460.2 10295.55 2114.60 20.54
2462.4 10283.52 2115.36 20.57
2464.7 10150.11 2138.53 21.07
2466.9 10098.66 2112.18 20.92
2469.2 10156.77 2145.43 21.12
2471.4 10037.89 2173.02 21.65
2473.6 9935.38 2202.66 22.17
2475.9 9895.84 2289.39 23.13
2478.1 9796.61 2274.95 23.22
2480.3 9746.33 2283.43 23.43
2482.5 9728.88 2373.25 24.39
2484.8 9691.90 2388.39 24.64
2487.0 9643.48 2347.91 24.35
2489.2 9626.45 2351.96 24.43
2491.4 9537.09 2420.78 25.38
2493.6 9539.25 2422.05 25.39
2495.8 9525.76 2399.26 25.19
2498.0 9476.69 2440.11 25.75
2500.2 9528.68 2434.83 25.55
2502.4 9759.12 2504.16 25.66
2504.6 9850.11 2591.64 26.31
2506.8 9985.21 2591.28 25.95
