/*** Spectra Vista SIG Data ***/
name= \My Documents\HR1024_Data\P_500[CG]1.
instrument= HR: 1091052
integration= 200, 60, 30, 200, 60, 30
scan time= 1, 1
scan settings= AD, AI, AD, AI
external data set1= 8224, 8224, 8224, 8224, 8224, 8224, 8224, 8224, 8224, 8224, 8224, 8224, 8224, 8224, 8224, 8224
external data set2= 8224, 8224, 8224, 8224, 8224, 8224, 8224, 8224, 8224, 8224, 8224, 8224, 8224, 8224, 8224, 8224
external data dark= 0,0,0,0,0,0,0,0
external data mask= 0
optic= LENS4 , LENS4 
temp= 32.98, 8.88, -5.30, 39.99, 8.88, -5.30
battery= 7.1, 6.8
error= 0, 0
units= Radiance, Radiance
time= 1/26/08 11:56:03 AM, 1/26/08 12:14:13 PM
longitude= , 
latitude= , 
gpstime= , 
comm= 
memory slot= 0, 0
factors= 
data= 
346.4 630.63 452.27 71.72
347.9 683.98 489.45 71.56
349.5 730.08 514.80 70.51
351.1 795.60 558.48 70.20
352.6 847.55 610.36 72.01
354.2 906.48 647.96 71.48
355.7 986.68 710.54 72.01
357.3 1040.25 766.32 73.67
358.8 1065.98 789.87 74.10
360.4 1143.19 865.31 75.69
361.9 1187.53 884.56 74.49
363.5 1239.58 927.95 74.86
365.1 1293.38 953.56 73.73
366.6 1353.38 1008.13 74.49
368.2 1426.94 1081.12 75.76
369.7 1498.64 1152.55 76.91
371.3 1600.16 1221.52 76.34
372.8 1673.28 1284.84 76.79
374.4 1748.85 1348.35 77.10
375.9 1797.33 1383.58 76.98
377.4 1870.19 1440.86 77.04
379.0 1934.96 1489.41 76.97
380.5 1988.07 1532.60 77.09
382.1 2033.04 1589.79 78.20
383.6 2120.58 1647.14 77.67
385.2 2208.25 1727.00 78.21
386.7 2301.38 1803.20 78.35
388.3 2426.73 1899.53 78.28
389.8 2519.91 1981.89 78.65
391.3 2626.26 2072.04 78.90
392.9 2697.06 2147.98 79.64
394.4 2771.65 2198.92 79.34
395.9 2873.10 2285.92 79.56
397.5 3029.74 2399.89 79.21
399.0 3151.80 2499.81 79.31
400.6 3234.69 2563.98 79.27
402.1 3274.02 2608.38 79.67
403.6 3322.94 2651.64 79.80
405.1 3409.22 2712.30 79.56
406.7 3528.00 2822.40 80.00
408.2 3644.19 2918.03 80.07
409.7 3754.24 3012.80 80.25
411.3 3867.08 3112.02 80.47
412.8 3976.86 3206.61 80.63
414.3 4099.56 3294.34 80.36
415.8 4220.00 3407.50 80.75
417.4 4361.72 3511.64 80.51
418.9 4457.86 3602.72 80.82
420.4 4558.78 3683.92 80.81
421.9 4636.72 3748.58 80.85
423.5 4707.36 3801.38 80.75
425.0 4796.17 3867.95 80.65
426.5 4895.55 3951.70 80.72
428.0 5034.78 4057.79 80.60
429.5 5188.33 4183.05 80.62
431.1 5363.82 4328.60 80.70
432.6 5552.18 4479.43 80.68
434.1 5732.65 4629.63 80.76
435.6 5890.14 4752.36 80.68
437.1 6052.80 4882.80 80.67
438.6 6197.61 4995.03 80.60
440.1 6347.97 5112.87 80.54
441.6 6494.11 5238.54 80.67
443.1 6656.18 5352.08 80.41
444.7 6793.83 5476.58 80.61
446.2 6914.93 5565.62 80.49
447.7 7037.77 5672.07 80.59
449.2 7173.36 5769.36 80.43
450.7 7292.48 5859.36 80.35
452.2 7429.67 5975.57 80.43
453.7 7576.65 6082.93 80.29
455.2 7765.17 6241.22 80.37
456.7 7990.40 6432.80 80.51
458.2 8239.46 6631.76 80.49
459.7 8510.25 6847.75 80.46
461.2 8764.99 7051.18 80.45
462.7 8985.80 7235.18 80.52
464.2 9215.88 7422.48 80.54
465.7 9451.34 7609.51 80.51
467.2 9653.88 7765.45 80.44
468.7 9860.00 7944.00 80.57
470.2 10000.52 8063.27 80.63
471.7 10219.63 8229.38 80.53
473.2 10551.31 8481.31 80.38
474.6 10836.41 8678.96 80.09
476.1 10924.36 8757.72 80.17
477.6 10960.04 8798.96 80.28
479.1 11023.85 8859.42 80.37
480.6 11109.78 8932.35 80.40
482.1 11255.33 9048.68 80.39
483.6 11435.12 9195.50 80.41
485.1 11655.27 9373.87 80.43
486.6 11911.43 9581.86 80.44
488.0 12195.63 9811.75 80.45
489.5 12483.95 10046.92 80.48
491.0 12777.45 10284.53 80.49
492.5 13078.26 10533.24 80.54
494.0 13380.84 10777.92 80.55
495.4 13642.20 10993.95 80.59
496.9 13904.42 11220.73 80.70
498.4 14171.30 11434.53 80.69
499.9 14439.02 11654.96 80.72
501.4 14680.69 11862.51 80.80
502.8 14919.13 12061.86 80.85
504.3 15134.40 12241.80 80.89
505.8 15347.35 12436.14 81.03
507.2 15489.44 12559.31 81.08
508.7 15598.86 12665.22 81.19
510.2 15690.64 12759.59 81.32
511.6 15752.95 12821.77 81.39
513.1 15872.56 12934.79 81.49
514.6 16004.87 13065.20 81.63
516.0 16136.97 13178.02 81.66
517.5 16322.55 13359.06 81.84
519.0 16545.71 13560.95 81.96
520.5 16764.08 13764.52 82.11
521.9 17039.29 14022.30 82.29
523.4 17355.20 14303.96 82.42
524.8 17660.07 14593.10 82.63
526.3 18013.36 14908.21 82.76
527.8 18358.47 15219.38 82.90
529.2 18674.36 15512.25 83.07
530.7 19031.03 15819.89 83.13
532.1 19344.85 16109.63 83.28
533.6 19707.77 16429.64 83.37
535.0 20079.68 16770.60 83.52
536.5 20419.92 17099.55 83.74
538.0 20792.00 17426.64 83.81
539.4 21127.02 17738.79 83.96
540.9 21551.03 18099.35 83.98
542.3 21923.06 18428.96 84.06
543.8 22174.34 18661.88 84.16
545.2 22231.45 18734.70 84.27
546.6 22222.15 18752.65 84.39
548.1 22214.03 18783.35 84.56
549.5 22226.58 18803.65 84.60
551.0 22212.49 18816.79 84.71
552.4 22245.44 18861.05 84.79
553.9 22258.65 18897.03 84.90
555.3 22290.26 18941.72 84.98
556.8 22401.11 19059.46 85.08
558.2 22512.94 19180.13 85.20
559.6 22672.30 19334.25 85.28
561.1 22889.75 19552.00 85.42
562.5 23127.28 19784.47 85.55
564.0 23454.83 20085.12 85.63
565.4 23755.76 20371.74 85.75
566.8 24132.47 20727.14 85.89
568.3 24488.54 21065.21 86.02
569.7 24876.90 21419.14 86.10
571.1 25245.29 21769.13 86.23
572.6 25607.34 22116.24 86.37
574.0 25974.30 22458.15 86.46
575.4 26319.94 22786.31 86.57
576.9 26649.32 23099.42 86.68
578.3 26932.26 23382.29 86.82
579.7 27212.85 23649.40 86.91
581.1 27427.97 23872.17 87.04
582.6 27669.82 24108.20 87.13
584.0 27882.24 24318.52 87.22
585.4 28177.77 24598.73 87.30
586.8 28576.31 24960.04 87.35
588.3 29013.66 25351.56 87.38
589.7 29383.38 25700.22 87.47
591.1 29621.38 25915.53 87.49
592.5 29726.99 26041.38 87.60
594.0 29770.20 26093.88 87.65
595.4 29770.08 26107.68 87.70
596.8 29766.17 26117.52 87.74
598.2 29744.67 26123.91 87.83
599.6 29714.85 26110.98 87.87
601.0 29771.81 26173.00 87.91
602.4 29816.58 26222.08 87.94
603.9 29909.17 26321.52 88.00
605.3 30024.63 26441.51 88.07
606.7 30119.40 26532.00 88.09
608.1 30316.50 26722.12 88.14
609.5 30539.01 26937.63 88.21
610.9 30814.99 27199.30 88.27
612.3 31075.20 27446.44 88.32
613.7 31428.96 27765.20 88.34
615.1 31662.90 27985.50 88.39
616.5 31902.59 28201.46 88.40
617.9 32288.77 28583.79 88.53
619.3 32666.57 28950.99 88.63
620.7 33128.50 29391.39 88.72
622.1 33560.89 29860.16 88.97
623.5 34032.77 30390.94 89.30
624.9 34565.21 30851.63 89.26
626.3 34922.45 31038.53 88.88
627.7 34564.35 30679.55 88.76
629.1 34256.15 30439.71 88.86
630.5 34133.81 30481.40 89.30
631.9 34173.45 30621.19 89.61
633.3 34221.59 30740.00 89.83
634.7 34406.41 30961.27 89.99
636.1 34488.04 31070.70 90.09
637.5 34613.12 31191.68 90.12
638.9 34796.83 31337.35 90.06
640.2 34954.01 31559.68 90.29
641.6 35055.54 31655.52 90.30
643.0 35067.41 31582.45 90.06
644.4 35115.49 31561.31 89.88
645.8 35070.53 31332.62 89.34
647.2 35256.78 31401.11 89.06
648.5 35391.08 31403.74 88.73
649.9 35282.13 31347.81 88.85
651.3 35212.95 31502.70 89.46
652.7 35080.35 31678.65 90.30
654.1 34845.90 31561.80 90.58
655.5 34548.82 31295.31 90.58
656.8 34274.04 31010.17 90.48
658.2 34439.22 31134.18 90.40
659.6 34825.18 31514.29 90.49
660.9 35139.54 31819.51 90.55
662.3 35443.63 32094.32 90.55
663.7 35746.20 32382.00 90.59
665.0 36012.67 32628.61 90.60
666.4 36257.27 32866.54 90.65
667.8 36589.28 33182.09 90.69
669.1 36867.26 33415.30 90.64
670.5 37195.97 33731.89 90.69
671.9 37380.96 33906.84 90.71
673.2 37662.77 34165.82 90.72
674.6 37922.97 34400.70 90.71
676.0 38225.19 34716.45 90.82
677.3 38533.34 35001.17 90.83
678.7 38864.13 35298.38 90.83
680.0 39305.58 35716.01 90.87
681.4 39779.73 36138.60 90.85
682.8 40233.38 36559.25 90.87
684.1 40676.22 36995.40 90.95
685.5 41092.36 37380.50 90.97
686.8 41490.36 37733.94 90.95
688.2 41836.80 38055.52 90.96
689.5 41943.86 38167.78 91.00
690.9 42017.36 38216.32 90.95
692.2 42092.85 38275.50 90.93
693.6 42157.83 38313.91 90.88
694.9 42109.57 38281.43 90.91
696.2 42121.91 38310.53 90.95
697.6 42142.24 38304.48 90.89
698.9 42160.80 38346.00 90.95
700.3 42212.70 38378.58 90.92
701.6 42275.21 38478.20 91.02
703.0 42340.09 38530.98 91.00
704.3 42340.84 38534.11 91.01
705.6 42307.56 38529.90 91.07
707.0 42304.76 38501.14 91.01
708.3 42205.58 38427.42 91.05
709.6 42077.70 38295.46 91.01
711.0 41902.11 38156.67 91.06
712.3 41730.30 38011.04 91.09
713.6 41662.74 37946.58 91.08
714.9 41546.10 37860.75 91.13
716.3 41517.29 37830.71 91.12
717.6 41513.92 37868.81 91.22
718.9 41427.26 37794.19 91.23
720.2 41191.85 37640.05 91.38
721.6 41046.72 37473.67 91.30
722.9 40841.06 37280.28 91.28
724.2 40588.46 37102.12 91.41
725.5 40381.61 36917.37 91.42
726.8 40196.01 36763.02 91.46
728.1 40102.16 36689.21 91.49
729.5 40009.55 36603.07 91.49
730.8 39945.60 36556.58 91.52
732.1 39850.55 36465.76 91.51
733.4 39793.17 36430.67 91.55
734.7 39729.39 36396.78 91.61
736.0 39732.49 36430.55 91.69
737.3 39673.91 36396.38 91.74
738.6 39788.18 36525.06 91.80
739.9 39986.32 36704.16 91.79
741.2 40139.19 36852.27 91.81
742.5 40421.44 37159.80 91.93
743.8 40915.88 37592.36 91.88
745.1 41627.68 38263.40 91.92
746.4 42484.72 39079.95 91.99
747.7 43357.88 39911.51 92.05
749.0 44203.37 40682.57 92.03
750.3 44693.01 41108.52 91.98
751.6 44609.70 41061.32 92.05
752.9 44168.69 40640.74 92.01
754.2 43669.08 40189.49 92.03
755.4 43127.05 39708.86 92.07
756.7 42940.36 39555.11 92.12
758.0 42963.66 39544.36 92.04
759.3 43246.58 39837.20 92.12
760.6 43631.28 40197.08 92.13
761.9 43987.93 40536.85 92.15
763.1 44205.00 40760.17 92.21
764.4 44447.50 41008.01 92.26
765.7 44632.25 41177.50 92.26
767.0 44781.90 41297.76 92.22
768.2 44909.76 41442.24 92.28
769.5 44994.81 41505.54 92.25
770.8 45181.96 41699.46 92.29
772.0 45202.30 41735.29 92.33
773.3 45281.34 41879.47 92.49
774.6 45399.45 41958.31 92.42
775.8 45492.85 42065.56 92.47
777.1 45515.93 42086.07 92.46
778.4 45431.52 41997.18 92.44
779.6 45395.43 41952.75 92.42
780.9 45316.00 41924.00 92.51
782.1 45111.08 41747.20 92.54
783.4 45111.04 41749.76 92.55
784.6 45106.92 41764.24 92.59
785.9 45393.88 42044.42 92.62
787.1 45996.98 42569.92 92.55
788.4 46441.69 43031.86 92.66
789.6 46399.50 43019.43 92.72
790.9 45932.90 42563.36 92.66
792.1 45403.52 42094.88 92.71
793.4 44896.14 41637.24 92.74
794.6 44551.89 41292.57 92.68
795.8 44231.81 41038.29 92.78
797.1 43906.28 40731.23 92.77
798.3 43659.83 40533.49 92.84
799.5 43520.02 40394.97 92.82
800.8 43336.38 40255.44 92.89
802.0 43170.52 40101.44 92.89
803.2 42985.20 39929.68 92.89
804.5 42855.21 39798.00 92.87
805.7 42692.40 39653.28 92.88
806.9 42512.38 39507.78 92.93
808.1 42409.86 39406.47 92.92
809.4 42316.73 39326.51 92.93
810.6 42192.15 39248.30 93.02
811.8 42172.17 39227.48 93.02
813.0 42163.23 39209.83 93.00
814.2 42178.96 39232.34 93.01
815.4 42279.13 39329.10 93.02
816.6 42301.14 39340.20 93.00
817.9 42349.13 39369.27 92.96
819.1 42261.23 39298.68 92.99
820.3 42104.76 39156.30 93.00
821.5 41970.20 39071.70 93.09
822.7 41937.17 39005.21 93.01
823.9 41911.59 39004.88 93.06
825.1 41906.00 38995.36 93.05
826.3 41927.28 39038.25 93.11
827.5 41996.16 39103.95 93.11
828.7 42070.56 39152.16 93.06
829.9 42094.44 39190.90 93.10
831.0 42223.46 39259.68 92.98
832.2 42314.37 39360.59 93.02
833.4 42402.89 39457.85 93.05
834.6 42482.81 39539.06 93.07
835.8 42572.25 39619.13 93.06
837.0 42673.89 39698.97 93.03
838.1 42851.66 39831.09 92.95
839.3 42953.40 39929.13 92.96
840.5 43102.99 40026.67 92.86
841.7 43251.71 40154.81 92.84
842.9 43400.31 40255.36 92.75
844.0 43549.44 40410.05 92.79
845.2 43705.60 40545.84 92.77
846.4 43839.60 40659.08 92.75
847.5 44086.39 40844.34 92.65
848.7 44310.84 41035.84 92.61
849.9 44519.86 41203.64 92.55
851.0 44600.35 41264.06 92.52
852.2 44693.32 41336.02 92.49
853.3 44699.49 41300.38 92.40
854.5 44750.58 41319.74 92.33
855.6 44778.78 41347.71 92.34
856.8 44851.95 41412.09 92.33
857.9 44871.50 41400.51 92.26
859.1 45012.00 41502.80 92.20
860.2 45071.56 41504.52 92.09
861.4 45164.68 41541.57 91.98
862.5 45221.87 41541.10 91.86
863.7 45380.27 41643.92 91.77
864.8 45412.85 41642.30 91.70
865.9 45403.93 41584.84 91.59
867.1 45474.25 41598.56 91.48
868.2 45524.97 41589.86 91.36
869.3 45589.41 41624.50 91.30
870.5 45539.97 41598.94 91.35
871.6 45562.59 41614.51 91.33
872.7 45700.60 41751.62 91.36
873.9 45747.35 41806.70 91.39
875.0 45745.04 41837.48 91.46
876.1 45783.66 41824.58 91.35
877.2 45820.13 41864.71 91.37
878.3 45822.65 41879.97 91.40
879.4 45871.99 41935.01 91.42
880.5 45962.28 42004.44 91.39
881.7 45908.85 41988.05 91.46
882.8 46012.72 42049.82 91.39
883.9 46073.21 42062.27 91.29
885.0 46039.40 42011.29 91.25
886.1 46025.94 42017.46 91.29
887.2 45905.76 41837.82 91.14
888.3 45807.80 41725.20 91.09
889.4 45707.30 41622.44 91.06
890.5 45592.32 41531.06 91.09
891.6 45545.58 41458.39 91.03
892.7 45554.16 41419.46 90.92
893.8 45579.45 41418.52 90.87
894.9 45613.48 41386.29 90.73
896.0 45529.58 41390.53 90.91
897.0 45627.02 41398.53 90.73
898.1 45583.05 41366.53 90.75
899.2 45607.22 41329.50 90.62
900.3 45541.50 41259.66 90.60
901.4 45412.27 41151.04 90.62
902.4 45437.06 41185.03 90.64
903.5 45388.81 41119.94 90.59
904.6 45388.82 41149.73 90.66
905.7 45374.76 41114.58 90.61
906.7 45323.04 41131.82 90.75
907.8 45383.91 41151.57 90.67
908.9 45302.99 41056.44 90.63
909.9 45307.76 41041.55 90.58
911.0 45202.77 40975.74 90.65
912.1 45152.49 40933.27 90.66
913.1 45072.56 40824.16 90.57
914.2 44921.94 40752.39 90.72
915.2 44915.04 40719.24 90.66
916.3 44853.15 40732.65 90.81
917.3 44875.31 40713.08 90.72
918.4 44790.35 40618.60 90.69
919.4 44699.60 40569.85 90.76
920.5 44708.24 40545.25 90.69
921.5 44702.98 40562.27 90.74
922.6 44636.74 40486.93 90.70
923.6 44687.86 40473.43 90.57
924.7 44720.00 40516.75 90.60
925.7 44710.62 40562.10 90.72
926.7 44757.60 40599.97 90.71
927.8 44773.30 40606.28 90.69
928.8 44894.28 40720.41 90.70
929.9 45005.21 40799.75 90.66
930.9 45213.30 41034.50 90.76
931.9 45414.99 41228.69 90.78
932.9 45762.26 41493.13 90.67
934.0 45803.71 41538.54 90.69
935.0 45810.36 41545.10 90.69
936.0 45840.15 41528.57 90.59
937.0 45795.75 41465.97 90.55
938.1 45737.41 41473.04 90.68
939.1 45690.54 41412.31 90.64
940.1 45792.08 41494.52 90.62
941.1 45974.44 41668.57 90.63
942.1 46240.75 41929.11 90.68
943.1 46430.63 42055.17 90.58
944.1 46685.58 42262.60 90.53
945.2 46780.86 42419.16 90.68
946.2 46886.15 42506.24 90.66
947.2 46973.00 42519.13 90.52
948.2 47156.13 42723.35 90.60
949.2 47321.63 42791.13 90.43
950.2 47306.35 42852.50 90.59
951.2 47423.88 42997.08 90.67
952.2 47533.98 43088.57 90.65
953.2 47748.84 43268.23 90.62
954.2 47923.43 43340.63 90.44
955.2 47900.28 43460.51 90.73
956.2 47872.99 43458.28 90.78
957.2 47942.90 43488.66 90.71
958.2 48058.20 43606.26 90.74
959.2 48218.40 43706.25 90.64
960.1 48234.68 43673.32 90.54
961.1 48358.04 43779.86 90.53
962.1 48485.63 43854.38 90.45
963.1 48452.08 43927.94 90.66
964.1 48561.50 44060.22 90.73
965.1 48761.92 44215.66 90.68
966.1 48787.80 44164.76 90.52
967.0 48997.06 44323.93 90.46
968.0 48996.14 44360.53 90.54
969.0 49091.60 44533.40 90.71
970.0 49111.31 44564.38 90.74
971.0 49170.03 44544.68 90.59
971.9 49289.72 44613.46 90.51
972.9 49420.88 44675.49 90.40
973.9 49398.70 44777.20 90.64
974.9 49421.14 44815.68 90.68
975.8 49584.23 44957.88 90.67
976.8 49645.86 45116.24 90.88
977.8 49761.42 45110.22 90.65
978.8 49883.25 45354.60 90.92
979.7 50017.88 45434.13 90.84
980.7 50024.37 45530.93 91.02
981.7 50216.51 45651.38 90.91
982.6 50458.51 45993.58 91.15
983.6 51132.02 46361.84 90.67
984.6 51562.39 46792.56 90.75
985.5 52257.60 47375.64 90.66
986.5 53039.20 48059.36 90.61
987.5 54168.11 48852.12 90.19
988.4 55057.20 49295.40 89.53
989.4 56551.39 50933.70 90.07
990.4 58242.03 52111.29 89.47
991.3 59136.61 53171.82 89.91
992.3 60254.81 55168.37 91.56
993.2 62830.60 56323.15 89.64
994.2 63759.15 57686.85 90.48
995.2 64907.22 59311.77 91.38
996.1 65710.99 60820.87 92.56
997.1 66771.58 59931.56 89.76
998.0 65779.20 60640.20 92.19
999.0 67569.18 59981.20 88.77
1000.0 65627.63 58127.33 88.57
1000.9 66106.32 60990.95 92.26
1001.9 66896.78 60815.25 90.91
1002.8 66066.52 60212.52 91.14
1003.8 66771.11 58915.69 88.24
1004.8 64803.12 58870.44 90.85
961.5 59942.22 49017.27 81.77
965.5 58683.65 48192.24 82.12
969.5 56453.82 46980.41 83.22
973.4 54183.76 45799.25 84.53
977.4 52184.81 44653.90 85.57
981.4 51194.56 44135.22 86.21
985.3 50809.00 44016.98 86.63
989.3 50771.60 44034.88 86.73
993.3 50798.35 44104.69 86.82
997.2 50697.53 44078.44 86.94
1001.2 50579.49 43985.76 86.96
1005.2 50486.54 43896.74 86.95
1009.1 50560.95 43962.75 86.95
1013.1 50727.98 44124.09 86.98
1017.1 50849.68 44247.77 87.02
1021.0 50849.88 44261.66 87.04
1025.0 50810.76 44244.95 87.08
1029.0 50630.25 44061.86 87.03
1032.9 50480.43 43881.89 86.93
1036.9 50465.40 43816.95 86.83
1040.9 50583.57 43872.82 86.73
1044.8 50808.96 44007.13 86.61
1048.8 51011.12 44124.50 86.50
1052.7 51152.74 44236.56 86.48
1056.7 51218.34 44271.31 86.44
1060.7 51244.53 44282.62 86.41
1064.6 51271.85 44297.25 86.40
1068.6 51212.40 44203.86 86.31
1072.5 51129.80 44130.69 86.31
1076.5 51067.99 44091.18 86.34
1080.4 51059.78 44094.92 86.36
1084.4 51173.05 44177.47 86.33
1088.3 51270.71 44245.02 86.30
1092.3 51246.52 44184.81 86.22
1096.2 51213.59 44069.15 86.05
1100.2 51236.75 43930.80 85.74
1104.1 51113.59 43560.16 85.22
1108.1 51042.38 43091.76 84.42
1112.0 50923.58 42533.10 83.52
1116.0 50680.63 42021.07 82.91
1119.9 50469.69 41625.50 82.48
1123.9 50510.21 41298.43 81.76
1127.8 50453.76 40634.88 80.54
1131.8 50410.11 39951.66 79.25
1135.7 50431.75 39674.85 78.67
1139.6 50412.72 39862.37 79.07
1143.6 50359.32 40310.06 80.04
1147.5 50310.97 40744.88 80.99
1151.4 50143.03 40906.35 81.58
1155.4 50134.85 41012.41 81.80
1159.3 50144.08 40955.90 81.68
1163.2 49963.74 40658.07 81.38
1167.2 49935.24 40455.12 81.02
1171.1 49953.49 40311.99 80.70
1175.0 49867.99 40158.10 80.53
1179.0 49819.26 40131.70 80.55
1182.9 49917.95 40338.97 80.81
1186.8 49905.20 40558.43 81.27
1190.7 49670.39 40654.60 81.85
1194.7 49404.69 40701.76 82.38
1198.6 49164.89 40703.36 82.79
1202.5 49001.90 40684.67 83.03
1206.4 48884.92 40640.60 83.14
1210.3 48777.95 40582.33 83.20
1214.2 48660.86 40486.73 83.20
1218.2 48519.81 40360.11 83.18
1222.1 48391.40 40266.13 83.21
1226.0 48286.77 40244.35 83.34
1229.9 48199.26 40258.80 83.53
1233.8 48101.55 40255.27 83.69
1237.7 48042.85 40244.53 83.77
1241.6 47954.67 40167.53 83.76
1245.5 47801.28 39992.00 83.66
1249.4 47677.41 39800.56 83.48
1253.3 47548.54 39570.83 83.22
1257.2 47470.59 39380.28 82.96
1261.1 47367.50 39226.03 82.81
1265.0 47247.17 39074.74 82.70
1268.9 47057.34 38883.56 82.63
1272.8 47119.05 38896.80 82.55
1276.7 47328.98 39007.28 82.42
1280.6 47427.97 39014.38 82.26
1284.5 47354.06 38868.71 82.08
1288.4 47330.17 38758.82 81.89
1292.3 47195.50 38563.25 81.71
1296.2 47036.33 38332.54 81.50
1300.1 46870.36 38086.52 81.26
1303.9 46619.88 37773.76 81.03
1307.8 46362.46 37475.65 80.83
1311.7 46091.30 37201.58 80.71
1315.6 45825.96 36976.63 80.69
1319.5 45558.05 36772.71 80.72
1323.3 45306.73 36570.84 80.72
1327.2 45081.41 36363.39 80.66
1331.1 44830.46 36090.18 80.50
1335.0 44517.46 35724.98 80.25
1338.8 44295.06 35391.56 79.90
1342.7 44103.48 35044.84 79.46
1346.5 43706.23 34465.96 78.86
1350.4 43365.23 33865.90 78.09
1354.3 42904.30 33176.52 77.33
1358.1 42414.00 32560.14 76.77
1362.0 42133.73 32188.88 76.40
1365.8 42044.97 31956.41 76.01
1369.7 42179.02 31877.88 75.58
1373.5 42126.10 31630.57 75.09
1377.4 41845.31 31220.97 74.61
1381.2 41626.26 30908.85 74.25
1385.1 41605.67 30717.84 73.83
1389.0 41500.27 30440.16 73.35
1392.8 41279.89 30084.66 72.88
1396.6 41128.69 29812.60 72.49
1400.5 40917.36 29505.49 72.11
1404.3 40743.76 29222.23 71.72
1408.2 40714.23 29048.49 71.35
1412.0 40658.86 28849.46 70.95
1415.8 40688.80 28677.42 70.48
1419.6 40646.12 28427.67 69.94
1423.5 40609.62 28168.16 69.36
1427.3 40564.30 27913.38 68.81
1431.1 40541.03 27711.68 68.35
1434.9 40441.04 27503.34 68.01
1438.8 40382.86 27367.93 67.77
1442.6 40343.84 27280.56 67.62
1446.4 40196.90 27134.46 67.50
1450.2 40086.31 27012.99 67.39
1454.0 39952.44 26878.92 67.28
1457.8 39925.25 26796.40 67.12
1461.6 39899.87 26720.60 66.97
1465.4 39763.25 26570.31 66.82
1469.2 39564.53 26383.18 66.68
1473.0 39396.65 26242.43 66.61
1476.8 39327.39 26162.83 66.53
1480.7 39262.61 26074.04 66.41
1484.4 39136.20 25932.72 66.26
1488.2 39038.16 25764.00 66.00
1492.0 38896.77 25523.38 65.62
1495.8 38756.90 25234.30 65.11
1499.6 38633.61 24852.50 64.33
1503.4 38493.31 24396.94 63.38
1507.2 38360.25 23943.88 62.42
1510.9 38195.59 23453.43 61.40
1514.7 38022.72 22950.46 60.36
1518.5 37900.97 22539.85 59.47
1522.3 37750.02 22247.28 58.93
1526.0 37629.32 22062.35 58.63
1529.8 37568.00 21916.45 58.34
1533.6 37446.52 21715.54 57.99
1537.3 37311.54 21491.35 57.60
1541.1 37176.81 21264.15 57.20
1544.8 37039.20 21052.80 56.84
1548.6 36901.40 20835.47 56.46
1552.4 36801.24 20588.01 55.94
1556.1 36709.12 20280.15 55.25
1559.9 36606.65 19963.57 54.54
1563.6 36470.47 19699.69 54.02
1567.3 36356.68 19521.52 53.69
1571.1 36135.22 19359.52 53.58
1574.8 35991.19 19275.03 53.55
1578.6 35886.86 19201.91 53.51
1582.3 35744.22 19061.83 53.33
1586.0 35609.35 18882.88 53.03
1589.8 35457.22 18670.56 52.66
1593.5 35302.19 18435.35 52.22
1597.2 35165.05 18216.39 51.80
1600.9 35016.52 18005.68 51.42
1604.7 34867.53 17806.23 51.07
1608.4 34730.61 17623.95 50.74
1612.1 34557.54 17421.75 50.41
1615.8 34413.02 17222.15 50.05
1619.5 34337.68 17021.83 49.57
1623.2 34189.48 16762.82 49.03
1626.9 34000.04 16409.05 48.26
1630.6 33831.60 15921.18 47.06
1634.3 33692.41 15402.66 45.72
1638.0 33541.83 15008.48 44.75
1641.7 33356.57 14865.98 44.57
1645.4 33161.69 14900.26 44.93
1649.1 32972.09 14938.39 45.31
1652.8 32801.54 14880.51 45.37
1656.4 32621.94 14673.62 44.98
1660.1 32453.88 14358.60 44.24
1663.8 32259.22 13978.05 43.33
1667.5 32099.10 13685.46 42.64
1671.1 31958.82 13583.84 42.50
1674.8 31759.13 13624.72 42.90
1678.5 31706.08 13799.99 43.52
1682.1 31722.89 13952.36 43.98
1685.8 31732.56 14049.76 44.28
1689.5 31624.03 14130.74 44.68
1693.1 31483.08 14286.36 45.38
1696.8 31338.13 14499.38 46.27
1700.4 31185.14 14689.79 47.11
1704.0 31062.51 14818.44 47.71
1707.7 30798.04 14784.11 48.00
1711.3 30495.47 14657.20 48.06
1715.0 30277.23 14506.20 47.91
1718.6 30100.95 14325.68 47.59
1722.2 29962.74 14130.14 47.16
1725.9 29812.62 13956.79 46.82
1729.5 29667.76 13859.06 46.71
1733.1 29538.89 13820.64 46.79
1736.7 29414.14 13803.85 46.93
1740.3 29250.14 13749.70 47.01
1744.0 29154.53 13731.48 47.10
1747.5 29000.44 13698.04 47.23
1751.2 28775.51 13638.80 47.40
1754.8 28605.69 13584.96 47.49
1758.4 28462.58 13529.20 47.53
1762.0 28276.20 13452.46 47.58
1765.5 28135.25 13390.35 47.59
1769.1 28084.80 13394.40 47.69
1772.7 28003.71 13419.60 47.92
1776.3 27877.58 13444.28 48.23
1779.9 27744.38 13468.84 48.55
1783.5 27681.76 13520.96 48.84
1787.0 27561.47 13534.58 49.11
1790.6 27400.03 13526.76 49.37
1794.2 27283.58 13539.16 49.62
1797.8 27171.37 13543.35 49.84
1801.3 27078.88 13548.52 50.03
1804.9 26927.25 13516.13 50.19
1808.4 26839.46 13513.15 50.35
1812.0 26683.02 13474.55 50.50
1815.5 26515.64 13413.50 50.59
1819.1 26311.24 13343.19 50.71
1822.6 26144.27 13295.80 50.86
1826.2 26001.22 13270.72 51.04
1829.7 25808.19 13223.81 51.24
1833.2 25554.19 13144.45 51.44
1836.8 25320.75 13077.61 51.65
1840.3 25192.67 13074.30 51.90
1843.8 25093.88 13102.60 52.21
1847.3 25048.77 13171.79 52.58
1850.8 25006.46 13224.96 52.89
1854.3 24882.94 13213.95 53.10
1857.8 24809.20 13213.20 53.26
1861.3 24778.14 13203.12 53.29
1864.8 24674.08 13133.63 53.23
1868.3 24414.78 12978.62 53.16
1871.8 24184.32 12879.36 53.26
1875.3 24125.47 12886.51 53.41
1878.8 24137.81 12884.84 53.38
1882.3 24078.64 12822.62 53.25
1885.8 23884.19 12672.92 53.06
1889.3 23688.44 12503.16 52.78
1892.7 23560.49 12342.48 52.39
1896.2 23413.27 12184.16 52.04
1899.7 23209.25 12025.12 51.81
1903.1 23142.50 11939.93 51.59
1906.6 23284.20 12019.20 51.62
1910.0 23641.63 12300.32 52.03
1913.5 24082.47 12667.66 52.60
1917.0 24628.98 13034.53 52.92
1920.4 25053.95 13497.70 53.87
1923.8 25086.73 13654.12 54.43
1871.2 21828.79 11377.99 52.12
1873.9 21992.11 11575.92 52.64
1876.7 22156.72 11732.38 52.95
1879.5 22368.96 11775.63 52.64
1882.3 22103.08 11610.89 52.53
1885.1 21946.52 11447.36 52.16
1887.8 22068.08 11429.88 51.79
1890.6 21822.87 11344.15 51.98
1893.4 21750.67 11190.67 51.45
1896.2 21682.13 11002.67 50.75
1898.9 21614.52 10836.16 50.13
1901.7 21461.80 10657.42 49.66
1904.5 21657.26 10638.19 49.12
1907.2 21622.00 10530.75 48.70
1910.0 21512.91 10367.35 48.19
1912.7 21473.88 10292.57 47.93
1915.5 21387.02 10243.79 47.90
1918.2 21326.87 10187.52 47.77
1921.0 21159.50 10091.51 47.69
1923.7 21210.60 10091.71 47.58
1926.5 21207.41 10053.33 47.40
1929.2 21180.03 10020.83 47.31
1932.0 21153.04 10017.20 47.36
1934.7 21108.13 9967.81 47.22
1937.4 20985.88 9912.93 47.24
1940.2 20941.69 9929.94 47.42
1942.9 21040.95 10015.01 47.60
1945.6 21034.30 10062.64 47.84
1948.3 20953.04 10068.89 48.05
1951.1 20946.59 10104.57 48.24
1953.8 20949.00 10125.00 48.33
1956.5 20812.26 10096.15 48.51
1959.2 20870.20 10166.00 48.71
1961.9 20880.86 10215.44 48.92
1964.6 20765.50 10207.23 49.15
1967.3 20814.13 10246.87 49.23
1970.0 20648.96 10179.44 49.30
1972.8 20547.54 10154.63 49.42
1975.5 20609.59 10202.36 49.50
1978.2 20556.80 10161.60 49.43
1980.9 20442.90 10082.99 49.32
1983.5 20332.16 10027.93 49.32
1986.2 20335.08 10010.40 49.23
1988.9 20352.54 9984.21 49.06
1991.6 20178.18 9831.29 48.72
1994.3 20021.93 9647.03 48.18
1997.0 20047.82 9517.88 47.48
1999.7 20006.90 9301.33 46.49
2002.3 19987.08 9110.40 45.58
2005.0 19903.66 8929.17 44.86
2007.7 19802.93 8757.67 44.22
2010.4 19742.33 8630.67 43.72
2013.0 19684.56 8449.65 42.93
2015.7 19550.67 8189.68 41.89
2018.4 19445.35 7954.01 40.90
2021.0 19399.83 7839.83 40.41
2023.7 19272.21 7798.77 40.47
2026.4 19215.30 7866.95 40.94
2029.0 19139.02 7934.52 41.46
2031.7 19015.32 7872.58 41.40
2034.3 19009.68 7765.55 40.85
2037.0 18888.65 7547.02 39.96
2039.6 18809.95 7407.51 39.38
2042.3 18768.09 7374.68 39.29
2044.9 18678.50 7450.08 39.89
2047.5 18656.06 7646.43 40.99
2050.2 18564.00 7792.40 41.98
2052.8 18496.80 7954.80 43.01
2055.4 18370.53 8023.97 43.68
2058.1 18222.40 7988.40 43.84
2060.7 18164.71 7985.32 43.96
2063.3 18093.83 7958.72 43.99
2065.9 18025.79 7880.88 43.72
2068.6 17958.79 7811.08 43.49
2071.2 17950.86 7753.41 43.19
2073.8 17825.38 7619.86 42.75
2076.4 17752.17 7530.29 42.42
2079.0 17784.49 7499.89 42.17
2081.6 17757.76 7421.57 41.79
2084.2 17714.42 7322.23 41.33
2086.8 17575.26 7183.97 40.88
2089.4 17476.70 7071.81 40.46
2092.1 17379.67 6950.17 39.99
2094.7 17322.90 6847.80 39.53
2097.2 17308.83 6777.33 39.16
2099.8 17282.11 6703.90 38.79
2102.4 17168.05 6570.94 38.27
2105.0 17051.55 6406.80 37.57
2107.6 16978.92 6269.18 36.92
2110.2 16924.97 6143.68 36.30
2112.8 16902.26 5967.19 35.30
2115.3 16895.66 5854.16 34.65
2117.9 16908.01 5803.33 34.32
2120.5 16886.60 5774.62 34.20
2123.1 16792.43 5768.10 34.35
2125.6 16744.21 5736.61 34.26
2128.2 16658.59 5668.95 34.03
2130.8 16549.65 5595.53 33.81
2133.3 16508.80 5544.00 33.58
2135.9 16408.62 5447.97 33.20
2138.4 16250.87 5339.36 32.86
2141.0 16149.08 5236.11 32.42
2143.6 16130.03 5165.60 32.02
2146.1 15975.72 5048.06 31.60
2148.7 15802.20 4939.47 31.26
2151.2 15798.93 4939.73 31.27
2153.8 15823.36 4988.95 31.53
2156.3 15717.64 5053.15 32.15
2158.8 15646.76 5109.27 32.65
2161.4 15629.12 5162.53 33.03
2163.9 15531.82 5168.43 33.28
2166.4 15439.71 5135.73 33.26
2169.0 15407.19 5135.73 33.33
2171.5 15330.32 5085.47 33.17
2174.0 15229.03 5006.93 32.88
2176.5 15192.19 5029.18 33.10
2179.1 15136.64 5044.54 33.33
2181.6 15050.17 5043.08 33.51
2184.1 15027.32 5060.44 33.67
2186.6 15051.45 5118.62 34.01
2189.1 14948.97 5145.63 34.42
2191.6 14892.73 5148.27 34.57
2194.1 14904.32 5215.02 34.99
2196.6 14914.76 5288.61 35.46
2199.2 14971.93 5361.57 35.81
2201.7 14888.99 5376.08 36.11
2204.1 14839.59 5387.55 36.31
2206.6 14849.13 5442.07 36.65
2209.1 14825.85 5499.61 37.09
2211.6 14838.39 5519.67 37.20
2214.1 14807.49 5508.62 37.20
2216.6 14760.32 5507.58 37.31
2219.1 14771.72 5537.97 37.49
2221.6 14667.09 5493.02 37.45
2224.0 14588.49 5463.54 37.45
2226.5 14584.57 5467.79 37.49
2229.0 14625.21 5428.31 37.12
2231.5 14492.72 5358.17 36.97
2233.9 14462.04 5310.70 36.72
2236.4 14490.44 5284.34 36.47
2238.9 14372.38 5239.00 36.45
2241.3 14369.01 5180.93 36.06
2243.8 14353.46 5107.08 35.58
2246.2 14192.48 4977.64 35.07
2248.7 14165.54 4905.68 34.63
2251.2 14158.84 4823.38 34.07
2253.6 14077.44 4692.48 33.33
2256.1 14069.76 4604.16 32.72
2258.5 14052.82 4590.79 32.67
2260.9 13974.74 4555.98 32.60
2263.4 13979.21 4483.17 32.07
2265.8 13940.32 4465.98 32.04
2268.3 13823.21 4491.01 32.49
2270.7 13902.44 4533.07 32.61
2273.1 13859.69 4536.81 32.73
2275.6 13793.28 4550.40 32.99
2278.0 13820.63 4573.57 33.09
2280.4 13780.88 4614.15 33.48
2282.8 13643.75 4572.44 33.51
2285.3 13694.71 4588.23 33.50
2287.7 13772.94 4674.29 33.94
2290.1 13623.19 4613.54 33.87
2292.5 13587.57 4551.68 33.50
2294.9 13621.40 4532.56 33.28
2297.3 13518.19 4429.60 32.77
2299.7 13416.44 4287.89 31.96
2302.1 13368.12 4226.89 31.62
2304.5 13230.00 4068.96 30.76
2306.9 13132.00 3916.08 29.82
2309.3 13055.89 3828.21 29.32
2311.7 12972.13 3791.55 29.23
2314.1 12811.40 3757.17 29.33
2316.5 12745.90 3727.24 29.24
2318.9 12782.83 3736.70 29.23
2321.3 12752.61 3708.12 29.08
2323.7 12794.64 3733.77 29.18
2326.1 12779.13 3719.69 29.11
2328.4 12774.57 3742.87 29.30
2330.8 12850.78 3865.05 30.08
2333.2 12766.83 3920.65 30.71
2335.6 12679.19 3989.75 31.47
2337.9 12711.97 4069.00 32.01
2340.3 12649.58 4093.38 32.36
2342.7 12593.44 4130.11 32.80
2345.0 12548.90 4212.69 33.57
2347.4 12490.75 4284.00 34.30
2349.7 12332.30 4288.75 34.78
2352.1 12260.35 4335.51 35.36
2354.4 12293.23 4362.81 35.49
2356.8 12267.97 4316.67 35.19
2359.2 12202.67 4329.00 35.48
2361.5 12151.88 4319.70 35.55
2363.8 12147.35 4255.53 35.03
2366.2 12114.60 4245.63 35.05
2368.5 12055.05 4178.55 34.66
2370.9 12078.00 4119.94 34.11
2373.2 12073.55 4033.51 33.41
2375.5 11918.85 3891.50 32.65
2377.9 11847.11 3829.00 32.32
2380.2 11871.10 3894.42 32.81
2382.5 11795.37 3919.54 33.23
2384.8 11725.28 3925.44 33.48
2387.2 11706.77 3966.33 33.88
2389.5 11690.85 3952.04 33.80
2391.8 11683.69 3902.49 33.40
2394.1 11631.16 3886.65 33.42
2396.4 11573.29 3899.70 33.70
2398.7 11628.67 3902.21 33.56
2401.0 11516.91 3866.99 33.58
2403.3 11364.36 3854.52 33.92
2405.6 11396.20 3893.70 34.17
2407.9 11327.61 3907.80 34.50
2410.2 11249.92 3915.41 34.80
2412.5 11215.24 3877.31 34.57
2414.8 11184.03 3861.52 34.53
2417.1 11138.88 3840.28 34.48
2419.4 11144.19 3808.51 34.17
2421.7 11023.23 3748.00 34.00
2424.0 10957.63 3656.07 33.37
2426.2 11021.00 3589.85 32.57
2428.5 10919.43 3510.01 32.14
2430.8 10910.90 3460.75 31.72
2433.1 10869.73 3374.32 31.04
2435.4 10753.59 3312.24 30.80
2437.6 10731.21 3289.86 30.66
2439.9 10623.58 3217.40 30.29
2442.2 10642.87 3179.78 29.88
2444.4 10630.91 3078.43 28.96
2446.7 10506.16 2949.20 28.07
2448.9 10564.25 2812.79 26.63
2451.2 10584.96 2646.24 25.00
2453.4 10444.21 2507.09 24.00
2455.7 10436.14 2390.10 22.90
2457.9 10354.08 2289.38 22.11
2460.2 10295.55 2225.57 21.62
2462.4 10283.52 2208.96 21.48
2464.7 10150.11 2195.30 21.63
2466.9 10098.66 2163.54 21.42
2469.2 10156.77 2210.25 21.76
2471.4 10037.89 2238.67 22.30
2473.6 9935.38 2309.78 23.25
2475.9 9895.84 2377.44 24.02
2478.1 9796.61 2418.41 24.69
2480.3 9746.33 2422.66 24.86
2482.5 9728.88 2437.58 25.06
2484.8 9691.90 2453.92 25.32
2487.0 9643.48 2436.79 25.27
2489.2 9626.45 2465.04 25.61
2491.4 9537.09 2443.83 25.62
2493.6 9539.25 2469.08 25.88
2495.8 9525.76 2446.77 25.69
2498.0 9476.69 2456.32 25.92
2500.2 9528.68 2460.10 25.82
2502.4 9759.12 2601.84 26.66
2504.6 9850.11 2713.71 27.55
2506.8 9985.21 2688.70 26.93
