/*** Spectra Vista SIG Data ***/
name= \My Documents\HR1024_Data\GD5T5.
instrument= HR: 1091052
integration= 400, 60, 30, 1000, 60, 30
scan time= 1, 1
scan settings= AD, AI, AD, AI
external data set1= 8224, 8224, 8224, 8224, 8224, 8224, 8224, 8224, 8224, 8224, 8224, 8224, 8224, 8224, 8224, 8224
external data set2= 8224, 8224, 8224, 8224, 8224, 8224, 8224, 8224, 8224, 8224, 8224, 8224, 8224, 8224, 8224, 8224
external data dark= 0,0,0,0,0,0,0,0
external data mask= 0
optic= LENS4 , LENS4 
temp= 32.34, 8.94, -5.37, 35.32, 8.94, -5.37
battery= 7.5, 7.4
error= 0, 0
units= Radiance, Radiance
time= 3/11/08 9:20:48 AM, 3/11/08 9:24:03 AM
longitude= , 
latitude= , 
gpstime= , 
comm= 
memory slot= 0, 0
factors= 
data= 
346.4 366.28 81.54 22.26
347.9 400.03 79.07 19.76
349.5 432.12 79.25 18.34
351.1 468.00 79.25 16.93
352.6 496.51 83.49 16.82
354.2 520.33 86.39 16.60
355.7 575.84 88.23 15.32
357.3 598.14 92.24 15.42
358.8 616.87 93.67 15.18
360.4 668.33 94.97 14.21
361.9 686.05 101.69 14.82
363.5 715.01 93.49 13.08
365.1 743.78 97.78 13.15
366.6 778.54 98.05 12.59
368.2 824.27 96.02 11.65
369.7 873.39 97.30 11.14
371.3 928.49 98.12 10.57
372.8 977.74 99.60 10.19
374.4 1016.27 96.12 9.46
375.9 1052.58 101.29 9.62
377.4 1084.71 93.02 8.58
379.0 1129.79 100.57 8.90
380.5 1157.14 94.79 8.19
382.1 1186.43 94.56 7.97
383.6 1234.64 92.42 7.49
385.2 1293.88 91.30 7.06
386.7 1345.63 92.60 6.88
388.3 1410.38 98.37 6.97
389.8 1464.46 97.72 6.67
391.3 1527.57 100.26 6.56
392.9 1567.60 108.11 6.90
394.4 1609.87 110.39 6.86
395.9 1662.63 118.69 7.14
397.5 1749.05 126.62 7.24
399.0 1827.74 126.69 6.93
400.6 1876.29 119.99 6.40
402.1 1904.04 120.23 6.31
403.6 1943.17 115.56 5.95
405.1 1994.81 116.08 5.82
406.7 2061.92 124.54 6.04
408.2 2135.06 122.51 5.74
409.7 2198.56 130.37 5.93
411.3 2272.05 130.82 5.76
412.8 2335.64 140.30 6.01
414.3 2399.77 146.36 6.10
415.8 2475.00 152.50 6.16
417.4 2547.71 151.80 5.96
418.9 2612.23 155.34 5.95
420.4 2658.25 161.02 6.06
421.9 2705.56 163.11 6.03
423.5 2743.63 166.72 6.08
425.0 2788.02 170.36 6.11
426.5 2844.45 168.13 5.91
428.0 2917.63 168.72 5.78
429.5 3009.90 171.43 5.70
431.1 3112.45 173.76 5.58
432.6 3227.88 180.72 5.60
434.1 3329.29 188.65 5.67
435.6 3423.98 190.02 5.55
437.1 3517.80 197.73 5.62
438.6 3607.74 205.54 5.70
440.1 3694.39 208.16 5.63
441.6 3790.73 217.87 5.75
443.1 3873.83 223.16 5.76
444.7 3959.99 230.57 5.82
446.2 4024.76 241.23 5.99
447.7 4101.41 250.70 6.11
449.2 4174.20 255.74 6.13
450.7 4238.00 262.50 6.19
452.2 4313.18 266.45 6.18
453.7 4393.64 272.67 6.21
455.2 4491.99 280.02 6.23
456.7 4618.24 296.74 6.43
458.2 4761.06 307.91 6.47
459.7 4899.13 322.35 6.58
461.2 5044.37 335.70 6.66
462.7 5165.05 347.26 6.72
464.2 5287.79 360.14 6.81
465.7 5408.14 374.00 6.92
467.2 5518.98 383.85 6.96
468.7 5631.00 400.80 7.12
470.2 5705.20 414.14 7.26
471.7 5821.13 431.30 7.41
473.2 6011.22 439.35 7.31
474.6 6153.75 438.05 7.12
476.1 6204.18 437.99 7.06
477.6 6220.94 442.40 7.11
479.1 6250.52 448.95 7.18
480.6 6293.37 451.78 7.18
482.1 6374.96 464.24 7.28
483.6 6474.12 474.72 7.33
485.1 6599.29 492.18 7.46
486.6 6739.10 509.08 7.55
488.0 6898.13 534.30 7.75
489.5 7058.36 559.11 7.92
491.0 7224.81 587.27 8.13
492.5 7392.87 617.87 8.36
494.0 7557.79 649.10 8.59
495.4 7702.20 686.07 8.91
496.9 7844.83 721.77 9.20
498.4 7990.29 762.98 9.55
499.9 8131.50 804.13 9.89
501.4 8263.45 851.21 10.30
502.8 8392.79 897.95 10.70
504.3 8499.60 946.80 11.14
505.8 8611.18 997.45 11.58
507.2 8674.01 1046.79 12.07
508.7 8728.20 1096.62 12.56
510.2 8764.92 1148.70 13.11
511.6 8789.76 1195.84 13.60
513.1 8840.43 1246.54 14.10
514.6 8904.34 1301.02 14.61
516.0 8958.85 1354.34 15.12
517.5 9056.55 1419.64 15.68
519.0 9171.31 1488.68 16.23
520.5 9287.32 1559.64 16.79
521.9 9437.16 1635.40 17.33
523.4 9612.27 1717.50 17.87
524.8 9785.79 1799.93 18.39
526.3 9984.58 1887.54 18.90
527.8 10184.06 1972.59 19.37
529.2 10366.76 2054.33 19.82
530.7 10567.61 2139.56 20.25
532.1 10746.40 2219.44 20.65
533.6 10959.02 2305.54 21.04
535.0 11168.56 2389.81 21.40
536.5 11376.00 2474.99 21.76
538.0 11592.92 2567.17 22.14
539.4 11785.91 2660.34 22.57
540.9 12037.93 2747.76 22.83
542.3 12246.63 2814.00 22.98
543.8 12400.56 2871.71 23.16
545.2 12445.48 2921.51 23.47
546.6 12442.01 2961.41 23.80
548.1 12455.19 3004.12 24.12
549.5 12460.55 3039.07 24.39
551.0 12456.77 3072.76 24.67
552.4 12484.13 3104.81 24.87
553.9 12491.52 3132.50 25.08
555.3 12509.64 3164.97 25.30
556.8 12569.08 3201.09 25.47
558.2 12630.94 3237.98 25.64
559.6 12713.51 3280.21 25.80
561.1 12831.00 3328.00 25.94
562.5 12959.42 3379.67 26.08
564.0 13129.35 3442.30 26.22
565.4 13288.41 3501.33 26.35
566.8 13487.87 3573.01 26.49
568.3 13678.39 3633.73 26.57
569.7 13879.32 3697.67 26.64
571.1 14074.77 3753.81 26.67
572.6 14269.77 3812.83 26.72
574.0 14463.08 3867.60 26.74
575.4 14650.03 3915.68 26.73
576.9 14818.07 3966.73 26.77
578.3 14977.46 4014.37 26.80
579.7 15131.24 4059.48 26.83
581.1 15254.19 4103.86 26.90
582.6 15387.18 4153.81 27.00
584.0 15508.86 4191.66 27.03
585.4 15681.05 4235.43 27.01
586.8 15909.04 4284.84 26.93
588.3 16162.38 4329.94 26.79
589.7 16371.81 4371.12 26.70
591.1 16519.39 4407.79 26.68
592.5 16589.78 4431.33 26.71
594.0 16627.80 4450.66 26.77
595.4 16637.76 4457.66 26.79
596.8 16651.64 4468.89 26.84
598.2 16659.51 4474.04 26.86
599.6 16659.36 4475.34 26.86
601.0 16705.59 4481.18 26.82
602.4 16752.94 4482.46 26.76
603.9 16822.23 4493.85 26.71
605.3 16905.11 4506.30 26.66
606.7 16973.10 4515.84 26.61
608.1 17114.04 4534.42 26.50
609.5 17255.15 4557.99 26.42
610.9 17434.91 4588.85 26.32
612.3 17598.49 4614.47 26.22
613.7 17818.60 4644.81 26.07
615.1 17967.42 4657.50 25.92
616.5 18122.06 4672.48 25.78
617.9 18356.64 4711.03 25.66
619.3 18578.68 4750.80 25.57
620.7 18848.67 4808.50 25.51
622.1 19119.58 4786.67 25.04
623.5 19414.06 4727.05 24.35
624.9 19741.18 4690.40 23.76
626.3 19952.52 4667.63 23.39
627.7 19741.37 4614.61 23.38
629.1 19544.02 4612.44 23.60
630.5 19457.12 4657.27 23.94
631.9 19461.81 4730.27 24.31
633.3 19457.49 4794.56 24.64
634.7 19533.17 4868.62 24.92
636.1 19566.68 4904.89 25.07
637.5 19597.55 4932.58 25.17
638.9 19677.50 4964.04 25.23
640.2 19731.43 4987.43 25.28
641.6 19754.28 4992.62 25.27
643.0 19715.36 4973.64 25.23
644.4 19707.26 4950.47 25.12
645.8 19650.11 4897.81 24.93
647.2 19716.78 4857.01 24.63
648.5 19765.84 4792.34 24.25
649.9 19671.60 4689.75 23.84
651.3 19608.23 4608.36 23.50
652.7 19503.68 4509.93 23.12
654.1 19390.95 4377.82 22.58
655.5 19238.75 4235.44 22.02
656.8 19118.09 4098.20 21.44
658.2 19225.93 4011.76 20.87
659.6 19449.31 3936.57 20.24
660.9 19643.18 3857.77 19.64
662.3 19825.21 3774.65 19.04
663.7 20008.80 3685.08 18.42
665.0 20165.89 3593.56 17.82
666.4 20328.89 3510.91 17.27
667.8 20535.62 3452.40 16.81
669.1 20711.76 3393.06 16.38
670.5 20914.18 3353.79 16.04
671.9 21055.86 3309.70 15.72
673.2 21237.33 3294.50 15.51
674.6 21400.77 3288.82 15.37
676.0 21596.49 3309.37 15.32
677.3 21793.24 3345.72 15.35
678.7 21992.69 3404.68 15.48
680.0 22269.19 3502.54 15.73
681.4 22542.00 3634.04 16.12
682.8 22829.63 3806.53 16.67
684.1 23112.18 4027.14 17.42
685.5 23364.31 4292.79 18.37
686.8 23617.23 4603.15 19.49
688.2 23841.32 4952.45 20.77
689.5 23927.84 5313.82 22.21
690.9 23997.39 5702.32 23.76
692.2 24047.78 6104.70 25.39
693.6 24110.83 6532.88 27.10
694.9 24095.99 6925.57 28.74
696.2 24121.97 7322.63 30.36
697.6 24149.95 7710.01 31.93
698.9 24174.48 8092.66 33.48
700.3 24215.57 8453.75 34.91
701.6 24264.40 8808.53 36.30
703.0 24323.35 9141.31 37.58
704.3 24329.34 9414.60 38.70
705.6 24327.41 9674.60 39.77
707.0 24334.75 9917.04 40.75
708.3 24282.08 10104.30 41.61
709.6 24223.21 10273.68 42.41
711.0 24124.28 10414.40 43.17
712.3 24015.02 10539.17 43.89
713.6 23977.17 10682.78 44.55
714.9 23907.38 10800.09 45.17
716.3 23880.58 10924.09 45.74
717.6 23876.83 11053.92 46.30
718.9 23805.06 11126.13 46.74
720.2 23675.16 11159.27 47.13
721.6 23576.15 11199.34 47.50
722.9 23446.45 11231.36 47.90
724.2 23274.82 11226.25 48.23
725.5 23133.68 11240.67 48.59
726.8 23009.81 11233.70 48.82
728.1 22933.91 11245.95 49.04
729.5 22856.87 11257.97 49.25
730.8 22796.53 11267.55 49.43
732.1 22719.29 11267.64 49.60
733.4 22660.56 11266.26 49.72
734.7 22602.67 11263.52 49.83
736.0 22569.89 11280.41 49.98
737.3 22520.76 11279.95 50.09
738.6 22554.56 11333.54 50.25
739.9 22633.16 11437.20 50.53
741.2 22698.59 11500.40 50.67
742.5 22841.25 11621.83 50.88
743.8 23091.34 11805.83 51.13
745.1 23491.07 12049.80 51.30
746.4 23957.57 12313.85 51.40
747.7 24466.55 12561.82 51.34
749.0 24948.63 12795.40 51.29
750.3 25229.30 12897.09 51.12
751.6 25175.69 12853.10 51.05
752.9 24925.64 12723.61 51.05
754.2 24630.59 12596.85 51.14
755.4 24314.44 12462.84 51.26
756.7 24210.69 12459.57 51.46
758.0 24235.24 12517.30 51.65
759.3 24394.18 12646.48 51.84
760.6 24621.52 12815.88 52.05
761.9 24823.09 12962.57 52.22
763.1 24955.30 13062.58 52.34
764.4 25125.21 13174.44 52.44
765.7 25257.38 13265.85 52.52
767.0 25349.99 13335.50 52.61
768.2 25431.84 13396.99 52.68
769.5 25509.93 13457.43 52.75
770.8 25646.87 13547.62 52.82
772.0 25674.66 13587.28 52.92
773.3 25762.96 13644.29 52.96
774.6 25839.71 13718.26 53.09
775.8 25921.43 13780.91 53.16
777.1 25948.26 13813.72 53.24
778.4 25918.05 13811.62 53.29
779.6 25945.86 13842.25 53.35
780.9 25904.00 13848.00 53.46
782.1 25811.51 13822.88 53.55
783.4 25819.04 13849.47 53.64
784.6 25849.06 13898.02 53.77
785.9 26028.56 14068.62 54.05
787.1 26416.14 14312.68 54.18
788.4 26716.91 14444.47 54.06
789.6 26732.54 14364.51 53.73
790.9 26499.75 14181.83 53.52
792.1 26215.36 14031.95 53.53
793.4 25939.41 13908.79 53.62
794.6 25766.06 13838.92 53.71
795.8 25608.38 13779.86 53.81
797.1 25427.85 13703.04 53.89
798.3 25301.10 13670.58 54.03
799.5 25235.55 13649.81 54.09
800.8 25155.70 13625.68 54.17
802.0 25074.70 13598.87 54.23
803.2 24986.56 13555.48 54.25
804.5 24925.76 13526.80 54.27
805.7 24855.66 13495.14 54.29
806.9 24776.64 13463.69 54.34
808.1 24708.89 13435.98 54.38
809.4 24677.19 13431.00 54.43
810.6 24617.78 13411.58 54.48
811.8 24606.91 13412.06 54.51
813.0 24601.75 13420.73 54.55
814.2 24620.30 13434.33 54.57
815.4 24684.78 13461.01 54.53
816.6 24715.54 13461.13 54.46
817.9 24752.29 13451.13 54.34
819.1 24717.85 13395.81 54.19
820.3 24615.89 13327.23 54.14
821.5 24558.22 13262.42 54.00
822.7 24525.20 13229.78 53.94
823.9 24512.51 13214.33 53.91
825.1 24512.73 13173.06 53.74
826.3 24527.23 13161.44 53.66
827.5 24554.23 13140.46 53.52
828.7 24585.24 13108.18 53.32
829.9 24620.63 13095.64 53.19
831.0 24677.45 13098.51 53.08
832.2 24735.00 13104.79 52.98
833.4 24800.15 13103.30 52.84
834.6 24827.34 13106.25 52.79
835.8 24886.58 13120.38 52.72
837.0 24941.18 13148.77 52.72
838.1 25036.55 13190.32 52.68
839.3 25073.20 13206.47 52.67
840.5 25138.07 13237.05 52.66
841.7 25214.76 13292.69 52.72
842.9 25311.78 13347.78 52.73
844.0 25352.29 13374.13 52.75
845.2 25454.19 13429.76 52.76
846.4 25527.43 13454.89 52.71
847.5 25656.16 13530.89 52.74
848.7 25745.00 13573.00 52.72
849.9 25879.71 13626.87 52.65
851.0 25913.04 13608.35 52.52
852.2 25966.07 13621.21 52.46
853.3 25941.98 13596.44 52.41
854.5 25934.86 13586.84 52.39
855.6 25916.94 13579.56 52.40
856.8 25944.85 13599.01 52.42
857.9 25943.54 13600.66 52.42
859.1 25996.60 13640.00 52.47
860.2 26027.46 13643.93 52.42
861.4 26023.97 13671.02 52.53
862.5 26059.24 13669.24 52.45
863.7 26115.12 13694.71 52.44
864.8 26101.25 13700.33 52.49
865.9 26082.46 13679.88 52.45
867.1 26099.25 13696.37 52.48
868.2 26099.69 13706.16 52.51
869.3 26128.19 13710.69 52.47
870.5 26099.47 13679.87 52.41
871.6 26087.08 13678.94 52.44
872.7 26136.21 13709.44 52.45
873.9 26148.82 13716.73 52.46
875.0 26142.73 13690.89 52.37
876.1 26142.29 13684.26 52.35
877.2 26184.05 13689.64 52.28
878.3 26169.01 13656.79 52.19
879.4 26191.11 13658.51 52.15
880.5 26214.48 13666.97 52.14
881.7 26220.35 13643.37 52.03
882.8 26271.44 13632.38 51.89
883.9 26272.50 13616.16 51.83
885.0 26275.91 13571.38 51.65
886.1 26278.81 13557.25 51.59
887.2 26194.66 13475.39 51.44
888.3 26154.69 13427.60 51.34
889.4 26083.75 13373.88 51.27
890.5 26060.47 13340.01 51.19
891.6 26043.45 13311.80 51.11
892.7 26025.13 13283.54 51.04
893.8 26046.70 13302.26 51.07
894.9 26070.72 13289.63 50.98
896.0 26059.51 13248.64 50.84
897.0 26054.12 13237.56 50.81
898.1 26079.30 13232.83 50.74
899.2 26095.96 13223.57 50.67
900.3 26052.56 13162.90 50.52
901.4 26029.33 13117.42 50.39
902.4 26018.83 13112.16 50.39
903.5 26017.27 13084.22 50.29
904.6 26012.16 13068.62 50.24
905.7 26050.43 13045.36 50.08
906.7 26024.14 13036.16 50.09
907.8 26076.86 13014.70 49.91
908.9 26057.48 12972.86 49.79
909.9 26017.06 12937.27 49.73
911.0 26009.49 12877.25 49.51
912.1 25979.15 12850.41 49.46
913.1 25944.88 12800.53 49.34
914.2 25856.17 12719.11 49.19
915.2 25844.13 12699.29 49.14
916.3 25883.78 12665.01 48.93
917.3 25847.25 12632.17 48.87
918.4 25819.06 12547.81 48.60
919.4 25792.96 12495.80 48.45
920.5 25804.34 12447.65 48.24
921.5 25824.68 12426.30 48.12
922.6 25820.42 12348.30 47.82
923.6 25802.74 12287.83 47.62
924.7 25837.63 12235.65 47.36
925.7 25830.51 12178.40 47.15
926.7 25889.20 12121.85 46.82
927.8 25949.67 12046.68 46.42
928.8 26061.51 12044.92 46.22
929.9 26114.55 11994.61 45.93
930.9 26214.58 11979.24 45.70
931.9 26363.30 11982.27 45.45
932.9 26568.63 11986.13 45.11
934.0 26604.58 11933.10 44.85
935.0 26610.78 11855.55 44.55
936.0 26639.41 11785.78 44.24
937.0 26632.91 11707.06 43.96
938.1 26589.57 11634.43 43.76
939.1 26594.73 11548.82 43.43
940.1 26647.30 11499.01 43.15
941.1 26757.94 11485.61 42.92
942.1 26950.86 11460.21 42.52
943.1 27064.46 11409.18 42.16
944.1 27200.04 11399.46 41.91
945.2 27250.86 11309.17 41.50
946.2 27341.46 11245.29 41.13
947.2 27385.31 11189.53 40.86
948.2 27528.14 11144.51 40.48
949.2 27562.84 11055.53 40.11
950.2 27601.23 10959.00 39.70
951.2 27696.06 10881.36 39.29
952.2 27776.58 10837.52 39.02
953.2 27874.44 10803.75 38.76
954.2 27994.28 10718.33 38.29
955.2 28013.52 10633.92 37.96
956.2 27975.49 10570.26 37.78
957.2 28074.45 10530.51 37.51
958.2 28163.05 10492.25 37.26
959.2 28188.45 10449.54 37.07
960.1 28244.69 10423.05 36.90
961.1 28322.00 10406.20 36.74
962.1 28304.06 10370.44 36.64
963.1 28357.97 10369.04 36.56
964.1 28464.51 10347.34 36.35
965.1 28543.56 10389.24 36.40
966.1 28584.14 10379.21 36.31
967.0 28655.80 10373.94 36.20
968.0 28697.14 10377.12 36.16
969.0 28718.80 10379.00 36.14
970.0 28760.47 10422.63 36.24
971.0 28834.42 10412.75 36.11
971.9 28848.78 10382.25 35.99
972.9 28890.31 10395.60 35.98
973.9 28948.56 10413.78 35.97
974.9 29046.70 10363.63 35.68
975.8 29063.68 10336.91 35.57
976.8 29052.58 10349.14 35.62
977.8 29165.54 10366.43 35.54
978.8 29197.88 10371.63 35.52
979.7 29189.32 10399.61 35.63
980.7 29306.81 10450.24 35.66
981.7 29477.75 10425.90 35.37
982.6 29574.16 10543.00 35.65
983.6 29987.80 10644.46 35.50
984.6 30188.75 10819.65 35.84
985.5 30563.82 10864.08 35.55
986.5 30946.12 11366.67 36.73
987.5 31666.80 11383.55 35.95
988.4 32276.75 11758.34 36.43
989.4 33081.94 12034.34 36.38
990.4 33865.04 12524.23 36.98
991.3 34680.98 12474.93 35.97
992.3 35996.38 13068.25 36.30
993.2 37249.57 13418.82 36.02
994.2 37192.84 13561.47 36.46
995.2 38468.72 13932.67 36.22
996.1 38815.33 13875.72 35.75
997.1 39248.66 13875.46 35.35
998.0 39056.40 14457.72 37.02
999.0 38843.24 14236.50 36.65
1000.0 39939.10 14475.58 36.24
1000.9 41119.71 14244.34 34.64
1001.9 38921.76 14190.23 36.46
1002.8 38260.04 13798.70 36.07
1003.8 38840.71 13266.94 34.16
1004.8 39018.78 14055.89 36.02
961.5 34611.80 11795.08 34.08
965.5 33947.81 11600.26 34.17
969.5 32673.62 11342.32 34.71
973.4 31329.21 10863.80 34.68
977.4 30182.73 10425.15 34.54
981.4 29653.05 10292.48 34.71
985.3 29580.67 10410.93 35.20
989.3 29694.74 10735.41 36.15
993.3 29811.28 11109.84 37.27
997.2 29873.76 11458.93 38.36
1001.2 29847.48 11678.55 39.13
1005.2 29766.32 11799.56 39.64
1009.1 29802.16 11942.29 40.07
1013.1 29912.80 12126.16 40.54
1017.1 29980.27 12354.00 41.21
1021.0 29997.45 12576.50 41.93
1025.0 29986.05 12768.68 42.58
1029.0 29874.56 12893.12 43.16
1032.9 29757.39 13005.20 43.70
1036.9 29719.10 13160.79 44.28
1040.9 29786.91 13319.27 44.72
1044.8 29914.06 13518.76 45.19
1048.8 30017.23 13729.04 45.74
1052.7 30081.05 13904.71 46.22
1056.7 30106.96 14022.09 46.57
1060.7 30124.55 14106.54 46.83
1064.6 30126.20 14175.67 47.05
1068.6 30068.46 14190.02 47.19
1072.5 30024.99 14159.44 47.16
1076.5 29992.38 14125.19 47.10
1080.4 29983.51 14076.80 46.95
1084.4 30049.89 14042.32 46.73
1088.3 30134.74 13996.69 46.45
1092.3 30115.74 13876.74 46.08
1096.2 30104.84 13756.27 45.69
1100.2 30142.18 13643.83 45.26
1104.1 30082.71 13473.35 44.79
1108.1 30052.27 13322.43 44.33
1112.0 29977.43 13144.41 43.85
1116.0 29868.35 12917.97 43.25
1119.9 29779.89 12680.85 42.58
1123.9 29822.35 12449.81 41.75
1127.8 29798.40 12119.04 40.67
1131.8 29786.58 11704.32 39.29
1135.7 29821.64 11197.35 37.55
1139.6 29831.38 10652.71 35.71
1143.6 29819.95 10124.62 33.95
1147.5 29803.64 9659.77 32.41
1151.4 29713.98 9270.08 31.20
1155.4 29731.43 9023.32 30.35
1159.3 29760.66 8860.93 29.77
1163.2 29674.15 8713.98 29.37
1167.2 29672.28 8655.30 29.17
1171.1 29681.80 8621.25 29.05
1175.0 29651.52 8586.17 28.96
1179.0 29638.87 8545.60 28.83
1182.9 29697.98 8520.45 28.69
1186.8 29706.14 8492.95 28.59
1190.7 29571.10 8430.98 28.51
1194.7 29411.94 8351.75 28.40
1198.6 29289.65 8298.68 28.33
1202.5 29196.66 8282.69 28.37
1206.4 29112.98 8264.95 28.39
1210.3 29056.59 8250.22 28.39
1214.2 29008.58 8254.97 28.46
1218.2 28915.95 8265.97 28.59
1222.1 28833.10 8295.58 28.77
1226.0 28785.60 8326.31 28.93
1229.9 28734.48 8344.32 29.04
1233.8 28673.70 8369.16 29.19
1237.7 28644.25 8406.26 29.35
1241.6 28596.57 8436.58 29.50
1245.5 28494.07 8440.67 29.62
1249.4 28422.55 8433.92 29.67
1253.3 28356.92 8443.84 29.78
1257.2 28323.43 8455.24 29.85
1261.1 28264.79 8447.65 29.89
1265.0 28184.91 8433.17 29.92
1268.9 28067.43 8386.09 29.88
1272.8 28106.70 8384.70 29.83
1276.7 28238.01 8392.85 29.72
1280.6 28297.17 8359.82 29.54
1284.5 28250.81 8288.92 29.34
1288.4 28234.52 8215.25 29.10
1292.3 28165.50 8115.25 28.81
1296.2 28076.33 7992.73 28.47
1300.1 27971.71 7854.57 28.08
1303.9 27830.79 7685.84 27.62
1307.8 27679.51 7501.92 27.10
1311.7 27513.83 7311.80 26.58
1315.6 27356.90 7115.93 26.01
1319.5 27190.78 6886.77 25.33
1323.3 27036.43 6650.16 24.60
1327.2 26898.46 6432.35 23.91
1331.1 26745.75 6217.24 23.25
1335.0 26551.82 5977.90 22.51
1338.8 26417.20 5762.95 21.82
1342.7 26306.22 5572.48 21.18
1346.5 26068.84 5379.95 20.64
1350.4 25867.11 5222.29 20.19
1354.3 25587.95 5059.04 19.77
1358.1 25293.52 4867.26 19.24
1362.0 25095.25 4683.22 18.66
1365.8 25024.00 4517.84 18.05
1369.7 25106.98 4373.77 17.42
1373.5 25078.13 4200.74 16.75
1377.4 24917.97 3965.91 15.92
1381.2 24782.40 3670.70 14.81
1385.1 24754.66 3360.41 13.57
1389.0 24692.16 3061.35 12.40
1392.8 24567.88 2771.02 11.28
1396.6 24460.52 2495.46 10.20
1400.5 24320.99 2262.01 9.30
1404.3 24225.89 2078.54 8.58
1408.2 24204.64 1926.81 7.96
1412.0 24174.50 1797.50 7.44
1415.8 24201.79 1713.87 7.08
1419.6 24176.54 1647.43 6.81
1423.5 24162.30 1591.98 6.59
1427.3 24156.22 1559.45 6.46
1431.1 24149.78 1529.85 6.33
1434.9 24082.82 1505.03 6.25
1438.8 24045.91 1488.55 6.19
1442.6 24021.66 1470.20 6.12
1446.4 23948.95 1459.07 6.09
1450.2 23899.20 1463.83 6.13
1454.0 23823.72 1454.64 6.11
1457.8 23805.13 1445.63 6.07
1461.6 23794.65 1450.45 6.10
1465.4 23719.51 1457.28 6.14
1469.2 23598.58 1467.38 6.22
1473.0 23505.47 1484.60 6.32
1476.8 23479.35 1519.43 6.47
1480.7 23444.07 1552.00 6.62
1484.4 23358.60 1582.32 6.77
1488.2 23294.76 1623.36 6.97
1492.0 23212.99 1673.66 7.21
1495.8 23134.48 1724.45 7.45
1499.6 23068.04 1759.39 7.63
1503.4 22989.82 1798.37 7.82
1507.2 22924.40 1832.75 7.99
1510.9 22832.54 1853.31 8.12
1514.7 22729.47 1878.45 8.26
1518.5 22650.58 1915.43 8.46
1522.3 22564.73 1952.06 8.65
1526.0 22502.83 1973.85 8.77
1529.8 22457.39 2011.25 8.96
1533.6 22379.96 2050.62 9.16
1537.3 22300.49 2086.47 9.36
1541.1 22218.14 2121.85 9.55
1544.8 22130.40 2145.60 9.70
1548.6 22049.49 2168.41 9.83
1552.4 21992.28 2189.80 9.96
1556.1 21940.64 2219.61 10.12
1559.9 21881.16 2262.33 10.34
1563.6 21806.79 2300.61 10.55
1567.3 21732.27 2335.03 10.74
1571.1 21585.13 2366.51 10.96
1574.8 21494.94 2398.94 11.16
1578.6 21441.85 2426.21 11.32
1582.3 21360.05 2453.50 11.49
1586.0 21278.88 2465.48 11.59
1589.8 21182.42 2482.99 11.72
1593.5 21087.16 2500.48 11.86
1597.2 21011.15 2509.05 11.94
1600.9 20910.91 2527.96 12.09
1604.7 20817.19 2539.97 12.20
1608.4 20751.75 2559.98 12.34
1612.1 20653.79 2578.42 12.48
1615.8 20554.46 2588.86 12.60
1619.5 20509.10 2602.80 12.69
1623.2 20415.20 2614.36 12.81
1626.9 20293.94 2625.45 12.94
1630.6 20187.64 2628.12 13.02
1634.3 20108.09 2633.20 13.10
1638.0 20016.12 2635.22 13.17
1641.7 19907.78 2627.79 13.20
1645.4 19793.59 2619.04 13.23
1649.1 19676.58 2621.48 13.32
1652.8 19573.89 2616.64 13.37
1656.4 19468.81 2601.82 13.36
1660.1 19373.12 2591.11 13.37
1663.8 19253.37 2575.28 13.38
1667.5 19154.03 2565.59 13.39
1671.1 19073.44 2553.25 13.39
1674.8 18955.63 2533.64 13.37
1678.5 18920.35 2519.29 13.32
1682.1 18926.99 2516.58 13.30
1685.8 18934.59 2503.59 13.22
1689.5 18875.64 2481.15 13.14
1693.1 18777.51 2457.69 13.09
1696.8 18693.63 2436.75 13.04
1700.4 18605.80 2401.06 12.90
1704.0 18533.22 2365.69 12.76
1707.7 18380.44 2330.69 12.68
1711.3 18186.09 2283.40 12.56
1715.0 18064.01 2242.76 12.42
1718.6 17962.81 2209.11 12.30
1722.2 17869.77 2172.02 12.15
1725.9 17778.98 2135.51 12.01
1729.5 17683.82 2101.10 11.88
1733.1 17615.86 2075.14 11.78
1736.7 17543.89 2055.94 11.72
1740.3 17426.02 2021.38 11.60
1744.0 17375.79 2000.66 11.51
1747.5 17289.32 1965.40 11.37
1751.2 17148.24 1918.37 11.19
1754.8 17043.21 1884.15 11.06
1758.4 16959.78 1854.75 10.94
1762.0 16844.84 1820.42 10.81
1765.5 16763.61 1796.53 10.72
1769.1 16735.20 1780.80 10.64
1772.7 16687.95 1760.07 10.55
1776.3 16608.65 1739.30 10.47
1779.9 16528.93 1721.30 10.41
1783.5 16504.40 1711.20 10.37
1787.0 16420.93 1691.82 10.30
1790.6 16313.97 1672.33 10.25
1794.2 16250.54 1674.97 10.31
1797.8 16183.76 1670.47 10.32
1801.3 16118.56 1656.25 10.28
1804.9 16020.38 1643.25 10.26
1808.4 15971.30 1628.09 10.19
1812.0 15882.75 1620.86 10.21
1815.5 15784.84 1617.96 10.25
1819.1 15650.89 1608.57 10.28
1822.6 15532.45 1595.96 10.27
1826.2 15446.30 1585.44 10.26
1829.7 15337.22 1576.05 10.28
1833.2 15178.78 1555.85 10.25
1836.8 15030.02 1531.99 10.19
1840.3 14950.04 1507.82 10.09
1843.8 14886.20 1495.48 10.05
1847.3 14837.06 1489.21 10.04
1850.8 14793.41 1475.71 9.98
1854.3 14722.56 1454.08 9.88
1857.8 14658.80 1419.60 9.68
1861.3 14629.20 1348.83 9.22
1864.8 14572.84 1258.47 8.64
1868.3 14425.58 1153.17 7.99
1871.8 14284.80 1029.12 7.20
1875.3 14255.61 928.20 6.51
1878.8 14246.03 858.47 6.03
1882.3 14193.40 791.13 5.57
1885.8 14118.50 698.70 4.95
1889.3 13979.52 600.55 4.30
1892.7 13865.36 566.66 4.09
1896.2 13804.86 588.47 4.26
1899.7 13707.11 567.94 4.14
1903.1 13634.54 569.18 4.17
1906.6 13688.09 641.88 4.69
1910.0 13884.77 729.68 5.26
1913.5 14226.75 751.71 5.28
1917.0 14474.60 923.13 6.38
1920.4 14745.78 1109.40 7.52
1923.8 15062.87 1246.21 8.27
1871.2 12888.95 847.05 6.57
1873.9 13047.08 869.81 6.67
1876.7 13250.10 848.73 6.41
1879.5 13307.88 756.67 5.69
1882.3 13009.24 721.73 5.55
1885.1 13033.44 689.60 5.29
1887.8 13145.19 618.50 4.71
1890.6 12997.04 608.14 4.68
1893.4 12958.00 564.67 4.36
1896.2 12845.61 467.61 3.64
1898.9 12795.28 436.79 3.41
1901.7 12697.20 417.36 3.29
1904.5 12812.38 391.46 3.06
1907.2 12777.50 408.50 3.20
1910.0 12693.31 393.42 3.10
1912.7 12674.55 352.29 2.78
1915.5 12622.22 349.99 2.77
1918.2 12592.16 372.15 2.96
1921.0 12470.84 391.97 3.14
1923.7 12502.92 396.87 3.17
1926.5 12525.14 384.29 3.07
1929.2 12499.59 349.53 2.80
1932.0 12466.20 363.40 2.92
1934.7 12450.39 387.71 3.11
1937.4 12388.06 366.00 2.95
1940.2 12333.29 381.09 3.09
1942.9 12377.93 408.03 3.30
1945.6 12406.16 383.54 3.09
1948.3 12364.25 391.08 3.16
1951.1 12353.04 412.37 3.34
1953.8 12345.00 405.00 3.28
1956.5 12249.55 419.30 3.42
1959.2 12291.89 415.61 3.38
1961.9 12307.40 417.20 3.39
1964.6 12224.28 428.40 3.50
1967.3 12284.97 436.10 3.55
1970.0 12156.72 452.88 3.73
1972.8 12093.19 450.08 3.72
1975.5 12180.79 459.49 3.77
1978.2 12109.24 458.44 3.79
1980.9 12027.29 466.40 3.88
1983.5 11996.88 485.69 4.05
1986.2 11983.38 500.52 4.18
1988.9 11983.38 512.16 4.27
1991.6 11899.51 492.43 4.14
1994.3 11798.84 493.91 4.19
1997.0 11807.25 521.88 4.42
1999.7 11770.96 508.29 4.32
2002.3 11768.44 526.43 4.47
2005.0 11742.55 560.95 4.78
2007.7 11687.40 524.60 4.49
2010.4 11651.26 525.32 4.51
2013.0 11630.36 549.09 4.72
2015.7 11528.64 574.02 4.98
2018.4 11457.30 564.50 4.93
2021.0 11452.33 552.50 4.82
2023.7 11380.16 570.99 5.02
2026.4 11323.00 574.60 5.07
2029.0 11263.54 590.45 5.24
2031.7 11193.43 571.78 5.11
2034.3 11193.43 583.05 5.21
2037.0 11130.51 582.71 5.24
2039.6 11076.09 582.36 5.26
2042.3 11047.98 609.41 5.52
2044.9 11026.46 603.08 5.47
2047.5 11001.21 597.47 5.43
2050.2 10900.40 599.20 5.50
2052.8 10894.80 613.20 5.63
2055.4 10822.84 633.18 5.85
2058.1 10738.00 613.20 5.71
2060.7 10718.83 637.26 5.95
2063.3 10653.43 646.51 6.07
2065.9 10619.50 603.00 5.68
2068.6 10577.63 633.71 5.99
2071.2 10537.83 669.60 6.35
2073.8 10490.95 635.22 6.05
2076.4 10463.25 625.89 5.98
2079.0 10439.15 651.92 6.24
2081.6 10423.40 638.63 6.13
2084.2 10414.77 648.98 6.23
2086.8 10346.04 661.83 6.40
2089.4 10282.92 649.60 6.32
2092.1 10234.00 654.50 6.40
2094.7 10195.43 678.00 6.65
2097.2 10197.17 682.83 6.70
2099.8 10202.45 680.35 6.67
2102.4 10082.46 673.87 6.68
2105.0 9986.40 655.50 6.56
2107.6 9963.47 686.45 6.89
2110.2 9945.83 687.68 6.91
2112.8 9950.08 684.34 6.88
2115.3 9950.34 715.89 7.19
2117.9 9955.62 708.01 7.11
2120.5 9928.49 693.77 6.99
2123.1 9866.03 696.15 7.06
2125.6 9842.13 711.59 7.23
2128.2 9772.14 719.96 7.37
2130.8 9719.78 690.30 7.10
2133.3 9694.67 709.87 7.32
2135.9 9628.08 729.53 7.58
2138.4 9561.93 730.77 7.64
2141.0 9493.76 714.02 7.52
2143.6 9481.01 718.26 7.58
2146.1 9385.04 755.15 8.05
2148.7 9294.55 719.48 7.74
2151.2 9319.20 712.80 7.65
2153.8 9286.22 750.55 8.08
2156.3 9196.68 720.61 7.84
2158.8 9176.01 702.89 7.66
2161.4 9166.37 713.50 7.78
2163.9 9107.40 692.86 7.61
2166.4 9056.27 697.77 7.70
2169.0 9041.49 709.60 7.85
2171.5 8982.35 700.73 7.80
2174.0 8919.05 687.23 7.71
2176.5 8910.20 681.72 7.65
2179.1 8872.37 704.73 7.94
2181.6 8820.83 720.88 8.17
2184.1 8802.64 714.56 8.12
2186.6 8815.58 687.30 7.80
2189.1 8766.51 670.89 7.65
2191.6 8725.27 705.60 8.09
2194.1 8759.24 714.16 8.15
2196.6 8743.02 696.32 7.96
2199.2 8762.69 722.09 8.24
2201.7 8728.52 712.75 8.17
2204.1 8693.38 700.02 8.05
2206.6 8724.47 716.16 8.21
2209.1 8690.36 711.58 8.19
2211.6 8648.75 715.65 8.27
2214.1 8641.19 714.71 8.27
2216.6 8629.81 683.70 7.92
2219.1 8603.23 657.11 7.64
2221.6 8565.00 677.59 7.91
2224.0 8580.12 670.56 7.82
2226.5 8553.64 639.24 7.47
2229.0 8526.93 662.36 7.77
2231.5 8456.64 689.40 8.15
2233.9 8447.09 619.58 7.33
2236.4 8434.10 575.14 6.82
2238.9 8377.75 627.75 7.49
2241.3 8418.52 629.64 7.48
2243.8 8391.31 621.87 7.41
2246.2 8272.81 604.76 7.31
2248.7 8260.98 539.93 6.54
2251.2 8270.85 599.56 7.25
2253.6 8217.60 637.44 7.76
2256.1 8198.40 564.48 6.89
2258.5 8205.80 553.20 6.74
2260.9 8176.22 540.74 6.61
2263.4 8125.75 529.69 6.52
2265.8 8124.16 550.07 6.77
2268.3 8073.80 542.62 6.72
2270.7 8110.40 525.85 6.48
2273.1 8107.19 513.89 6.34
2275.6 8037.12 537.60 6.69
2278.0 8047.94 526.54 6.54
2280.4 8050.71 511.83 6.36
2282.8 7936.92 491.70 6.20
2285.3 7936.09 462.71 5.83
2287.7 8013.06 480.32 5.99
2290.1 7946.20 490.21 6.17
2292.5 7908.89 456.36 5.77
2294.9 7966.56 430.73 5.41
2297.3 7878.36 442.96 5.62
2299.7 7782.17 418.52 5.38
2302.1 7817.38 432.12 5.53
2304.5 7722.40 462.56 5.99
2306.9 7647.92 399.84 5.23
2309.3 7632.91 376.16 4.93
2311.7 7536.00 400.35 5.31
2314.1 7439.51 370.20 4.98
2316.5 7426.90 366.42 4.93
2318.9 7433.98 382.34 5.14
2321.3 7420.20 376.36 5.07
2323.7 7439.58 411.31 5.53
2326.1 7403.11 415.09 5.61
2328.4 7412.50 345.81 4.67
2330.8 7505.15 355.83 4.74
2333.2 7417.12 350.06 4.72
2335.6 7356.75 327.98 4.46
2337.9 7411.84 408.99 5.52
2340.3 7376.47 369.45 5.01
2342.7 7282.70 300.45 4.13
2345.0 7270.29 314.25 4.32
2347.4 7284.50 344.25 4.73
2349.7 7133.68 316.10 4.43
2352.1 7080.04 295.90 4.18
2354.4 7143.83 322.38 4.51
2356.8 7126.82 297.85 4.18
2359.2 7067.67 303.33 4.29
2361.5 7038.06 335.98 4.77
2363.8 7031.06 307.42 4.37
2366.2 7039.27 339.83 4.83
2368.5 7035.45 338.20 4.81
2370.9 7023.13 250.51 3.57
2373.2 6987.82 269.80 3.86
2375.5 6900.63 276.03 4.00
2377.9 6892.20 268.94 3.90
2380.2 6890.83 320.72 4.65
2382.5 6864.93 280.30 4.08
2384.8 6830.08 245.92 3.60
2387.2 6784.02 304.74 4.49
2389.5 6780.31 283.30 4.18
2391.8 6787.76 237.67 3.50
2394.1 6727.26 297.50 4.42
2396.4 6676.90 285.46 4.28
2398.7 6732.64 238.71 3.55
2401.0 6690.59 257.14 3.84
2403.3 6603.48 253.98 3.85
2405.6 6572.81 244.92 3.73
2407.9 6583.14 245.49 3.73
2410.2 6542.40 255.68 3.91
2412.5 6479.13 203.27 3.14
2414.8 6475.24 195.13 3.01
2417.1 6452.08 258.08 4.00
2419.4 6434.35 224.03 3.48
2421.7 6386.85 183.98 2.88
2424.0 6345.28 221.90 3.50
2426.2 6355.80 203.30 3.20
2428.5 6327.75 216.33 3.42
2430.8 6349.25 196.20 3.09
2433.1 6300.57 215.74 3.42
2435.4 6204.86 262.97 4.24
2437.6 6227.24 212.61 3.41
2439.9 6165.27 213.37 3.46
2442.2 6149.09 193.40 3.15
2444.4 6162.60 160.81 2.61
2446.7 6079.44 157.68 2.59
2448.9 6081.55 183.57 3.02
2451.2 6103.04 184.76 3.03
2453.4 6038.72 156.69 2.59
2455.7 6026.93 194.61 3.23
2457.9 5958.48 134.31 2.25
2460.2 5949.23 129.47 2.18
2462.4 5977.92 193.44 3.24
2464.7 5891.98 176.63 3.00
2466.9 5829.36 173.34 2.97
2469.2 5872.39 136.12 2.32
2471.4 5796.90 151.00 2.60
2473.6 5737.62 187.46 3.27
2475.9 5730.24 182.88 3.19
2478.1 5663.45 143.47 2.53
2480.3 5645.91 118.35 2.10
2482.5 5682.93 150.12 2.64
2484.8 5614.17 87.38 1.56
2487.0 5547.59 81.47 1.47
2489.2 5555.75 158.31 2.85
2491.4 5471.72 169.07 3.09
2493.6 5479.00 125.41 2.29
2495.8 5550.75 87.10 1.57
2498.0 5512.53 113.49 2.06
2500.2 5509.95 151.65 2.75
2502.4 5736.48 142.08 2.48
2504.6 5803.02 84.51 1.46
2506.8 5806.03 68.19 1.17
