/*** Spectra Vista SIG Data ***/
name= \My Documents\HR1024_Data\GD5T4.
instrument= HR: 1091052
integration= 400, 60, 30, 1000, 60, 30
scan time= 1, 1
scan settings= AD, AI, AD, AI
external data set1= 8224, 8224, 8224, 8224, 8224, 8224, 8224, 8224, 8224, 8224, 8224, 8224, 8224, 8224, 8224, 8224
external data set2= 8224, 8224, 8224, 8224, 8224, 8224, 8224, 8224, 8224, 8224, 8224, 8224, 8224, 8224, 8224, 8224
external data dark= 0,0,0,0,0,0,0,0
external data mask= 0
optic= LENS4 , LENS4 
temp= 32.34, 8.94, -5.37, 35.08, 8.94, -5.37
battery= 7.5, 7.4
error= 0, 0
units= Radiance, Radiance
time= 3/11/08 9:20:48 AM, 3/11/08 9:23:40 AM
longitude= , 
latitude= , 
gpstime= , 
comm= 
memory slot= 0, 0
factors= 
data= 
346.4 366.28 84.08 22.96
347.9 400.03 82.20 20.55
349.5 432.12 79.87 18.48
351.1 468.00 90.48 19.33
352.6 496.51 86.02 17.32
354.2 520.33 84.43 16.23
355.7 575.84 90.25 15.67
357.3 598.14 96.40 16.12
358.8 616.87 97.86 15.86
360.4 668.33 97.08 14.53
361.9 686.05 100.99 14.72
363.5 715.01 96.26 13.46
365.1 743.78 99.86 13.43
366.6 778.54 102.88 13.22
368.2 824.27 100.05 12.14
369.7 873.39 90.77 10.39
371.3 928.49 93.51 10.07
372.8 977.74 99.60 10.19
374.4 1016.27 100.13 9.85
375.9 1052.58 100.62 9.56
377.4 1084.71 98.88 9.12
379.0 1129.79 101.20 8.96
380.5 1157.14 99.10 8.56
382.1 1186.43 97.52 8.22
383.6 1234.64 94.69 7.67
385.2 1293.88 92.95 7.18
386.7 1345.63 99.09 7.36
388.3 1410.38 95.11 6.74
389.8 1464.46 102.11 6.97
391.3 1527.57 103.05 6.75
392.9 1567.60 106.40 6.79
394.4 1609.87 115.73 7.19
395.9 1662.63 123.09 7.40
397.5 1749.05 129.20 7.39
399.0 1827.74 132.25 7.24
400.6 1876.29 122.26 6.52
402.1 1904.04 119.71 6.29
403.6 1943.17 117.48 6.05
405.1 1994.81 116.99 5.86
406.7 2061.92 121.86 5.91
408.2 2135.06 124.74 5.84
409.7 2198.56 128.58 5.85
411.3 2272.05 134.49 5.92
412.8 2335.64 142.67 6.11
414.3 2399.77 147.34 6.14
415.8 2475.00 154.00 6.22
417.4 2547.71 156.86 6.16
418.9 2612.23 163.94 6.28
420.4 2658.25 167.50 6.30
421.9 2705.56 167.46 6.19
423.5 2743.63 165.79 6.04
425.0 2788.02 167.21 6.00
426.5 2844.45 169.42 5.96
428.0 2917.63 171.18 5.87
429.5 3009.90 174.99 5.81
431.1 3112.45 177.63 5.71
432.6 3227.88 181.48 5.62
434.1 3329.29 188.27 5.65
435.6 3423.98 192.34 5.62
437.1 3517.80 203.58 5.79
438.6 3607.74 205.15 5.69
440.1 3694.39 210.15 5.69
441.6 3790.73 218.27 5.76
443.1 3873.83 228.02 5.89
444.7 3959.99 234.68 5.93
446.2 4024.76 240.81 5.98
447.7 4101.41 251.56 6.13
449.2 4174.20 260.06 6.23
450.7 4238.00 263.33 6.21
452.2 4313.18 268.42 6.22
453.7 4393.64 277.14 6.31
455.2 4491.99 285.76 6.36
456.7 4618.24 298.85 6.47
458.2 4761.06 311.40 6.54
459.7 4899.13 326.20 6.66
461.2 5044.37 339.23 6.72
462.7 5165.05 351.91 6.81
464.2 5287.79 363.07 6.87
465.7 5408.14 378.50 7.00
467.2 5518.98 386.16 7.00
468.7 5631.00 404.40 7.18
470.2 5705.20 418.88 7.34
471.7 5821.13 436.53 7.50
473.2 6011.22 439.35 7.31
474.6 6153.75 439.45 7.14
476.1 6204.18 440.11 7.09
477.6 6220.94 443.96 7.14
479.1 6250.52 452.31 7.24
480.6 6293.37 460.46 7.32
482.1 6374.96 467.42 7.33
483.6 6474.12 479.87 7.41
485.1 6599.29 494.19 7.49
486.6 6739.10 516.00 7.66
488.0 6898.13 537.88 7.80
489.5 7058.36 562.67 7.97
491.0 7224.81 589.53 8.16
492.5 7392.87 621.11 8.40
494.0 7557.79 656.62 8.69
495.4 7702.20 692.67 8.99
496.9 7844.83 729.79 9.30
498.4 7990.29 769.75 9.63
499.9 8131.50 809.63 9.96
501.4 8263.45 857.84 10.38
502.8 8392.79 906.46 10.80
504.3 8499.60 953.28 11.22
505.8 8611.18 1004.76 11.67
507.2 8674.01 1056.03 12.17
508.7 8728.20 1106.69 12.68
510.2 8764.92 1158.11 13.21
511.6 8789.76 1204.52 13.70
513.1 8840.43 1254.77 14.19
514.6 8904.34 1308.72 14.70
516.0 8958.85 1363.97 15.22
517.5 9056.55 1427.25 15.76
519.0 9171.31 1496.75 16.32
520.5 9287.32 1569.81 16.90
521.9 9437.16 1649.59 17.48
523.4 9612.27 1730.26 18.00
524.8 9785.79 1812.61 18.52
526.3 9984.58 1898.02 19.01
527.8 10184.06 1986.65 19.51
529.2 10366.76 2067.87 19.95
530.7 10567.61 2153.97 20.38
532.1 10746.40 2232.41 20.77
533.6 10959.02 2318.08 21.15
535.0 11168.56 2406.44 21.55
536.5 11376.00 2492.06 21.91
538.0 11592.92 2586.30 22.31
539.4 11785.91 2677.98 22.72
540.9 12037.93 2763.74 22.96
542.3 12246.63 2831.50 23.12
543.8 12400.56 2889.87 23.30
545.2 12445.48 2936.88 23.60
546.6 12442.01 2979.14 23.94
548.1 12455.19 3021.58 24.26
549.5 12460.55 3057.04 24.53
551.0 12456.77 3094.19 24.84
552.4 12484.13 3125.22 25.03
553.9 12491.52 3152.19 25.23
555.3 12509.64 3183.57 25.45
556.8 12569.08 3221.08 25.63
558.2 12630.94 3258.23 25.80
559.6 12713.51 3296.74 25.93
561.1 12831.00 3347.50 26.09
562.5 12959.42 3399.86 26.23
564.0 13129.35 3463.86 26.38
565.4 13288.41 3524.92 26.53
566.8 13487.87 3593.42 26.64
568.3 13678.39 3654.18 26.71
569.7 13879.32 3718.56 26.79
571.1 14074.77 3781.28 26.87
572.6 14269.77 3836.16 26.88
574.0 14463.08 3891.36 26.91
575.4 14650.03 3942.68 26.91
576.9 14818.07 3993.07 26.95
578.3 14977.46 4039.04 26.97
579.7 15131.24 4085.45 27.00
581.1 15254.19 4131.30 27.08
582.6 15387.18 4177.68 27.15
584.0 15508.86 4220.92 27.22
585.4 15681.05 4264.70 27.20
586.8 15909.04 4311.95 27.10
588.3 16162.38 4358.95 26.97
589.7 16371.81 4403.88 26.90
591.1 16519.39 4433.63 26.84
592.5 16589.78 4458.48 26.87
594.0 16627.80 4469.75 26.88
595.4 16637.76 4486.44 26.97
596.8 16651.64 4495.49 27.00
598.2 16659.51 4499.79 27.01
599.6 16659.36 4498.11 27.00
601.0 16705.59 4509.16 26.99
602.4 16752.94 4509.32 26.92
603.9 16822.23 4523.38 26.89
605.3 16905.11 4533.04 26.81
606.7 16973.10 4540.68 26.75
608.1 17114.04 4564.56 26.67
609.5 17255.15 4588.82 26.59
610.9 17434.91 4617.79 26.49
612.3 17598.49 4642.36 26.38
613.7 17818.60 4672.36 26.22
615.1 17967.42 4686.98 26.09
616.5 18122.06 4700.08 25.94
617.9 18356.64 4740.20 25.82
619.3 18578.68 4781.94 25.74
620.7 18848.67 4841.45 25.69
622.1 19119.58 4817.93 25.20
623.5 19414.06 4757.72 24.51
624.9 19741.18 4721.64 23.92
626.3 19952.52 4698.86 23.55
627.7 19741.37 4642.90 23.52
629.1 19544.02 4640.77 23.75
630.5 19457.12 4681.25 24.06
631.9 19461.81 4757.22 24.44
633.3 19457.49 4827.02 24.81
634.7 19533.17 4899.04 25.08
636.1 19566.68 4936.79 25.23
637.5 19597.55 4970.00 25.36
638.9 19677.50 4995.82 25.39
640.2 19731.43 5018.35 25.43
641.6 19754.28 5021.17 25.42
643.0 19715.36 5008.68 25.40
644.4 19707.26 4987.35 25.31
645.8 19650.11 4931.24 25.10
647.2 19716.78 4890.60 24.80
648.5 19765.84 4822.49 24.40
649.9 19671.60 4722.71 24.01
651.3 19608.23 4643.04 23.68
652.7 19503.68 4545.12 23.30
654.1 19390.95 4412.26 22.75
655.5 19238.75 4266.96 22.18
656.8 19118.09 4130.63 21.61
658.2 19225.93 4039.44 21.01
659.6 19449.31 3966.99 20.40
660.9 19643.18 3889.12 19.80
662.3 19825.21 3802.25 19.18
663.7 20008.80 3710.28 18.54
665.0 20165.89 3621.47 17.96
666.4 20328.89 3541.06 17.42
667.8 20535.62 3479.12 16.94
669.1 20711.76 3416.38 16.49
670.5 20914.18 3374.21 16.13
671.9 21055.86 3330.91 15.82
673.2 21237.33 3318.22 15.62
674.6 21400.77 3317.59 15.50
676.0 21596.49 3333.82 15.44
677.3 21793.24 3366.25 15.45
678.7 21992.69 3427.20 15.58
680.0 22269.19 3525.49 15.83
681.4 22542.00 3659.32 16.23
682.8 22829.63 3831.10 16.78
684.1 23112.18 4054.75 17.54
685.5 23364.31 4327.38 18.52
686.8 23617.23 4635.62 19.63
688.2 23841.32 4988.98 20.93
689.5 23927.84 5346.17 22.34
690.9 23997.39 5735.88 23.90
692.2 24047.78 6139.89 25.53
693.6 24110.83 6571.24 27.25
694.9 24095.99 6966.14 28.91
696.2 24121.97 7366.61 30.54
697.6 24149.95 7754.42 32.11
698.9 24174.48 8134.90 33.65
700.3 24215.57 8502.35 35.11
701.6 24264.40 8853.93 36.49
703.0 24323.35 9182.29 37.75
704.3 24329.34 9465.43 38.91
705.6 24327.41 9727.61 39.99
707.0 24334.75 9964.93 40.95
708.3 24282.08 10148.68 41.79
709.6 24223.21 10324.15 42.62
711.0 24124.28 10458.33 43.35
712.3 24015.02 10590.43 44.10
713.6 23977.17 10724.53 44.73
714.9 23907.38 10842.75 45.35
716.3 23880.58 10971.30 45.94
717.6 23876.83 11099.07 46.48
718.9 23805.06 11171.39 46.93
720.2 23675.16 11202.62 47.32
721.6 23576.15 11244.19 47.69
722.9 23446.45 11273.92 48.08
724.2 23274.82 11271.14 48.43
725.5 23133.68 11284.33 48.78
726.8 23009.81 11279.02 49.02
728.1 22933.91 11287.91 49.22
729.5 22856.87 11298.34 49.43
730.8 22796.53 11307.52 49.60
732.1 22719.29 11311.00 49.79
733.4 22660.56 11307.15 49.90
734.7 22602.67 11303.61 50.01
736.0 22569.89 11318.26 50.15
737.3 22520.76 11317.76 50.25
738.6 22554.56 11376.30 50.44
739.9 22633.16 11476.51 50.71
741.2 22698.59 11538.62 50.83
742.5 22841.25 11668.18 51.08
743.8 23091.34 11847.41 51.31
745.1 23491.07 12090.87 51.47
746.4 23957.57 12350.79 51.55
747.7 24466.55 12606.07 51.52
749.0 24948.63 12846.25 51.49
750.3 25229.30 12947.29 51.32
751.6 25175.69 12890.12 51.20
752.9 24925.64 12762.85 51.20
754.2 24630.59 12639.17 51.31
755.4 24314.44 12499.98 51.41
756.7 24210.69 12498.96 51.63
758.0 24235.24 12556.92 51.81
759.3 24394.18 12688.03 52.01
760.6 24621.52 12854.69 52.21
761.9 24823.09 13004.34 52.39
763.1 24955.30 13100.47 52.50
764.4 25125.21 13213.52 52.59
765.7 25257.38 13304.85 52.68
767.0 25349.99 13379.09 52.78
768.2 25431.84 13438.66 52.84
769.5 25509.93 13488.87 52.88
770.8 25646.87 13581.05 52.95
772.0 25674.66 13623.44 53.06
773.3 25762.96 13684.69 53.12
774.6 25839.71 13754.98 53.23
775.8 25921.43 13813.80 53.29
777.1 25948.26 13857.83 53.41
778.4 25918.05 13848.74 53.43
779.6 25945.86 13883.90 53.51
780.9 25904.00 13892.00 53.63
782.1 25811.51 13860.35 53.70
783.4 25819.04 13891.90 53.80
784.6 25849.06 13939.10 53.92
785.9 26028.56 14106.09 54.19
787.1 26416.14 14352.23 54.33
788.4 26716.91 14488.82 54.23
789.6 26732.54 14411.59 53.91
790.9 26499.75 14215.58 53.64
792.1 26215.36 14071.97 53.68
793.4 25939.41 13952.88 53.79
794.6 25766.06 13869.07 53.83
795.8 25608.38 13810.45 53.93
797.1 25427.85 13734.15 54.01
798.3 25301.10 13708.70 54.18
799.5 25235.55 13691.42 54.25
800.8 25155.70 13664.53 54.32
802.0 25074.70 13626.90 54.35
803.2 24986.56 13588.93 54.38
804.5 24925.76 13559.36 54.40
805.7 24855.66 13533.13 54.45
806.9 24776.64 13499.89 54.49
808.1 24708.89 13472.22 54.52
809.4 24677.19 13467.30 54.57
810.6 24617.78 13442.52 54.60
811.8 24606.91 13453.21 54.67
813.0 24601.75 13455.74 54.69
814.2 24620.30 13472.50 54.72
815.4 24684.78 13485.47 54.63
816.6 24715.54 13489.56 54.58
817.9 24752.29 13478.65 54.45
819.1 24717.85 13418.53 54.29
820.3 24615.89 13351.64 54.24
821.5 24558.22 13298.71 54.15
822.7 24525.20 13256.52 54.05
823.9 24512.51 13238.13 54.01
825.1 24512.73 13202.21 53.86
826.3 24527.23 13191.42 53.78
827.5 24554.23 13169.56 53.63
828.7 24585.24 13148.30 53.48
829.9 24620.63 13127.65 53.32
831.0 24677.45 13135.27 53.23
832.2 24735.00 13129.75 53.08
833.4 24800.15 13134.94 52.96
834.6 24827.34 13146.56 52.95
835.8 24886.58 13154.40 52.86
837.0 24941.18 13183.09 52.86
838.1 25036.55 13233.67 52.86
839.3 25073.20 13245.43 52.83
840.5 25138.07 13273.53 52.80
841.7 25214.76 13330.66 52.87
842.9 25311.78 13383.28 52.87
844.0 25352.29 13414.34 52.91
845.2 25454.19 13470.77 52.92
846.4 25527.43 13493.57 52.86
847.5 25656.16 13567.16 52.88
848.7 25745.00 13611.20 52.87
849.9 25879.71 13660.09 52.78
851.0 25913.04 13649.10 52.67
852.2 25966.07 13663.62 52.62
853.3 25941.98 13630.91 52.54
854.5 25934.86 13626.35 52.54
855.6 25916.94 13618.15 52.55
856.8 25944.85 13641.56 52.58
857.9 25943.54 13638.68 52.57
859.1 25996.60 13682.16 52.63
860.2 26027.46 13689.14 52.60
861.4 26023.97 13706.68 52.67
862.5 26059.24 13718.31 52.64
863.7 26115.12 13736.66 52.60
864.8 26101.25 13749.54 52.68
865.9 26082.46 13724.42 52.62
867.1 26099.25 13740.19 52.65
868.2 26099.69 13740.92 52.65
869.3 26128.19 13744.55 52.60
870.5 26099.47 13718.50 52.56
871.6 26087.08 13729.74 52.63
872.7 26136.21 13759.54 52.65
873.9 26148.82 13766.08 52.65
875.0 26142.73 13745.52 52.58
876.1 26142.29 13732.02 52.53
877.2 26184.05 13735.07 52.46
878.3 26169.01 13712.54 52.40
879.4 26191.11 13713.70 52.36
880.5 26214.48 13719.96 52.34
881.7 26220.35 13692.38 52.22
882.8 26271.44 13697.85 52.14
883.9 26272.50 13682.72 52.08
885.0 26275.91 13642.36 51.92
886.1 26278.81 13600.20 51.75
887.2 26194.66 13511.31 51.58
888.3 26154.69 13470.77 51.50
889.4 26083.75 13404.48 51.39
890.5 26060.47 13376.03 51.33
891.6 26043.45 13338.86 51.22
892.7 26025.13 13323.35 51.19
893.8 26046.70 13334.96 51.20
894.9 26070.72 13322.50 51.10
896.0 26059.51 13285.35 50.98
897.0 26054.12 13276.34 50.96
898.1 26079.30 13279.27 50.92
899.2 26095.96 13272.14 50.86
900.3 26052.56 13206.10 50.69
901.4 26029.33 13162.68 50.57
902.4 26018.83 13170.88 50.62
903.5 26017.27 13126.05 50.45
904.6 26012.16 13108.72 50.39
905.7 26050.43 13106.77 50.31
906.7 26024.14 13074.70 50.24
907.8 26076.86 13065.07 50.10
908.9 26057.48 13015.62 49.95
909.9 26017.06 12986.08 49.91
911.0 26009.49 12941.98 49.76
912.1 25979.15 12891.72 49.62
913.1 25944.88 12826.22 49.44
914.2 25856.17 12778.68 49.42
915.2 25844.13 12739.25 49.29
916.3 25883.78 12697.17 49.05
917.3 25847.25 12686.72 49.08
918.4 25819.06 12590.55 48.76
919.4 25792.96 12544.99 48.64
920.5 25804.34 12507.56 48.47
921.5 25824.68 12465.94 48.27
922.6 25820.42 12392.54 48.00
923.6 25802.74 12349.56 47.86
924.7 25837.63 12285.10 47.55
925.7 25830.51 12237.05 47.37
926.7 25889.20 12159.15 46.97
927.8 25949.67 12097.66 46.62
928.8 26061.51 12085.20 46.37
929.9 26114.55 12035.30 46.09
930.9 26214.58 12034.05 45.91
931.9 26363.30 12012.25 45.56
932.9 26568.63 12041.96 45.32
934.0 26604.58 11977.63 45.02
935.0 26610.78 11907.39 44.75
936.0 26639.41 11840.26 44.45
937.0 26632.91 11759.40 44.15
938.1 26589.57 11677.43 43.92
939.1 26594.73 11606.50 43.64
940.1 26647.30 11540.28 43.31
941.1 26757.94 11505.30 43.00
942.1 26950.86 11495.20 42.65
943.1 27064.46 11459.91 42.34
944.1 27200.04 11448.32 42.09
945.2 27250.86 11371.67 41.73
946.2 27341.46 11305.97 41.35
947.2 27385.31 11235.00 41.03
948.2 27528.14 11160.83 40.54
949.2 27562.84 11105.25 40.29
950.2 27601.23 11034.87 39.98
951.2 27696.06 10964.18 39.59
952.2 27776.58 10878.19 39.16
953.2 27874.44 10839.24 38.89
954.2 27994.28 10784.66 38.52
955.2 28013.52 10716.88 38.26
956.2 27975.49 10614.09 37.94
957.2 28074.45 10556.06 37.60
958.2 28163.05 10550.95 37.46
959.2 28188.45 10499.49 37.25
960.1 28244.69 10463.90 37.05
961.1 28322.00 10451.46 36.90
962.1 28304.06 10438.13 36.88
963.1 28357.97 10420.12 36.74
964.1 28464.51 10429.52 36.64
965.1 28543.56 10446.79 36.60
966.1 28584.14 10453.97 36.57
967.0 28655.80 10446.77 36.46
968.0 28697.14 10460.27 36.45
969.0 28718.80 10460.32 36.42
970.0 28760.47 10435.88 36.29
971.0 28834.42 10481.10 36.35
971.9 28848.78 10476.72 36.32
972.9 28890.31 10474.28 36.26
973.9 28948.56 10460.00 36.13
974.9 29046.70 10455.20 35.99
975.8 29063.68 10439.08 35.92
976.8 29052.58 10403.13 35.81
977.8 29165.54 10449.26 35.83
978.8 29197.88 10398.87 35.62
979.7 29189.32 10443.62 35.78
980.7 29306.81 10426.38 35.58
981.7 29477.75 10504.16 35.63
982.6 29574.16 10571.80 35.75
983.6 29987.80 10740.94 35.82
984.6 30188.75 10855.87 35.96
985.5 30563.82 11152.87 36.49
986.5 30946.12 11271.82 36.42
987.5 31666.80 11438.54 36.12
988.4 32276.75 11758.34 36.43
989.4 33081.94 12259.04 37.06
990.4 33865.04 12524.23 36.98
991.3 34680.98 12849.86 37.05
992.3 35996.38 12833.49 35.65
993.2 37249.57 13149.55 35.30
994.2 37192.84 14118.10 37.96
995.2 38468.72 13932.67 36.22
996.1 38815.33 14425.85 37.17
997.1 39248.66 14396.60 36.68
998.0 39056.40 14046.60 35.96
999.0 38843.24 14308.77 36.84
1000.0 39939.10 14250.57 35.68
1000.9 41119.71 14401.73 35.02
1001.9 38921.76 14271.31 36.67
1002.8 38260.04 13631.45 35.63
1003.8 38840.71 14750.74 37.98
1004.8 39018.78 13964.62 35.79
961.5 34611.80 12181.81 35.20
965.5 33947.81 11856.14 34.92
969.5 32673.62 11342.32 34.71
973.4 31329.21 10818.72 34.53
977.4 30182.73 10425.15 34.54
981.4 29653.05 10311.61 34.77
985.3 29580.67 10397.82 35.15
989.3 29694.74 10735.41 36.15
993.3 29811.28 11150.66 37.40
997.2 29873.76 11480.90 38.43
1001.2 29847.48 11685.44 39.15
1005.2 29766.32 11839.18 39.77
1009.1 29802.16 11980.10 40.20
1013.1 29912.80 12162.22 40.66
1017.1 29980.27 12388.68 41.32
1021.0 29997.45 12593.32 41.98
1025.0 29986.05 12779.68 42.62
1029.0 29874.56 12903.95 43.19
1032.9 29757.39 13021.19 43.76
1036.9 29719.10 13166.03 44.30
1040.9 29786.91 13339.71 44.78
1044.8 29914.06 13553.72 45.31
1048.8 30017.23 13748.69 45.80
1052.7 30081.05 13914.36 46.26
1056.7 30106.96 14055.29 46.68
1060.7 30124.55 14144.02 46.95
1064.6 30126.20 14208.03 47.16
1068.6 30068.46 14203.67 47.24
1072.5 30024.99 14163.91 47.17
1076.5 29992.38 14147.18 47.17
1080.4 29983.51 14107.09 47.05
1084.4 30049.89 14063.64 46.80
1088.3 30134.74 14026.14 46.54
1092.3 30115.74 13901.83 46.16
1096.2 30104.84 13785.39 45.79
1100.2 30142.18 13681.06 45.39
1104.1 30082.71 13497.92 44.87
1108.1 30052.27 13350.73 44.43
1112.0 29977.43 13168.44 43.93
1116.0 29868.35 12921.94 43.26
1119.9 29779.89 12696.46 42.63
1123.9 29822.35 12472.99 41.82
1127.8 29798.40 12142.08 40.75
1131.8 29786.58 11727.18 39.37
1135.7 29821.64 11216.34 37.61
1139.6 29831.38 10660.29 35.74
1143.6 29819.95 10132.15 33.98
1147.5 29803.64 9667.26 32.44
1151.4 29713.98 9281.21 31.24
1155.4 29731.43 9038.00 30.40
1159.3 29760.66 8871.84 29.81
1163.2 29674.15 8728.32 29.41
1167.2 29672.28 8669.46 29.22
1171.1 29681.80 8645.80 29.13
1175.0 29651.52 8589.65 28.97
1179.0 29638.87 8549.07 28.84
1182.9 29697.98 8541.35 28.76
1186.8 29706.14 8517.34 28.67
1190.7 29571.10 8444.91 28.56
1194.7 29411.94 8379.57 28.49
1198.6 29289.65 8329.86 28.44
1202.5 29196.66 8289.60 28.39
1206.4 29112.98 8268.39 28.40
1210.3 29056.59 8274.10 28.48
1214.2 29008.58 8285.28 28.56
1218.2 28915.95 8289.22 28.67
1222.1 28833.10 8302.13 28.79
1226.0 28785.60 8335.98 28.96
1229.9 28734.48 8366.58 29.12
1233.8 28673.70 8384.82 29.24
1237.7 28644.25 8421.69 29.40
1241.6 28596.57 8457.93 29.58
1245.5 28494.07 8470.88 29.73
1249.4 28422.55 8463.87 29.78
1253.3 28356.92 8467.59 29.86
1257.2 28323.43 8478.78 29.94
1261.1 28264.79 8465.15 29.95
1265.0 28184.91 8441.86 29.95
1268.9 28067.43 8417.65 29.99
1272.8 28106.70 8401.80 29.89
1276.7 28238.01 8404.24 29.76
1280.6 28297.17 8376.80 29.60
1284.5 28250.81 8305.76 29.40
1288.4 28234.52 8243.07 29.19
1292.3 28165.50 8131.75 28.87
1296.2 28076.33 8000.87 28.50
1300.1 27971.71 7857.25 28.09
1303.9 27830.79 7701.70 27.67
1307.8 27679.51 7528.05 27.20
1311.7 27513.83 7332.53 26.65
1315.6 27356.90 7128.77 26.06
1319.5 27190.78 6904.59 25.39
1323.3 27036.43 6677.87 24.70
1327.2 26898.46 6454.83 24.00
1331.1 26745.75 6234.57 23.31
1335.0 26551.82 5987.73 22.55
1338.8 26417.20 5775.17 21.86
1342.7 26306.22 5596.91 21.28
1346.5 26068.84 5397.10 20.70
1350.4 25867.11 5237.10 20.25
1354.3 25587.95 5064.05 19.79
1358.1 25293.52 4877.42 19.28
1362.0 25095.25 4706.16 18.75
1365.8 25024.00 4535.55 18.12
1369.7 25106.98 4383.84 17.46
1373.5 25078.13 4210.84 16.79
1377.4 24917.97 3983.81 15.99
1381.2 24782.40 3686.21 14.87
1385.1 24754.66 3381.02 13.66
1389.0 24692.16 3076.64 12.46
1392.8 24567.88 2778.60 11.31
1396.6 24460.52 2510.51 10.26
1400.5 24320.99 2274.43 9.35
1404.3 24225.89 2083.45 8.60
1408.2 24204.64 1921.93 7.94
1412.0 24174.50 1807.17 7.48
1415.8 24201.79 1723.41 7.12
1419.6 24176.54 1656.90 6.85
1423.5 24162.30 1606.11 6.65
1427.3 24156.22 1571.14 6.50
1431.1 24149.78 1541.48 6.38
1434.9 24082.82 1502.71 6.24
1438.8 24045.91 1488.55 6.19
1442.6 24021.66 1484.04 6.18
1446.4 23948.95 1465.98 6.12
1450.2 23899.20 1456.93 6.10
1454.0 23823.72 1450.08 6.09
1457.8 23805.13 1456.99 6.12
1461.6 23794.65 1466.39 6.16
1465.4 23719.51 1468.67 6.19
1469.2 23598.58 1476.48 6.26
1473.0 23505.47 1493.71 6.35
1476.8 23479.35 1517.15 6.46
1480.7 23444.07 1552.00 6.62
1484.4 23358.60 1591.44 6.81
1488.2 23294.76 1637.04 7.03
1492.0 23212.99 1680.49 7.24
1495.8 23134.48 1722.18 7.44
1499.6 23068.04 1763.95 7.65
1503.4 22989.82 1796.08 7.81
1507.2 22924.40 1832.75 7.99
1510.9 22832.54 1865.03 8.17
1514.7 22729.47 1887.85 8.31
1518.5 22650.58 1913.07 8.45
1522.3 22564.73 1944.95 8.62
1526.0 22502.83 1980.99 8.80
1529.8 22457.39 2025.55 9.02
1533.6 22379.96 2060.18 9.21
1537.3 22300.49 2088.87 9.37
1541.1 22218.14 2121.85 9.55
1544.8 22130.40 2155.20 9.74
1548.6 22049.49 2185.24 9.91
1552.4 21992.28 2209.14 10.05
1556.1 21940.64 2238.89 10.20
1559.9 21881.16 2274.30 10.39
1563.6 21806.79 2305.39 10.57
1567.3 21732.27 2337.42 10.76
1571.1 21585.13 2368.90 10.97
1574.8 21494.94 2408.48 11.20
1578.6 21441.85 2440.54 11.38
1582.3 21360.05 2455.89 11.50
1586.0 21278.88 2475.07 11.63
1589.8 21182.42 2487.80 11.74
1593.5 21087.16 2498.08 11.85
1597.2 21011.15 2523.45 12.01
1600.9 20910.91 2542.37 12.16
1604.7 20817.19 2556.79 12.28
1608.4 20751.75 2574.42 12.41
1612.1 20653.79 2583.23 12.51
1615.8 20554.46 2591.26 12.61
1619.5 20509.10 2610.03 12.73
1623.2 20415.20 2624.02 12.85
1626.9 20293.94 2632.71 12.97
1630.6 20187.64 2637.80 13.07
1634.3 20108.09 2642.87 13.14
1638.0 20016.12 2642.46 13.20
1641.7 19907.78 2642.20 13.27
1645.4 19793.59 2645.37 13.36
1649.1 19676.58 2633.39 13.38
1652.8 19573.89 2619.01 13.38
1656.4 19468.81 2608.91 13.40
1660.1 19373.12 2602.92 13.44
1663.8 19253.37 2579.98 13.40
1667.5 19154.03 2567.93 13.41
1671.1 19073.44 2560.26 13.42
1674.8 18955.63 2538.30 13.39
1678.5 18920.35 2533.31 13.39
1682.1 18926.99 2523.60 13.33
1685.8 18934.59 2505.95 13.23
1689.5 18875.64 2488.24 13.18
1693.1 18777.51 2469.54 13.15
1696.8 18693.63 2443.88 13.07
1700.4 18605.80 2412.97 12.97
1704.0 18533.22 2382.43 12.85
1707.7 18380.44 2345.02 12.76
1711.3 18186.09 2297.72 12.63
1715.0 18064.01 2252.32 12.47
1718.6 17962.81 2213.90 12.32
1722.2 17869.77 2176.83 12.18
1725.9 17778.98 2135.51 12.01
1729.5 17683.82 2113.12 11.95
1733.1 17615.86 2087.13 11.85
1736.7 17543.89 2058.34 11.73
1740.3 17426.02 2028.57 11.64
1744.0 17375.79 2005.45 11.54
1747.5 17289.32 1972.58 11.41
1751.2 17148.24 1930.31 11.26
1754.8 17043.21 1905.62 11.18
1758.4 16959.78 1871.44 11.03
1762.0 16844.84 1832.36 10.88
1765.5 16763.61 1806.08 10.77
1769.1 16735.20 1783.20 10.66
1772.7 16687.95 1772.17 10.62
1776.3 16608.65 1753.92 10.56
1779.9 16528.93 1731.11 10.47
1783.5 16504.40 1713.68 10.38
1787.0 16420.93 1694.32 10.32
1790.6 16313.97 1687.39 10.34
1794.2 16250.54 1674.97 10.31
1797.8 16183.76 1662.77 10.27
1801.3 16118.56 1661.44 10.31
1804.9 16020.38 1651.13 10.31
1808.4 15971.30 1646.77 10.31
1812.0 15882.75 1639.86 10.32
1815.5 15784.84 1634.64 10.36
1819.1 15650.89 1619.94 10.35
1822.6 15532.45 1607.50 10.35
1826.2 15446.30 1597.18 10.34
1829.7 15337.22 1585.06 10.33
1833.2 15178.78 1565.11 10.31
1836.8 15030.02 1538.36 10.24
1840.3 14950.04 1524.24 10.20
1843.8 14886.20 1498.91 10.07
1847.3 14837.06 1489.21 10.04
1850.8 14793.41 1487.81 10.06
1854.3 14722.56 1458.62 9.91
1857.8 14658.80 1419.60 9.68
1861.3 14629.20 1360.72 9.30
1864.8 14572.84 1271.86 8.73
1868.3 14425.58 1153.17 7.99
1871.8 14284.80 1052.16 7.37
1875.3 14255.61 966.88 6.78
1878.8 14246.03 873.94 6.13
1882.3 14193.40 767.63 5.41
1885.8 14118.50 722.79 5.12
1889.3 13979.52 658.94 4.71
1892.7 13865.36 610.93 4.41
1896.2 13804.86 588.47 4.26
1899.7 13707.11 578.87 4.22
1903.1 13634.54 569.18 4.17
1906.6 13688.09 577.69 4.22
1910.0 13884.77 667.14 4.80
1913.5 14226.75 835.23 5.87
1917.0 14474.60 1070.83 7.40
1920.4 14745.78 1201.85 8.15
1923.8 15062.87 1137.84 7.55
1871.2 12888.95 995.86 7.73
1873.9 13047.08 859.07 6.58
1876.7 13250.10 848.73 6.41
1879.5 13307.88 889.08 6.68
1882.3 13009.24 730.76 5.62
1885.1 13033.44 629.26 4.83
1887.8 13145.19 626.75 4.77
1890.6 12997.04 530.17 4.08
1893.4 12958.00 491.33 3.79
1896.2 12845.61 481.37 3.75
1898.9 12795.28 430.36 3.36
1901.7 12697.20 423.24 3.33
1904.5 12812.38 428.49 3.34
1907.2 12777.50 389.50 3.05
1910.0 12693.31 384.78 3.03
1912.7 12674.55 368.31 2.91
1915.5 12622.22 323.65 2.56
1918.2 12592.16 361.41 2.87
1921.0 12470.84 391.97 3.14
1923.7 12502.92 376.86 3.01
1926.5 12525.14 364.75 2.91
1929.2 12499.59 388.01 3.10
1932.0 12466.20 379.20 3.04
1934.7 12450.39 381.45 3.06
1937.4 12388.06 393.91 3.18
1940.2 12333.29 374.95 3.04
1942.9 12377.93 383.67 3.10
1945.6 12406.16 404.68 3.26
1948.3 12364.25 409.13 3.31
1951.1 12353.04 415.38 3.36
1953.8 12345.00 435.00 3.52
1956.5 12249.55 413.31 3.37
1959.2 12291.89 394.68 3.21
1961.9 12307.40 420.18 3.41
1964.6 12224.28 443.28 3.63
1967.3 12284.97 430.17 3.50
1970.0 12156.72 408.48 3.36
1972.8 12093.19 447.13 3.70
1975.5 12180.79 479.97 3.94
1978.2 12109.24 467.20 3.86
1980.9 12027.29 451.83 3.76
1983.5 11996.88 471.15 3.93
1986.2 11983.38 480.15 4.01
1988.9 11983.38 468.51 3.91
1991.6 11899.51 495.33 4.16
1994.3 11798.84 514.12 4.36
1997.0 11807.25 513.23 4.35
1999.7 11770.96 525.52 4.46
2002.3 11768.44 537.94 4.57
2005.0 11742.55 529.31 4.51
2007.7 11687.40 536.07 4.59
2010.4 11651.26 565.29 4.85
2013.0 11630.36 554.78 4.77
2015.7 11528.64 542.76 4.71
2018.4 11457.30 561.66 4.90
2021.0 11452.33 575.17 5.02
2023.7 11380.16 587.95 5.17
2026.4 11323.00 597.13 5.27
2029.0 11263.54 601.70 5.34
2031.7 11193.43 597.13 5.33
2034.3 11193.43 583.05 5.21
2037.0 11130.51 588.34 5.29
2039.6 11076.09 599.24 5.41
2042.3 11047.98 609.41 5.52
2044.9 11026.46 594.66 5.39
2047.5 11001.21 589.05 5.35
2050.2 10900.40 624.40 5.73
2052.8 10894.80 602.00 5.53
2055.4 10822.84 616.37 5.70
2058.1 10738.00 638.40 5.95
2060.7 10718.83 614.90 5.74
2063.3 10653.43 643.72 6.04
2065.9 10619.50 636.50 5.99
2068.6 10577.63 600.21 5.67
2071.2 10537.83 630.54 5.98
2073.8 10490.95 666.00 6.35
2076.4 10463.25 648.34 6.20
2079.0 10439.15 629.44 6.03
2081.6 10423.40 649.88 6.23
2084.2 10414.77 648.98 6.23
2086.8 10346.04 630.72 6.10
2089.4 10282.92 649.60 6.32
2092.1 10234.00 651.67 6.37
2094.7 10195.43 655.40 6.43
2097.2 10197.17 674.33 6.61
2099.8 10202.45 666.12 6.53
2102.4 10082.46 662.50 6.57
2105.0 9986.40 689.70 6.91
2107.6 9963.47 717.78 7.20
2110.2 9945.83 693.37 6.97
2112.8 9950.08 684.34 6.88
2115.3 9950.34 689.91 6.93
2117.9 9955.62 687.70 6.91
2120.5 9928.49 714.18 7.19
2123.1 9866.03 693.23 7.03
2125.6 9842.13 699.87 7.11
2128.2 9772.14 725.81 7.43
2130.8 9719.78 699.08 7.19
2133.3 9694.67 712.80 7.35
2135.9 9628.08 735.42 7.64
2138.4 9561.93 704.25 7.37
2141.0 9493.76 693.45 7.30
2143.6 9481.01 712.40 7.51
2146.1 9385.04 719.89 7.67
2148.7 9294.55 701.86 7.55
2151.2 9319.20 718.67 7.71
2153.8 9286.22 744.66 8.02
2156.3 9196.68 711.75 7.74
2158.8 9176.01 705.85 7.69
2161.4 9166.37 701.70 7.66
2163.9 9107.40 675.17 7.41
2166.4 9056.27 706.64 7.80
2169.0 9041.49 730.30 8.08
2171.5 8982.35 712.56 7.93
2174.0 8919.05 714.00 8.01
2176.5 8910.20 690.69 7.75
2179.1 8872.37 692.68 7.81
2181.6 8820.83 702.63 7.97
2184.1 8802.64 662.20 7.52
2186.6 8815.58 677.88 7.69
2189.1 8766.51 712.62 8.13
2191.6 8725.27 715.40 8.20
2194.1 8759.24 704.19 8.04
2196.6 8743.02 699.71 8.00
2199.2 8762.69 697.67 7.96
2201.7 8728.52 709.17 8.12
2204.1 8693.38 707.35 8.14
2206.6 8724.47 675.13 7.74
2209.1 8690.36 692.66 7.97
2211.6 8648.75 692.81 8.01
2214.1 8641.19 691.90 8.01
2216.6 8629.81 710.29 8.23
2219.1 8603.23 725.48 8.43
2221.6 8565.00 673.78 7.87
2224.0 8580.12 655.32 7.64
2226.5 8553.64 665.88 7.78
2229.0 8526.93 666.17 7.81
2231.5 8456.64 654.93 7.74
2233.9 8447.09 642.67 7.61
2236.4 8434.10 617.60 7.32
2238.9 8377.75 592.88 7.08
2241.3 8418.52 625.75 7.43
2243.8 8391.31 637.41 7.60
2246.2 8272.81 624.14 7.54
2248.7 8260.98 628.64 7.61
2251.2 8270.85 595.72 7.20
2253.6 8217.60 568.32 6.92
2256.1 8198.40 591.36 7.21
2258.5 8205.80 572.41 6.98
2260.9 8176.22 559.91 6.85
2263.4 8125.75 560.40 6.90
2265.8 8124.16 569.31 7.01
2268.3 8073.80 542.62 6.72
2270.7 8110.40 522.01 6.44
2273.1 8107.19 536.90 6.62
2275.6 8037.12 518.40 6.45
2278.0 8047.94 480.42 5.97
2280.4 8050.71 484.89 6.02
2282.8 7936.92 522.68 6.59
2285.3 7936.09 517.15 6.52
2287.7 8013.06 488.13 6.09
2290.1 7946.20 478.35 6.02
2292.5 7908.89 460.33 5.82
2294.9 7966.56 450.49 5.65
2297.3 7878.36 407.37 5.17
2299.7 7782.17 402.73 5.18
2302.1 7817.38 428.19 5.48
2304.5 7722.40 392.00 5.08
2306.9 7647.92 392.00 5.13
2309.3 7632.91 376.16 4.93
2311.7 7536.00 380.73 5.05
2314.1 7439.51 401.71 5.40
2316.5 7426.90 386.12 5.20
2318.9 7433.98 362.63 4.88
2321.3 7420.20 372.40 5.02
2323.7 7439.58 411.31 5.53
2326.1 7403.11 386.88 5.23
2328.4 7412.50 362.08 4.88
2330.8 7505.15 359.92 4.80
2333.2 7417.12 354.18 4.78
2335.6 7356.75 348.74 4.74
2337.9 7411.84 350.56 4.73
2340.3 7376.47 356.86 4.84
2342.7 7282.70 355.46 4.88
2345.0 7270.29 326.99 4.50
2347.4 7284.50 323.00 4.43
2349.7 7133.68 358.82 5.03
2352.1 7080.04 343.07 4.85
2354.4 7143.83 305.18 4.27
2356.8 7126.82 289.22 4.06
2359.2 7067.67 312.00 4.41
2361.5 7038.06 322.89 4.59
2363.8 7031.06 311.81 4.43
2366.2 7039.27 286.87 4.08
2368.5 7035.45 293.70 4.17
2370.9 7023.13 304.19 4.33
2373.2 6987.82 301.28 4.31
2375.5 6900.63 316.75 4.59
2377.9 6892.20 259.83 3.77
2380.2 6890.83 242.83 3.52
2382.5 6864.93 271.11 3.95
2384.8 6830.08 250.56 3.67
2387.2 6784.02 271.92 4.01
2389.5 6780.31 236.08 3.48
2391.8 6787.76 256.68 3.78
2394.1 6727.26 273.51 4.07
2396.4 6676.90 222.56 3.33
2398.7 6732.64 248.46 3.69
2401.0 6690.59 257.14 3.84
2403.3 6603.48 249.00 3.77
2405.6 6572.81 229.92 3.50
2407.9 6583.14 195.39 2.97
2410.2 6542.40 200.53 3.07
2412.5 6479.13 203.27 3.14
2414.8 6475.24 210.54 3.25
2417.1 6452.08 247.76 3.84
2419.4 6434.35 250.08 3.89
2421.7 6386.85 205.01 3.21
2424.0 6345.28 174.35 2.75
2426.2 6355.80 224.70 3.54
2428.5 6327.75 227.15 3.59
2430.8 6349.25 201.65 3.18
2433.1 6300.57 171.48 2.72
2435.4 6204.86 184.64 2.98
2437.6 6227.24 212.61 3.41
2439.9 6165.27 185.30 3.01
2442.2 6149.09 176.34 2.87
2444.4 6162.60 149.33 2.42
2446.7 6079.44 128.48 2.11
2448.9 6081.55 159.89 2.63
2451.2 6103.04 172.84 2.83
2453.4 6038.72 168.75 2.79
2455.7 6026.93 212.86 3.53
2457.9 5958.48 164.84 2.77
2460.2 5949.23 117.14 1.97
2462.4 5977.92 187.20 3.13
2464.7 5891.98 145.09 2.46
2466.9 5829.36 154.08 2.64
2469.2 5872.39 168.52 2.87
2471.4 5796.90 170.69 2.94
2473.6 5737.62 207.55 3.62
2475.9 5730.24 142.24 2.48
2478.1 5663.45 143.47 2.53
2480.3 5645.91 153.16 2.71
2482.5 5682.93 100.08 1.76
2484.8 5614.17 87.38 1.56
2487.0 5547.59 111.10 2.00
2489.2 5555.75 90.46 1.63
2491.4 5471.72 92.22 1.69
2493.6 5479.00 94.06 1.72
2495.8 5550.75 87.10 1.57
2498.0 5512.53 113.49 2.06
2500.2 5509.95 151.65 2.75
2502.4 5736.48 88.80 1.55
2504.6 5803.02 112.68 1.94
2506.8 5806.03 224.06 3.86
