/*** Spectra Vista SIG Data ***/
name= \My Documents\HR1024_Data\EXB4.
instrument= HR: 1091052
integration= 200, 60, 30, 500, 60, 30
scan time= 1, 1
scan settings= AD, AI, AD, AI
external data set1= 8224, 8224, 8224, 8224, 8224, 8224, 8224, 8224, 8224, 8224, 8224, 8224, 8224, 8224, 8224, 8224
external data set2= 8224, 8224, 8224, 8224, 8224, 8224, 8224, 8224, 8224, 8224, 8224, 8224, 8224, 8224, 8224, 8224
external data dark= 0,0,0,0,0,0,0,0
external data mask= 0
optic= LENS4 , LENS4 
temp= 33.31, 8.94, -5.30, 43.86, 8.94, -5.24
battery= 7.5, 6.8
error= 0, 0
units= Radiance, Radiance
time= 1/1/08 1:10:44 PM, 1/1/08 1:43:13 PM
longitude= , 
latitude= , 
gpstime= , 
comm= 
memory slot= 0, 0
factors= 
data= 
346.4 509.60 112.11 22.00
347.9 536.51 112.95 21.05
349.5 577.20 124.80 21.62
351.1 620.88 117.31 18.89
352.6 679.94 129.03 18.98
354.2 723.22 125.66 17.38
355.7 777.89 133.35 17.14
357.3 842.60 142.86 16.95
358.8 838.80 148.19 17.67
360.4 904.00 156.18 17.28
361.9 943.76 157.41 16.68
363.5 997.20 153.74 15.42
365.1 1040.25 151.18 14.53
366.6 1087.54 156.05 14.35
368.2 1161.70 161.16 13.87
369.7 1204.79 156.72 13.01
371.3 1287.37 164.63 12.79
372.8 1354.56 162.02 11.96
374.4 1435.13 174.89 12.19
375.9 1463.02 177.42 12.13
377.4 1512.41 184.74 12.22
379.0 1578.52 182.04 11.53
380.5 1618.77 184.65 11.41
382.1 1669.58 178.48 10.69
383.6 1726.52 187.11 10.84
385.2 1809.50 189.20 10.46
386.7 1900.67 197.11 10.37
388.3 1991.93 208.70 10.48
389.8 2077.97 215.21 10.36
391.3 2163.95 229.48 10.60
392.9 2236.17 248.08 11.09
394.4 2293.88 242.15 10.56
395.9 2364.42 258.74 10.94
397.5 2493.56 276.49 11.09
399.0 2617.23 284.28 10.86
400.6 2691.33 284.13 10.56
402.1 2739.96 284.83 10.40
403.6 2797.88 287.70 10.28
405.1 2865.39 289.74 10.11
406.7 2979.20 301.06 10.11
408.2 3089.54 315.41 10.21
409.7 3183.04 327.04 10.27
411.3 3295.62 341.50 10.36
412.8 3391.47 351.71 10.37
414.3 3507.27 364.19 10.38
415.8 3622.50 378.00 10.43
417.4 3739.34 393.67 10.53
418.9 3830.42 396.70 10.36
420.4 3913.23 412.76 10.55
421.9 3978.48 412.37 10.36
423.5 4044.22 415.63 10.28
425.0 4110.68 427.92 10.41
426.5 4198.95 432.58 10.30
428.0 4314.36 435.13 10.09
429.5 4445.73 446.35 10.04
431.1 4599.50 457.43 9.95
432.6 4769.72 469.86 9.85
434.1 4937.63 488.95 9.90
435.6 5085.18 498.46 9.80
437.1 5233.80 511.68 9.78
438.6 5364.45 528.98 9.86
440.1 5501.44 547.17 9.95
441.6 5653.06 562.30 9.95
443.1 5799.60 580.77 10.01
444.7 5941.01 604.99 10.18
446.2 6051.88 625.61 10.34
447.7 6161.82 648.98 10.53
449.2 6292.08 668.74 10.63
450.7 6396.00 690.56 10.80
452.2 6529.70 708.97 10.86
453.7 6647.26 733.83 11.04
455.2 6815.62 751.75 11.03
456.7 7013.60 783.55 11.17
458.2 7232.90 805.95 11.14
459.7 7456.75 835.10 11.20
461.2 7667.16 861.32 11.23
462.7 7858.10 887.84 11.30
464.2 8041.02 908.41 11.30
465.7 8240.35 925.98 11.24
467.2 8402.63 950.18 11.31
468.7 8584.00 971.20 11.31
470.2 8698.25 987.57 11.35
471.7 8877.75 1020.30 11.49
473.2 9159.71 1049.66 11.46
474.6 9386.40 1046.63 11.15
476.1 9450.96 1063.39 11.25
477.6 9499.75 1075.06 11.32
479.1 9557.87 1079.42 11.29
480.6 9632.82 1091.79 11.33
482.1 9760.73 1108.26 11.35
483.6 9935.74 1132.86 11.40
485.1 10133.78 1163.51 11.48
486.6 10366.07 1194.77 11.53
488.0 10621.00 1234.35 11.62
489.5 10873.80 1289.42 11.86
491.0 11134.31 1337.73 12.01
492.5 11404.80 1399.68 12.27
494.0 11683.71 1465.61 12.54
495.4 11917.95 1531.20 12.85
496.9 12154.26 1607.88 13.23
498.4 12387.41 1688.44 13.63
499.9 12623.63 1774.52 14.06
501.4 12839.71 1874.13 14.60
502.8 13042.06 1970.31 15.11
504.3 13226.40 2075.76 15.69
505.8 13406.54 2193.73 16.36
507.2 13518.16 2307.90 17.07
508.7 13603.31 2421.52 17.80
510.2 13672.60 2545.89 18.62
511.6 13715.26 2661.62 19.41
513.1 13806.21 2799.76 20.28
514.6 13898.29 2938.94 21.15
516.0 13992.63 3078.73 22.00
517.5 14151.40 3242.02 22.91
519.0 14339.95 3405.38 23.75
520.5 14520.56 3579.79 24.65
521.9 14760.83 3764.22 25.50
523.4 15031.28 3956.88 26.32
524.8 15295.25 4145.73 27.10
526.3 15594.01 4333.24 27.79
527.8 15909.50 4515.17 28.38
529.2 16189.50 4687.22 28.95
530.7 16509.28 4862.07 29.45
532.1 16791.25 5010.78 29.84
533.6 17121.20 5165.00 30.17
535.0 17454.94 5316.00 30.46
536.5 17789.22 5453.37 30.66
538.0 18136.88 5593.60 30.84
539.4 18461.69 5717.99 30.97
540.9 18864.39 5865.46 31.09
542.3 19206.33 5981.27 31.14
543.8 19460.81 6071.06 31.20
545.2 19544.37 6107.79 31.25
546.6 19566.05 6143.33 31.40
548.1 19604.97 6171.43 31.48
549.5 19640.65 6185.24 31.49
551.0 19664.79 6204.64 31.55
552.4 19724.92 6226.39 31.57
553.9 19761.60 6237.08 31.56
555.3 19812.20 6237.27 31.48
556.8 19934.49 6249.92 31.35
558.2 20047.50 6251.85 31.19
559.6 20200.16 6256.37 30.97
561.1 20397.00 6274.45 30.76
562.5 20617.77 6287.57 30.50
564.0 20901.40 6305.13 30.17
565.4 21161.13 6308.87 29.81
566.8 21482.31 6326.47 29.45
568.3 21793.28 6325.85 29.03
569.7 22118.60 6330.00 28.62
571.1 22425.71 6320.99 28.19
572.6 22741.56 6308.93 27.74
574.0 23030.70 6299.70 27.35
575.4 23309.44 6285.60 26.97
576.9 23581.06 6275.12 26.61
578.3 23822.01 6253.39 26.25
579.7 24048.22 6235.77 25.93
581.1 24227.75 6200.23 25.59
582.6 24429.78 6185.61 25.32
584.0 24600.48 6163.26 25.05
585.4 24853.74 6166.42 24.81
586.8 25196.68 6180.28 24.53
588.3 25573.86 6213.17 24.29
589.7 25896.78 6232.82 24.07
591.1 26104.75 6232.10 23.87
592.5 26211.06 6219.16 23.73
594.0 26269.26 6197.35 23.59
595.4 26286.44 6157.19 23.42
596.8 26295.56 6133.84 23.33
598.2 26315.92 6104.65 23.20
599.6 26317.98 6073.38 23.08
601.0 26398.05 6061.41 22.96
602.4 26470.93 6036.39 22.80
603.9 26597.64 6021.72 22.64
605.3 26727.57 6011.61 22.49
606.7 26857.80 5983.20 22.28
608.1 27088.39 5975.32 22.06
609.5 27333.21 5970.46 21.84
610.9 27623.29 5968.84 21.61
612.3 27891.32 5960.06 21.37
613.7 28252.28 5964.35 21.11
615.1 28513.62 5944.75 20.85
616.5 28776.05 5925.02 20.59
617.9 29165.50 5940.79 20.37
619.3 29543.24 5956.48 20.16
620.7 29990.55 5996.82 20.00
622.1 30437.05 5992.32 19.69
623.5 30934.60 6003.26 19.41
624.9 31494.75 6086.54 19.33
626.3 31867.36 6165.69 19.35
627.7 31569.69 6098.57 19.32
629.1 31287.59 6021.71 19.25
630.5 31184.65 5979.62 19.17
631.9 31222.21 5968.80 19.12
633.3 31256.33 5943.15 19.01
634.7 31400.48 5939.87 18.92
636.1 31461.82 5892.51 18.73
637.5 31554.77 5836.94 18.50
638.9 31702.82 5790.32 18.26
640.2 31825.04 5720.75 17.98
641.6 31863.78 5634.72 17.68
643.0 31847.61 5497.34 17.26
644.4 31829.55 5363.84 16.85
645.8 31751.71 5216.13 16.43
647.2 31867.94 5121.79 16.07
648.5 31926.34 5016.96 15.71
649.9 31776.23 4887.48 15.38
651.3 31648.05 4775.64 15.09
652.7 31449.15 4650.18 14.79
654.1 31244.46 4529.35 14.50
655.5 31005.95 4440.58 14.32
656.8 30780.41 4346.42 14.12
658.2 30925.42 4293.04 13.88
659.6 31264.45 4248.54 13.59
660.9 31536.04 4195.36 13.30
662.3 31822.64 4134.63 12.99
663.7 32096.40 4065.60 12.67
665.0 32332.90 3997.57 12.36
666.4 32562.99 3931.76 12.07
667.8 32863.56 3890.53 11.84
669.1 33114.69 3844.60 11.61
670.5 33405.09 3825.19 11.45
671.9 33586.56 3809.90 11.34
673.2 33844.75 3819.24 11.28
674.6 34082.18 3837.92 11.26
676.0 34372.41 3882.21 11.29
677.3 34659.68 3943.63 11.38
678.7 34979.63 4038.35 11.54
680.0 35399.92 4168.92 11.78
681.4 35845.89 4334.77 12.09
682.8 36270.33 4561.83 12.58
684.1 36705.24 4843.80 13.20
685.5 37104.21 5181.71 13.97
686.8 37507.62 5593.06 14.91
688.2 37862.83 6061.06 16.01
689.5 38000.96 6568.47 17.29
690.9 38124.79 7128.15 18.70
692.2 38229.60 7726.50 20.21
693.6 38334.37 8355.86 21.80
694.9 38335.34 8980.09 23.43
696.2 38393.33 9637.92 25.10
697.6 38453.39 10292.21 26.77
698.9 38522.88 10960.22 28.45
700.3 38613.54 11603.82 30.05
701.6 38716.02 12241.24 31.62
703.0 38828.83 12867.89 33.14
704.3 38882.19 13445.64 34.58
705.6 38895.39 14006.92 36.01
707.0 38949.12 14557.46 37.38
708.3 38885.46 15022.74 38.63
709.6 38817.35 15474.18 39.86
711.0 38702.88 15895.00 41.07
712.3 38573.15 16276.22 42.20
713.6 38531.64 16690.97 43.32
714.9 38462.14 17049.78 44.33
716.3 38461.08 17438.64 45.34
717.6 38479.84 17833.65 46.35
718.9 38424.85 18155.69 47.25
720.2 38251.08 18398.32 48.10
721.6 38113.53 18670.76 48.99
722.9 37945.16 18896.63 49.80
724.2 37714.27 19034.95 50.47
725.5 37534.96 19226.22 51.22
726.8 37360.68 19372.03 51.85
728.1 37271.09 19564.60 52.49
729.5 37167.13 19736.57 53.10
730.8 37093.13 19883.01 53.60
732.1 36996.92 20018.23 54.11
733.4 36936.39 20141.64 54.53
734.7 36864.47 20253.27 54.94
736.0 36851.62 20395.78 55.35
737.3 36774.45 20473.56 55.67
738.6 36845.76 20638.11 56.01
739.9 37000.34 20837.80 56.32
741.2 37119.81 20983.87 56.53
742.5 37372.03 21210.71 56.76
743.8 37768.50 21536.13 57.02
745.1 38387.22 21966.27 57.22
746.4 39127.73 22446.61 57.37
747.7 39918.22 22955.24 57.51
749.0 40672.12 23449.76 57.66
750.3 41122.66 23732.58 57.71
751.6 41047.35 23737.82 57.83
752.9 40630.59 23530.02 57.91
754.2 40176.47 23269.34 57.92
755.4 39652.21 22996.89 58.00
756.7 39478.17 22958.15 58.15
758.0 39495.60 22998.87 58.23
759.3 39730.28 23164.23 58.30
760.6 40061.56 23403.07 58.42
761.9 40384.10 23591.99 58.42
763.1 40567.56 23705.25 58.43
764.4 40796.65 23868.87 58.51
765.7 40953.25 23973.30 58.54
767.0 41079.80 24056.73 58.56
768.2 41207.04 24144.96 58.59
769.5 41279.98 24209.57 58.65
770.8 41469.61 24318.99 58.64
772.0 41501.32 24327.21 58.62
773.3 41583.65 24401.13 58.68
774.6 41708.58 24448.57 58.62
775.8 41815.15 24528.47 58.66
777.1 41846.51 24545.90 58.66
778.4 41799.94 24519.95 58.66
779.6 41775.90 24523.20 58.70
780.9 41704.00 24486.40 58.71
782.1 41523.21 24386.13 58.73
783.4 41558.40 24387.58 58.68
784.6 41567.36 24414.83 58.74
785.9 41861.56 24603.14 58.77
787.1 42409.87 24940.34 58.81
788.4 42854.47 25226.83 58.87
789.6 42849.18 25223.78 58.87
790.9 42483.96 24951.45 58.73
792.1 42011.92 24675.23 58.73
793.4 41570.15 24420.66 58.75
794.6 41283.15 24254.62 58.75
795.8 41024.39 24105.71 58.76
797.1 40758.68 23941.89 58.74
798.3 40551.64 23841.84 58.79
799.5 40444.72 23797.40 58.84
800.8 40323.21 23733.14 58.86
802.0 40187.32 23646.83 58.84
803.2 40033.64 23578.13 58.90
804.5 39942.72 23527.85 58.90
805.7 39829.66 23473.58 58.93
806.9 39715.93 23406.92 58.94
808.1 39632.97 23342.18 58.90
809.4 39553.39 23331.83 58.99
810.6 39489.45 23292.36 58.98
811.8 39474.39 23286.83 58.99
813.0 39504.71 23304.74 58.99
814.2 39525.61 23330.86 59.03
815.4 39644.33 23400.79 59.03
816.6 39709.73 23450.63 59.06
817.9 39791.57 23487.75 59.03
819.1 39719.87 23441.02 59.02
820.3 39621.11 23369.83 58.98
821.5 39546.25 23320.19 58.97
822.7 39480.04 23286.03 58.98
823.9 39499.25 23293.98 58.97
825.1 39541.96 23310.67 58.95
826.3 39583.35 23341.18 58.97
827.5 39640.56 23368.69 58.95
828.7 39708.48 23405.57 58.94
829.9 39767.03 23453.27 58.98
831.0 39870.82 23511.70 58.97
832.2 39993.87 23561.81 58.91
833.4 40076.64 23640.28 58.99
834.6 40148.44 23670.00 58.96
835.8 40238.10 23745.96 59.01
837.0 40328.28 23799.36 59.01
838.1 40500.72 23900.58 59.01
839.3 40601.19 23950.66 58.99
840.5 40716.87 24015.02 58.98
841.7 40854.11 24109.87 59.01
842.9 40980.73 24208.00 59.07
844.0 41100.82 24238.81 58.97
845.2 41245.09 24354.84 59.05
846.4 41368.25 24421.24 59.03
847.5 41564.18 24571.44 59.12
848.7 41743.64 24656.33 59.07
849.9 41936.76 24763.42 59.05
851.0 42020.98 24789.88 58.99
852.2 42107.61 24855.80 59.03
853.3 42066.96 24856.29 59.09
854.5 42098.11 24826.57 58.97
855.6 42095.43 24833.95 58.99
856.8 42111.00 24864.27 59.04
857.9 42111.88 24873.42 59.07
859.1 42240.60 24931.44 59.02
860.2 42245.56 24954.21 59.07
861.4 42273.83 24973.34 59.08
862.5 42309.54 24980.19 59.04
863.7 42384.63 25032.23 59.06
864.8 42387.10 25027.94 59.05
865.9 42333.82 24998.14 59.05
867.1 42372.33 25018.03 59.04
868.2 42368.54 25015.10 59.04
869.3 42393.50 25031.14 59.04
870.5 42342.80 24985.11 59.01
871.6 42318.48 24989.02 59.05
872.7 42385.23 25014.14 59.02
873.9 42404.90 25031.68 59.03
875.0 42391.36 24996.26 58.97
876.1 42363.75 25005.40 59.03
877.2 42397.32 25035.80 59.05
878.3 42381.77 25006.91 59.00
879.4 42397.70 25031.12 59.04
880.5 42451.56 25055.28 59.02
881.7 42410.55 25015.38 58.98
882.8 42454.72 25042.08 58.99
883.9 42482.63 25081.48 59.04
885.0 42446.04 25048.84 59.01
886.1 42420.10 25020.79 58.98
887.2 42295.80 24950.03 58.99
888.3 42201.80 24887.64 58.97
889.4 42117.30 24858.29 59.02
890.5 42026.34 24763.75 58.92
891.6 41981.69 24754.13 58.96
892.7 41962.31 24739.48 58.96
893.8 41981.79 24765.71 58.99
894.9 41952.35 24749.60 58.99
896.0 41968.71 24713.17 58.88
897.0 41952.48 24761.57 59.02
898.1 41951.64 24719.61 58.92
899.2 41983.30 24736.06 58.92
900.3 41907.57 24695.70 58.93
901.4 41820.39 24620.86 58.87
902.4 41828.99 24663.67 58.96
903.5 41775.96 24605.41 58.90
904.6 41798.96 24624.91 58.91
905.7 41805.42 24643.80 58.95
906.7 41815.90 24615.50 58.87
907.8 41839.20 24642.51 58.90
908.9 41746.38 24608.60 58.95
909.9 41734.69 24593.69 58.93
911.0 41681.88 24569.75 58.95
912.1 41602.05 24512.75 58.92
913.1 41535.52 24466.83 58.91
914.2 41457.24 24374.00 58.79
915.2 41368.59 24363.61 58.89
916.3 41436.15 24377.28 58.83
917.3 41410.15 24383.39 58.88
918.4 41310.50 24314.18 58.86
919.4 41328.17 24311.17 58.82
920.5 41309.67 24312.69 58.85
921.5 41323.66 24322.76 58.86
922.6 41255.80 24283.73 58.86
923.6 41303.54 24337.27 58.92
924.7 41344.50 24320.80 58.82
925.7 41333.16 24313.37 58.82
926.7 41356.90 24322.68 58.81
927.8 41415.30 24359.34 58.82
928.8 41570.85 24443.44 58.80
929.9 41658.93 24477.59 58.76
930.9 41879.39 24584.16 58.70
931.9 42070.56 24679.55 58.66
932.9 42412.10 24893.55 58.69
934.0 42452.50 24906.72 58.67
935.0 42440.57 24879.93 58.62
936.0 42488.02 24893.45 58.59
937.0 42429.47 24903.37 58.69
938.1 42380.86 24840.82 58.61
939.1 42337.65 24808.93 58.60
940.1 42429.30 24848.15 58.56
941.1 42615.86 24954.39 58.56
942.1 42903.92 25104.98 58.51
943.1 43057.09 25182.37 58.49
944.1 43342.63 25313.85 58.40
945.2 43356.60 25342.13 58.45
946.2 43482.48 25392.92 58.40
947.2 43549.00 25433.90 58.40
948.2 43743.16 25476.28 58.24
949.2 43840.88 25536.55 58.25
950.2 43906.25 25559.76 58.21
951.2 44010.96 25606.90 58.18
952.2 44061.91 25649.75 58.21
953.2 44318.14 25748.00 58.10
954.2 44380.80 25772.22 58.07
955.2 44428.35 25852.02 58.19
956.2 44460.20 25761.87 57.94
957.2 44542.35 25856.91 58.05
958.2 44649.94 25863.70 57.93
959.2 44705.25 25900.74 57.94
960.1 44813.66 25952.10 57.91
961.1 44928.76 25951.10 57.76
962.1 44958.75 25992.00 57.81
963.1 44986.01 26013.81 57.83
964.1 45106.16 26028.96 57.71
965.1 45270.70 26149.58 57.76
966.1 45207.41 26125.08 57.79
967.0 45355.66 26209.99 57.79
968.0 45441.48 26225.51 57.71
969.0 45453.60 26253.52 57.76
970.0 45557.64 26389.88 57.93
971.0 45615.57 26385.03 57.84
971.9 45699.86 26413.81 57.80
972.9 45781.93 26387.31 57.64
973.9 45829.88 26414.44 57.64
974.9 45973.78 26404.62 57.43
975.8 45979.65 26407.08 57.43
976.8 46106.16 26421.80 57.31
977.8 46097.80 26505.44 57.50
978.8 46103.70 26477.28 57.43
979.7 46387.55 26505.08 57.14
980.7 46405.76 26610.74 57.34
981.7 46694.84 26625.62 57.02
982.6 46857.76 26731.97 57.05
983.6 47433.79 26905.95 56.72
984.6 47818.98 27194.03 56.87
985.5 48063.24 27504.00 57.22
986.5 48770.77 27760.60 56.92
987.5 50043.63 28339.73 56.63
988.4 50895.90 28809.00 56.60
989.4 52431.75 29511.59 56.29
990.4 53425.02 30303.37 56.72
991.3 55387.31 31425.91 56.74
992.3 55950.90 31770.72 56.78
993.2 58118.31 32402.64 55.75
994.2 59457.94 32790.42 55.15
995.2 60710.63 33572.70 55.30
996.1 61737.77 34475.35 55.84
997.1 61885.85 33744.07 54.53
998.0 61668.00 33848.88 54.89
999.0 61787.86 33387.12 54.04
1000.0 62252.49 33151.33 53.25
1000.9 62564.91 34312.33 54.84
1001.9 61626.12 33894.37 55.00
1002.8 61885.09 32615.12 52.70
1003.8 61970.58 32992.79 53.24
1004.8 62064.96 34500.82 55.59
961.5 55881.62 28520.90 51.04
965.5 54589.44 28062.38 51.41
969.5 52393.79 27324.68 52.15
973.4 50126.74 26641.10 53.15
977.4 48345.52 25989.04 53.76
981.4 47464.01 25826.85 54.41
985.3 47176.98 25922.42 54.95
989.3 47304.75 26149.10 55.28
993.3 47508.66 26374.65 55.52
997.2 47541.75 26469.03 55.68
1001.2 47520.33 26519.61 55.81
1005.2 47455.76 26517.65 55.88
1009.1 47529.68 26562.93 55.89
1013.1 47663.39 26704.00 56.03
1017.1 47785.75 26841.18 56.17
1021.0 47816.50 26885.57 56.23
1025.0 47819.30 26912.11 56.28
1029.0 47652.00 26847.57 56.34
1032.9 47495.63 26767.26 56.36
1036.9 47497.16 26787.50 56.40
1040.9 47608.97 26868.53 56.44
1044.8 47827.54 26997.56 56.45
1048.8 48004.98 27119.15 56.49
1052.7 48133.54 27206.54 56.52
1056.7 48188.20 27238.05 56.52
1060.7 48194.60 27266.70 56.58
1064.6 48198.22 27283.67 56.61
1068.6 48113.17 27224.08 56.58
1072.5 48026.55 27176.98 56.59
1076.5 47975.49 27163.83 56.62
1080.4 47966.69 27137.00 56.57
1084.4 48069.59 27180.89 56.54
1088.3 48170.15 27240.33 56.55
1092.3 48152.58 27205.77 56.50
1096.2 48142.77 27183.81 56.46
1100.2 48183.64 27196.64 56.44
1104.1 48079.94 27098.19 56.36
1108.1 48035.13 27036.94 56.29
1112.0 47943.86 26949.65 56.21
1116.0 47742.57 26803.40 56.14
1119.9 47581.47 26649.68 56.01
1123.9 47666.30 26626.82 55.86
1127.8 47639.04 26538.24 55.71
1131.8 47617.38 26429.97 55.50
1135.7 47659.94 26320.80 55.23
1139.6 47675.62 26142.74 54.83
1143.6 47638.82 25931.38 54.43
1147.5 47616.88 25726.90 54.03
1151.4 47500.80 25487.15 53.66
1155.4 47513.75 25377.62 53.41
1159.3 47522.52 25321.10 53.28
1163.2 47363.89 25191.65 53.19
1167.2 47347.50 25151.70 53.12
1171.1 47369.57 25134.51 53.06
1175.0 47314.40 25080.11 53.01
1179.0 47268.08 25050.21 53.00
1182.9 47358.68 25080.85 52.96
1186.8 47350.70 25071.09 52.95
1190.7 47139.70 24934.40 52.89
1194.7 46883.87 24773.63 52.84
1198.6 46652.76 24653.48 52.84
1202.5 46480.48 24564.85 52.85
1206.4 46340.80 24499.19 52.87
1210.3 46236.01 24446.98 52.87
1214.2 46114.66 24397.79 52.91
1218.2 45952.68 24332.97 52.95
1222.1 45800.88 24271.03 52.99
1226.0 45686.61 24227.26 53.03
1229.9 45598.02 24193.44 53.06
1233.8 45484.04 24158.80 53.11
1237.7 45416.66 24141.78 53.16
1241.6 45332.53 24099.30 53.16
1245.5 45166.97 24022.99 53.19
1249.4 45023.84 23954.01 53.20
1253.3 44894.25 23885.61 53.20
1257.2 44816.00 23847.13 53.21
1261.1 44716.86 23774.15 53.17
1265.0 44587.73 23680.08 53.11
1268.9 44400.64 23565.97 53.08
1272.8 44460.00 23575.20 53.03
1276.7 44653.74 23644.57 52.95
1280.6 44733.81 23655.97 52.88
1284.5 44649.07 23578.82 52.81
1288.4 44631.63 23510.68 52.68
1292.3 44511.50 23388.75 52.55
1296.2 44360.33 23245.41 52.40
1300.1 44197.71 23087.04 52.24
1303.9 43963.66 22872.52 52.03
1307.8 43715.49 22636.42 51.78
1311.7 43464.03 22388.83 51.51
1315.6 43214.30 22125.89 51.20
1319.5 42962.15 21838.65 50.83
1323.3 42734.84 21552.56 50.43
1327.2 42525.95 21270.47 50.02
1331.1 42285.13 20961.82 49.57
1335.0 41985.32 20618.12 49.11
1338.8 41775.29 20312.08 48.62
1342.7 41609.18 19995.96 48.06
1346.5 41242.98 19568.78 47.45
1350.4 40931.78 19164.02 46.82
1354.3 40517.39 18692.44 46.13
1358.1 40047.65 18212.25 45.48
1362.0 39764.09 17851.29 44.89
1365.8 39670.89 17598.04 44.36
1369.7 39786.92 17411.97 43.76
1373.5 39741.56 17068.18 42.95
1377.4 39487.75 16502.88 41.79
1381.2 39276.49 15804.69 40.24
1385.1 39242.56 15103.80 38.49
1389.0 39129.70 14315.18 36.58
1392.8 38925.66 13433.27 34.51
1396.6 38773.68 12572.60 32.43
1400.5 38560.99 11739.62 30.44
1404.3 38397.74 11043.00 28.76
1408.2 38363.03 10492.58 27.35
1412.0 38325.01 10040.90 26.20
1415.8 38359.09 9724.64 25.35
1419.6 38319.36 9468.00 24.71
1423.5 38299.37 9278.70 24.23
1427.3 38266.05 9139.24 23.88
1431.1 38248.58 9044.25 23.65
1434.9 38159.15 8955.98 23.47
1438.8 38104.90 8905.81 23.37
1442.6 38084.31 8892.72 23.35
1446.4 37958.74 8862.73 23.35
1450.2 37871.04 8851.90 23.37
1454.0 37772.76 8850.96 23.43
1457.8 37752.26 8891.98 23.55
1461.6 37732.17 8950.89 23.72
1465.4 37609.21 9007.81 23.95
1469.2 37426.03 9077.25 24.25
1473.0 37290.43 9189.97 24.64
1476.8 37245.30 9344.36 25.09
1480.7 37186.44 9517.10 25.59
1484.4 37061.40 9692.28 26.15
1488.2 36961.08 9876.96 26.72
1492.0 36836.53 10055.63 27.30
1495.8 36720.78 10235.23 27.87
1499.6 36605.30 10405.91 28.43
1503.4 36479.87 10568.27 28.97
1507.2 36356.05 10736.98 29.53
1510.9 36204.04 10887.92 30.07
1514.7 36047.88 10995.63 30.50
1518.5 35919.58 11103.83 30.91
1522.3 35781.38 11231.43 31.39
1526.0 35674.52 11376.42 31.89
1529.8 35609.17 11531.34 32.38
1533.6 35484.33 11651.25 32.83
1537.3 35352.32 11764.90 33.28
1541.1 35225.58 11885.24 33.74
1544.8 35097.60 11995.20 34.18
1548.6 34949.35 12087.31 34.59
1552.4 34850.72 12196.18 35.00
1556.1 34790.76 12305.46 35.37
1559.9 34705.82 12379.37 35.67
1563.6 34578.39 12439.52 35.97
1567.3 34459.02 12516.43 36.32
1571.1 34243.92 12551.33 36.65
1574.8 34100.68 12608.13 36.97
1578.6 34000.34 12663.56 37.25
1582.3 33854.52 12697.54 37.51
1586.0 33716.51 12727.55 37.75
1589.8 33582.95 12744.58 37.95
1593.5 33431.04 12759.42 38.17
1597.2 33294.67 12773.32 38.36
1600.9 33154.19 12781.56 38.55
1604.7 33000.40 12788.77 38.75
1608.4 32856.34 12802.33 38.96
1612.1 32695.22 12793.57 39.13
1615.8 32545.96 12780.67 39.27
1619.5 32465.11 12789.87 39.40
1623.2 32316.22 12779.72 39.55
1626.9 32130.25 12751.83 39.69
1630.6 31953.68 12717.10 39.80
1634.3 31816.04 12699.34 39.91
1638.0 31668.49 12667.39 40.00
1641.7 31487.82 12622.51 40.09
1645.4 31299.16 12568.50 40.16
1649.1 31105.38 12502.63 40.19
1652.8 30949.76 12450.94 40.23
1656.4 30780.36 12383.45 40.23
1660.1 30613.88 12324.92 40.26
1663.8 30416.03 12261.99 40.31
1667.5 30257.50 12204.69 40.34
1671.1 30134.40 12149.54 40.32
1674.8 29937.06 12070.94 40.32
1678.5 29873.87 12044.90 40.32
1682.1 29892.23 12025.72 40.23
1685.8 29901.92 12009.71 40.16
1689.5 29795.07 11940.24 40.07
1693.1 29653.44 11852.37 39.97
1696.8 29511.75 11761.00 39.85
1700.4 29358.15 11669.42 39.75
1704.0 29237.42 11582.06 39.61
1707.7 28983.16 11436.13 39.46
1711.3 28689.26 11273.85 39.30
1715.0 28479.20 11142.06 39.12
1718.6 28311.14 11026.39 38.95
1722.2 28171.19 10925.10 38.78
1725.9 28024.58 10817.48 38.60
1729.5 27888.80 10707.42 38.39
1733.1 27770.82 10617.97 38.23
1736.7 27655.67 10514.82 38.02
1740.3 27487.42 10384.72 37.78
1744.0 27395.86 10293.22 37.57
1747.5 27255.01 10164.14 37.29
1751.2 27041.09 10002.74 36.99
1754.8 26881.34 9871.52 36.72
1758.4 26750.86 9757.71 36.48
1762.0 26572.85 9620.50 36.20
1765.5 26446.23 9505.83 35.94
1769.1 26402.40 9432.00 35.72
1772.7 26328.38 9347.48 35.50
1776.3 26208.92 9251.93 35.30
1779.9 26081.92 9170.48 35.16
1783.5 26027.60 9116.48 35.03
1787.0 25897.14 9033.89 34.88
1790.6 25747.79 8954.23 34.78
1794.2 25651.68 8894.34 34.67
1797.8 25552.23 8832.17 34.57
1801.3 25471.95 8782.27 34.48
1804.9 25318.13 8701.88 34.37
1808.4 25235.40 8663.57 34.33
1812.0 25102.89 8595.69 34.24
1815.5 24947.72 8509.58 34.11
1819.1 24745.29 8420.85 34.03
1822.6 24588.72 8340.54 33.92
1826.2 24468.62 8270.71 33.80
1829.7 24298.19 8177.45 33.65
1833.2 24066.25 8044.72 33.43
1836.8 23846.10 7921.10 33.22
1840.3 23701.28 7851.15 33.13
1843.8 23605.26 7782.67 32.97
1847.3 23552.23 7721.14 32.78
1850.8 23482.37 7640.64 32.54
1854.3 23328.90 7497.60 32.14
1857.8 23249.20 7316.40 31.47
1861.3 23245.10 7076.92 30.44
1864.8 23154.55 6720.78 29.03
1868.3 22923.75 6257.94 27.30
1871.8 22725.12 5798.40 25.52
1875.3 22663.55 5375.83 23.72
1878.8 22668.35 4980.70 21.97
1882.3 22613.87 4558.81 20.16
1885.8 22446.65 4111.87 18.32
1889.3 22245.45 3736.77 16.80
1892.7 22073.02 3444.21 15.60
1896.2 21956.57 3231.75 14.72
1899.7 21800.31 3123.69 14.33
1903.1 21719.54 3130.51 14.41
1906.6 21807.87 3273.59 15.01
1910.0 22098.88 3585.86 16.23
1913.5 22634.73 4064.79 17.96
1917.0 23151.98 4689.48 20.26
1920.4 23436.08 5362.10 22.88
1923.8 23677.97 5960.13 25.17
1871.2 20787.15 4509.99 21.70
1873.9 20907.54 4359.76 20.85
1876.7 21048.38 4143.78 19.69
1879.5 21252.88 3840.08 18.07
1882.3 20993.42 3536.49 16.85
1885.1 20851.78 3232.50 15.50
1887.8 20921.79 2894.58 13.84
1890.6 20723.54 2565.10 12.38
1893.4 20650.67 2361.33 11.43
1896.2 20581.86 2097.38 10.19
1898.9 20516.13 1920.58 9.36
1901.7 20380.18 1804.65 8.85
1904.5 20546.36 1724.54 8.39
1907.2 20463.00 1662.50 8.12
1910.0 20358.58 1621.25 7.96
1912.7 20364.96 1593.33 7.82
1915.5 20273.08 1584.36 7.82
1918.2 20210.43 1578.05 7.81
1921.0 20079.87 1540.37 7.67
1923.7 20126.73 1554.11 7.72
1926.5 20096.89 1566.46 7.79
1929.2 20080.15 1552.03 7.73
1932.0 20066.00 1580.00 7.87
1934.7 20016.92 1594.60 7.97
1937.4 19925.11 1600.46 8.03
1940.2 19881.39 1622.72 8.16
1942.9 19959.98 1632.12 8.18
1945.6 19965.22 1685.16 8.44
1948.3 19894.11 1708.73 8.59
1951.1 19862.99 1724.73 8.68
1953.8 19866.00 1764.00 8.88
1956.5 19752.03 1788.02 9.05
1959.2 19805.76 1826.89 9.22
1961.9 19837.86 1865.48 9.40
1964.6 19745.08 1921.85 9.73
1967.3 19784.70 1949.10 9.85
1970.0 19621.84 1959.52 9.99
1972.8 19538.55 2020.93 10.34
1975.5 19602.81 2080.86 10.62
1978.2 19540.64 2096.56 10.73
1980.9 19419.73 2139.61 11.02
1983.5 19352.05 2192.88 11.33
1986.2 19366.05 2214.51 11.44
1988.9 19348.59 2258.16 11.67
1991.6 19202.00 2311.54 12.04
1994.3 19065.89 2348.22 12.32
1997.0 19096.32 2398.93 12.56
1999.7 19065.00 2449.53 12.85
2002.3 19034.90 2479.69 13.03
2005.0 18965.86 2517.08 13.27
2007.7 18877.00 2562.80 13.58
2010.4 18811.60 2595.20 13.80
2013.0 18774.16 2637.32 14.05
2015.7 18678.28 2671.17 14.30
2018.4 18548.96 2700.51 14.56
2021.0 18504.50 2748.33 14.85
2023.7 18401.60 2781.44 15.12
2026.4 18333.68 2811.03 15.33
2029.0 18267.40 2845.41 15.58
2031.7 18144.97 2858.92 15.76
2034.3 18142.15 2887.08 15.91
2037.0 18035.71 2916.34 16.17
2039.6 17974.39 2942.75 16.37
2042.3 17908.74 2996.49 16.73
2044.9 17825.78 3015.38 16.92
2047.5 17820.17 3026.60 16.98
2050.2 17715.60 3043.60 17.18
2052.8 17679.20 3077.20 17.41
2055.4 17538.43 3098.64 17.67
2058.1 17416.00 3099.60 17.80
2060.7 17404.47 3127.61 17.97
2063.3 17299.63 3157.29 18.25
2065.9 17230.17 3188.08 18.50
2068.6 17165.96 3199.25 18.64
2071.2 17119.44 3225.24 18.84
2073.8 17041.85 3229.28 18.95
2076.4 16999.98 3255.73 19.15
2079.0 17011.74 3301.75 19.41
2081.6 16984.09 3285.97 19.35
2084.2 16930.00 3323.92 19.63
2086.8 16834.24 3340.26 19.84
2089.4 16742.01 3335.92 19.93
2092.1 16637.33 3357.50 20.18
2094.7 16574.28 3364.58 20.30
2097.2 16549.50 3391.50 20.49
2099.8 16541.98 3427.39 20.72
2102.4 16400.35 3446.12 21.01
2105.0 16267.80 3417.15 21.01
2107.6 16238.35 3420.85 21.07
2110.2 16217.39 3452.63 21.29
2112.8 16200.74 3464.63 21.39
2115.3 16182.65 3498.64 21.62
2117.9 16188.40 3531.33 21.81
2120.5 16181.17 3518.41 21.74
2123.1 16113.83 3512.93 21.80
2125.6 16056.05 3537.43 22.03
2128.2 15953.26 3526.63 22.11
2130.8 15859.35 3550.95 22.39
2133.3 15825.33 3569.87 22.56
2135.9 15723.21 3556.48 22.62
2138.4 15584.92 3527.16 22.63
2141.0 15487.96 3520.12 22.73
2143.6 15482.13 3520.93 22.74
2146.1 15358.67 3481.93 22.67
2148.7 15182.57 3479.95 22.92
2151.2 15188.80 3496.53 23.02
2153.8 15199.37 3517.28 23.14
2156.3 15064.95 3484.93 23.13
2158.8 14994.07 3458.35 23.06
2161.4 14983.43 3490.83 23.30
2163.9 14894.98 3464.29 23.26
2166.4 14806.99 3426.78 23.14
2169.0 14777.42 3444.52 23.31
2171.5 14688.72 3423.82 23.31
2174.0 14586.43 3394.48 23.27
2176.5 14576.25 3402.62 23.34
2179.1 14537.32 3406.20 23.43
2181.6 14435.75 3391.46 23.49
2184.1 14405.16 3369.52 23.39
2186.6 14458.30 3379.99 23.38
2189.1 14358.33 3348.03 23.32
2191.6 14308.00 3341.80 23.36
2194.1 14339.64 3364.85 23.47
2196.6 14340.73 3359.30 23.42
2199.2 14399.84 3369.73 23.40
2201.7 14323.09 3391.84 23.68
2204.1 14264.18 3375.47 23.66
2206.6 14278.44 3353.27 23.48
2209.1 14246.74 3338.37 23.43
2211.6 14236.93 3327.03 23.37
2214.1 14172.61 3360.67 23.71
2216.6 14103.21 3357.73 23.81
2219.1 14137.40 3346.33 23.67
2221.6 14080.86 3292.77 23.38
2224.0 14024.61 3265.17 23.28
2226.5 13983.38 3279.91 23.46
2229.0 13981.89 3266.12 23.36
2231.5 13918.22 3224.86 23.17
2233.9 13896.33 3213.36 23.12
2236.4 13868.98 3199.94 23.07
2238.9 13826.00 3177.50 22.98
2241.3 13828.76 3155.97 22.82
2243.8 13758.80 3124.88 22.71
2246.2 13610.98 3105.21 22.81
2248.7 13571.61 3077.62 22.68
2251.2 13563.12 3028.55 22.33
2253.6 13482.24 3014.40 22.36
2256.1 13474.56 3002.88 22.29
2258.5 13495.78 2969.61 22.00
2260.9 13407.16 2937.61 21.91
2263.4 13372.75 2894.10 21.64
2265.8 13367.17 2858.07 21.38
2268.3 13288.30 2836.22 21.34
2270.7 13342.05 2828.85 21.20
2273.1 13272.94 2803.39 21.12
2275.6 13194.24 2810.88 21.30
2278.0 13232.60 2805.63 21.20
2280.4 13249.81 2747.71 20.74
2282.8 13117.21 2710.17 20.66
2285.3 13103.68 2710.17 20.68
2287.7 13191.09 2678.83 20.31
2290.1 13097.39 2644.78 20.19
2292.5 13047.88 2634.97 20.19
2294.9 13056.31 2604.15 19.95
2297.3 12972.40 2547.02 19.63
2299.7 12875.52 2507.19 19.47
2302.1 12826.01 2541.63 19.82
2304.5 12696.88 2485.28 19.57
2306.9 12602.80 2418.64 19.19
2309.3 12519.08 2394.10 19.12
2311.7 12473.65 2355.00 18.88
2314.1 12315.17 2323.62 18.87
2316.5 12229.76 2289.14 18.72
2318.9 12290.12 2294.05 18.67
2321.3 12265.32 2258.15 18.41
2323.7 12235.57 2224.29 18.18
2326.1 12214.93 2232.62 18.28
2328.4 12270.09 2217.24 18.07
2330.8 12319.08 2212.69 17.96
2333.2 12235.57 2195.07 17.94
2335.6 12168.54 2167.17 17.81
2337.9 12202.83 2157.61 17.68
2340.3 12141.58 2086.57 17.19
2342.7 12039.09 2052.36 17.05
2345.0 12013.82 2085.11 17.36
2347.4 11993.50 2074.00 17.29
2349.7 11798.34 2024.77 17.16
2352.1 11775.76 2015.52 17.12
2354.4 11820.42 1977.23 16.73
2356.8 11728.38 1929.55 16.45
2359.2 11704.33 1906.67 16.29
2361.5 11645.74 1880.60 16.15
2363.8 11633.53 1862.07 16.01
2366.2 11660.03 1835.95 15.75
2368.5 11627.85 1824.50 15.69
2370.9 11603.83 1816.17 15.65
2373.2 11533.95 1821.15 15.79
2375.5 11398.48 1782.85 15.64
2377.9 11373.04 1713.93 15.07
2380.2 11408.35 1718.13 15.06
2382.5 11308.30 1713.94 15.16
2384.8 11261.28 1642.56 14.59
2387.2 11252.00 1664.36 14.79
2389.5 11242.29 1657.31 14.74
2391.8 11232.13 1559.09 13.88
2394.1 11132.13 1593.05 14.31
2396.4 11089.46 1586.97 14.31
2398.7 11160.99 1534.58 13.75
2401.0 11096.58 1532.95 13.81
2403.3 10926.12 1484.04 13.58
2405.6 10921.36 1469.51 13.46
2407.9 10891.74 1467.93 13.48
2410.2 10793.71 1418.77 13.14
2412.5 10752.81 1387.30 12.90
2414.8 10737.29 1376.18 12.82
2417.1 10694.97 1357.52 12.69
2419.4 10638.82 1318.13 12.39
2421.7 10597.44 1356.22 12.80
2424.0 10571.95 1336.68 12.64
2426.2 10576.95 1267.95 11.99
2428.5 10508.39 1270.96 12.09
2430.8 10485.80 1248.05 11.90
2433.1 10443.79 1216.97 11.65
2435.4 10361.94 1191.74 11.50
2437.6 10328.37 1186.14 11.48
2439.9 10224.92 1117.39 10.93
2442.2 10193.49 1137.67 11.16
2444.4 10223.13 1108.46 10.84
2446.7 10173.28 1068.72 10.51
2448.9 10197.11 1101.43 10.80
2451.2 10173.72 1066.84 10.49
2453.4 10028.37 1018.51 10.16
2455.7 9998.26 1027.80 10.28
2457.9 9908.42 1031.75 10.41
2460.2 9870.17 974.07 9.87
2462.4 9896.64 973.44 9.84
2464.7 9834.69 971.48 9.88
2466.9 9751.98 943.74 9.68
2469.2 9722.50 920.40 9.47
2471.4 9624.29 899.41 9.35
2473.6 9553.77 883.74 9.25
2475.9 9536.85 914.40 9.59
2478.1 9427.70 908.61 9.64
2480.3 9377.37 828.44 8.83
2482.5 9321.43 814.91 8.74
2484.8 9240.44 822.83 8.90
2487.0 9258.33 777.70 8.40
2489.2 9302.30 783.99 8.43
2491.4 9183.58 768.50 8.37
2493.6 9147.34 728.97 7.97
2495.8 9177.35 768.08 8.37
2498.0 9103.79 762.03 8.37
2500.2 9132.70 749.83 8.21
2502.4 9403.92 808.08 8.59
2504.6 9512.07 807.54 8.49
2506.8 9585.80 769.59 8.03
