/*** Spectra Vista SIG Data ***/
name= \My Documents\HR1024_Data\EXB5.
instrument= HR: 1091052
integration= 200, 60, 30, 500, 60, 30
scan time= 1, 1
scan settings= AD, AI, AD, AI
external data set1= 8224, 8224, 8224, 8224, 8224, 8224, 8224, 8224, 8224, 8224, 8224, 8224, 8224, 8224, 8224, 8224
external data set2= 8224, 8224, 8224, 8224, 8224, 8224, 8224, 8224, 8224, 8224, 8224, 8224, 8224, 8224, 8224, 8224
external data dark= 0,0,0,0,0,0,0,0
external data mask= 0
optic= LENS4 , LENS4 
temp= 33.31, 8.94, -5.30, 43.86, 8.94, -5.24
battery= 7.5, 6.7
error= 0, 0
units= Radiance, Radiance
time= 1/1/08 1:10:44 PM, 1/1/08 1:44:06 PM
longitude= , 
latitude= , 
gpstime= , 
comm= 
memory slot= 0, 0
factors= 
data= 
346.4 509.60 107.02 21.00
347.9 536.51 131.78 24.56
349.5 577.20 116.06 20.11
351.1 620.88 126.05 20.30
352.6 679.94 115.12 16.93
354.2 723.22 128.28 17.74
355.7 777.89 148.17 19.05
357.3 842.60 147.02 17.45
358.8 838.80 143.99 17.17
360.4 904.00 146.33 16.19
361.9 943.76 156.02 16.53
363.5 997.20 156.51 15.69
365.1 1040.25 152.57 14.67
366.6 1087.54 164.34 15.11
368.2 1161.70 155.79 13.41
369.7 1204.79 169.78 14.09
371.3 1287.37 167.26 12.99
372.8 1354.56 173.97 12.84
374.4 1435.13 170.88 11.91
375.9 1463.02 178.74 12.22
377.4 1512.41 173.03 11.44
379.0 1578.52 179.49 11.37
380.5 1618.77 183.42 11.33
382.1 1669.58 187.94 11.26
383.6 1726.52 184.84 10.71
385.2 1809.50 185.90 10.27
386.7 1900.67 188.44 9.91
388.3 1991.93 203.27 10.20
389.8 2077.97 211.91 10.20
391.3 2163.95 221.69 10.24
392.9 2236.17 235.57 10.53
394.4 2293.88 239.77 10.45
395.9 2364.42 259.99 11.00
397.5 2493.56 268.74 10.78
399.0 2617.23 276.86 10.58
400.6 2691.33 279.60 10.39
402.1 2739.96 276.58 10.09
403.6 2797.88 275.23 9.84
405.1 2865.39 282.43 9.86
406.7 2979.20 299.26 10.05
408.2 3089.54 305.61 9.89
409.7 3183.04 318.08 9.99
411.3 3295.62 336.91 10.22
412.8 3391.47 340.33 10.03
414.3 3507.27 358.31 10.22
415.8 3622.50 363.00 10.02
417.4 3739.34 382.54 10.23
418.9 3830.42 391.64 10.22
420.4 3913.23 403.79 10.32
421.9 3978.48 403.66 10.15
423.5 4044.22 413.76 10.23
425.0 4110.68 415.34 10.10
426.5 4198.95 417.10 9.93
428.0 4314.36 428.56 9.93
429.5 4445.73 432.92 9.74
431.1 4599.50 442.73 9.63
432.6 4769.72 462.94 9.71
434.1 4937.63 471.24 9.54
435.6 5085.18 493.81 9.71
437.1 5233.80 500.76 9.57
438.6 5364.45 517.19 9.64
440.1 5501.44 536.86 9.76
441.6 5653.06 551.09 9.75
443.1 5799.60 566.19 9.76
444.7 5941.01 589.37 9.92
446.2 6051.88 607.92 10.05
447.7 6161.82 635.17 10.31
449.2 6292.08 655.78 10.42
450.7 6396.00 677.25 10.59
452.2 6529.70 692.47 10.60
453.7 6647.26 713.71 10.74
455.2 6815.62 735.95 10.80
456.7 7013.60 765.95 10.92
458.2 7232.90 786.38 10.87
459.7 7456.75 819.00 10.98
461.2 7667.16 840.85 10.97
462.7 7858.10 859.92 10.94
464.2 8041.02 883.52 10.99
465.7 8240.35 910.21 11.05
467.2 8402.63 925.54 11.01
468.7 8584.00 944.80 11.01
470.2 8698.25 977.24 11.23
471.7 8877.75 993.70 11.19
473.2 9159.71 1018.85 11.12
474.6 9386.40 1040.07 11.08
476.1 9450.96 1036.26 10.96
477.6 9499.75 1045.31 11.00
479.1 9557.87 1058.50 11.07
480.6 9632.82 1068.62 11.09
482.1 9760.73 1088.52 11.15
483.6 9935.74 1110.19 11.17
485.1 10133.78 1136.67 11.22
486.6 10366.07 1173.68 11.32
488.0 10621.00 1218.75 11.47
489.5 10873.80 1261.64 11.60
491.0 11134.31 1308.71 11.75
492.5 11404.80 1370.52 12.02
494.0 11683.71 1434.22 12.28
495.4 11917.95 1499.52 12.58
496.9 12154.26 1574.48 12.95
498.4 12387.41 1654.59 13.36
499.9 12623.63 1740.86 13.79
501.4 12839.71 1832.25 14.27
502.8 13042.06 1929.19 14.79
504.3 13226.40 2042.64 15.44
505.8 13406.54 2152.06 16.05
507.2 13518.16 2266.51 16.77
508.7 13603.31 2386.45 17.54
510.2 13672.60 2505.23 18.32
511.6 13715.26 2627.69 19.16
513.1 13806.21 2756.38 19.96
514.6 13898.29 2897.10 20.84
516.0 13992.63 3043.08 21.75
517.5 14151.40 3197.73 22.60
519.0 14339.95 3365.00 23.47
520.5 14520.56 3542.40 24.40
521.9 14760.83 3722.94 25.22
523.4 15031.28 3910.94 26.02
524.8 15295.25 4090.57 26.74
526.3 15594.01 4277.36 27.43
527.8 15909.50 4460.86 28.04
529.2 16189.50 4630.46 28.60
530.7 16509.28 4799.19 29.07
532.1 16791.25 4946.94 29.46
533.6 17121.20 5100.59 29.79
535.0 17454.94 5246.70 30.06
536.5 17789.22 5382.98 30.26
538.0 18136.88 5522.94 30.45
539.4 18461.69 5649.72 30.60
540.9 18864.39 5787.96 30.68
542.3 19206.33 5903.94 30.74
543.8 19460.81 5986.33 30.76
545.2 19544.37 6034.50 30.88
546.6 19566.05 6054.66 30.94
548.1 19604.97 6081.11 31.02
549.5 19640.65 6106.60 31.09
551.0 19664.79 6119.66 31.12
552.4 19724.92 6141.10 31.13
553.9 19761.60 6143.28 31.09
555.3 19812.20 6152.33 31.05
556.8 19934.49 6164.48 30.92
558.2 20047.50 6167.48 30.76
559.6 20200.16 6173.08 30.56
561.1 20397.00 6188.65 30.34
562.5 20617.77 6195.91 30.05
564.0 20901.40 6223.98 29.78
565.4 21161.13 6227.10 29.43
566.8 21482.31 6244.20 29.07
568.3 21793.28 6245.34 28.66
569.7 22118.60 6246.44 28.24
571.1 22425.71 6244.95 27.85
572.6 22741.56 6231.17 27.40
574.0 23030.70 6212.58 26.98
575.4 23309.44 6202.58 26.61
576.9 23581.06 6192.65 26.26
578.3 23822.01 6169.74 25.90
579.7 24048.22 6145.99 25.56
581.1 24227.75 6126.80 25.29
582.6 24429.78 6103.91 24.99
584.0 24600.48 6083.55 24.73
585.4 24853.74 6079.50 24.46
586.8 25196.68 6106.76 24.24
588.3 25573.86 6129.86 23.97
589.7 25896.78 6154.20 23.76
591.1 26104.75 6152.72 23.57
592.5 26211.06 6128.66 23.38
594.0 26269.26 6112.10 23.27
595.4 26286.44 6076.97 23.12
596.8 26295.56 6048.90 23.00
598.2 26315.92 6023.63 22.89
599.6 26317.98 5988.92 22.76
601.0 26398.05 5977.07 22.64
602.4 26470.93 5950.28 22.48
603.9 26597.64 5940.42 22.33
605.3 26727.57 5930.63 22.19
606.7 26857.80 5905.44 21.99
608.1 27088.39 5891.20 21.75
609.5 27333.21 5886.89 21.54
610.9 27623.29 5884.04 21.30
612.3 27891.32 5871.75 21.05
613.7 28252.28 5881.04 20.82
615.1 28513.62 5863.10 20.56
616.5 28776.05 5842.84 20.30
617.9 29165.50 5854.25 20.07
619.3 29543.24 5865.95 19.86
620.7 29990.55 5906.38 19.69
622.1 30437.05 5934.46 19.50
623.5 30934.60 5937.05 19.19
624.9 31494.75 5927.78 18.82
626.3 31867.36 5986.04 18.78
627.7 31569.69 5964.95 18.89
629.1 31287.59 5931.53 18.96
630.5 31184.65 5899.13 18.92
631.9 31222.21 5872.64 18.81
633.3 31256.33 5847.89 18.71
634.7 31400.48 5843.88 18.61
636.1 31461.82 5793.75 18.42
637.5 31554.77 5730.91 18.16
638.9 31702.82 5679.54 17.91
640.2 31825.04 5609.99 17.63
641.6 31863.78 5523.34 17.33
643.0 31847.61 5425.36 17.04
644.4 31829.55 5293.91 16.63
645.8 31751.71 5157.02 16.24
647.2 31867.94 5063.50 15.89
648.5 31926.34 4956.66 15.53
649.9 31776.23 4842.86 15.24
651.3 31648.05 4722.60 14.92
652.7 31449.15 4608.36 14.65
654.1 31244.46 4491.96 14.38
655.5 31005.95 4372.83 14.10
656.8 30780.41 4278.85 13.90
658.2 30925.42 4221.84 13.65
659.6 31264.45 4183.37 13.38
660.9 31536.04 4118.05 13.06
662.3 31822.64 4060.77 12.76
663.7 32096.40 3989.16 12.43
665.0 32332.90 3912.60 12.10
666.4 32562.99 3840.90 11.80
667.8 32863.56 3790.24 11.53
669.1 33114.69 3752.17 11.33
670.5 33405.09 3723.89 11.15
671.9 33586.56 3703.01 11.03
673.2 33844.75 3709.63 10.96
674.6 34082.18 3728.59 10.94
676.0 34372.41 3776.10 10.99
677.3 34659.68 3827.98 11.04
678.7 34979.63 3913.40 11.19
680.0 35399.92 4037.29 11.40
681.4 35845.89 4207.93 11.74
682.8 36270.33 4424.42 12.20
684.1 36705.24 4698.72 12.80
685.5 37104.21 5042.37 13.59
686.8 37507.62 5436.60 14.49
688.2 37862.83 5911.91 15.61
689.5 38000.96 6411.76 16.87
690.9 38124.79 6972.55 18.29
692.2 38229.60 7561.26 19.78
693.6 38334.37 8203.44 21.40
694.9 38335.34 8830.15 23.03
696.2 38393.33 9471.29 24.67
697.6 38453.39 10118.74 26.31
698.9 38522.88 10770.14 27.96
700.3 38613.54 11412.65 29.56
701.6 38716.02 12049.91 31.12
703.0 38828.83 12660.22 32.61
704.3 38882.19 13230.17 34.03
705.6 38895.39 13783.72 35.44
707.0 38949.12 14320.79 36.77
708.3 38885.46 14789.45 38.03
709.6 38817.35 15226.43 39.23
711.0 38702.88 15631.43 40.39
712.3 38573.15 16017.59 41.53
713.6 38531.64 16425.19 42.63
714.9 38462.14 16798.56 43.68
716.3 38461.08 17178.13 44.66
717.6 38479.84 17553.12 45.62
718.9 38424.85 17861.19 46.48
720.2 38251.08 18102.14 47.32
721.6 38113.53 18347.84 48.14
722.9 37945.16 18590.50 48.99
724.2 37714.27 18758.61 49.74
725.5 37534.96 18915.99 50.40
726.8 37360.68 19083.12 51.08
728.1 37271.09 19243.44 51.63
729.5 37167.13 19413.62 52.23
730.8 37093.13 19576.41 52.78
732.1 36996.92 19702.78 53.26
733.4 36936.39 19825.30 53.67
734.7 36864.47 19936.85 54.08
736.0 36851.62 20067.45 54.45
737.3 36774.45 20158.32 54.82
738.6 36845.76 20322.76 55.16
739.9 37000.34 20524.39 55.47
741.2 37119.81 20684.66 55.72
742.5 37372.03 20883.43 55.88
743.8 37768.50 21206.96 56.15
745.1 38387.22 21649.78 56.40
746.4 39127.73 22126.83 56.55
747.7 39918.22 22602.56 56.62
749.0 40672.12 23087.58 56.77
750.3 41122.66 23387.56 56.87
751.6 41047.35 23385.78 56.97
752.9 40630.59 23175.54 57.04
754.2 40176.47 22934.73 57.08
755.4 39652.21 22660.74 57.15
756.7 39478.17 22580.23 57.20
758.0 39495.60 22661.21 57.38
759.3 39730.28 22830.63 57.46
760.6 40061.56 23071.66 57.59
761.9 40384.10 23269.02 57.62
763.1 40567.56 23388.23 57.65
764.4 40796.65 23516.60 57.64
765.7 40953.25 23647.00 57.74
767.0 41079.80 23723.84 57.75
768.2 41207.04 23794.18 57.74
769.5 41279.98 23856.88 57.79
770.8 41469.61 23983.28 57.83
772.0 41501.32 24016.67 57.87
773.3 41583.65 24040.38 57.81
774.6 41708.58 24128.33 57.85
775.8 41815.15 24202.56 57.88
777.1 41846.51 24203.67 57.84
778.4 41799.94 24190.44 57.87
779.6 41775.90 24180.50 57.88
780.9 41704.00 24160.00 57.93
782.1 41523.21 24066.85 57.96
783.4 41558.40 24066.43 57.91
784.6 41567.36 24079.28 57.93
785.9 41861.56 24255.26 57.94
787.1 42409.87 24618.34 58.05
788.4 42854.47 24901.61 58.11
789.6 42849.18 24865.24 58.03
790.9 42483.96 24612.02 57.93
792.1 42011.92 24333.63 57.92
793.4 41570.15 24089.02 57.95
794.6 41283.15 23923.03 57.95
795.8 41024.39 23777.55 57.96
797.1 40758.68 23614.32 57.94
798.3 40551.64 23507.88 57.97
799.5 40444.72 23457.30 58.00
800.8 40323.21 23389.81 58.01
802.0 40187.32 23334.05 58.06
803.2 40033.64 23249.07 58.07
804.5 39942.72 23169.67 58.01
805.7 39829.66 23135.30 58.09
806.9 39715.93 23082.93 58.12
808.1 39632.97 23021.46 58.09
809.4 39553.39 22994.24 58.13
810.6 39489.45 22964.76 58.15
811.8 39474.39 22950.29 58.14
813.0 39504.71 22989.58 58.19
814.2 39525.61 23008.73 58.21
815.4 39644.33 23088.38 58.24
816.6 39709.73 23113.32 58.21
817.9 39791.57 23165.09 58.22
819.1 39719.87 23138.14 58.25
820.3 39621.11 23046.82 58.17
821.5 39546.25 22990.79 58.14
822.7 39480.04 22970.71 58.18
823.9 39499.25 22969.90 58.15
825.1 39541.96 22977.24 58.11
826.3 39583.35 23015.94 58.15
827.5 39640.56 23052.19 58.15
828.7 39708.48 23088.19 58.14
829.9 39767.03 23113.07 58.12
831.0 39870.82 23197.40 58.18
832.2 39993.87 23238.23 58.10
833.4 40076.64 23303.44 58.15
834.6 40148.44 23356.88 58.18
835.8 40238.10 23403.87 58.16
837.0 40328.28 23484.71 58.23
838.1 40500.72 23569.14 58.19
839.3 40601.19 23611.71 58.16
840.5 40716.87 23693.58 58.19
841.7 40854.11 23796.18 58.25
842.9 40980.73 23871.19 58.25
844.0 41100.82 23921.26 58.20
845.2 41245.09 24016.26 58.23
846.4 41368.25 24124.67 58.32
847.5 41564.18 24230.75 58.30
848.7 41743.64 24359.73 58.36
849.9 41936.76 24433.52 58.26
851.0 42020.98 24491.76 58.28
852.2 42107.61 24523.60 58.24
853.3 42066.96 24521.13 58.29
854.5 42098.11 24500.85 58.20
855.6 42095.43 24510.74 58.23
856.8 42111.00 24543.38 58.28
857.9 42111.88 24530.00 58.25
859.1 42240.60 24601.60 58.24
860.2 42245.56 24600.02 58.23
861.4 42273.83 24634.58 58.27
862.5 42309.54 24649.57 58.26
863.7 42384.63 24709.73 58.30
864.8 42387.10 24714.06 58.31
865.9 42333.82 24671.56 58.28
867.1 42372.33 24675.65 58.24
868.2 42368.54 24686.94 58.27
869.3 42393.50 24700.97 58.27
870.5 42342.80 24661.82 58.24
871.6 42318.48 24652.28 58.25
872.7 42385.23 24725.33 58.33
873.9 42404.90 24696.69 58.24
875.0 42391.36 24695.80 58.26
876.1 42363.75 24684.97 58.27
877.2 42397.32 24719.37 58.30
878.3 42381.77 24691.50 58.26
879.4 42397.70 24722.66 58.31
880.5 42451.56 24714.14 58.22
881.7 42410.55 24697.66 58.23
882.8 42454.72 24742.28 58.28
883.9 42482.63 24755.70 58.27
885.0 42446.04 24686.84 58.16
886.1 42420.10 24684.36 58.19
887.2 42295.80 24615.98 58.20
888.3 42201.80 24549.53 58.17
889.4 42117.30 24491.20 58.15
890.5 42026.34 24439.57 58.15
891.6 41981.69 24393.23 58.10
892.7 41962.31 24392.06 58.13
893.8 41981.79 24402.31 58.13
894.9 41952.35 24431.88 58.24
896.0 41968.71 24375.44 58.08
897.0 41952.48 24392.27 58.14
898.1 41951.64 24437.27 58.25
899.2 41983.30 24414.76 58.15
900.3 41907.57 24372.68 58.16
901.4 41820.39 24285.24 58.07
902.4 41828.99 24337.90 58.18
903.5 41775.96 24297.37 58.16
904.6 41798.96 24277.38 58.08
905.7 41805.42 24283.03 58.09
906.7 41815.90 24284.05 58.07
907.8 41839.20 24289.98 58.06
908.9 41746.38 24282.09 58.17
909.9 41734.69 24242.24 58.09
911.0 41681.88 24216.68 58.10
912.1 41602.05 24166.56 58.09
913.1 41535.52 24142.77 58.13
914.2 41457.24 24056.32 58.03
915.2 41368.59 24039.94 58.11
916.3 41436.15 24075.78 58.10
917.3 41410.15 24068.20 58.12
918.4 41310.50 23988.58 58.07
919.4 41328.17 23954.56 57.96
920.5 41309.67 23998.66 58.09
921.5 41323.66 23993.17 58.06
922.6 41255.80 23942.48 58.03
923.6 41303.54 23949.88 57.99
924.7 41344.50 23968.20 57.97
925.7 41333.16 23991.91 58.05
926.7 41356.90 23971.64 57.96
927.8 41415.30 24000.26 57.95
928.8 41570.85 24094.31 57.96
929.9 41658.93 24165.57 58.01
930.9 41879.39 24209.67 57.81
931.9 42070.56 24338.19 57.85
932.9 42412.10 24521.31 57.82
934.0 42452.50 24527.07 57.78
935.0 42440.57 24517.03 57.77
936.0 42488.02 24538.10 57.75
937.0 42429.47 24522.73 57.80
938.1 42380.86 24492.03 57.79
939.1 42337.65 24424.37 57.69
940.1 42429.30 24493.66 57.73
941.1 42615.86 24590.24 57.70
942.1 42903.92 24750.05 57.69
943.1 43057.09 24786.68 57.57
944.1 43342.63 24886.98 57.42
945.2 43356.60 24977.57 57.61
946.2 43482.48 25012.98 57.52
947.2 43549.00 25000.55 57.41
948.2 43743.16 25133.62 57.46
949.2 43840.88 25182.95 57.44
950.2 43906.25 25200.08 57.40
951.2 44010.96 25212.77 57.29
952.2 44061.91 25318.53 57.46
953.2 44318.14 25339.86 57.18
954.2 44380.80 25392.33 57.21
955.2 44428.35 25397.29 57.16
956.2 44460.20 25417.46 57.17
957.2 44542.35 25403.51 57.03
958.2 44649.94 25511.45 57.14
959.2 44705.25 25514.46 57.07
960.1 44813.66 25536.81 56.98
961.1 44928.76 25582.06 56.94
962.1 44958.75 25607.25 56.96
963.1 44986.01 25634.36 56.98
964.1 45106.16 25692.77 56.96
965.1 45270.70 25781.28 56.95
966.1 45207.41 25755.24 56.97
967.0 45355.66 25845.85 56.98
968.0 45441.48 25884.60 56.96
969.0 45453.60 25876.88 56.93
970.0 45557.64 25957.26 56.98
971.0 45615.57 25956.67 56.90
971.9 45699.86 26007.59 56.91
972.9 45781.93 26013.58 56.82
973.9 45829.88 26085.80 56.92
974.9 45973.78 26156.84 56.90
975.8 45979.65 26123.25 56.81
976.8 46106.16 26121.82 56.66
977.8 46097.80 26097.66 56.61
978.8 46103.70 26164.02 56.75
979.7 46387.55 26153.04 56.38
980.7 46405.76 26228.99 56.52
981.7 46694.84 26260.41 56.24
982.6 46857.76 26117.44 55.74
983.6 47433.79 26670.12 56.23
984.6 47818.98 26493.65 55.40
985.5 48063.24 27008.93 56.19
986.5 48770.77 27159.86 55.69
987.5 50043.63 27789.80 55.53
988.4 50895.90 28339.52 55.68
989.4 52431.75 28912.37 55.14
990.4 53425.02 29252.39 54.75
991.3 55387.31 30403.37 54.89
992.3 55950.90 30988.19 55.38
993.2 58118.31 31774.33 54.67
994.2 59457.94 32891.63 55.32
995.2 60710.63 33236.97 54.75
996.1 61737.77 33741.83 54.65
997.1 61885.85 33613.79 54.32
998.0 61668.00 32341.44 52.44
999.0 61787.86 33676.19 54.50
1000.0 62252.49 33151.33 53.25
1000.9 62564.91 33997.54 54.34
1001.9 61626.12 33083.50 53.68
1002.8 61885.09 33116.89 53.51
1003.8 61970.58 32643.66 52.68
1004.8 62064.96 32857.92 52.94
961.5 55881.62 27844.13 49.83
965.5 54589.44 27806.50 50.94
969.5 52393.79 27066.90 51.66
973.4 50126.74 26145.24 52.16
977.4 48345.52 25486.98 52.72
981.4 47464.01 25348.58 53.41
985.3 47176.98 25397.94 53.84
989.3 47304.75 25577.85 54.07
993.3 47508.66 25811.41 54.33
997.2 47541.75 25934.52 54.55
1001.2 47520.33 25982.19 54.68
1005.2 47455.76 25982.81 54.75
1009.1 47529.68 26033.56 54.77
1013.1 47663.39 26169.20 54.90
1017.1 47785.75 26280.43 55.00
1021.0 47816.50 26313.65 55.03
1025.0 47819.30 26362.21 55.13
1029.0 47652.00 26306.07 55.20
1032.9 47495.63 26228.93 55.22
1036.9 47497.16 26248.29 55.26
1040.9 47608.97 26336.98 55.32
1044.8 47827.54 26453.22 55.31
1048.8 48004.98 26569.01 55.35
1052.7 48133.54 26666.37 55.40
1056.7 48188.20 26702.20 55.41
1060.7 48194.60 26713.87 55.43
1064.6 48198.22 26738.27 55.48
1068.6 48113.17 26691.62 55.48
1072.5 48026.55 26644.10 55.48
1076.5 47975.49 26622.75 55.49
1080.4 47966.69 26609.23 55.47
1084.4 48069.59 26652.28 55.45
1088.3 48170.15 26701.83 55.43
1092.3 48152.58 26691.50 55.43
1096.2 48142.77 26680.33 55.42
1100.2 48183.64 26671.24 55.35
1104.1 48079.94 26582.34 55.29
1108.1 48035.13 26543.81 55.26
1112.0 47943.86 26453.03 55.18
1116.0 47742.57 26280.02 55.05
1119.9 47581.47 26126.68 54.91
1123.9 47666.30 26112.91 54.78
1127.8 47639.04 26027.52 54.63
1131.8 47617.38 25919.43 54.43
1135.7 47659.94 25804.41 54.14
1139.6 47675.62 25623.37 53.75
1143.6 47638.82 25411.39 53.34
1147.5 47616.88 25213.56 52.95
1151.4 47500.80 24963.90 52.55
1155.4 47513.75 24852.67 52.31
1159.3 47522.52 24804.79 52.20
1163.2 47363.89 24668.09 52.08
1167.2 47347.50 24627.78 52.01
1171.1 47369.57 24629.65 51.99
1175.0 47314.40 24586.09 51.96
1179.0 47268.08 24550.38 51.94
1182.9 47358.68 24579.44 51.90
1186.8 47350.70 24551.83 51.85
1190.7 47139.70 24426.18 51.82
1194.7 46883.87 24272.94 51.77
1198.6 46652.76 24151.05 51.77
1202.5 46480.48 24067.47 51.78
1206.4 46340.80 24004.12 51.80
1210.3 46236.01 23969.30 51.84
1214.2 46114.66 23916.17 51.86
1218.2 45952.68 23841.46 51.88
1222.1 45800.88 23789.60 51.94
1226.0 45686.61 23759.49 52.01
1229.9 45598.02 23722.80 52.03
1233.8 45484.04 23679.75 52.06
1237.7 45416.66 23660.36 52.10
1241.6 45332.53 23623.65 52.11
1245.5 45166.97 23545.67 52.13
1249.4 45023.84 23474.81 52.14
1253.3 44894.25 23416.50 52.16
1257.2 44816.00 23382.14 52.17
1261.1 44716.86 23316.34 52.14
1265.0 44587.73 23222.35 52.08
1268.9 44400.64 23104.06 52.04
1272.8 44460.00 23119.20 52.00
1276.7 44653.74 23192.05 51.94
1280.6 44733.81 23197.51 51.86
1284.5 44649.07 23110.22 51.76
1288.4 44631.63 23051.65 51.65
1292.3 44511.50 22937.75 51.53
1296.2 44360.33 22797.60 51.39
1300.1 44197.71 22629.10 51.20
1303.9 43963.66 22417.93 50.99
1307.8 43715.49 22202.66 50.79
1311.7 43464.03 21956.13 50.52
1315.6 43214.30 21691.90 50.20
1319.5 42962.15 21408.54 49.83
1323.3 42734.84 21124.33 49.43
1327.2 42525.95 20850.81 49.03
1331.1 42285.13 20543.37 48.58
1335.0 41985.32 20195.69 48.10
1338.8 41775.29 19894.16 47.62
1342.7 41609.18 19587.97 47.08
1346.5 41242.98 19159.47 46.46
1350.4 40931.78 18751.86 45.81
1354.3 40517.39 18284.62 45.13
1358.1 40047.65 17821.24 44.50
1362.0 39764.09 17474.18 43.94
1365.8 39670.89 17218.39 43.40
1369.7 39786.92 17031.75 42.81
1373.5 39741.56 16681.70 41.98
1377.4 39487.75 16114.21 40.81
1381.2 39276.49 15437.62 39.30
1385.1 39242.56 14745.59 37.58
1389.0 39129.70 13968.52 35.70
1392.8 38925.66 13094.78 33.64
1396.6 38773.68 12239.04 31.57
1400.5 38560.99 11429.25 29.64
1404.3 38397.74 10733.80 27.95
1408.2 38363.03 10192.58 26.57
1412.0 38325.01 9748.56 25.44
1415.8 38359.09 9431.04 24.59
1419.6 38319.36 9181.59 23.96
1423.5 38299.37 8993.75 23.48
1427.3 38266.05 8858.68 23.15
1431.1 38248.58 8765.25 22.92
1434.9 38159.15 8682.34 22.75
1438.8 38104.90 8632.64 22.65
1442.6 38084.31 8608.84 22.60
1446.4 37958.74 8574.60 22.59
1450.2 37871.04 8573.84 22.64
1454.0 37772.76 8572.80 22.70
1457.8 37752.26 8607.85 22.80
1461.6 37732.17 8666.26 22.97
1465.4 37609.21 8723.19 23.19
1469.2 37426.03 8795.15 23.50
1473.0 37290.43 8907.62 23.89
1476.8 37245.30 9064.16 24.34
1480.7 37186.44 9232.23 24.83
1484.4 37061.40 9402.72 25.37
1488.2 36961.08 9585.12 25.93
1492.0 36836.53 9764.56 26.51
1495.8 36720.78 9950.85 27.10
1499.6 36605.30 10114.20 27.63
1503.4 36479.87 10268.54 28.15
1507.2 36356.05 10431.13 28.69
1510.9 36204.04 10590.36 29.25
1514.7 36047.88 10715.86 29.73
1518.5 35919.58 10823.46 30.13
1522.3 35781.38 10935.30 30.56
1526.0 35674.52 11071.65 31.04
1529.8 35609.17 11223.93 31.52
1533.6 35484.33 11342.94 31.97
1537.3 35352.32 11462.37 32.42
1541.1 35225.58 11577.65 32.87
1544.8 35097.60 11683.20 33.29
1548.6 34949.35 11789.22 33.73
1552.4 34850.72 11886.81 34.11
1556.1 34790.76 11989.75 34.46
1559.9 34705.82 12080.12 34.81
1563.6 34578.39 12143.29 35.12
1567.3 34459.02 12227.24 35.48
1571.1 34243.92 12257.60 35.79
1574.8 34100.68 12304.99 36.08
1578.6 34000.34 12381.78 36.42
1582.3 33854.52 12413.24 36.67
1586.0 33716.51 12430.45 36.87
1589.8 33582.95 12455.86 37.09
1593.5 33431.04 12473.59 37.31
1597.2 33294.67 12494.80 37.53
1600.9 33154.19 12502.81 37.71
1604.7 33000.40 12512.42 37.92
1608.4 32856.34 12528.04 38.13
1612.1 32695.22 12517.23 38.28
1615.8 32545.96 12508.79 38.43
1619.5 32465.11 12522.36 38.57
1623.2 32316.22 12511.76 38.72
1626.9 32130.25 12473.30 38.82
1630.6 31953.68 12448.48 38.96
1634.3 31816.04 12438.19 39.09
1638.0 31668.49 12407.01 39.18
1641.7 31487.82 12358.29 39.25
1645.4 31299.16 12302.77 39.31
1649.1 31105.38 12245.48 39.37
1652.8 30949.76 12192.83 39.40
1656.4 30780.36 12128.46 39.40
1660.1 30613.88 12072.18 39.43
1663.8 30416.03 12007.75 39.48
1667.5 30257.50 11953.99 39.51
1671.1 30134.40 11901.92 39.50
1674.8 29937.06 11823.64 39.50
1678.5 29873.87 11790.17 39.47
1682.1 29892.23 11777.57 39.40
1685.8 29901.92 11757.94 39.32
1689.5 29795.07 11689.76 39.23
1693.1 29653.44 11605.89 39.14
1696.8 29511.75 11523.50 39.05
1700.4 29358.15 11433.60 38.95
1704.0 29237.42 11340.47 38.79
1707.7 28983.16 11199.72 38.64
1711.3 28689.26 11047.18 38.51
1715.0 28479.20 10924.48 38.36
1718.6 28311.14 10808.36 38.18
1722.2 28171.19 10698.74 37.98
1725.9 28024.58 10593.07 37.80
1729.5 27888.80 10493.46 37.63
1733.1 27770.82 10394.87 37.43
1736.7 27655.67 10294.11 37.22
1740.3 27487.42 10171.57 37.00
1744.0 27395.86 10075.18 36.78
1747.5 27255.01 9951.34 36.51
1751.2 27041.09 9804.46 36.26
1754.8 26881.34 9675.95 36.00
1758.4 26750.86 9552.69 35.71
1762.0 26572.85 9417.44 35.44
1765.5 26446.23 9309.93 35.20
1769.1 26402.40 9235.20 34.98
1772.7 26328.38 9151.38 34.76
1776.3 26208.92 9064.36 34.58
1779.9 26081.92 8979.22 34.43
1783.5 26027.60 8918.08 34.26
1787.0 25897.14 8836.46 34.12
1790.6 25747.79 8755.86 34.01
1794.2 25651.68 8704.29 33.93
1797.8 25552.23 8647.42 33.84
1801.3 25471.95 8597.95 33.75
1804.9 25318.13 8533.88 33.71
1808.4 25235.40 8479.41 33.60
1812.0 25102.89 8405.64 33.48
1815.5 24947.72 8328.88 33.39
1819.1 24745.29 8236.12 33.28
1822.6 24588.72 8161.61 33.19
1826.2 24468.62 8085.74 33.05
1829.7 24298.19 7988.32 32.88
1833.2 24066.25 7874.94 32.72
1836.8 23846.10 7765.03 32.56
1840.3 23701.28 7683.62 32.42
1843.8 23605.26 7611.17 32.24
1847.3 23552.23 7556.08 32.08
1850.8 23482.37 7475.33 31.83
1854.3 23328.90 7347.65 31.50
1857.8 23249.20 7181.20 30.89
1861.3 23245.10 6928.37 29.81
1864.8 23154.55 6593.59 28.48
1868.3 22923.75 6169.80 26.91
1871.8 22725.12 5706.24 25.11
1875.3 22663.55 5252.07 23.17
1878.8 22668.35 4849.22 21.39
1882.3 22613.87 4449.14 19.67
1885.8 22446.65 4031.56 17.96
1889.3 22245.45 3636.68 16.35
1892.7 22073.02 3346.81 15.16
1896.2 21956.57 3154.57 14.37
1899.7 21800.31 3025.39 13.88
1903.1 21719.54 3014.09 13.88
1906.6 21807.87 3193.35 14.64
1910.0 22098.88 3502.46 15.85
1913.5 22634.73 3897.74 17.22
1917.0 23151.98 4578.70 19.78
1920.4 23436.08 5362.10 22.88
1923.8 23677.97 5851.76 24.71
1871.2 20787.15 4338.29 20.87
1873.9 20907.54 4220.17 20.18
1876.7 21048.38 3974.03 18.88
1879.5 21252.88 3679.29 17.31
1882.3 20993.42 3392.15 16.16
1885.1 20851.78 3034.24 14.55
1887.8 20921.79 2696.66 12.89
1890.6 20723.54 2502.73 12.08
1893.4 20650.67 2258.67 10.94
1896.2 20581.86 1987.36 9.66
1898.9 20516.13 1849.92 9.02
1901.7 20380.18 1698.84 8.34
1904.5 20546.36 1608.16 7.83
1907.2 20463.00 1577.00 7.71
1910.0 20358.58 1521.81 7.48
1912.7 20364.96 1493.24 7.33
1915.5 20273.08 1478.99 7.30
1918.2 20210.43 1456.38 7.21
1921.0 20079.87 1437.22 7.16
1923.7 20126.73 1460.73 7.26
1926.5 20096.89 1468.76 7.31
1929.2 20080.15 1459.03 7.27
1932.0 20066.00 1497.84 7.46
1934.7 20016.92 1510.18 7.54
1937.4 19925.11 1485.70 7.46
1940.2 19881.39 1505.93 7.57
1942.9 19959.98 1528.59 7.66
1945.6 19965.22 1573.42 7.88
1948.3 19894.11 1624.50 8.17
1951.1 19862.99 1631.42 8.21
1953.8 19866.00 1653.00 8.32
1956.5 19752.03 1698.17 8.60
1959.2 19805.76 1728.22 8.73
1961.9 19837.86 1761.18 8.88
1964.6 19745.08 1805.83 9.15
1967.3 19784.70 1842.30 9.31
1970.0 19621.84 1873.68 9.55
1972.8 19538.55 1906.20 9.76
1975.5 19602.81 1963.79 10.02
1978.2 19540.64 2011.88 10.30
1980.9 19419.73 2040.50 10.51
1983.5 19352.05 2062.01 10.66
1986.2 19366.05 2109.75 10.89
1988.9 19348.59 2167.95 11.20
1991.6 19202.00 2186.98 11.39
1994.3 19065.89 2232.68 11.71
1997.0 19096.32 2283.60 11.96
1999.7 19065.00 2311.69 12.13
2002.3 19034.90 2370.37 12.45
2005.0 18965.86 2407.77 12.70
2007.7 18877.00 2439.53 12.92
2010.4 18811.60 2483.85 13.20
2013.0 18774.16 2512.14 13.38
2015.7 18678.28 2548.98 13.65
2018.4 18548.96 2584.20 13.93
2021.0 18504.50 2640.67 14.27
2023.7 18401.60 2679.68 14.56
2026.4 18333.68 2681.47 14.63
2029.0 18267.40 2730.13 14.95
2031.7 18144.97 2749.07 15.15
2034.3 18142.15 2768.78 15.26
2037.0 18035.71 2792.48 15.48
2039.6 17974.39 2818.96 15.68
2042.3 17908.74 2853.27 15.93
2044.9 17825.78 2889.15 16.21
2047.5 17820.17 2931.23 16.45
2050.2 17715.60 2926.00 16.52
2052.8 17679.20 2934.40 16.60
2055.4 17538.43 2958.56 16.87
2058.1 17416.00 2979.20 17.11
2060.7 17404.47 3010.22 17.30
2063.3 17299.63 3037.47 17.56
2065.9 17230.17 3056.88 17.74
2068.6 17165.96 3065.25 17.86
2071.2 17119.44 3096.90 18.09
2073.8 17041.85 3114.55 18.28
2076.4 16999.98 3126.63 18.39
2079.0 17011.74 3161.25 18.58
2081.6 16984.09 3187.51 18.77
2084.2 16930.00 3211.06 18.97
2086.8 16834.24 3184.70 18.92
2089.4 16742.01 3191.25 19.06
2092.1 16637.33 3241.33 19.48
2094.7 16574.28 3262.88 19.69
2097.2 16549.50 3258.33 19.69
2099.8 16541.98 3282.21 19.84
2102.4 16400.35 3301.11 20.13
2105.0 16267.80 3283.20 20.18
2107.6 16238.35 3312.61 20.40
2110.2 16217.39 3336.12 20.57
2112.8 16200.74 3330.06 20.55
2115.3 16182.65 3351.42 20.71
2117.9 16188.40 3397.85 20.99
2120.5 16181.17 3413.47 21.10
2123.1 16113.83 3419.33 21.22
2125.6 16056.05 3434.94 21.39
2128.2 15953.26 3397.86 21.30
2130.8 15859.35 3410.55 21.50
2133.3 15825.33 3432.00 21.69
2135.9 15723.21 3424.10 21.78
2138.4 15584.92 3421.08 21.95
2141.0 15487.96 3408.47 22.01
2143.6 15482.13 3406.60 22.00
2146.1 15358.67 3387.90 22.06
2148.7 15182.57 3365.42 22.17
2151.2 15188.80 3355.73 22.09
2153.8 15199.37 3381.89 22.25
2156.3 15064.95 3390.43 22.51
2158.8 14994.07 3366.80 22.45
2161.4 14983.43 3358.15 22.41
2163.9 14894.98 3343.41 22.45
2166.4 14806.99 3311.47 22.36
2169.0 14777.42 3320.34 22.47
2171.5 14688.72 3308.51 22.52
2174.0 14586.43 3293.33 22.58
2176.5 14576.25 3297.97 22.63
2179.1 14537.32 3279.71 22.56
2181.6 14435.75 3266.75 22.63
2184.1 14405.16 3258.64 22.62
2186.6 14458.30 3267.01 22.60
2189.1 14358.33 3254.94 22.67
2191.6 14308.00 3230.73 22.58
2194.1 14339.64 3238.63 22.59
2196.6 14340.73 3240.42 22.60
2199.2 14399.84 3261.59 22.65
2201.7 14323.09 3255.74 22.73
2204.1 14264.18 3236.20 22.69
2206.6 14278.44 3267.48 22.88
2209.1 14246.74 3247.53 22.79
2211.6 14236.93 3239.47 22.75
2214.1 14172.61 3250.43 22.93
2216.6 14103.21 3213.39 22.78
2219.1 14137.40 3194.40 22.60
2221.6 14080.86 3216.63 22.84
2224.0 14024.61 3192.78 22.77
2226.5 13983.38 3154.35 22.56
2229.0 13981.89 3163.34 22.62
2231.5 13918.22 3152.09 22.65
2233.9 13896.33 3121.00 22.46
2236.4 13868.98 3088.00 22.27
2238.9 13826.00 3088.38 22.34
2241.3 13828.76 3086.01 22.32
2243.8 13758.80 3051.03 22.18
2246.2 13610.98 2981.16 21.90
2248.7 13571.61 2946.49 21.71
2251.2 13563.12 2959.37 21.82
2253.6 13482.24 2937.60 21.79
2256.1 13474.56 2899.20 21.52
2258.5 13495.78 2892.78 21.43
2260.9 13407.16 2872.42 21.42
2263.4 13372.75 2832.69 21.18
2265.8 13367.17 2815.76 21.06
2268.3 13288.30 2820.83 21.23
2270.7 13342.05 2794.31 20.94
2273.1 13272.94 2738.19 20.63
2275.6 13194.24 2703.36 20.49
2278.0 13232.60 2682.65 20.27
2280.4 13249.81 2670.74 20.16
2282.8 13117.21 2636.61 20.10
2285.3 13103.68 2616.85 19.97
2287.7 13191.09 2620.26 19.86
2290.1 13097.39 2581.53 19.71
2292.5 13047.88 2535.77 19.43
2294.9 13056.31 2533.02 19.40
2297.3 12972.40 2511.43 19.36
2299.7 12875.52 2444.02 18.98
2302.1 12826.01 2404.14 18.74
2304.5 12696.88 2387.28 18.80
2306.9 12602.80 2371.60 18.82
2309.3 12519.08 2323.57 18.56
2311.7 12473.65 2272.58 18.22
2314.1 12315.17 2248.79 18.26
2316.5 12229.76 2253.68 18.43
2318.9 12290.12 2207.33 17.96
2321.3 12265.32 2190.80 17.86
2323.7 12235.57 2212.31 18.08
2326.1 12214.93 2152.02 17.62
2328.4 12270.09 2135.88 17.41
2330.8 12319.08 2159.52 17.53
2333.2 12235.57 2125.06 17.37
2335.6 12168.54 2100.74 17.26
2337.9 12202.83 2086.67 17.10
2340.3 12141.58 2023.60 16.67
2342.7 12039.09 1997.35 16.59
2345.0 12013.82 2017.17 16.79
2347.4 11993.50 1972.00 16.44
2349.7 11798.34 1888.08 16.00
2352.1 11775.76 1904.02 16.17
2354.4 11820.42 1929.95 16.33
2356.8 11728.38 1864.80 15.90
2359.2 11704.33 1846.00 15.77
2361.5 11645.74 1832.60 15.74
2363.8 11633.53 1787.41 15.36
2366.2 11660.03 1796.23 15.40
2368.5 11627.85 1766.65 15.19
2370.9 11603.83 1753.55 15.11
2373.2 11533.95 1762.69 15.28
2375.5 11398.48 1692.35 14.85
2377.9 11373.04 1641.00 14.43
2380.2 11408.35 1658.56 14.54
2382.5 11308.30 1631.23 14.43
2384.8 11261.28 1610.08 14.30
2387.2 11252.00 1594.03 14.17
2389.5 11242.29 1525.10 13.57
2391.8 11232.13 1521.07 13.54
2394.1 11132.13 1545.06 13.88
2396.4 11089.46 1519.24 13.70
2398.7 11160.99 1476.12 13.23
2401.0 11096.58 1498.34 13.50
2403.3 10926.12 1439.22 13.17
2405.6 10921.36 1439.52 13.18
2407.9 10891.74 1437.87 13.20
2410.2 10793.71 1363.63 12.63
2412.5 10752.81 1351.72 12.57
2414.8 10737.29 1340.24 12.48
2417.1 10694.97 1336.87 12.50
2419.4 10638.82 1328.55 12.49
2421.7 10597.44 1261.60 11.90
2424.0 10571.95 1194.03 11.29
2426.2 10576.95 1235.85 11.68
2428.5 10508.39 1233.10 11.73
2430.8 10485.80 1188.10 11.33
2433.1 10443.79 1172.71 11.23
2435.4 10361.94 1152.57 11.12
2437.6 10328.37 1107.81 10.73
2439.9 10224.92 1061.24 10.38
2442.2 10193.49 1069.41 10.49
2444.4 10223.13 1085.49 10.62
2446.7 10173.28 1051.20 10.33
2448.9 10197.11 1024.45 10.05
2451.2 10173.72 1019.16 10.02
2453.4 10028.37 1036.59 10.34
2455.7 9998.26 1003.48 10.04
2457.9 9908.42 970.70 9.80
2460.2 9870.17 967.91 9.81
2462.4 9896.64 942.24 9.52
2464.7 9834.69 933.63 9.49
2466.9 9751.98 905.22 9.28
2469.2 9722.50 900.95 9.27
2471.4 9624.29 833.76 8.66
2473.6 9553.77 843.57 8.83
2475.9 9536.85 860.21 9.02
2478.1 9427.70 799.31 8.48
2480.3 9377.37 800.59 8.54
2482.5 9321.43 829.21 8.90
2484.8 9240.44 815.55 8.83
2487.0 9258.33 748.07 8.08
2489.2 9302.30 738.76 7.94
2491.4 9183.58 753.13 8.20
2493.6 9147.34 713.29 7.80
2495.8 9177.35 728.49 7.94
2498.0 9103.79 745.81 8.19
2500.2 9132.70 665.58 7.29
2502.4 9403.92 674.88 7.18
2504.6 9512.07 713.64 7.50
2506.8 9585.80 701.40 7.32
