/*** Spectra Vista SIG Data ***/
name= \My Documents\HR1024_Data\EXF5.
instrument= HR: 1091052
integration= 200, 60, 30, 500, 60, 30
scan time= 1, 1
scan settings= AD, AI, AD, AI
external data set1= 8224, 8224, 8224, 8224, 8224, 8224, 8224, 8224, 8224, 8224, 8224, 8224, 8224, 8224, 8224, 8224
external data set2= 8224, 8224, 8224, 8224, 8224, 8224, 8224, 8224, 8224, 8224, 8224, 8224, 8224, 8224, 8224, 8224
external data dark= 0,0,0,0,0,0,0,0
external data mask= 0
optic= LENS4 , LENS4 
temp= 33.31, 8.94, -5.30, 43.54, 9.01, -5.24
battery= 7.5, 6.8
error= 0, 0
units= Radiance, Radiance
time= 1/1/08 1:10:44 PM, 1/1/08 1:41:35 PM
longitude= , 
latitude= , 
gpstime= , 
comm= 
memory slot= 0, 0
factors= 
data= 
346.4 509.60 110.84 21.75
347.9 536.51 101.66 18.95
349.5 577.20 112.32 19.46
351.1 620.88 106.08 17.09
352.6 679.94 112.59 16.56
354.2 723.22 115.19 15.93
355.7 777.89 118.54 15.24
357.3 842.60 130.38 15.47
358.8 838.80 130.01 15.50
360.4 904.00 130.85 14.47
361.9 943.76 140.69 14.91
363.5 997.20 137.12 13.75
365.1 1040.25 142.86 13.73
366.6 1087.54 140.86 12.95
368.2 1161.70 136.99 11.79
369.7 1204.79 139.74 11.60
371.3 1287.37 143.55 11.15
372.8 1354.56 151.39 11.18
374.4 1435.13 158.87 11.07
375.9 1463.02 162.85 11.13
377.4 1512.41 156.12 10.32
379.0 1578.52 156.58 9.92
380.5 1618.77 155.11 9.58
382.1 1669.58 156.02 9.35
383.6 1726.52 153.09 8.87
385.2 1809.50 156.20 8.63
386.7 1900.67 164.62 8.66
388.3 1991.93 166.31 8.35
389.8 2077.97 171.29 8.24
391.3 2163.95 171.56 7.93
392.9 2236.17 186.63 8.35
394.4 2293.88 182.80 7.97
395.9 2364.42 182.12 7.70
397.5 2493.56 198.97 7.98
399.0 2617.23 196.52 7.51
400.6 2691.33 194.70 7.23
402.1 2739.96 188.86 6.89
403.6 2797.88 191.80 6.86
405.1 2865.39 190.11 6.63
406.7 2979.20 200.70 6.74
408.2 3089.54 196.91 6.37
409.7 3183.04 203.39 6.39
411.3 3295.62 211.14 6.41
412.8 3391.47 227.52 6.71
414.3 3507.27 225.17 6.42
415.8 3622.50 234.00 6.46
417.4 3739.34 241.87 6.47
418.9 3830.42 249.96 6.53
420.4 3913.23 251.24 6.42
421.9 3978.48 248.78 6.25
423.5 4044.22 247.51 6.12
425.0 4110.68 249.92 6.08
426.5 4198.95 247.68 5.90
428.0 4314.36 261.08 6.05
429.5 4445.73 259.91 5.85
431.1 4599.50 263.93 5.74
432.6 4769.72 268.38 5.63
434.1 4937.63 281.05 5.69
435.6 5085.18 285.61 5.62
437.1 5233.80 290.94 5.56
438.6 5364.45 299.47 5.58
440.1 5501.44 303.72 5.52
441.6 5653.06 312.39 5.53
443.1 5799.60 323.19 5.57
444.7 5941.01 334.55 5.63
446.2 6051.88 335.12 5.54
447.7 6161.82 354.69 5.76
449.2 6292.08 355.97 5.66
450.7 6396.00 355.26 5.55
452.2 6529.70 363.13 5.56
453.7 6647.26 362.07 5.45
455.2 6815.62 376.23 5.52
456.7 7013.60 385.79 5.50
458.2 7232.90 394.24 5.45
459.7 7456.75 408.10 5.47
461.2 7667.16 417.95 5.45
462.7 7858.10 424.59 5.40
464.2 8041.02 442.86 5.51
465.7 8240.35 452.10 5.49
467.2 8402.63 458.92 5.46
468.7 8584.00 470.40 5.48
470.2 8698.25 485.60 5.58
471.7 8877.75 491.15 5.53
473.2 9159.71 513.90 5.61
474.6 9386.40 517.22 5.51
476.1 9450.96 513.89 5.44
477.6 9499.75 512.87 5.40
479.1 9557.87 516.92 5.41
480.6 9632.82 519.11 5.39
482.1 9760.73 520.29 5.33
483.6 9935.74 531.74 5.35
485.1 10133.78 544.18 5.37
486.6 10366.07 561.47 5.42
488.0 10621.00 578.50 5.45
489.5 10873.80 593.67 5.46
491.0 11134.31 612.75 5.50
492.5 11404.80 631.80 5.54
494.0 11683.71 657.92 5.63
495.4 11917.95 680.46 5.71
496.9 12154.26 705.41 5.80
498.4 12387.41 738.61 5.96
499.9 12623.63 778.37 6.17
501.4 12839.71 818.75 6.38
502.8 13042.06 864.98 6.63
504.3 13226.40 914.40 6.91
505.8 13406.54 975.15 7.27
507.2 13518.16 1033.86 7.65
508.7 13603.31 1098.86 8.08
510.2 13672.60 1172.42 8.57
511.6 13715.26 1251.64 9.13
513.1 13806.21 1341.16 9.71
514.6 13898.29 1443.78 10.39
516.0 13992.63 1550.78 11.08
517.5 14151.40 1674.64 11.83
519.0 14339.95 1800.95 12.56
520.5 14520.56 1946.35 13.40
521.9 14760.83 2089.80 14.16
523.4 15031.28 2247.04 14.95
524.8 15295.25 2404.13 15.72
526.3 15594.01 2555.88 16.39
527.8 15909.50 2710.64 17.04
529.2 16189.50 2856.06 17.64
530.7 16509.28 2995.97 18.15
532.1 16791.25 3120.18 18.58
533.6 17121.20 3243.55 18.94
535.0 17454.94 3362.44 19.26
536.5 17789.22 3468.97 19.50
538.0 18136.88 3576.96 19.72
539.4 18461.69 3666.26 19.86
540.9 18864.39 3769.68 19.98
542.3 19206.33 3859.99 20.10
543.8 19460.81 3927.67 20.18
545.2 19544.37 3964.43 20.28
546.6 19566.05 3989.93 20.39
548.1 19604.97 4007.52 20.44
549.5 19640.65 4031.87 20.53
551.0 19664.79 4051.94 20.61
552.4 19724.92 4057.61 20.57
553.9 19761.60 4064.73 20.57
555.3 19812.20 4063.18 20.51
556.8 19934.49 4062.34 20.38
558.2 20047.50 4047.98 20.19
559.6 20200.16 4034.74 19.97
561.1 20397.00 4018.95 19.70
562.5 20617.77 4000.48 19.40
564.0 20901.40 3983.42 19.06
565.4 21161.13 3958.93 18.71
566.8 21482.31 3931.91 18.30
568.3 21793.28 3887.22 17.84
569.7 22118.60 3839.15 17.36
571.1 22425.71 3787.35 16.89
572.6 22741.56 3740.26 16.45
574.0 23030.70 3691.38 16.03
575.4 23309.44 3639.60 15.61
576.9 23581.06 3593.21 15.24
578.3 23822.01 3547.83 14.89
579.7 24048.22 3505.95 14.58
581.1 24227.75 3463.81 14.30
582.6 24429.78 3421.26 14.00
584.0 24600.48 3392.00 13.79
585.4 24853.74 3365.28 13.54
586.8 25196.68 3356.19 13.32
588.3 25573.86 3363.05 13.15
589.7 25896.78 3361.18 12.98
591.1 26104.75 3344.03 12.81
592.5 26211.06 3314.11 12.64
594.0 26269.26 3298.92 12.56
595.4 26286.44 3273.49 12.45
596.8 26295.56 3251.82 12.37
598.2 26315.92 3224.92 12.25
599.6 26317.98 3208.50 12.19
601.0 26398.05 3190.47 12.09
602.4 26470.93 3167.90 11.97
603.9 26597.64 3140.10 11.81
605.3 26727.57 3124.32 11.69
606.7 26857.80 3093.12 11.52
608.1 27088.39 3062.67 11.31
609.5 27333.21 3035.24 11.10
610.9 27623.29 3004.27 10.88
612.3 27891.32 2979.37 10.68
613.7 28252.28 2957.90 10.47
615.1 28513.62 2925.07 10.26
616.5 28776.05 2890.93 10.05
617.9 29165.50 2878.09 9.87
619.3 29543.24 2865.89 9.70
620.7 29990.55 2865.66 9.56
622.1 30437.05 2888.10 9.49
623.5 30934.60 2919.04 9.44
624.9 31494.75 2921.63 9.28
626.3 31867.36 2921.32 9.17
627.7 31569.69 2891.69 9.16
629.1 31287.59 2868.81 9.17
630.5 31184.65 2869.08 9.20
631.9 31222.21 2863.37 9.17
633.3 31256.33 2840.91 9.09
634.7 31400.48 2828.96 9.01
636.1 31461.82 2796.80 8.89
637.5 31554.77 2752.30 8.72
638.9 31702.82 2706.75 8.54
640.2 31825.04 2653.63 8.34
641.6 31863.78 2602.08 8.17
643.0 31847.61 2525.65 7.93
644.4 31829.55 2458.23 7.72
645.8 31751.71 2378.90 7.49
647.2 31867.94 2314.88 7.26
648.5 31926.34 2255.22 7.06
649.9 31776.23 2176.04 6.85
651.3 31648.05 2113.44 6.68
652.7 31449.15 2055.30 6.54
654.1 31244.46 2009.33 6.43
655.5 31005.95 1973.28 6.36
656.8 30780.41 1927.24 6.26
658.2 30925.42 1905.67 6.16
659.6 31264.45 1892.68 6.05
660.9 31536.04 1875.20 5.95
662.3 31822.64 1849.97 5.81
663.7 32096.40 1834.56 5.72
665.0 32332.90 1814.27 5.61
666.4 32562.99 1803.16 5.54
667.8 32863.56 1802.65 5.49
669.1 33114.69 1797.15 5.43
670.5 33405.09 1806.39 5.41
671.9 33586.56 1812.34 5.40
673.2 33844.75 1833.14 5.42
674.6 34082.18 1851.97 5.43
676.0 34372.41 1880.17 5.47
677.3 34659.68 1924.05 5.55
678.7 34979.63 1965.20 5.62
680.0 35399.92 2033.37 5.74
681.4 35845.89 2114.61 5.90
682.8 36270.33 2219.49 6.12
684.1 36705.24 2338.13 6.37
685.5 37104.21 2479.38 6.68
686.8 37507.62 2671.56 7.12
688.2 37862.83 2895.89 7.65
689.5 38000.96 3175.55 8.36
690.9 38124.79 3501.53 9.18
692.2 38229.60 3886.20 10.17
693.6 38334.37 4340.59 11.32
694.9 38335.34 4842.31 12.63
696.2 38393.33 5404.77 14.08
697.6 38453.39 5992.03 15.58
698.9 38522.88 6640.13 17.24
700.3 38613.54 7297.64 18.90
701.6 38716.02 7979.94 20.61
703.0 38828.83 8669.68 22.33
704.3 38882.19 9347.20 24.04
705.6 38895.39 10000.48 25.71
707.0 38949.12 10664.80 27.38
708.3 38885.46 11276.44 29.00
709.6 38817.35 11873.74 30.59
711.0 38702.88 12429.31 32.11
712.3 38573.15 12976.94 33.64
713.6 38531.64 13515.77 35.08
714.9 38462.14 14035.14 36.49
716.3 38461.08 14575.42 37.90
717.6 38479.84 15090.94 39.22
718.9 38424.85 15565.47 40.51
720.2 38251.08 15963.84 41.73
721.6 38113.53 16344.54 42.88
722.9 37945.16 16681.57 43.96
724.2 37714.27 16992.12 45.05
725.5 37534.96 17293.60 46.07
726.8 37360.68 17547.90 46.97
728.1 37271.09 17843.57 47.88
729.5 37167.13 18085.31 48.66
730.8 37093.13 18328.11 49.41
732.1 36996.92 18535.32 50.10
733.4 36936.39 18750.38 50.76
734.7 36864.47 18928.78 51.35
736.0 36851.62 19120.84 51.89
737.3 36774.45 19266.92 52.39
738.6 36845.76 19473.97 52.85
739.9 37000.34 19713.41 53.28
741.2 37119.81 19901.70 53.61
742.5 37372.03 20169.67 53.97
743.8 37768.50 20483.93 54.24
745.1 38387.22 20949.14 54.57
746.4 39127.73 21449.06 54.82
747.7 39918.22 21969.60 55.04
749.0 40672.12 22470.48 55.25
750.3 41122.66 22758.33 55.34
751.6 41047.35 22786.47 55.51
752.9 40630.59 22608.63 55.64
754.2 40176.47 22397.00 55.75
755.4 39652.21 22187.36 55.95
756.7 39478.17 22135.84 56.07
758.0 39495.60 22172.39 56.14
759.3 39730.28 22354.05 56.26
760.6 40061.56 22582.56 56.37
761.9 40384.10 22792.67 56.44
763.1 40567.56 22936.08 56.54
764.4 40796.65 23084.90 56.59
765.7 40953.25 23193.30 56.63
767.0 41079.80 23286.59 56.69
768.2 41207.04 23377.54 56.73
769.5 41279.98 23423.55 56.74
770.8 41469.61 23538.91 56.76
772.0 41501.32 23568.58 56.79
773.3 41583.65 23645.00 56.86
774.6 41708.58 23703.78 56.83
775.8 41815.15 23779.47 56.87
777.1 41846.51 23800.61 56.88
778.4 41799.94 23774.30 56.88
779.6 41775.90 23763.92 56.88
780.9 41704.00 23720.00 56.88
782.1 41523.21 23664.48 56.99
783.4 41558.40 23665.41 56.94
784.6 41567.36 23688.94 56.99
785.9 41861.56 23855.65 56.99
787.1 42409.87 24181.49 57.02
788.4 42854.47 24473.91 57.11
789.6 42849.18 24472.65 57.11
790.9 42483.96 24207.08 56.98
792.1 42011.92 23939.33 56.98
793.4 41570.15 23701.79 57.02
794.6 41283.15 23533.04 57.00
795.8 41024.39 23395.63 57.03
797.1 40758.68 23250.15 57.04
798.3 40551.64 23150.33 57.09
799.5 40444.72 23088.27 57.09
800.8 40323.21 23021.18 57.09
802.0 40187.32 22950.75 57.11
803.2 40033.64 22869.39 57.13
804.5 39942.72 22825.96 57.15
805.7 39829.66 22771.69 57.17
806.9 39715.93 22691.97 57.14
808.1 39632.97 22646.38 57.14
809.4 39553.39 22631.24 57.22
810.6 39489.45 22597.12 57.22
811.8 39474.39 22591.81 57.23
813.0 39504.71 22608.08 57.23
814.2 39525.61 22638.20 57.27
815.4 39644.33 22723.27 57.32
816.6 39709.73 22766.53 57.33
817.9 39791.57 22794.98 57.29
819.1 39719.87 22748.18 57.27
820.3 39621.11 22691.87 57.27
821.5 39546.25 22650.23 57.28
822.7 39480.04 22625.88 57.31
823.9 39499.25 22636.65 57.31
825.1 39541.96 22654.75 57.29
826.3 39583.35 22683.43 57.31
827.5 39640.56 22713.85 57.30
828.7 39708.48 22765.34 57.33
829.9 39767.03 22802.14 57.34
831.0 39870.82 22850.02 57.31
832.2 39993.87 22909.11 57.28
833.4 40076.64 22972.18 57.32
834.6 40148.44 23034.38 57.37
835.8 40238.10 23082.57 57.36
837.0 40328.28 23135.72 57.37
838.1 40500.72 23231.91 57.36
839.3 40601.19 23296.13 57.38
840.5 40716.87 23356.37 57.36
841.7 40854.11 23432.54 57.36
842.9 40980.73 23522.20 57.40
844.0 41100.82 23597.53 57.41
845.2 41245.09 23683.99 57.42
846.4 41368.25 23757.20 57.43
847.5 41564.18 23896.66 57.49
848.7 41743.64 24015.94 57.53
849.9 41936.76 24126.52 57.53
851.0 42020.98 24149.40 57.47
852.2 42107.61 24203.19 57.48
853.3 42066.96 24193.11 57.51
854.5 42098.11 24201.48 57.49
855.6 42095.43 24197.18 57.48
856.8 42111.00 24220.05 57.51
857.9 42111.88 24230.73 57.54
859.1 42240.60 24294.08 57.51
860.2 42245.56 24283.50 57.48
861.4 42273.83 24316.21 57.52
862.5 42309.54 24337.03 57.52
863.7 42384.63 24389.84 57.54
864.8 42387.10 24397.52 57.56
865.9 42333.82 24350.38 57.52
867.1 42372.33 24388.06 57.56
868.2 42368.54 24378.25 57.54
869.3 42393.50 24382.08 57.51
870.5 42342.80 24338.53 57.48
871.6 42318.48 24347.46 57.53
872.7 42385.23 24389.37 57.54
873.9 42404.90 24394.60 57.53
875.0 42391.36 24383.19 57.52
876.1 42363.75 24352.22 57.48
877.2 42397.32 24368.47 57.48
878.3 42381.77 24372.90 57.51
879.4 42397.70 24391.46 57.53
880.5 42451.56 24402.82 57.48
881.7 42410.55 24336.00 57.38
882.8 42454.72 24421.80 57.52
883.9 42482.63 24401.90 57.44
885.0 42446.04 24395.83 57.47
886.1 42420.10 24401.62 57.52
887.2 42295.80 24260.37 57.36
888.3 42201.80 24236.59 57.43
889.4 42117.30 24181.68 57.42
890.5 42026.34 24104.58 57.36
891.6 41981.69 24053.99 57.30
892.7 41962.31 24073.59 57.37
893.8 41981.79 24064.35 57.32
894.9 41952.35 24055.72 57.34
896.0 41968.71 24074.42 57.36
897.0 41952.48 24063.59 57.36
898.1 41951.64 24076.92 57.39
899.2 41983.30 24089.73 57.38
900.3 41907.57 23993.33 57.25
901.4 41820.39 23976.02 57.33
902.4 41828.99 24008.34 57.40
903.5 41775.96 23943.69 57.31
904.6 41798.96 23956.59 57.31
905.7 41805.42 23964.47 57.32
906.7 41815.90 23964.17 57.31
907.8 41839.20 23949.07 57.24
908.9 41746.38 23928.37 57.32
909.9 41734.69 23906.41 57.28
911.0 41681.88 23894.99 57.33
912.1 41602.05 23855.78 57.34
913.1 41535.52 23794.99 57.29
914.2 41457.24 23738.64 57.26
915.2 41368.59 23736.24 57.38
916.3 41436.15 23726.04 57.26
917.3 41410.15 23728.75 57.30
918.4 41310.50 23679.26 57.32
919.4 41328.17 23663.53 57.26
920.5 41309.67 23655.70 57.26
921.5 41323.66 23671.93 57.28
922.6 41255.80 23626.50 57.27
923.6 41303.54 23651.89 57.26
924.7 41344.50 23675.80 57.26
925.7 41333.16 23627.02 57.16
926.7 41356.90 23664.48 57.22
927.8 41415.30 23685.52 57.19
928.8 41570.85 23763.08 57.16
929.9 41658.93 23803.81 57.14
930.9 41879.39 23908.25 57.09
931.9 42070.56 24024.50 57.11
932.9 42412.10 24158.38 56.96
934.0 42452.50 24194.29 56.99
935.0 42440.57 24210.68 57.05
936.0 42488.02 24159.06 56.86
937.0 42429.47 24146.85 56.91
938.1 42380.86 24157.57 57.00
939.1 42337.65 24087.88 56.89
940.1 42429.30 24139.18 56.89
941.1 42615.86 24255.61 56.92
942.1 42903.92 24375.12 56.81
943.1 43057.09 24467.08 56.82
944.1 43342.63 24562.97 56.67
945.2 43356.60 24639.05 56.83
946.2 43482.48 24659.42 56.71
947.2 43549.00 24684.90 56.68
948.2 43743.16 24774.65 56.64
949.2 43840.88 24812.78 56.60
950.2 43906.25 24874.12 56.65
951.2 44010.96 24870.05 56.51
952.2 44061.91 24876.89 56.46
953.2 44318.14 24979.05 56.36
954.2 44380.80 25072.74 56.49
955.2 44428.35 25034.73 56.35
956.2 44460.20 24979.12 56.18
957.2 44542.35 25096.98 56.34
958.2 44649.94 25087.46 56.19
959.2 44705.25 25174.80 56.31
960.1 44813.66 25203.22 56.24
961.1 44928.76 25199.10 56.09
962.1 44958.75 25215.38 56.09
963.1 44986.01 25284.11 56.20
964.1 45106.16 25296.81 56.08
965.1 45270.70 25428.32 56.17
966.1 45207.41 25385.39 56.15
967.0 45355.66 25457.43 56.13
968.0 45441.48 25460.53 56.03
969.0 45453.60 25500.24 56.10
970.0 45557.64 25533.47 56.05
971.0 45615.57 25528.31 55.96
971.9 45699.86 25573.03 55.96
972.9 45781.93 25728.36 56.20
973.9 45829.88 25746.89 56.18
974.9 45973.78 25769.02 56.05
975.8 45979.65 25839.43 56.20
976.8 46106.16 25833.85 56.03
977.8 46097.80 25855.55 56.09
978.8 46103.70 25959.72 56.31
979.7 46387.55 26079.70 56.22
980.7 46405.76 26149.46 56.35
981.7 46694.84 26295.19 56.31
982.6 46857.76 26290.28 56.11
983.6 47433.79 26648.68 56.18
984.6 47818.98 26880.06 56.21
985.5 48063.24 27173.95 56.54
986.5 48770.77 27412.81 56.21
987.5 50043.63 28083.09 56.12
988.4 50895.90 28296.84 55.60
989.4 52431.75 29012.24 55.33
990.4 53425.02 29602.72 55.41
991.3 55387.31 30062.53 54.28
992.3 55950.90 30440.42 54.41
993.2 58118.31 31415.30 54.05
994.2 59457.94 32081.99 53.96
995.2 60710.63 32229.79 53.09
996.1 61737.77 32886.06 53.27
997.1 61885.85 32701.79 52.84
998.0 61668.00 32341.44 52.44
999.0 61787.86 33098.06 53.57
1000.0 62252.49 32101.28 51.57
1000.9 62564.91 33682.74 53.84
1001.9 61626.12 31948.28 51.84
1002.8 61885.09 33451.40 54.05
1003.8 61970.58 32818.22 52.96
1004.8 62064.96 33040.46 53.24
961.5 55881.62 26200.55 46.89
965.5 54589.44 26271.17 48.13
969.5 52393.79 25713.56 49.08
973.4 50126.74 25063.37 50.00
977.4 48345.52 24660.06 51.01
981.4 47464.01 24525.94 51.67
985.3 47176.98 24624.34 52.20
989.3 47304.75 24789.93 52.40
993.3 47508.66 24905.31 52.42
997.2 47541.75 24916.77 52.41
1001.2 47520.33 24900.46 52.40
1005.2 47455.76 24906.52 52.48
1009.1 47529.68 24968.52 52.53
1013.1 47663.39 25105.60 52.67
1017.1 47785.75 25239.85 52.82
1021.0 47816.50 25293.18 52.90
1025.0 47819.30 25317.40 52.94
1029.0 47652.00 25255.56 53.00
1032.9 47495.63 25200.24 53.06
1036.9 47497.16 25217.00 53.09
1040.9 47608.97 25304.56 53.15
1044.8 47827.54 25424.45 53.16
1048.8 48004.98 25547.31 53.22
1052.7 48133.54 25648.71 53.29
1056.7 48188.20 25654.22 53.24
1060.7 48194.60 25678.49 53.28
1064.6 48198.22 25702.94 53.33
1068.6 48113.17 25653.99 53.32
1072.5 48026.55 25618.64 53.34
1076.5 47975.49 25588.98 53.34
1080.4 47966.69 25566.66 53.30
1084.4 48069.59 25599.32 53.25
1088.3 48170.15 25645.87 53.24
1092.3 48152.58 25600.26 53.16
1096.2 48142.77 25561.02 53.09
1100.2 48183.64 25574.93 53.08
1104.1 48079.94 25501.53 53.04
1108.1 48035.13 25440.35 52.96
1112.0 47943.86 25351.65 52.88
1116.0 47742.57 25201.54 52.79
1119.9 47581.47 25053.36 52.65
1123.9 47666.30 25019.40 52.49
1127.8 47639.04 24913.92 52.30
1131.8 47617.38 24772.62 52.02
1135.7 47659.94 24615.95 51.65
1139.6 47675.62 24406.46 51.19
1143.6 47638.82 24156.65 50.71
1147.5 47616.88 23902.11 50.20
1151.4 47500.80 23620.52 49.73
1155.4 47513.75 23490.73 49.44
1159.3 47522.52 23426.75 49.30
1163.2 47363.89 23301.83 49.20
1167.2 47347.50 23261.34 49.13
1171.1 47369.57 23248.29 49.08
1175.0 47314.40 23194.49 49.02
1179.0 47268.08 23148.10 48.97
1182.9 47358.68 23172.71 48.93
1186.8 47350.70 23154.34 48.90
1190.7 47139.70 23033.78 48.86
1194.7 46883.87 22892.57 48.83
1198.6 46652.76 22785.84 48.84
1202.5 46480.48 22716.96 48.87
1206.4 46340.80 22666.73 48.91
1210.3 46236.01 22638.62 48.96
1214.2 46114.66 22606.02 49.02
1218.2 45952.68 22556.23 49.09
1222.1 45800.88 22509.08 49.15
1226.0 45686.61 22481.99 49.21
1229.9 45598.02 22463.52 49.26
1233.8 45484.04 22430.48 49.32
1237.7 45416.66 22407.45 49.34
1241.6 45332.53 22376.61 49.36
1245.5 45166.97 22316.13 49.41
1249.4 45023.84 22255.85 49.43
1253.3 44894.25 22196.24 49.44
1257.2 44816.00 22151.96 49.43
1261.1 44716.86 22091.62 49.40
1265.0 44587.73 22014.30 49.37
1268.9 44400.64 21901.95 49.33
1272.8 44460.00 21910.80 49.28
1276.7 44653.74 21965.43 49.19
1280.6 44733.81 21966.46 49.10
1284.5 44649.07 21881.19 49.01
1288.4 44631.63 21810.88 48.87
1292.3 44511.50 21689.25 48.73
1296.2 44360.33 21541.02 48.56
1300.1 44197.71 21370.44 48.35
1303.9 43963.66 21151.93 48.11
1307.8 43715.49 20904.00 47.82
1311.7 43464.03 20637.32 47.48
1315.6 43214.30 20361.67 47.12
1319.5 42962.15 20054.60 46.68
1323.3 42734.84 19743.92 46.20
1327.2 42525.95 19429.44 45.69
1331.1 42285.13 19092.44 45.15
1335.0 41985.32 18717.18 44.58
1338.8 41775.29 18371.55 43.98
1342.7 41609.18 18034.23 43.34
1346.5 41242.98 17590.83 42.65
1350.4 40931.78 17150.13 41.90
1354.3 40517.39 16658.32 41.11
1358.1 40047.65 16170.89 40.38
1362.0 39764.09 15800.15 39.73
1365.8 39670.89 15525.15 39.13
1369.7 39786.92 15291.81 38.43
1373.5 39741.56 14873.09 37.42
1377.4 39487.75 14199.02 35.96
1381.2 39276.49 13392.89 34.10
1385.1 39242.56 12568.03 32.03
1389.0 39129.70 11664.22 29.81
1392.8 38925.66 10669.82 27.41
1396.6 38773.68 9690.91 24.99
1400.5 38560.99 8799.75 22.82
1404.3 38397.74 8058.94 20.99
1408.2 38363.03 7475.54 19.49
1412.0 38325.01 7020.90 18.32
1415.8 38359.09 6700.31 17.47
1419.6 38319.36 6445.34 16.82
1423.5 38299.37 6259.59 16.34
1427.3 38266.05 6125.56 16.01
1431.1 38248.58 6035.70 15.78
1434.9 38159.15 5962.15 15.62
1438.8 38104.90 5921.77 15.54
1442.6 38084.31 5908.48 15.51
1446.4 37958.74 5889.28 15.51
1450.2 37871.04 5892.07 15.56
1454.0 37772.76 5900.64 15.62
1457.8 37752.26 5932.53 15.71
1461.6 37732.17 5993.06 15.88
1465.4 37609.21 6068.21 16.13
1469.2 37426.03 6158.43 16.45
1473.0 37290.43 6286.80 16.86
1476.8 37245.30 6460.41 17.35
1480.7 37186.44 6650.12 17.88
1484.4 37061.40 6833.16 18.44
1488.2 36961.08 7038.36 19.04
1492.0 36836.53 7251.79 19.69
1495.8 36720.78 7452.90 20.30
1499.6 36605.30 7643.77 20.88
1503.4 36479.87 7831.82 21.47
1507.2 36356.05 8016.82 22.05
1510.9 36204.04 8184.10 22.61
1514.7 36047.88 8336.65 23.13
1518.5 35919.58 8507.52 23.68
1522.3 35781.38 8670.54 24.23
1526.0 35674.52 8821.61 24.73
1529.8 35609.17 8995.83 25.26
1533.6 35484.33 9156.09 25.80
1537.3 35352.32 9301.47 26.31
1541.1 35225.58 9446.19 26.82
1544.8 35097.60 9592.80 27.33
1548.6 34949.35 9755.43 27.91
1552.4 34850.72 9914.53 28.45
1556.1 34790.76 10035.24 28.84
1559.9 34705.82 10119.44 29.16
1563.6 34578.39 10201.03 29.50
1567.3 34459.02 10312.85 29.93
1571.1 34243.92 10383.02 30.32
1574.8 34100.68 10459.83 30.67
1578.6 34000.34 10538.24 30.99
1582.3 33854.52 10602.38 31.32
1586.0 33716.51 10662.20 31.62
1589.8 33582.95 10711.51 31.90
1593.5 33431.04 10748.95 32.15
1597.2 33294.67 10782.89 32.39
1600.9 33154.19 10818.31 32.63
1604.7 33000.40 10849.55 32.88
1608.4 32856.34 10875.12 33.10
1612.1 32695.22 10887.99 33.30
1615.8 32545.96 10894.37 33.47
1619.5 32465.11 10924.53 33.65
1623.2 32316.22 10942.66 33.86
1626.9 32130.25 10928.06 34.01
1630.6 31953.68 10906.94 34.13
1634.3 31816.04 10912.43 34.30
1638.0 31668.49 10904.95 34.43
1641.7 31487.82 10869.05 34.52
1645.4 31299.16 10832.85 34.61
1649.1 31105.38 10785.93 34.68
1652.8 30949.76 10738.88 34.70
1656.4 30780.36 10690.61 34.73
1660.1 30613.88 10640.81 34.76
1663.8 30416.03 10583.58 34.80
1667.5 30257.50 10538.81 34.83
1671.1 30134.40 10502.66 34.85
1674.8 29937.06 10430.84 34.84
1678.5 29873.87 10404.32 34.83
1682.1 29892.23 10391.70 34.76
1685.8 29901.92 10367.32 34.67
1689.5 29795.07 10302.68 34.58
1693.1 29653.44 10221.81 34.47
1696.8 29511.75 10143.63 34.37
1700.4 29358.15 10056.80 34.26
1704.0 29237.42 9977.03 34.12
1707.7 28983.16 9843.34 33.96
1711.3 28689.26 9694.32 33.79
1715.0 28479.20 9580.74 33.64
1718.6 28311.14 9468.99 33.45
1722.2 28171.19 9364.71 33.24
1725.9 28024.58 9256.27 33.03
1729.5 27888.80 9152.03 32.82
1733.1 27770.82 9049.03 32.58
1736.7 27655.67 8953.07 32.37
1740.3 27487.42 8830.37 32.13
1744.0 27395.86 8723.84 31.84
1747.5 27255.01 8595.65 31.54
1751.2 27041.09 8442.73 31.22
1754.8 26881.34 8309.34 30.91
1758.4 26750.86 8181.89 30.59
1762.0 26572.85 8043.76 30.27
1765.5 26446.23 7941.04 30.03
1769.1 26402.40 7864.80 29.79
1772.7 26328.38 7776.25 29.54
1776.3 26208.92 7683.14 29.31
1779.9 26081.92 7601.20 29.14
1783.5 26027.60 7536.72 28.96
1787.0 25897.14 7459.52 28.80
1790.6 25747.79 7387.36 28.69
1794.2 25651.68 7333.40 28.59
1797.8 25552.23 7287.44 28.52
1801.3 25471.95 7242.84 28.43
1804.9 25318.13 7182.00 28.37
1808.4 25235.40 7150.25 28.33
1812.0 25102.89 7083.44 28.22
1815.5 24947.72 7008.38 28.09
1819.1 24745.29 6934.48 28.02
1822.6 24588.72 6865.79 27.92
1826.2 24468.62 6796.84 27.78
1829.7 24298.19 6700.46 27.58
1833.2 24066.25 6593.83 27.40
1836.8 23846.10 6481.48 27.18
1840.3 23701.28 6392.61 26.97
1843.8 23605.26 6318.06 26.77
1847.3 23552.23 6239.27 26.49
1850.8 23482.37 6104.45 26.00
1854.3 23328.90 5929.92 25.42
1857.8 23249.20 5735.60 24.67
1861.3 23245.10 5466.64 23.52
1864.8 23154.55 5120.91 22.12
1868.3 22923.75 4671.42 20.38
1871.8 22725.12 4193.28 18.45
1875.3 22663.55 3774.68 16.66
1878.8 22668.35 3372.02 14.88
1882.3 22613.87 2992.21 13.23
1885.8 22446.65 2618.11 11.66
1889.3 22245.45 2327.14 10.46
1892.7 22073.02 2116.11 9.59
1896.2 21956.57 1967.99 8.96
1899.7 21800.31 1944.12 8.92
1903.1 21719.54 2005.08 9.23
1906.6 21807.87 2182.39 10.01
1910.0 22098.88 2501.76 11.32
1913.5 22634.73 2867.62 12.67
1917.0 23151.98 3434.03 14.83
1920.4 23436.08 4114.03 17.55
1923.8 23677.97 4659.74 19.68
1871.2 20787.15 3147.83 15.14
1873.9 20907.54 2899.35 13.87
1876.7 21048.38 2646.03 12.57
1879.5 21252.88 2374.04 11.17
1882.3 20993.42 2084.01 9.93
1885.1 20851.78 1810.20 8.68
1887.8 20921.79 1550.37 7.41
1890.6 20723.54 1309.84 6.32
1893.4 20650.67 1136.67 5.50
1896.2 20581.86 1010.87 4.91
1898.9 20516.13 976.35 4.76
1901.7 20380.18 864.12 4.24
1904.5 20546.36 793.50 3.86
1907.2 20463.00 821.75 4.02
1910.0 20358.58 782.52 3.84
1912.7 20364.96 748.62 3.68
1915.5 20273.08 763.96 3.77
1918.2 20210.43 744.29 3.68
1921.0 20079.87 732.37 3.65
1923.7 20126.73 747.04 3.71
1926.5 20096.89 762.06 3.79
1929.2 20080.15 756.77 3.77
1932.0 20066.00 771.04 3.84
1934.7 20016.92 775.41 3.87
1937.4 19925.11 763.01 3.83
1940.2 19881.39 789.85 3.97
1942.9 19959.98 803.88 4.03
1945.6 19965.22 797.28 3.99
1948.3 19894.11 812.25 4.08
1951.1 19862.99 827.75 4.17
1953.8 19866.00 852.00 4.29
1956.5 19752.03 868.55 4.40
1959.2 19805.76 858.13 4.33
1961.9 19837.86 870.16 4.39
1964.6 19745.08 913.33 4.63
1967.3 19784.70 934.50 4.72
1970.0 19621.84 932.40 4.75
1972.8 19538.55 961.93 4.92
1975.5 19602.81 995.07 5.08
1978.2 19540.64 1022.00 5.23
1980.9 19419.73 1043.57 5.37
1983.5 19352.05 1064.45 5.50
1986.2 19366.05 1091.25 5.63
1988.9 19348.59 1134.90 5.87
1991.6 19202.00 1155.77 6.02
1994.3 19065.89 1178.44 6.18
1997.0 19096.32 1216.77 6.37
1999.7 19065.00 1229.07 6.45
2002.3 19034.90 1259.98 6.62
2005.0 18965.86 1297.38 6.84
2007.7 18877.00 1318.67 6.99
2010.4 18811.60 1347.56 7.16
2013.0 18774.16 1396.90 7.44
2015.7 18678.28 1429.36 7.65
2018.4 18548.96 1432.52 7.72
2021.0 18504.50 1470.50 7.95
2023.7 18401.60 1506.61 8.19
2026.4 18333.68 1521.00 8.30
2029.0 18267.40 1566.10 8.57
2031.7 18144.97 1591.42 8.77
2034.3 18142.15 1602.68 8.83
2037.0 18035.71 1632.70 9.05
2039.6 17974.39 1645.80 9.16
2042.3 17908.74 1662.53 9.28
2044.9 17825.78 1708.25 9.58
2047.5 17820.17 1736.30 9.74
2050.2 17715.60 1752.80 9.89
2052.8 17679.20 1806.00 10.22
2055.4 17538.43 1821.08 10.38
2058.1 17416.00 1806.00 10.37
2060.7 17404.47 1839.11 10.57
2063.3 17299.63 1875.43 10.84
2065.9 17230.17 1884.38 10.94
2068.6 17165.96 1915.08 11.16
2071.2 17119.44 1941.84 11.34
2073.8 17041.85 1950.44 11.44
2076.4 16999.98 1987.12 11.69
2079.0 17011.74 2017.58 11.86
2081.6 16984.09 2034.04 11.98
2084.2 16930.00 2062.64 12.18
2086.8 16834.24 2078.83 12.35
2089.4 16742.01 2090.62 12.49
2092.1 16637.33 2093.83 12.59
2094.7 16574.28 2098.98 12.66
2097.2 16549.50 2122.17 12.82
2099.8 16541.98 2154.93 13.03
2102.4 16400.35 2180.84 13.30
2105.0 16267.80 2174.55 13.37
2107.6 16238.35 2201.76 13.56
2110.2 16217.39 2227.87 13.74
2112.8 16200.74 2224.81 13.73
2115.3 16182.65 2268.92 14.02
2117.9 16188.40 2295.22 14.18
2120.5 16181.17 2291.19 14.16
2123.1 16113.83 2307.83 14.32
2125.6 16056.05 2313.38 14.41
2128.2 15953.26 2314.99 14.51
2130.8 15859.35 2331.23 14.70
2133.3 15825.33 2346.67 14.83
2135.9 15723.21 2347.45 14.93
2138.4 15584.92 2342.60 15.03
2141.0 15487.96 2333.04 15.06
2143.6 15482.13 2339.47 15.11
2146.1 15358.67 2338.91 15.23
2148.7 15182.57 2322.90 15.30
2151.2 15188.80 2337.87 15.39
2153.8 15199.37 2357.61 15.51
2156.3 15064.95 2339.04 15.53
2158.8 14994.07 2341.99 15.62
2161.4 14983.43 2340.98 15.62
2163.9 14894.98 2323.29 15.60
2166.4 14806.99 2323.94 15.69
2169.0 14777.42 2332.81 15.79
2171.5 14688.72 2329.85 15.86
2174.0 14586.43 2320.50 15.91
2176.5 14576.25 2332.20 16.00
2179.1 14537.32 2325.01 15.99
2181.6 14435.75 2305.58 15.97
2184.1 14405.16 2310.00 16.04
2186.6 14458.30 2331.78 16.13
2189.1 14358.33 2324.04 16.19
2191.6 14308.00 2316.07 16.19
2194.1 14339.64 2321.85 16.19
2196.6 14340.73 2316.53 16.15
2199.2 14399.84 2330.21 16.18
2201.7 14323.09 2324.50 16.23
2204.1 14264.18 2308.95 16.19
2206.6 14278.44 2334.98 16.35
2209.1 14246.74 2323.99 16.31
2211.6 14236.93 2310.65 16.23
2214.1 14172.61 2322.82 16.39
2216.6 14103.21 2313.19 16.40
2219.1 14137.40 2328.38 16.47
2221.6 14080.86 2303.03 16.36
2224.0 14024.61 2259.33 16.11
2226.5 13983.38 2260.17 16.16
2229.0 13981.89 2261.16 16.17
2231.5 13918.22 2232.89 16.04
2233.9 13896.33 2208.94 15.90
2236.4 13868.98 2215.64 15.98
2238.9 13826.00 2181.63 15.78
2241.3 13828.76 2172.65 15.71
2243.8 13758.80 2176.53 15.82
2246.2 13610.98 2124.41 15.61
2248.7 13571.61 2101.88 15.49
2251.2 13563.12 2098.46 15.47
2253.6 13482.24 2088.96 15.49
2256.1 13474.56 2016.00 14.96
2258.5 13495.78 2009.19 14.89
2260.9 13407.16 2005.71 14.96
2263.4 13372.75 1980.58 14.81
2265.8 13367.17 1977.19 14.79
2268.3 13288.30 1928.02 14.51
2270.7 13342.05 1930.68 14.47
2273.1 13272.94 1917.50 14.45
2275.6 13194.24 1889.28 14.32
2278.0 13232.60 1852.49 14.00
2280.4 13249.81 1831.81 13.83
2282.8 13117.21 1831.30 13.96
2285.3 13103.68 1808.08 13.80
2287.7 13191.09 1811.92 13.74
2290.1 13097.39 1759.23 13.43
2292.5 13047.88 1706.38 13.08
2294.9 13056.31 1746.64 13.38
2297.3 12972.40 1688.79 13.02
2299.7 12875.52 1630.66 12.66
2302.1 12826.01 1642.04 12.80
2304.5 12696.88 1630.72 12.84
2306.9 12602.80 1599.36 12.69
2309.3 12519.08 1547.74 12.36
2311.7 12473.65 1518.98 12.18
2314.1 12315.17 1508.38 12.25
2316.5 12229.76 1489.32 12.18
2318.9 12290.12 1470.24 11.96
2321.3 12265.32 1457.89 11.89
2323.7 12235.57 1453.57 11.88
2326.1 12214.93 1418.56 11.61
2328.4 12270.09 1391.37 11.34
2330.8 12319.08 1382.42 11.22
2333.2 12235.57 1350.81 11.04
2335.6 12168.54 1365.90 11.22
2337.9 12202.83 1364.68 11.18
2340.3 12141.58 1293.09 10.65
2342.7 12039.09 1273.73 10.58
2345.0 12013.82 1303.73 10.85
2347.4 11993.50 1275.00 10.63
2349.7 11798.34 1183.25 10.03
2352.1 11775.76 1175.00 9.98
2354.4 11820.42 1194.94 10.11
2356.8 11728.38 1161.18 9.90
2359.2 11704.33 1165.67 9.96
2361.5 11645.74 1143.19 9.82
2363.8 11633.53 1124.27 9.66
2366.2 11660.03 1116.57 9.58
2368.5 11627.85 1085.80 9.34
2370.9 11603.83 1082.55 9.33
2373.2 11533.95 1065.71 9.24
2375.5 11398.48 1036.23 9.09
2377.9 11373.04 989.16 8.70
2380.2 11408.35 985.06 8.63
2382.5 11308.30 1029.28 9.10
2384.8 11261.28 979.04 8.69
2387.2 11252.00 961.11 8.54
2389.5 11242.29 963.22 8.57
2391.8 11232.13 903.13 8.04
2394.1 11132.13 902.09 8.10
2396.4 11089.46 904.77 8.16
2398.7 11160.99 867.16 7.77
2401.0 11096.58 855.49 7.71
2403.3 10926.12 841.62 7.70
2405.6 10921.36 819.73 7.51
2407.9 10891.74 801.60 7.36
2410.2 10793.71 802.13 7.43
2412.5 10752.81 792.74 7.37
2414.8 10737.29 770.25 7.17
2417.1 10694.97 794.90 7.43
2419.4 10638.82 755.45 7.10
2421.7 10597.44 735.93 6.94
2424.0 10571.95 750.23 7.10
2426.2 10576.95 706.20 6.68
2428.5 10508.39 681.45 6.48
2430.8 10485.80 692.15 6.60
2433.1 10443.79 663.80 6.36
2435.4 10361.94 649.02 6.26
2437.6 10328.37 660.21 6.39
2439.9 10224.92 645.73 6.32
2442.2 10193.49 614.34 6.03
2444.4 10223.13 597.31 5.84
2446.7 10173.28 624.88 6.14
2448.9 10197.11 586.25 5.75
2451.2 10173.72 524.48 5.16
2453.4 10028.37 554.45 5.53
2455.7 9998.26 583.84 5.84
2457.9 9908.42 555.56 5.61
2460.2 9870.17 524.03 5.31
2462.4 9896.64 505.44 5.11
2464.7 9834.69 479.43 4.87
2466.9 9751.98 455.82 4.67
2469.2 9722.50 466.68 4.80
2471.4 9624.29 452.99 4.71
2473.6 9553.77 441.87 4.63
2475.9 9536.85 467.36 4.90
2478.1 9427.70 444.06 4.71
2480.3 9377.37 403.78 4.31
2482.5 9321.43 428.90 4.60
2484.8 9240.44 429.62 4.65
2487.0 9258.33 377.74 4.08
2489.2 9302.30 444.76 4.78
2491.4 9183.58 453.42 4.94
2493.6 9147.34 415.43 4.54
2495.8 9177.35 380.08 4.14
2498.0 9103.79 348.59 3.83
2500.2 9132.70 379.13 4.15
2502.4 9403.92 372.96 3.97
2504.6 9512.07 375.60 3.95
2506.8 9585.80 370.18 3.86
