/*** Spectra Vista SIG Data ***/
name= \My Documents\HR1024_Data\RD5B3.
instrument= HR: 1091052
integration= 400, 60, 30, 500, 60, 30
scan time= 1, 1
scan settings= AD, AI, AD, AI
external data set1= 8224, 8224, 8224, 8224, 8224, 8224, 8224, 8224, 8224, 8224, 8224, 8224, 8224, 8224, 8224, 8224
external data set2= 8224, 8224, 8224, 8224, 8224, 8224, 8224, 8224, 8224, 8224, 8224, 8224, 8224, 8224, 8224, 8224
external data dark= 0,0,0,0,0,0,0,0
external data mask= 0
optic= LENS4 , LENS4 
temp= 32.34, 8.94, -5.37, 41.93, 8.88, -5.24
battery= 7.5, 7.0
error= 0, 0
units= Radiance, Radiance
time= 3/11/08 9:20:48 AM, 3/11/08 9:47:06 AM
longitude= , 
latitude= , 
gpstime= , 
comm= 
memory slot= 0, 0
factors= 
data= 
346.4 366.28 110.84 30.26
347.9 400.03 106.68 26.67
349.5 432.12 108.58 25.13
351.1 468.00 116.06 24.80
352.6 496.51 113.85 22.93
354.2 520.33 113.88 21.89
355.7 575.84 134.70 23.39
357.3 598.14 131.77 22.03
358.8 616.87 142.60 23.12
360.4 668.33 140.70 21.05
361.9 686.05 135.12 19.70
363.5 715.01 131.58 18.40
365.1 743.78 142.86 19.21
366.6 778.54 139.48 17.92
368.2 824.27 134.30 16.29
369.7 873.39 142.35 16.30
371.3 928.49 131.70 14.18
372.8 977.74 147.41 15.08
374.4 1016.27 142.85 14.06
375.9 1052.58 141.67 13.46
377.4 1084.71 150.92 13.91
379.0 1129.79 155.31 13.75
380.5 1157.14 146.49 12.66
382.1 1186.43 144.20 12.15
383.6 1234.64 142.88 11.57
385.2 1293.88 141.90 10.97
386.7 1345.63 153.79 11.43
388.3 1410.38 147.83 10.48
389.8 1464.46 152.62 10.42
391.3 1527.57 155.96 10.21
392.9 1567.60 172.98 11.03
394.4 1609.87 169.74 10.54
395.9 1662.63 172.07 10.35
397.5 1749.05 187.34 10.71
399.0 1827.74 184.16 10.08
400.6 1876.29 181.12 9.65
402.1 1904.04 170.28 8.94
403.6 1943.17 171.66 8.83
405.1 1994.81 173.66 8.71
406.7 2061.92 172.03 8.34
408.2 2135.06 181.76 8.51
409.7 2198.56 191.74 8.72
411.3 2272.05 193.70 8.53
412.8 2335.64 199.08 8.52
414.3 2399.77 204.61 8.53
415.8 2475.00 218.00 8.81
417.4 2547.71 233.77 9.18
418.9 2612.23 218.59 8.37
420.4 2658.25 228.31 8.59
421.9 2705.56 231.35 8.55
423.5 2743.63 234.43 8.54
425.0 2788.02 241.83 8.67
426.5 2844.45 240.80 8.47
428.0 2917.63 237.27 8.13
429.5 3009.90 248.06 8.24
431.1 3112.45 253.87 8.16
432.6 3227.88 259.92 8.05
434.1 3329.29 271.81 8.16
435.6 3423.98 277.09 8.09
437.1 3517.80 285.48 8.12
438.6 3607.74 291.61 8.08
440.1 3694.39 298.96 8.09
441.6 3790.73 303.58 8.01
443.1 3873.83 312.66 8.07
444.7 3959.99 323.05 8.16
446.2 4024.76 326.70 8.12
447.7 4101.41 327.94 8.00
449.2 4174.20 340.42 8.16
450.7 4238.00 346.11 8.17
452.2 4313.18 352.91 8.18
453.7 4393.64 351.64 8.00
455.2 4491.99 355.41 7.91
456.7 4618.24 366.78 7.94
458.2 4761.06 374.66 7.87
459.7 4899.13 392.00 8.00
461.2 5044.37 400.30 7.94
462.7 5165.05 411.70 7.97
464.2 5287.79 423.10 8.00
465.7 5408.14 428.82 7.93
467.2 5518.98 438.90 7.95
468.7 5631.00 453.60 8.06
470.2 5705.20 463.22 8.12
471.7 5821.13 475.95 8.18
473.2 6011.22 493.02 8.20
474.6 6153.75 508.79 8.27
476.1 6204.18 505.41 8.15
477.6 6220.94 497.99 8.01
479.1 6250.52 498.25 7.97
480.6 6293.37 499.56 7.94
482.1 6374.96 500.55 7.85
483.6 6474.12 511.82 7.91
485.1 6599.29 518.01 7.85
486.6 6739.10 528.52 7.84
488.0 6898.13 534.30 7.75
489.5 7058.36 554.27 7.85
491.0 7224.81 568.25 7.87
492.5 7392.87 582.55 7.88
494.0 7557.79 600.37 7.94
495.4 7702.20 618.42 8.03
496.9 7844.83 636.60 8.11
498.4 7990.29 645.18 8.07
499.9 8131.50 668.45 8.22
501.4 8263.45 692.42 8.38
502.8 8392.79 706.87 8.42
504.3 8499.60 725.04 8.53
505.8 8611.18 747.81 8.68
507.2 8674.01 771.52 8.89
508.7 8728.20 790.76 9.06
510.2 8764.92 802.70 9.16
511.6 8789.76 824.88 9.38
513.1 8840.43 852.72 9.65
514.6 8904.34 878.60 9.87
516.0 8958.85 906.94 10.12
517.5 9056.55 932.82 10.30
519.0 9171.31 973.16 10.61
520.5 9287.32 1011.55 10.89
521.9 9437.16 1053.29 11.16
523.4 9612.27 1094.17 11.38
524.8 9785.79 1143.74 11.69
526.3 9984.58 1187.45 11.89
527.8 10184.06 1239.02 12.17
529.2 10366.76 1290.65 12.45
530.7 10567.61 1341.44 12.69
532.1 10746.40 1391.85 12.95
533.6 10959.02 1444.82 13.18
535.0 11168.56 1493.42 13.37
536.5 11376.00 1547.14 13.60
538.0 11592.92 1596.38 13.77
539.4 11785.91 1639.85 13.91
540.9 12037.93 1703.47 14.15
542.3 12246.63 1768.01 14.44
543.8 12400.56 1812.52 14.62
545.2 12445.48 1836.83 14.76
546.6 12442.01 1858.11 14.93
548.1 12455.19 1871.69 15.03
549.5 12460.55 1894.22 15.20
551.0 12456.77 1913.27 15.36
552.4 12484.13 1929.66 15.46
553.9 12491.52 1948.95 15.60
555.3 12509.64 1974.02 15.78
556.8 12569.08 1998.79 15.90
558.2 12630.94 2031.08 16.08
559.6 12713.51 2063.64 16.23
561.1 12831.00 2102.75 16.39
562.5 12959.42 2151.84 16.60
564.0 13129.35 2204.42 16.79
565.4 13288.41 2258.11 16.99
566.8 13487.87 2322.97 17.22
568.3 13678.39 2387.68 17.46
569.7 13879.32 2457.31 17.70
571.1 14074.77 2524.05 17.93
572.6 14269.77 2587.46 18.13
574.0 14463.08 2664.42 18.42
575.4 14650.03 2733.08 18.66
576.9 14818.07 2808.04 18.95
578.3 14977.46 2875.73 19.20
579.7 15131.24 2949.45 19.49
581.1 15254.19 3011.61 19.74
582.6 15387.18 3086.34 20.06
584.0 15508.86 3162.19 20.39
585.4 15681.05 3255.29 20.76
586.8 15909.04 3363.54 21.14
588.3 16162.38 3484.73 21.56
589.7 16371.81 3597.05 21.97
591.1 16519.39 3691.08 22.34
592.5 16589.78 3771.14 22.73
594.0 16627.80 3837.94 23.08
595.4 16637.76 3898.71 23.43
596.8 16651.64 3969.11 23.84
598.2 16659.51 4037.70 24.24
599.6 16659.36 4100.26 24.61
601.0 16705.59 4181.52 25.03
602.4 16752.94 4262.05 25.44
603.9 16822.23 4355.03 25.89
605.3 16905.11 4438.68 26.26
606.7 16973.10 4529.52 26.69
608.1 17114.04 4627.30 27.04
609.5 17255.15 4737.46 27.46
610.9 17434.91 4849.64 27.82
612.3 17598.49 4960.74 28.19
613.7 17818.60 5091.87 28.58
615.1 17967.42 5196.96 28.92
616.5 18122.06 5306.13 29.28
617.9 18356.64 5439.53 29.63
619.3 18578.68 5569.99 29.98
620.7 18848.67 5718.39 30.34
622.1 19119.58 5873.28 30.72
623.5 19414.06 6038.11 31.10
624.9 19741.18 6225.45 31.54
626.3 19952.52 6390.05 32.03
627.7 19741.37 6439.70 32.62
629.1 19544.02 6483.75 33.18
630.5 19457.12 6555.22 33.69
631.9 19461.81 6650.24 34.17
633.3 19457.49 6725.45 34.56
634.7 19533.17 6823.43 34.93
636.1 19566.68 6894.11 35.23
637.5 19597.55 6909.71 35.26
638.9 19677.50 6838.15 34.75
640.2 19731.43 6732.36 34.12
641.6 19754.28 6573.53 33.28
643.0 19715.36 6408.35 32.50
644.4 19707.26 6271.07 31.82
645.8 19650.11 6114.39 31.12
647.2 19716.78 6024.82 30.56
648.5 19765.84 5969.70 30.20
649.9 19671.60 5909.59 30.04
651.3 19608.23 5891.52 30.05
652.7 19503.68 5908.86 30.30
654.1 19390.95 5873.50 30.29
655.5 19238.75 5826.67 30.29
656.8 19118.09 5765.50 30.16
658.2 19225.93 5766.24 29.99
659.6 19449.31 5797.10 29.81
660.9 19643.18 5784.51 29.45
662.3 19825.21 5778.29 29.15
663.7 20008.80 5751.48 28.74
665.0 20165.89 5721.04 28.37
666.4 20328.89 5706.83 28.07
667.8 20535.62 5703.04 27.77
669.1 20711.76 5712.09 27.58
670.5 20914.18 5745.96 27.47
671.9 21055.86 5787.07 27.48
673.2 21237.33 5850.34 27.55
674.6 21400.77 5952.92 27.82
676.0 21596.49 6093.15 28.21
677.3 21793.24 6255.67 28.70
678.7 21992.69 6473.60 29.44
680.0 22269.19 6759.13 30.35
681.4 22542.00 7141.24 31.68
682.8 22829.63 7591.22 33.25
684.1 23112.18 8140.39 35.22
685.5 23364.31 8771.05 37.54
686.8 23617.23 9461.16 40.06
688.2 23841.32 10193.18 42.75
689.5 23927.84 10904.65 45.57
690.9 23997.39 11606.00 48.36
692.2 24047.78 12272.64 51.03
693.6 24110.83 12911.28 53.55
694.9 24095.99 13459.86 55.86
696.2 24121.97 13993.20 58.01
697.6 24149.95 14480.57 59.96
698.9 24174.48 14919.17 61.71
700.3 24215.57 15326.87 63.29
701.6 24264.40 15714.50 64.76
703.0 24323.35 16061.64 66.03
704.3 24329.34 16341.85 67.17
705.6 24327.41 16594.92 68.21
707.0 24334.75 16815.97 69.10
708.3 24282.08 16968.72 69.88
709.6 24223.21 17094.89 70.57
711.0 24124.28 17183.94 71.23
712.3 24015.02 17253.65 71.85
713.6 23977.17 17348.35 72.35
714.9 23907.38 17437.28 72.94
716.3 23880.58 17533.04 73.42
717.6 23876.83 17656.66 73.95
718.9 23805.06 17721.17 74.44
720.2 23675.16 17720.47 74.85
721.6 23576.15 17712.76 75.13
722.9 23446.45 17688.63 75.44
724.2 23274.82 17624.09 75.72
725.5 23133.68 17572.81 75.96
726.8 23009.81 17534.31 76.20
728.1 22933.91 17501.16 76.31
729.5 22856.87 17475.91 76.46
730.8 22796.53 17456.49 76.58
732.1 22719.29 17429.64 76.72
733.4 22660.56 17403.22 76.80
734.7 22602.67 17388.35 76.93
736.0 22569.89 17383.26 77.02
737.3 22520.76 17370.15 77.13
738.6 22554.56 17428.98 77.27
739.9 22633.16 17524.94 77.43
741.2 22698.59 17585.57 77.47
742.5 22841.25 17711.15 77.54
743.8 23091.34 17929.07 77.64
745.1 23491.07 18251.67 77.70
746.4 23957.57 18657.73 77.88
747.7 24466.55 19081.09 77.99
749.0 24948.63 19506.18 78.19
750.3 25229.30 19784.69 78.42
751.6 25175.69 19805.27 78.67
752.9 24925.64 19657.74 78.87
754.2 24630.59 19440.16 78.93
755.4 24314.44 19204.79 78.99
756.7 24210.69 19132.20 79.02
758.0 24235.24 19154.15 79.03
759.3 24394.18 19286.83 79.06
760.6 24621.52 19468.06 79.07
761.9 24823.09 19662.70 79.21
763.1 24955.30 19778.58 79.26
764.4 25125.21 19928.52 79.32
765.7 25257.38 20053.80 79.40
767.0 25349.99 20150.53 79.49
768.2 25431.84 20227.20 79.53
769.5 25509.93 20310.89 79.62
770.8 25646.87 20436.70 79.68
772.0 25674.66 20494.35 79.82
773.3 25762.96 20578.62 79.88
774.6 25839.71 20673.24 80.01
775.8 25921.43 20747.61 80.04
777.1 25948.26 20820.97 80.24
778.4 25918.05 20819.53 80.33
779.6 25945.86 20851.01 80.36
780.9 25904.00 20848.00 80.48
782.1 25811.51 20797.44 80.57
783.4 25819.04 20834.94 80.70
784.6 25849.06 20848.74 80.66
785.9 26028.56 21013.74 80.73
787.1 26416.14 21358.87 80.86
788.4 26716.91 21700.71 81.22
789.6 26732.54 21770.61 81.44
790.9 26499.75 21618.64 81.58
792.1 26215.36 21407.58 81.66
793.4 25939.41 21211.61 81.77
794.6 25766.06 21078.19 81.81
795.8 25608.38 20992.84 81.98
797.1 25427.85 20872.98 82.09
798.3 25301.10 20787.20 82.16
799.5 25235.55 20747.42 82.22
800.8 25155.70 20715.45 82.35
802.0 25074.70 20665.44 82.42
803.2 24986.56 20603.97 82.46
804.5 24925.76 20575.57 82.55
805.7 24855.66 20544.81 82.66
806.9 24776.64 20510.92 82.78
808.1 24708.89 20462.92 82.82
809.4 24677.19 20449.61 82.87
810.6 24617.78 20398.56 82.86
811.8 24606.91 20384.21 82.84
813.0 24601.75 20422.28 83.01
814.2 24620.30 20409.38 82.90
815.4 24684.78 20464.87 82.90
816.6 24715.54 20490.64 82.91
817.9 24752.29 20526.87 82.93
819.1 24717.85 20493.62 82.91
820.3 24615.89 20428.88 82.99
821.5 24558.22 20366.78 82.93
822.7 24525.20 20317.19 82.84
823.9 24512.51 20287.48 82.76
825.1 24512.73 20258.82 82.65
826.3 24527.23 20223.21 82.45
827.5 24554.23 20201.81 82.27
828.7 24585.24 20191.68 82.13
829.9 24620.63 20188.50 82.00
831.0 24677.45 20192.27 81.82
832.2 24735.00 20216.97 81.73
833.4 24800.15 20206.74 81.48
834.6 24827.34 20218.13 81.43
835.8 24886.58 20240.01 81.33
837.0 24941.18 20269.50 81.27
838.1 25036.55 20297.09 81.07
839.3 25073.20 20337.12 81.11
840.5 25138.07 20368.79 81.03
841.7 25214.76 20415.56 80.97
842.9 25311.78 20484.78 80.93
844.0 25352.29 20533.40 80.99
845.2 25454.19 20594.68 80.91
846.4 25527.43 20645.44 80.88
847.5 25656.16 20744.72 80.86
848.7 25745.00 20820.70 80.87
849.9 25879.71 20898.50 80.75
851.0 25913.04 20951.68 80.85
852.2 25966.07 20977.82 80.79
853.3 25941.98 20986.53 80.90
854.5 25934.86 20956.25 80.80
855.6 25916.94 20965.10 80.89
856.8 25944.85 20972.24 80.83
857.9 25943.54 20978.06 80.86
859.1 25996.60 21032.88 80.91
860.2 26027.46 21012.88 80.73
861.4 26023.97 21017.84 80.76
862.5 26059.24 21025.62 80.68
863.7 26115.12 21044.17 80.58
864.8 26101.25 21032.62 80.58
865.9 26082.46 21014.41 80.57
867.1 26099.25 21010.87 80.50
868.2 26099.69 21021.58 80.54
869.3 26128.19 21006.97 80.40
870.5 26099.47 20985.44 80.41
871.6 26087.08 20971.27 80.39
872.7 26136.21 20997.38 80.34
873.9 26148.82 21014.77 80.37
875.0 26142.73 20944.54 80.12
876.1 26142.29 20944.64 80.12
877.2 26184.05 20925.31 79.92
878.3 26169.01 20909.72 79.90
879.4 26191.11 20917.17 79.86
880.5 26214.48 20895.41 79.71
881.7 26220.35 20878.26 79.63
882.8 26271.44 20875.87 79.46
883.9 26272.50 20888.39 79.51
885.0 26275.91 20868.12 79.42
886.1 26278.81 20826.20 79.25
887.2 26194.66 20783.31 79.34
888.3 26154.69 20686.35 79.09
889.4 26083.75 20586.28 78.92
890.5 26060.47 20527.80 78.77
891.6 26043.45 20509.95 78.75
892.7 26025.13 20465.45 78.64
893.8 26046.70 20452.15 78.52
894.9 26070.72 20443.90 78.42
896.0 26059.51 20418.10 78.35
897.0 26054.12 20389.05 78.26
898.1 26079.30 20369.35 78.11
899.2 26095.96 20320.10 77.87
900.3 26052.56 20278.64 77.84
901.4 26029.33 20242.73 77.77
902.4 26018.83 20224.13 77.73
903.5 26017.27 20186.32 77.59
904.6 26012.16 20133.77 77.40
905.7 26050.43 20111.12 77.20
906.7 26024.14 20079.34 77.16
907.8 26076.86 20086.69 77.03
908.9 26057.48 20002.50 76.76
909.9 26017.06 19946.74 76.67
911.0 26009.49 19901.38 76.52
912.1 25979.15 19819.49 76.29
913.1 25944.88 19760.00 76.16
914.2 25856.17 19684.25 76.13
915.2 25844.13 19636.34 75.98
916.3 25883.78 19561.32 75.57
917.3 25847.25 19534.19 75.58
918.4 25819.06 19454.60 75.35
919.4 25792.96 19400.57 75.22
920.5 25804.34 19275.78 74.70
921.5 25824.68 19220.40 74.43
922.6 25820.42 19131.23 74.09
923.6 25802.74 19071.36 73.91
924.7 25837.63 19031.80 73.66
925.7 25830.51 18909.43 73.21
926.7 25889.20 18885.95 72.95
927.8 25949.67 18773.76 72.35
928.8 26061.51 18767.87 72.01
929.9 26114.55 18707.51 71.64
930.9 26214.58 18692.73 71.31
931.9 26363.30 18710.33 70.97
932.9 26568.63 18746.94 70.56
934.0 26604.58 18640.20 70.06
935.0 26610.78 18550.37 69.71
936.0 26639.41 18416.61 69.13
937.0 26632.91 18299.27 68.71
938.1 26589.57 18185.07 68.39
939.1 26594.73 18079.13 67.98
940.1 26647.30 18020.62 67.63
941.1 26757.94 18030.54 67.38
942.1 26950.86 18016.40 66.85
943.1 27064.46 17958.42 66.35
944.1 27200.04 17923.36 65.89
945.2 27250.86 17853.02 65.51
946.2 27341.46 17751.83 64.93
947.2 27385.31 17671.05 64.53
948.2 27528.14 17600.60 63.94
949.2 27562.84 17492.15 63.46
950.2 27601.23 17399.52 63.04
951.2 27696.06 17301.65 62.47
952.2 27776.58 17206.37 61.95
953.2 27874.44 17100.27 61.35
954.2 27994.28 17022.69 60.81
955.2 28013.52 16886.46 60.28
956.2 27975.49 16819.73 60.12
957.2 28074.45 16776.02 59.76
958.2 28163.05 16692.36 59.27
959.2 28188.45 16643.34 59.04
960.1 28244.69 16665.98 59.01
961.1 28322.00 16599.79 58.61
962.1 28304.06 16579.88 58.58
963.1 28357.97 16600.68 58.54
964.1 28464.51 16563.21 58.19
965.1 28543.56 16596.70 58.15
966.1 28584.14 16556.38 57.92
967.0 28655.80 16572.42 57.83
968.0 28697.14 16588.43 57.81
969.0 28718.80 16606.40 57.82
970.0 28760.47 16598.52 57.71
971.0 28834.42 16560.14 57.43
971.9 28848.78 16683.40 57.83
972.9 28890.31 16719.50 57.87
973.9 28948.56 16688.75 57.65
974.9 29046.70 16665.83 57.38
975.8 29063.68 16734.32 57.58
976.8 29052.58 16774.60 57.74
977.8 29165.54 16858.99 57.80
978.8 29197.88 16956.90 58.08
979.7 29189.32 16912.20 57.94
980.7 29306.81 17019.42 58.07
981.7 29477.75 17164.92 58.23
982.6 29574.16 17264.40 58.38
983.6 29987.80 17451.35 58.19
984.6 30188.75 17678.53 58.56
985.5 30563.82 17987.62 58.85
986.5 30946.12 18591.38 60.08
987.5 31666.80 18880.93 59.62
988.4 32276.75 19334.04 59.90
989.4 33081.94 20123.81 60.83
990.4 33865.04 20085.47 59.31
991.3 34680.98 21132.39 60.93
992.3 35996.38 22223.85 61.74
993.2 37249.57 22978.05 61.69
994.2 37192.84 23175.95 62.31
995.2 38468.72 22605.62 58.76
996.1 38815.33 23228.07 59.84
997.1 39248.66 24363.48 62.07
998.0 39056.40 24256.08 62.11
999.0 38843.24 23558.88 60.65
1000.0 39939.10 24000.96 60.09
1000.9 41119.71 23766.80 57.80
1001.9 38921.76 24326.10 62.50
1002.8 38260.04 24754.04 64.70
1003.8 38840.71 23566.28 60.67
1004.8 39018.78 24643.44 63.16
961.5 34611.80 18949.48 54.75
965.5 33947.81 18850.42 55.53
969.5 32673.62 18495.72 56.61
973.4 31329.21 18121.36 57.84
977.4 30182.73 17867.47 59.20
981.4 29653.05 17849.22 60.19
985.3 29580.67 17858.54 60.37
989.3 29694.74 17974.43 60.53
993.3 29811.28 18146.35 60.87
997.2 29873.76 18246.42 61.08
1001.2 29847.48 18389.41 61.61
1005.2 29766.32 18587.45 62.44
1009.1 29802.16 18849.28 63.25
1013.1 29912.80 19156.69 64.04
1017.1 29980.27 19476.19 64.96
1021.0 29997.45 19742.25 65.81
1025.0 29986.05 19994.36 66.68
1029.0 29874.56 20197.95 67.61
1032.9 29757.39 20387.25 68.51
1036.9 29719.10 20636.37 69.44
1040.9 29786.91 20929.55 70.26
1044.8 29914.06 21244.48 71.02
1048.8 30017.23 21519.47 71.69
1052.7 30081.05 21751.73 72.31
1056.7 30106.96 21917.52 72.80
1060.7 30124.55 22042.93 73.17
1064.6 30126.20 22139.38 73.49
1068.6 30068.46 22154.27 73.68
1072.5 30024.99 22130.28 73.71
1076.5 29992.38 22096.18 73.67
1080.4 29983.51 22036.64 73.50
1084.4 30049.89 21992.82 73.19
1088.3 30134.74 21926.88 72.76
1092.3 30115.74 21774.65 72.30
1096.2 30104.84 21591.43 71.72
1100.2 30142.18 21421.39 71.07
1104.1 30082.71 21186.45 70.43
1108.1 30052.27 20965.85 69.76
1112.0 29977.43 20713.86 69.10
1116.0 29868.35 20388.03 68.26
1119.9 29779.89 20030.20 67.26
1123.9 29822.35 19702.54 66.07
1127.8 29798.40 19184.64 64.38
1131.8 29786.58 18535.65 62.23
1135.7 29821.64 17796.54 59.68
1139.6 29831.38 16983.68 56.93
1143.6 29819.95 16198.63 54.32
1147.5 29803.64 15523.82 52.09
1151.4 29713.98 14970.17 50.38
1155.4 29731.43 14614.25 49.15
1159.3 29760.66 14376.74 48.31
1163.2 29674.15 14157.53 47.71
1167.2 29672.28 14046.72 47.34
1171.1 29681.80 13974.92 47.08
1175.0 29651.52 13905.56 46.90
1179.0 29638.87 13831.94 46.67
1182.9 29697.98 13792.20 46.44
1186.8 29706.14 13741.36 46.26
1190.7 29571.10 13628.12 46.09
1194.7 29411.94 13522.05 45.97
1198.6 29289.65 13444.20 45.90
1202.5 29196.66 13408.43 45.92
1206.4 29112.98 13391.01 46.00
1210.3 29056.59 13402.34 46.12
1214.2 29008.58 13438.32 46.33
1218.2 28915.95 13466.66 46.57
1222.1 28833.10 13509.38 46.85
1226.0 28785.60 13565.33 47.13
1229.9 28734.48 13619.94 47.40
1233.8 28673.70 13657.42 47.63
1237.7 28644.25 13704.93 47.85
1241.6 28596.57 13744.89 48.06
1245.5 28494.07 13751.59 48.26
1249.4 28422.55 13765.02 48.43
1253.3 28356.92 13782.10 48.60
1257.2 28323.43 13793.84 48.70
1261.1 28264.79 13778.10 48.75
1265.0 28184.91 13746.27 48.77
1268.9 28067.43 13676.52 48.73
1272.8 28106.70 13671.45 48.64
1276.7 28238.01 13692.11 48.49
1280.6 28297.17 13666.07 48.29
1284.5 28250.81 13564.20 48.01
1288.4 28234.52 13456.53 47.66
1292.3 28165.50 13312.75 47.27
1296.2 28076.33 13127.62 46.76
1300.1 27971.71 12910.64 46.16
1303.9 27830.79 12657.33 45.48
1307.8 27679.51 12385.62 44.75
1311.7 27513.83 12089.61 43.94
1315.6 27356.90 11769.14 43.02
1319.5 27190.78 11434.69 42.05
1323.3 27036.43 11098.71 41.05
1327.2 26898.46 10766.38 40.03
1331.1 26745.75 10433.86 39.01
1335.0 26551.82 10086.79 37.99
1338.8 26417.20 9783.33 37.03
1342.7 26306.22 9503.27 36.13
1346.5 26068.84 9183.90 35.23
1350.4 25867.11 8887.27 34.36
1354.3 25587.95 8574.35 33.51
1358.1 25293.52 8274.60 32.71
1362.0 25095.25 8036.39 32.02
1365.8 25024.00 7828.38 31.28
1369.7 25106.98 7639.61 30.43
1373.5 25078.13 7363.29 29.36
1377.4 24917.97 6970.38 27.97
1381.2 24782.40 6524.54 26.33
1385.1 24754.66 6094.61 24.62
1389.0 24692.16 5648.58 22.88
1392.8 24567.88 5185.88 21.11
1396.6 24460.52 4775.23 19.52
1400.5 24320.99 4404.84 18.11
1404.3 24225.89 4105.54 16.95
1408.2 24204.64 3870.69 15.99
1412.0 24174.50 3679.57 15.22
1415.8 24201.79 3547.08 14.66
1419.6 24176.54 3429.78 14.19
1423.5 24162.30 3341.75 13.83
1427.3 24156.22 3275.54 13.56
1431.1 24149.78 3238.73 13.41
1434.9 24082.82 3209.50 13.33
1438.8 24045.91 3180.81 13.23
1442.6 24021.66 3159.65 13.15
1446.4 23948.95 3132.50 13.08
1450.2 23899.20 3125.28 13.08
1454.0 23823.72 3114.48 13.07
1457.8 23805.13 3120.83 13.11
1461.6 23794.65 3133.15 13.17
1465.4 23719.51 3142.26 13.25
1469.2 23598.58 3150.88 13.35
1473.0 23505.47 3180.97 13.53
1476.8 23479.35 3234.76 13.78
1480.7 23444.07 3286.32 14.02
1484.4 23358.60 3344.76 14.32
1488.2 23294.76 3417.72 14.67
1492.0 23212.99 3486.04 15.02
1495.8 23134.48 3560.38 15.39
1499.6 23068.04 3616.77 15.68
1503.4 22989.82 3626.48 15.77
1507.2 22924.40 3637.69 15.87
1510.9 22832.54 3687.88 16.15
1514.7 22729.47 3752.20 16.51
1518.5 22650.58 3797.87 16.77
1522.3 22564.73 3811.72 16.89
1526.0 22502.83 3840.55 17.07
1529.8 22457.39 3898.59 17.36
1533.6 22379.96 3945.89 17.63
1537.3 22300.49 3995.26 17.92
1541.1 22218.14 4049.06 18.22
1544.8 22130.40 4113.60 18.59
1548.6 22049.49 4185.36 18.98
1552.4 21992.28 4246.67 19.31
1556.1 21940.64 4292.21 19.56
1559.9 21881.16 4313.99 19.72
1563.6 21806.79 4350.37 19.95
1567.3 21732.27 4411.94 20.30
1571.1 21585.13 4451.23 20.62
1574.8 21494.94 4497.11 20.92
1578.6 21441.85 4549.14 21.22
1582.3 21360.05 4572.55 21.41
1586.0 21278.88 4578.76 21.52
1589.8 21182.42 4605.08 21.74
1593.5 21087.16 4631.06 21.96
1597.2 21011.15 4653.14 22.15
1600.9 20910.91 4671.43 22.34
1604.7 20817.19 4688.25 22.52
1608.4 20751.75 4715.76 22.72
1612.1 20653.79 4733.91 22.92
1615.8 20554.46 4749.44 23.11
1619.5 20509.10 4776.62 23.29
1623.2 20415.20 4794.20 23.48
1626.9 20293.94 4797.98 23.64
1630.6 20187.64 4803.70 23.80
1634.3 20108.09 4814.24 23.94
1638.0 20016.12 4809.95 24.03
1641.7 19907.78 4806.40 24.14
1645.4 19793.59 4809.55 24.30
1649.1 19676.58 4802.48 24.41
1652.8 19573.89 4792.83 24.49
1656.4 19468.81 4776.30 24.53
1660.1 19373.12 4761.79 24.58
1663.8 19253.37 4736.25 24.60
1667.5 19154.03 4711.77 24.60
1671.1 19073.44 4688.35 24.58
1674.8 18955.63 4647.34 24.52
1678.5 18920.35 4631.93 24.48
1682.1 18926.99 4611.77 24.37
1685.8 18934.59 4590.70 24.25
1689.5 18875.64 4555.86 24.14
1693.1 18777.51 4507.74 24.01
1696.8 18693.63 4462.63 23.87
1700.4 18605.80 4411.46 23.71
1704.0 18533.22 4358.22 23.52
1707.7 18380.44 4284.07 23.31
1711.3 18186.09 4201.75 23.10
1715.0 18064.01 4136.43 22.90
1718.6 17962.81 4068.41 22.65
1722.2 17869.77 4009.32 22.44
1725.9 17778.98 3947.67 22.20
1729.5 17683.82 3892.08 22.01
1733.1 17615.86 3862.39 21.93
1736.7 17543.89 3843.20 21.91
1740.3 17426.02 3803.26 21.83
1744.0 17375.79 3761.72 21.65
1747.5 17289.32 3703.66 21.42
1751.2 17148.24 3643.23 21.25
1754.8 17043.21 3594.20 21.09
1758.4 16959.78 3545.01 20.90
1762.0 16844.84 3495.11 20.75
1765.5 16763.61 3454.49 20.61
1769.1 16735.20 3429.60 20.49
1772.7 16687.95 3411.19 20.44
1776.3 16608.65 3378.73 20.34
1779.9 16528.93 3342.08 20.22
1783.5 16504.40 3328.16 20.17
1787.0 16420.93 3296.18 20.07
1790.6 16313.97 3259.28 19.98
1794.2 16250.54 3240.99 19.94
1797.8 16183.76 3228.03 19.95
1801.3 16118.56 3219.04 19.97
1804.9 16020.38 3197.25 19.96
1808.4 15971.30 3186.79 19.95
1812.0 15882.75 3162.98 19.91
1815.5 15784.84 3141.40 19.90
1819.1 15650.89 3123.36 19.96
1822.6 15532.45 3102.45 19.97
1826.2 15446.30 3068.12 19.86
1829.7 15337.22 3029.02 19.75
1833.2 15178.78 2997.48 19.75
1836.8 15030.02 2955.68 19.67
1840.3 14950.04 2930.22 19.60
1843.8 14886.20 2901.78 19.49
1847.3 14837.06 2864.71 19.31
1850.8 14793.41 2830.46 19.13
1854.3 14722.56 2758.21 18.73
1857.8 14658.80 2698.80 18.41
1861.3 14629.20 2638.25 18.03
1864.8 14572.84 2503.56 17.18
1868.3 14425.58 2357.75 16.34
1871.8 14284.80 2242.56 15.70
1875.3 14255.61 2103.92 14.76
1878.8 14246.03 1964.44 13.79
1882.3 14193.40 1864.25 13.13
1885.8 14118.50 1734.70 12.29
1889.3 13979.52 1609.81 11.52
1892.7 13865.36 1522.89 10.98
1896.2 13804.86 1485.64 10.76
1899.7 13707.11 1463.55 10.68
1903.1 13634.54 1422.96 10.44
1906.6 13688.09 1492.37 10.90
1910.0 13884.77 1626.14 11.71
1913.5 14226.75 1753.98 12.33
1917.0 14474.60 2141.65 14.80
1920.4 14745.78 2449.93 16.61
1923.8 15062.87 2654.97 17.63
1871.2 12888.95 1591.09 12.34
1873.9 13047.08 1546.32 11.85
1876.7 13250.10 1517.72 11.45
1879.5 13307.88 1428.21 10.73
1882.3 13009.24 1308.14 10.06
1885.1 13033.44 1163.70 8.93
1887.8 13145.19 1047.33 7.97
1890.6 12997.04 1021.36 7.86
1893.4 12958.00 975.33 7.53
1896.2 12845.61 942.10 7.33
1898.9 12795.28 924.96 7.23
1901.7 12697.20 864.12 6.81
1904.5 12812.38 825.24 6.44
1907.2 12777.50 831.25 6.51
1910.0 12693.31 825.76 6.51
1912.7 12674.55 800.67 6.32
1915.5 12622.22 820.41 6.50
1918.2 12592.16 801.55 6.37
1921.0 12470.84 790.82 6.34
1923.7 12502.92 823.75 6.59
1926.5 12525.14 797.88 6.37
1929.2 12499.59 795.25 6.36
1932.0 12466.20 802.64 6.44
1934.7 12450.39 784.79 6.30
1937.4 12388.06 778.52 6.28
1940.2 12333.29 771.41 6.25
1942.9 12377.93 782.57 6.32
1945.6 12406.16 794.26 6.40
1948.3 12364.25 818.27 6.62
1951.1 12353.04 812.70 6.58
1953.8 12345.00 792.00 6.42
1956.5 12249.55 808.65 6.60
1959.2 12291.89 810.29 6.59
1961.9 12307.40 819.50 6.66
1964.6 12224.28 850.85 6.96
1967.3 12284.97 848.47 6.91
1970.0 12156.72 837.68 6.89
1972.8 12093.19 867.79 7.18
1975.5 12180.79 886.78 7.28
1978.2 12109.24 873.08 7.21
1980.9 12027.29 886.16 7.37
1983.5 11996.88 881.23 7.35
1986.2 11983.38 870.09 7.26
1988.9 11983.38 905.01 7.55
1991.6 11899.51 912.45 7.67
1994.3 11798.84 904.05 7.66
1997.0 11807.25 925.55 7.84
1999.7 11770.96 921.81 7.83
2002.3 11768.44 929.16 7.90
2005.0 11742.55 952.18 8.11
2007.7 11687.40 951.73 8.14
2010.4 11651.26 939.30 8.06
2013.0 11630.36 955.92 8.22
2015.7 11528.64 983.22 8.53
2018.4 11457.30 964.47 8.42
2021.0 11452.33 960.50 8.39
2023.7 11380.16 961.07 8.45
2026.4 11323.00 954.85 8.43
2029.0 11263.54 984.08 8.74
2031.7 11193.43 991.47 8.86
2034.3 11193.43 977.38 8.73
2037.0 11130.51 990.88 8.90
2039.6 11076.09 990.29 8.94
2042.3 11047.98 974.49 8.82
2044.9 11026.46 998.58 9.06
2047.5 11001.21 1018.22 9.26
2050.2 10900.40 1005.20 9.22
2052.8 10894.80 1010.80 9.28
2055.4 10822.84 1014.20 9.37
2058.1 10738.00 1005.20 9.36
2060.7 10718.83 1000.61 9.34
2063.3 10653.43 1000.41 9.39
2065.9 10619.50 1002.21 9.44
2068.6 10577.63 1002.21 9.47
2071.2 10537.83 1007.19 9.56
2073.8 10490.95 1013.00 9.66
2076.4 10463.25 1027.24 9.82
2079.0 10439.15 1031.27 9.88
2081.6 10423.40 1015.61 9.74
2084.2 10414.77 1027.09 9.86
2086.8 10346.04 1035.17 10.01
2089.4 10282.92 1035.38 10.07
2092.1 10234.00 1042.67 10.19
2094.7 10195.43 1022.65 10.03
2097.2 10197.17 1037.00 10.17
2099.8 10202.45 1067.50 10.46
2102.4 10082.46 1046.35 10.38
2105.0 9986.40 1034.55 10.36
2107.6 9963.47 1045.34 10.49
2110.2 9945.83 1062.78 10.69
2112.8 9950.08 1059.43 10.65
2115.3 9950.34 1053.63 10.59
2117.9 9955.62 1059.11 10.64
2120.5 9928.49 1075.64 10.83
2123.1 9866.03 1082.25 10.97
2125.6 9842.13 1065.91 10.83
2128.2 9772.14 1065.31 10.90
2130.8 9719.78 1079.33 11.10
2133.3 9694.67 1073.60 11.07
2135.9 9628.08 1079.59 11.21
2138.4 9561.93 1087.32 11.37
2141.0 9493.76 1060.74 11.17
2143.6 9481.01 1061.26 11.19
2146.1 9385.04 1078.37 11.49
2148.7 9294.55 1086.57 11.69
2151.2 9319.20 1082.40 11.61
2153.8 9286.22 1086.09 11.70
2156.3 9196.68 1083.87 11.79
2158.8 9176.01 1063.20 11.59
2161.4 9166.37 1061.40 11.58
2163.9 9107.40 1055.50 11.59
2166.4 9056.27 1061.44 11.72
2169.0 9041.49 1079.18 11.94
2171.5 8982.35 1076.23 11.98
2174.0 8919.05 1062.08 11.91
2176.5 8910.20 1064.44 11.95
2179.1 8872.37 1054.08 11.88
2181.6 8820.83 1058.50 12.00
2184.1 8802.64 1090.32 12.39
2186.6 8815.58 1067.03 12.10
2189.1 8766.51 1062.51 12.12
2191.6 8725.27 1071.47 12.28
2194.1 8759.24 1043.00 11.91
2196.6 8743.02 1042.78 11.93
2199.2 8762.69 1074.41 12.26
2201.7 8728.52 1081.66 12.39
2204.1 8693.38 1055.52 12.14
2206.6 8724.47 1074.24 12.31
2209.1 8690.36 1086.30 12.50
2211.6 8648.75 1069.67 12.37
2214.1 8641.19 1068.27 12.36
2216.6 8629.81 1078.73 12.50
2219.1 8603.23 1071.13 12.45
2221.6 8565.00 1092.51 12.76
2224.0 8580.12 1066.80 12.43
2226.5 8553.64 1012.13 11.83
2229.0 8526.93 1062.06 12.46
2231.5 8456.64 1049.42 12.41
2233.9 8447.09 1015.96 12.03
2236.4 8434.10 1030.62 12.22
2238.9 8377.75 1007.50 12.03
2241.3 8418.52 963.89 11.45
2243.8 8391.31 983.33 11.72
2246.2 8272.81 980.80 11.86
2248.7 8260.98 929.46 11.25
2251.2 8270.85 926.24 11.20
2253.6 8217.60 933.12 11.36
2256.1 8198.40 925.44 11.29
2258.5 8205.80 906.63 11.05
2260.9 8176.22 901.23 11.02
2263.4 8125.75 890.49 10.96
2265.8 8124.16 869.35 10.70
2268.3 8073.80 862.03 10.68
2270.7 8110.40 829.08 10.22
2273.1 8107.19 836.03 10.31
2275.6 8037.12 856.32 10.65
2278.0 8047.94 834.00 10.36
2280.4 8050.71 835.09 10.37
2282.8 7936.92 813.05 10.24
2285.3 7936.09 777.67 9.80
2287.7 8013.06 788.81 9.84
2290.1 7946.20 786.71 9.90
2292.5 7908.89 793.67 10.04
2294.9 7966.56 782.43 9.82
2297.3 7878.36 759.36 9.64
2299.7 7782.17 742.29 9.54
2302.1 7817.38 703.17 8.99
2304.5 7722.40 705.60 9.14
2306.9 7647.92 674.24 8.82
2309.3 7632.91 685.71 8.98
2311.7 7536.00 686.88 9.11
2314.1 7439.51 677.39 9.11
2316.5 7426.90 713.14 9.60
2318.9 7433.98 681.91 9.17
2321.3 7420.20 665.56 8.97
2323.7 7439.58 694.84 9.34
2326.1 7403.11 673.01 9.09
2328.4 7412.50 659.07 8.89
2330.8 7505.15 695.30 9.26
2333.2 7417.12 700.12 9.44
2335.6 7356.75 635.21 8.63
2337.9 7411.84 638.52 8.61
2340.3 7376.47 646.54 8.76
2342.7 7282.70 634.75 8.72
2345.0 7270.29 662.48 9.11
2347.4 7284.50 624.75 8.58
2349.7 7133.68 610.85 8.56
2352.1 7080.04 634.67 8.96
2354.4 7143.83 636.15 8.90
2356.8 7126.82 617.28 8.66
2359.2 7067.67 619.67 8.77
2361.5 7038.06 632.68 8.99
2363.8 7031.06 588.48 8.37
2366.2 7039.27 578.15 8.21
2368.5 7035.45 587.40 8.35
2370.9 7023.13 554.69 7.90
2373.2 6987.82 566.58 8.11
2375.5 6900.63 574.68 8.33
2377.9 6892.20 578.91 8.40
2380.2 6890.83 568.13 8.24
2382.5 6864.93 556.00 8.10
2384.8 6830.08 542.88 7.95
2387.2 6784.02 539.16 7.95
2389.5 6780.31 557.16 8.22
2391.8 6787.76 541.88 7.98
2394.1 6727.26 551.81 8.20
2396.4 6676.90 551.57 8.26
2398.7 6732.64 565.11 8.39
2401.0 6690.59 543.95 8.13
2403.3 6603.48 517.92 7.84
2405.6 6572.81 484.84 7.38
2407.9 6583.14 490.98 7.46
2410.2 6542.40 511.36 7.82
2412.5 6479.13 528.49 8.16
2414.8 6475.24 539.18 8.33
2417.1 6452.08 474.87 7.36
2419.4 6434.35 484.53 7.53
2421.7 6386.85 488.87 7.65
2424.0 6345.28 443.80 6.99
2426.2 6355.80 449.40 7.07
2428.5 6327.75 502.98 7.95
2430.8 6349.25 452.35 7.12
2433.1 6300.57 398.28 6.32
2435.4 6204.86 481.17 7.75
2437.6 6227.24 481.17 7.73
2439.9 6165.27 437.97 7.10
2442.2 6149.09 426.63 6.94
2444.4 6162.60 447.98 7.27
2446.7 6079.44 443.84 7.30
2448.9 6081.55 426.36 7.01
2451.2 6103.04 452.96 7.42
2453.4 6038.72 409.81 6.79
2455.7 6026.93 419.64 6.96
2457.9 5958.48 427.35 7.17
2460.2 5949.23 369.90 6.22
2462.4 5977.92 368.16 6.16
2464.7 5891.98 391.12 6.64
2466.9 5829.36 385.20 6.61
2469.2 5872.39 401.86 6.84
2471.4 5796.90 374.21 6.46
2473.6 5737.62 368.23 6.42
2475.9 5730.24 386.08 6.74
2478.1 5663.45 314.26 5.55
2480.3 5645.91 341.12 6.04
2482.5 5682.93 393.16 6.92
2484.8 5614.17 385.93 6.87
2487.0 5547.59 348.11 6.28
2489.2 5555.75 376.92 6.78
2491.4 5471.72 368.88 6.74
2493.6 5479.00 329.21 6.01
2495.8 5550.75 372.16 6.70
2498.0 5512.53 413.44 7.50
2500.2 5509.95 370.70 6.73
2502.4 5736.48 399.60 6.97
2504.6 5803.02 403.77 6.96
2506.8 5806.03 321.48 5.54
