/*** Spectra Vista SIG Data ***/
name= \My Documents\HR1024_Data\RD6T5.
instrument= HR: 1091052
integration= 400, 60, 30, 1000, 60, 30
scan time= 1, 1
scan settings= AD, AI, AD, AI
external data set1= 8224, 8224, 8224, 8224, 8224, 8224, 8224, 8224, 8224, 8224, 8224, 8224, 8224, 8224, 8224, 8224
external data set2= 8224, 8224, 8224, 8224, 8224, 8224, 8224, 8224, 8224, 8224, 8224, 8224, 8224, 8224, 8224, 8224
external data dark= 0,0,0,0,0,0,0,0
external data mask= 0
optic= LENS4 , LENS4 
temp= 32.98, 8.94, -5.37, 38.95, 8.81, -5.30
battery= 7.1, 6.9
error= 0, 0
units= Radiance, Radiance
time= 4/7/08 10:35:00 AM, 4/7/08 10:50:09 AM
longitude= , 
latitude= , 
gpstime= , 
comm= 
memory slot= 0, 0
factors= 
data= 
346.4 350.35 50.96 14.55
347.9 381.21 53.97 14.16
349.5 410.28 53.04 12.93
351.1 433.68 49.30 11.37
352.6 475.96 56.29 11.83
354.2 499.06 55.63 11.15
355.7 540.48 58.59 10.84
357.3 582.54 65.19 11.19
358.8 588.91 63.61 10.80
360.4 636.67 62.61 9.83
361.9 668.64 67.56 10.10
363.5 692.50 67.87 9.80
365.1 712.57 69.35 9.73
366.6 747.47 70.43 9.42
368.2 792.37 69.84 8.81
369.7 840.74 71.83 8.54
371.3 898.85 73.09 8.13
372.8 941.22 76.36 8.11
374.4 986.23 75.43 7.65
375.9 1017.83 77.45 7.61
377.4 1052.18 81.31 7.73
379.0 1086.82 80.84 7.44
380.5 1123.29 77.55 6.90
382.1 1153.93 75.06 6.50
383.6 1194.95 75.98 6.36
385.2 1251.25 83.60 6.68
386.7 1299.60 84.47 6.50
388.3 1372.34 86.96 6.34
389.8 1424.66 87.84 6.17
391.3 1483.01 93.58 6.31
392.9 1530.61 92.75 6.06
394.4 1562.39 99.71 6.38
395.9 1621.81 106.76 6.58
397.5 1711.90 111.11 6.49
399.0 1784.48 110.00 6.16
400.6 1838.09 106.41 5.79
402.1 1856.31 98.56 5.31
403.6 1888.03 103.57 5.49
405.1 1944.54 106.48 5.48
406.7 2010.40 108.42 5.39
408.2 2079.37 111.82 5.38
409.7 2148.16 117.82 5.48
411.3 2213.53 117.05 5.29
412.8 2271.65 119.92 5.28
414.3 2341.03 127.76 5.46
415.8 2417.50 132.50 5.48
417.4 2490.79 133.08 5.34
418.9 2548.98 134.60 5.28
420.4 2593.45 137.59 5.31
421.9 2640.22 136.00 5.15
423.5 2679.41 136.36 5.09
425.0 2722.85 138.00 5.07
426.5 2778.88 137.17 4.94
428.0 2849.90 136.70 4.80
429.5 2939.79 143.78 4.89
431.1 3042.79 147.83 4.86
432.6 3149.06 152.26 4.84
434.1 3259.99 159.01 4.88
435.6 3346.58 162.93 4.87
437.1 3441.75 166.92 4.85
438.6 3531.11 168.99 4.79
440.1 3611.12 175.25 4.85
441.6 3703.62 179.82 4.86
443.1 3787.76 184.28 4.87
444.7 3873.68 185.77 4.80
446.2 3941.61 191.98 4.87
447.7 4009.71 195.47 4.87
449.2 4084.56 198.72 4.87
450.7 4145.44 199.26 4.81
452.2 4210.01 198.07 4.70
453.7 4291.20 199.66 4.65
455.2 4393.26 204.63 4.66
456.7 4515.28 209.79 4.65
458.2 4654.47 215.99 4.64
459.7 4795.00 223.30 4.66
461.2 4934.06 232.27 4.71
462.7 5054.96 237.35 4.70
464.2 5177.07 242.29 4.68
465.7 5301.12 250.08 4.72
467.2 5404.44 257.18 4.76
468.7 5508.00 264.00 4.79
470.2 5586.81 275.09 4.92
471.7 5702.38 286.43 5.02
473.2 5885.72 295.72 5.02
474.6 6027.25 288.60 4.79
476.1 6074.86 278.14 4.58
477.6 6093.70 279.14 4.58
479.1 6122.60 283.11 4.62
480.6 6163.05 289.24 4.69
482.1 6243.66 292.93 4.69
483.6 6332.42 298.50 4.71
485.1 6458.38 301.95 4.68
486.6 6604.00 307.75 4.66
488.0 6753.50 315.90 4.68
489.5 6913.82 325.26 4.70
491.0 7075.65 333.79 4.72
492.5 7238.97 341.17 4.71
494.0 7404.10 352.18 4.76
495.4 7549.58 361.68 4.79
496.9 7695.36 367.07 4.77
498.4 7836.28 376.75 4.81
499.9 7979.51 384.72 4.82
501.4 8103.78 388.09 4.79
502.8 8223.51 398.46 4.85
504.3 8333.10 405.72 4.87
505.8 8444.88 414.11 4.90
507.2 8514.20 420.12 4.93
508.7 8565.01 427.09 4.99
510.2 8590.79 430.72 5.01
511.6 8618.22 430.53 5.00
513.1 8670.26 439.08 5.06
514.6 8732.77 440.77 5.05
516.0 8783.27 443.84 5.05
517.5 8880.96 449.45 5.06
519.0 8994.65 457.98 5.09
520.5 9112.66 466.74 5.12
521.9 9263.01 476.66 5.15
523.4 9434.43 487.11 5.16
524.8 9608.27 500.23 5.21
526.3 9802.81 512.45 5.23
527.8 10000.35 527.81 5.28
529.2 10181.33 539.54 5.30
530.7 10383.39 553.48 5.33
532.1 10567.68 566.25 5.36
533.6 10773.42 577.32 5.36
535.0 10980.59 594.25 5.41
536.5 11186.70 609.68 5.45
538.0 11401.56 624.86 5.48
539.4 11601.83 644.28 5.55
540.9 11838.18 660.37 5.58
542.3 12056.36 669.52 5.55
543.8 12205.88 678.69 5.56
545.2 12241.58 680.44 5.56
546.6 12248.30 690.82 5.64
548.1 12260.70 696.76 5.68
549.5 12261.13 703.31 5.74
551.0 12260.01 709.81 5.79
552.4 12274.54 716.61 5.84
553.9 12279.40 722.09 5.88
555.3 12300.80 728.68 5.92
556.8 12360.66 738.61 5.98
558.2 12414.09 744.86 6.00
559.6 12499.51 757.51 6.06
561.1 12612.44 768.63 6.09
562.5 12742.28 784.58 6.16
564.0 12915.37 803.60 6.22
565.4 13070.62 817.07 6.25
566.8 13269.64 836.50 6.30
568.3 13461.39 856.70 6.36
569.7 13659.35 878.60 6.43
571.1 13859.91 900.03 6.49
572.6 14064.03 923.08 6.56
574.0 14250.23 942.48 6.61
575.4 14437.41 966.94 6.70
576.9 14612.77 987.87 6.76
578.3 14771.90 1011.01 6.84
579.7 14927.19 1035.83 6.94
581.1 15049.34 1056.69 7.02
582.6 15179.87 1080.82 7.12
584.0 15306.40 1099.86 7.19
585.4 15471.50 1125.60 7.28
586.8 15703.41 1147.83 7.31
588.3 15959.97 1177.96 7.38
589.7 16164.72 1197.61 7.41
591.1 16308.26 1217.44 7.47
592.5 16380.50 1239.40 7.57
594.0 16416.90 1256.52 7.65
595.4 16426.30 1280.53 7.80
596.8 16438.21 1293.44 7.87
598.2 16446.40 1312.00 7.98
599.6 16446.15 1323.97 8.05
601.0 16488.64 1341.80 8.14
602.4 16524.83 1358.80 8.22
603.9 16595.00 1382.13 8.33
605.3 16677.56 1401.30 8.40
606.7 16748.10 1421.28 8.49
608.1 16880.08 1447.21 8.57
609.5 17023.96 1481.31 8.70
610.9 17200.20 1517.95 8.83
612.3 17363.60 1549.78 8.93
613.7 17583.26 1593.10 9.06
615.1 17730.09 1636.85 9.23
616.5 17885.32 1682.04 9.40
617.9 18120.27 1727.17 9.53
619.3 18343.55 1768.71 9.64
620.7 18613.68 1815.91 9.76
622.1 18877.69 1859.01 9.85
623.5 19168.37 1914.31 9.99
624.9 19495.88 1984.87 10.18
626.3 19705.80 2051.25 10.41
627.7 19502.63 2077.40 10.65
629.1 19316.59 2109.11 10.92
630.5 19234.56 2143.88 11.15
631.9 19243.16 2184.00 11.35
633.3 19227.78 2217.51 11.53
634.7 19307.14 2251.34 11.66
636.1 19335.07 2275.90 11.77
637.5 19378.14 2301.90 11.88
638.9 19457.31 2337.19 12.01
640.2 19514.53 2376.26 12.18
641.6 19531.98 2393.82 12.26
643.0 19504.65 2402.07 12.32
644.4 19507.28 2417.51 12.39
645.8 19449.04 2422.50 12.46
647.2 19526.59 2416.65 12.38
648.5 19579.91 2352.20 12.01
649.9 19492.88 2256.15 11.57
651.3 19428.45 2158.32 11.11
652.7 19344.30 2051.73 10.61
654.1 19217.52 2092.97 10.89
655.5 19076.42 2160.54 11.33
656.8 18936.77 2225.92 11.75
658.2 19052.33 2299.02 12.07
659.6 19274.42 2364.98 12.27
660.9 19463.87 2415.08 12.41
662.3 19650.11 2460.83 12.52
663.7 19826.10 2506.56 12.64
665.0 19986.79 2548.15 12.75
666.4 20146.14 2589.92 12.86
667.8 20346.56 2636.15 12.96
669.1 20529.76 2687.95 13.09
670.5 20738.52 2749.21 13.26
671.9 20872.26 2804.18 13.43
673.2 21059.41 2868.73 13.62
674.6 21230.21 2932.90 13.81
676.0 21420.32 3011.76 14.06
677.3 21614.12 3094.32 14.32
678.7 21817.38 3197.70 14.66
680.0 22089.50 3307.69 14.97
681.4 22373.47 3425.59 15.31
682.8 22657.86 3538.99 15.62
684.1 22942.53 3648.53 15.90
685.5 23200.94 3754.15 16.18
686.8 23448.72 3867.61 16.49
688.2 23672.40 3981.48 16.82
689.5 23749.65 4055.12 17.07
690.9 23825.77 4136.14 17.36
692.2 23869.28 4213.62 17.65
693.6 23926.69 4293.02 17.94
694.9 23920.11 4342.67 18.15
696.2 23942.14 4401.34 18.38
697.6 23961.85 4460.58 18.62
698.9 23992.32 4521.26 18.84
700.3 24038.01 4582.79 19.06
701.6 24084.68 4654.25 19.32
703.0 24137.54 4729.41 19.59
704.3 24141.49 4804.54 19.90
705.6 24144.66 4862.97 20.14
707.0 24151.61 4932.32 20.42
708.3 24094.31 4983.87 20.68
709.6 24038.25 5033.61 20.94
711.0 23936.43 5077.15 21.21
712.3 23827.16 5108.53 21.44
713.6 23789.01 5168.52 21.73
714.9 23716.29 5205.11 21.95
716.3 23686.39 5267.56 22.24
717.6 23672.15 5323.49 22.49
718.9 23614.96 5372.36 22.75
720.2 23494.56 5405.96 23.01
721.6 23399.74 5451.97 23.30
722.9 23270.63 5479.16 23.55
724.2 23091.17 5497.11 23.81
725.5 22957.02 5519.22 24.04
726.8 22832.78 5543.20 24.28
728.1 22750.67 5575.42 24.51
729.5 22685.44 5624.01 24.79
730.8 22628.18 5662.25 25.02
732.1 22547.20 5690.46 25.24
733.4 22493.78 5727.55 25.46
734.7 22430.29 5769.93 25.72
736.0 22412.65 5810.23 25.92
737.3 22354.35 5842.59 26.14
738.6 22392.88 5910.50 26.39
739.9 22486.41 5984.89 26.62
741.2 22557.99 6061.15 26.87
742.5 22690.46 6163.05 27.16
743.8 22954.18 6282.62 27.37
745.1 23356.68 6449.51 27.61
746.4 23838.13 6644.55 27.87
747.7 24340.83 6851.17 28.15
749.0 24845.90 7068.08 28.45
750.3 25109.11 7226.95 28.78
751.6 25056.94 7284.66 29.07
752.9 24812.33 7263.58 29.27
754.2 24511.78 7228.70 29.49
755.4 24190.11 7178.19 29.67
756.7 24095.29 7200.73 29.88
758.0 24119.44 7248.78 30.05
759.3 24282.67 7359.50 30.31
760.6 24509.10 7483.17 30.53
761.9 24709.31 7597.35 30.75
763.1 24854.26 7696.72 30.97
764.4 25021.13 7810.26 31.21
765.7 25148.50 7911.15 31.46
767.0 25255.87 8001.30 31.68
768.2 25351.20 8086.18 31.90
769.5 25424.49 8163.72 32.11
770.8 25570.26 8267.46 32.33
772.0 25587.81 8334.30 32.57
773.3 25669.17 8419.18 32.80
774.6 25760.75 8518.73 33.07
775.8 25826.13 8617.93 33.37
777.1 25851.30 8696.32 33.64
778.4 25836.83 8749.83 33.87
779.6 25861.37 8821.28 34.11
780.9 25820.00 8868.00 34.35
782.1 25728.02 8878.05 34.51
783.4 25750.40 8962.30 34.80
784.6 25767.74 9025.66 35.03
785.9 25975.04 9164.41 35.28
787.1 26352.59 9361.33 35.52
788.4 26662.70 9566.25 35.88
789.6 26677.46 9680.50 36.29
790.9 26422.83 9672.91 36.61
792.1 26144.60 9615.55 36.78
793.4 25865.12 9571.58 37.01
794.6 25676.57 9578.26 37.30
795.8 25513.36 9587.96 37.58
797.1 25350.08 9575.48 37.77
798.3 25228.50 9594.09 38.03
799.5 25169.97 9631.12 38.26
800.8 25099.23 9666.55 38.51
802.0 25011.42 9691.78 38.75
803.2 24918.76 9720.71 39.01
804.5 24860.18 9755.94 39.24
805.7 24781.04 9798.45 39.54
806.9 24699.71 9820.16 39.76
808.1 24647.73 9862.72 40.01
809.4 24609.13 9910.81 40.27
810.6 24558.63 9949.94 40.52
811.8 24538.32 9995.49 40.73
813.0 24560.28 10040.66 40.88
814.2 24583.06 10092.04 41.05
815.4 24644.79 10190.09 41.35
816.6 24675.27 10252.90 41.55
817.9 24704.84 10317.53 41.76
819.1 24672.89 10348.08 41.94
820.3 24583.02 10354.35 42.12
821.5 24511.70 10365.77 42.29
822.7 24474.49 10382.64 42.42
823.9 24466.74 10425.71 42.61
825.1 24483.13 10459.19 42.72
826.3 24493.16 10500.44 42.87
827.5 24511.03 10541.11 43.01
828.7 24560.16 10583.76 43.09
829.9 24556.61 10622.83 43.26
831.0 24631.50 10676.02 43.34
832.2 24684.15 10714.96 43.41
833.4 24732.69 10767.75 43.54
834.6 24771.09 10820.63 43.68
835.8 24806.25 10870.34 43.82
837.0 24848.21 10927.11 43.98
838.1 24942.61 10993.54 44.08
839.3 24987.97 11034.45 44.16
840.5 25056.73 11110.25 44.34
841.7 25139.84 11164.82 44.41
842.9 25202.72 11227.47 44.55
844.0 25272.39 11289.45 44.67
845.2 25356.92 11361.46 44.81
846.4 25406.55 11409.04 44.91
847.5 25535.27 11506.53 45.06
848.7 25649.51 11593.40 45.20
849.9 25759.43 11698.99 45.42
851.0 25787.85 11759.12 45.60
852.2 25836.49 11821.23 45.75
853.3 25835.02 11851.72 45.87
854.5 25803.13 11880.40 46.04
855.6 25784.28 11921.31 46.23
856.8 25811.14 11959.30 46.33
857.9 25796.36 11992.72 46.49
859.1 25866.40 12050.32 46.59
860.2 25870.46 12100.30 46.77
861.4 25883.89 12119.90 46.82
862.5 25913.95 12173.68 46.98
863.7 25967.63 12239.50 47.13
864.8 25978.23 12257.28 47.18
865.9 25934.02 12279.10 47.35
867.1 25972.57 12317.28 47.42
868.2 25960.64 12349.03 47.57
869.3 25983.57 12398.46 47.72
870.5 25945.69 12392.42 47.76
871.6 25952.82 12420.49 47.86
872.7 25988.86 12471.70 47.99
873.9 26010.48 12514.34 48.11
875.0 25998.57 12514.82 48.14
876.1 25976.68 12527.35 48.23
877.2 25992.15 12547.67 48.27
878.3 25997.76 12565.58 48.33
879.4 26016.59 12588.62 48.39
880.5 26032.32 12620.38 48.48
881.7 26038.68 12624.30 48.48
882.8 26051.76 12664.05 48.61
883.9 26088.59 12712.39 48.73
885.0 26049.66 12708.97 48.79
886.1 26068.54 12743.03 48.88
887.2 25979.14 12704.90 48.90
888.3 25929.87 12718.99 49.05
889.4 25867.81 12688.27 49.05
890.5 25830.84 12675.44 49.07
891.6 25777.28 12663.98 49.13
892.7 25812.52 12673.74 49.10
893.8 25792.32 12675.39 49.14
894.9 25833.34 12685.22 49.10
896.0 25797.95 12697.99 49.22
897.0 25823.30 12713.15 49.23
898.1 25837.83 12707.16 49.18
899.2 25853.12 12724.82 49.22
900.3 25827.20 12697.16 49.16
901.4 25755.93 12657.36 49.14
902.4 25796.28 12686.01 49.18
903.5 25760.57 12665.89 49.17
904.6 25773.48 12656.17 49.11
905.7 25786.56 12667.32 49.12
906.7 25778.44 12675.81 49.17
907.8 25791.16 12667.98 49.12
908.9 25756.23 12640.52 49.08
909.9 25738.83 12636.58 49.10
911.0 25715.27 12616.37 49.06
912.1 25708.69 12578.97 48.93
913.1 25683.06 12531.79 48.79
914.2 25568.28 12488.80 48.84
915.2 25594.38 12459.53 48.68
916.3 25582.28 12437.88 48.62
917.3 25579.53 12413.95 48.53
918.4 25529.08 12336.17 48.32
919.4 25526.52 12294.95 48.17
920.5 25540.93 12276.17 48.06
921.5 25532.64 12232.30 47.91
922.6 25509.72 12152.40 47.64
923.6 25552.64 12130.32 47.47
924.7 25558.13 12057.20 47.18
925.7 25559.01 11998.13 46.94
926.7 25571.07 11948.52 46.73
927.8 25622.74 11915.90 46.51
928.8 25737.00 11872.59 46.13
929.9 25798.01 11818.25 45.81
930.9 25912.02 11780.58 45.46
931.9 26063.45 11758.54 45.12
932.9 26272.00 11762.78 44.77
934.0 26311.65 11691.72 44.44
935.0 26328.00 11598.69 44.05
936.0 26313.67 11463.59 43.57
937.0 26305.79 11366.86 43.21
938.1 26273.03 11271.30 42.90
939.1 26282.27 11149.84 42.42
940.1 26307.38 11066.82 42.07
941.1 26474.98 11018.12 41.62
942.1 26613.43 10962.81 41.19
943.1 26709.35 10896.80 40.80
944.1 26891.46 10815.73 40.22
945.2 26931.87 10736.29 39.86
946.2 27005.05 10609.41 39.29
947.2 27050.94 10512.75 38.86
948.2 27161.01 10432.00 38.41
949.2 27258.97 10323.46 37.87
950.2 27257.00 10214.35 37.47
951.2 27381.90 10081.68 36.82
952.2 27427.92 9983.30 36.40
953.2 27549.11 9910.58 35.97
954.2 27670.16 9819.86 35.49
955.2 27683.23 9724.46 35.13
956.2 27678.04 9599.65 34.68
957.2 27683.31 9524.72 34.41
958.2 27771.67 9464.87 34.08
959.2 27855.45 9400.59 33.75
960.1 27895.78 9357.60 33.54
961.1 27947.74 9330.42 33.39
962.1 27921.09 9305.25 33.33
963.1 28038.72 9281.78 33.10
964.1 28081.62 9278.98 33.04
965.1 28159.91 9257.47 32.87
966.1 28230.04 9257.88 32.79
967.0 28291.66 9261.29 32.74
968.0 28354.15 9192.23 32.42
969.0 28355.00 9210.56 32.48
970.0 28440.42 9217.48 32.41
971.0 28447.07 9200.58 32.34
971.9 28529.94 9215.55 32.30
972.9 28619.85 9215.40 32.20
973.9 28640.46 9191.65 32.09
974.9 28629.25 9254.01 32.32
975.8 28737.28 9275.40 32.28
976.8 28722.61 9275.23 32.29
977.8 28846.97 9308.76 32.27
978.8 28789.28 9302.46 32.31
979.7 28914.30 9277.51 32.09
980.7 28909.16 9344.78 32.32
981.7 29108.19 9347.66 32.11
982.6 29310.11 9467.57 32.30
983.6 29612.62 9529.64 32.18
984.6 29886.86 9600.02 32.12
985.5 30220.02 9612.65 31.81
986.5 30590.42 9943.86 32.51
987.5 31346.01 10100.38 32.22
988.4 31956.65 10307.22 32.25
989.4 32957.10 10835.90 32.88
990.4 33646.09 11093.72 32.97
991.3 34254.92 11554.65 33.73
992.3 35605.12 11933.58 33.52
993.2 35791.00 12117.33 33.86
994.2 37066.33 12903.64 34.81
995.2 37769.29 12701.67 33.63
996.1 38356.88 13508.96 35.22
997.1 37945.80 13614.89 35.88
998.0 38542.50 13498.44 35.02
999.0 38301.25 14236.50 37.17
1000.0 38064.02 13875.56 36.45
1000.9 38955.51 14401.73 36.97
1001.9 38313.61 14109.14 36.83
1002.8 38469.11 14300.47 37.17
1003.8 38840.71 14227.05 36.63
1004.8 39018.78 14238.43 36.49
961.5 34418.44 9958.14 28.93
965.5 34203.70 9894.34 28.93
969.5 33124.73 9731.20 29.38
973.4 31599.68 9691.77 30.67
977.4 30418.99 9568.69 31.46
981.4 29806.10 9622.89 32.28
985.3 29606.90 9768.44 32.99
989.3 29665.19 9927.79 33.47
993.3 29713.32 10154.77 34.18
997.2 29668.74 10360.63 34.92
1001.2 29627.00 10534.81 35.56
1005.2 29568.23 10729.88 36.29
1009.1 29600.49 10965.48 37.04
1013.1 29702.49 11236.83 37.83
1017.1 29789.49 11544.66 38.75
1021.0 29789.99 11819.56 39.68
1025.0 29760.59 12103.30 40.67
1029.0 29636.30 12346.20 41.66
1032.9 29533.53 12578.80 42.59
1036.9 29509.70 12857.16 43.57
1040.9 29556.91 13150.60 44.49
1044.8 29679.34 13453.84 45.33
1048.8 29786.37 13729.04 46.09
1052.7 29868.84 13972.23 46.78
1056.7 29898.31 14164.35 47.38
1060.7 29913.73 14289.25 47.77
1064.6 29918.21 14397.53 48.12
1068.6 29859.11 14426.67 48.32
1072.5 29814.52 14401.25 48.30
1076.5 29798.83 14367.13 48.21
1080.4 29797.49 14297.43 47.98
1084.4 29858.05 14229.89 47.66
1088.3 29928.60 14122.90 47.19
1092.3 29919.24 13947.82 46.62
1096.2 29930.07 13743.78 45.92
1100.2 29956.02 13519.72 45.13
1104.1 29873.92 13268.65 44.42
1108.1 29858.25 13031.41 43.64
1112.0 29809.22 12783.96 42.89
1116.0 29674.06 12489.75 42.09
1119.9 29580.84 12146.14 41.06
1123.9 29636.88 11777.47 39.74
1127.8 29621.76 11239.68 37.94
1131.8 29615.13 10591.80 35.76
1135.7 29658.37 9894.98 33.36
1139.6 29649.41 9151.47 30.87
1143.6 29635.32 8474.23 28.60
1147.5 29635.02 7943.64 26.80
1151.4 29535.85 7503.64 25.41
1155.4 29547.88 7213.52 24.41
1159.3 29582.50 7035.66 23.78
1163.2 29498.44 6885.12 23.34
1167.2 29505.90 6796.80 23.04
1171.1 29517.01 6724.51 22.78
1175.0 29484.53 6648.37 22.55
1179.0 29486.15 6594.90 22.37
1182.9 29537.81 6556.61 22.20
1186.8 29538.86 6509.98 22.04
1190.7 29410.97 6446.81 21.92
1194.7 29255.48 6387.25 21.83
1198.6 29133.72 6337.49 21.75
1202.5 29044.69 6313.91 21.74
1206.4 28972.03 6312.17 21.79
1210.3 28920.11 6308.79 21.81
1214.2 28863.76 6318.37 21.89
1218.2 28763.18 6336.47 22.03
1222.1 28692.28 6356.78 22.16
1226.0 28656.56 6377.80 22.26
1229.9 28600.92 6398.16 22.37
1233.8 28545.33 6421.68 22.50
1237.7 28520.81 6452.83 22.62
1241.6 28465.46 6479.13 22.76
1245.5 28370.21 6467.96 22.80
1249.4 28299.76 6469.20 22.86
1253.3 28232.22 6487.27 22.98
1257.2 28191.00 6498.14 23.05
1261.1 28130.65 6482.27 23.04
1265.0 28057.45 6451.62 22.99
1268.9 27949.80 6409.35 22.93
1272.8 27989.85 6392.55 22.84
1276.7 28109.94 6383.58 22.71
1280.6 28175.48 6356.18 22.56
1284.5 28132.96 6282.63 22.33
1288.4 28112.11 6198.30 22.05
1292.3 28036.25 6088.50 21.72
1296.2 27954.20 5973.51 21.37
1300.1 27848.52 5843.40 20.98
1303.9 27706.57 5690.38 20.54
1307.8 27559.31 5526.50 20.05
1311.7 27397.23 5347.82 19.52
1315.6 27238.78 5161.68 18.95
1319.5 27066.08 4970.39 18.36
1323.3 26913.00 4788.62 17.79
1327.2 26776.06 4603.81 17.19
1331.1 26621.95 4427.09 16.63
1335.0 26429.02 4258.70 16.11
1338.8 26290.11 4105.92 15.62
1342.7 26169.42 3960.10 15.13
1346.5 25929.13 3823.56 14.75
1350.4 25728.90 3704.47 14.40
1354.3 25457.85 3575.36 14.04
1358.1 25158.95 3453.04 13.72
1362.0 24980.59 3332.78 13.34
1365.8 24927.82 3221.96 12.93
1369.7 24996.19 3112.25 12.45
1373.5 24961.93 2985.73 11.96
1377.4 24802.90 2833.16 11.42
1381.2 24660.90 2649.63 10.74
1385.1 24643.85 2466.19 10.01
1389.0 24592.75 2291.55 9.32
1392.8 24461.78 2119.31 8.66
1396.6 24365.22 1971.29 8.09
1400.5 24231.60 1844.87 7.61
1404.3 24125.27 1747.25 7.24
1408.2 24097.32 1673.15 6.94
1412.0 24070.61 1613.89 6.70
1415.8 24101.54 1563.49 6.49
1419.6 24084.23 1529.08 6.35
1423.5 24070.46 1509.56 6.27
1427.3 24053.34 1479.95 6.15
1431.1 24042.83 1469.40 6.11
1434.9 23983.10 1458.65 6.08
1438.8 23944.05 1444.56 6.03
1442.6 23927.04 1437.88 6.01
1446.4 23856.75 1422.19 5.96
1450.2 23800.39 1420.16 5.97
1454.0 23730.24 1409.04 5.94
1457.8 23714.21 1409.26 5.94
1461.6 23699.02 1420.85 6.00
1465.4 23623.88 1418.57 6.00
1469.2 23507.58 1419.60 6.04
1473.0 23416.67 1423.13 6.08
1476.8 23385.95 1437.42 6.15
1480.7 23341.52 1456.28 6.24
1484.4 23269.68 1463.76 6.29
1488.2 23205.84 1486.56 6.41
1492.0 23119.76 1509.94 6.53
1495.8 23050.30 1528.80 6.63
1499.6 22974.60 1545.16 6.73
1503.4 22886.86 1560.42 6.82
1507.2 22817.82 1575.56 6.90
1510.9 22736.47 1588.55 6.99
1514.7 22640.13 1598.68 7.06
1518.5 22563.41 1606.79 7.12
1522.3 22469.97 1618.03 7.20
1526.0 22400.45 1619.08 7.23
1529.8 22366.84 1620.44 7.24
1533.6 22289.14 1625.20 7.29
1537.3 22206.85 1649.49 7.43
1541.1 22117.21 1684.50 7.62
1544.8 22039.20 1694.40 7.69
1548.6 21965.35 1711.65 7.79
1552.4 21895.60 1725.74 7.88
1556.1 21841.83 1735.20 7.94
1559.9 21787.79 1757.20 8.07
1563.6 21716.01 1765.47 8.13
1567.3 21641.45 1782.94 8.24
1571.1 21503.94 1798.16 8.36
1574.8 21413.78 1804.57 8.43
1578.6 21355.88 1819.66 8.52
1582.3 21274.05 1834.75 8.62
1586.0 21183.04 1844.92 8.71
1589.8 21100.62 1840.59 8.72
1593.5 21000.69 1837.53 8.75
1597.2 20929.52 1846.37 8.82
1600.9 20843.62 1859.92 8.92
1604.7 20745.10 1862.33 8.98
1608.4 20669.95 1864.65 9.02
1612.1 20567.28 1879.15 9.14
1615.8 20477.47 1879.09 9.18
1619.5 20422.34 1879.80 9.20
1623.2 20328.29 1887.75 9.29
1626.9 20221.28 1884.32 9.32
1630.6 20112.62 1875.50 9.32
1634.3 20025.88 1876.37 9.37
1638.0 19934.15 1882.99 9.45
1641.7 19830.91 1895.18 9.56
1645.4 19716.98 1893.65 9.60
1649.1 19602.77 1885.75 9.62
1652.8 19509.95 1882.56 9.65
1656.4 19395.62 1881.72 9.70
1660.1 19295.18 1880.15 9.74
1663.8 19185.10 1866.72 9.73
1667.5 19083.74 1853.31 9.71
1671.1 18996.35 1843.10 9.70
1674.8 18876.30 1826.74 9.68
1678.5 18838.56 1813.51 9.63
1682.1 18849.73 1800.23 9.55
1685.8 18859.30 1792.99 9.51
1689.5 18795.30 1781.70 9.48
1693.1 18706.41 1768.02 9.45
1696.8 18615.25 1748.00 9.39
1700.4 18529.58 1719.80 9.28
1704.0 18456.67 1700.71 9.21
1707.7 18296.86 1671.60 9.14
1711.3 18114.51 1643.95 9.08
1715.0 17992.28 1621.10 9.01
1718.6 17886.14 1598.13 8.94
1722.2 17799.94 1570.02 8.82
1725.9 17706.59 1549.15 8.75
1729.5 17604.49 1533.75 8.71
1733.1 17541.49 1513.77 8.63
1736.7 17471.92 1504.17 8.61
1740.3 17366.15 1489.69 8.58
1744.0 17315.89 1471.14 8.50
1747.5 17227.16 1456.12 8.45
1751.2 17088.52 1435.79 8.40
1754.8 16976.43 1409.54 8.30
1758.4 16893.02 1394.64 8.26
1762.0 16789.89 1380.84 8.22
1765.5 16699.11 1376.06 8.24
1769.1 16665.60 1370.40 8.22
1772.7 16620.17 1355.76 8.16
1776.3 16550.18 1337.36 8.08
1779.9 16477.44 1326.53 8.05
1783.5 16434.96 1324.32 8.06
1787.0 16345.96 1304.48 7.98
1790.6 16243.66 1298.19 7.99
1794.2 16171.99 1294.87 8.01
1797.8 16109.35 1280.43 7.95
1801.3 16053.66 1279.83 7.97
1804.9 15954.75 1267.88 7.95
1808.4 15901.90 1259.77 7.92
1812.0 15801.30 1259.76 7.97
1815.5 15695.88 1253.78 7.99
1819.1 15574.16 1233.43 7.92
1822.6 15471.85 1226.55 7.93
1826.2 15387.58 1224.31 7.96
1829.7 15274.18 1218.81 7.98
1833.2 15120.13 1207.02 7.98
1836.8 14969.50 1184.82 7.91
1840.3 14877.77 1162.89 7.82
1843.8 14800.45 1149.05 7.76
1847.3 14738.02 1137.08 7.72
1850.8 14668.42 1120.90 7.64
1854.3 14577.15 1095.10 7.51
1857.8 14534.00 1092.00 7.51
1861.3 14522.25 1075.50 7.41
1864.8 14459.04 1017.49 7.04
1868.3 14308.06 1013.61 7.08
1871.8 14215.68 960.00 6.75
1875.3 14201.46 881.79 6.21
1878.8 14176.42 866.21 6.11
1882.3 14122.90 869.46 6.16
1885.8 14014.10 843.26 6.02
1889.3 13904.45 809.08 5.82
1892.7 13776.82 752.59 5.46
1896.2 13660.15 704.23 5.16
1899.7 13554.20 731.77 5.40
1903.1 13466.38 737.35 5.48
1906.6 13511.57 738.16 5.46
1910.0 13676.29 792.22 5.79
1913.5 13920.50 863.07 6.20
1917.0 14289.98 1033.90 7.24
1920.4 14838.23 1201.85 8.10
1923.8 14900.33 1192.03 8.00
1871.2 12934.73 698.25 5.40
1873.9 13036.34 676.52 5.19
1876.7 13080.35 649.03 4.96
1879.5 13184.92 558.04 4.23
1882.3 12973.16 541.30 4.17
1885.1 12955.86 603.40 4.66
1887.8 13054.47 593.76 4.55
1890.6 12965.86 631.53 4.87
1893.4 12899.33 528.00 4.09
1896.2 12776.85 481.37 3.77
1898.9 12763.16 545.98 4.28
1901.7 12667.81 523.17 4.13
1904.5 12785.93 518.42 4.05
1907.2 12706.25 508.25 4.00
1910.0 12637.10 536.09 4.24
1912.7 12646.53 516.43 4.08
1915.5 12573.30 523.10 4.16
1918.2 12524.17 533.17 4.26
1921.0 12429.58 526.07 4.23
1923.7 12476.24 530.27 4.25
1926.5 12456.75 534.09 4.29
1929.2 12429.04 529.10 4.26
1932.0 12425.12 534.04 4.30
1934.7 12406.61 509.65 4.11
1937.4 12332.23 496.27 4.02
1940.2 12287.19 519.39 4.23
1942.9 12341.39 529.83 4.29
1945.6 12357.84 525.48 4.25
1948.3 12310.10 520.44 4.23
1951.1 12286.82 526.75 4.29
1953.8 12285.00 525.00 4.27
1956.5 12213.61 533.11 4.36
1959.2 12244.05 544.18 4.44
1961.9 12277.60 527.46 4.30
1964.6 12227.25 553.35 4.53
1967.3 12243.43 566.63 4.63
1970.0 12130.08 553.52 4.56
1972.8 12063.78 544.21 4.51
1975.5 12116.40 553.14 4.57
1978.2 12077.12 563.56 4.67
1980.9 11995.23 559.68 4.67
1983.5 11947.43 567.13 4.75
1986.2 11960.10 549.99 4.60
1988.9 11951.37 570.36 4.77
1991.6 11858.95 567.75 4.79
1994.3 11764.18 580.56 4.93
1997.0 11766.88 596.85 5.07
1999.7 11773.83 577.21 4.90
2002.3 11759.81 578.21 4.92
2005.0 11690.77 583.96 5.00
2007.7 11638.67 587.67 5.05
2010.4 11594.16 596.70 5.15
2013.0 11562.08 623.06 5.39
2015.7 11497.38 616.64 5.36
2018.4 11428.93 584.35 5.11
2021.0 11415.50 589.33 5.16
2023.7 11337.76 582.29 5.14
2026.4 11289.20 574.60 5.09
2029.0 11241.04 587.64 5.23
2031.7 11159.63 577.42 5.17
2034.3 11170.90 583.05 5.22
2037.0 11088.29 593.97 5.36
2039.6 11036.71 573.92 5.20
2042.3 11025.52 575.71 5.22
2044.9 10984.38 603.08 5.49
2047.5 10945.11 622.71 5.69
2050.2 10866.80 607.60 5.59
2052.8 10875.20 588.00 5.41
2055.4 10794.82 599.56 5.55
2058.1 10693.20 596.40 5.58
2060.7 10690.88 595.34 5.57
2063.3 10636.71 585.20 5.50
2065.9 10588.79 589.04 5.56
2068.6 10527.38 600.21 5.70
2071.2 10509.93 594.27 5.65
2073.8 10479.76 604.44 5.77
2076.4 10429.57 620.27 5.95
2079.0 10413.86 595.72 5.72
2081.6 10426.21 579.55 5.56
2084.2 10409.13 617.95 5.94
2086.8 10317.76 596.78 5.78
2089.4 10237.53 598.54 5.85
2092.1 10185.83 623.33 6.12
2094.7 10161.53 596.08 5.87
2097.2 10134.83 589.33 5.81
2099.8 10154.06 609.19 6.00
2102.4 10079.62 619.85 6.15
2105.0 9975.00 598.50 6.00
2107.6 9943.53 612.39 6.16
2110.2 9903.21 608.12 6.14
2112.8 9887.09 592.71 5.99
2115.3 9921.47 623.52 6.28
2117.9 9932.41 632.56 6.37
2120.5 9899.34 626.73 6.33
2123.1 9860.18 628.88 6.38
2125.6 9830.42 641.31 6.52
2128.2 9760.43 608.75 6.24
2130.8 9696.38 602.55 6.21
2133.3 9680.00 604.27 6.24
2135.9 9631.02 597.16 6.20
2138.4 9558.99 627.64 6.57
2141.0 9487.88 611.17 6.44
2143.6 9445.83 595.13 6.30
2146.1 9343.90 593.54 6.35
2148.7 9250.50 602.02 6.51
2151.2 9289.87 595.47 6.41
2153.8 9283.27 597.50 6.44
2156.3 9196.68 599.53 6.52
2158.8 9167.15 599.53 6.54
2161.4 9136.89 580.82 6.36
2163.9 9080.87 595.56 6.56
2166.4 9038.53 600.20 6.64
2169.0 9026.70 588.38 6.52
2171.5 8964.61 600.20 6.70
2174.0 8877.40 586.08 6.60
2176.5 8859.37 606.97 6.85
2179.1 8821.17 596.31 6.76
2181.6 8799.54 590.08 6.71
2184.1 8784.16 597.52 6.80
2186.6 8784.20 552.35 6.29
2189.1 8744.04 558.54 6.39
2191.6 8708.93 604.33 6.94
2194.1 8706.09 587.94 6.75
2196.6 8712.45 557.05 6.39
2199.2 8755.72 561.62 6.41
2201.7 8703.45 576.65 6.63
2204.1 8678.72 579.07 6.67
2206.6 8675.98 581.88 6.71
2209.1 8675.22 575.32 6.63
2211.6 8663.97 544.35 6.28
2214.1 8610.78 566.45 6.58
2216.6 8633.61 577.35 6.69
2219.1 8660.20 569.75 6.58
2221.6 8580.23 578.61 6.74
2224.0 8522.97 537.21 6.30
2226.5 8511.79 521.29 6.12
2229.0 8530.74 559.58 6.56
2231.5 8441.32 563.01 6.67
2233.9 8443.24 507.98 6.02
2236.4 8476.56 513.38 6.06
2238.9 8385.50 511.50 6.10
2241.3 8391.31 520.81 6.21
2243.8 8383.54 540.25 6.44
2246.2 8253.42 527.23 6.39
2248.7 8237.84 512.94 6.23
2251.2 8236.26 518.85 6.30
2253.6 8194.56 499.20 6.09
2256.1 8190.72 464.64 5.67
2258.5 8190.43 487.89 5.96
2260.9 8134.04 471.71 5.80
2263.4 8110.40 479.79 5.92
2265.8 8131.85 519.30 6.39
2268.3 8069.96 481.04 5.96
2270.7 8098.88 456.76 5.64
2273.1 8065.01 479.38 5.94
2275.6 8029.44 476.16 5.93
2278.0 8032.57 449.67 5.60
2280.4 8050.71 423.32 5.26
2282.8 7960.15 445.24 5.59
2285.3 7901.09 447.16 5.66
2287.7 7985.73 441.27 5.53
2290.1 7946.20 415.10 5.22
2292.5 7920.79 396.83 5.01
2294.9 7927.04 403.07 5.08
2297.3 7846.72 395.50 5.04
2299.7 7809.80 410.63 5.26
2302.1 7774.17 377.12 4.85
2304.5 7698.88 392.00 5.09
2306.9 7651.84 403.76 5.28
2309.3 7605.49 399.67 5.26
2311.7 7551.70 396.43 5.25
2314.1 7431.64 382.02 5.14
2316.5 7403.26 405.82 5.48
2318.9 7422.16 378.40 5.10
2321.3 7384.55 372.40 5.04
2323.7 7411.63 383.36 5.17
2326.1 7407.14 382.85 5.17
2328.4 7416.57 341.74 4.61
2330.8 7456.07 380.37 5.10
2333.2 7380.05 420.07 5.69
2335.6 7348.45 386.11 5.25
2337.9 7374.28 408.99 5.55
2340.3 7351.28 382.05 5.20
2342.7 7303.86 351.23 4.81
2345.0 7304.27 356.72 4.88
2347.4 7310.00 361.25 4.94
2349.7 7167.86 311.83 4.35
2352.1 7105.77 325.91 4.59
2354.4 7122.34 361.06 5.07
2356.8 7109.55 345.33 4.86
2359.2 7054.67 385.67 5.47
2361.5 7016.24 362.16 5.16
2363.8 7061.80 355.73 5.04
2366.2 7030.44 357.48 5.08
2368.5 6995.40 320.40 4.58
2370.9 6987.35 344.45 4.93
2373.2 6974.33 346.24 4.96
2375.5 6914.20 325.80 4.71
2377.9 6855.73 355.55 5.19
2380.2 6895.41 352.79 5.12
2382.5 6832.77 298.68 4.37
2384.8 6779.04 269.12 3.97
2387.2 6826.21 332.87 4.88
2389.5 6803.92 339.96 5.00
2391.8 6773.50 294.71 4.35
2394.1 6708.07 311.89 4.65
2396.4 6696.25 358.04 5.35
2398.7 6727.77 370.25 5.50
2401.0 6675.75 326.37 4.89
2403.3 6633.36 298.80 4.50
2405.6 6587.80 304.90 4.63
2407.9 6548.07 295.59 4.51
2410.2 6522.35 290.77 4.46
2412.5 6494.37 279.49 4.30
2414.8 6495.78 261.89 4.03
2417.1 6477.89 273.57 4.22
2419.4 6418.72 291.76 4.55
2421.7 6381.59 299.63 4.70
2424.0 6340.00 317.00 5.00
2426.2 6377.20 272.85 4.28
2428.5 6376.43 297.46 4.66
2430.8 6305.65 310.65 4.93
2433.1 6272.91 254.46 4.06
2435.4 6216.05 274.16 4.41
2437.6 6193.67 296.54 4.79
2439.9 6131.58 269.52 4.40
2442.2 6143.40 267.35 4.35
2444.4 6156.85 333.11 5.41
2446.7 6096.96 338.72 5.56
2448.9 6140.77 284.24 4.63
2451.2 6097.08 250.32 4.11
2453.4 6044.75 229.01 3.79
2455.7 6045.18 279.76 4.63
2457.9 5958.48 262.52 4.41
2460.2 5967.72 172.62 2.89
2462.4 5959.20 230.88 3.87
2464.7 5866.75 334.34 5.70
2466.9 5842.20 301.74 5.16
2469.2 5878.87 272.23 4.63
2471.4 5796.90 282.30 4.87
2473.6 5704.14 307.97 5.40
2475.9 5730.24 291.25 5.08
2478.1 5690.78 225.45 3.96
2480.3 5611.10 215.81 3.85
2482.5 5590.00 243.04 4.35
2484.8 5592.32 269.42 4.82
2487.0 5577.22 259.23 4.65
2489.2 5540.68 248.77 4.49
2491.4 5525.52 222.87 4.03
2493.6 5479.00 219.47 4.01
2495.8 5487.41 237.55 4.33
2498.0 5504.43 178.35 3.24
2500.2 5484.68 219.05 3.99
2502.4 5700.96 248.64 4.36
2504.6 5765.46 215.97 3.75
2506.8 5747.58 272.77 4.75
