/*** Spectra Vista SIG Data ***/
name= \My Documents\HR1024_Data\RD6T4.
instrument= HR: 1091052
integration= 400, 60, 30, 1000, 60, 30
scan time= 1, 1
scan settings= AD, AI, AD, AI
external data set1= 8224, 8224, 8224, 8224, 8224, 8224, 8224, 8224, 8224, 8224, 8224, 8224, 8224, 8224, 8224, 8224
external data set2= 8224, 8224, 8224, 8224, 8224, 8224, 8224, 8224, 8224, 8224, 8224, 8224, 8224, 8224, 8224, 8224
external data dark= 0,0,0,0,0,0,0,0
external data mask= 0
optic= LENS4 , LENS4 
temp= 32.98, 8.94, -5.37, 38.86, 8.94, -5.37
battery= 7.1, 6.9
error= 0, 0
units= Radiance, Radiance
time= 4/7/08 10:35:00 AM, 4/7/08 10:49:47 AM
longitude= , 
latitude= , 
gpstime= , 
comm= 
memory slot= 0, 0
factors= 
data= 
346.4 350.35 50.32 14.36
347.9 381.21 52.71 13.83
349.5 410.28 52.42 12.78
351.1 433.68 51.79 11.94
352.6 475.96 54.40 11.43
354.2 499.06 55.63 11.15
355.7 540.48 63.31 11.71
357.3 582.54 58.25 10.00
358.8 588.91 64.31 10.92
360.4 636.67 69.65 10.94
361.9 668.64 66.86 10.00
363.5 692.50 67.87 9.80
365.1 712.57 68.66 9.64
366.6 747.47 70.43 9.42
368.2 792.37 69.84 8.81
369.7 840.74 70.52 8.39
371.3 898.85 77.70 8.64
372.8 941.22 77.02 8.18
374.4 986.23 76.10 7.72
375.9 1017.83 76.79 7.54
377.4 1052.18 78.71 7.48
379.0 1086.82 80.20 7.38
380.5 1123.29 78.17 6.96
382.1 1153.93 77.42 6.71
383.6 1194.95 82.22 6.88
385.2 1251.25 84.70 6.77
386.7 1299.60 87.18 6.71
388.3 1372.34 90.22 6.57
389.8 1424.66 96.08 6.74
391.3 1483.01 96.92 6.54
392.9 1530.61 96.73 6.32
394.4 1562.39 100.90 6.46
395.9 1621.81 102.99 6.35
397.5 1711.90 113.70 6.64
399.0 1784.48 108.77 6.10
400.6 1838.09 106.41 5.79
402.1 1856.31 103.20 5.56
403.6 1888.03 104.05 5.51
405.1 1944.54 105.11 5.41
406.7 2010.40 106.18 5.28
408.2 2079.37 111.38 5.36
409.7 2148.16 115.14 5.36
411.3 2213.53 115.21 5.20
412.8 2271.65 119.45 5.26
414.3 2341.03 124.82 5.33
415.8 2417.50 127.50 5.27
417.4 2490.79 133.08 5.34
418.9 2548.98 131.05 5.14
420.4 2593.45 135.09 5.21
421.9 2640.22 133.10 5.04
423.5 2679.41 135.90 5.07
425.0 2722.85 136.65 5.02
426.5 2778.88 138.03 4.97
428.0 2849.90 139.98 4.91
429.5 2939.79 142.20 4.84
431.1 3042.79 149.38 4.91
432.6 3149.06 151.49 4.81
434.1 3259.99 158.62 4.87
435.6 3346.58 160.61 4.80
437.1 3441.75 163.80 4.76
438.6 3531.11 165.06 4.67
440.1 3611.12 171.68 4.75
441.6 3703.62 175.42 4.74
443.1 3787.76 177.39 4.68
444.7 3873.68 186.18 4.81
446.2 3941.61 190.29 4.83
447.7 4009.71 191.59 4.78
449.2 4084.56 197.42 4.83
450.7 4145.44 195.52 4.72
452.2 4210.01 194.14 4.61
453.7 4291.20 196.68 4.58
455.2 4393.26 202.84 4.62
456.7 4515.28 211.55 4.69
458.2 4654.47 215.99 4.64
459.7 4795.00 221.55 4.62
461.2 4934.06 226.98 4.60
462.7 5054.96 232.34 4.60
464.2 5177.07 238.63 4.61
465.7 5301.12 247.45 4.67
467.2 5404.44 252.56 4.67
468.7 5508.00 261.20 4.74
470.2 5586.81 269.49 4.82
471.7 5702.38 283.58 4.97
473.2 5885.72 286.27 4.86
474.6 6027.25 282.04 4.68
476.1 6074.86 274.33 4.52
477.6 6093.70 277.57 4.56
479.1 6122.60 281.25 4.59
480.6 6163.05 283.08 4.59
482.1 6243.66 286.58 4.59
483.6 6332.42 295.75 4.67
485.1 6458.38 297.25 4.60
486.6 6604.00 304.13 4.61
488.0 6753.50 311.68 4.62
489.5 6913.82 322.35 4.66
491.0 7075.65 331.21 4.68
492.5 7238.97 337.28 4.66
494.0 7404.10 343.68 4.64
495.4 7549.58 354.75 4.70
496.9 7695.36 363.73 4.73
498.4 7836.28 370.66 4.73
499.9 7979.51 378.19 4.74
501.4 8103.78 387.39 4.78
502.8 8223.51 392.79 4.78
504.3 8333.10 400.32 4.80
505.8 8444.88 408.99 4.84
507.2 8514.20 413.47 4.86
508.7 8565.01 419.25 4.89
510.2 8590.79 425.45 4.95
511.6 8618.22 426.01 4.94
513.1 8670.26 430.10 4.96
514.6 8732.77 433.43 4.96
516.0 8783.27 437.78 4.98
517.5 8880.96 443.23 4.99
519.0 8994.65 450.24 5.01
520.5 9112.66 462.81 5.08
521.9 9263.01 471.82 5.09
523.4 9434.43 484.24 5.13
524.8 9608.27 493.89 5.14
526.3 9802.81 508.32 5.19
527.8 10000.35 520.47 5.20
529.2 10181.33 533.09 5.24
530.7 10383.39 545.94 5.26
532.1 10567.68 559.93 5.30
533.6 10773.42 572.57 5.31
535.0 10980.59 585.93 5.34
536.5 11186.70 600.80 5.37
538.0 11401.56 617.87 5.42
539.4 11601.83 637.76 5.50
540.9 11838.18 656.78 5.55
542.3 12056.36 663.41 5.50
543.8 12205.88 671.02 5.50
545.2 12241.58 676.50 5.53
546.6 12248.30 681.18 5.56
548.1 12260.70 689.17 5.62
549.5 12261.13 695.07 5.67
551.0 12260.01 700.57 5.71
552.4 12274.54 708.59 5.77
553.9 12279.40 712.06 5.80
555.3 12300.80 719.20 5.85
556.8 12360.66 730.34 5.91
558.2 12414.09 734.74 5.92
559.6 12499.51 749.24 5.99
561.1 12612.44 761.80 6.04
562.5 12742.28 777.21 6.10
564.0 12915.37 792.50 6.14
565.4 13070.62 806.69 6.17
566.8 13269.64 827.08 6.23
568.3 13461.39 846.32 6.29
569.7 13659.35 870.06 6.37
571.1 13859.91 890.77 6.43
572.6 14064.03 914.00 6.50
574.0 14250.23 933.90 6.55
575.4 14437.41 956.81 6.63
576.9 14612.77 981.29 6.72
578.3 14771.90 1003.50 6.79
579.7 14927.19 1026.19 6.87
581.1 15049.34 1043.16 6.93
582.6 15179.87 1066.26 7.02
584.0 15306.40 1089.68 7.12
585.4 15471.50 1114.07 7.20
586.8 15703.41 1137.26 7.24
588.3 15959.97 1165.32 7.30
589.7 16164.72 1189.66 7.36
591.1 16308.26 1209.13 7.41
592.5 16380.50 1227.18 7.49
594.0 16416.90 1245.42 7.59
595.4 16426.30 1263.09 7.69
596.8 16438.21 1280.14 7.79
598.2 16446.40 1295.54 7.88
599.6 16446.15 1310.31 7.97
601.0 16488.64 1328.82 8.06
602.4 16524.83 1347.35 8.15
603.9 16595.00 1365.26 8.23
605.3 16677.56 1387.18 8.32
606.7 16748.10 1405.44 8.39
608.1 16880.08 1438.80 8.52
609.5 17023.96 1470.35 8.64
610.9 17200.20 1504.16 8.74
612.3 17363.60 1534.84 8.84
613.7 17583.26 1575.71 8.96
615.1 17730.09 1623.89 9.16
616.5 17885.32 1664.71 9.31
617.9 18120.27 1713.07 9.45
619.3 18343.55 1755.55 9.57
620.7 18613.68 1798.14 9.66
622.1 18877.69 1842.05 9.76
623.5 19168.37 1897.23 9.90
624.9 19495.88 1965.76 10.08
626.3 19705.80 2033.13 10.32
627.7 19502.63 2056.96 10.55
629.1 19316.59 2083.98 10.79
630.5 19234.56 2123.96 11.04
631.9 19243.16 2163.28 11.24
633.3 19227.78 2196.02 11.42
634.7 19307.14 2230.34 11.55
636.1 19335.07 2255.79 11.67
637.5 19378.14 2282.30 11.78
638.9 19457.31 2317.22 11.91
640.2 19514.53 2357.34 12.08
641.6 19531.98 2374.63 12.16
643.0 19504.65 2384.55 12.23
644.4 19507.28 2399.31 12.30
645.8 19449.04 2404.57 12.36
647.2 19526.59 2403.31 12.31
648.5 19579.91 2339.14 11.95
649.9 19492.88 2242.46 11.50
651.3 19428.45 2139.45 11.01
652.7 19344.30 2035.92 10.52
654.1 19217.52 2077.72 10.81
655.5 19076.42 2148.30 11.26
656.8 18936.77 2208.80 11.66
658.2 19052.33 2281.88 11.98
659.6 19274.42 2345.43 12.17
660.9 19463.87 2394.89 12.30
662.3 19650.11 2442.15 12.43
663.7 19826.10 2492.70 12.57
665.0 19986.79 2531.49 12.67
666.4 20146.14 2571.34 12.76
667.8 20346.56 2618.48 12.87
669.1 20529.76 2671.59 13.01
670.5 20738.52 2732.46 13.18
671.9 20872.26 2785.82 13.35
673.2 21059.41 2851.14 13.54
674.6 21230.21 2916.05 13.74
676.0 21420.32 2992.69 13.97
677.3 21614.12 3077.14 14.24
678.7 21817.38 3175.18 14.55
680.0 22089.50 3287.34 14.88
681.4 22373.47 3400.31 15.20
682.8 22657.86 3518.06 15.53
684.1 22942.53 3629.34 15.82
685.5 23200.94 3736.85 16.11
686.8 23448.72 3846.95 16.41
688.2 23672.40 3959.96 16.73
689.5 23749.65 4035.91 16.99
690.9 23825.77 4113.26 17.26
692.2 23869.28 4194.24 17.57
693.6 23926.69 4266.42 17.83
694.9 23920.11 4316.99 18.05
696.2 23942.14 4377.53 18.28
697.6 23961.85 4437.59 18.52
698.9 23992.32 4499.09 18.75
700.3 24038.01 4560.36 18.97
701.6 24084.68 4634.79 19.24
703.0 24137.54 4709.19 19.51
704.3 24141.49 4781.34 19.81
705.6 24144.66 4843.44 20.06
707.0 24151.61 4915.41 20.35
708.3 24094.31 4959.40 20.58
709.6 24038.25 5013.54 20.86
711.0 23936.43 5047.67 21.09
712.3 23827.16 5085.81 21.34
713.6 23789.01 5143.24 21.62
714.9 23716.29 5187.34 21.87
716.3 23686.39 5237.09 22.11
717.6 23672.15 5300.61 22.39
718.9 23614.96 5345.80 22.64
720.2 23494.56 5389.10 22.94
721.6 23399.74 5426.25 23.19
722.9 23270.63 5460.25 23.46
724.2 23091.17 5473.79 23.71
725.5 22957.02 5496.24 23.94
726.8 22832.78 5522.81 24.19
728.1 22750.67 5565.35 24.46
729.5 22685.44 5604.10 24.70
730.8 22628.18 5645.27 24.95
732.1 22547.20 5672.57 25.16
733.4 22493.78 5704.95 25.36
734.7 22430.29 5748.01 25.63
736.0 22412.65 5787.31 25.82
737.3 22354.35 5824.49 26.06
738.6 22392.88 5891.26 26.31
739.9 22486.41 5968.20 26.54
741.2 22557.99 6037.67 26.77
742.5 22690.46 6143.50 27.08
743.8 22954.18 6263.57 27.29
745.1 23356.68 6421.12 27.49
746.4 23838.13 6621.62 27.78
747.7 24340.83 6829.04 28.06
749.0 24845.90 7047.19 28.36
750.3 25109.11 7207.87 28.71
751.6 25056.94 7258.11 28.97
752.9 24812.33 7239.23 29.18
754.2 24511.78 7203.97 29.39
755.4 24190.11 7153.64 29.57
756.7 24095.29 7174.88 29.78
758.0 24119.44 7231.72 29.98
759.3 24282.67 7328.95 30.18
760.6 24509.10 7457.91 30.43
761.9 24709.31 7574.28 30.65
763.1 24854.26 7672.73 30.87
764.4 25021.13 7787.20 31.12
765.7 25148.50 7885.80 31.36
767.0 25255.87 7980.82 31.60
768.2 25351.20 8064.67 31.81
769.5 25424.49 8141.85 32.02
770.8 25570.26 8242.38 32.23
772.0 25587.81 8319.41 32.51
773.3 25669.17 8400.42 32.73
774.6 25760.75 8493.76 32.97
775.8 25826.13 8597.00 33.29
777.1 25851.30 8669.70 33.54
778.4 25836.83 8721.99 33.76
779.6 25861.37 8792.20 34.00
780.9 25820.00 8838.40 34.23
782.1 25728.02 8852.80 34.41
783.4 25750.40 8932.35 34.69
784.6 25767.74 9001.70 34.93
785.9 25975.04 9136.76 35.18
787.1 26352.59 9340.62 35.44
788.4 26662.70 9550.48 35.82
789.6 26677.46 9647.45 36.16
790.9 26422.83 9641.15 36.49
792.1 26144.60 9587.25 36.67
793.4 25865.12 9543.78 36.90
794.6 25676.57 9555.65 37.22
795.8 25513.36 9562.01 37.48
797.1 25350.08 9559.92 37.71
798.3 25228.50 9569.59 37.93
799.5 25169.97 9613.03 38.19
800.8 25099.23 9646.67 38.43
802.0 25011.42 9680.94 38.71
803.2 24918.76 9691.78 38.89
804.5 24860.18 9737.85 39.17
805.7 24781.04 9771.31 39.43
806.9 24699.71 9798.44 39.67
808.1 24647.73 9835.54 39.90
809.4 24609.13 9884.49 40.17
810.6 24558.63 9915.36 40.37
811.8 24538.32 9970.79 40.63
813.0 24560.28 10023.16 40.81
814.2 24583.06 10070.63 40.97
815.4 24644.79 10160.92 41.23
816.6 24675.27 10230.16 41.46
817.9 24704.84 10297.60 41.68
819.1 24672.89 10326.32 41.85
820.3 24583.02 10329.94 42.02
821.5 24511.70 10340.65 42.19
822.7 24474.49 10365.12 42.35
823.9 24466.74 10399.16 42.50
825.1 24483.13 10430.04 42.60
826.3 24493.16 10475.01 42.77
827.5 24511.03 10521.10 42.92
828.7 24560.16 10564.61 43.02
829.9 24556.61 10599.06 43.16
831.0 24631.50 10653.05 43.25
832.2 24684.15 10701.09 43.35
833.4 24732.69 10753.79 43.48
834.6 24771.09 10795.31 43.58
835.8 24806.25 10834.43 43.68
837.0 24848.21 10895.64 43.85
838.1 24942.61 10969.45 43.98
839.3 24987.97 11018.86 44.10
840.5 25056.73 11084.61 44.24
841.7 25139.84 11147.84 44.34
842.9 25202.72 11205.15 44.46
844.0 25272.39 11254.40 44.53
845.2 25356.92 11328.86 44.68
846.4 25406.55 11396.15 44.86
847.5 25535.27 11480.15 44.96
848.7 25649.51 11578.79 45.14
849.9 25759.43 11666.92 45.29
851.0 25787.85 11726.52 45.47
852.2 25836.49 11795.31 45.65
853.3 25835.02 11822.01 45.76
854.5 25803.13 11860.04 45.96
855.6 25784.28 11887.54 46.10
856.8 25811.14 11942.29 46.27
857.9 25796.36 11965.73 46.39
859.1 25866.40 12034.20 46.52
860.2 25870.46 12071.42 46.66
861.4 25883.89 12105.89 46.77
862.5 25913.95 12150.43 46.89
863.7 25967.63 12222.45 47.07
864.8 25978.23 12250.63 47.16
865.9 25934.02 12253.46 47.25
867.1 25972.57 12292.63 47.33
868.2 25960.64 12324.00 47.47
869.3 25983.57 12357.54 47.56
870.5 25945.69 12363.81 47.65
871.6 25952.82 12398.71 47.77
872.7 25988.86 12451.08 47.91
873.9 26010.48 12485.93 48.00
875.0 25998.57 12496.61 48.07
876.1 25976.68 12505.78 48.14
877.2 25992.15 12528.87 48.20
878.3 25997.76 12538.50 48.23
879.4 26016.59 12574.01 48.33
880.5 26032.32 12588.91 48.36
881.7 26038.68 12588.81 48.35
882.8 26051.76 12643.37 48.53
883.9 26088.59 12675.61 48.59
885.0 26049.66 12689.45 48.71
886.1 26068.54 12689.34 48.68
887.2 25979.14 12688.74 48.84
888.3 25929.87 12683.02 48.91
889.4 25867.81 12659.48 48.94
890.5 25830.84 12659.23 49.01
891.6 25777.28 12651.35 49.08
892.7 25812.52 12648.41 49.00
893.8 25792.32 12651.77 49.05
894.9 25833.34 12663.31 49.02
896.0 25797.95 12661.28 49.08
897.0 25823.30 12681.76 49.11
898.1 25837.83 12694.16 49.13
899.2 25853.12 12700.53 49.13
900.3 25827.20 12661.48 49.02
901.4 25755.93 12632.85 49.05
902.4 25796.28 12650.03 49.04
903.5 25760.57 12637.37 49.06
904.6 25773.48 12640.89 49.05
905.7 25786.56 12640.45 49.02
906.7 25778.44 12641.12 49.04
907.8 25791.16 12654.42 49.06
908.9 25756.23 12615.26 48.98
909.9 25738.83 12611.20 49.00
911.0 25715.27 12584.98 48.94
912.1 25708.69 12559.30 48.85
913.1 25683.06 12517.96 48.74
914.2 25568.28 12447.10 48.68
915.2 25594.38 12435.55 48.59
916.3 25582.28 12403.71 48.49
917.3 25579.53 12375.56 48.38
918.4 25529.08 12317.86 48.25
919.4 25526.52 12258.06 48.02
920.5 25540.93 12238.98 47.92
921.5 25532.64 12190.58 47.75
922.6 25509.72 12114.48 47.49
923.6 25552.64 12092.01 47.32
924.7 25558.13 12044.30 47.13
925.7 25559.01 11967.72 46.82
926.7 25571.07 11922.20 46.62
927.8 25622.74 11869.36 46.32
928.8 25737.00 11818.88 45.92
929.9 25798.01 11791.12 45.71
930.9 25912.02 11748.61 45.34
931.9 26063.45 11712.41 44.94
932.9 26272.00 11725.56 44.63
934.0 26311.65 11658.91 44.31
935.0 26328.00 11544.49 43.85
936.0 26313.67 11439.90 43.48
937.0 26305.79 11333.56 43.08
938.1 26273.03 11218.74 42.70
939.1 26282.27 11106.57 42.26
940.1 26307.38 11010.98 41.86
941.1 26474.98 10976.29 41.46
942.1 26613.43 10922.82 41.04
943.1 26709.35 10856.22 40.65
944.1 26891.46 10782.30 40.10
945.2 26931.87 10694.63 39.71
946.2 27005.05 10583.02 39.19
947.2 27050.94 10512.75 38.86
948.2 27161.01 10410.25 38.33
949.2 27258.97 10306.89 37.81
950.2 27257.00 10175.01 37.33
951.2 27381.90 10055.98 36.72
952.2 27427.92 9954.24 36.29
953.2 27549.11 9875.09 35.85
954.2 27670.16 9774.63 35.33
955.2 27683.23 9650.72 34.86
956.2 27678.04 9543.29 34.48
957.2 27683.31 9492.79 34.29
958.2 27771.67 9432.26 33.96
959.2 27855.45 9387.27 33.70
960.1 27895.78 9306.54 33.36
961.1 27947.74 9271.23 33.17
962.1 27921.09 9262.50 33.17
963.1 28038.72 9216.11 32.87
964.1 28081.62 9211.74 32.80
965.1 28159.91 9199.93 32.67
966.1 28230.04 9179.19 32.52
967.0 28291.66 9184.42 32.46
968.0 28354.15 9175.60 32.36
969.0 28355.00 9184.88 32.39
970.0 28440.42 9173.33 32.25
971.0 28447.07 9173.24 32.25
971.9 28529.94 9139.97 32.04
972.9 28619.85 9180.97 32.08
973.9 28640.46 9165.98 32.00
974.9 28629.25 9189.37 32.10
975.8 28737.28 9184.58 31.96
976.8 28722.61 9191.23 32.00
977.8 28846.97 9238.68 32.03
978.8 28789.28 9220.74 32.03
979.7 28914.30 9306.85 32.19
980.7 28909.16 9249.34 31.99
981.7 29108.19 9252.01 31.78
982.6 29310.11 9304.34 31.74
983.6 29612.62 9401.00 31.75
984.6 29886.86 9467.19 31.68
985.5 30220.02 9722.66 32.17
986.5 30590.42 9833.20 32.14
987.5 31346.01 10137.04 32.34
988.4 31956.65 10157.84 31.79
989.4 32957.10 10561.25 32.05
990.4 33646.09 11298.08 33.58
991.3 34254.92 11452.39 33.43
992.3 35605.12 11777.08 33.08
993.2 35791.00 12386.60 34.61
994.2 37066.33 12954.24 34.95
995.2 37769.29 13037.40 34.52
996.1 38356.88 13325.58 34.74
997.1 37945.80 13614.89 35.88
998.0 38542.50 13772.52 35.73
999.0 38301.25 14019.70 36.60
1000.0 38064.02 13800.55 36.26
1000.9 38955.51 14795.22 37.98
1001.9 38313.61 14190.23 37.04
1002.8 38469.11 14216.85 36.96
1003.8 38840.71 13441.51 34.61
1004.8 39018.78 13964.62 35.79
961.5 34418.44 9861.46 28.65
965.5 34203.70 9894.34 28.93
969.5 33124.73 9860.09 29.77
973.4 31599.68 9601.61 30.39
977.4 30418.99 9539.16 31.36
981.4 29806.10 9642.02 32.35
985.3 29606.90 9663.54 32.64
989.3 29665.19 9868.70 33.27
993.3 29713.32 10122.12 34.07
997.2 29668.74 10316.70 34.77
1001.2 29627.00 10500.36 35.44
1005.2 29568.23 10710.07 36.22
1009.1 29600.49 10940.27 36.96
1013.1 29702.49 11206.79 37.73
1017.1 29789.49 11498.41 38.60
1021.0 29789.99 11780.31 39.54
1025.0 29760.59 12064.81 40.54
1029.0 29636.30 12313.71 41.55
1032.9 29533.53 12541.49 42.47
1036.9 29509.70 12794.34 43.36
1040.9 29556.91 13099.49 44.32
1044.8 29679.34 13403.90 45.16
1048.8 29786.37 13689.74 45.96
1052.7 29868.84 13933.65 46.65
1056.7 29898.31 14097.97 47.15
1060.7 29913.73 14228.35 47.56
1064.6 29918.21 14342.07 47.94
1068.6 29859.11 14372.06 48.13
1072.5 29814.52 14356.47 48.15
1076.5 29798.83 14309.95 48.02
1080.4 29797.49 14254.17 47.84
1084.4 29858.05 14178.74 47.49
1088.3 29928.60 14072.42 47.02
1092.3 29919.24 13893.46 46.44
1096.2 29930.07 13677.21 45.70
1100.2 29956.02 13478.35 44.99
1104.1 29873.92 13223.62 44.26
1108.1 29858.25 12995.03 43.52
1112.0 29809.22 12731.90 42.71
1116.0 29674.06 12414.42 41.84
1119.9 29580.84 12083.69 40.85
1123.9 29636.88 11715.65 39.53
1127.8 29621.76 11185.92 37.76
1131.8 29615.13 10542.27 35.60
1135.7 29658.37 9834.23 33.16
1139.6 29649.41 9102.19 30.70
1143.6 29635.32 8444.09 28.49
1147.5 29635.02 7906.17 26.68
1151.4 29535.85 7466.53 25.28
1155.4 29547.88 7184.15 24.31
1159.3 29582.50 7002.94 23.67
1163.2 29498.44 6845.67 23.21
1167.2 29505.90 6761.40 22.92
1171.1 29517.01 6682.44 22.64
1175.0 29484.53 6606.62 22.41
1179.0 29486.15 6560.19 22.25
1182.9 29537.81 6532.23 22.11
1186.8 29538.86 6478.62 21.93
1190.7 29410.97 6401.56 21.77
1194.7 29255.48 6352.48 21.71
1198.6 29133.72 6306.30 21.65
1202.5 29044.69 6282.83 21.63
1206.4 28972.03 6267.47 21.63
1210.3 28920.11 6254.20 21.63
1214.2 28863.76 6277.95 21.75
1218.2 28763.18 6296.62 21.89
1222.1 28692.28 6320.75 22.03
1226.0 28656.56 6345.54 22.14
1229.9 28600.92 6366.36 22.26
1233.8 28545.33 6390.37 22.39
1237.7 28520.81 6418.88 22.51
1241.6 28465.46 6442.54 22.63
1245.5 28370.21 6443.79 22.71
1249.4 28299.76 6442.25 22.76
1253.3 28232.22 6448.67 22.84
1257.2 28191.00 6456.94 22.90
1261.1 28130.65 6444.36 22.91
1265.0 28057.45 6422.65 22.89
1268.9 27949.80 6380.66 22.83
1272.8 27989.85 6366.90 22.75
1276.7 28109.94 6357.96 22.62
1280.6 28175.48 6308.07 22.39
1284.5 28132.96 6234.93 22.16
1288.4 28112.11 6162.13 21.92
1292.3 28036.25 6061.00 21.62
1296.2 27954.20 5943.66 21.26
1300.1 27848.52 5808.58 20.86
1303.9 27706.57 5658.66 20.42
1307.8 27559.31 5492.53 19.93
1311.7 27397.23 5314.14 19.40
1315.6 27238.78 5138.57 18.86
1319.5 27066.08 4939.85 18.25
1323.3 26913.00 4755.87 17.67
1327.2 26776.06 4578.83 17.10
1331.1 26621.95 4404.80 16.55
1335.0 26429.02 4236.60 16.03
1338.8 26290.11 4076.59 15.51
1342.7 26169.42 3938.12 15.05
1346.5 25929.13 3803.95 14.67
1350.4 25728.90 3682.26 14.31
1354.3 25457.85 3555.34 13.97
1358.1 25158.95 3435.27 13.65
1362.0 24980.59 3309.85 13.25
1365.8 24927.82 3189.06 12.79
1369.7 24996.19 3097.14 12.39
1373.5 24961.93 2978.15 11.93
1377.4 24802.90 2820.37 11.37
1381.2 24660.90 2634.12 10.68
1385.1 24643.85 2448.15 9.93
1389.0 24592.75 2266.06 9.21
1392.8 24461.78 2104.16 8.60
1396.6 24365.22 1963.76 8.06
1400.5 24231.60 1834.94 7.57
1404.3 24125.27 1725.16 7.15
1408.2 24097.32 1648.76 6.84
1412.0 24070.61 1594.56 6.62
1415.8 24101.54 1556.32 6.46
1419.6 24084.23 1512.51 6.28
1423.5 24070.46 1488.36 6.18
1427.3 24053.34 1470.60 6.11
1431.1 24042.83 1455.45 6.05
1434.9 23983.10 1447.06 6.03
1438.8 23944.05 1428.36 5.97
1442.6 23927.04 1419.42 5.93
1446.4 23856.75 1417.58 5.94
1450.2 23800.39 1406.38 5.91
1454.0 23730.24 1397.64 5.89
1457.8 23714.21 1402.44 5.91
1461.6 23699.02 1402.63 5.92
1465.4 23623.88 1398.08 5.92
1469.2 23507.58 1408.23 5.99
1473.0 23416.67 1423.13 6.08
1476.8 23385.95 1428.31 6.11
1480.7 23341.52 1444.89 6.19
1484.4 23269.68 1461.48 6.28
1488.2 23205.84 1472.88 6.35
1492.0 23119.76 1494.02 6.46
1495.8 23050.30 1512.88 6.56
1499.6 22974.60 1524.65 6.64
1503.4 22886.86 1537.54 6.72
1507.2 22817.82 1561.66 6.84
1510.9 22736.47 1572.15 6.91
1514.7 22640.13 1582.22 6.99
1518.5 22563.41 1597.37 7.08
1522.3 22469.97 1603.81 7.14
1526.0 22400.45 1611.94 7.20
1529.8 22366.84 1613.29 7.21
1533.6 22289.14 1620.42 7.27
1537.3 22206.85 1637.48 7.37
1541.1 22117.21 1655.67 7.49
1544.8 22039.20 1677.60 7.61
1548.6 21965.35 1697.22 7.73
1552.4 21895.60 1723.32 7.87
1556.1 21841.83 1735.20 7.94
1559.9 21787.79 1740.44 7.99
1563.6 21716.01 1755.92 8.09
1567.3 21641.45 1766.21 8.16
1571.1 21503.94 1776.67 8.26
1574.8 21413.78 1799.80 8.40
1578.6 21355.88 1812.49 8.49
1582.3 21274.05 1818.03 8.55
1586.0 21183.04 1828.15 8.63
1589.8 21100.62 1828.56 8.67
1593.5 21000.69 1825.52 8.69
1597.2 20929.52 1836.77 8.78
1600.9 20843.62 1840.70 8.83
1604.7 20745.10 1852.71 8.93
1608.4 20669.95 1862.24 9.01
1612.1 20567.28 1862.33 9.05
1615.8 20477.47 1864.65 9.11
1619.5 20422.34 1872.57 9.17
1623.2 20328.29 1878.09 9.24
1626.9 20221.28 1867.36 9.23
1630.6 20112.62 1868.24 9.29
1634.3 20025.88 1866.70 9.32
1638.0 19934.15 1866.11 9.36
1641.7 19830.91 1878.36 9.47
1645.4 19716.98 1881.68 9.54
1649.1 19602.77 1876.23 9.57
1652.8 19509.95 1873.09 9.60
1656.4 19395.62 1862.83 9.60
1660.1 19295.18 1858.89 9.63
1663.8 19185.10 1850.24 9.64
1667.5 19083.74 1841.60 9.65
1671.1 18996.35 1833.76 9.65
1674.8 18876.30 1812.74 9.60
1678.5 18838.56 1804.16 9.58
1682.1 18849.73 1797.89 9.54
1685.8 18859.30 1781.22 9.44
1689.5 18795.30 1767.52 9.40
1693.1 18706.41 1751.43 9.36
1696.8 18615.25 1736.13 9.33
1700.4 18529.58 1717.42 9.27
1704.0 18456.67 1688.75 9.15
1707.7 18296.86 1659.66 9.07
1711.3 18114.51 1632.02 9.01
1715.0 17992.28 1611.53 8.96
1718.6 17886.14 1583.76 8.85
1722.2 17799.94 1557.98 8.75
1725.9 17706.59 1539.49 8.69
1729.5 17604.49 1521.73 8.64
1733.1 17541.49 1508.97 8.60
1736.7 17471.92 1494.58 8.55
1740.3 17366.15 1477.72 8.51
1744.0 17315.89 1463.96 8.45
1747.5 17227.16 1448.95 8.41
1751.2 17088.52 1426.23 8.35
1754.8 16976.43 1404.77 8.27
1758.4 16893.02 1394.64 8.26
1762.0 16789.89 1378.45 8.21
1765.5 16699.11 1361.73 8.15
1769.1 16665.60 1353.60 8.12
1772.7 16620.17 1346.08 8.10
1776.3 16550.18 1330.06 8.04
1779.9 16477.44 1319.18 8.01
1783.5 16434.96 1311.92 7.98
1787.0 16345.96 1296.98 7.93
1790.6 16243.66 1288.14 7.93
1794.2 16171.99 1282.20 7.93
1797.8 16109.35 1272.74 7.90
1801.3 16053.66 1264.25 7.88
1804.9 15954.75 1260.00 7.90
1808.4 15901.90 1259.77 7.92
1812.0 15801.30 1251.62 7.92
1815.5 15695.88 1245.44 7.93
1819.1 15574.16 1227.74 7.88
1822.6 15471.85 1217.89 7.87
1826.2 15387.58 1212.57 7.88
1829.7 15274.18 1197.80 7.84
1833.2 15120.13 1191.58 7.88
1836.8 14969.50 1181.64 7.89
1840.3 14877.77 1159.61 7.79
1843.8 14800.45 1135.33 7.67
1847.3 14738.02 1126.08 7.64
1850.8 14668.42 1108.80 7.56
1854.3 14577.15 1076.93 7.39
1857.8 14534.00 1076.40 7.41
1861.3 14522.25 1075.50 7.41
1864.8 14459.04 1030.88 7.13
1868.3 14308.06 1006.27 7.03
1871.8 14215.68 960.00 6.75
1875.3 14201.46 905.00 6.37
1878.8 14176.42 881.68 6.22
1882.3 14122.90 853.80 6.05
1885.8 14014.10 803.10 5.73
1889.3 13904.45 767.37 5.52
1892.7 13776.82 761.44 5.53
1896.2 13660.15 742.82 5.44
1899.7 13554.20 731.77 5.40
1903.1 13466.38 737.35 5.48
1906.6 13511.57 738.16 5.46
1910.0 13676.29 813.07 5.95
1913.5 13920.50 835.23 6.00
1917.0 14289.98 960.05 6.72
1920.4 14838.23 1109.40 7.48
1923.8 14900.33 975.29 6.55
1871.2 12934.73 709.69 5.49
1873.9 13036.34 633.56 4.86
1876.7 13080.35 629.06 4.81
1879.5 13184.92 605.33 4.59
1882.3 12973.16 586.41 4.52
1885.1 12955.86 551.68 4.26
1887.8 13054.47 552.53 4.23
1890.6 12965.86 561.36 4.33
1893.4 12899.33 520.67 4.04
1896.2 12776.85 508.87 3.98
1898.9 12763.16 507.44 3.98
1901.7 12667.81 511.42 4.04
1904.5 12785.93 544.87 4.26
1907.2 12706.25 513.00 4.04
1910.0 12637.10 479.89 3.80
1912.7 12646.53 504.42 3.99
1915.5 12573.30 515.58 4.10
1918.2 12524.17 515.28 4.11
1921.0 12429.58 526.07 4.23
1923.7 12476.24 550.28 4.41
1926.5 12456.75 534.09 4.29
1929.2 12429.04 506.65 4.08
1932.0 12425.12 521.40 4.20
1934.7 12406.61 522.15 4.21
1937.4 12332.23 524.18 4.25
1940.2 12287.19 522.47 4.25
1942.9 12341.39 532.88 4.32
1945.6 12357.84 537.56 4.35
1948.3 12310.10 520.44 4.23
1951.1 12286.82 523.74 4.26
1953.8 12285.00 519.00 4.22
1956.5 12213.61 518.14 4.24
1959.2 12244.05 523.25 4.27
1961.9 12277.60 548.32 4.47
1964.6 12227.25 568.23 4.65
1967.3 12243.43 548.83 4.48
1970.0 12130.08 526.88 4.34
1972.8 12063.78 541.27 4.49
1975.5 12116.40 558.99 4.61
1978.2 12077.12 578.16 4.79
1980.9 11995.23 580.09 4.84
1983.5 11947.43 558.40 4.67
1986.2 11960.10 576.18 4.82
1988.9 11951.37 590.73 4.94
1991.6 11858.95 573.54 4.84
1994.3 11764.18 551.67 4.69
1997.0 11766.88 570.90 4.85
1999.7 11773.83 588.69 5.00
2002.3 11759.81 586.84 4.99
2005.0 11690.77 586.84 5.02
2007.7 11638.67 587.67 5.05
2010.4 11594.16 573.86 4.95
2013.0 11562.08 600.30 5.19
2015.7 11497.38 605.28 5.26
2018.4 11428.93 587.19 5.14
2021.0 11415.50 617.67 5.41
2023.7 11337.76 593.60 5.24
2026.4 11289.20 580.23 5.14
2029.0 11241.04 612.94 5.45
2031.7 11159.63 594.32 5.33
2034.3 11170.90 560.52 5.02
2037.0 11088.29 574.26 5.18
2039.6 11036.71 590.80 5.35
2042.3 11025.52 575.71 5.22
2044.9 10984.38 591.86 5.39
2047.5 10945.11 614.30 5.61
2050.2 10866.80 596.40 5.49
2052.8 10875.20 590.80 5.43
2055.4 10794.82 607.96 5.63
2058.1 10693.20 588.00 5.50
2060.7 10690.88 584.16 5.46
2063.3 10636.71 613.07 5.76
2065.9 10588.79 603.00 5.69
2068.6 10527.38 591.83 5.62
2071.2 10509.93 588.69 5.60
2073.8 10479.76 596.05 5.69
2076.4 10429.57 597.82 5.73
2079.0 10413.86 587.29 5.64
2081.6 10426.21 585.17 5.61
2084.2 10409.13 592.55 5.69
2086.8 10317.76 593.95 5.76
2089.4 10237.53 601.37 5.87
2092.1 10185.83 629.00 6.18
2094.7 10161.53 587.60 5.78
2097.2 10134.83 572.33 5.65
2099.8 10154.06 600.65 5.92
2102.4 10079.62 591.41 5.87
2105.0 9975.00 598.50 6.00
2107.6 9943.53 583.91 5.87
2110.2 9903.21 591.07 5.97
2112.8 9887.09 612.75 6.20
2115.3 9921.47 632.18 6.37
2117.9 9932.41 629.66 6.34
2120.5 9899.34 600.49 6.07
2123.1 9860.18 611.33 6.20
2125.6 9830.42 612.02 6.23
2128.2 9760.43 602.89 6.18
2130.8 9696.38 596.70 6.15
2133.3 9680.00 607.20 6.27
2135.9 9631.02 608.93 6.32
2138.4 9558.99 577.55 6.04
2141.0 9487.88 593.54 6.26
2143.6 9445.83 624.45 6.61
2146.1 9343.90 611.17 6.54
2148.7 9250.50 575.59 6.22
2151.2 9289.87 583.73 6.28
2153.8 9283.27 612.21 6.59
2156.3 9196.68 569.99 6.20
2158.8 9167.15 558.18 6.09
2161.4 9136.89 580.82 6.36
2163.9 9080.87 566.08 6.23
2166.4 9038.53 573.59 6.35
2169.0 9026.70 585.42 6.49
2171.5 8964.61 582.46 6.50
2174.0 8877.40 571.20 6.43
2176.5 8859.37 598.00 6.75
2179.1 8821.17 575.23 6.52
2181.6 8799.54 553.58 6.29
2184.1 8784.16 575.96 6.56
2186.6 8784.20 577.45 6.57
2189.1 8744.04 564.96 6.46
2191.6 8708.93 561.87 6.45
2194.1 8706.09 604.54 6.94
2196.6 8712.45 567.24 6.51
2199.2 8755.72 558.13 6.37
2201.7 8703.45 558.74 6.42
2204.1 8678.72 553.42 6.38
2206.6 8675.98 593.07 6.84
2209.1 8675.22 560.18 6.46
2211.6 8663.97 540.55 6.24
2214.1 8610.78 551.24 6.40
2216.6 8633.61 535.57 6.20
2219.1 8660.20 524.17 6.05
2221.6 8580.23 571.00 6.65
2224.0 8522.97 548.64 6.44
2226.5 8511.79 536.51 6.30
2229.0 8530.74 574.81 6.74
2231.5 8441.32 543.86 6.44
2233.9 8443.24 519.53 6.15
2236.4 8476.56 528.82 6.24
2238.9 8385.50 538.63 6.42
2241.3 8391.31 559.68 6.67
2243.8 8383.54 551.91 6.58
2246.2 8253.42 503.97 6.11
2248.7 8237.84 489.80 5.95
2251.2 8236.26 541.91 6.58
2253.6 8194.56 526.08 6.42
2256.1 8190.72 480.00 5.86
2258.5 8190.43 510.94 6.24
2260.9 8134.04 502.39 6.18
2263.4 8110.40 479.79 5.92
2265.8 8131.85 469.29 5.77
2268.3 8069.96 434.86 5.39
2270.7 8098.88 456.76 5.64
2273.1 8065.01 479.38 5.94
2275.6 8029.44 453.12 5.64
2278.0 8032.57 438.14 5.45
2280.4 8050.71 469.50 5.83
2282.8 7960.15 468.47 5.89
2285.3 7901.09 443.27 5.61
2287.7 7985.73 476.41 5.97
2290.1 7946.20 442.77 5.57
2292.5 7920.79 396.83 5.01
2294.9 7927.04 410.97 5.18
2297.3 7846.72 431.10 5.49
2299.7 7809.80 422.47 5.41
2302.1 7774.17 412.48 5.31
2304.5 7698.88 403.76 5.24
2306.9 7651.84 415.52 5.43
2309.3 7605.49 423.18 5.56
2311.7 7551.70 392.50 5.20
2314.1 7431.64 389.90 5.25
2316.5 7403.26 413.70 5.59
2318.9 7422.16 386.28 5.20
2321.3 7384.55 376.36 5.10
2323.7 7411.63 415.31 5.60
2326.1 7407.14 407.03 5.50
2328.4 7416.57 366.15 4.94
2330.8 7456.07 364.01 4.88
2333.2 7380.05 403.60 5.47
2335.6 7348.45 394.41 5.37
2337.9 7374.28 350.56 4.75
2340.3 7351.28 352.66 4.80
2342.7 7303.86 355.46 4.87
2345.0 7304.27 343.98 4.71
2347.4 7310.00 352.75 4.83
2349.7 7167.86 341.73 4.77
2352.1 7105.77 373.09 5.25
2354.4 7122.34 391.15 5.49
2356.8 7109.55 336.70 4.74
2359.2 7054.67 346.67 4.91
2361.5 7016.24 349.07 4.98
2363.8 7061.80 333.77 4.73
2366.2 7030.44 361.89 5.15
2368.5 6995.40 360.45 5.15
2370.9 6987.35 317.61 4.55
2373.2 6974.33 346.24 4.96
2375.5 6914.20 352.95 5.10
2377.9 6855.73 282.62 4.12
2380.2 6895.41 325.30 4.72
2382.5 6832.77 326.25 4.77
2384.8 6779.04 310.88 4.59
2387.2 6826.21 361.00 5.29
2389.5 6803.92 344.68 5.07
2391.8 6773.50 308.97 4.56
2394.1 6708.07 331.09 4.94
2396.4 6696.25 338.68 5.06
2398.7 6727.77 287.43 4.27
2401.0 6675.75 341.21 5.11
2403.3 6633.36 323.70 4.88
2405.6 6587.80 249.92 3.79
2407.9 6548.07 285.57 4.36
2410.2 6522.35 305.81 4.69
2412.5 6494.37 304.90 4.69
2414.8 6495.78 318.37 4.90
2417.1 6477.89 283.89 4.38
2419.4 6418.72 234.45 3.65
2421.7 6381.59 289.12 4.53
2424.0 6340.00 285.30 4.50
2426.2 6377.20 267.50 4.19
2428.5 6376.43 302.87 4.75
2430.8 6305.65 277.95 4.41
2433.1 6272.91 293.18 4.67
2435.4 6216.05 313.32 5.04
2437.6 6193.67 262.97 4.25
2439.9 6131.58 252.68 4.12
2442.2 6143.40 295.79 4.81
2444.4 6156.85 292.91 4.76
2446.7 6096.96 286.16 4.69
2448.9 6140.77 248.71 4.05
2451.2 6097.08 244.36 4.01
2453.4 6044.75 271.20 4.49
2455.7 6045.18 267.59 4.43
2457.9 5958.48 268.62 4.51
2460.2 5967.72 209.61 3.51
2462.4 5959.20 237.12 3.98
2464.7 5866.75 258.64 4.41
2466.9 5842.20 218.28 3.74
2469.2 5878.87 239.82 4.08
2471.4 5796.90 295.43 5.10
2473.6 5704.14 241.02 4.23
2475.9 5730.24 209.97 3.66
2478.1 5690.78 239.11 4.20
2480.3 5611.10 222.77 3.97
2482.5 5590.00 285.93 5.12
2484.8 5592.32 254.86 4.56
2487.0 5577.22 192.57 3.45
2489.2 5540.68 233.69 4.22
2491.4 5525.52 230.55 4.17
2493.6 5479.00 211.64 3.86
2495.8 5487.41 197.96 3.61
2498.0 5504.43 178.35 3.24
2500.2 5484.68 202.20 3.69
2502.4 5700.96 257.52 4.52
2504.6 5765.46 300.48 5.21
2506.8 5747.58 311.73 5.42
