/*** Spectra Vista SIG Data ***/
name= \My Documents\HR1024_Data\RD6S9.
instrument= HR: 1091052
integration= 400, 60, 30, 1000, 60, 30
scan time= 1, 1
scan settings= AD, AI, AD, AI
external data set1= 8224, 8224, 8224, 8224, 8224, 8224, 8224, 8224, 8224, 8224, 8224, 8224, 8224, 8224, 8224, 8224
external data set2= 8224, 8224, 8224, 8224, 8224, 8224, 8224, 8224, 8224, 8224, 8224, 8224, 8224, 8224, 8224, 8224
external data dark= 0,0,0,0,0,0,0,0
external data mask= 0
optic= LENS4 , LENS4 
temp= 32.98, 8.94, -5.37, 40.15, 8.94, -5.30
battery= 7.1, 6.9
error= 0, 0
units= Radiance, Radiance
time= 4/7/08 10:35:00 AM, 4/7/08 10:55:45 AM
longitude= , 
latitude= , 
gpstime= , 
comm= 
memory slot= 0, 0
factors= 
data= 
346.4 350.35 40.77 11.64
347.9 381.21 37.65 9.88
349.5 410.28 38.69 9.43
351.1 433.68 36.82 8.49
352.6 475.96 39.22 8.24
354.2 499.06 39.27 7.87
355.7 540.48 47.15 8.72
357.3 582.54 47.85 8.21
358.8 588.91 42.64 7.24
360.4 636.67 52.06 8.18
361.9 668.64 54.33 8.13
363.5 692.50 49.17 7.10
365.1 712.57 47.85 6.72
366.6 747.47 53.17 7.11
368.2 792.37 51.71 6.53
369.7 840.74 49.63 5.90
371.3 898.85 54.00 6.01
372.8 941.22 57.10 6.07
374.4 986.23 57.41 5.82
375.9 1017.83 59.58 5.85
377.4 1052.18 56.59 5.38
379.0 1086.82 56.01 5.15
380.5 1123.29 56.01 4.99
382.1 1153.93 56.15 4.87
383.6 1194.95 55.57 4.65
385.2 1251.25 55.55 4.44
386.7 1299.60 49.82 3.83
388.3 1372.34 57.07 4.16
389.8 1424.66 57.10 4.01
391.3 1483.01 57.37 3.87
392.9 1530.61 59.75 3.90
394.4 1562.39 63.50 4.06
395.9 1621.81 64.68 3.99
397.5 1711.90 65.89 3.85
399.0 1784.48 66.74 3.74
400.6 1838.09 66.79 3.63
402.1 1856.31 60.89 3.28
403.6 1888.03 59.94 3.17
405.1 1944.54 58.95 3.03
406.7 2010.40 59.14 2.94
408.2 2079.37 60.14 2.89
409.7 2148.16 61.38 2.86
411.3 2213.53 61.51 2.78
412.8 2271.65 66.83 2.94
414.3 2341.03 67.06 2.86
415.8 2417.50 68.00 2.81
417.4 2490.79 68.31 2.74
418.9 2548.98 72.36 2.84
420.4 2593.45 72.28 2.79
421.9 2640.22 72.12 2.73
423.5 2679.41 70.05 2.61
425.0 2722.85 70.57 2.59
426.5 2778.88 70.52 2.54
428.0 2849.90 72.25 2.54
429.5 2939.79 69.13 2.35
431.1 3042.79 69.27 2.28
432.6 3149.06 74.59 2.37
434.1 3259.99 76.23 2.34
435.6 3346.58 79.72 2.38
437.1 3441.75 80.34 2.33
438.6 3531.11 80.96 2.29
440.1 3611.12 81.28 2.25
441.6 3703.62 84.91 2.29
443.1 3787.76 85.86 2.27
444.7 3873.68 86.72 2.24
446.2 3941.61 85.46 2.17
447.7 4009.71 90.62 2.26
449.2 4084.56 89.86 2.20
450.7 4145.44 89.02 2.15
452.2 4210.01 88.82 2.11
453.7 4291.20 93.13 2.17
455.2 4393.26 91.55 2.08
456.7 4515.28 91.52 2.03
458.2 4654.47 96.46 2.07
459.7 4795.00 96.95 2.02
461.2 4934.06 99.19 2.01
462.7 5054.96 103.10 2.04
464.2 5177.07 105.04 2.03
465.7 5301.12 107.02 2.02
467.2 5404.44 113.19 2.09
468.7 5508.00 114.80 2.08
470.2 5586.81 119.68 2.14
471.7 5702.38 125.40 2.20
473.2 5885.72 127.73 2.17
474.6 6027.25 129.31 2.15
476.1 6074.86 127.20 2.09
477.6 6093.70 126.06 2.07
479.1 6122.60 127.36 2.08
480.6 6163.05 124.89 2.03
482.1 6243.66 126.55 2.03
483.6 6332.42 124.69 1.97
485.1 6458.38 126.15 1.95
486.6 6604.00 127.52 1.93
488.0 6753.50 132.93 1.97
489.5 6913.82 133.72 1.93
491.0 7075.65 134.81 1.91
492.5 7238.97 139.97 1.93
494.0 7404.10 143.23 1.93
495.4 7549.58 144.54 1.91
496.9 7695.36 149.97 1.95
498.4 7836.28 153.68 1.96
499.9 7979.51 158.70 1.99
501.4 8103.78 160.19 1.98
502.8 8223.51 163.42 1.99
504.3 8333.10 164.16 1.97
505.8 8444.88 169.59 2.01
507.2 8514.20 171.08 2.01
508.7 8565.01 173.45 2.03
510.2 8590.79 175.83 2.05
511.6 8618.22 177.57 2.06
513.1 8670.26 179.15 2.07
514.6 8732.77 180.56 2.07
516.0 8783.27 182.88 2.08
517.5 8880.96 184.76 2.08
519.0 8994.65 187.09 2.08
520.5 9112.66 188.27 2.07
521.9 9263.01 193.50 2.09
523.4 9434.43 199.38 2.11
524.8 9608.27 202.88 2.11
526.3 9802.81 207.33 2.11
527.8 10000.35 212.47 2.12
529.2 10181.33 218.98 2.15
530.7 10383.39 227.29 2.19
532.1 10567.68 231.42 2.19
533.6 10773.42 236.28 2.19
535.0 10980.59 242.55 2.21
536.5 11186.70 249.21 2.23
538.0 11401.56 253.18 2.22
539.4 11601.83 263.46 2.27
540.9 11838.18 270.46 2.28
542.3 12056.36 275.13 2.28
543.8 12205.88 282.05 2.31
545.2 12241.58 284.86 2.33
546.6 12248.30 285.27 2.33
548.1 12260.70 288.42 2.35
549.5 12261.13 289.86 2.36
551.0 12260.01 291.91 2.38
552.4 12274.54 295.97 2.41
553.9 12279.40 300.00 2.44
555.3 12300.80 299.75 2.44
556.8 12360.66 303.85 2.46
558.2 12414.09 311.18 2.51
559.6 12499.51 314.64 2.52
561.1 12612.44 321.75 2.55
562.5 12742.28 330.12 2.59
564.0 12915.37 338.87 2.62
565.4 13070.62 346.58 2.65
566.8 13269.64 357.96 2.70
568.3 13461.39 367.65 2.73
569.7 13659.35 377.90 2.77
571.1 13859.91 389.79 2.81
572.6 14064.03 402.08 2.86
574.0 14250.23 412.50 2.89
575.4 14437.41 426.60 2.95
576.9 14612.77 440.40 3.01
578.3 14771.90 453.67 3.07
579.7 14927.19 466.35 3.12
581.1 15049.34 480.42 3.19
582.6 15179.87 495.51 3.26
584.0 15306.40 507.95 3.32
585.4 15471.50 525.10 3.39
586.8 15703.41 543.59 3.46
588.3 15959.97 559.73 3.51
589.7 16164.72 579.38 3.58
591.1 16308.26 593.95 3.64
592.5 16380.50 608.16 3.71
594.0 16416.90 624.71 3.81
595.4 16426.30 637.43 3.88
596.8 16438.21 649.08 3.95
598.2 16446.40 661.70 4.02
599.6 16446.15 679.79 4.13
601.0 16488.64 693.81 4.21
602.4 16524.83 710.21 4.30
603.9 16595.00 729.03 4.39
605.3 16677.56 748.94 4.49
606.7 16748.10 765.72 4.57
608.1 16880.08 791.43 4.69
609.5 17023.96 816.52 4.80
610.9 17200.20 848.65 4.93
612.3 17363.60 874.16 5.03
613.7 17583.26 907.25 5.16
615.1 17730.09 940.90 5.31
616.5 17885.32 971.35 5.43
617.9 18120.27 1012.14 5.59
619.3 18343.55 1050.31 5.73
620.7 18613.68 1095.94 5.89
622.1 18877.69 1135.49 6.01
623.5 19168.37 1169.91 6.10
624.9 19495.88 1211.28 6.21
626.3 19705.80 1245.55 6.32
627.7 19502.63 1263.50 6.48
629.1 19316.59 1283.98 6.65
630.5 19234.56 1315.03 6.84
631.9 19243.16 1348.37 7.01
633.3 19227.78 1382.52 7.19
634.7 19307.14 1425.62 7.38
636.1 19335.07 1463.51 7.57
637.5 19378.14 1502.67 7.75
638.9 19457.31 1542.69 7.93
640.2 19514.53 1584.33 8.12
641.6 19531.98 1626.77 8.33
643.0 19504.65 1662.93 8.53
644.4 19507.28 1707.16 8.75
645.8 19449.04 1741.78 8.96
647.2 19526.59 1788.77 9.16
648.5 19579.91 1835.13 9.37
649.9 19492.88 1873.87 9.61
651.3 19428.45 1912.50 9.84
652.7 19344.30 1947.69 10.07
654.1 19217.52 1946.84 10.13
655.5 19076.42 1927.64 10.10
656.8 18936.77 1916.88 10.12
658.2 19052.33 1932.04 10.14
659.6 19274.42 1963.51 10.19
660.9 19463.87 1996.75 10.26
662.3 19650.11 2029.53 10.33
663.7 19826.10 2063.88 10.41
665.0 19986.79 2099.99 10.51
666.4 20146.14 2139.75 10.62
667.8 20346.56 2189.81 10.76
669.1 20529.76 2235.19 10.89
670.5 20738.52 2290.87 11.05
671.9 20872.26 2343.96 11.23
673.2 21059.41 2413.92 11.46
674.6 21230.21 2490.25 11.73
676.0 21420.32 2576.12 12.03
677.3 21614.12 2666.10 12.33
678.7 21817.38 2764.20 12.67
680.0 22089.50 2879.02 13.03
681.4 22373.47 2994.96 13.39
682.8 22657.86 3121.30 13.78
684.1 22942.53 3246.05 14.15
685.5 23200.94 3367.82 14.52
686.8 23448.72 3487.30 14.87
688.2 23672.40 3600.10 15.21
689.5 23749.65 3688.13 15.53
690.9 23825.77 3774.60 15.84
692.2 23869.28 3855.09 16.15
693.6 23926.69 3942.64 16.48
694.9 23920.11 4008.89 16.76
696.2 23942.14 4080.49 17.04
697.6 23961.85 4150.74 17.32
698.9 23992.32 4222.94 17.60
700.3 24038.01 4304.57 17.91
701.6 24084.68 4383.46 18.20
703.0 24137.54 4462.17 18.49
704.3 24141.49 4526.08 18.75
705.6 24144.66 4594.57 19.03
707.0 24151.61 4659.02 19.29
708.3 24094.31 4711.32 19.55
709.6 24038.25 4762.92 19.81
711.0 23936.43 4803.18 20.07
712.3 23827.16 4846.40 20.34
713.6 23789.01 4899.22 20.59
714.9 23716.29 4946.78 20.86
716.3 23686.39 5001.08 21.11
717.6 23672.15 5065.83 21.40
718.9 23614.96 5100.78 21.60
720.2 23494.56 5134.46 21.85
721.6 23399.74 5169.71 22.09
722.9 23270.63 5199.03 22.34
724.2 23091.17 5219.60 22.60
725.5 22957.02 5246.33 22.85
726.8 22832.78 5269.58 23.08
728.1 22750.67 5301.82 23.30
729.5 22685.44 5339.77 23.54
730.8 22628.18 5382.47 23.79
732.1 22547.20 5419.46 24.04
733.4 22493.78 5458.55 24.27
734.7 22430.29 5498.94 24.52
736.0 22412.65 5540.54 24.72
737.3 22354.35 5590.19 25.01
738.6 22392.88 5659.82 25.28
739.9 22486.41 5744.18 25.55
741.2 22557.99 5816.54 25.78
742.5 22690.46 5923.45 26.11
743.8 22954.18 6056.82 26.39
745.1 23356.68 6226.64 26.66
746.4 23838.13 6421.60 26.94
747.7 24340.83 6612.47 27.17
749.0 24845.90 6788.79 27.32
750.3 25109.11 6913.05 27.53
751.6 25056.94 6938.90 27.69
752.9 24812.33 6921.95 27.90
754.2 24511.78 6901.90 28.16
755.4 24190.11 6882.95 28.45
756.7 24095.29 6919.45 28.72
758.0 24119.44 6995.23 29.00
759.3 24282.67 7120.59 29.32
760.6 24509.10 7258.33 29.61
761.9 24709.31 7387.85 29.90
763.1 24854.26 7488.96 30.13
764.4 25021.13 7604.02 30.39
765.7 25148.50 7697.95 30.61
767.0 25255.87 7799.18 30.88
768.2 25351.20 7888.61 31.12
769.5 25424.49 7975.08 31.37
770.8 25570.26 8078.01 31.59
772.0 25587.81 8147.12 31.84
773.3 25669.17 8235.92 32.08
774.6 25760.75 8329.23 32.33
775.8 25826.13 8407.88 32.56
777.1 25851.30 8478.81 32.80
778.4 25836.83 8533.25 33.03
779.6 25861.37 8593.34 33.23
780.9 25820.00 8652.00 33.51
782.1 25728.02 8677.68 33.73
783.4 25750.40 8745.15 33.96
784.6 25767.74 8812.52 34.20
785.9 25975.04 8952.11 34.46
787.1 26352.59 9155.15 34.74
788.4 26662.70 9304.11 34.90
789.6 26677.46 9323.97 34.95
790.9 26422.83 9253.08 35.02
792.1 26144.60 9209.54 35.23
793.4 25865.12 9174.76 35.47
794.6 25676.57 9166.60 35.70
795.8 25513.36 9162.47 35.91
797.1 25350.08 9156.41 36.12
798.3 25228.50 9178.46 36.38
799.5 25169.97 9204.19 36.57
800.8 25099.23 9227.45 36.76
802.0 25011.42 9244.30 36.96
803.2 24918.76 9259.67 37.16
804.5 24860.18 9281.98 37.34
805.7 24781.04 9300.07 37.53
806.9 24699.71 9313.36 37.71
808.1 24647.73 9340.86 37.90
809.4 24609.13 9372.66 38.09
810.6 24558.63 9397.57 38.27
811.8 24538.32 9440.38 38.47
813.0 24560.28 9484.08 38.62
814.2 24583.06 9530.65 38.77
815.4 24644.79 9601.02 38.96
816.6 24675.27 9646.50 39.09
817.9 24704.84 9677.90 39.17
819.1 24672.89 9687.43 39.26
820.3 24583.02 9675.46 39.36
821.5 24511.70 9679.99 39.49
822.7 24474.49 9694.83 39.61
823.9 24466.74 9720.78 39.73
825.1 24483.13 9744.97 39.80
826.3 24493.16 9759.11 39.84
827.5 24511.03 9783.49 39.91
828.7 24560.16 9799.44 39.90
829.9 24556.61 9818.99 39.99
831.0 24631.50 9846.17 39.97
832.2 24684.15 9878.28 40.02
833.4 24732.69 9914.48 40.09
834.6 24771.09 9952.50 40.18
835.8 24806.25 9986.76 40.26
837.0 24848.21 10037.49 40.40
838.1 24942.61 10090.74 40.46
839.3 24987.97 10135.44 40.56
840.5 25056.73 10192.28 40.68
841.7 25139.84 10258.73 40.81
842.9 25202.72 10318.48 40.94
844.0 25272.39 10365.67 41.02
845.2 25356.92 10440.34 41.17
846.4 25406.55 10487.12 41.28
847.5 25535.27 10566.89 41.38
848.7 25649.51 10626.06 41.43
849.9 25759.43 10701.26 41.54
851.0 25787.85 10727.37 41.60
852.2 25836.49 10762.21 41.66
853.3 25835.02 10772.56 41.70
854.5 25803.13 10793.07 41.83
855.6 25784.28 10803.35 41.90
856.8 25811.14 10838.61 41.99
857.9 25796.36 10855.75 42.08
859.1 25866.40 10915.72 42.20
860.2 25870.46 10930.97 42.25
861.4 25883.89 10964.84 42.36
862.5 25913.95 10991.96 42.42
863.7 25967.63 11030.75 42.48
864.8 25978.23 11069.59 42.61
865.9 25934.02 11071.30 42.69
867.1 25972.57 11084.73 42.68
868.2 25960.64 11100.36 42.76
869.3 25983.57 11128.56 42.83
870.5 25945.69 11109.26 42.82
871.6 25952.82 11122.84 42.86
872.7 25988.86 11151.45 42.91
873.9 26010.48 11175.87 42.97
875.0 25998.57 11167.28 42.95
876.1 25976.68 11171.71 43.01
877.2 25992.15 11183.24 43.03
878.3 25997.76 11181.27 43.01
879.4 26016.59 11182.67 42.98
880.5 26032.32 11179.66 42.95
881.7 26038.68 11187.80 42.97
882.8 26051.76 11201.22 43.00
883.9 26088.59 11195.59 42.91
885.0 26049.66 11165.15 42.86
886.1 26068.54 11127.11 42.68
887.2 25979.14 11097.48 42.72
888.3 25929.87 11058.98 42.65
889.4 25867.81 11016.54 42.59
890.5 25830.84 10991.50 42.55
891.6 25777.28 10962.34 42.53
892.7 25812.52 10958.33 42.45
893.8 25792.32 10963.78 42.51
894.9 25833.34 10957.83 42.42
896.0 25797.95 10917.55 42.32
897.0 25823.30 10934.97 42.35
898.1 25837.83 10920.24 42.26
899.2 25853.12 10905.38 42.18
900.3 25827.20 10866.11 42.07
901.4 25755.93 10837.85 42.08
902.4 25796.28 10826.10 41.97
903.5 25760.57 10796.72 41.91
904.6 25773.48 10775.31 41.81
905.7 25786.56 10757.91 41.72
906.7 25778.44 10752.66 41.71
907.8 25791.16 10723.23 41.58
908.9 25756.23 10685.36 41.49
909.9 25738.83 10668.46 41.45
911.0 25715.27 10621.52 41.30
912.1 25708.69 10588.36 41.19
913.1 25683.06 10534.06 41.02
914.2 25568.28 10473.51 40.96
915.2 25594.38 10447.54 40.82
916.3 25582.28 10383.66 40.59
917.3 25579.53 10349.00 40.46
918.4 25529.08 10270.65 40.23
919.4 25526.52 10212.66 40.01
920.5 25540.93 10150.26 39.74
921.5 25532.64 10089.98 39.52
922.6 25509.72 10010.09 39.24
923.6 25552.64 9950.74 38.94
924.7 25558.13 9896.45 38.72
925.7 25559.01 9823.96 38.44
926.7 25571.07 9730.39 38.05
927.8 25622.74 9668.37 37.73
928.8 25737.00 9580.88 37.23
929.9 25798.01 9516.55 36.89
930.9 25912.02 9453.69 36.48
931.9 26063.45 9403.60 36.08
932.9 26272.00 9361.84 35.63
934.0 26311.65 9270.89 35.23
935.0 26328.00 9159.72 34.79
936.0 26313.67 9061.43 34.44
937.0 26305.79 8942.66 34.00
938.1 26273.03 8836.91 33.63
939.1 26282.27 8727.11 33.21
940.1 26307.38 8638.82 32.84
941.1 26474.98 8569.92 32.37
942.1 26613.43 8480.80 31.87
943.1 26709.35 8418.64 31.52
944.1 26891.46 8352.23 31.06
945.2 26931.87 8223.43 30.53
946.2 27005.05 8129.22 30.10
947.2 27050.94 8014.30 29.63
948.2 27161.01 7913.75 29.14
949.2 27258.97 7815.11 28.67
950.2 27257.00 7693.78 28.23
951.2 27381.90 7579.82 27.68
952.2 27427.92 7440.99 27.13
953.2 27549.11 7352.35 26.69
954.2 27670.16 7278.21 26.30
955.2 27683.23 7152.78 25.84
956.2 27678.04 7082.32 25.59
957.2 27683.31 6976.71 25.20
958.2 27771.67 6914.38 24.90
959.2 27855.45 6903.09 24.78
960.1 27895.78 6818.21 24.44
961.1 27947.74 6806.33 24.35
962.1 27921.09 6772.31 24.26
963.1 28038.72 6760.67 24.11
964.1 28081.62 6731.37 23.97
965.1 28159.91 6748.40 23.96
966.1 28230.04 6688.65 23.69
967.0 28291.66 6696.13 23.67
968.0 28354.15 6672.79 23.53
969.0 28355.00 6719.60 23.70
970.0 28440.42 6687.97 23.52
971.0 28447.07 6689.68 23.52
971.9 28529.94 6712.09 23.53
972.9 28619.85 6717.31 23.47
973.9 28640.46 6721.72 23.47
974.9 28629.25 6690.03 23.37
975.8 28737.28 6720.98 23.39
976.8 28722.61 6773.44 23.58
977.8 28846.97 6753.79 23.41
978.8 28789.28 6796.38 23.61
979.7 28914.30 6761.95 23.39
980.7 28909.16 6815.72 23.58
981.7 29108.19 6878.14 23.63
982.6 29310.11 6932.64 23.65
983.6 29612.62 6946.24 23.46
984.6 29886.86 7112.47 23.80
985.5 30220.02 7219.80 23.89
986.5 30590.42 7398.61 24.19
987.5 31346.01 7497.38 23.92
988.4 31956.65 7746.42 24.24
989.4 32957.10 8014.57 24.32
990.4 33646.09 8232.71 24.47
991.3 34254.92 8350.70 24.38
992.3 35605.12 8725.21 24.51
993.2 35791.00 8796.28 24.58
994.2 37066.33 9057.85 24.44
995.2 37769.29 9288.45 24.59
996.1 38356.88 9413.48 24.54
997.1 37945.80 9185.16 24.21
998.0 38542.50 9181.68 23.82
999.0 38301.25 9250.11 24.15
1000.0 38064.02 9600.38 25.22
1000.9 38955.51 9522.46 24.44
1001.9 38313.61 9487.18 24.76
1002.8 38469.11 9700.91 25.22
1003.8 38840.71 9688.36 24.94
1004.8 39018.78 9492.29 24.33
961.5 34418.44 5994.22 17.42
965.5 34203.70 6141.31 17.96
969.5 33124.73 6057.83 18.29
973.4 31599.68 5860.14 18.54
977.4 30418.99 5847.53 19.22
981.4 29806.10 5988.00 20.09
985.3 29606.90 6110.19 20.64
989.3 29665.19 6254.12 21.08
993.3 29713.32 6440.61 21.68
997.2 29668.74 6589.80 22.21
1001.2 29627.00 6710.86 22.65
1005.2 29568.23 6853.91 23.18
1009.1 29600.49 7045.64 23.80
1013.1 29702.49 7258.87 24.44
1017.1 29789.49 7492.18 25.15
1021.0 29789.99 7720.84 25.92
1025.0 29760.59 7957.05 26.74
1029.0 29636.30 8160.41 27.54
1032.9 29533.53 8352.11 28.28
1036.9 29509.70 8585.40 29.09
1040.9 29556.91 8831.81 29.88
1044.8 29679.34 9084.09 30.61
1048.8 29786.37 9318.06 31.28
1052.7 29868.84 9515.78 31.86
1056.7 29898.31 9649.97 32.28
1060.7 29913.73 9754.17 32.61
1064.6 29918.21 9849.48 32.92
1068.6 29859.11 9866.57 33.04
1072.5 29814.52 9833.69 32.98
1076.5 29798.83 9809.77 32.92
1080.4 29797.49 9742.15 32.69
1084.4 29858.05 9647.17 32.31
1088.3 29928.60 9549.89 31.91
1092.3 29919.24 9373.80 31.33
1096.2 29930.07 9179.17 30.67
1100.2 29956.02 8993.84 30.02
1104.1 29873.92 8781.63 29.40
1108.1 29858.25 8581.17 28.74
1112.0 29809.22 8354.43 28.03
1116.0 29674.06 8092.57 27.27
1119.9 29580.84 7782.58 26.31
1123.9 29636.88 7465.25 25.19
1127.8 29621.76 7031.04 23.74
1131.8 29615.13 6503.67 21.96
1135.7 29658.37 5957.49 20.09
1139.6 29649.41 5417.34 18.27
1143.6 29635.32 4939.85 16.67
1147.5 29635.02 4578.83 15.45
1151.4 29535.85 4312.18 14.60
1155.4 29547.88 4144.56 14.03
1159.3 29582.50 4032.32 13.63
1163.2 29498.44 3951.77 13.40
1167.2 29505.90 3915.24 13.27
1171.1 29517.01 3881.14 13.15
1175.0 29484.53 3840.82 13.03
1179.0 29486.15 3800.75 12.89
1182.9 29537.81 3777.97 12.79
1186.8 29538.86 3746.38 12.68
1190.7 29410.97 3710.75 12.62
1194.7 29255.48 3675.19 12.56
1198.6 29133.72 3648.65 12.52
1202.5 29044.69 3633.61 12.51
1206.4 28972.03 3620.21 12.50
1210.3 28920.11 3613.31 12.49
1214.2 28863.76 3627.34 12.57
1218.2 28763.18 3629.85 12.62
1222.1 28692.28 3625.43 12.64
1226.0 28656.56 3648.61 12.73
1229.9 28600.92 3660.18 12.80
1233.8 28545.33 3672.66 12.87
1237.7 28520.81 3687.77 12.93
1241.6 28465.46 3698.44 12.99
1245.5 28370.21 3694.68 13.02
1249.4 28299.76 3695.83 13.06
1253.3 28232.22 3708.28 13.13
1257.2 28191.00 3699.35 13.12
1261.1 28130.65 3691.66 13.12
1265.0 28057.45 3682.09 13.12
1268.9 27949.80 3649.37 13.06
1272.8 27989.85 3639.45 13.00
1276.7 28109.94 3640.03 12.95
1280.6 28175.48 3619.57 12.85
1284.5 28132.96 3563.62 12.67
1288.4 28112.11 3513.67 12.50
1292.3 28036.25 3459.50 12.34
1296.2 27954.20 3392.50 12.14
1300.1 27848.52 3318.04 11.91
1303.9 27706.57 3232.39 11.67
1307.8 27559.31 3140.83 11.40
1311.7 27397.23 3047.02 11.12
1315.6 27238.78 2950.63 10.83
1319.5 27066.08 2845.31 10.51
1323.3 26913.00 2753.27 10.23
1327.2 26776.06 2670.36 9.97
1331.1 26621.95 2579.99 9.69
1335.0 26429.02 2487.93 9.41
1338.8 26290.11 2409.78 9.17
1342.7 26169.42 2335.51 8.92
1346.5 25929.13 2257.37 8.71
1350.4 25728.90 2194.05 8.53
1354.3 25457.85 2131.70 8.37
1358.1 25158.95 2048.97 8.14
1362.0 24980.59 1987.44 7.96
1365.8 24927.82 1941.28 7.79
1369.7 24996.19 1898.57 7.60
1373.5 24961.93 1849.03 7.41
1377.4 24802.90 1759.22 7.09
1381.2 24660.90 1659.57 6.73
1385.1 24643.85 1561.66 6.34
1389.0 24592.75 1463.13 5.95
1392.8 24461.78 1356.46 5.55
1396.6 24365.22 1259.02 5.17
1400.5 24231.60 1174.46 4.85
1404.3 24125.27 1101.85 4.57
1408.2 24097.32 1043.89 4.33
1412.0 24070.61 997.81 4.15
1415.8 24101.54 971.51 4.03
1419.6 24084.23 942.07 3.91
1423.5 24070.46 918.45 3.82
1427.3 24053.34 902.47 3.75
1431.1 24042.83 883.50 3.67
1434.9 23983.10 867.31 3.62
1438.8 23944.05 863.50 3.61
1442.6 23927.04 860.88 3.60
1446.4 23856.75 848.24 3.56
1450.2 23800.39 838.77 3.52
1454.0 23730.24 832.20 3.51
1457.8 23714.21 836.46 3.53
1461.6 23699.02 844.77 3.56
1465.4 23623.88 844.77 3.58
1469.2 23507.58 841.75 3.58
1473.0 23416.67 844.77 3.61
1476.8 23385.95 858.81 3.67
1480.7 23341.52 875.14 3.75
1484.4 23269.68 893.76 3.84
1488.2 23205.84 912.00 3.93
1492.0 23119.76 923.24 3.99
1495.8 23050.30 941.85 4.09
1499.6 22974.60 954.90 4.16
1503.4 22886.86 965.54 4.22
1507.2 22817.82 973.14 4.26
1510.9 22736.47 974.69 4.29
1514.7 22640.13 980.37 4.33
1518.5 22563.41 989.52 4.39
1522.3 22469.97 999.72 4.45
1526.0 22400.45 1007.16 4.50
1529.8 22366.84 1015.16 4.54
1533.6 22289.14 1027.70 4.61
1537.3 22206.85 1034.83 4.66
1541.1 22117.21 1045.31 4.73
1544.8 22039.20 1056.00 4.79
1548.6 21965.35 1060.16 4.83
1552.4 21895.60 1065.90 4.87
1556.1 21841.83 1072.45 4.91
1559.9 21787.79 1074.91 4.93
1563.6 21716.01 1082.22 4.98
1567.3 21641.45 1094.62 5.06
1571.1 21503.94 1100.87 5.12
1574.8 21413.78 1114.73 5.21
1578.6 21355.88 1119.97 5.24
1582.3 21274.05 1122.83 5.28
1586.0 21183.04 1130.91 5.34
1589.8 21100.62 1130.82 5.36
1593.5 21000.69 1128.94 5.38
1597.2 20929.52 1130.87 5.40
1600.9 20843.62 1122.20 5.38
1604.7 20745.10 1119.80 5.40
1608.4 20669.95 1128.41 5.46
1612.1 20567.28 1127.01 5.48
1615.8 20477.47 1123.60 5.49
1619.5 20422.34 1127.88 5.52
1623.2 20328.29 1134.58 5.58
1626.9 20221.28 1128.65 5.58
1630.6 20112.62 1118.04 5.56
1634.3 20025.88 1126.79 5.63
1638.0 19934.15 1128.35 5.66
1641.7 19830.91 1124.14 5.67
1645.4 19716.98 1118.00 5.67
1649.1 19602.77 1104.78 5.64
1652.8 19509.95 1103.49 5.66
1656.4 19395.62 1100.23 5.67
1660.1 19295.18 1088.88 5.64
1663.8 19185.10 1082.84 5.64
1667.5 19083.74 1075.44 5.64
1671.1 18996.35 1065.22 5.61
1674.8 18876.30 1054.52 5.59
1678.5 18838.56 1049.31 5.57
1682.1 18849.73 1044.09 5.54
1685.8 18859.30 1032.97 5.48
1689.5 18795.30 1032.63 5.49
1693.1 18706.41 1026.21 5.49
1696.8 18615.25 1009.38 5.42
1700.4 18529.58 993.29 5.36
1704.0 18456.67 985.50 5.34
1707.7 18296.86 967.14 5.29
1711.3 18114.51 937.70 5.18
1715.0 17992.28 925.32 5.14
1718.6 17886.14 908.08 5.08
1722.2 17799.94 890.96 5.01
1725.9 17706.59 885.57 5.00
1729.5 17604.49 867.84 4.93
1733.1 17541.49 863.64 4.92
1736.7 17471.92 863.64 4.94
1740.3 17366.15 852.62 4.91
1744.0 17315.89 843.39 4.87
1747.5 17227.16 839.24 4.87
1751.2 17088.52 828.98 4.85
1754.8 16976.43 813.29 4.79
1758.4 16893.02 805.79 4.77
1762.0 16789.89 795.54 4.74
1765.5 16699.11 788.37 4.72
1769.1 16665.60 787.20 4.72
1772.7 16620.17 784.40 4.72
1776.3 16550.18 774.65 4.68
1779.9 16477.44 767.48 4.66
1783.5 16434.96 758.88 4.62
1787.0 16345.96 754.70 4.62
1790.6 16243.66 745.77 4.59
1794.2 16171.99 737.39 4.56
1797.8 16109.35 739.01 4.59
1801.3 16053.66 739.86 4.61
1804.9 15954.75 735.00 4.61
1808.4 15901.90 723.30 4.55
1812.0 15801.30 719.48 4.55
1815.5 15695.88 722.80 4.61
1819.1 15574.16 710.50 4.56
1822.6 15471.85 701.30 4.53
1826.2 15387.58 701.70 4.56
1829.7 15274.18 696.46 4.56
1833.2 15120.13 679.14 4.49
1836.8 14969.50 675.22 4.51
1840.3 14877.77 676.71 4.55
1843.8 14800.45 672.28 4.54
1847.3 14738.02 674.91 4.58
1850.8 14668.42 673.34 4.59
1854.3 14577.15 658.88 4.52
1857.8 14534.00 650.00 4.47
1861.3 14522.25 635.79 4.38
1864.8 14459.04 615.85 4.26
1868.3 14308.06 580.26 4.06
1871.8 14215.68 545.28 3.84
1875.3 14201.46 495.04 3.49
1878.8 14176.42 448.57 3.16
1882.3 14122.90 446.48 3.16
1885.8 14014.10 433.67 3.09
1889.3 13904.45 383.69 2.76
1892.7 13776.82 345.31 2.51
1896.2 13660.15 328.00 2.40
1899.7 13554.20 294.89 2.18
1903.1 13466.38 323.40 2.40
1906.6 13511.57 369.08 2.73
1910.0 13676.29 354.42 2.59
1913.5 13920.50 361.93 2.60
1917.0 14289.98 480.03 3.36
1920.4 14838.23 600.93 4.05
1923.8 14900.33 541.83 3.64
1871.2 12934.73 343.40 2.65
1873.9 13036.34 375.84 2.88
1876.7 13080.35 479.28 3.66
1879.5 13184.92 416.17 3.16
1882.3 12973.16 333.80 2.57
1885.1 12955.86 362.04 2.79
1887.8 13054.47 371.10 2.84
1890.6 12965.86 257.29 1.98
1893.4 12899.33 256.67 1.99
1896.2 12776.85 288.82 2.26
1898.9 12763.16 211.97 1.66
1901.7 12667.81 217.50 1.72
1904.5 12785.93 238.05 1.86
1907.2 12706.25 266.00 2.09
1910.0 12637.10 272.37 2.16
1912.7 12646.53 244.20 1.93
1915.5 12573.30 267.20 2.13
1918.2 12524.17 257.64 2.06
1921.0 12429.58 233.81 1.88
1923.7 12476.24 240.12 1.92
1926.5 12456.75 247.51 1.99
1929.2 12429.04 262.95 2.12
1932.0 12425.12 246.48 1.98
1934.7 12406.61 221.99 1.79
1937.4 12332.23 204.71 1.66
1940.2 12287.19 230.50 1.88
1942.9 12341.39 246.65 2.00
1945.6 12357.84 217.44 1.76
1948.3 12310.10 252.70 2.05
1951.1 12286.82 258.86 2.11
1953.8 12285.00 276.00 2.25
1956.5 12213.61 284.53 2.33
1959.2 12244.05 245.18 2.00
1961.9 12277.60 241.38 1.97
1964.6 12227.25 249.90 2.04
1967.3 12243.43 261.07 2.13
1970.0 12130.08 260.48 2.15
1972.8 12063.78 297.11 2.46
1975.5 12116.40 307.30 2.54
1978.2 12077.12 259.88 2.15
1980.9 11995.23 271.10 2.26
1983.5 11947.43 282.11 2.36
1986.2 11960.10 261.90 2.19
1988.9 11951.37 270.63 2.26
1991.6 11858.95 286.77 2.42
1994.3 11764.18 285.95 2.43
1997.0 11766.88 308.52 2.62
1999.7 11773.83 310.14 2.63
2002.3 11759.81 267.53 2.27
2005.0 11690.77 276.16 2.36
2007.7 11638.67 286.67 2.46
2010.4 11594.16 285.50 2.46
2013.0 11562.08 295.88 2.56
2015.7 11497.38 301.22 2.62
2018.4 11428.93 303.52 2.66
2021.0 11415.50 308.83 2.71
2023.7 11337.76 316.59 2.79
2026.4 11289.20 287.30 2.54
2029.0 11241.04 303.66 2.70
2031.7 11159.63 312.65 2.80
2034.3 11170.90 273.22 2.45
2037.0 11088.29 301.21 2.72
2039.6 11036.71 292.59 2.65
2042.3 11025.52 297.68 2.70
2044.9 10984.38 314.16 2.86
2047.5 10945.11 308.55 2.82
2050.2 10866.80 299.60 2.76
2052.8 10875.20 291.20 2.68
2055.4 10794.82 302.58 2.80
2058.1 10693.20 296.80 2.78
2060.7 10690.88 307.45 2.88
2063.3 10636.71 306.53 2.88
2065.9 10588.79 304.29 2.87
2068.6 10527.38 326.63 3.10
2071.2 10509.93 320.85 3.05
2073.8 10479.76 302.22 2.88
2076.4 10429.57 305.93 2.93
2079.0 10413.86 311.91 3.00
2081.6 10426.21 295.40 2.83
2084.2 10409.13 301.92 2.90
2086.8 10317.76 294.15 2.85
2089.4 10237.53 303.52 2.96
2092.1 10185.83 331.50 3.25
2094.7 10161.53 313.58 3.09
2097.2 10134.83 297.50 2.94
2099.8 10154.06 315.98 3.11
2102.4 10079.62 318.45 3.16
2105.0 9975.00 310.65 3.11
2107.6 9943.53 316.17 3.18
2110.2 9903.21 323.95 3.27
2112.8 9887.09 332.15 3.36
2115.3 9921.47 314.65 3.17
2117.9 9932.41 310.48 3.13
2120.5 9899.34 326.48 3.30
2123.1 9860.18 339.30 3.44
2125.6 9830.42 330.90 3.37
2128.2 9760.43 319.01 3.27
2130.8 9696.38 318.83 3.29
2133.3 9680.00 310.93 3.21
2135.9 9631.02 285.34 2.96
2138.4 9558.99 306.45 3.21
2141.0 9487.88 326.16 3.44
2143.6 9445.83 293.17 3.10
2146.1 9343.90 305.59 3.27
2148.7 9250.50 308.35 3.33
2151.2 9289.87 272.80 2.94
2153.8 9283.27 309.05 3.33
2156.3 9196.68 324.87 3.53
2158.8 9167.15 301.24 3.29
2161.4 9136.89 312.52 3.42
2163.9 9080.87 303.68 3.34
2166.4 9038.53 295.67 3.27
2169.0 9026.70 301.58 3.34
2171.5 8964.61 289.75 3.23
2174.0 8877.40 291.55 3.28
2176.5 8859.37 307.97 3.48
2179.1 8821.17 307.19 3.48
2181.6 8799.54 288.96 3.28
2184.1 8784.16 304.92 3.47
2186.6 8784.20 316.97 3.61
2189.1 8744.04 260.01 2.97
2191.6 8708.93 261.33 3.00
2194.1 8706.09 292.31 3.36
2196.6 8712.45 278.53 3.20
2199.2 8755.72 293.02 3.35
2201.7 8703.45 290.12 3.33
2204.1 8678.72 311.53 3.59
2206.6 8675.98 331.97 3.83
2209.1 8675.22 302.80 3.49
2211.6 8663.97 274.08 3.16
2214.1 8610.78 262.32 3.05
2216.6 8633.61 300.07 3.48
2219.1 8660.20 288.67 3.33
2221.6 8580.23 285.50 3.33
2224.0 8522.97 304.80 3.58
2226.5 8511.79 254.94 3.00
2229.0 8530.74 281.69 3.30
2231.5 8441.32 302.57 3.58
2233.9 8443.24 261.69 3.10
2236.4 8476.56 254.76 3.01
2238.9 8385.50 263.50 3.14
2241.3 8391.31 279.84 3.33
2243.8 8383.54 252.63 3.01
2246.2 8253.42 228.72 2.77
2248.7 8237.84 246.83 3.00
2251.2 8236.26 234.44 2.85
2253.6 8194.56 249.60 3.05
2256.1 8190.72 238.08 2.91
2258.5 8190.43 211.29 2.58
2260.9 8134.04 253.11 3.11
2263.4 8110.40 230.30 2.84
2265.8 8131.85 250.03 3.07
2268.3 8069.96 253.99 3.15
2270.7 8098.88 203.43 2.51
2273.1 8065.01 207.09 2.57
2275.6 8029.44 199.68 2.49
2278.0 8032.57 199.85 2.49
2280.4 8050.71 238.60 2.96
2282.8 7960.15 251.66 3.16
2285.3 7901.09 248.85 3.15
2287.7 7985.73 222.59 2.79
2290.1 7946.20 181.85 2.29
2292.5 7920.79 190.48 2.40
2294.9 7927.04 209.44 2.64
2297.3 7846.72 189.84 2.42
2299.7 7809.80 181.62 2.33
2302.1 7774.17 216.06 2.78
2304.5 7698.88 184.24 2.39
2306.9 7651.84 172.48 2.25
2309.3 7605.49 203.75 2.68
2311.7 7551.70 204.10 2.70
2314.1 7431.64 185.10 2.49
2316.5 7403.26 165.48 2.24
2318.9 7422.16 201.03 2.71
2321.3 7384.55 194.12 2.63
2323.7 7411.63 187.69 2.53
2326.1 7407.14 173.29 2.34
2328.4 7416.57 170.87 2.30
2330.8 7456.07 224.95 3.02
2333.2 7380.05 201.80 2.73
2335.6 7348.45 145.31 1.98
2337.9 7374.28 158.59 2.15
2340.3 7351.28 167.93 2.28
2342.7 7303.86 169.27 2.32
2345.0 7304.27 174.11 2.38
2347.4 7310.00 178.50 2.44
2349.7 7167.86 200.77 2.80
2352.1 7105.77 184.40 2.60
2354.4 7122.34 163.34 2.29
2356.8 7109.55 168.35 2.37
2359.2 7054.67 160.33 2.27
2361.5 7016.24 161.44 2.30
2363.8 7061.80 184.45 2.61
2366.2 7030.44 154.47 2.20
2368.5 6995.40 155.75 2.23
2370.9 6987.35 147.62 2.11
2373.2 6974.33 134.90 1.93
2375.5 6914.20 162.90 2.36
2377.9 6855.73 173.22 2.53
2380.2 6895.41 155.78 2.26
2382.5 6832.77 133.26 1.95
2384.8 6779.04 134.56 1.98
2387.2 6826.21 154.72 2.27
2389.5 6803.92 108.60 1.60
2391.8 6773.50 95.07 1.40
2394.1 6708.07 182.34 2.72
2396.4 6696.25 169.34 2.53
2398.7 6727.77 107.18 1.59
2401.0 6675.75 93.96 1.41
2403.3 6633.36 99.60 1.50
2405.6 6587.80 109.96 1.67
2407.9 6548.07 145.29 2.22
2410.2 6522.35 150.40 2.31
2412.5 6494.37 101.63 1.56
2414.8 6495.78 128.38 1.98
2417.1 6477.89 134.20 2.07
2419.4 6418.72 109.41 1.70
2421.7 6381.59 152.44 2.39
2424.0 6340.00 121.52 1.92
2426.2 6377.20 74.90 1.17
2428.5 6376.43 108.17 1.70
2430.8 6305.65 114.45 1.82
2433.1 6272.91 105.10 1.68
2435.4 6216.05 167.85 2.70
2437.6 6193.67 139.88 2.26
2439.9 6131.58 89.84 1.47
2442.2 6143.40 164.96 2.69
2444.4 6156.85 149.33 2.43
2446.7 6096.96 40.88 0.67
2448.9 6140.77 59.22 0.96
2451.2 6097.08 107.28 1.76
2453.4 6044.75 90.40 1.50
2455.7 6045.18 85.14 1.41
2457.9 5958.48 128.21 2.15
2460.2 5967.72 104.81 1.76
2462.4 5959.20 81.12 1.36
2464.7 5866.75 151.40 2.58
2466.9 5842.20 109.14 1.87
2469.2 5878.87 110.19 1.87
2471.4 5796.90 111.61 1.93
2473.6 5704.14 60.26 1.06
2475.9 5730.24 74.51 1.30
2478.1 5690.78 109.31 1.92
2480.3 5611.10 132.27 2.36
2482.5 5590.00 92.93 1.66
2484.8 5592.32 87.38 1.56
2487.0 5577.22 81.47 1.46
2489.2 5540.68 67.85 1.22
2491.4 5525.52 115.28 2.09
2493.6 5479.00 125.41 2.29
2495.8 5487.41 134.61 2.45
2498.0 5504.43 129.71 2.36
2500.2 5484.68 50.55 0.92
2502.4 5700.96 26.64 0.47
2504.6 5765.46 65.73 1.14
2506.8 5747.58 116.90 2.03
