/*** Spectra Vista SIG Data ***/
name= \My Documents\HR1024_Data\RD2S15.
instrument= HR: 1091052
integration= 200, 60, 30, 400, 60, 30
scan time= 1, 1
scan settings= AD, AI, AD, AI
external data set1= 8224, 8224, 8224, 8224, 8224, 8224, 8224, 8224, 8224, 8224, 8224, 8224, 8224, 8224, 8224, 8224
external data set2= 8224, 8224, 8224, 8224, 8224, 8224, 8224, 8224, 8224, 8224, 8224, 8224, 8224, 8224, 8224, 8224
external data dark= 0,0,0,0,0,0,0,0
external data mask= 0
optic= LENS4 , LENS4 
temp= 32.26, 8.88, -5.37, 39.67, 8.94, -5.30
battery= 7.0, 6.7
error= 0, 0
units= Radiance, Radiance
time= 1/15/08 9:53:06 AM, 1/15/08 10:14:19 AM
longitude= , 
latitude= , 
gpstime= , 
comm= 
memory slot= 0, 0
factors= 
data= 
346.4 509.60 171.99 33.75
347.9 549.06 169.43 30.86
349.5 608.40 177.84 29.23
351.1 655.20 179.40 27.38
352.6 708.40 178.68 25.22
354.2 752.68 186.53 24.78
355.7 818.30 202.05 24.69
357.3 873.81 202.85 23.21
358.8 891.23 204.46 22.94
360.4 967.31 209.29 21.64
361.9 1009.93 208.95 20.69
363.5 1059.53 225.06 21.24
365.1 1102.67 213.25 19.34
366.6 1156.59 219.23 18.96
368.2 1218.77 219.92 18.04
369.7 1306.00 217.12 16.63
371.3 1379.56 222.24 16.11
372.8 1457.48 220.78 15.15
374.4 1528.58 226.95 14.85
375.9 1575.56 231.70 14.71
377.4 1632.76 227.68 13.94
379.0 1683.54 233.91 13.89
380.5 1741.87 227.74 13.07
382.1 1805.51 223.10 12.36
383.6 1862.60 218.30 11.72
385.2 1949.75 224.13 11.50
386.7 2036.04 212.54 10.44
388.3 2135.96 222.84 10.43
389.8 2212.47 238.82 10.79
391.3 2314.34 239.51 10.35
392.9 2392.65 247.52 10.34
394.4 2474.90 252.24 10.19
395.9 2552.82 270.04 10.58
397.5 2664.75 287.47 10.79
399.0 2774.82 284.28 10.24
400.6 2852.64 273.10 9.57
402.1 2910.24 261.87 9.00
403.6 2965.71 257.73 8.69
405.1 3036.77 255.92 8.43
406.7 3133.76 262.08 8.36
408.2 3234.33 262.85 8.13
409.7 3330.88 277.76 8.34
411.3 3437.91 276.55 8.04
412.8 3528.93 293.88 8.33
414.3 3634.54 301.04 8.28
415.8 3740.00 305.00 8.16
417.4 3868.37 307.40 7.95
418.9 3954.39 313.72 7.93
420.4 4037.85 324.03 8.02
421.9 4106.74 324.28 7.90
423.5 4196.00 322.23 7.68
425.0 4263.51 324.76 7.62
426.5 4364.50 319.28 7.32
428.0 4488.82 319.16 7.11
429.5 4615.58 320.94 6.95
431.1 4756.23 327.02 6.88
432.6 4917.76 331.63 6.74
434.1 5064.68 342.65 6.77
435.6 5199.35 348.30 6.70
437.1 5333.25 356.85 6.69
438.6 5454.84 366.47 6.72
440.1 5584.70 373.70 6.69
441.6 5717.14 385.48 6.74
443.1 5852.25 390.83 6.68
444.7 5982.11 398.67 6.66
446.2 6104.50 410.48 6.72
447.7 6213.60 419.63 6.75
449.2 6315.84 425.52 6.74
450.7 6414.72 431.60 6.73
452.2 6543.45 430.34 6.58
453.7 6682.65 433.96 6.49
455.2 6842.54 442.47 6.47
456.7 7029.44 450.56 6.41
458.2 7231.16 463.96 6.42
459.7 7428.75 476.88 6.42
461.2 7633.63 486.26 6.37
462.7 7815.14 502.10 6.42
464.2 8000.76 515.15 6.44
465.7 8191.53 533.21 6.51
467.2 8352.58 540.93 6.48
468.7 8552.00 557.00 6.51
470.2 8711.17 571.49 6.56
471.7 8854.00 584.25 6.60
473.2 9050.37 603.86 6.67
474.6 9252.88 613.74 6.63
476.1 9378.88 607.38 6.48
477.6 9464.51 606.83 6.41
479.1 9567.20 598.53 6.26
480.6 9658.16 608.16 6.30
482.1 9797.74 601.01 6.13
483.6 9963.22 609.71 6.12
485.1 10140.49 619.00 6.10
486.6 10356.19 629.35 6.08
488.0 10562.50 641.06 6.07
489.5 10784.97 661.34 6.13
491.0 10998.86 674.03 6.13
492.5 11224.98 688.50 6.13
494.0 11462.99 707.96 6.18
495.4 11663.85 721.88 6.19
496.9 11870.36 740.65 6.24
498.4 12074.30 757.39 6.27
499.9 12278.41 772.02 6.29
501.4 12476.75 790.49 6.34
502.8 12664.51 804.72 6.35
504.3 12846.60 819.90 6.38
505.8 13033.73 833.34 6.39
507.2 13172.68 843.38 6.40
508.7 13289.99 849.51 6.39
510.2 13412.81 860.30 6.41
511.6 13494.72 861.45 6.38
513.1 13630.43 873.29 6.41
514.6 13795.53 878.05 6.36
516.0 13946.28 885.90 6.35
517.5 14135.83 895.28 6.33
519.0 14365.19 899.30 6.26
520.5 14579.60 915.12 6.28
521.9 14828.55 926.38 6.25
523.4 15093.49 945.04 6.26
524.8 15349.14 961.30 6.26
526.3 15633.70 978.69 6.26
527.8 15915.89 1002.43 6.30
529.2 16178.21 1021.52 6.31
530.7 16455.24 1048.00 6.37
532.1 16698.15 1063.17 6.37
533.6 16994.07 1089.04 6.41
535.0 17295.55 1113.13 6.44
536.5 17581.25 1138.49 6.48
538.0 17895.84 1161.96 6.49
539.4 18160.64 1190.77 6.56
540.9 18488.86 1213.48 6.56
542.3 18738.28 1241.35 6.62
543.8 18940.29 1265.98 6.68
545.2 19020.35 1276.56 6.71
546.6 19057.19 1288.53 6.76
548.1 19121.11 1288.40 6.74
549.5 19166.91 1297.64 6.77
551.0 19217.70 1306.18 6.80
552.4 19311.21 1325.87 6.87
553.9 19371.38 1335.34 6.89
555.3 19461.20 1348.72 6.93
556.8 19596.88 1374.56 7.01
558.2 19743.75 1394.72 7.06
559.6 19902.71 1423.63 7.15
561.1 20117.50 1455.19 7.23
562.5 20332.52 1496.74 7.36
564.0 20611.34 1545.38 7.50
565.4 20865.50 1590.58 7.62
566.8 21177.73 1651.64 7.80
568.3 21463.05 1716.38 8.00
569.7 21776.78 1778.73 8.17
571.1 22080.65 1848.31 8.37
572.6 22373.82 1928.61 8.62
574.0 22675.95 2006.40 8.85
575.4 22958.44 2093.34 9.12
576.9 23231.09 2177.75 9.37
578.3 23477.03 2275.49 9.69
579.7 23721.74 2369.76 9.99
581.1 23920.49 2470.70 10.33
582.6 24132.47 2578.69 10.69
584.0 24305.80 2686.04 11.05
585.4 24549.94 2812.90 11.46
586.8 24845.17 2953.44 11.89
588.3 25201.80 3112.20 12.35
589.7 25517.70 3273.66 12.83
591.1 25735.55 3407.02 13.24
592.5 25883.00 3541.94 13.68
594.0 25998.42 3663.00 14.09
595.4 26057.54 3786.66 14.53
596.8 26115.38 3915.70 14.99
598.2 26174.55 4052.26 15.48
599.6 26202.06 4190.72 15.99
601.0 26298.70 4341.89 16.51
602.4 26372.18 4493.13 17.04
603.9 26501.77 4663.36 17.60
605.3 26625.41 4831.36 18.15
606.7 26749.80 4998.60 18.69
608.1 26941.18 5180.39 19.23
609.5 27151.69 5368.69 19.77
610.9 27387.74 5575.81 20.36
612.3 27589.20 5772.65 20.92
613.7 27871.80 6000.76 21.53
615.1 28061.64 6196.50 22.08
616.5 28235.16 6407.16 22.69
617.9 28534.12 6651.98 23.31
619.3 28808.15 6896.69 23.94
620.7 29149.14 7170.60 24.60
622.1 29527.66 7462.96 25.27
623.5 29951.83 7786.36 26.00
624.9 30436.35 8125.43 26.70
626.3 30757.12 8427.99 27.40
627.7 30461.43 8555.61 28.09
629.1 30188.34 8665.28 28.70
630.5 30083.03 8805.81 29.27
631.9 30076.12 8956.31 29.78
633.3 30078.24 9075.95 30.17
634.7 30183.54 9189.18 30.44
636.1 30268.81 9228.35 30.49
637.5 30374.19 9247.47 30.45
638.9 30520.15 9242.31 30.28
640.2 30643.60 9234.62 30.14
641.6 30733.56 9216.09 29.99
643.0 30777.50 9175.25 29.81
644.4 30869.16 9127.35 29.57
645.8 30855.38 9066.21 29.38
647.2 31023.20 9066.14 29.22
648.5 31185.15 9076.41 29.10
649.9 31117.13 9058.82 29.11
651.3 31099.80 9070.35 29.17
652.7 31059.00 9065.25 29.19
654.1 30961.56 8913.81 28.79
655.5 30829.51 8699.55 28.22
656.8 30685.81 8478.41 27.63
658.2 30861.69 8359.29 27.09
659.6 31181.89 8277.23 26.54
660.9 31452.29 8165.87 25.96
662.3 31767.46 8020.93 25.25
663.7 32102.70 7870.80 24.52
665.0 32334.98 7708.37 23.84
666.4 32575.38 7553.77 23.19
667.8 32873.84 7434.99 22.62
669.1 33084.01 7327.24 22.15
670.5 33327.47 7251.90 21.76
671.9 33513.12 7194.06 21.47
673.2 33742.50 7186.13 21.30
674.6 33950.66 7209.97 21.24
676.0 34219.05 7280.69 21.28
677.3 34494.18 7396.40 21.44
678.7 34767.13 7593.69 21.84
680.0 35103.31 7890.34 22.48
681.4 35420.13 8321.17 23.49
682.8 35763.00 8886.15 24.85
684.1 36073.44 9633.78 26.71
685.5 36318.59 10544.57 29.03
686.8 36607.26 11640.72 31.80
688.2 36844.31 12862.85 34.91
689.5 36898.97 14154.00 38.36
690.9 36950.15 15497.81 41.94
692.2 37008.15 16875.90 45.60
693.6 37024.93 18261.83 49.32
694.9 37005.38 19561.78 52.86
696.2 37027.13 20837.14 56.28
697.6 37047.86 22044.28 59.50
698.9 37049.76 23173.92 62.55
700.3 37075.62 24234.26 65.36
701.6 37124.24 25223.78 67.94
703.0 37178.40 26119.97 70.26
704.3 37172.20 26906.75 72.38
705.6 37157.22 27612.63 74.31
707.0 37168.46 28262.34 76.04
708.3 37076.04 28802.78 77.69
709.6 36967.81 29280.04 79.20
711.0 36867.73 29671.63 80.48
712.3 36770.31 30017.68 81.64
713.6 36755.88 30392.25 82.69
714.9 36684.64 30682.61 83.64
716.3 36701.44 31029.67 84.55
717.6 36734.04 31352.16 85.35
718.9 36680.73 31573.61 86.08
720.2 36496.25 31681.76 86.81
721.6 36394.28 31789.68 87.35
722.9 36240.12 31850.47 87.89
724.2 36067.30 31849.29 88.31
725.5 35963.70 31886.19 88.66
726.8 35833.96 31889.70 88.99
728.1 35810.80 31941.86 89.20
729.5 35779.10 31959.25 89.32
730.8 35779.13 31990.43 89.41
732.1 35704.25 31980.71 89.57
733.4 35690.92 32002.93 89.67
734.7 35685.89 32012.54 89.71
736.0 35729.66 32075.94 89.77
737.3 35717.44 32081.79 89.82
738.6 35830.21 32222.33 89.93
739.9 36014.88 32436.55 90.06
741.2 36161.58 32604.39 90.16
742.5 36363.94 32891.46 90.45
743.8 36737.66 33326.08 90.71
745.1 37309.08 33953.86 91.01
746.4 37926.98 34671.91 91.42
747.7 38536.99 35397.37 91.85
749.0 39118.92 36078.70 92.23
750.3 39493.02 36459.99 92.32
751.6 39440.80 36412.81 92.32
752.9 39084.79 36081.13 92.32
754.2 38731.25 35730.14 92.25
755.4 38386.91 35360.59 92.12
756.7 38244.09 35269.69 92.22
758.0 38261.36 35358.62 92.41
759.3 38489.95 35642.69 92.60
760.6 38786.44 36003.66 92.83
761.9 39062.28 36348.49 93.05
763.1 39197.21 36560.69 93.27
764.4 39371.54 36804.73 93.48
765.7 39490.75 36975.25 93.63
767.0 39577.16 37133.31 93.83
768.2 39644.64 37255.68 93.97
769.5 39697.68 37372.07 94.14
770.8 39836.32 37560.50 94.29
772.0 39856.44 37633.72 94.42
773.3 39898.95 37725.43 94.55
774.6 39978.84 37850.62 94.68
775.8 40054.79 37954.31 94.76
777.1 40085.96 37998.38 94.79
778.4 40059.57 37965.31 94.77
779.6 39999.54 37973.63 94.94
780.9 39948.00 37936.00 94.96
782.1 39837.20 37849.82 95.01
783.4 39802.88 37883.04 95.18
784.6 39851.08 37927.22 95.17
785.9 40095.40 38231.12 95.35
787.1 40531.58 38778.03 95.67
788.4 40834.19 39151.45 95.88
789.6 40796.10 39078.53 95.79
790.9 40479.11 38702.54 95.61
792.1 40128.24 38329.96 95.52
793.4 39739.41 37966.19 95.54
794.6 39507.48 37712.97 95.46
795.8 39314.07 37487.88 95.35
797.1 39097.95 37270.24 95.33
798.3 38940.83 37128.09 95.34
799.5 38821.14 37041.54 95.42
800.8 38733.05 36941.86 95.38
802.0 38591.76 36840.26 95.46
803.2 38469.72 36720.48 95.45
804.5 38377.94 36645.82 95.49
805.7 38264.87 36544.06 95.50
806.9 38181.95 36435.30 95.43
808.1 38074.65 36355.52 95.48
809.4 38033.33 36320.42 95.50
810.6 37951.55 36243.03 95.50
811.8 37942.61 36227.92 95.48
813.0 37965.80 36240.29 95.46
814.2 37975.49 36290.38 95.56
815.4 38039.93 36393.18 95.67
816.6 38032.65 36419.53 95.76
817.9 38050.16 36443.97 95.78
819.1 37997.24 36369.26 95.72
820.3 37865.18 36226.62 95.67
821.5 37787.61 36133.64 95.62
822.7 37714.41 36057.12 95.61
823.9 37704.87 36029.50 95.56
825.1 37688.07 36002.72 95.53
826.3 37716.38 35972.06 95.38
827.5 37726.06 35954.81 95.30
828.7 37779.60 35932.80 95.11
829.9 37796.29 35900.98 94.99
831.0 37849.02 35916.82 94.89
832.2 37913.75 35923.76 94.75
833.4 37950.44 35947.54 94.72
834.6 37978.13 35974.22 94.72
835.8 38031.53 36013.95 94.69
837.0 38073.26 36068.52 94.73
838.1 38178.69 36196.29 94.81
839.3 38239.24 36264.46 94.84
840.5 38296.24 36373.54 94.98
841.7 38381.58 36488.48 95.07
842.9 38485.06 36610.77 95.13
844.0 38543.94 36737.11 95.31
845.2 38626.85 36878.73 95.47
846.4 38724.98 36986.98 95.51
847.5 38888.12 37181.92 95.61
848.7 39002.30 37331.10 95.72
849.9 39141.74 37486.49 95.77
851.0 39173.78 37523.10 95.79
852.2 39245.07 37595.87 95.80
853.3 39202.67 37556.60 95.80
854.5 39188.19 37574.56 95.88
855.6 39170.88 37572.93 95.92
856.8 39193.80 37574.14 95.87
857.9 39192.81 37616.76 95.98
859.1 39326.60 37677.40 95.81
860.2 39300.24 37701.98 95.93
861.4 39344.78 37730.62 95.90
862.5 39384.29 37750.55 95.85
863.7 39467.66 37809.24 95.80
864.8 39454.45 37821.88 95.86
865.9 39398.65 37759.01 95.84
867.1 39448.45 37794.78 95.81
868.2 39441.53 37759.03 95.73
869.3 39465.67 37776.00 95.72
870.5 39438.89 37707.98 95.61
871.6 39473.54 37662.80 95.41
872.7 39541.37 37732.65 95.43
873.9 39548.50 37720.25 95.38
875.0 39546.05 37664.35 95.24
876.1 39583.15 37638.27 95.09
877.2 39616.79 37623.41 94.97
878.3 39601.98 37598.78 94.94
879.4 39662.11 37604.32 94.81
880.5 39702.60 37603.62 94.71
881.7 39698.10 37539.13 94.56
882.8 39775.46 37509.71 94.30
883.9 39785.32 37495.24 94.24
885.0 39766.55 37384.28 94.01
886.1 39735.85 37279.76 93.82
887.2 39664.66 37082.91 93.49
888.3 39567.00 36923.21 93.32
889.4 39535.02 36799.78 93.08
890.5 39459.91 36672.86 92.94
891.6 39428.33 36568.19 92.75
892.7 39429.01 36511.19 92.60
893.8 39492.50 36458.11 92.32
894.9 39505.51 36415.01 92.18
896.0 39527.49 36356.67 91.98
897.0 39487.40 36325.27 91.99
898.1 39490.45 36258.40 91.82
899.2 39536.22 36187.83 91.53
900.3 39503.73 36090.47 91.36
901.4 39454.09 36003.62 91.25
902.4 39461.49 35943.39 91.08
903.5 39418.10 35824.26 90.88
904.6 39431.18 35745.84 90.65
905.7 39454.64 35722.19 90.54
906.7 39397.52 35625.41 90.43
907.8 39514.80 35587.53 90.06
908.9 39443.33 35439.72 89.85
909.9 39411.21 35354.89 89.71
911.0 39357.50 35277.58 89.63
912.1 39280.99 35130.62 89.43
913.1 39233.48 34975.20 89.15
914.2 39173.92 34810.78 88.86
915.2 39170.79 34740.23 88.69
916.3 39094.50 34597.13 88.50
917.3 39076.47 34510.14 88.31
918.4 39031.30 34315.19 87.92
919.4 39022.48 34190.78 87.62
920.5 39026.74 34058.01 87.27
921.5 39018.63 33986.16 87.10
922.6 38959.72 33767.20 86.67
923.6 39026.05 33656.91 86.24
924.7 39022.50 33545.38 85.96
925.7 39030.84 33399.93 85.57
926.7 39009.32 33282.98 85.32
927.8 39032.57 33153.30 84.94
928.8 39142.62 33088.83 84.53
929.9 39330.10 32965.38 83.82
930.9 39447.46 32950.91 83.53
931.9 39602.61 32913.76 83.11
932.9 39864.58 32937.42 82.62
934.0 39909.81 32809.00 82.21
935.0 39942.68 32631.63 81.70
936.0 39929.50 32431.61 81.22
937.0 39883.94 32229.50 80.81
938.1 39848.52 31994.68 80.29
939.1 39753.89 31792.30 79.97
940.1 39867.76 31630.77 79.34
941.1 39995.43 31598.97 79.01
942.1 40229.45 31599.93 78.55
943.1 40393.76 31528.70 78.05
944.1 40552.56 31455.87 77.57
945.2 40570.32 31274.04 77.09
946.2 40685.67 31121.11 76.49
947.2 40740.25 30989.88 76.07
948.2 40874.09 30811.94 75.38
949.2 40954.06 30656.84 74.86
950.2 41026.00 30432.30 74.18
951.2 41012.16 30252.18 73.76
952.2 41170.94 30042.87 72.97
953.2 41257.13 29900.33 72.47
954.2 41395.95 29750.51 71.87
955.2 41401.94 29557.45 71.39
956.2 41391.82 29337.47 70.88
957.2 41524.97 29199.99 70.32
958.2 41486.28 29076.27 70.09
959.2 41625.00 29012.63 69.70
960.1 41647.94 28925.49 69.45
961.1 41725.78 28939.97 69.36
962.1 41752.50 28802.81 68.98
963.1 41720.60 28768.42 68.95
964.1 41837.60 28791.37 68.82
965.1 41932.95 28831.30 68.76
966.1 41961.44 28771.03 68.57
967.0 42058.17 28797.41 68.47
968.0 42094.69 28842.66 68.52
969.0 42115.20 28857.90 68.52
970.0 42092.26 28848.76 68.54
971.0 42266.18 28879.99 68.33
971.9 42275.33 28907.82 68.38
972.9 42388.85 28964.08 68.33
973.9 42492.13 29064.10 68.40
974.9 42580.28 29167.90 68.50
975.8 42630.52 29205.59 68.51
976.8 42806.43 29307.56 68.47
977.8 42848.34 29340.76 68.48
978.8 42868.95 29521.35 68.86
979.7 43050.58 29684.37 68.95
980.7 43264.32 29923.16 69.16
981.7 43347.07 30086.43 69.41
982.6 43545.07 30414.34 69.85
983.6 44003.55 30738.17 69.85
984.6 44377.46 31275.55 70.48
985.5 44900.28 31732.74 70.67
986.5 45688.01 32329.41 70.76
987.5 46285.78 33041.63 71.39
988.4 47161.40 33663.85 71.38
989.4 47812.76 34455.15 72.06
990.4 48753.98 35324.74 72.46
991.3 50274.64 36470.42 72.54
992.3 50864.45 37659.26 74.04
993.2 51610.85 38820.34 75.22
994.2 53891.66 39596.46 73.47
995.2 55394.96 40567.01 73.23
996.1 55625.12 40190.67 72.25
997.1 56348.70 41854.38 74.28
998.0 54473.40 41968.50 77.04
999.0 55283.87 41011.24 74.18
1000.0 55127.21 42001.68 76.19
1000.9 55875.58 41513.20 74.30
1001.9 56355.47 41354.37 73.38
1002.8 54776.67 41605.18 75.95
1003.8 57170.04 42113.81 73.66
1004.8 54763.20 41756.94 76.25
961.5 49984.08 30261.15 60.54
965.5 48959.90 29768.30 60.80
969.5 47367.08 29193.59 61.63
973.4 45664.01 28444.22 62.29
977.4 44063.24 27879.15 63.27
981.4 43484.76 27988.65 64.36
985.3 43466.28 28321.92 65.16
989.3 43739.41 28818.17 65.89
993.3 44088.36 29313.33 66.49
997.2 44246.85 29646.78 67.00
1001.2 44240.69 29950.83 67.70
1005.2 44147.66 30281.36 68.59
1009.1 44170.72 30734.85 69.58
1013.1 44298.35 31282.85 70.62
1017.1 44409.64 31853.31 71.73
1021.0 44418.65 32329.96 72.78
1025.0 44431.92 32790.54 73.80
1029.0 44310.95 33128.97 74.76
1032.9 44196.36 33456.41 75.70
1036.9 44214.81 33886.16 76.64
1040.9 44317.48 34391.92 77.60
1044.8 44471.57 34943.02 78.57
1048.8 44586.22 35425.34 79.45
1052.7 44660.98 35820.42 80.21
1056.7 44664.90 36124.56 80.88
1060.7 44652.74 36341.55 81.39
1064.6 44643.90 36499.93 81.76
1068.6 44545.19 36530.88 82.01
1072.5 44448.63 36509.13 82.14
1076.5 44390.31 36458.91 82.13
1080.4 44363.13 36360.03 81.96
1084.4 44428.99 36299.45 81.70
1088.3 44526.89 36197.03 81.29
1092.3 44515.11 35956.60 80.77
1096.2 44485.25 35663.93 80.17
1100.2 44489.30 35387.90 79.54
1104.1 44387.15 34999.61 78.85
1108.1 44344.78 34631.86 78.10
1112.0 44255.25 34226.73 77.34
1116.0 44078.91 33718.36 76.50
1119.9 43920.46 33152.08 75.48
1123.9 43980.05 32592.84 74.11
1127.8 43933.44 31745.28 72.26
1131.8 43891.20 30632.40 69.79
1135.7 43904.71 29339.42 66.83
1139.6 43873.24 27924.51 63.65
1143.6 43814.30 26549.33 60.60
1147.5 43764.96 25367.19 57.96
1151.4 43600.54 24366.43 55.89
1155.4 43567.43 23733.02 54.47
1159.3 43548.37 23321.30 53.55
1163.2 43379.84 22968.33 52.95
1167.2 43333.14 22779.90 52.57
1171.1 43320.14 22648.76 52.28
1175.0 43247.45 22502.17 52.03
1179.0 43203.54 22384.48 51.81
1182.9 43281.26 22330.07 51.59
1186.8 43262.79 22227.33 51.38
1190.7 43059.97 22024.29 51.15
1194.7 42822.73 21835.56 50.99
1198.6 42602.18 21701.30 50.94
1202.5 42456.57 21635.86 50.96
1206.4 42335.53 21607.83 51.04
1210.3 42230.32 21632.08 51.22
1214.2 42126.94 21683.18 51.47
1218.2 41984.08 21716.02 51.72
1222.1 41854.50 21791.85 52.07
1226.0 41760.57 21885.18 52.41
1229.9 41673.90 21964.26 52.71
1233.8 41576.55 22042.24 53.02
1237.7 41528.30 22114.28 53.25
1241.6 41457.25 22181.48 53.50
1245.5 41309.15 22210.39 53.77
1249.4 41175.26 22225.90 53.98
1253.3 41058.30 22231.87 54.15
1257.2 40978.33 22254.97 54.31
1261.1 40873.57 22249.08 54.43
1265.0 40757.89 22193.92 54.45
1268.9 40587.74 22076.96 54.39
1272.8 40626.75 22070.40 54.32
1276.7 40780.33 22104.88 54.20
1280.6 40842.56 22048.53 53.98
1284.5 40748.73 21872.77 53.68
1288.4 40697.88 21694.04 53.31
1292.3 40562.50 21430.75 52.83
1296.2 40411.46 21114.92 52.25
1300.1 40239.63 20749.14 51.56
1303.9 40009.73 20298.24 50.73
1307.8 39785.54 19819.61 49.82
1311.7 39554.21 19313.31 48.83
1315.6 39326.35 18777.22 47.75
1319.5 39086.11 18199.30 46.56
1323.3 38870.69 17612.85 45.31
1327.2 38681.53 17031.36 44.03
1331.1 38474.56 16450.54 42.76
1335.0 38203.08 15853.48 41.50
1338.8 38009.09 15323.88 40.32
1342.7 37876.27 14838.78 39.18
1346.5 37598.34 14308.94 38.06
1350.4 37400.07 13843.01 37.01
1354.3 37094.65 13370.69 36.04
1358.1 36731.71 12910.82 35.15
1362.0 36487.36 12508.13 34.28
1365.8 36370.47 12123.49 33.33
1369.7 36432.94 11741.43 32.23
1373.5 36366.82 11220.49 30.85
1377.4 36166.21 10542.51 29.15
1381.2 35990.96 9768.72 27.14
1385.1 35936.27 8980.85 24.99
1389.0 35813.45 8179.74 22.84
1392.8 35598.92 7396.13 20.78
1396.6 35460.61 6696.36 18.88
1400.5 35253.63 6093.28 17.28
1404.3 35072.57 5604.94 15.98
1408.2 35016.72 5231.66 14.94
1412.0 34945.02 4943.14 14.15
1415.8 34962.39 4723.87 13.51
1419.6 34891.95 4558.84 13.07
1423.5 34842.23 4429.76 12.71
1427.3 34796.45 4329.98 12.44
1431.1 34758.75 4266.38 12.27
1434.9 34669.05 4213.62 12.15
1438.8 34606.94 4176.26 12.07
1442.6 34573.84 4154.40 12.02
1446.4 34441.31 4128.26 11.99
1450.2 34332.12 4106.53 11.96
1454.0 34220.52 4083.48 11.93
1457.8 34188.19 4093.67 11.97
1461.6 34155.00 4114.54 12.05
1465.4 34045.70 4132.76 12.14
1469.2 33870.20 4158.70 12.28
1473.0 33726.92 4205.62 12.47
1476.8 33664.28 4287.20 12.74
1480.7 33601.58 4377.96 13.03
1484.4 33488.64 4480.20 13.38
1488.2 33386.04 4601.04 13.78
1492.0 33257.25 4718.55 14.19
1495.8 33142.20 4838.93 14.60
1499.6 33034.11 4940.87 14.96
1503.4 32933.47 5024.45 15.26
1507.2 32852.74 5097.40 15.52
1510.9 32722.34 5154.60 15.75
1514.7 32573.11 5202.76 15.97
1518.5 32453.90 5253.88 16.19
1522.3 32317.90 5287.61 16.36
1526.0 32200.64 5333.44 16.56
1529.8 32127.61 5445.16 16.95
1533.6 32011.66 5573.48 17.41
1537.3 31894.88 5685.57 17.83
1541.1 31782.08 5781.62 18.19
1544.8 31651.20 5877.60 18.57
1548.6 31528.46 5976.34 18.96
1552.4 31450.00 6071.50 19.31
1556.1 31366.15 6143.09 19.59
1559.9 31270.43 6205.25 19.84
1563.6 31150.17 6287.85 20.19
1567.3 31046.10 6383.69 20.56
1571.1 30855.35 6464.32 20.95
1574.8 30723.08 6554.70 21.33
1578.6 30633.26 6641.03 21.68
1582.3 30519.48 6696.37 21.94
1586.0 30400.45 6744.74 22.19
1589.8 30269.89 6787.33 22.42
1593.5 30123.48 6816.88 22.63
1597.2 29998.09 6864.46 22.88
1600.9 29883.71 6903.82 23.10
1604.7 29753.95 6939.86 23.32
1608.4 29639.51 6984.62 23.57
1612.1 29489.62 7016.76 23.79
1615.8 29365.23 7051.99 24.01
1619.5 29298.37 7102.27 24.24
1623.2 29161.12 7143.03 24.50
1626.9 29003.45 7161.85 24.69
1630.6 28846.40 7172.88 24.87
1634.3 28721.00 7200.80 25.07
1638.0 28599.28 7216.12 25.23
1641.7 28456.49 7213.21 25.35
1645.4 28299.47 7205.94 25.46
1649.1 28138.66 7188.24 25.55
1652.8 28008.70 7175.04 25.62
1656.4 27859.80 7160.91 25.70
1660.1 27720.43 7147.41 25.78
1663.8 27551.22 7118.50 25.84
1667.5 27406.07 7094.60 25.89
1671.1 27282.14 7068.74 25.91
1674.8 27100.13 7022.33 25.91
1678.5 27060.12 6992.30 25.84
1682.1 27085.37 6962.13 25.70
1685.8 27087.74 6929.59 25.58
1689.5 26985.46 6871.60 25.46
1693.1 26859.21 6801.90 25.32
1696.8 26718.75 6726.00 25.17
1700.4 26575.97 6638.63 24.98
1704.0 26457.91 6556.47 24.78
1707.7 26210.69 6435.66 24.55
1711.3 25940.59 6294.27 24.26
1715.0 25755.85 6185.52 24.02
1718.6 25603.66 6081.05 23.75
1722.2 25471.82 5976.66 23.46
1725.9 25346.15 5882.89 23.21
1729.5 25225.17 5805.66 23.02
1733.1 25122.33 5748.00 22.88
1736.7 25028.77 5692.83 22.75
1740.3 24869.68 5618.67 22.59
1744.0 24796.20 5561.12 22.43
1747.5 24670.34 5473.00 22.18
1751.2 24460.97 5353.75 21.89
1754.8 24300.77 5266.08 21.67
1758.4 24168.99 5185.20 21.45
1762.0 24004.67 5088.57 21.20
1765.5 23878.06 5021.68 21.03
1769.1 23824.80 4984.80 20.92
1772.7 23745.17 4943.68 20.82
1776.3 23631.64 4891.49 20.70
1779.9 23517.13 4842.70 20.59
1783.5 23453.36 4811.20 20.51
1787.0 23338.16 4765.59 20.42
1790.6 23194.11 4728.21 20.39
1794.2 23099.94 4700.57 20.35
1797.8 23019.59 4677.82 20.32
1801.3 22943.45 4667.61 20.34
1804.9 22821.75 4648.88 20.37
1808.4 22758.56 4633.38 20.36
1812.0 22651.25 4607.36 20.34
1815.5 22537.46 4584.22 20.34
1819.1 22377.91 4544.36 20.31
1822.6 22230.86 4522.36 20.34
1826.2 22108.08 4492.08 20.32
1829.7 21962.63 4439.96 20.22
1833.2 21769.52 4380.45 20.12
1836.8 21568.82 4325.23 20.05
1840.3 21408.35 4273.79 19.96
1843.8 21283.15 4215.47 19.81
1847.3 21175.36 4152.18 19.61
1850.8 21026.88 4072.32 19.37
1854.3 20829.70 3966.91 19.04
1857.8 20716.80 3842.80 18.55
1861.3 20743.52 3695.92 17.82
1864.8 20771.48 3521.04 16.95
1868.3 20668.83 3312.60 16.03
1871.8 20505.60 3056.64 14.91
1875.3 20412.67 2815.54 13.79
1878.8 20386.82 2598.62 12.75
1882.3 20318.80 2396.90 11.80
1885.8 20165.84 2200.49 10.91
1889.3 19976.70 2051.89 10.27
1892.7 19815.25 1965.59 9.92
1896.2 19650.94 1900.46 9.67
1899.7 19441.16 1889.51 9.72
1903.1 19313.45 1901.59 9.85
1906.6 19304.54 1989.83 10.31
1910.0 19451.18 2189.04 11.25
1913.5 19794.95 2533.53 12.80
1917.0 20308.75 3064.78 15.09
1920.4 20662.58 3559.33 17.23
1923.8 20806.27 3955.36 19.01
1871.2 18887.00 2403.80 12.73
1873.9 18953.16 2265.79 11.95
1876.7 18991.47 2246.63 11.83
1879.5 19143.67 2014.63 10.52
1882.3 18900.39 1822.38 9.64
1885.1 18757.12 1680.90 8.96
1887.8 18909.61 1624.59 8.59
1890.6 18719.80 1543.74 8.25
1893.4 18700.00 1408.00 7.53
1896.2 18690.78 1354.70 7.25
1898.9 18634.09 1278.24 6.86
1901.7 18493.24 1269.72 6.87
1904.5 18663.12 1285.47 6.89
1907.2 18605.75 1268.25 6.82
1910.0 18464.96 1284.03 6.95
1912.7 18451.36 1269.06 6.88
1915.5 18338.72 1211.79 6.61
1918.2 18231.61 1220.21 6.69
1921.0 18078.76 1258.43 6.96
1923.7 18082.37 1243.96 6.88
1926.5 18028.91 1240.79 6.88
1929.2 17989.40 1221.74 6.79
1932.0 17961.44 1207.12 6.72
1934.7 17922.05 1235.03 6.89
1937.4 17800.47 1243.77 6.99
1940.2 17730.06 1229.33 6.93
1942.9 17801.07 1236.27 6.94
1945.6 17808.94 1265.38 7.11
1948.3 17731.12 1251.47 7.06
1951.1 17698.80 1261.19 7.13
1953.8 17700.00 1272.00 7.19
1956.5 17568.67 1236.94 7.04
1959.2 17632.03 1270.75 7.21
1961.9 17647.56 1278.42 7.24
1964.6 17543.58 1267.35 7.22
1967.3 17598.27 1293.47 7.35
1970.0 17419.60 1296.48 7.44
1972.8 17335.24 1306.10 7.53
1975.5 17419.52 1331.63 7.64
1978.2 17336.04 1346.12 7.76
1980.9 17221.82 1352.56 7.85
1983.5 17185.34 1355.28 7.89
1986.2 17183.55 1373.52 7.99
1988.9 17157.36 1367.70 7.97
1991.6 17017.92 1346.95 7.91
1994.3 16893.86 1380.62 8.17
1997.0 16913.63 1418.60 8.39
1999.7 16876.79 1412.86 8.37
2002.3 16857.27 1426.83 8.46
2005.0 16785.35 1412.44 8.41
2007.7 16706.93 1427.60 8.54
2010.4 16656.07 1458.91 8.76
2013.0 16600.58 1462.33 8.81
2015.7 16495.88 1452.09 8.80
2018.4 16401.61 1426.84 8.70
2021.0 16371.00 1442.17 8.81
2023.7 16264.64 1469.87 9.04
2026.4 16195.83 1492.83 9.22
2029.0 16138.97 1470.50 9.11
2031.7 16029.65 1464.67 9.14
2034.3 16012.75 1501.28 9.38
2037.0 15932.90 1511.66 9.49
2039.6 15864.39 1519.20 9.58
2042.3 15822.15 1505.27 9.51
2044.9 15747.27 1503.48 9.55
2047.5 15719.22 1509.09 9.60
2050.2 15638.00 1514.80 9.69
2052.8 15596.00 1534.40 9.84
2055.4 15487.61 1529.71 9.88
2058.1 15363.60 1534.40 9.99
2060.7 15311.01 1534.46 10.02
2063.3 15243.07 1546.60 10.15
2065.9 15200.63 1552.17 10.21
2068.6 15142.00 1543.79 10.20
2071.2 15102.27 1542.87 10.22
2073.8 15013.06 1550.28 10.33
2076.4 14939.89 1568.93 10.50
2079.0 14937.96 1573.60 10.53
2081.6 14955.68 1578.28 10.55
2084.2 14929.44 1588.60 10.64
2086.8 14795.01 1598.01 10.80
2089.4 14708.12 1594.21 10.84
2092.1 14645.50 1586.67 10.83
2094.7 14574.18 1604.60 11.01
2097.2 14543.50 1600.83 11.01
2099.8 14569.24 1596.98 10.96
2102.4 14455.51 1629.23 11.27
2105.0 14315.55 1633.05 11.41
2107.6 14281.54 1612.16 11.29
2110.2 14245.28 1608.38 11.29
2112.8 14225.04 1637.83 11.51
2115.3 14222.61 1654.06 11.63
2117.9 14223.97 1648.15 11.59
2120.5 14225.20 1649.89 11.60
2123.1 14136.53 1643.85 11.63
2125.6 14079.43 1669.15 11.86
2128.2 14012.88 1662.35 11.86
2130.8 13940.55 1655.55 11.88
2133.3 13889.33 1686.67 12.14
2135.9 13802.30 1673.81 12.13
2138.4 13704.95 1656.03 12.08
2141.0 13601.55 1666.04 12.25
2143.6 13585.34 1685.71 12.41
2146.1 13439.94 1683.67 12.53
2148.7 13282.54 1665.09 12.54
2151.2 13302.67 1672.00 12.57
2153.8 13324.47 1671.81 12.55
2156.3 13227.98 1659.77 12.55
2158.8 13160.05 1686.35 12.81
2161.4 13128.93 1677.60 12.78
2163.9 13034.58 1656.96 12.71
2166.4 12973.85 1670.52 12.88
2169.0 12959.07 1649.82 12.73
2171.5 12876.28 1646.86 12.79
2174.0 12786.55 1660.05 12.98
2176.5 12767.30 1653.47 12.95
2179.1 12718.27 1677.50 13.19
2181.6 12644.21 1675.96 13.25
2184.1 12612.60 1660.12 13.16
2186.6 12631.79 1675.87 13.27
2189.1 12551.10 1659.57 13.22
2191.6 12501.53 1646.40 13.17
2194.1 12512.72 1637.58 13.09
2196.6 12513.32 1671.16 13.36
2199.2 12564.98 1688.35 13.44
2201.7 12503.60 1669.06 13.35
2204.1 12450.01 1682.24 13.51
2206.6 12458.20 1674.77 13.44
2209.1 12429.94 1646.48 13.25
2211.6 12413.54 1671.13 13.46
2214.1 12385.83 1676.54 13.54
2216.6 12340.79 1648.48 13.36
2219.1 12355.98 1659.87 13.43
2221.6 12303.15 1652.09 13.43
2224.0 12230.10 1630.68 13.33
2226.5 12198.83 1609.52 13.19
2229.0 12234.63 1633.06 13.35
2231.5 12152.59 1597.11 13.14
2233.9 12137.64 1608.60 13.25
2236.4 12131.98 1567.16 12.92
2238.9 12024.13 1511.25 12.57
2241.3 12068.10 1570.21 13.01
2243.8 12017.57 1531.35 12.74
2246.2 11870.35 1500.27 12.64
2248.7 11882.39 1538.81 12.95
2251.2 11860.53 1495.06 12.61
2253.6 11784.96 1466.88 12.45
2256.1 11773.44 1478.40 12.56
2258.5 11793.92 1459.83 12.38
2260.9 11696.75 1399.78 11.97
2263.4 11668.53 1366.45 11.71
2265.8 11678.48 1400.19 11.99
2268.3 11583.48 1366.16 11.79
2270.7 11653.18 1335.74 11.46
2273.1 11608.55 1334.58 11.50
2275.6 11523.84 1309.44 11.36
2278.0 11553.06 1310.58 11.34
2280.4 11529.61 1293.04 11.21
2282.8 11402.06 1277.65 11.21
2285.3 11435.59 1294.82 11.32
2287.7 11531.47 1280.84 11.11
2290.1 11440.95 1265.07 11.06
2292.5 11408.96 1242.09 10.89
2294.9 11404.51 1240.82 10.88
2297.3 11303.39 1245.83 11.02
2299.7 11233.01 1188.45 10.58
2302.1 11231.11 1127.43 10.04
2304.5 11113.20 1117.20 10.05
2306.9 10995.60 1105.44 10.05
2309.3 10932.15 1104.97 10.11
2311.7 10856.55 1110.78 10.23
2314.1 10708.33 1086.98 10.15
2316.5 10641.94 1059.86 9.96
2318.9 10674.03 1083.96 10.16
2321.3 10672.73 1109.27 10.39
2323.7 10642.23 1086.19 10.21
2326.1 10606.96 1100.19 10.37
2328.4 10691.58 1098.45 10.27
2330.8 10736.25 1067.49 9.94
2333.2 10617.06 1054.29 9.93
2335.6 10582.60 1062.83 10.04
2337.9 10642.00 1055.85 9.92
2340.3 10592.40 1036.99 9.79
2342.7 10507.23 1024.06 9.75
2345.0 10502.01 1023.45 9.75
2347.4 10493.25 1020.00 9.72
2349.7 10277.63 991.03 9.64
2352.1 10236.25 969.16 9.47
2354.4 10290.21 962.83 9.36
2356.8 10243.45 975.57 9.52
2359.2 10187.67 970.67 9.53
2361.5 10122.93 942.48 9.31
2363.8 10144.75 948.60 9.35
2366.2 10159.49 948.87 9.34
2368.5 10097.05 938.95 9.30
2370.9 10118.68 912.56 9.02
2373.2 10072.53 885.84 8.79
2375.5 9932.38 914.05 9.20
2377.9 9918.93 929.90 9.38
2380.2 9923.89 893.43 9.00
2382.5 9856.28 868.46 8.81
2384.8 9822.88 895.52 9.12
2387.2 9807.99 928.29 9.46
2389.5 9759.69 887.67 9.10
2391.8 9772.85 831.83 8.51
2394.1 9716.63 844.51 8.69
2396.4 9652.48 851.55 8.82
2398.7 9714.10 833.06 8.58
2401.0 9598.25 835.71 8.71
2403.3 9511.80 831.66 8.74
2405.6 9521.83 814.73 8.56
2407.9 9458.88 791.58 8.37
2410.2 9400.00 752.00 8.00
2412.5 9350.27 767.33 8.21
2414.8 9330.30 765.12 8.20
2417.1 9280.68 748.44 8.06
2419.4 9294.64 760.66 8.18
2421.7 9214.94 735.93 7.99
2424.0 9156.02 771.37 8.42
2426.2 9223.40 754.35 8.18
2428.5 9129.27 697.68 7.64
2430.8 9112.40 730.30 8.01
2433.1 9071.93 691.46 7.62
2435.4 8991.17 665.81 7.41
2437.6 8963.19 693.78 7.74
2439.9 8866.09 685.03 7.73
2442.2 8873.80 671.22 7.56
2444.4 8827.50 637.51 7.22
2446.7 8812.56 648.24 7.36
2448.9 8870.66 680.99 7.68
2451.2 8802.92 667.52 7.58
2453.4 8732.64 638.83 7.32
2455.7 8702.87 638.58 7.34
2457.9 8608.05 622.71 7.23
2460.2 8594.01 591.84 6.89
2462.4 8611.20 630.24 7.32
2464.7 8503.63 611.91 7.20
2466.9 8416.62 622.74 7.40
2469.2 8471.54 615.76 7.27
2471.4 8370.38 603.98 7.22
2473.6 8261.63 636.03 7.70
2475.9 8256.69 555.41 6.73
2478.1 8211.66 519.21 6.32
2480.3 8173.00 577.82 7.07
2482.5 8177.69 571.87 6.99
2484.8 8119.06 538.84 6.64
2487.0 8110.30 533.28 6.58
2489.2 8058.48 520.15 6.45
2491.4 7946.29 545.64 6.87
2493.6 7987.26 556.52 6.97
2495.8 7981.68 546.37 6.85
2498.0 7985.07 535.04 6.70
2500.2 7961.63 513.93 6.46
2502.4 8125.20 506.16 6.23
2504.6 8272.59 554.01 6.70
2506.8 8348.61 623.47 7.47
