/*** Spectra Vista SIG Data ***/
name= \My Documents\HR1024_Data\MDT3.
instrument= HR: 1091052
integration= 200, 60, 30, 200, 60, 30
scan time= 1, 1
scan settings= AD, AI, AD, AI
external data set1= 8224, 8224, 8224, 8224, 8224, 8224, 8224, 8224, 8224, 8224, 8224, 8224, 8224, 8224, 8224, 8224
external data set2= 8224, 8224, 8224, 8224, 8224, 8224, 8224, 8224, 8224, 8224, 8224, 8224, 8224, 8224, 8224, 8224
external data dark= 0,0,0,0,0,0,0,0
external data mask= 0
optic= LENS4 , LENS4 
temp= 32.26, 8.88, -5.37, 44.18, 8.94, -5.24
battery= 7.0, 6.2
error= 0, 0
units= Radiance, Radiance
time= 1/15/08 9:53:06 AM, 1/15/08 10:44:00 AM
longitude= , 
latitude= , 
gpstime= , 
comm= 
memory slot= 0, 0
factors= 
data= 
346.4 509.60 318.50 62.50
347.9 549.06 348.26 63.43
349.5 608.40 365.04 60.00
351.1 655.20 402.48 61.43
352.6 708.40 420.61 59.38
354.2 752.68 448.33 59.56
355.7 818.30 481.55 58.85
357.3 873.81 516.66 59.13
358.8 891.23 538.23 60.39
360.4 967.31 587.42 60.73
361.9 1009.93 605.96 60.00
363.5 1059.53 623.25 58.82
365.1 1102.67 648.42 58.80
366.6 1156.59 690.50 59.70
368.2 1218.77 728.58 59.78
369.7 1306.00 754.22 57.75
371.3 1379.56 816.54 59.19
372.8 1457.48 859.88 59.00
374.4 1528.58 901.13 58.95
375.9 1575.56 933.42 59.24
377.4 1632.76 956.24 58.57
379.0 1683.54 992.94 58.98
380.5 1741.87 1018.65 58.48
382.1 1805.51 1049.03 58.10
383.6 1862.60 1085.81 58.30
385.2 1949.75 1141.25 58.53
386.7 2036.04 1177.76 57.85
388.3 2135.96 1239.18 58.02
389.8 2212.47 1303.88 58.93
391.3 2314.34 1347.94 58.24
392.9 2392.65 1413.97 59.10
394.4 2474.90 1445.17 58.39
395.9 2552.82 1510.34 59.16
397.5 2664.75 1595.62 59.88
399.0 2774.82 1656.24 59.69
400.6 2852.64 1686.68 59.13
402.1 2910.24 1710.54 58.78
403.6 2965.71 1742.98 58.77
405.1 3036.77 1780.02 58.62
406.7 3133.76 1836.80 58.61
408.2 3234.33 1913.42 59.16
409.7 3330.88 1968.96 59.11
411.3 3437.91 2033.37 59.15
412.8 3528.93 2083.23 59.03
414.3 3634.54 2139.12 58.86
415.8 3740.00 2202.50 58.89
417.4 3868.37 2264.35 58.53
418.9 3954.39 2317.48 58.61
420.4 4037.85 2352.92 58.27
421.9 4106.74 2398.22 58.40
423.5 4196.00 2423.73 57.76
425.0 4263.51 2470.00 57.93
426.5 4364.50 2521.95 57.78
428.0 4488.82 2579.99 57.48
429.5 4615.58 2664.28 57.72
431.1 4756.23 2747.70 57.77
432.6 4917.76 2851.07 57.97
434.1 5064.68 2937.55 58.00
435.6 5199.35 3022.47 58.13
437.1 5333.25 3114.15 58.39
438.6 5454.84 3187.23 58.43
440.1 5584.70 3259.23 58.36
441.6 5717.14 3352.19 58.63
443.1 5852.25 3432.38 58.65
444.7 5982.11 3509.94 58.67
446.2 6104.50 3586.92 58.76
447.7 6213.60 3659.12 58.89
449.2 6315.84 3719.52 58.89
450.7 6414.72 3785.60 59.01
452.2 6543.45 3857.30 58.95
453.7 6682.65 3941.05 58.97
455.2 6842.54 4044.14 59.10
456.7 7029.44 4167.68 59.29
458.2 7231.16 4302.35 59.50
459.7 7428.75 4459.00 60.02
461.2 7633.63 4601.36 60.28
462.7 7815.14 4734.55 60.58
464.2 8000.76 4873.29 60.91
465.7 8191.53 5007.29 61.13
467.2 8352.58 5139.75 61.53
468.7 8552.00 5272.00 61.65
470.2 8711.17 5389.86 61.87
471.7 8854.00 5540.88 62.58
473.2 9050.37 5755.26 63.59
474.6 9252.88 5910.13 63.87
476.1 9378.88 5974.16 63.70
477.6 9464.51 6034.97 63.76
479.1 9567.20 6127.27 64.04
480.6 9658.16 6220.97 64.41
482.1 9797.74 6345.00 64.76
483.6 9963.22 6509.33 65.33
485.1 10140.49 6681.48 65.89
486.6 10356.19 6891.49 66.54
488.0 10562.50 7109.38 67.31
489.5 10784.97 7343.41 68.09
491.0 10998.86 7580.36 68.92
492.5 11224.98 7839.18 69.84
494.0 11462.99 8096.52 70.63
495.4 11663.85 8327.55 71.40
496.9 11870.36 8572.11 72.21
498.4 12074.30 8814.54 73.00
499.9 12278.41 9070.12 73.87
501.4 12476.75 9309.58 74.62
502.8 12664.51 9548.46 75.40
504.3 12846.60 9774.00 76.08
505.8 13033.73 10000.08 76.72
507.2 13172.68 10181.57 77.29
508.7 13289.99 10335.83 77.77
510.2 13412.81 10481.76 78.15
511.6 13494.72 10605.01 78.59
513.1 13630.43 10750.63 78.87
514.6 13795.53 10916.42 79.13
516.0 13946.28 11058.63 79.29
517.5 14135.83 11246.73 79.56
519.0 14365.19 11462.87 79.80
520.5 14579.60 11670.24 80.04
521.9 14828.55 11913.15 80.34
523.4 15093.49 12177.83 80.68
524.8 15349.14 12440.67 81.05
526.3 15633.70 12719.05 81.36
527.8 15915.89 13002.05 81.69
529.2 16178.21 13257.98 81.95
530.7 16455.24 13540.49 82.29
532.1 16698.15 13788.78 82.58
533.6 16994.07 14070.20 82.79
535.0 17295.55 14353.76 82.99
536.5 17581.25 14628.83 83.21
538.0 17895.84 14911.36 83.32
539.4 18160.64 15180.85 83.59
540.9 18488.86 15502.60 83.85
542.3 18738.28 15775.32 84.19
543.8 18940.29 15974.57 84.34
545.2 19020.35 16041.71 84.34
546.6 19057.19 16067.64 84.31
548.1 19121.11 16098.39 84.19
549.5 19166.91 16120.35 84.11
551.0 19217.70 16137.91 83.97
552.4 19311.21 16185.62 83.81
553.9 19371.38 16213.82 83.70
555.3 19461.20 16267.10 83.59
556.8 19596.88 16360.31 83.48
558.2 19743.75 16456.50 83.35
559.6 19902.71 16574.58 83.28
561.1 20117.50 16740.75 83.21
562.5 20332.52 16919.20 83.21
564.0 20611.34 17157.63 83.24
565.4 20865.50 17371.41 83.25
566.8 21177.73 17645.23 83.32
568.3 21463.05 17907.63 83.43
569.7 21776.78 18179.76 83.48
571.1 22080.65 18451.13 83.56
572.6 22373.82 18714.24 83.64
574.0 22675.95 18979.95 83.70
575.4 22958.44 19220.63 83.72
576.9 23231.09 19450.78 83.73
578.3 23477.03 19667.86 83.77
579.7 23721.74 19867.05 83.75
581.1 23920.49 20034.23 83.75
582.6 24132.47 20202.75 83.72
584.0 24305.80 20352.00 83.73
585.4 24549.94 20578.40 83.82
586.8 24845.17 20840.62 83.88
588.3 25201.80 21144.24 83.90
589.7 25517.70 21396.96 83.85
591.1 25735.55 21563.59 83.79
592.5 25883.00 21652.13 83.65
594.0 25998.42 21691.62 83.43
595.4 26057.54 21697.54 83.27
596.8 26115.38 21692.39 83.06
598.2 26174.55 21690.80 82.87
599.6 26202.06 21666.69 82.69
601.0 26298.70 21708.44 82.55
602.4 26372.18 21758.58 82.51
603.9 26501.77 21834.57 82.39
605.3 26625.41 21931.50 82.37
606.7 26749.80 22019.40 82.32
608.1 26941.18 22195.41 82.38
609.5 27151.69 22378.95 82.42
610.9 27387.74 22612.80 82.57
612.3 27589.20 22821.68 82.72
613.7 27871.80 23114.16 82.93
615.1 28061.64 23318.28 83.10
616.5 28235.16 23529.30 83.33
617.9 28534.12 23837.19 83.54
619.3 28808.15 24135.99 83.78
620.7 29149.14 24491.48 84.02
622.1 29527.66 24875.99 84.25
623.5 29951.83 25320.27 84.54
624.9 30436.35 25827.90 84.86
626.3 30757.12 26169.67 85.08
627.7 30461.43 25953.72 85.20
629.1 30188.34 25741.49 85.27
630.5 30083.03 25652.18 85.27
631.9 30076.12 25674.13 85.36
633.3 30078.24 25688.32 85.40
634.7 30183.54 25799.99 85.48
636.1 30268.81 25868.22 85.46
637.5 30374.19 25948.15 85.43
638.9 30520.15 26050.52 85.36
640.2 30643.60 26148.59 85.33
641.6 30733.56 26170.56 85.15
643.0 30777.50 26149.04 84.96
644.4 30869.16 26136.64 84.67
645.8 30855.38 26046.72 84.42
647.2 31023.20 26135.07 84.24
648.5 31185.15 26185.28 83.97
649.9 31117.13 26064.87 83.76
651.3 31099.80 25943.70 83.42
652.7 31059.00 25772.85 82.98
654.1 30961.56 25579.08 82.62
655.5 30829.51 25435.23 82.50
656.8 30685.81 25288.82 82.41
658.2 30861.69 25442.66 82.44
659.6 31181.89 25754.99 82.60
660.9 31452.29 25995.49 82.65
662.3 31767.46 26223.49 82.55
663.7 32102.70 26453.70 82.40
665.0 32334.98 26656.00 82.44
666.4 32575.38 26845.00 82.41
667.8 32873.84 27105.45 82.45
669.1 33084.01 27302.80 82.53
670.5 33327.47 27549.24 82.66
671.9 33513.12 27695.04 82.64
673.2 33742.50 27908.12 82.71
674.6 33950.66 28100.07 82.77
676.0 34219.05 28331.08 82.79
677.3 34494.18 28554.85 82.78
678.7 34767.13 28806.50 82.86
680.0 35103.31 29143.07 83.02
681.4 35420.13 29506.06 83.30
682.8 35763.00 29852.55 83.47
684.1 36073.44 30193.02 83.70
685.5 36318.59 30511.75 84.01
686.8 36607.26 30804.12 84.15
688.2 36844.31 31083.55 84.36
689.5 36898.97 31196.93 84.55
690.9 36950.15 31260.04 84.60
692.2 37008.15 31321.65 84.63
693.6 37024.93 31370.30 84.73
694.9 37005.38 31351.74 84.72
696.2 37027.13 31370.85 84.72
697.6 37047.86 31399.64 84.75
698.9 37049.76 31423.92 84.82
700.3 37075.62 31473.96 84.89
701.6 37124.24 31535.47 84.95
703.0 37178.40 31584.97 84.96
704.3 37172.20 31603.00 85.02
705.6 37157.22 31596.75 85.04
707.0 37168.46 31598.26 85.01
708.3 37076.04 31531.14 85.04
709.6 36967.81 31424.93 85.01
711.0 36867.73 31287.14 84.86
712.3 36770.31 31149.19 84.71
713.6 36755.88 31058.16 84.50
714.9 36684.64 30952.20 84.37
716.3 36701.44 30911.66 84.22
717.6 36734.04 30873.57 84.05
718.9 36680.73 30748.33 83.83
720.2 36496.25 30557.52 83.73
721.6 36394.28 30390.36 83.50
722.9 36240.12 30188.28 83.30
724.2 36067.30 29937.05 83.00
725.5 35963.70 29713.14 82.62
726.8 35833.96 29506.15 82.34
728.1 35810.80 29342.98 81.94
729.5 35779.10 29192.87 81.59
730.8 35779.13 29042.14 81.17
732.1 35704.25 28856.08 80.82
733.4 35690.92 28723.82 80.48
734.7 35685.89 28601.10 80.15
736.0 35729.66 28523.50 79.83
737.3 35717.44 28419.53 79.57
738.6 35830.21 28435.40 79.36
739.9 36014.88 28532.42 79.22
741.2 36161.58 28602.21 79.10
742.5 36363.94 28776.71 79.14
743.8 36737.66 29100.23 79.21
745.1 37309.08 29589.96 79.31
746.4 37926.98 30190.62 79.60
747.7 38536.99 30806.12 79.94
749.0 39118.92 31398.22 80.26
750.3 39493.02 31733.70 80.35
751.6 39440.80 31669.99 80.30
752.9 39084.79 31335.48 80.17
754.2 38731.25 30955.05 79.92
755.4 38386.91 30543.34 79.57
756.7 38244.09 30418.01 79.54
758.0 38261.36 30420.15 79.51
759.3 38489.95 30608.05 79.52
760.6 38786.44 30873.92 79.60
761.9 39062.28 31112.65 79.65
763.1 39197.21 31268.72 79.77
764.4 39371.54 31448.55 79.88
765.7 39490.75 31567.25 79.94
767.0 39577.16 31690.79 80.07
768.2 39644.64 31792.32 80.19
769.5 39697.68 31844.27 80.22
770.8 39836.32 32000.69 80.33
772.0 39856.44 32029.08 80.36
773.3 39898.95 32099.54 80.45
774.6 39978.84 32174.77 80.48
775.8 40054.79 32265.84 80.55
777.1 40085.96 32298.44 80.57
778.4 40059.57 32262.69 80.54
779.6 39999.54 32261.37 80.65
780.9 39948.00 32212.00 80.63
782.1 39837.20 32079.08 80.53
783.4 39802.88 32094.40 80.63
784.6 39851.08 32138.52 80.65
785.9 40095.40 32361.76 80.71
787.1 40531.58 32820.69 80.98
788.4 40834.19 33226.13 81.37
789.6 40796.10 33259.82 81.53
790.9 40479.11 32926.19 81.34
792.1 40128.24 32578.88 81.19
793.4 39739.41 32253.53 81.16
794.6 39507.48 32046.84 81.12
795.8 39314.07 31870.26 81.07
797.1 39097.95 31640.70 80.93
798.3 38940.83 31522.01 80.95
799.5 38821.14 31458.51 81.03
800.8 38733.05 31365.00 80.98
802.0 38591.76 31296.48 81.10
803.2 38469.72 31174.44 81.04
804.5 38377.94 31114.80 81.07
805.7 38264.87 31024.35 81.08
806.9 38181.95 30937.43 81.03
808.1 38074.65 30862.89 81.06
809.4 38033.33 30832.31 81.07
810.6 37951.55 30753.45 81.03
811.8 37942.61 30722.63 80.97
813.0 37965.80 30741.24 80.97
814.2 37975.49 30732.31 80.93
815.4 38039.93 30827.16 81.04
816.6 38032.65 30836.39 81.08
817.9 38050.16 30861.48 81.11
819.1 37997.24 30794.38 81.04
820.3 37865.18 30653.66 80.95
821.5 37787.61 30525.05 80.78
822.7 37714.41 30449.05 80.74
823.9 37704.87 30380.87 80.58
825.1 37688.07 30327.19 80.47
826.3 37716.38 30275.76 80.27
827.5 37726.06 30199.95 80.05
828.7 37779.60 30159.84 79.83
829.9 37796.29 30073.33 79.57
831.0 37849.02 30042.11 79.37
832.2 37913.75 30018.52 79.18
833.4 37950.44 29999.32 79.05
834.6 37978.13 29995.31 78.98
835.8 38031.53 29980.13 78.83
837.0 38073.26 30006.65 78.81
838.1 38178.69 30085.29 78.80
839.3 38239.24 30091.73 78.69
840.5 38296.24 30142.02 78.71
841.7 38381.58 30209.76 78.71
842.9 38485.06 30277.75 78.67
844.0 38543.94 30337.18 78.71
845.2 38626.85 30435.67 78.79
846.4 38724.98 30499.68 78.76
847.5 38888.12 30640.12 78.79
848.7 39002.30 30733.34 78.80
849.9 39141.74 30842.59 78.80
851.0 39173.78 30900.01 78.88
852.2 39245.07 30922.50 78.79
853.3 39202.67 30889.12 78.79
854.5 39188.19 30859.58 78.75
855.6 39170.88 30819.33 78.68
856.8 39193.80 30843.31 78.69
857.9 39192.81 30828.08 78.66
859.1 39326.60 30876.00 78.51
860.2 39300.24 30847.36 78.49
861.4 39344.78 30844.17 78.39
862.5 39384.29 30847.48 78.32
863.7 39467.66 30880.61 78.24
864.8 39454.45 30862.65 78.22
865.9 39398.65 30802.34 78.18
867.1 39448.45 30772.67 78.01
868.2 39441.53 30750.91 77.97
869.3 39465.67 30731.58 77.87
870.5 39438.89 30655.62 77.73
871.6 39473.54 30590.36 77.50
872.7 39541.37 30597.23 77.38
873.9 39548.50 30575.50 77.31
875.0 39546.05 30516.93 77.17
876.1 39583.15 30478.79 77.00
877.2 39616.79 30437.10 76.83
878.3 39601.98 30378.51 76.71
879.4 39662.11 30367.57 76.57
880.5 39702.60 30337.92 76.41
881.7 39698.10 30284.80 76.29
882.8 39775.46 30238.65 76.02
883.9 39785.32 30213.38 75.94
885.0 39766.55 30104.39 75.70
886.1 39735.85 30063.60 75.66
887.2 39664.66 29885.44 75.35
888.3 39567.00 29774.17 75.25
889.4 39535.02 29673.76 75.06
890.5 39459.91 29545.41 74.87
891.6 39428.33 29440.42 74.67
892.7 39429.01 29350.09 74.44
893.8 39492.50 29280.96 74.14
894.9 39505.51 29225.13 73.98
896.0 39527.49 29147.74 73.74
897.0 39487.40 29100.84 73.70
898.1 39490.45 29097.74 73.68
899.2 39536.22 29038.06 73.45
900.3 39503.73 28864.86 73.07
901.4 39454.09 28763.30 72.90
902.4 39461.49 28703.57 72.74
903.5 39418.10 28589.05 72.53
904.6 39431.18 28527.93 72.35
905.7 39454.64 28477.96 72.18
906.7 39397.52 28394.35 72.07
907.8 39514.80 28328.63 71.69
908.9 39443.33 28190.47 71.47
909.9 39411.21 28086.71 71.27
911.0 39357.50 27980.80 71.09
912.1 39280.99 27852.72 70.91
913.1 39233.48 27703.52 70.61
914.2 39173.92 27489.25 70.17
915.2 39170.79 27382.59 69.91
916.3 39094.50 27285.75 69.79
917.3 39076.47 27165.62 69.52
918.4 39031.30 26994.28 69.16
919.4 39022.48 26817.71 68.72
920.5 39026.74 26692.72 68.40
921.5 39018.63 26575.64 68.11
922.6 38959.72 26341.78 67.61
923.6 39026.05 26212.48 67.17
924.7 39022.50 26047.25 66.75
925.7 39030.84 25835.94 66.19
926.7 39009.32 25636.89 65.72
927.8 39032.57 25534.08 65.42
928.8 39142.62 25412.49 64.92
929.9 39330.10 25266.68 64.24
930.9 39447.46 25095.67 63.62
931.9 39602.61 25002.46 63.13
932.9 39864.58 24986.61 62.68
934.0 39909.81 24782.51 62.10
935.0 39942.68 24554.73 61.47
936.0 39929.50 24294.10 60.84
937.0 39883.94 24063.59 60.33
938.1 39848.52 23806.39 59.74
939.1 39753.89 23542.28 59.22
940.1 39867.76 23381.64 58.65
941.1 39995.43 23239.42 58.11
942.1 40229.45 23095.38 57.41
943.1 40393.76 22917.28 56.73
944.1 40552.56 22796.35 56.21
945.2 40570.32 22550.64 55.58
946.2 40685.67 22334.90 54.90
947.2 40740.25 22055.38 54.14
948.2 40874.09 21905.57 53.59
949.2 40954.06 21630.38 52.82
950.2 41026.00 21356.00 52.05
951.2 41012.16 21063.00 51.36
952.2 41170.94 20817.91 50.56
953.2 41257.13 20628.56 50.00
954.2 41395.95 20471.85 49.45
955.2 41401.94 20170.96 48.72
956.2 41391.82 19960.13 48.22
957.2 41524.97 19700.81 47.44
958.2 41486.28 19503.77 47.01
959.2 41625.00 19513.80 46.88
960.1 41647.94 19368.76 46.51
961.1 41725.78 19287.51 46.22
962.1 41752.50 19290.94 46.20
963.1 41720.60 19209.35 46.04
964.1 41837.60 19163.12 45.80
965.1 41932.95 19105.77 45.56
966.1 41961.44 19102.00 45.52
967.0 42058.17 19097.12 45.41
968.0 42094.69 19145.29 45.48
969.0 42115.20 19110.20 45.38
970.0 42092.26 19092.71 45.36
971.0 42266.18 19071.05 45.12
971.9 42275.33 19082.94 45.14
972.9 42388.85 19079.90 45.01
973.9 42492.13 19102.20 44.95
974.9 42580.28 19149.01 44.97
975.8 42630.52 19186.57 45.01
976.8 42806.43 19258.40 44.99
977.8 42848.34 19305.65 45.06
978.8 42868.95 19374.45 45.19
979.7 43050.58 19581.78 45.49
980.7 43264.32 19564.38 45.22
981.7 43347.07 19782.26 45.64
982.6 43545.07 20020.17 45.98
983.6 44003.55 20045.47 45.55
984.6 44377.46 20649.11 46.53
985.5 44900.28 20834.28 46.40
986.5 45688.01 21421.20 46.89
987.5 46285.78 21813.89 47.13
988.4 47161.40 22620.40 47.96
989.4 47812.76 23344.61 48.83
990.4 48753.98 24231.02 49.70
991.3 50274.64 24881.69 49.49
992.3 50864.45 25823.49 50.77
993.2 51610.85 26927.40 52.17
994.2 53891.66 27578.36 51.17
995.2 55394.96 28536.80 51.52
996.1 55625.12 29646.35 53.30
997.1 56348.70 29640.07 52.60
998.0 54473.40 29806.20 54.72
999.0 55283.87 31435.93 56.86
1000.0 55127.21 31126.25 56.46
1000.9 55875.58 31479.20 56.34
1001.9 56355.47 30813.06 54.68
1002.8 54776.67 31778.83 58.02
1003.8 57170.04 30548.88 53.44
1004.8 54763.20 29663.40 54.17
961.5 49984.08 18079.35 36.17
965.5 48959.90 18082.75 36.93
969.5 47367.08 17915.71 37.82
973.4 45664.01 17670.58 38.70
977.4 44063.24 17601.67 39.95
981.4 43484.76 17734.44 40.78
985.3 43466.28 17884.77 41.15
989.3 43739.41 18200.95 41.61
993.3 44088.36 18578.99 42.14
997.2 44246.85 18854.15 42.61
1001.2 44240.69 19126.64 43.23
1005.2 44147.66 19465.64 44.09
1009.1 44170.72 19876.51 45.00
1013.1 44298.35 20352.48 45.94
1017.1 44409.64 20863.63 46.98
1021.0 44418.65 21334.64 48.03
1025.0 44431.92 21809.03 49.08
1029.0 44310.95 22212.33 50.13
1032.9 44196.36 22620.52 51.18
1036.9 44214.81 23081.12 52.20
1040.9 44317.48 23571.93 53.19
1044.8 44471.57 24086.06 54.16
1048.8 44586.22 24550.18 55.06
1052.7 44660.98 24944.56 55.85
1056.7 44664.90 25236.92 56.50
1060.7 44652.74 25458.29 57.01
1064.6 44643.90 25610.50 57.37
1068.6 44545.19 25613.03 57.50
1072.5 44448.63 25560.42 57.51
1076.5 44390.31 25474.61 57.39
1080.4 44363.13 25302.77 57.04
1084.4 44428.99 25126.12 56.55
1088.3 44526.89 24901.23 55.92
1092.3 44515.11 24550.83 55.15
1096.2 44485.25 24150.44 54.29
1100.2 44489.30 23750.52 53.38
1104.1 44387.15 23282.58 52.45
1108.1 44344.78 22829.22 51.48
1112.0 44255.25 22351.91 50.51
1116.0 44078.91 21787.68 49.43
1119.9 43920.46 21134.75 48.12
1123.9 43980.05 20428.97 46.45
1127.8 43933.44 19449.60 44.27
1131.8 43891.20 18215.61 41.50
1135.7 43904.71 16813.12 38.29
1139.6 43873.24 15334.60 34.95
1143.6 43814.30 13975.51 31.90
1147.5 43764.96 12852.21 29.37
1151.4 43600.54 11975.40 27.47
1155.4 43567.43 11402.13 26.17
1159.3 43548.37 11020.72 25.31
1163.2 43379.84 10725.73 24.73
1167.2 43333.14 10538.58 24.32
1171.1 43320.14 10388.28 23.98
1175.0 43247.45 10256.09 23.71
1179.0 43203.54 10138.79 23.47
1182.9 43281.26 10038.61 23.19
1186.8 43262.79 9932.25 22.96
1190.7 43059.97 9799.02 22.76
1194.7 42822.73 9676.49 22.60
1198.6 42602.18 9594.59 22.52
1202.5 42456.57 9539.95 22.47
1206.4 42335.53 9512.95 22.47
1210.3 42230.32 9502.42 22.50
1214.2 42126.94 9504.50 22.56
1218.2 41984.08 9511.34 22.65
1222.1 41854.50 9530.25 22.77
1226.0 41760.57 9561.86 22.90
1229.9 41673.90 9594.06 23.02
1233.8 41576.55 9627.83 23.16
1237.7 41528.30 9671.52 23.29
1241.6 41457.25 9708.02 23.42
1245.5 41309.15 9712.52 23.51
1249.4 41175.26 9718.78 23.60
1253.3 41058.30 9735.35 23.71
1257.2 40978.33 9747.22 23.79
1261.1 40873.57 9730.69 23.81
1265.0 40757.89 9690.47 23.78
1268.9 40587.74 9614.02 23.69
1272.8 40626.75 9567.45 23.55
1276.7 40780.33 9519.87 23.34
1280.6 40842.56 9412.58 23.05
1284.5 40748.73 9240.16 22.68
1288.4 40697.88 9055.41 22.25
1292.3 40562.50 8833.00 21.78
1296.2 40411.46 8568.10 21.20
1300.1 40239.63 8280.38 20.58
1303.9 40009.73 7952.79 19.88
1307.8 39785.54 7614.28 19.14
1311.7 39554.21 7249.62 18.33
1315.6 39326.35 6871.97 17.47
1319.5 39086.11 6487.21 16.60
1323.3 38870.69 6111.09 15.72
1327.2 38681.53 5742.90 14.85
1331.1 38474.56 5385.30 14.00
1335.0 38203.08 5039.71 13.19
1338.8 38009.09 4738.92 12.47
1342.7 37876.27 4480.46 11.83
1346.5 37598.34 4220.62 11.23
1350.4 37400.07 3985.82 10.66
1354.3 37094.65 3773.02 10.17
1358.1 36731.71 3564.76 9.70
1362.0 36487.36 3376.10 9.25
1365.8 36370.47 3204.25 8.81
1369.7 36432.94 3011.53 8.27
1373.5 36366.82 2781.13 7.65
1377.4 36166.21 2500.75 6.91
1381.2 35990.96 2194.67 6.10
1385.1 35936.27 1894.10 5.27
1389.0 35813.45 1613.52 4.51
1392.8 35598.92 1361.51 3.82
1396.6 35460.61 1153.68 3.25
1400.5 35253.63 993.20 2.82
1404.3 35072.57 871.17 2.48
1408.2 35016.72 790.24 2.26
1412.0 34945.02 729.63 2.09
1415.8 34962.39 682.68 1.95
1419.6 34891.95 646.19 1.85
1423.5 34842.23 617.01 1.77
1427.3 34796.45 610.22 1.75
1431.1 34758.75 597.53 1.72
1434.9 34669.05 575.11 1.66
1438.8 34606.94 569.49 1.65
1442.6 34573.84 560.84 1.62
1446.4 34441.31 550.90 1.60
1450.2 34332.12 549.22 1.60
1454.0 34220.52 535.80 1.57
1457.8 34188.19 527.34 1.54
1461.6 34155.00 530.54 1.55
1465.4 34045.70 532.82 1.57
1469.2 33870.20 543.73 1.61
1473.0 33726.92 553.31 1.64
1476.8 33664.28 567.22 1.68
1480.7 33601.58 599.38 1.78
1484.4 33488.64 638.40 1.91
1488.2 33386.04 684.00 2.05
1492.0 33257.25 741.32 2.23
1495.8 33142.20 791.70 2.39
1499.6 33034.11 815.88 2.47
1503.4 32933.47 812.24 2.47
1507.2 32852.74 787.78 2.40
1510.9 32722.34 766.16 2.34
1514.7 32573.11 757.02 2.32
1518.5 32453.90 749.21 2.31
1522.3 32317.90 750.97 2.32
1526.0 32200.64 766.68 2.38
1529.8 32127.61 786.39 2.45
1533.6 32011.66 807.82 2.52
1537.3 31894.88 828.35 2.60
1541.1 31782.08 841.05 2.65
1544.8 31651.20 859.20 2.71
1548.6 31528.46 884.67 2.81
1552.4 31450.00 913.63 2.91
1556.1 31366.15 942.31 3.00
1559.9 31270.43 971.96 3.11
1563.6 31150.17 1005.77 3.23
1567.3 31046.10 1042.04 3.36
1571.1 30855.35 1079.38 3.50
1574.8 30723.08 1126.66 3.67
1578.6 30633.26 1160.57 3.79
1582.3 30519.48 1175.39 3.85
1586.0 30400.45 1186.02 3.90
1589.8 30269.89 1186.16 3.92
1593.5 30123.48 1184.19 3.93
1597.2 29998.09 1186.09 3.95
1600.9 29883.71 1199.10 4.01
1604.7 29753.95 1213.52 4.08
1608.4 29639.51 1229.47 4.15
1612.1 29489.62 1235.14 4.19
1615.8 29365.23 1243.90 4.24
1619.5 29298.37 1260.43 4.30
1623.2 29161.12 1269.76 4.35
1626.9 29003.45 1278.82 4.41
1630.6 28846.40 1292.28 4.48
1634.3 28721.00 1305.72 4.55
1638.0 28599.28 1314.00 4.59
1641.7 28456.49 1316.30 4.63
1645.4 28299.47 1316.70 4.65
1649.1 28138.66 1309.55 4.65
1652.8 28008.70 1311.87 4.68
1656.4 27859.80 1307.99 4.69
1660.1 27720.43 1310.91 4.73
1663.8 27551.22 1308.82 4.75
1667.5 27406.07 1300.37 4.74
1671.1 27282.14 1294.14 4.74
1674.8 27100.13 1287.82 4.75
1678.5 27060.12 1287.69 4.76
1682.1 27085.37 1282.87 4.74
1685.8 27087.74 1277.68 4.72
1689.5 26985.46 1278.38 4.74
1693.1 26859.21 1265.58 4.71
1696.8 26718.75 1254.00 4.69
1700.4 26575.97 1248.17 4.70
1704.0 26457.91 1234.27 4.67
1707.7 26210.69 1205.94 4.60
1711.3 25940.59 1173.91 4.53
1715.0 25755.85 1145.29 4.45
1718.6 25603.66 1116.54 4.36
1722.2 25471.82 1090.82 4.28
1725.9 25346.15 1061.72 4.19
1729.5 25225.17 1036.12 4.11
1733.1 25122.33 1019.58 4.06
1736.7 25028.77 990.79 3.96
1740.3 24869.68 960.40 3.86
1744.0 24796.20 944.02 3.81
1747.5 24670.34 918.14 3.72
1751.2 24460.97 886.32 3.62
1754.8 24300.77 868.14 3.57
1758.4 24168.99 860.62 3.56
1762.0 24004.67 840.93 3.50
1765.5 23878.06 826.59 3.46
1769.1 23824.80 813.60 3.41
1772.7 23745.17 796.51 3.35
1776.3 23631.64 781.96 3.31
1779.9 23517.13 767.48 3.26
1783.5 23453.36 753.92 3.21
1787.0 23338.16 727.21 3.12
1790.6 23194.11 713.12 3.07
1794.2 23099.94 719.66 3.12
1797.8 23019.59 703.08 3.05
1801.3 22943.45 693.13 3.02
1804.9 22821.75 695.63 3.05
1808.4 22758.56 696.61 3.06
1812.0 22651.25 689.61 3.04
1815.5 22537.46 683.88 3.03
1819.1 22377.91 676.40 3.02
1822.6 22230.86 672.44 3.02
1826.2 22108.08 657.66 2.97
1829.7 21962.63 648.43 2.95
1833.2 21769.52 645.18 2.96
1836.8 21568.82 627.45 2.91
1840.3 21408.35 617.58 2.88
1843.8 21283.15 613.97 2.88
1847.3 21175.36 612.56 2.89
1850.8 21026.88 608.83 2.90
1854.3 20829.70 590.72 2.84
1857.8 20716.80 561.60 2.71
1861.3 20743.52 558.55 2.69
1864.8 20771.48 542.21 2.61
1868.3 20668.83 484.77 2.35
1871.8 20505.60 422.40 2.06
1875.3 20412.67 379.02 1.86
1878.8 20386.82 348.03 1.71
1882.3 20318.80 313.32 1.54
1885.8 20165.84 281.09 1.39
1889.3 19976.70 258.57 1.29
1892.7 19815.25 239.06 1.21
1896.2 19650.94 241.18 1.23
1899.7 19441.16 251.21 1.29
1903.1 19313.45 284.59 1.47
1906.6 19304.54 304.89 1.58
1910.0 19451.18 396.11 2.04
1913.5 19794.95 501.14 2.53
1917.0 20308.75 627.73 3.09
1920.4 20662.58 832.05 4.03
1923.8 20806.27 866.93 4.17
1871.2 18887.00 206.04 1.09
1873.9 18953.16 246.98 1.30
1876.7 18991.47 209.69 1.10
1879.5 19143.67 170.25 0.89
1882.3 18900.39 171.41 0.91
1885.1 18757.12 112.06 0.60
1887.8 18909.61 82.47 0.44
1890.6 18719.80 109.15 0.58
1893.4 18700.00 95.33 0.51
1896.2 18690.78 68.77 0.37
1898.9 18634.09 64.23 0.34
1901.7 18493.24 70.54 0.38
1904.5 18663.12 89.93 0.48
1907.2 18605.75 71.25 0.38
1910.0 18464.96 51.88 0.28
1912.7 18451.36 60.05 0.33
1915.5 18338.72 71.50 0.39
1918.2 18231.61 75.15 0.41
1921.0 18078.76 79.08 0.44
1923.7 18082.37 73.37 0.41
1926.5 18028.91 61.88 0.34
1929.2 17989.40 54.51 0.30
1932.0 17961.44 63.20 0.35
1934.7 17922.05 65.66 0.37
1937.4 17800.47 55.83 0.31
1940.2 17730.06 64.54 0.36
1942.9 17801.07 66.99 0.38
1945.6 17808.94 45.30 0.25
1948.3 17731.12 54.15 0.31
1951.1 17698.80 84.28 0.48
1953.8 17700.00 75.00 0.42
1956.5 17568.67 50.92 0.29
1959.2 17632.03 71.76 0.41
1961.9 17647.56 95.36 0.54
1964.6 17543.58 95.20 0.54
1967.3 17598.27 86.03 0.49
1970.0 17419.60 59.20 0.34
1972.8 17335.24 85.31 0.49
1975.5 17419.52 84.87 0.49
1978.2 17336.04 52.56 0.30
1980.9 17221.82 84.54 0.49
1983.5 17185.34 78.53 0.46
1986.2 17183.55 61.11 0.36
1988.9 17157.36 98.94 0.58
1991.6 17017.92 95.59 0.56
1994.3 16893.86 72.21 0.43
1997.0 16913.63 83.62 0.49
1999.7 16876.79 83.28 0.49
2002.3 16857.27 69.04 0.41
2005.0 16785.35 86.30 0.51
2007.7 16706.93 91.73 0.55
2010.4 16656.07 108.49 0.65
2013.0 16600.58 93.89 0.57
2015.7 16495.88 96.62 0.59
2018.4 16401.61 116.30 0.71
2021.0 16371.00 90.67 0.55
2023.7 16264.64 113.07 0.70
2026.4 16195.83 104.22 0.64
2029.0 16138.97 106.84 0.66
2031.7 16029.65 109.85 0.69
2034.3 16012.75 107.03 0.67
2037.0 15932.90 115.42 0.72
2039.6 15864.39 101.28 0.64
2042.3 15822.15 103.91 0.66
2044.9 15747.27 109.40 0.69
2047.5 15719.22 126.23 0.80
2050.2 15638.00 123.20 0.79
2052.8 15596.00 114.80 0.74
2055.4 15487.61 117.67 0.76
2058.1 15363.60 92.40 0.60
2060.7 15311.01 109.01 0.71
2063.3 15243.07 130.97 0.86
2065.9 15200.63 122.83 0.81
2068.6 15142.00 125.63 0.83
2071.2 15102.27 131.13 0.87
2073.8 15013.06 120.33 0.80
2076.4 14939.89 134.72 0.90
2079.0 14937.96 143.31 0.96
2081.6 14955.68 115.35 0.77
2084.2 14929.44 126.98 0.85
2086.8 14795.01 124.45 0.84
2089.4 14708.12 127.65 0.87
2092.1 14645.50 141.67 0.97
2094.7 14574.18 124.30 0.85
2097.2 14543.50 136.00 0.94
2099.8 14569.24 156.57 1.07
2102.4 14455.51 147.85 1.02
2105.0 14315.55 153.90 1.08
2107.6 14281.54 148.11 1.04
2110.2 14245.28 130.72 0.92
2112.8 14225.04 131.71 0.93
2115.3 14222.61 152.99 1.08
2117.9 14223.97 153.79 1.08
2120.5 14225.20 128.26 0.90
2123.1 14136.53 157.95 1.12
2125.6 14079.43 163.99 1.16
2128.2 14012.88 131.70 0.94
2130.8 13940.55 152.10 1.09
2133.3 13889.33 152.53 1.10
2135.9 13802.30 147.08 1.07
2138.4 13704.95 173.85 1.27
2141.0 13601.55 173.36 1.27
2143.6 13585.34 158.31 1.17
2146.1 13439.94 170.42 1.27
2148.7 13282.54 164.45 1.24
2151.2 13302.67 158.40 1.19
2153.8 13324.47 182.49 1.37
2156.3 13227.98 165.39 1.25
2158.8 13160.05 156.53 1.19
2161.4 13128.93 185.75 1.41
2163.9 13034.58 156.26 1.20
2166.4 12973.85 133.05 1.03
2169.0 12959.07 159.66 1.23
2171.5 12876.28 165.57 1.29
2174.0 12786.55 151.73 1.19
2176.5 12767.30 146.51 1.15
2179.1 12718.27 177.69 1.40
2181.6 12644.21 188.58 1.49
2184.1 12612.60 166.32 1.32
2186.6 12631.79 169.47 1.34
2189.1 12551.10 150.87 1.20
2191.6 12501.53 140.47 1.12
2194.1 12512.72 142.83 1.14
2196.6 12513.32 159.64 1.28
2199.2 12564.98 181.39 1.44
2201.7 12503.60 161.18 1.29
2204.1 12450.01 135.61 1.09
2206.6 12458.20 156.66 1.26
2209.1 12429.94 177.90 1.43
2211.6 12413.54 171.30 1.38
2214.1 12385.83 190.08 1.53
2216.6 12340.79 174.72 1.42
2219.1 12355.98 144.34 1.17
2221.6 12303.15 197.95 1.61
2224.0 12230.10 220.98 1.81
2226.5 12198.83 190.25 1.56
2229.0 12234.63 178.91 1.46
2231.5 12152.59 149.37 1.23
2233.9 12137.64 153.93 1.27
2236.4 12131.98 185.28 1.53
2238.9 12024.13 135.63 1.13
2241.3 12068.10 97.17 0.81
2243.8 12017.57 151.58 1.26
2246.2 11870.35 162.82 1.37
2248.7 11882.39 138.84 1.17
2251.2 11860.53 134.52 1.13
2253.6 11784.96 145.92 1.24
2256.1 11773.44 153.60 1.30
2258.5 11793.92 153.67 1.30
2260.9 11696.75 134.23 1.15
2263.4 11668.53 122.83 1.05
2265.8 11678.48 146.17 1.25
2268.3 11583.48 119.30 1.03
2270.7 11653.18 99.80 0.86
2273.1 11608.55 130.39 1.12
2275.6 11523.84 138.24 1.20
2278.0 11553.06 134.52 1.16
2280.4 11529.61 150.09 1.30
2282.8 11402.06 151.00 1.32
2285.3 11435.59 151.65 1.33
2287.7 11531.47 144.49 1.25
2290.1 11440.95 118.60 1.04
2292.5 11408.96 99.21 0.87
2294.9 11404.51 142.26 1.25
2297.3 11303.39 134.47 1.19
2299.7 11233.01 90.81 0.81
2302.1 11231.11 106.07 0.94
2304.5 11113.20 94.08 0.85
2306.9 10995.60 129.36 1.18
2309.3 10932.15 141.06 1.29
2311.7 10856.55 102.05 0.94
2314.1 10708.33 94.52 0.88
2316.5 10641.94 126.08 1.18
2318.9 10674.03 137.96 1.29
2321.3 10672.73 114.89 1.08
2323.7 10642.23 91.85 0.86
2326.1 10606.96 100.75 0.95
2328.4 10691.58 113.91 1.07
2330.8 10736.25 130.88 1.22
2333.2 10617.06 78.25 0.74
2335.6 10582.60 49.82 0.47
2337.9 10642.00 133.55 1.25
2340.3 10592.40 100.76 0.95
2342.7 10507.23 55.01 0.52
2345.0 10502.01 93.43 0.89
2347.4 10493.25 93.50 0.89
2349.7 10277.63 85.43 0.83
2352.1 10236.25 111.50 1.09
2354.4 10290.21 94.56 0.92
2356.8 10243.45 73.38 0.72
2359.2 10187.67 99.67 0.98
2361.5 10122.93 87.27 0.86
2363.8 10144.75 105.40 1.04
2366.2 10159.49 101.51 1.00
2368.5 10097.05 31.15 0.31
2370.9 10118.68 44.73 0.44
2373.2 10072.53 103.42 1.03
2375.5 9932.38 72.40 0.73
2377.9 9918.93 54.70 0.55
2380.2 9923.89 82.47 0.83
2382.5 9856.28 64.33 0.65
2384.8 9822.88 51.04 0.52
2387.2 9807.99 51.57 0.53
2389.5 9759.69 66.10 0.68
2391.8 9772.85 71.30 0.73
2394.1 9716.63 57.58 0.59
2396.4 9652.48 43.55 0.45
2398.7 9714.10 58.46 0.60
2401.0 9598.25 84.07 0.88
2403.3 9511.80 64.74 0.68
2405.6 9521.83 54.98 0.58
2407.9 9458.88 80.16 0.85
2410.2 9400.00 95.25 1.01
2412.5 9350.27 35.57 0.38
2414.8 9330.30 46.22 0.50
2417.1 9280.68 87.75 0.95
2419.4 9294.64 46.89 0.50
2421.7 9214.94 78.85 0.86
2424.0 9156.02 68.68 0.75
2426.2 9223.40 53.50 0.58
2428.5 9129.27 64.90 0.71
2430.8 9112.40 81.75 0.90
2433.1 9071.93 88.51 0.98
2435.4 8991.17 33.57 0.37
2437.6 8963.19 27.98 0.31
2439.9 8866.09 44.92 0.51
2442.2 8873.80 68.26 0.77
2444.4 8827.50 34.46 0.39
2446.7 8812.56 40.88 0.46
2448.9 8870.66 71.06 0.80
2451.2 8802.92 0.00 0.00
2453.4 8732.64 36.16 0.41
2455.7 8702.87 97.31 1.12
2457.9 8608.05 18.32 0.21
2460.2 8594.01 24.66 0.29
2462.4 8611.20 74.88 0.87
2464.7 8503.63 18.93 0.22
2466.9 8416.62 -25.68 -0.31
2469.2 8471.54 32.41 0.38
2471.4 8370.38 65.65 0.78
2473.6 8261.63 26.78 0.32
2475.9 8256.69 40.64 0.49
2478.1 8211.66 54.65 0.67
2480.3 8173.00 6.96 0.09
2482.5 8177.69 28.59 0.35
2484.8 8119.06 58.25 0.72
2487.0 8110.30 51.85 0.64
2489.2 8058.48 30.15 0.37
2491.4 7946.29 23.06 0.29
2493.6 7987.26 7.84 0.10
2495.8 7981.68 31.67 0.40
2498.0 7985.07 64.85 0.81
2500.2 7961.63 -16.85 -0.21
2502.4 8125.20 26.64 0.33
2504.6 8272.59 122.07 1.48
2506.8 8348.61 107.16 1.28
