/*** Spectra Vista SIG Data ***/
name= \My Documents\HR1024_Data\GD2S11.
instrument= HR: 1091052
integration= 200, 60, 30, 200, 60, 30
scan time= 1, 1
scan settings= AD, AI, AD, AI
external data set1= 8224, 8224, 8224, 8224, 8224, 8224, 8224, 8224, 8224, 8224, 8224, 8224, 8224, 8224, 8224, 8224
external data set2= 8224, 8224, 8224, 8224, 8224, 8224, 8224, 8224, 8224, 8224, 8224, 8224, 8224, 8224, 8224, 8224
external data dark= 0,0,0,0,0,0,0,0
external data mask= 0
optic= LENS4 , LENS4 
temp= 32.26, 8.88, -5.37, 42.89, 8.88, -5.37
battery= 7.0, 6.4
error= 0, 0
units= Radiance, Radiance
time= 1/15/08 9:53:06 AM, 1/15/08 10:33:32 AM
longitude= , 
latitude= , 
gpstime= , 
comm= 
memory slot= 0, 0
factors= 
data= 
346.4 509.60 251.62 49.38
347.9 549.06 238.45 43.43
349.5 608.40 249.60 41.03
351.1 655.20 252.72 38.57
352.6 708.40 253.00 35.71
354.2 752.68 274.89 36.52
355.7 818.30 289.61 35.39
357.3 873.81 305.14 34.92
358.8 891.23 307.56 34.51
360.4 967.31 327.13 33.82
361.9 1009.93 323.87 32.07
363.5 1059.53 322.01 30.39
365.1 1102.67 329.41 29.87
366.6 1156.59 338.35 29.25
368.2 1218.77 349.18 28.65
369.7 1306.00 359.15 27.50
371.3 1379.56 362.18 26.25
372.8 1457.48 385.12 26.42
374.4 1528.58 380.48 24.89
375.9 1575.56 397.20 25.21
377.4 1632.76 396.81 24.30
379.0 1683.54 407.36 24.20
380.5 1741.87 415.46 23.85
382.1 1805.51 419.61 23.24
383.6 1862.60 408.24 21.92
385.2 1949.75 431.75 22.14
386.7 2036.04 457.57 22.47
388.3 2135.96 464.69 21.76
389.8 2212.47 480.38 21.71
391.3 2314.34 506.87 21.90
392.9 2392.65 520.64 21.76
394.4 2474.90 543.05 21.94
395.9 2552.82 574.62 22.51
397.5 2664.75 594.32 22.30
399.0 2774.82 608.73 21.94
400.6 2852.64 611.28 21.43
402.1 2910.24 611.46 21.01
403.6 2965.71 618.56 20.86
405.1 3036.77 626.09 20.62
406.7 3133.76 642.88 20.51
408.2 3234.33 657.11 20.32
409.7 3330.88 683.20 20.51
411.3 3437.91 699.98 20.36
412.8 3528.93 732.33 20.75
414.3 3634.54 756.28 20.81
415.8 3740.00 777.50 20.79
417.4 3868.37 799.48 20.67
418.9 3954.39 822.25 20.79
420.4 4037.85 830.00 20.56
421.9 4106.74 834.90 20.33
423.5 4196.00 849.94 20.26
425.0 4263.51 865.29 20.30
426.5 4364.50 870.75 19.95
428.0 4488.82 886.68 19.75
429.5 4615.58 906.53 19.64
431.1 4756.23 928.80 19.53
432.6 4917.76 955.48 19.43
434.1 5064.68 995.23 19.65
435.6 5199.35 1017.81 19.58
437.1 5333.25 1047.15 19.63
438.6 5454.84 1072.89 19.67
440.1 5584.70 1108.22 19.84
441.6 5717.14 1149.44 20.11
443.1 5852.25 1186.65 20.28
444.7 5982.11 1241.22 20.75
446.2 6104.50 1288.26 21.10
447.7 6213.60 1329.02 21.39
449.2 6315.84 1375.92 21.79
450.7 6414.72 1420.64 22.15
452.2 6543.45 1465.89 22.40
453.7 6682.65 1517.94 22.71
455.2 6842.54 1574.22 23.01
456.7 7029.44 1636.80 23.28
458.2 7231.16 1693.33 23.42
459.7 7428.75 1757.00 23.65
461.2 7633.63 1819.72 23.84
462.7 7815.14 1875.92 24.00
464.2 8000.76 1923.33 24.04
465.7 8191.53 1984.52 24.23
467.2 8352.58 2030.88 24.31
468.7 8552.00 2088.00 24.42
470.2 8711.17 2148.20 24.66
471.7 8854.00 2211.13 24.97
473.2 9050.37 2266.32 25.04
474.6 9252.88 2297.99 24.84
476.1 9378.88 2336.24 24.91
477.6 9464.51 2376.41 25.11
479.1 9567.20 2412.81 25.22
480.6 9658.16 2438.07 25.24
482.1 9797.74 2483.36 25.35
483.6 9963.22 2538.47 25.48
485.1 10140.49 2610.19 25.74
486.6 10356.19 2698.61 26.06
488.0 10562.50 2785.25 26.37
489.5 10784.97 2897.31 26.86
491.0 10998.86 3010.54 27.37
492.5 11224.98 3155.76 28.11
494.0 11462.99 3297.80 28.77
495.4 11663.85 3443.55 29.52
496.9 11870.36 3612.21 30.43
498.4 12074.30 3794.59 31.43
499.9 12278.41 3991.47 32.51
501.4 12476.75 4189.75 33.58
502.8 12664.51 4411.75 34.84
504.3 12846.60 4651.20 36.21
505.8 13033.73 4895.87 37.56
507.2 13172.68 5124.97 38.91
508.7 13289.99 5371.20 40.42
510.2 13412.81 5613.62 41.85
511.6 13494.72 5837.85 43.26
513.1 13630.43 6101.81 44.77
514.6 13795.53 6378.46 46.24
516.0 13946.28 6650.51 47.69
517.5 14135.83 6952.87 49.19
519.0 14365.19 7276.81 50.66
520.5 14579.60 7609.60 52.19
521.9 14828.55 7952.85 53.63
523.4 15093.49 8314.74 55.09
524.8 15349.14 8668.37 56.47
526.3 15633.70 9032.88 57.78
527.8 15915.89 9386.91 58.98
529.2 16178.21 9720.15 60.08
530.7 16455.24 10049.34 61.07
532.1 16698.15 10357.38 62.03
533.6 16994.07 10676.81 62.83
535.0 17295.55 10996.18 63.58
536.5 17581.25 11304.90 64.30
538.0 17895.84 11612.24 64.89
539.4 18160.64 11909.59 65.58
540.9 18488.86 12214.71 66.07
542.3 18738.28 12490.83 66.66
543.8 18940.29 12708.23 67.10
545.2 19020.35 12832.58 67.47
546.6 19057.19 12920.03 67.80
548.1 19121.11 13007.36 68.03
549.5 19166.91 13066.31 68.17
551.0 19217.70 13126.49 68.30
552.4 19311.21 13202.19 68.37
553.9 19371.38 13231.68 68.31
555.3 19461.20 13283.60 68.26
556.8 19596.88 13352.82 68.14
558.2 19743.75 13420.69 67.97
559.6 19902.71 13509.19 67.88
561.1 20117.50 13628.88 67.75
562.5 20332.52 13751.05 67.63
564.0 20611.34 13909.96 67.49
565.4 20865.50 14044.00 67.31
566.8 21177.73 14205.36 67.08
568.3 21463.05 14339.63 66.81
569.7 21776.78 14467.22 66.43
571.1 22080.65 14580.38 66.03
572.6 22373.82 14691.78 65.67
574.0 22675.95 14785.65 65.20
575.4 22958.44 14868.56 64.76
576.9 23231.09 14951.48 64.36
578.3 23477.03 15013.21 63.95
579.7 23721.74 15073.73 63.54
581.1 23920.49 15104.42 63.14
582.6 24132.47 15156.62 62.81
584.0 24305.80 15191.92 62.50
585.4 24549.94 15263.05 62.17
586.8 24845.17 15377.17 61.89
588.3 25201.80 15504.84 61.52
589.7 25517.70 15614.82 61.19
591.1 25735.55 15679.46 60.93
592.5 25883.00 15690.44 60.62
594.0 25998.42 15673.20 60.29
595.4 26057.54 15643.68 60.04
596.8 26115.38 15609.17 59.77
598.2 26174.55 15563.36 59.46
599.6 26202.06 15502.23 59.16
601.0 26298.70 15488.07 58.89
602.4 26372.18 15444.50 58.56
603.9 26501.77 15430.12 58.22
605.3 26625.41 15409.82 57.88
606.7 26749.80 15377.40 57.49
608.1 26941.18 15374.68 57.07
609.5 27151.69 15385.10 56.66
610.9 27387.74 15406.65 56.25
612.3 27589.20 15414.76 55.87
613.7 27871.80 15453.72 55.45
615.1 28061.64 15424.02 54.96
616.5 28235.16 15401.58 54.55
617.9 28534.12 15476.95 54.24
619.3 28808.15 15557.27 54.00
620.7 29149.14 15704.26 53.88
622.1 29527.66 15828.66 53.61
623.5 29951.83 15980.47 53.35
624.9 30436.35 16170.00 53.13
626.3 30757.12 16244.97 52.82
627.7 30461.43 16012.79 52.57
629.1 30188.34 15788.43 52.30
630.5 30083.03 15617.73 51.92
631.9 30076.12 15541.68 51.67
633.3 30078.24 15473.27 51.44
634.7 30183.54 15490.28 51.32
636.1 30268.81 15430.47 50.98
637.5 30374.19 15414.30 50.75
638.9 30520.15 15388.33 50.42
640.2 30643.60 15314.88 49.98
641.6 30733.56 15163.20 49.34
643.0 30777.50 14955.50 48.59
644.4 30869.16 14741.23 47.75
645.8 30855.38 14508.35 47.02
647.2 31023.20 14377.87 46.35
648.5 31185.15 14220.75 45.60
649.9 31117.13 13980.53 44.93
651.3 31099.80 13785.30 44.33
652.7 31059.00 13568.55 43.69
654.1 30961.56 13153.62 42.48
655.5 30829.51 12679.98 41.13
656.8 30685.81 12242.34 39.90
658.2 30861.69 11945.61 38.71
659.6 31181.89 11729.33 37.62
660.9 31452.29 11469.80 36.47
662.3 31767.46 11191.94 35.23
663.7 32102.70 10907.40 33.98
665.0 32334.98 10629.08 32.87
666.4 32575.38 10374.56 31.85
667.8 32873.84 10176.36 30.96
669.1 33084.01 9993.92 30.21
670.5 33327.47 9887.74 29.67
671.9 33513.12 9781.80 29.19
673.2 33742.50 9744.43 28.88
674.6 33950.66 9755.09 28.73
676.0 34219.05 9823.65 28.71
677.3 34494.18 9961.73 28.88
678.7 34767.13 10153.25 29.20
680.0 35103.31 10474.27 29.84
681.4 35420.13 10950.02 30.91
682.8 35763.00 11561.55 32.33
684.1 36073.44 12373.92 34.30
685.5 36318.59 13350.69 36.76
686.8 36607.26 14514.00 39.65
688.2 36844.31 15825.81 42.95
689.5 36898.97 17192.06 46.59
690.9 36950.15 18672.12 50.53
692.2 37008.15 20173.05 54.51
693.6 37024.93 21731.08 58.69
694.9 37005.38 23194.80 62.68
696.2 37027.13 24633.00 66.53
697.6 37047.86 26010.05 70.21
698.9 37049.76 27313.44 73.72
700.3 37075.62 28544.97 76.99
701.6 37124.24 29684.26 79.96
703.0 37178.40 30735.16 82.67
704.3 37172.20 31641.68 85.12
705.6 37157.22 32470.02 87.39
707.0 37168.46 33229.60 89.40
708.3 37076.04 33824.21 91.23
709.6 36967.81 34369.86 92.97
711.0 36867.73 34801.38 94.40
712.3 36770.31 35191.74 95.71
713.6 36755.88 35594.58 96.84
714.9 36684.64 35905.50 97.88
716.3 36701.44 36286.18 98.87
717.6 36734.04 36643.74 99.75
718.9 36680.73 36867.82 100.51
720.2 36496.25 36959.79 101.27
721.6 36394.28 37067.03 101.85
722.9 36240.12 37123.67 102.44
724.2 36067.30 37102.12 102.87
725.5 35963.70 37112.70 103.19
726.8 35833.96 37094.42 103.52
728.1 35810.80 37122.83 103.66
729.5 35779.10 37142.25 103.81
730.8 35779.13 37161.56 103.86
732.1 35704.25 37140.55 104.02
733.4 35690.92 37156.97 104.11
734.7 35685.89 37155.77 104.12
736.0 35729.66 37208.73 104.14
737.3 35717.44 37211.10 104.18
738.6 35830.21 37369.57 104.30
739.9 36014.88 37622.30 104.46
741.2 36161.58 37818.69 104.58
742.5 36363.94 38156.72 104.93
743.8 36737.66 38678.06 105.28
745.1 37309.08 39420.06 105.66
746.4 37926.98 40296.62 106.25
747.7 38536.99 41131.82 106.73
749.0 39118.92 41922.34 107.17
750.3 39493.02 42321.02 107.16
751.6 39440.80 42210.36 107.02
752.9 39084.79 41787.41 106.91
754.2 38731.25 41338.50 106.73
755.4 38386.91 40901.76 106.55
756.7 38244.09 40813.81 106.72
758.0 38261.36 40934.02 106.99
759.3 38489.95 41282.22 107.25
760.6 38786.44 41703.20 107.52
761.9 39062.28 42101.84 107.78
763.1 39197.21 42351.55 108.05
764.4 39371.54 42641.29 108.30
765.7 39490.75 42857.75 108.53
767.0 39577.16 43051.39 108.78
768.2 39644.64 43223.04 109.03
769.5 39697.68 43340.74 109.18
770.8 39836.32 43583.49 109.41
772.0 39856.44 43670.86 109.57
773.3 39898.95 43780.62 109.73
774.6 39978.84 43915.76 109.85
775.8 40054.79 44050.18 109.97
777.1 40085.96 44120.41 110.06
778.4 40059.57 44101.10 110.09
779.6 39999.54 44149.62 110.38
780.9 39948.00 44100.00 110.39
782.1 39837.20 43999.29 110.45
783.4 39802.88 44033.60 110.63
784.6 39851.08 44096.84 110.65
785.9 40095.40 44488.50 110.96
787.1 40531.58 45168.46 111.44
788.4 40834.19 45668.07 111.84
789.6 40796.10 45528.19 111.60
790.9 40479.11 45019.80 111.22
792.1 40128.24 44525.12 110.96
793.4 39739.41 44114.96 111.01
794.6 39507.48 43831.26 110.94
795.8 39314.07 43555.10 110.79
797.1 39097.95 43293.23 110.73
798.3 38940.83 43142.55 110.79
799.5 38821.14 43054.20 110.90
800.8 38733.05 42947.87 110.88
802.0 38591.76 42849.60 111.03
803.2 38469.72 42700.44 111.00
804.5 38377.94 42601.95 111.01
805.7 38264.87 42466.28 110.98
806.9 38181.95 42358.53 110.94
808.1 38074.65 42287.55 111.06
809.4 38033.33 42221.44 111.01
810.6 37951.55 42164.85 111.10
811.8 37942.61 42172.17 111.15
813.0 37965.80 42195.49 111.14
814.2 37975.49 42244.13 111.24
815.4 38039.93 42373.23 111.39
816.6 38032.65 42400.63 111.48
817.9 38050.16 42434.54 111.52
819.1 37997.24 42318.02 111.37
820.3 37865.18 42147.02 111.31
821.5 37787.61 42002.77 111.15
822.7 37714.41 41923.34 111.16
823.9 37704.87 41884.13 111.08
825.1 37688.07 41842.23 111.02
826.3 37716.38 41822.80 110.89
827.5 37726.06 41818.81 110.85
828.7 37779.60 41796.96 110.63
829.9 37796.29 41756.07 110.48
831.0 37849.02 41773.15 110.37
832.2 37913.75 41829.00 110.33
833.4 37950.44 41849.24 110.27
834.6 37978.13 41896.88 110.32
835.8 38031.53 41948.55 110.30
837.0 38073.26 42044.58 110.43
838.1 38178.69 42167.58 110.45
839.3 38239.24 42247.25 110.48
840.5 38296.24 42338.84 110.56
841.7 38381.58 42477.48 110.67
842.9 38485.06 42634.36 110.78
844.0 38543.94 42776.19 110.98
845.2 38626.85 42969.55 111.24
846.4 38724.98 43098.20 111.29
847.5 38888.12 43284.12 111.30
848.7 39002.30 43490.69 111.51
849.9 39141.74 43643.55 111.50
851.0 39173.78 43692.04 111.53
852.2 39245.07 43715.58 111.39
853.3 39202.67 43695.20 111.46
854.5 39188.19 43690.79 111.49
855.6 39170.88 43681.32 111.51
856.8 39193.80 43709.38 111.52
857.9 39192.81 43700.20 111.50
859.1 39326.60 43846.40 111.49
860.2 39300.24 43834.40 111.54
861.4 39344.78 43872.08 111.51
862.5 39384.29 43923.92 111.53
863.7 39467.66 44010.27 111.51
864.8 39454.45 43983.10 111.48
865.9 39398.65 43919.48 111.47
867.1 39448.45 43954.10 111.42
868.2 39441.53 43953.71 111.44
869.3 39465.67 43952.65 111.37
870.5 39438.89 43837.67 111.15
871.6 39473.54 43878.85 111.16
872.7 39541.37 43902.93 111.03
873.9 39548.50 43900.40 111.00
875.0 39546.05 43863.34 110.92
876.1 39583.15 43842.63 110.76
877.2 39616.79 43869.83 110.74
878.3 39601.98 43831.40 110.68
879.4 39662.11 43793.91 110.42
880.5 39702.60 43867.44 110.49
881.7 39698.10 43771.00 110.26
882.8 39775.46 43772.82 110.05
883.9 39785.32 43734.96 109.93
885.0 39766.55 43634.96 109.73
886.1 39735.85 43538.54 109.57
887.2 39664.66 43355.44 109.30
888.3 39567.00 43172.99 109.11
889.4 39535.02 42999.05 108.76
890.5 39459.91 42863.80 108.63
891.6 39428.33 42766.65 108.47
892.7 39429.01 42677.06 108.24
893.8 39492.50 42708.59 108.14
894.9 39505.51 42655.36 107.97
896.0 39527.49 42583.60 107.73
897.0 39487.40 42552.59 107.76
898.1 39490.45 42518.18 107.67
899.2 39536.22 42487.66 107.47
900.3 39503.73 42339.51 107.18
901.4 39454.09 42216.35 107.00
902.4 39461.49 42179.38 106.89
903.5 39418.10 42061.18 106.71
904.6 39431.18 42009.00 106.54
905.7 39454.64 41997.32 106.44
906.7 39397.52 41950.79 106.48
907.8 39514.80 41907.00 106.05
908.9 39443.33 41775.53 105.91
909.9 39411.21 41685.88 105.77
911.0 39357.50 41573.99 105.63
912.1 39280.99 41434.86 105.48
913.1 39233.48 41268.76 105.19
914.2 39173.92 41080.00 104.87
915.2 39170.79 40998.96 104.67
916.3 39094.50 40913.55 104.65
917.3 39076.47 40793.90 104.40
918.4 39031.30 40628.78 104.09
919.4 39022.48 40487.87 103.76
920.5 39026.74 40317.99 103.31
921.5 39018.63 40238.94 103.13
922.6 38959.72 40086.70 102.89
923.6 39026.05 39951.95 102.37
924.7 39022.50 39839.50 102.09
925.7 39030.84 39693.30 101.70
926.7 39009.32 39546.85 101.38
927.8 39032.57 39420.45 100.99
928.8 39142.62 39399.99 100.66
929.9 39330.10 39307.49 99.94
930.9 39447.46 39333.29 99.71
931.9 39602.61 39325.83 99.30
932.9 39864.58 39364.38 98.75
934.0 39909.81 39265.34 98.39
935.0 39942.68 39141.47 97.99
936.0 39929.50 38898.98 97.42
937.0 39883.94 38670.65 96.96
938.1 39848.52 38427.07 96.43
939.1 39753.89 38251.70 96.22
940.1 39867.76 38107.46 95.58
941.1 39995.43 38100.84 95.26
942.1 40229.45 38129.87 94.78
943.1 40393.76 38072.87 94.25
944.1 40552.56 38083.92 93.91
945.2 40570.32 37875.18 93.36
946.2 40685.67 37783.32 92.87
947.2 40740.25 37610.50 92.32
948.2 40874.09 37515.50 91.78
949.2 40954.06 37279.94 91.03
950.2 41026.00 37063.90 90.34
951.2 41012.16 36956.64 90.11
952.2 41170.94 36783.63 89.34
953.2 41257.13 36702.58 88.96
954.2 41395.95 36526.73 88.24
955.2 41401.94 36301.59 87.68
956.2 41391.82 36131.74 87.29
957.2 41524.97 35985.11 86.66
958.2 41486.28 35892.81 86.52
959.2 41625.00 35897.40 86.24
960.1 41647.94 35844.12 86.06
961.1 41725.78 35755.01 85.69
962.1 41752.50 35731.88 85.58
963.1 41720.60 35737.06 85.66
964.1 41837.60 35767.41 85.49
965.1 41932.95 35813.73 85.41
966.1 41961.44 35803.95 85.33
967.0 42058.17 35847.56 85.23
968.0 42094.69 35879.23 85.23
969.0 42115.20 35952.00 85.37
970.0 42092.26 36044.39 85.63
971.0 42266.18 35931.95 85.01
971.9 42275.33 36040.31 85.25
972.9 42388.85 36069.86 85.09
973.9 42492.13 36150.40 85.08
974.9 42580.28 36251.15 85.14
975.8 42630.52 36272.84 85.09
976.8 42806.43 36476.96 85.21
977.8 42848.34 36508.70 85.20
978.8 42868.95 36603.75 85.39
979.7 43050.58 36780.01 85.43
980.7 43264.32 36981.45 85.48
981.7 43347.07 37303.70 86.06
982.6 43545.07 37687.85 86.55
983.6 44003.55 38161.42 86.72
984.6 44377.46 38581.22 86.94
985.5 44900.28 39261.96 87.44
986.5 45688.01 39601.55 86.68
987.5 46285.78 40603.17 87.72
988.4 47161.40 41719.70 88.46
989.4 47812.76 42694.43 89.30
990.4 48753.98 43936.97 90.12
991.3 50274.64 45332.39 90.17
992.3 50864.45 45386.74 89.23
993.2 51610.85 47571.74 92.17
994.2 53891.66 48325.39 89.67
995.2 55394.96 48400.64 87.37
996.1 55625.12 49818.10 89.56
997.1 56348.70 49182.97 87.28
998.0 54473.40 48649.20 89.31
999.0 55283.87 49502.55 89.54
1000.0 55127.21 49126.97 89.12
1000.9 55875.58 50760.21 90.85
1001.9 56355.47 48652.20 86.33
1002.8 54776.67 48922.67 89.31
1003.8 57170.04 48878.20 85.50
1004.8 54763.20 49286.88 90.00
961.5 49984.08 39155.81 78.34
965.5 48959.90 38980.27 79.62
969.5 47367.08 37958.11 80.14
973.4 45664.01 36783.65 80.55
977.4 44063.24 36030.26 81.77
981.4 43484.76 35870.63 82.49
985.3 43466.28 36058.00 82.96
989.3 43739.41 36500.39 83.45
993.3 44088.36 37002.88 83.93
997.2 44246.85 37371.49 84.46
1001.2 44240.69 37695.19 85.20
1005.2 44147.66 38000.27 86.08
1009.1 44170.72 38461.11 87.07
1013.1 44298.35 39046.48 88.14
1017.1 44409.64 39628.76 89.23
1021.0 44418.65 40101.26 90.28
1025.0 44431.92 40522.13 91.20
1029.0 44310.95 40823.69 92.13
1032.9 44196.36 41142.27 93.09
1036.9 44214.81 41576.37 94.03
1040.9 44317.48 42089.09 94.97
1044.8 44471.57 42658.75 95.92
1048.8 44586.22 43186.30 96.86
1052.7 44660.98 43614.39 97.66
1056.7 44664.90 43910.92 98.31
1060.7 44652.74 44132.70 98.84
1064.6 44643.90 44292.63 99.21
1068.6 44545.19 44322.19 99.50
1072.5 44448.63 44273.99 99.61
1076.5 44390.31 44201.15 99.57
1080.4 44363.13 44116.55 99.44
1084.4 44428.99 44053.84 99.16
1088.3 44526.89 43942.12 98.69
1092.3 44515.11 43670.55 98.10
1096.2 44485.25 43374.26 97.50
1100.2 44489.30 43119.95 96.92
1104.1 44387.15 42720.89 96.25
1108.1 44344.78 42368.24 95.54
1112.0 44255.25 41960.39 94.81
1116.0 44078.91 41394.60 93.91
1119.9 43920.46 40751.22 92.78
1123.9 43980.05 40181.74 91.36
1127.8 43933.44 39302.40 89.46
1131.8 43891.20 38183.82 87.00
1135.7 43904.71 36903.04 84.05
1139.6 43873.24 35483.76 80.88
1143.6 43814.30 34081.56 77.79
1147.5 43764.96 32876.18 75.12
1151.4 43600.54 31892.33 73.15
1155.4 43567.43 31306.29 71.86
1159.3 43548.37 30927.82 71.02
1163.2 43379.84 30577.82 70.49
1167.2 43333.14 30405.06 70.17
1171.1 43320.14 30291.84 69.93
1175.0 43247.45 30159.45 69.74
1179.0 43203.54 30048.45 69.55
1182.9 43281.26 30014.84 69.35
1186.8 43262.79 29922.21 69.16
1190.7 43059.97 29696.41 68.97
1194.7 42822.73 29464.10 68.80
1198.6 42602.18 29310.44 68.80
1202.5 42456.57 29241.56 68.87
1206.4 42335.53 29212.69 69.00
1210.3 42230.32 29227.19 69.21
1214.2 42126.94 29257.82 69.45
1218.2 41984.08 29287.90 69.76
1222.1 41854.50 29330.90 70.08
1226.0 41760.57 29398.54 70.40
1229.9 41673.90 29475.42 70.73
1233.8 41576.55 29544.12 71.06
1237.7 41528.30 29619.43 71.32
1241.6 41457.25 29657.62 71.54
1245.5 41309.15 29642.05 71.76
1249.4 41175.26 29653.50 72.02
1253.3 41058.30 29657.34 72.23
1257.2 40978.33 29656.61 72.37
1261.1 40873.57 29609.06 72.44
1265.0 40757.89 29532.02 72.46
1268.9 40587.74 29404.38 72.45
1272.8 40626.75 29412.00 72.40
1276.7 40780.33 29467.48 72.26
1280.6 40842.56 29406.53 72.00
1284.5 40748.73 29199.24 71.66
1288.4 40697.88 28991.22 71.24
1292.3 40562.50 28679.75 70.71
1296.2 40411.46 28320.59 70.08
1300.1 40239.63 27902.08 69.34
1303.9 40009.73 27394.70 68.47
1307.8 39785.54 26848.58 67.48
1311.7 39554.21 26277.92 66.44
1315.6 39326.35 25672.30 65.28
1319.5 39086.11 25024.99 64.03
1323.3 38870.69 24376.36 62.71
1327.2 38681.53 23736.00 61.36
1331.1 38474.56 23083.75 60.00
1335.0 38203.08 22401.18 58.64
1338.8 38009.09 21793.15 57.34
1342.7 37876.27 21232.11 56.06
1346.5 37598.34 20593.30 54.77
1350.4 37400.07 20035.22 53.57
1354.3 37094.65 19463.06 52.47
1358.1 36731.71 18887.62 51.42
1362.0 36487.36 18381.27 50.38
1365.8 36370.47 17929.60 49.30
1369.7 36432.94 17525.28 48.10
1373.5 36366.82 16944.41 46.59
1377.4 36166.21 16134.67 44.61
1381.2 35990.96 15192.05 42.21
1385.1 35936.27 14250.81 39.66
1389.0 35813.45 13310.88 37.17
1392.8 35598.92 12362.24 34.73
1396.6 35460.61 11494.16 32.41
1400.5 35253.63 10724.08 30.42
1404.3 35072.57 10112.93 28.83
1408.2 35016.72 9636.49 27.52
1412.0 34945.02 9262.94 26.51
1415.8 34962.39 9008.54 25.77
1419.6 34891.95 8788.67 25.19
1423.5 34842.23 8624.01 24.75
1427.3 34796.45 8505.64 24.44
1431.1 34758.75 8411.85 24.20
1434.9 34669.05 8325.21 24.01
1438.8 34606.94 8271.50 23.90
1442.6 34573.84 8239.56 23.83
1446.4 34441.31 8187.36 23.77
1450.2 34332.12 8157.90 23.76
1454.0 34220.52 8141.88 23.79
1457.8 34188.19 8153.25 23.85
1461.6 34155.00 8181.26 23.95
1465.4 34045.70 8213.14 24.12
1469.2 33870.20 8244.60 24.34
1473.0 33726.92 8313.33 24.65
1476.8 33664.28 8426.32 25.03
1480.7 33601.58 8543.97 25.43
1484.4 33488.64 8673.12 25.90
1488.2 33386.04 8832.72 26.46
1492.0 33257.25 8986.85 27.02
1495.8 33142.20 9131.85 27.55
1499.6 33034.11 9261.86 28.04
1503.4 32933.47 9362.50 28.43
1507.2 32852.74 9451.04 28.77
1510.9 32722.34 9547.73 29.18
1514.7 32573.11 9634.40 29.58
1518.5 32453.90 9732.64 29.99
1522.3 32317.90 9836.09 30.44
1526.0 32200.64 9971.63 30.97
1529.8 32127.61 10122.98 31.51
1533.6 32011.66 10229.20 31.95
1537.3 31894.88 10326.70 32.38
1541.1 31782.08 10431.42 32.82
1544.8 31651.20 10555.20 33.35
1548.6 31528.46 10695.40 33.92
1552.4 31450.00 10811.24 34.38
1556.1 31366.15 10900.43 34.75
1559.9 31270.43 10966.91 35.07
1563.6 31150.17 11032.40 35.42
1567.3 31046.10 11137.40 35.87
1571.1 30855.35 11228.38 36.39
1574.8 30723.08 11335.86 36.90
1578.6 30633.26 11426.58 37.30
1582.3 30519.48 11483.92 37.63
1586.0 30400.45 11534.34 37.94
1589.8 30269.89 11577.67 38.25
1593.5 30123.48 11611.27 38.55
1597.2 29998.09 11644.85 38.82
1600.9 29883.71 11668.97 39.05
1604.7 29753.95 11700.21 39.32
1608.4 29639.51 11750.90 39.65
1612.1 29489.62 11779.51 39.94
1615.8 29365.23 11806.24 40.20
1619.5 29298.37 11857.20 40.47
1623.2 29161.12 11881.71 40.75
1626.9 29003.45 11887.18 40.99
1630.6 28846.40 11889.46 41.22
1634.3 28721.00 11903.81 41.45
1638.0 28599.28 11891.05 41.58
1641.7 28456.49 11858.67 41.67
1645.4 28299.47 11814.39 41.75
1649.1 28138.66 11766.90 41.82
1652.8 28008.70 11723.97 41.86
1656.4 27859.80 11668.06 41.88
1660.1 27720.43 11621.04 41.92
1663.8 27551.22 11562.85 41.97
1667.5 27406.07 11513.50 42.01
1671.1 27282.14 11467.42 42.03
1674.8 27100.13 11387.37 42.02
1678.5 27060.12 11341.46 41.91
1682.1 27085.37 11323.42 41.81
1685.8 27087.74 11294.40 41.70
1689.5 26985.46 11207.71 41.53
1693.1 26859.21 11110.56 41.37
1696.8 26718.75 11005.75 41.19
1700.4 26575.97 10878.59 40.93
1704.0 26457.91 10766.39 40.69
1707.7 26210.69 10597.94 40.43
1711.3 25940.59 10405.35 40.11
1715.0 25755.85 10255.00 39.82
1718.6 25603.66 10111.12 39.49
1722.2 25471.82 9976.34 39.17
1725.9 25346.15 9845.04 38.84
1729.5 25225.17 9728.99 38.57
1733.1 25122.33 9646.38 38.40
1736.7 25028.77 9572.01 38.24
1740.3 24869.68 9469.83 38.08
1744.0 24796.20 9377.94 37.82
1747.5 24670.34 9250.78 37.50
1751.2 24460.97 9092.53 37.17
1754.8 24300.77 8950.91 36.83
1758.4 24168.99 8823.18 36.51
1762.0 24004.67 8688.79 36.20
1765.5 23878.06 8598.01 36.01
1769.1 23824.80 8546.40 35.87
1772.7 23745.17 8483.18 35.73
1776.3 23631.64 8406.64 35.57
1779.9 23517.13 8334.35 35.44
1783.5 23453.36 8283.20 35.32
1787.0 23338.16 8216.71 35.21
1790.6 23194.11 8153.22 35.15
1794.2 23099.94 8111.33 35.11
1797.8 23019.59 8077.77 35.09
1801.3 22943.45 8047.60 35.08
1804.9 22821.75 8006.25 35.08
1808.4 22758.56 7982.98 35.08
1812.0 22651.25 7946.81 35.08
1815.5 22537.46 7897.98 35.04
1819.1 22377.91 7818.34 34.94
1822.6 22230.86 7763.34 34.92
1826.2 22108.08 7712.87 34.89
1829.7 21962.63 7640.09 34.79
1833.2 21769.52 7553.89 34.70
1836.8 21568.82 7465.64 34.61
1840.3 21408.35 7394.54 34.54
1843.8 21283.15 7353.92 34.55
1847.3 21175.36 7343.34 34.68
1850.8 21026.88 7322.11 34.82
1854.3 20829.70 7252.22 34.82
1857.8 20716.80 7118.80 34.36
1861.3 20743.52 6892.72 33.23
1864.8 20771.48 6560.12 31.58
1868.3 20668.83 6111.04 29.57
1871.8 20505.60 5629.44 27.45
1875.3 20412.67 5236.60 25.65
1878.8 20386.82 4918.82 24.13
1882.3 20318.80 4613.64 22.71
1885.8 20165.84 4312.65 21.39
1889.3 19976.70 4053.73 20.29
1892.7 19815.25 3869.20 19.53
1896.2 19650.94 3771.98 19.19
1899.7 19441.16 3757.17 19.33
1903.1 19313.45 3841.99 19.89
1906.6 19304.54 4075.94 21.11
1910.0 19451.18 4419.78 22.72
1913.5 19794.95 4844.33 24.47
1917.0 20308.75 5464.90 26.91
1920.4 20662.58 6009.25 29.08
1923.8 20806.27 6231.05 29.95
1871.2 18887.00 4841.94 25.64
1873.9 18953.16 4671.18 24.65
1876.7 18991.47 4473.28 23.55
1879.5 19143.67 4284.63 22.38
1882.3 18900.39 3987.58 21.10
1885.1 18757.12 3706.60 19.76
1887.8 18909.61 3537.82 18.71
1890.6 18719.80 3438.33 18.37
1893.4 18700.00 3292.67 17.61
1896.2 18690.78 3142.64 16.81
1898.9 18634.09 3108.89 16.68
1901.7 18493.24 3097.88 16.75
1904.5 18663.12 3036.46 16.27
1907.2 18605.75 2954.50 15.88
1910.0 18464.96 2909.60 15.76
1912.7 18451.36 2890.41 15.67
1915.5 18338.72 2837.55 15.47
1918.2 18231.61 2769.63 15.19
1921.0 18078.76 2750.67 15.21
1923.7 18082.37 2748.04 15.20
1926.5 18028.91 2732.34 15.16
1929.2 17989.40 2738.49 15.22
1932.0 17961.44 2727.08 15.18
1934.7 17922.05 2710.82 15.13
1937.4 17800.47 2713.96 15.25
1940.2 17730.06 2753.71 15.53
1942.9 17801.07 2774.00 15.58
1945.6 17808.94 2775.38 15.58
1948.3 17731.12 2797.75 15.78
1951.1 17698.80 2811.34 15.88
1953.8 17700.00 2817.00 15.92
1956.5 17568.67 2821.29 16.06
1959.2 17632.03 2864.42 16.25
1961.9 17647.56 2887.62 16.36
1964.6 17543.58 2900.63 16.53
1967.3 17598.27 2954.80 16.79
1970.0 17419.60 2939.28 16.87
1972.8 17335.24 2944.61 16.99
1975.5 17419.52 2961.79 17.00
1978.2 17336.04 2987.16 17.23
1980.9 17221.82 3040.35 17.65
1983.5 17185.34 3018.85 17.57
1986.2 17183.55 3035.13 17.66
1988.9 17157.36 3099.15 18.06
1991.6 17017.92 3087.85 18.14
1994.3 16893.86 3081.85 18.24
1997.0 16913.63 3131.30 18.51
1999.7 16876.79 3170.32 18.79
2002.3 16857.27 3193.10 18.94
2005.0 16785.35 3210.36 19.13
2007.7 16706.93 3213.53 19.23
2010.4 16656.07 3234.72 19.42
2013.0 16600.58 3271.75 19.71
2015.7 16495.88 3259.39 19.76
2018.4 16401.61 3270.68 19.94
2021.0 16371.00 3317.83 20.27
2023.7 16264.64 3307.20 20.33
2026.4 16195.83 3309.58 20.43
2029.0 16138.97 3340.26 20.70
2031.7 16029.65 3349.02 20.89
2034.3 16012.75 3346.20 20.90
2037.0 15932.90 3349.85 21.02
2039.6 15864.39 3384.44 21.33
2042.3 15822.15 3378.43 21.35
2044.9 15747.27 3396.86 21.57
2047.5 15719.22 3424.91 21.79
2050.2 15638.00 3407.60 21.79
2052.8 15596.00 3430.00 21.99
2055.4 15487.61 3446.05 22.25
2058.1 15363.60 3418.80 22.25
2060.7 15311.01 3435.06 22.44
2063.3 15243.07 3463.83 22.72
2065.9 15200.63 3461.67 22.77
2068.6 15142.00 3464.46 22.88
2071.2 15102.27 3481.92 23.06
2073.8 15013.06 3489.52 23.24
2076.4 14939.89 3511.14 23.50
2079.0 14937.96 3543.41 23.72
2081.6 14955.68 3553.24 23.76
2084.2 14929.44 3558.12 23.83
2086.8 14795.01 3532.59 23.88
2089.4 14708.12 3528.81 23.99
2092.1 14645.50 3536.00 24.14
2094.7 14574.18 3551.03 24.37
2097.2 14543.50 3567.17 24.53
2099.8 14569.24 3586.80 24.62
2102.4 14455.51 3585.44 24.80
2105.0 14315.55 3573.90 24.97
2107.6 14281.54 3591.75 25.15
2110.2 14245.28 3606.08 25.31
2112.8 14225.04 3627.84 25.50
2115.3 14222.61 3640.09 25.59
2117.9 14223.97 3659.00 25.72
2120.5 14225.20 3667.07 25.78
2123.1 14136.53 3673.80 25.99
2125.6 14079.43 3675.06 26.10
2128.2 14012.88 3655.41 26.09
2130.8 13940.55 3673.80 26.35
2133.3 13889.33 3666.67 26.40
2135.9 13802.30 3677.08 26.64
2138.4 13704.95 3659.76 26.70
2141.0 13601.55 3637.66 26.74
2143.6 13585.34 3644.06 26.82
2146.1 13439.94 3614.15 26.89
2148.7 13282.54 3612.10 27.19
2151.2 13302.67 3610.93 27.14
2153.8 13324.47 3602.64 27.04
2156.3 13227.98 3591.25 27.15
2158.8 13160.05 3582.39 27.22
2161.4 13128.93 3594.02 27.37
2163.9 13034.58 3570.43 27.39
2166.4 12973.85 3556.87 27.42
2169.0 12959.07 3556.87 27.45
2171.5 12876.28 3515.48 27.30
2174.0 12786.55 3501.58 27.38
2176.5 12767.30 3522.22 27.59
2179.1 12718.27 3508.59 27.59
2181.6 12644.21 3461.42 27.38
2184.1 12612.60 3461.92 27.45
2186.6 12631.79 3486.69 27.60
2189.1 12551.10 3457.17 27.54
2191.6 12501.53 3452.87 27.62
2194.1 12512.72 3471.14 27.74
2196.6 12513.32 3468.00 27.71
2199.2 12564.98 3481.36 27.71
2201.7 12503.60 3484.96 27.87
2204.1 12450.01 3448.77 27.70
2206.6 12458.20 3439.06 27.60
2209.1 12429.94 3463.28 27.86
2211.6 12413.54 3433.61 27.66
2214.1 12385.83 3413.90 27.56
2216.6 12340.79 3418.50 27.70
2219.1 12355.98 3414.70 27.64
2221.6 12303.15 3399.35 27.63
2224.0 12230.10 3383.28 27.66
2226.5 12198.83 3348.40 27.45
2229.0 12234.63 3346.06 27.35
2231.5 12152.59 3312.95 27.26
2233.9 12137.64 3271.08 26.95
2236.4 12131.98 3269.42 26.95
2238.9 12024.13 3216.25 26.75
2241.3 12068.10 3179.29 26.34
2243.8 12017.57 3148.20 26.20
2246.2 11870.35 3140.10 26.45
2248.7 11882.39 3135.47 26.39
2251.2 11860.53 3097.73 26.12
2253.6 11784.96 3056.64 25.94
2256.1 11773.44 3010.56 25.57
2258.5 11793.92 3011.87 25.54
2260.9 11696.75 2972.13 25.41
2263.4 11668.53 2936.33 25.16
2265.8 11678.48 2931.16 25.10
2268.3 11583.48 2874.71 24.82
2270.7 11653.18 2851.88 24.47
2273.1 11608.55 2845.57 24.51
2275.6 11523.84 2799.36 24.29
2278.0 11553.06 2778.73 24.05
2280.4 11529.61 2774.65 24.07
2282.8 11402.06 2733.40 23.97
2285.3 11435.59 2714.06 23.73
2287.7 11531.47 2694.45 23.37
2290.1 11440.95 2668.50 23.32
2292.5 11408.96 2599.26 22.78
2294.9 11404.51 2560.68 22.45
2297.3 11303.39 2570.75 22.74
2299.7 11233.01 2507.19 22.32
2302.1 11231.11 2466.99 21.97
2304.5 11113.20 2426.48 21.83
2306.9 10995.60 2367.68 21.53
2309.3 10932.15 2374.51 21.72
2311.7 10856.55 2358.93 21.73
2314.1 10708.33 2303.93 21.52
2316.5 10641.94 2328.54 21.88
2318.9 10674.03 2337.41 21.90
2321.3 10672.73 2321.54 21.75
2323.7 10642.23 2352.07 22.10
2326.1 10606.96 2317.25 21.85
2328.4 10691.58 2266.06 21.19
2330.8 10736.25 2298.58 21.41
2333.2 10617.06 2293.91 21.61
2335.6 10582.60 2204.54 20.83
2337.9 10642.00 2191.00 20.59
2340.3 10592.40 2225.12 21.01
2342.7 10507.23 2170.85 20.66
2345.0 10502.01 2123.33 20.22
2347.4 10493.25 2125.00 20.25
2349.7 10277.63 2067.49 20.12
2352.1 10236.25 2036.96 19.90
2354.4 10290.21 2033.11 19.76
2356.8 10243.45 2024.52 19.76
2359.2 10187.67 2036.67 19.99
2361.5 10122.93 2011.50 19.87
2363.8 10144.75 1980.64 19.52
2366.2 10159.49 1994.83 19.64
2368.5 10097.05 1953.55 19.35
2370.9 10118.68 1896.69 18.74
2373.2 10072.53 1902.09 18.88
2375.5 9932.38 1859.78 18.72
2377.9 9918.93 1837.01 18.52
2380.2 9923.89 1896.81 19.11
2382.5 9856.28 1870.17 18.97
2384.8 9822.88 1809.60 18.42
2387.2 9807.99 1819.07 18.55
2389.5 9759.69 1794.23 18.38
2391.8 9772.85 1739.72 17.80
2394.1 9716.63 1760.99 18.12
2396.4 9652.48 1780.51 18.45
2398.7 9714.10 1748.93 18.00
2401.0 9598.25 1706.03 17.77
2403.3 9511.80 1673.28 17.59
2405.6 9521.83 1674.44 17.59
2407.9 9458.88 1668.33 17.64
2410.2 9400.00 1634.35 17.39
2412.5 9350.27 1615.97 17.28
2414.8 9330.30 1632.93 17.50
2417.1 9280.68 1615.60 17.41
2419.4 9294.64 1583.84 17.04
2421.7 9214.94 1577.00 17.11
2424.0 9156.02 1558.58 17.02
2426.2 9223.40 1562.20 16.94
2428.5 9129.27 1519.74 16.65
2430.8 9112.40 1487.85 16.33
2433.1 9071.93 1493.55 16.46
2435.4 8991.17 1499.46 16.68
2437.6 8963.19 1465.89 16.35
2439.9 8866.09 1426.21 16.09
2442.2 8873.80 1456.21 16.41
2444.4 8827.50 1435.83 16.27
2446.7 8812.56 1413.28 16.04
2448.9 8870.66 1403.44 15.82
2451.2 8802.92 1394.64 15.84
2453.4 8732.64 1356.00 15.53
2455.7 8702.87 1325.80 15.23
2457.9 8608.05 1318.68 15.32
2460.2 8594.01 1325.48 15.42
2462.4 8611.20 1304.16 15.14
2464.7 8503.63 1318.44 15.50
2466.9 8416.62 1271.16 15.10
2469.2 8471.54 1231.52 14.54
2471.4 8370.38 1273.61 15.22
2473.6 8261.63 1238.58 14.99
2475.9 8256.69 1178.56 14.27
2478.1 8211.66 1168.22 14.23
2480.3 8173.00 1155.64 14.14
2482.5 8177.69 1186.62 14.51
2484.8 8119.06 1179.63 14.53
2487.0 8110.30 1155.44 14.25
2489.2 8058.48 1153.37 14.31
2491.4 7946.29 1075.90 13.54
2493.6 7987.26 1073.85 13.44
2495.8 7981.68 1124.40 14.09
2498.0 7985.07 1134.93 14.21
2500.2 7961.63 1137.38 14.29
2502.4 8125.20 1154.40 14.21
2504.6 8272.59 1164.36 14.07
2506.8 8348.61 1169.00 14.00
