/*** Spectra Vista SIG Data ***/
name= \My Documents\HR1024_Data\GD2S10.
instrument= HR: 1091052
integration= 200, 60, 30, 200, 60, 30
scan time= 1, 1
scan settings= AD, AI, AD, AI
external data set1= 8224, 8224, 8224, 8224, 8224, 8224, 8224, 8224, 8224, 8224, 8224, 8224, 8224, 8224, 8224, 8224
external data set2= 8224, 8224, 8224, 8224, 8224, 8224, 8224, 8224, 8224, 8224, 8224, 8224, 8224, 8224, 8224, 8224
external data dark= 0,0,0,0,0,0,0,0
external data mask= 0
optic= LENS4 , LENS4 
temp= 32.26, 8.88, -5.37, 42.81, 8.88, -5.24
battery= 7.0, 6.5
error= 0, 0
units= Radiance, Radiance
time= 1/15/08 9:53:06 AM, 1/15/08 10:32:33 AM
longitude= , 
latitude= , 
gpstime= , 
comm= 
memory slot= 0, 0
factors= 
data= 
346.4 509.60 200.66 39.38
347.9 549.06 185.11 33.71
349.5 608.40 196.56 32.31
351.1 655.20 196.56 30.00
352.6 708.40 208.73 29.46
354.2 752.68 209.44 27.83
355.7 818.30 225.62 27.57
357.3 873.81 235.79 26.98
358.8 891.23 241.16 27.06
360.4 967.31 249.74 25.82
361.9 1009.93 243.78 24.14
363.5 1059.53 252.76 23.86
365.1 1102.67 253.13 22.96
366.6 1156.59 255.49 22.09
368.2 1218.77 255.17 20.94
369.7 1306.00 244.88 18.75
371.3 1379.56 260.11 18.85
372.8 1457.48 272.24 18.68
374.4 1528.58 280.35 18.34
375.9 1575.56 274.73 17.44
377.4 1632.76 269.96 16.53
379.0 1683.54 289.61 17.20
380.5 1741.87 289.29 16.61
382.1 1805.51 277.77 15.38
383.6 1862.60 277.83 14.92
385.2 1949.75 297.00 15.23
386.7 2036.04 300.53 14.76
388.3 2135.96 307.08 14.38
389.8 2212.47 323.91 14.64
391.3 2314.34 331.42 14.32
392.9 2392.65 355.63 14.86
394.4 2474.90 367.97 14.87
395.9 2552.82 392.50 15.38
397.5 2664.75 416.67 15.64
399.0 2774.82 404.79 14.59
400.6 2852.64 410.35 14.38
402.1 2910.24 405.06 13.92
403.6 2965.71 407.58 13.74
405.1 3036.77 413.59 13.62
406.7 3133.76 421.12 13.44
408.2 3234.33 438.82 13.57
409.7 3330.88 445.76 13.38
411.3 3437.91 465.89 13.55
412.8 3528.93 485.85 13.77
414.3 3634.54 511.53 14.07
415.8 3740.00 525.00 14.04
417.4 3868.37 546.48 14.13
418.9 3954.39 554.07 14.01
420.4 4037.85 568.29 14.07
421.9 4106.74 578.38 14.08
423.5 4196.00 579.08 13.80
425.0 4263.51 579.86 13.60
426.5 4364.50 586.95 13.45
428.0 4488.82 603.44 13.44
429.5 4615.58 602.38 13.05
431.1 4756.23 626.94 13.18
432.6 4917.76 645.96 13.14
434.1 5064.68 669.90 13.23
435.6 5199.35 692.73 13.32
437.1 5333.25 711.75 13.35
438.6 5454.84 734.91 13.47
440.1 5584.70 757.32 13.56
441.6 5717.14 790.99 13.84
443.1 5852.25 826.20 14.12
444.7 5982.11 861.05 14.39
446.2 6104.50 900.94 14.76
447.7 6213.60 955.77 15.38
449.2 6315.84 995.76 15.77
450.7 6414.72 1031.68 16.08
452.2 6543.45 1076.82 16.46
453.7 6682.65 1106.33 16.56
455.2 6842.54 1152.39 16.84
456.7 7029.44 1205.60 17.15
458.2 7231.16 1258.20 17.40
459.7 7428.75 1310.75 17.64
461.2 7633.63 1360.82 17.83
462.7 7815.14 1403.36 17.96
464.2 8000.76 1442.04 18.02
465.7 8191.53 1488.86 18.18
467.2 8352.58 1528.45 18.30
468.7 8552.00 1592.00 18.62
470.2 8711.17 1635.90 18.78
471.7 8854.00 1686.25 19.05
473.2 9050.37 1739.50 19.22
474.6 9252.88 1787.33 19.32
476.1 9378.88 1818.96 19.39
477.6 9464.51 1843.97 19.48
479.1 9567.20 1876.84 19.62
480.6 9658.16 1905.93 19.73
482.1 9797.74 1945.80 19.86
483.6 9963.22 1992.30 20.00
485.1 10140.49 2059.97 20.31
486.6 10356.19 2135.16 20.62
488.0 10562.50 2219.75 21.02
489.5 10784.97 2315.91 21.47
491.0 10998.86 2418.75 21.99
492.5 11224.98 2540.16 22.63
494.0 11462.99 2673.23 23.32
495.4 11663.85 2806.65 24.06
496.9 11870.36 2957.57 24.92
498.4 12074.30 3112.51 25.78
499.9 12278.41 3290.73 26.80
501.4 12476.75 3474.30 27.85
502.8 12664.51 3676.17 29.03
504.3 12846.60 3884.40 30.24
505.8 13033.73 4100.91 31.46
507.2 13172.68 4325.00 32.83
508.7 13289.99 4539.41 34.16
510.2 13412.81 4757.08 35.47
511.6 13494.72 4974.52 36.86
513.1 13630.43 5204.21 38.18
514.6 13795.53 5449.95 39.51
516.0 13946.28 5695.09 40.84
517.5 14135.83 5959.85 42.16
519.0 14365.19 6247.12 43.49
520.5 14579.60 6533.76 44.81
521.9 14828.55 6840.23 46.13
523.4 15093.49 7156.77 47.42
524.8 15349.14 7466.94 48.65
526.3 15633.70 7785.10 49.80
527.8 15915.89 8096.13 50.87
529.2 16178.21 8381.78 51.81
530.7 16455.24 8678.75 52.74
532.1 16698.15 8952.56 53.61
533.6 16994.07 9237.75 54.36
535.0 17295.55 9518.36 55.03
536.5 17581.25 9792.25 55.70
538.0 17895.84 10061.12 56.22
539.4 18160.64 10323.82 56.85
540.9 18488.86 10606.73 57.37
542.3 18738.28 10862.83 57.97
543.8 18940.29 11059.94 58.39
545.2 19020.35 11187.63 58.82
546.6 19057.19 11266.24 59.12
548.1 19121.11 11341.36 59.31
549.5 19166.91 11416.63 59.56
551.0 19217.70 11469.28 59.68
552.4 19311.21 11549.18 59.81
553.9 19371.38 11593.83 59.85
555.3 19461.20 11642.67 59.83
556.8 19596.88 11714.72 59.78
558.2 19743.75 11785.50 59.69
559.6 19902.71 11869.91 59.64
561.1 20117.50 11976.25 59.53
562.5 20332.52 12087.66 59.45
564.0 20611.34 12239.37 59.38
565.4 20865.50 12370.86 59.29
566.8 21177.73 12522.32 59.13
568.3 21463.05 12646.05 58.92
569.7 21776.78 12767.61 58.63
571.1 22080.65 12874.25 58.31
572.6 22373.82 12960.00 57.92
574.0 22675.95 13054.80 57.57
575.4 22958.44 13138.88 57.23
576.9 23231.09 13201.65 56.83
578.3 23477.03 13257.89 56.47
579.7 23721.74 13309.63 56.11
581.1 23920.49 13341.98 55.78
582.6 24132.47 13376.82 55.43
584.0 24305.80 13398.40 55.12
585.4 24549.94 13473.53 54.88
586.8 24845.17 13566.74 54.61
588.3 25201.80 13698.36 54.35
589.7 25517.70 13815.36 54.14
591.1 25735.55 13868.08 53.89
592.5 25883.00 13873.65 53.60
594.0 25998.42 13863.90 53.33
595.4 26057.54 13834.28 53.09
596.8 26115.38 13809.51 52.88
598.2 26174.55 13771.97 52.62
599.6 26202.06 13734.45 52.42
601.0 26298.70 13718.07 52.16
602.4 26372.18 13692.68 51.92
603.9 26501.77 13681.36 51.62
605.3 26625.41 13673.06 51.35
606.7 26749.80 13636.80 50.98
608.1 26941.18 13650.22 50.67
609.5 27151.69 13660.61 50.31
610.9 27387.74 13685.46 49.97
612.3 27589.20 13696.66 49.65
613.7 27871.80 13733.36 49.27
615.1 28061.64 13710.06 48.86
616.5 28235.16 13705.10 48.54
617.9 28534.12 13776.69 48.28
619.3 28808.15 13854.36 48.09
620.7 29149.14 13989.13 47.99
622.1 29527.66 14112.96 47.80
623.5 29951.83 14257.14 47.60
624.9 30436.35 14453.78 47.49
626.3 30757.12 14568.05 47.36
627.7 30461.43 14385.77 47.23
629.1 30188.34 14210.39 47.07
630.5 30083.03 14087.26 46.83
631.9 30076.12 14041.19 46.69
633.3 30078.24 13964.30 46.43
634.7 30183.54 13947.68 46.21
636.1 30268.81 13918.45 45.98
637.5 30374.19 13897.37 45.75
638.9 30520.15 13851.54 45.38
640.2 30643.60 13768.85 44.93
641.6 30733.56 13646.88 44.40
643.0 30777.50 13454.50 43.72
644.4 30869.16 13239.56 42.89
645.8 30855.38 13008.83 42.16
647.2 31023.20 12841.53 41.39
648.5 31185.15 12680.59 40.66
649.9 31117.13 12464.60 40.06
651.3 31099.80 12275.70 39.47
652.7 31059.00 12043.65 38.78
654.1 30961.56 11685.00 37.74
655.5 30829.51 11273.18 36.57
656.8 30685.81 10886.33 35.48
658.2 30861.69 10624.91 34.43
659.6 31181.89 10408.45 33.38
660.9 31452.29 10174.86 32.35
662.3 31767.46 9912.08 31.20
663.7 32102.70 9634.80 30.01
665.0 32334.98 9371.25 28.98
666.4 32575.38 9145.89 28.08
667.8 32873.84 8955.69 27.24
669.1 33084.01 8787.37 26.56
670.5 33327.47 8664.29 26.00
671.9 33513.12 8565.96 25.56
673.2 33742.50 8525.61 25.27
674.6 33950.66 8526.20 25.11
676.0 34219.05 8592.59 25.11
677.3 34494.18 8704.73 25.24
678.7 34767.13 8895.25 25.59
680.0 35103.31 9190.43 26.18
681.4 35420.13 9619.52 27.16
682.8 35763.00 10189.73 28.49
684.1 36073.44 10937.16 30.32
685.5 36318.59 11841.92 32.61
686.8 36607.26 12915.00 35.28
688.2 36844.31 14131.62 38.35
689.5 36898.97 15417.75 41.78
690.9 36950.15 16775.42 45.40
692.2 37008.15 18168.75 49.09
693.6 37024.93 19577.66 52.88
694.9 37005.38 20940.53 56.59
696.2 37027.13 22278.38 60.17
697.6 37047.86 23551.69 63.57
698.9 37049.76 24747.36 66.79
700.3 37075.62 25869.63 69.78
701.6 37124.24 26914.20 72.50
703.0 37178.40 27868.77 74.96
704.3 37172.20 28685.80 77.17
705.6 37157.22 29445.66 79.25
707.0 37168.46 30127.53 81.06
708.3 37076.04 30700.40 82.80
709.6 36967.81 31195.53 84.39
711.0 36867.73 31610.82 85.74
712.3 36770.31 31958.86 86.91
713.6 36755.88 32334.12 87.97
714.9 36684.64 32661.56 89.03
716.3 36701.44 32990.96 89.89
717.6 36734.04 33329.73 90.73
718.9 36680.73 33542.53 91.44
720.2 36496.25 33648.79 92.20
721.6 36394.28 33772.05 92.79
722.9 36240.12 33846.57 93.40
724.2 36067.30 33837.32 93.82
725.5 35963.70 33858.16 94.15
726.8 35833.96 33854.04 94.47
728.1 35810.80 33902.90 94.67
729.5 35779.10 33932.08 94.84
730.8 35779.13 33972.38 94.95
732.1 35704.25 33969.85 95.14
733.4 35690.92 33988.15 95.23
734.7 35685.89 33996.87 95.27
736.0 35729.66 34061.37 95.33
737.3 35717.44 34080.00 95.42
738.6 35830.21 34224.04 95.52
739.9 36014.88 34466.69 95.70
741.2 36161.58 34638.24 95.79
742.5 36363.94 34948.14 96.11
743.8 36737.66 35444.06 96.48
745.1 37309.08 36131.28 96.84
746.4 37926.98 36914.15 97.33
747.7 38536.99 37678.75 97.77
749.0 39118.92 38415.46 98.20
750.3 39493.02 38800.16 98.25
751.6 39440.80 38717.86 98.17
752.9 39084.79 38337.26 98.09
754.2 38731.25 37930.52 97.93
755.4 38386.91 37533.94 97.78
756.7 38244.09 37443.94 97.91
758.0 38261.36 37551.30 98.14
759.3 38489.95 37851.45 98.34
760.6 38786.44 38228.96 98.56
761.9 39062.28 38597.77 98.81
763.1 39197.21 38808.83 99.01
764.4 39371.54 39057.69 99.20
765.7 39490.75 39286.00 99.48
767.0 39577.16 39448.36 99.67
768.2 39644.64 39590.88 99.86
769.5 39697.68 39701.10 100.01
770.8 39836.32 39912.93 100.19
772.0 39856.44 39976.97 100.30
773.3 39898.95 40093.76 100.49
774.6 39978.84 40221.22 100.61
775.8 40054.79 40338.84 100.71
777.1 40085.96 40393.96 100.77
778.4 40059.57 40380.57 100.80
779.6 39999.54 40412.19 101.03
780.9 39948.00 40380.00 101.08
782.1 39837.20 40285.17 101.12
783.4 39802.88 40322.88 101.31
784.6 39851.08 40381.80 101.33
785.9 40095.40 40733.18 101.59
787.1 40531.58 41331.85 101.97
788.4 40834.19 41770.42 102.29
789.6 40796.10 41617.33 102.01
790.9 40479.11 41163.94 101.69
792.1 40128.24 40733.36 101.51
793.4 39739.41 40357.64 101.56
794.6 39507.48 40096.23 101.49
795.8 39314.07 39856.37 101.38
797.1 39097.95 39624.08 101.35
798.3 38940.83 39485.33 101.40
799.5 38821.14 39418.11 101.54
800.8 38733.05 39333.87 101.55
802.0 38591.76 39220.04 101.63
803.2 38469.72 39111.56 101.67
804.5 38377.94 39020.13 101.67
805.7 38264.87 38902.55 101.67
806.9 38181.95 38788.30 101.59
808.1 38074.65 38736.03 101.74
809.4 38033.33 38691.26 101.73
810.6 37951.55 38615.85 101.75
811.8 37942.61 38628.48 101.81
813.0 37965.80 38689.18 101.91
814.2 37975.49 38748.22 102.03
815.4 38039.93 38858.60 102.15
816.6 38032.65 38885.40 102.24
817.9 38050.16 38918.49 102.28
819.1 37997.24 38849.09 102.24
820.3 37865.18 38696.19 102.19
821.5 37787.61 38597.14 102.14
822.7 37714.41 38534.99 102.18
823.9 37704.87 38505.93 102.12
825.1 37688.07 38498.86 102.15
826.3 37716.38 38474.98 102.01
827.5 37726.06 38490.04 102.03
828.7 37779.60 38495.52 101.89
829.9 37796.29 38477.59 101.80
831.0 37849.02 38510.70 101.75
832.2 37913.75 38565.52 101.72
833.4 37950.44 38620.40 101.77
834.6 37978.13 38662.50 101.80
835.8 38031.53 38726.10 101.83
837.0 38073.26 38826.52 101.98
838.1 38178.69 38983.21 102.11
839.3 38239.24 39047.66 102.11
840.5 38296.24 39173.78 102.29
841.7 38381.58 39315.65 102.43
842.9 38485.06 39474.20 102.57
844.0 38543.94 39605.87 102.76
845.2 38626.85 39783.50 102.99
846.4 38724.98 39917.68 103.08
847.5 38888.12 40135.48 103.21
848.7 39002.30 40328.03 103.40
849.9 39141.74 40493.43 103.45
851.0 39173.78 40530.42 103.46
852.2 39245.07 40587.99 103.42
853.3 39202.67 40563.51 103.47
854.5 39188.19 40583.28 103.56
855.6 39170.88 40587.93 103.62
856.8 39193.80 40640.24 103.69
857.9 39192.81 40670.74 103.77
859.1 39326.60 40752.60 103.63
860.2 39300.24 40776.04 103.76
861.4 39344.78 40834.78 103.79
862.5 39384.29 40882.43 103.80
863.7 39467.66 40955.64 103.77
864.8 39454.45 40957.35 103.81
865.9 39398.65 40910.09 103.84
867.1 39448.45 40954.90 103.82
868.2 39441.53 40943.27 103.81
869.3 39465.67 40982.50 103.84
870.5 39438.89 40919.45 103.75
871.6 39473.54 40903.27 103.62
872.7 39541.37 40978.04 103.63
873.9 39548.50 40939.31 103.52
875.0 39546.05 40942.15 103.53
876.1 39583.15 40954.19 103.46
877.2 39616.79 40924.81 103.30
878.3 39601.98 40908.24 103.30
879.4 39662.11 40912.20 103.15
880.5 39702.60 40919.76 103.07
881.7 39698.10 40906.45 103.04
882.8 39775.46 40921.25 102.88
883.9 39785.32 40880.01 102.75
885.0 39766.55 40786.88 102.57
886.1 39735.85 40666.39 102.34
887.2 39664.66 40481.84 102.06
888.3 39567.00 40349.35 101.98
889.4 39535.02 40200.83 101.68
890.5 39459.91 40072.25 101.55
891.6 39428.33 39987.72 101.42
892.7 39429.01 39908.52 101.22
893.8 39492.50 39928.58 101.10
894.9 39505.51 39888.97 100.97
896.0 39527.49 39876.24 100.88
897.0 39487.40 39819.77 100.84
898.1 39490.45 39787.65 100.75
899.2 39536.22 39732.36 100.50
900.3 39503.73 39635.19 100.33
901.4 39454.09 39501.23 100.12
902.4 39461.49 39461.49 100.00
903.5 39418.10 39418.10 100.00
904.6 39431.18 39364.34 99.83
905.7 39454.64 39329.91 99.68
906.7 39397.52 39243.36 99.61
907.8 39514.80 39233.94 99.29
908.9 39443.33 39103.22 99.14
909.9 39411.21 39010.95 98.98
911.0 39357.50 38916.16 98.88
912.1 39280.99 38799.08 98.77
913.1 39233.48 38640.68 98.49
914.2 39173.92 38498.85 98.28
915.2 39170.79 38421.54 98.09
916.3 39094.50 38300.55 97.97
917.3 39076.47 38217.76 97.80
918.4 39031.30 38054.50 97.50
919.4 39022.48 37977.24 97.32
920.5 39026.74 37828.46 96.93
921.5 39018.63 37767.03 96.79
922.6 38959.72 37558.90 96.40
923.6 39026.05 37482.89 96.05
924.7 39022.50 37377.75 95.79
925.7 39030.84 37228.08 95.38
926.7 39009.32 37144.42 95.22
927.8 39032.57 36993.39 94.78
928.8 39142.62 36960.57 94.43
929.9 39330.10 36910.83 93.85
930.9 39447.46 36924.20 93.60
931.9 39602.61 36927.07 93.24
932.9 39864.58 37002.98 92.82
934.0 39909.81 36839.82 92.31
935.0 39942.68 36761.40 92.04
936.0 39929.50 36553.67 91.55
937.0 39883.94 36374.91 91.20
938.1 39848.52 36169.46 90.77
939.1 39753.89 35992.41 90.54
940.1 39867.76 35885.84 90.01
941.1 39995.43 35874.09 89.70
942.1 40229.45 35905.32 89.25
943.1 40393.76 35840.75 88.73
944.1 40552.56 35859.57 88.43
945.2 40570.32 35726.88 88.06
946.2 40685.67 35593.37 87.48
947.2 40740.25 35430.38 86.97
948.2 40874.09 35353.50 86.49
949.2 40954.06 35166.63 85.87
950.2 41026.00 34984.50 85.27
951.2 41012.16 34857.48 84.99
952.2 41170.94 34691.67 84.26
953.2 41257.13 34514.03 83.66
954.2 41395.95 34431.30 83.18
955.2 41401.94 34243.01 82.71
956.2 41391.82 34112.25 82.41
957.2 41524.97 34021.42 81.93
958.2 41486.28 34001.14 81.96
959.2 41625.00 33882.75 81.40
960.1 41647.94 33784.70 81.12
961.1 41725.78 33892.40 81.23
962.1 41752.50 33736.88 80.80
963.1 41720.60 33712.14 80.80
964.1 41837.60 33824.95 80.85
965.1 41932.95 33876.30 80.79
966.1 41961.44 33876.05 80.73
967.0 42058.17 33925.71 80.66
968.0 42094.69 34008.35 80.79
969.0 42115.20 33919.00 80.54
970.0 42092.26 33925.43 80.60
971.0 42266.18 33949.65 80.32
971.9 42275.33 34127.29 80.73
972.9 42388.85 34201.21 80.68
973.9 42492.13 34276.13 80.66
974.9 42580.28 34258.14 80.46
975.8 42630.52 34342.83 80.56
976.8 42806.43 34407.13 80.38
977.8 42848.34 34501.67 80.52
978.8 42868.95 34594.80 80.70
979.7 43050.58 34799.83 80.83
980.7 43264.32 35032.97 80.97
981.7 43347.07 35260.25 81.34
982.6 43545.07 35383.37 81.26
983.6 44003.55 35695.94 81.12
984.6 44377.46 36105.75 81.36
985.5 44900.28 36924.12 82.24
986.5 45688.01 37230.20 81.49
987.5 46285.78 38220.14 82.57
988.4 47161.40 39158.90 83.03
989.4 47812.76 39948.00 83.55
990.4 48753.98 41017.57 84.13
991.3 50274.64 41923.94 83.39
992.3 50864.45 42843.52 84.23
993.2 51610.85 44205.82 85.65
994.2 53891.66 44530.20 82.63
995.2 55394.96 47001.78 84.85
996.1 55625.12 45233.61 81.32
997.1 56348.70 45274.39 80.35
998.0 54473.40 47964.00 88.05
999.0 55283.87 46973.23 84.97
1000.0 55127.21 46876.88 85.03
1000.9 55875.58 46825.31 83.80
1001.9 56355.47 46625.03 82.73
1002.8 54776.67 45995.68 83.97
1003.8 57170.04 47132.55 82.44
1004.8 54763.20 47461.44 86.67
961.5 49984.08 34998.52 70.02
965.5 48959.90 34374.29 70.21
969.5 47367.08 33575.85 70.88
973.4 45664.01 32591.39 71.37
977.4 44063.24 31925.17 72.45
981.4 43484.76 31872.25 73.30
985.3 43466.28 32058.84 73.76
989.3 43739.41 32462.30 74.22
993.3 44088.36 32880.56 74.58
997.2 44246.85 33205.27 75.05
1001.2 44240.69 33492.29 75.70
1005.2 44147.66 33774.35 76.50
1009.1 44170.72 34194.65 77.41
1013.1 44298.35 34738.03 78.42
1017.1 44409.64 35281.44 79.45
1021.0 44418.65 35739.02 80.46
1025.0 44431.92 36150.43 81.36
1029.0 44310.95 36442.95 82.24
1032.9 44196.36 36745.02 83.14
1036.9 44214.81 37126.62 83.97
1040.9 44317.48 37611.85 84.87
1044.8 44471.57 38154.16 85.79
1048.8 44586.22 38642.70 86.67
1052.7 44660.98 39047.01 87.43
1056.7 44664.90 39330.15 88.06
1060.7 44652.74 39541.40 88.55
1064.6 44643.90 39702.98 88.93
1068.6 44545.19 39748.43 89.23
1072.5 44448.63 39719.86 89.36
1076.5 44390.31 39670.18 89.37
1080.4 44363.13 39604.53 89.27
1084.4 44428.99 39564.90 89.05
1088.3 44526.89 39482.70 88.67
1092.3 44515.11 39238.69 88.15
1096.2 44485.25 38959.44 87.58
1100.2 44489.30 38743.01 87.08
1104.1 44387.15 38405.81 86.52
1108.1 44344.78 38087.77 85.89
1112.0 44255.25 37711.08 85.21
1116.0 44078.91 37203.60 84.40
1119.9 43920.46 36641.36 83.43
1123.9 43980.05 36132.26 82.16
1127.8 43933.44 35358.72 80.48
1131.8 43891.20 34328.10 78.21
1135.7 43904.71 33128.83 75.46
1139.6 43873.24 31817.86 72.52
1143.6 43814.30 30528.34 69.68
1147.5 43764.96 29428.94 67.24
1151.4 43600.54 28496.77 65.36
1155.4 43567.43 27932.64 64.11
1159.3 43548.37 27593.60 63.36
1163.2 43379.84 27271.53 62.87
1167.2 43333.14 27116.40 62.58
1171.1 43320.14 27024.25 62.38
1175.0 43247.45 26899.63 62.20
1179.0 43203.54 26789.18 62.01
1182.9 43281.26 26755.69 61.82
1186.8 43262.79 26674.19 61.66
1190.7 43059.97 26479.97 61.50
1194.7 42822.73 26293.07 61.40
1198.6 42602.18 26157.29 61.40
1202.5 42456.57 26084.61 61.44
1206.4 42335.53 26049.73 61.53
1210.3 42230.32 26057.44 61.70
1214.2 42126.94 26088.53 61.93
1218.2 41984.08 26116.34 62.21
1222.1 41854.50 26167.25 62.52
1226.0 41760.57 26243.51 62.84
1229.9 41673.90 26314.50 63.14
1233.8 41576.55 26372.41 63.43
1237.7 41528.30 26456.28 63.71
1241.6 41457.25 26517.15 63.96
1245.5 41309.15 26521.36 64.20
1249.4 41175.26 26520.73 64.41
1253.3 41058.30 26525.05 64.60
1257.2 40978.33 26548.80 64.79
1261.1 40873.57 26523.94 64.89
1265.0 40757.89 26461.20 64.92
1268.9 40587.74 26334.55 64.88
1272.8 40626.75 26336.85 64.83
1276.7 40780.33 26390.96 64.71
1280.6 40842.56 26338.81 64.49
1284.5 40748.73 26154.73 64.19
1288.4 40697.88 25967.19 63.80
1292.3 40562.50 25690.50 63.34
1296.2 40411.46 25365.04 62.77
1300.1 40239.63 24993.77 62.11
1303.9 40009.73 24534.97 61.32
1307.8 39785.54 24034.37 60.41
1311.7 39554.21 23500.37 59.41
1315.6 39326.35 22945.08 58.35
1319.5 39086.11 22362.92 57.21
1323.3 38870.69 21766.68 56.00
1327.2 38681.53 21170.55 54.73
1331.1 38474.56 20568.13 53.46
1335.0 38203.08 19950.09 52.22
1338.8 38009.09 19390.70 51.02
1342.7 37876.27 18877.06 49.84
1346.5 37598.34 18299.17 48.67
1350.4 37400.07 17781.94 47.55
1354.3 37094.65 17243.78 46.49
1358.1 36731.71 16699.00 45.46
1362.0 36487.36 16246.05 44.53
1365.8 36370.47 15854.18 43.59
1369.7 36432.94 15473.11 42.47
1373.5 36366.82 14893.30 40.95
1377.4 36166.21 14106.97 39.01
1381.2 35990.96 13230.03 36.76
1385.1 35936.27 12361.87 34.40
1389.0 35813.45 11457.76 31.99
1392.8 35598.92 10543.52 29.62
1396.6 35460.61 9721.01 27.41
1400.5 35253.63 8995.91 25.52
1404.3 35072.57 8412.31 23.99
1408.2 35016.72 7956.02 22.72
1412.0 34945.02 7595.90 21.74
1415.8 34962.39 7344.80 21.01
1419.6 34891.95 7148.34 20.49
1423.5 34842.23 6999.06 20.09
1427.3 34796.45 6876.06 19.76
1431.1 34758.75 6793.65 19.55
1434.9 34669.05 6722.78 19.39
1438.8 34606.94 6674.15 19.29
1442.6 34573.84 6653.96 19.25
1446.4 34441.31 6610.74 19.19
1450.2 34332.12 6590.66 19.20
1454.0 34220.52 6577.80 19.22
1457.8 34188.19 6596.25 19.29
1461.6 34155.00 6623.79 19.39
1465.4 34045.70 6664.78 19.58
1469.2 33870.20 6711.25 19.81
1473.0 33726.92 6778.63 20.10
1476.8 33664.28 6895.51 20.48
1480.7 33601.58 7023.88 20.90
1484.4 33488.64 7147.80 21.34
1488.2 33386.04 7300.56 21.87
1492.0 33257.25 7463.27 22.44
1495.8 33142.20 7614.43 22.98
1499.6 33034.11 7750.88 23.46
1503.4 32933.47 7868.43 23.89
1507.2 32852.74 7961.21 24.23
1510.9 32722.34 8020.09 24.51
1514.7 32573.11 8038.07 24.68
1518.5 32453.90 8038.67 24.77
1522.3 32317.90 8130.41 25.16
1526.0 32200.64 8362.07 25.97
1529.8 32127.61 8602.63 26.78
1533.6 32011.66 8745.01 27.32
1537.3 31894.88 8850.09 27.75
1541.1 31782.08 8972.80 28.23
1544.8 31651.20 9105.60 28.77
1548.6 31528.46 9226.55 29.26
1552.4 31450.00 9332.04 29.67
1556.1 31366.15 9423.10 30.04
1559.9 31270.43 9513.76 30.42
1563.6 31150.17 9613.34 30.86
1567.3 31046.10 9724.91 31.32
1571.1 30855.35 9805.13 31.78
1574.8 30723.08 9913.21 32.27
1578.6 30633.26 10015.27 32.69
1582.3 30519.48 10079.19 33.03
1586.0 30400.45 10130.29 33.32
1589.8 30269.89 10174.97 33.61
1593.5 30123.48 10218.11 33.92
1597.2 29998.09 10266.68 34.22
1600.9 29883.71 10313.68 34.51
1604.7 29753.95 10359.33 34.82
1608.4 29639.51 10401.14 35.09
1612.1 29489.62 10431.42 35.37
1615.8 29365.23 10468.51 35.65
1619.5 29298.37 10517.24 35.90
1623.2 29161.12 10541.94 36.15
1626.9 29003.45 10552.65 36.38
1630.6 28846.40 10568.14 36.64
1634.3 28721.00 10588.42 36.87
1638.0 28599.28 10589.11 37.03
1641.7 28456.49 10576.01 37.17
1645.4 28299.47 10543.18 37.26
1649.1 28138.66 10504.97 37.33
1652.8 28008.70 10476.03 37.40
1656.4 27859.80 10430.90 37.44
1660.1 27720.43 10397.52 37.51
1663.8 27551.22 10350.54 37.57
1667.5 27406.07 10304.51 37.60
1671.1 27282.14 10264.38 37.62
1674.8 27100.13 10192.88 37.61
1678.5 27060.12 10163.61 37.56
1682.1 27085.37 10138.87 37.43
1685.8 27087.74 10103.78 37.30
1689.5 26985.46 10023.85 37.15
1693.1 26859.21 9923.19 36.95
1696.8 26718.75 9830.13 36.79
1700.4 26575.97 9728.09 36.60
1704.0 26457.91 9623.02 36.37
1707.7 26210.69 9466.03 36.12
1711.3 25940.59 9291.08 35.82
1715.0 25755.85 9150.36 35.53
1718.6 25603.66 9023.34 35.24
1722.2 25471.82 8907.19 34.97
1725.9 25346.15 8788.15 34.67
1729.5 25225.17 8678.44 34.40
1733.1 25122.33 8598.02 34.22
1736.7 25028.77 8540.44 34.12
1740.3 24869.68 8442.38 33.95
1744.0 24796.20 8350.06 33.67
1747.5 24670.34 8241.78 33.41
1751.2 24460.97 8098.71 33.11
1754.8 24300.77 7975.44 32.82
1758.4 24168.99 7860.05 32.52
1762.0 24004.67 7740.36 32.25
1765.5 23878.06 7654.36 32.06
1769.1 23824.80 7605.60 31.92
1772.7 23745.17 7553.52 31.81
1776.3 23631.64 7490.70 31.70
1779.9 23517.13 7427.11 31.58
1783.5 23453.36 7382.96 31.48
1787.0 23338.16 7324.57 31.38
1790.6 23194.11 7271.86 31.35
1794.2 23099.94 7232.04 31.31
1797.8 23019.59 7200.20 31.28
1801.3 22943.45 7177.94 31.29
1804.9 22821.75 7142.63 31.30
1808.4 22758.56 7126.23 31.31
1812.0 22651.25 7086.15 31.28
1815.5 22537.46 7044.52 31.26
1819.1 22377.91 6988.48 31.23
1822.6 22230.86 6937.94 31.21
1826.2 22108.08 6893.73 31.18
1829.7 21962.63 6832.55 31.11
1833.2 21769.52 6742.01 30.97
1836.8 21568.82 6659.84 30.88
1840.3 21408.35 6599.57 30.83
1843.8 21283.15 6558.16 30.81
1847.3 21175.36 6521.70 30.80
1850.8 21026.88 6475.39 30.80
1854.3 20829.70 6384.32 30.65
1857.8 20716.80 6234.80 30.10
1861.3 20743.52 6037.07 29.10
1864.8 20771.48 5723.37 27.55
1868.3 20668.83 5347.16 25.87
1871.8 20505.60 4968.96 24.23
1875.3 20412.67 4633.27 22.70
1878.8 20386.82 4323.31 21.21
1882.3 20318.80 4034.00 19.85
1885.8 20165.84 3742.45 18.56
1889.3 19976.70 3494.88 17.49
1892.7 19815.25 3320.25 16.76
1896.2 19650.94 3202.80 16.30
1899.7 19441.16 3167.38 16.29
1903.1 19313.45 3182.26 16.48
1906.6 19304.54 3321.73 17.21
1910.0 19451.18 3627.55 18.65
1913.5 19794.95 4036.95 20.39
1917.0 20308.75 4726.40 23.27
1920.4 20662.58 5177.20 25.06
1923.8 20806.27 5472.48 26.30
1871.2 18887.00 3456.89 18.30
1873.9 18953.16 3393.31 17.90
1876.7 18991.47 3225.16 16.98
1879.5 19143.67 2969.92 15.51
1882.3 18900.39 2769.65 14.65
1885.1 18757.12 2508.42 13.37
1887.8 18909.61 2325.56 12.30
1890.6 18719.80 2206.46 11.79
1893.4 18700.00 2097.33 11.22
1896.2 18690.78 1939.22 10.38
1898.9 18634.09 1888.46 10.13
1901.7 18493.24 1822.28 9.85
1904.5 18663.12 1750.99 9.38
1907.2 18605.75 1714.75 9.22
1910.0 18464.96 1686.10 9.13
1912.7 18451.36 1677.40 9.09
1915.5 18338.72 1670.92 9.11
1918.2 18231.61 1653.19 9.07
1921.0 18078.76 1629.77 9.01
1923.7 18082.37 1647.49 9.11
1926.5 18028.91 1644.62 9.12
1929.2 17989.40 1651.43 9.18
1932.0 17961.44 1681.12 9.36
1934.7 17922.05 1657.13 9.25
1937.4 17800.47 1634.58 9.18
1940.2 17730.06 1674.97 9.45
1942.9 17801.07 1696.07 9.53
1945.6 17808.94 1697.24 9.53
1948.3 17731.12 1699.71 9.59
1951.1 17698.80 1736.77 9.81
1953.8 17700.00 1758.00 9.93
1956.5 17568.67 1755.07 9.99
1959.2 17632.03 1802.97 10.23
1961.9 17647.56 1817.80 10.30
1964.6 17543.58 1832.60 10.45
1967.3 17598.27 1848.23 10.50
1970.0 17419.60 1832.24 10.52
1972.8 17335.24 1876.78 10.83
1975.5 17419.52 1914.04 10.99
1978.2 17336.04 1915.52 11.05
1980.9 17221.82 1938.48 11.26
1983.5 17185.34 1951.49 11.36
1986.2 17183.55 1964.25 11.43
1988.9 17157.36 1990.44 11.60
1991.6 17017.92 2013.18 11.83
1994.3 16893.86 2033.39 12.04
1997.0 16913.63 2073.12 12.26
1999.7 16876.79 2081.96 12.34
2002.3 16857.27 2082.71 12.35
2005.0 16785.35 2131.61 12.70
2007.7 16706.93 2155.73 12.90
2010.4 16656.07 2178.37 13.08
2013.0 16600.58 2210.57 13.32
2015.7 16495.88 2199.45 13.33
2018.4 16401.61 2204.09 13.44
2021.0 16371.00 2241.17 13.69
2023.7 16264.64 2258.51 13.89
2026.4 16195.83 2281.50 14.09
2029.0 16138.97 2283.07 14.15
2031.7 16029.65 2292.77 14.30
2034.3 16012.75 2335.02 14.58
2037.0 15932.90 2347.71 14.73
2039.6 15864.39 2366.01 14.91
2042.3 15822.15 2359.00 14.91
2044.9 15747.27 2367.42 15.03
2047.5 15719.22 2392.67 15.22
2050.2 15638.00 2399.60 15.34
2052.8 15596.00 2402.40 15.40
2055.4 15487.61 2381.42 15.38
2058.1 15363.60 2394.00 15.58
2060.7 15311.01 2417.68 15.79
2063.3 15243.07 2441.12 16.01
2065.9 15200.63 2451.08 16.12
2068.6 15142.00 2462.25 16.26
2071.2 15102.27 2474.73 16.39
2073.8 15013.06 2470.93 16.46
2076.4 14939.89 2497.93 16.72
2079.0 14937.96 2509.33 16.80
2081.6 14955.68 2540.44 16.99
2084.2 14929.44 2562.07 17.16
2086.8 14795.01 2562.47 17.32
2089.4 14708.12 2558.67 17.40
2092.1 14645.50 2547.17 17.39
2094.7 14574.18 2582.05 17.72
2097.2 14543.50 2606.67 17.92
2099.8 14569.24 2630.32 18.05
2102.4 14455.51 2621.55 18.14
2105.0 14315.55 2604.90 18.20
2107.6 14281.54 2634.71 18.45
2110.2 14245.28 2645.59 18.57
2112.8 14225.04 2639.99 18.56
2115.3 14222.61 2675.94 18.81
2117.9 14223.97 2724.67 19.16
2120.5 14225.20 2708.04 19.04
2123.1 14136.53 2688.08 19.02
2125.6 14079.43 2708.71 19.24
2128.2 14012.88 2718.87 19.40
2130.8 13940.55 2726.10 19.56
2133.3 13889.33 2739.73 19.73
2135.9 13802.30 2738.69 19.84
2138.4 13704.95 2728.61 19.91
2141.0 13601.55 2712.08 19.94
2143.6 13585.34 2703.00 19.90
2146.1 13439.94 2703.27 20.11
2148.7 13282.54 2672.37 20.12
2151.2 13302.67 2698.67 20.29
2153.8 13324.47 2746.13 20.61
2156.3 13227.98 2708.21 20.47
2158.8 13160.05 2690.49 20.44
2161.4 13128.93 2721.31 20.73
2163.9 13034.58 2709.52 20.79
2166.4 12973.85 2675.78 20.62
2169.0 12959.07 2687.61 20.74
2171.5 12876.28 2684.65 20.85
2174.0 12786.55 2644.78 20.68
2176.5 12767.30 2661.10 20.84
2179.1 12718.27 2656.29 20.89
2181.6 12644.21 2640.17 20.88
2184.1 12612.60 2667.28 21.15
2186.6 12631.79 2667.58 21.12
2189.1 12551.10 2628.99 20.95
2191.6 12501.53 2642.73 21.14
2194.1 12512.72 2660.66 21.26
2196.6 12513.32 2639.21 21.09
2199.2 12564.98 2647.65 21.07
2201.7 12503.60 2646.85 21.17
2204.1 12450.01 2638.80 21.20
2206.6 12458.20 2633.38 21.14
2209.1 12429.94 2623.01 21.10
2211.6 12413.54 2626.60 21.16
2214.1 12385.83 2604.14 21.03
2216.6 12340.79 2590.46 20.99
2219.1 12355.98 2601.86 21.06
2221.6 12303.15 2618.99 21.29
2224.0 12230.10 2606.04 21.31
2226.5 12198.83 2549.35 20.90
2229.0 12234.63 2527.63 20.66
2231.5 12152.59 2497.16 20.55
2233.9 12137.64 2478.33 20.42
2236.4 12131.98 2493.56 20.55
2238.9 12024.13 2460.63 20.46
2241.3 12068.10 2448.60 20.29
2243.8 12017.57 2429.17 20.21
2246.2 11870.35 2376.40 20.02
2248.7 11882.39 2360.28 19.86
2251.2 11860.53 2352.12 19.83
2253.6 11784.96 2342.40 19.88
2256.1 11773.44 2292.48 19.47
2258.5 11793.92 2278.11 19.32
2260.9 11696.75 2281.83 19.51
2263.4 11668.53 2214.72 18.98
2265.8 11678.48 2169.52 18.58
2268.3 11583.48 2151.22 18.57
2270.7 11653.18 2164.82 18.58
2273.1 11608.55 2162.94 18.63
2275.6 11523.84 2146.56 18.63
2278.0 11553.06 2106.15 18.23
2280.4 11529.61 2081.95 18.06
2282.8 11402.06 2082.96 18.27
2285.3 11435.59 2029.71 17.75
2287.7 11531.47 2026.70 17.58
2290.1 11440.95 2004.34 17.52
2292.5 11408.96 1976.23 17.32
2294.9 11404.51 1987.69 17.43
2297.3 11303.39 1926.09 17.04
2299.7 11233.01 1871.51 16.66
2302.1 11231.11 1842.39 16.40
2304.5 11113.20 1818.88 16.37
2306.9 10995.60 1756.16 15.97
2309.3 10932.15 1759.33 16.09
2311.7 10856.55 1762.33 16.23
2314.1 10708.33 1689.55 15.78
2316.5 10641.94 1729.66 16.25
2318.9 10674.03 1765.87 16.54
2321.3 10672.73 1735.21 16.26
2323.7 10642.23 1725.12 16.21
2326.1 10606.96 1736.93 16.38
2328.4 10691.58 1741.25 16.29
2330.8 10736.25 1738.25 16.19
2333.2 10617.06 1709.11 16.10
2335.6 10582.60 1698.03 16.05
2337.9 10642.00 1677.68 15.76
2340.3 10592.40 1628.95 15.38
2342.7 10507.23 1624.96 15.47
2345.0 10502.01 1617.98 15.41
2347.4 10493.25 1615.00 15.39
2349.7 10277.63 1593.33 15.50
2352.1 10236.25 1556.67 15.21
2354.4 10290.21 1521.61 14.79
2356.8 10243.45 1510.83 14.75
2359.2 10187.67 1560.00 15.31
2361.5 10122.93 1557.71 15.39
2363.8 10144.75 1541.48 15.19
2366.2 10159.49 1487.29 14.64
2368.5 10097.05 1468.50 14.54
2370.9 10118.68 1449.36 14.32
2373.2 10072.53 1402.96 13.93
2375.5 9932.38 1429.90 14.40
2377.9 9918.93 1444.99 14.57
2380.2 9923.89 1420.32 14.31
2382.5 9856.28 1360.12 13.80
2384.8 9822.88 1382.72 14.08
2387.2 9807.99 1378.37 14.05
2389.5 9759.69 1364.56 13.98
2391.8 9772.85 1373.71 14.06
2394.1 9716.63 1329.14 13.68
2396.4 9652.48 1330.54 13.78
2398.7 9714.10 1315.35 13.54
2401.0 9598.25 1345.04 14.01
2403.3 9511.80 1329.66 13.98
2405.6 9521.83 1274.58 13.39
2407.9 9458.88 1337.67 14.14
2410.2 9400.00 1278.40 13.60
2412.5 9350.27 1189.11 12.72
2414.8 9330.30 1217.00 13.04
2417.1 9280.68 1233.64 13.29
2419.4 9294.64 1224.35 13.17
2421.7 9214.94 1230.06 13.35
2424.0 9156.02 1209.88 13.21
2426.2 9223.40 1139.55 12.35
2428.5 9129.27 1108.71 12.14
2430.8 9112.40 1144.50 12.56
2433.1 9071.93 1161.65 12.80
2435.4 8991.17 1141.38 12.69
2437.6 8963.19 1096.62 12.23
2439.9 8866.09 1078.08 12.16
2442.2 8873.80 1086.47 12.24
2444.4 8827.50 1051.03 11.91
2446.7 8812.56 1051.20 11.93
2448.9 8870.66 1083.67 12.22
2451.2 8802.92 1043.00 11.85
2453.4 8732.64 1018.51 11.66
2455.7 8702.87 1058.21 12.16
2457.9 8608.05 1031.75 11.99
2460.2 8594.01 980.24 11.41
2462.4 8611.20 998.40 11.59
2464.7 8503.63 1003.03 11.80
2466.9 8416.62 937.32 11.14
2469.2 8471.54 952.81 11.25
2471.4 8370.38 984.75 11.76
2473.6 8261.63 930.61 11.26
2475.9 8256.69 961.81 11.65
2478.1 8211.66 929.11 11.31
2480.3 8173.00 856.29 10.48
2482.5 8177.69 900.69 11.01
2484.8 8119.06 859.24 10.58
2487.0 8110.30 822.14 10.14
2489.2 8058.48 949.83 11.79
2491.4 7946.29 906.83 11.41
2493.6 7987.26 854.38 10.70
2495.8 7981.68 926.45 11.61
2498.0 7985.07 867.41 10.86
2500.2 7961.63 876.20 11.01
2502.4 8125.20 879.12 10.82
2504.6 8272.59 892.05 10.78
2506.8 8348.61 954.68 11.44
