/*** Spectra Vista SIG Data ***/
name= \My Documents\HR1024_Data\RD4S10.
instrument= HR: 1091052
integration= 400, 60, 30, 500, 60, 30
scan time= 1, 1
scan settings= AD, AI, AD, AI
external data set1= 8224, 8224, 8224, 8224, 8224, 8224, 8224, 8224, 8224, 8224, 8224, 8224, 8224, 8224, 8224, 8224
external data set2= 8224, 8224, 8224, 8224, 8224, 8224, 8224, 8224, 8224, 8224, 8224, 8224, 8224, 8224, 8224, 8224
external data dark= 0,0,0,0,0,0,0,0
external data mask= 0
optic= LENS4 , LENS4 
temp= 33.87, 8.81, -5.37, 35.48, 8.94, -5.37
battery= 7.1, 7.0
error= 0, 0
units= Radiance, Radiance
time= 2/3/08 11:48:15 AM, 2/3/08 11:52:27 AM
longitude= , 
latitude= , 
gpstime= , 
comm= 
memory slot= 0, 0
factors= 
data= 
346.4 300.98 87.91 29.21
347.9 318.46 86.60 27.19
349.5 343.20 96.10 28.00
351.1 374.40 81.12 21.67
352.6 409.54 94.88 23.17
354.2 435.24 103.41 23.76
355.7 456.30 102.37 22.44
357.3 495.85 109.57 22.10
358.8 506.78 97.86 19.31
360.4 548.73 108.34 19.74
361.9 565.91 100.30 17.72
363.5 593.82 112.19 18.89
365.1 620.68 104.03 16.76
366.6 647.34 121.53 18.77
368.2 683.25 99.38 14.55
369.7 726.46 100.56 13.84
371.3 772.09 106.68 13.82
372.8 813.40 106.24 13.06
374.4 856.07 120.15 14.04
375.9 883.77 109.89 12.43
377.4 909.07 106.68 11.74
379.0 945.20 109.48 11.58
380.5 966.34 110.79 11.46
382.1 1004.70 106.38 10.59
383.6 1031.94 110.00 10.66
385.2 1082.13 107.80 9.96
386.7 1134.44 95.30 8.40
388.3 1183.47 108.70 9.18
389.8 1236.62 110.90 8.97
391.3 1283.89 119.20 9.28
392.9 1324.35 108.11 8.16
394.4 1356.15 113.95 8.40
395.9 1406.72 128.11 9.11
397.5 1480.96 129.20 8.72
399.0 1545.00 128.54 8.32
400.6 1586.22 123.39 7.78
402.1 1624.11 125.90 7.75
403.6 1645.88 116.04 7.05
405.1 1688.62 123.39 7.31
406.7 1751.68 122.75 7.01
408.2 1815.41 121.18 6.67
409.7 1871.52 125.44 6.70
411.3 1932.39 123.93 6.41
412.8 1975.40 134.62 6.81
414.3 2044.89 129.23 6.32
415.8 2106.25 142.00 6.74
417.4 2169.48 138.64 6.39
418.9 2222.61 145.73 6.56
420.4 2266.93 143.57 6.33
421.9 2296.58 140.36 6.11
423.5 2335.00 140.10 6.00
425.0 2376.73 145.64 6.13
426.5 2428.43 142.76 5.88
428.0 2489.68 142.85 5.74
429.5 2574.41 142.99 5.55
431.1 2658.69 139.32 5.24
432.6 2748.21 149.19 5.43
434.1 2843.23 150.92 5.31
435.6 2926.69 155.57 5.32
437.1 3007.88 161.46 5.37
438.6 3080.14 161.92 5.26
440.1 3160.11 159.39 5.04
441.6 3238.04 165.81 5.12
443.1 3312.90 173.34 5.23
444.7 3389.72 171.80 5.07
446.2 3441.68 176.82 5.14
447.7 3501.62 178.64 5.10
449.2 3564.00 183.17 5.14
450.7 3621.28 179.71 4.96
452.2 3682.41 176.06 4.78
453.7 3758.53 179.55 4.78
455.2 3840.40 175.19 4.56
456.7 3952.96 181.63 4.59
458.2 4072.55 190.83 4.69
459.7 4195.63 191.80 4.57
461.2 4317.19 192.03 4.45
462.7 4419.51 197.62 4.47
464.2 4528.34 207.89 4.59
465.7 4636.49 209.53 4.52
467.2 4730.69 212.52 4.49
468.7 4831.00 216.80 4.49
470.2 4904.47 223.00 4.55
471.7 4994.63 231.80 4.64
473.2 5152.65 235.58 4.57
474.6 5277.65 241.75 4.58
476.1 5315.90 234.05 4.40
477.6 5339.08 226.29 4.24
479.1 5368.13 220.37 4.11
480.6 5404.66 229.51 4.25
482.1 5475.21 229.13 4.18
483.6 5562.12 230.83 4.15
485.1 5668.27 226.80 4.00
486.6 5791.79 228.01 3.94
488.0 5923.94 235.30 3.97
489.5 6066.75 237.73 3.92
491.0 6201.68 247.04 3.98
492.5 6345.54 248.83 3.92
494.0 6492.59 254.41 3.92
495.4 6616.50 258.72 3.91
496.9 6746.80 263.19 3.90
498.4 6868.17 266.74 3.88
499.9 6989.37 269.30 3.85
501.4 7101.28 279.20 3.93
502.8 7211.42 288.56 4.00
504.3 7308.90 286.56 3.92
505.8 7405.94 293.13 3.96
507.2 7465.75 297.08 3.98
508.7 7504.76 299.15 3.99
510.2 7549.77 297.44 3.94
511.6 7573.93 307.63 4.06
513.1 7619.32 299.95 3.94
514.6 7684.06 306.08 3.98
516.0 7736.05 309.44 4.00
517.5 7828.25 315.55 4.03
519.0 7931.31 314.29 3.96
520.5 8033.54 316.19 3.94
521.9 8170.54 321.86 3.94
523.4 8322.71 335.59 4.03
524.8 8476.58 336.02 3.96
526.3 8648.70 351.16 4.06
527.8 8824.59 352.09 3.99
529.2 8983.24 362.49 4.04
530.7 9161.81 368.11 4.02
532.1 9325.79 379.72 4.07
533.6 9502.17 384.43 4.05
535.0 9689.01 390.16 4.03
536.5 9867.79 397.45 4.03
538.0 10049.16 409.22 4.07
539.4 10231.78 423.38 4.14
540.9 10443.93 430.66 4.12
542.3 10618.63 446.89 4.21
543.8 10743.19 454.34 4.23
545.2 10787.72 449.16 4.16
546.6 10787.25 454.89 4.22
548.1 10798.67 453.88 4.20
549.5 10797.77 455.39 4.22
551.0 10799.56 455.96 4.22
552.4 10821.09 465.10 4.30
553.9 10825.03 470.41 4.35
555.3 10846.78 469.64 4.33
556.8 10905.15 478.17 4.38
558.2 10950.19 489.38 4.47
559.6 11027.13 499.06 4.53
561.1 11132.88 507.65 4.56
562.5 11245.54 517.93 4.61
564.0 11402.49 537.00 4.71
565.4 11543.72 556.67 4.82
566.8 11723.98 575.25 4.91
568.3 11891.25 593.15 4.99
569.7 12076.06 623.51 5.16
571.1 12249.63 650.50 5.31
572.6 12426.21 679.10 5.47
574.0 12599.40 706.86 5.61
575.4 12769.31 739.13 5.79
576.9 12924.45 776.85 6.01
578.3 13072.88 816.53 6.25
579.7 13214.09 854.78 6.47
581.1 13332.32 901.32 6.76
582.6 13457.72 948.15 7.05
584.0 13568.00 997.25 7.35
585.4 13711.91 1059.08 7.72
586.8 13919.40 1124.86 8.08
588.3 14140.62 1191.53 8.43
589.7 14327.82 1257.05 8.77
591.1 14447.26 1325.43 9.17
592.5 14518.46 1390.08 9.57
594.0 14547.66 1454.54 10.00
595.4 14566.76 1522.51 10.45
596.8 14575.28 1589.87 10.91
598.2 14586.43 1666.90 11.43
599.6 14584.19 1745.42 11.97
601.0 14621.32 1830.43 12.52
602.4 14656.48 1917.33 13.08
603.9 14720.65 2014.91 13.69
605.3 14787.56 2115.32 14.30
606.7 14850.90 2219.76 14.95
608.1 14956.71 2340.64 15.65
609.5 15087.13 2461.21 16.31
610.9 15240.09 2600.47 17.06
612.3 15378.24 2733.69 17.78
613.7 15565.24 2889.02 18.56
615.1 15698.61 3043.66 19.39
616.5 15834.13 3192.67 20.16
617.9 16040.22 3371.02 21.02
619.3 16231.37 3538.70 21.80
620.7 16465.73 3735.17 22.68
622.1 16702.31 3914.19 23.44
623.5 16967.59 4074.66 24.01
624.9 17268.83 4262.27 24.68
626.3 17464.11 4423.23 25.33
627.7 17297.90 4517.93 26.12
629.1 17131.07 4625.21 27.00
630.5 17065.89 4773.12 27.97
631.9 17068.07 4927.58 28.87
633.3 17072.86 5076.55 29.73
634.7 17143.21 5237.13 30.55
636.1 17175.19 5375.97 31.30
637.5 17214.12 5500.14 31.95
638.9 17282.65 5622.34 32.53
640.2 17345.48 5724.45 33.00
641.6 17368.65 5805.07 33.42
643.0 17347.86 5866.67 33.82
644.4 17346.99 5928.10 34.17
645.8 17303.92 5962.26 34.46
647.2 17371.51 6038.66 34.76
648.5 17405.34 6137.54 35.26
649.9 17326.73 6197.57 35.77
651.3 17269.88 6284.22 36.39
652.7 17194.65 6357.66 36.97
654.1 17110.53 6308.42 36.87
655.5 17000.34 6215.31 36.56
656.8 16892.62 6126.80 36.27
658.2 16993.27 6117.84 36.00
659.6 17201.86 6139.49 35.69
660.9 17374.35 6145.29 35.37
662.3 17542.46 6140.82 35.01
663.7 17706.15 6129.48 34.62
665.0 17850.15 6097.56 34.16
666.4 17993.38 6076.88 33.77
667.8 18172.37 6076.22 33.44
669.1 18340.58 6070.38 33.10
670.5 18513.22 6091.55 32.90
671.9 18629.28 6114.29 32.82
673.2 18784.35 6172.63 32.86
674.6 18934.77 6248.84 33.00
676.0 19107.41 6356.77 33.27
677.3 19274.00 6513.77 33.80
678.7 19460.75 6710.75 34.48
680.0 19693.92 6995.55 35.52
681.4 19949.74 7355.00 36.87
682.8 20190.63 7795.97 38.61
684.1 20434.05 8331.34 40.77
685.5 20661.50 8948.83 43.31
686.8 20876.79 9600.89 45.99
688.2 21063.54 10274.26 48.78
689.5 21136.22 10904.65 51.59
690.9 21189.20 11512.44 54.33
692.2 21241.50 12082.92 56.88
693.6 21283.52 12599.27 59.20
694.9 21276.87 13062.41 61.39
696.2 21306.77 13482.95 63.28
697.6 21332.37 13858.79 64.97
698.9 21357.60 14213.76 66.55
700.3 21390.71 14525.87 67.91
701.6 21429.47 14829.16 69.20
703.0 21471.99 15099.80 70.32
704.3 21485.34 15306.46 71.24
705.6 21483.00 15493.43 72.12
707.0 21491.89 15667.55 72.90
708.3 21438.50 15770.40 73.56
709.6 21384.38 15871.04 74.22
711.0 21305.08 15928.52 74.76
712.3 21214.65 15967.49 75.27
713.6 21181.23 16041.82 75.74
714.9 21115.22 16084.01 76.17
716.3 21103.70 16145.65 76.51
717.6 21104.62 16231.12 76.91
718.9 21048.57 16245.01 77.18
720.2 20942.08 16198.62 77.35
721.6 20841.80 16175.90 77.61
722.9 20742.62 16134.30 77.78
724.2 20595.93 16067.48 78.01
725.5 20483.80 16021.66 78.22
726.8 20382.67 15976.43 78.38
728.1 20319.64 15937.92 78.44
729.5 20266.07 15907.60 78.49
730.8 20224.65 15878.60 78.51
732.1 20162.40 15844.83 78.59
733.4 20118.51 15824.73 78.66
734.7 20079.83 15797.68 78.67
736.0 20072.78 15793.86 78.68
737.3 20029.99 15791.82 78.84
738.6 20078.49 15843.65 78.91
739.9 20158.75 15947.14 79.11
741.2 20237.49 16015.27 79.14
742.5 20374.08 16150.70 79.27
743.8 20609.53 16385.99 79.51
745.1 20972.39 16705.43 79.65
746.4 21401.61 17042.30 79.63
747.7 21849.92 17392.77 79.60
749.0 22279.29 17723.14 79.55
750.3 22537.39 17888.51 79.37
751.6 22489.95 17839.69 79.32
752.9 22268.69 17687.77 79.43
754.2 22020.08 17514.50 79.54
755.4 21752.37 17333.91 79.69
756.7 21671.76 17301.71 79.84
758.0 21695.15 17363.44 80.03
759.3 21840.20 17517.37 80.21
760.6 22048.18 17729.71 80.41
761.9 22241.80 17921.88 80.58
763.1 22361.42 18035.64 80.66
764.4 22495.96 18187.64 80.85
765.7 22607.00 18301.40 80.95
767.0 22707.99 18387.00 80.97
768.2 22787.52 18474.62 81.07
769.5 22847.70 18547.46 81.18
770.8 22968.83 18674.56 81.30
772.0 23007.05 18703.42 81.29
773.3 23073.57 18795.08 81.46
774.6 23142.26 18878.12 81.57
775.8 23217.35 18950.62 81.62
777.1 23250.39 18980.56 81.64
778.4 23228.21 18981.69 81.72
779.6 23232.20 19021.20 81.87
780.9 23206.00 19016.00 81.94
782.1 23123.66 18995.77 82.15
783.4 23129.60 19019.52 82.23
784.6 23156.94 19056.27 82.29
785.9 23323.57 19233.30 82.46
787.1 23657.54 19538.01 82.59
788.4 23905.77 19727.74 82.52
789.6 23910.81 19649.43 82.18
790.9 23703.38 19451.02 82.06
792.1 23443.52 19242.82 82.08
793.4 23200.49 19076.07 82.22
794.6 23038.97 18951.16 82.26
795.8 22887.63 18845.91 82.34
797.1 22746.90 18750.18 82.43
798.3 22633.05 18674.54 82.51
799.5 22585.37 18643.55 82.55
800.8 22510.70 18606.68 82.66
802.0 22435.02 18551.89 82.69
803.2 22355.92 18495.84 82.73
804.5 22286.88 18431.90 82.70
805.7 22221.30 18381.25 82.72
806.9 22163.45 18331.68 82.71
808.1 22106.40 18297.58 82.77
809.4 22068.13 18273.42 82.80
810.6 22012.90 18254.60 82.93
811.8 21998.30 18268.05 83.04
813.0 22023.85 18265.97 82.94
814.2 22034.44 18269.94 82.92
815.4 22094.68 18325.03 82.94
816.6 22117.02 18318.97 82.83
817.9 22159.15 18330.88 82.72
819.1 22110.24 18261.77 82.59
820.3 22040.68 18190.31 82.53
821.5 21976.08 18109.39 82.40
822.7 21945.91 18069.36 82.34
823.9 21946.82 18042.67 82.21
825.1 21950.55 18021.40 82.10
826.3 21976.62 17993.75 81.88
827.5 21980.34 17989.91 81.85
828.7 22017.96 17948.16 81.52
829.9 22041.74 17940.66 81.39
831.0 22083.57 17931.53 81.20
832.2 22125.60 17944.55 81.10
833.4 22169.16 17936.32 80.91
834.6 22207.03 17949.38 80.83
835.8 22252.39 17958.78 80.70
837.0 22278.53 17998.27 80.79
838.1 22362.84 18055.99 80.74
839.3 22423.92 18065.75 80.56
840.5 22463.55 18100.99 80.58
841.7 22539.94 18177.80 80.65
842.9 22590.38 18258.97 80.83
844.0 22640.76 18300.25 80.83
845.2 22733.43 18352.88 80.73
846.4 22779.40 18384.70 80.71
847.5 22894.92 18458.80 80.62
848.7 22986.81 18533.26 80.63
849.9 23090.42 18582.30 80.48
851.0 23115.33 18594.74 80.44
852.2 23147.70 18586.48 80.30
853.3 23146.04 18561.99 80.20
854.5 23138.69 18530.12 80.08
855.6 23131.08 18536.22 80.14
856.8 23140.08 18548.53 80.16
857.9 23125.66 18539.77 80.17
859.1 23200.40 18565.28 80.02
860.2 23210.88 18568.70 80.00
861.4 23238.19 18588.01 79.99
862.5 23256.69 18602.77 79.99
863.7 23299.75 18629.31 79.95
864.8 23308.25 18630.64 79.93
865.9 23278.88 18598.81 79.90
867.1 23298.62 18636.16 79.99
868.2 23308.26 18590.99 79.76
869.3 23327.36 18613.91 79.79
870.5 23292.12 18576.47 79.75
871.6 23289.32 18564.69 79.71
872.7 23336.56 18607.36 79.73
873.9 23363.45 18568.13 79.48
875.0 23323.98 18562.06 79.58
876.1 23338.58 18526.05 79.38
877.2 23352.60 18528.56 79.34
878.3 23349.40 18507.47 79.26
879.4 23378.40 18504.65 79.15
880.5 23403.42 18484.27 78.98
881.7 23389.60 18454.80 78.90
882.8 23432.80 18467.11 78.81
883.9 23448.21 18422.28 78.57
885.0 23450.02 18358.98 78.29
886.1 23424.56 18345.95 78.32
887.2 23365.96 18254.54 78.12
888.3 23308.56 18168.45 77.95
889.4 23276.53 18095.77 77.74
890.5 23201.38 18049.62 77.80
891.6 23192.34 18005.30 77.63
892.7 23215.89 17946.62 77.30
893.8 23203.09 17984.67 77.51
894.9 23213.03 17949.58 77.33
896.0 23219.08 17910.81 77.14
897.0 23233.59 17918.44 77.12
898.1 23265.19 17887.73 76.89
899.2 23265.94 17858.08 76.76
900.3 23202.69 17803.44 76.73
901.4 23182.22 17746.33 76.55
902.4 23192.03 17720.26 76.41
903.5 23179.29 17695.36 76.34
904.6 23181.33 17647.60 76.13
905.7 23181.52 17654.80 76.16
906.7 23201.08 17612.78 75.91
907.8 23205.26 17599.58 75.84
908.9 23171.38 17526.48 75.64
909.9 23142.01 17525.64 75.73
911.0 23135.89 17429.89 75.34
912.1 23112.25 17392.21 75.25
913.1 23069.80 17341.38 75.17
914.2 23011.95 17273.85 75.06
915.2 23006.97 17262.72 75.03
916.3 23024.55 17193.54 74.67
917.3 23013.50 17158.09 74.56
918.4 22970.06 17049.23 74.22
919.4 22959.52 16965.76 73.89
920.5 22948.10 16945.33 73.84
921.5 22992.94 16892.43 73.47
922.6 22908.19 16826.72 73.45
923.6 22998.44 16751.30 72.84
924.7 22983.50 16688.30 72.61
925.7 22963.47 16654.90 72.53
926.7 22993.12 16564.70 72.04
927.8 23046.06 16566.12 71.88
928.8 23129.73 16485.11 71.27
929.9 23214.82 16482.69 71.00
930.9 23325.95 16482.30 70.66
931.9 23422.51 16477.64 70.35
932.9 23590.71 16504.19 69.96
934.0 23628.34 16456.06 69.65
935.0 23647.48 16354.11 69.16
936.0 23654.47 16298.72 68.90
937.0 23611.58 16186.72 68.55
938.1 23603.32 16130.53 68.34
939.1 23584.34 16026.54 67.95
940.1 23673.00 15937.39 67.32
941.1 23749.98 15939.12 67.11
942.1 23913.97 15926.81 66.60
943.1 24007.97 15914.00 66.29
944.1 24139.96 15907.30 65.90
945.2 24191.16 15853.15 65.53
946.2 24274.20 15767.68 64.96
947.2 24295.69 15675.50 64.52
948.2 24407.51 15653.44 64.13
949.2 24434.31 15580.50 63.76
950.2 24503.20 15466.24 63.12
951.2 24568.74 15353.86 62.49
952.2 24624.11 15311.99 62.18
953.2 24717.31 15225.21 61.60
954.2 24858.68 15153.39 60.96
955.2 24833.48 15049.11 60.60
956.2 24781.87 15003.75 60.54
957.2 24889.44 14866.61 59.73
958.2 24934.17 14872.44 59.65
959.2 25016.63 14818.50 59.23
960.1 25036.42 14786.98 59.06
961.1 25110.32 14740.67 58.70
962.1 25088.91 14741.63 58.76
963.1 25119.92 14703.46 58.53
964.1 25214.63 14747.75 58.49
965.1 25330.49 14747.51 58.22
966.1 25308.67 14683.55 58.02
967.0 25429.11 14751.72 58.01
968.0 25412.72 14717.55 57.91
969.0 25476.70 14783.12 58.03
970.0 25548.92 14762.09 57.78
971.0 25553.38 14773.79 57.82
971.9 25577.75 14765.66 57.73
972.9 25632.47 14762.34 57.59
973.9 25687.84 14747.72 57.41
974.9 25707.07 14748.24 57.37
975.8 25785.50 14724.84 57.11
976.8 25887.84 14710.77 56.83
977.8 25820.50 14756.39 57.15
978.8 25860.98 14845.80 57.41
979.7 25944.03 14814.68 57.10
980.7 26085.84 14808.49 56.77
981.7 26216.93 14921.48 56.92
982.6 26357.49 14979.12 56.83
983.6 26637.96 15243.13 57.22
984.6 26867.99 15287.58 56.90
985.5 27228.96 15649.78 57.47
986.5 27586.71 16061.94 58.22
987.5 28229.74 16277.93 57.66
988.4 29129.10 16261.08 55.82
989.4 29461.65 16828.10 57.12
990.4 30215.79 17399.62 57.58
991.3 31016.90 18132.95 58.46
992.3 32083.73 18232.95 56.83
993.2 32873.87 18759.42 57.06
994.2 33903.68 18925.34 55.82
995.2 33992.36 19695.98 57.94
996.1 34230.84 19560.48 57.14
997.1 34851.51 19803.47 56.82
998.0 34260.00 19733.76 57.60
999.0 34687.92 20379.15 58.75
1000.0 34688.89 19950.80 57.51
1000.9 35217.36 20146.69 57.21
1001.9 35272.85 20758.27 58.85
1002.8 34914.90 18732.78 53.65
1003.8 33603.76 19551.28 58.18
1004.8 35367.90 20079.84 56.77
961.5 31131.28 15855.68 50.93
965.5 30535.97 15779.76 51.68
969.5 29322.48 15273.47 52.09
973.4 27903.28 14920.82 53.47
977.4 26904.56 14471.17 53.79
981.4 26534.70 14309.99 53.93
985.3 26407.57 14396.98 54.52
989.3 26474.11 14586.37 55.10
993.3 26619.54 14807.68 55.63
997.2 26659.40 14951.52 56.08
1001.2 26636.74 15089.10 56.65
1005.2 26603.49 15233.12 57.26
1009.1 26619.65 15420.99 57.93
1013.1 26716.01 15635.42 58.52
1017.1 26794.94 15874.63 59.24
1021.0 26801.46 16086.48 60.02
1025.0 26791.13 16255.04 60.67
1029.0 26701.37 16364.13 61.29
1032.9 26612.69 16491.02 61.97
1036.9 26609.51 16668.24 62.64
1040.9 26674.31 16876.52 63.27
1044.8 26787.82 17109.44 63.87
1048.8 26888.29 17334.45 64.47
1052.7 26960.57 17517.14 64.97
1056.7 26977.24 17635.50 65.37
1060.7 26985.60 17742.10 65.75
1064.6 27010.97 17817.81 65.97
1068.6 26982.88 17808.06 66.00
1072.5 26926.21 17786.62 66.06
1076.5 26904.28 17767.56 66.04
1080.4 26907.72 17723.62 65.87
1084.4 26967.74 17682.92 65.57
1088.3 27046.80 17627.33 65.17
1092.3 27030.17 17530.93 64.86
1096.2 27021.53 17397.14 64.38
1100.2 27064.25 17263.70 63.79
1104.1 26999.93 17096.54 63.32
1108.1 26976.31 16940.02 62.80
1112.0 26929.62 16756.92 62.22
1116.0 26827.19 16510.26 61.54
1119.9 26743.36 16228.67 60.68
1123.9 26789.11 15969.91 59.61
1127.8 26776.32 15582.72 58.20
1131.8 26765.25 15076.17 56.33
1135.7 26806.82 14470.37 53.98
1139.6 26802.37 13818.20 51.56
1143.6 26782.94 13188.00 49.24
1147.5 26783.56 12653.62 47.24
1151.4 26689.51 12172.08 45.61
1155.4 26684.50 11857.33 44.44
1159.3 26717.33 11671.56 43.69
1163.2 26640.39 11493.13 43.14
1167.2 26631.42 11388.18 42.76
1171.1 26649.11 11306.85 42.43
1175.0 26624.79 11237.17 42.21
1179.0 26612.16 11173.15 41.99
1182.9 26679.08 11114.54 41.66
1186.8 26688.13 11068.36 41.47
1190.7 26563.51 10968.63 41.29
1194.7 26418.25 10858.67 41.10
1198.6 26292.42 10800.41 41.08
1202.5 26222.77 10766.12 41.06
1206.4 26156.30 10747.19 41.09
1210.3 26101.80 10764.86 41.24
1214.2 26061.58 10784.34 41.38
1218.2 25980.18 10796.57 41.56
1222.1 25898.70 10843.53 41.87
1226.0 25846.71 10907.11 42.20
1229.9 25808.88 10955.10 42.45
1233.8 25765.00 10989.81 42.65
1237.7 25743.41 11032.45 42.86
1241.6 25703.07 11073.97 43.08
1245.5 25624.12 11081.03 43.24
1249.4 25550.35 11081.50 43.37
1253.3 25491.83 11095.15 43.52
1257.2 25468.72 11109.83 43.62
1261.1 25410.02 11112.88 43.73
1265.0 25340.06 11095.51 43.79
1268.9 25238.59 11048.52 43.78
1272.8 25273.80 11040.90 43.69
1276.7 25394.86 11051.02 43.52
1280.6 25450.19 11037.00 43.37
1284.5 25408.33 10946.21 43.08
1288.4 25396.88 10855.36 42.74
1292.3 25335.75 10727.75 42.34
1296.2 25253.77 10576.46 41.88
1300.1 25154.45 10406.71 41.37
1303.9 25021.28 10194.05 40.74
1307.8 24888.83 9960.76 40.02
1311.7 24744.05 9708.48 39.24
1315.6 24606.58 9439.97 38.36
1319.5 24454.91 9149.28 37.41
1323.3 24310.87 8859.32 36.44
1327.2 24198.13 8575.63 35.44
1331.1 24066.72 8279.74 34.40
1335.0 23889.51 7964.81 33.34
1338.8 23760.57 7691.27 32.37
1342.7 23672.67 7458.48 31.51
1346.5 23478.13 7203.49 30.68
1350.4 23310.26 6977.04 29.93
1354.3 23083.45 6742.89 29.21
1358.1 22838.31 6502.38 28.47
1362.0 22679.75 6285.92 27.72
1365.8 22617.02 6081.99 26.89
1369.7 22674.59 5894.64 26.00
1373.5 22638.01 5638.03 24.91
1377.4 22496.49 5287.88 23.51
1381.2 22378.35 4872.73 21.77
1385.1 22350.32 4445.33 19.89
1389.0 22288.46 4024.87 18.06
1392.8 22173.23 3602.08 16.25
1396.6 22085.45 3220.27 14.58
1400.5 21959.65 2892.70 13.17
1404.3 21857.78 2630.69 12.04
1408.2 21838.81 2431.68 11.13
1412.0 21801.98 2268.62 10.41
1415.8 21812.41 2153.07 9.87
1419.6 21792.97 2059.29 9.45
1423.5 21771.98 1980.56 9.10
1427.3 21755.09 1921.84 8.83
1431.1 21750.38 1885.58 8.67
1434.9 21698.88 1852.88 8.54
1438.8 21663.77 1826.54 8.43
1442.6 21637.50 1814.09 8.38
1446.4 21563.28 1800.21 8.35
1450.2 21516.17 1783.25 8.29
1454.0 21457.08 1776.12 8.28
1457.8 21441.21 1779.76 8.30
1461.6 21431.12 1787.45 8.34
1465.4 21362.81 1801.11 8.43
1469.2 21250.78 1817.73 8.55
1473.0 21169.27 1837.54 8.68
1476.8 21139.84 1870.24 8.85
1480.7 21105.82 1918.92 9.09
1484.4 21030.72 1969.92 9.37
1488.2 20973.72 2029.20 9.67
1492.0 20900.33 2087.53 9.99
1495.8 20827.63 2149.88 10.32
1499.6 20757.13 2206.07 10.63
1503.4 20685.81 2249.10 10.87
1507.2 20635.20 2277.61 11.04
1510.9 20559.83 2300.83 11.19
1514.7 20479.56 2336.89 11.41
1518.5 20410.03 2386.63 11.69
1522.3 20318.91 2423.49 11.93
1526.0 20257.55 2466.72 12.18
1529.8 20222.14 2518.83 12.46
1533.6 20145.31 2562.08 12.72
1537.3 20069.96 2612.29 13.02
1541.1 19997.77 2662.52 13.31
1544.8 19920.00 2709.60 13.60
1548.6 19840.21 2754.98 13.89
1552.4 19790.40 2796.47 14.13
1556.1 19745.13 2834.16 14.35
1559.9 19688.26 2870.41 14.58
1563.6 19618.47 2905.02 14.81
1567.3 19559.76 2958.82 15.13
1571.1 19433.54 2996.94 15.42
1574.8 19353.80 3038.65 15.70
1578.6 19306.98 3087.68 15.99
1582.3 19224.28 3122.42 16.24
1586.0 19146.44 3141.16 16.41
1589.8 19074.77 3159.08 16.56
1593.5 18983.01 3180.25 16.75
1597.2 18910.28 3210.14 16.98
1600.9 18837.12 3239.24 17.20
1604.7 18753.01 3258.47 17.38
1608.4 18685.00 3284.19 17.58
1612.1 18589.61 3306.53 17.79
1615.8 18506.95 3322.69 17.95
1619.5 18470.24 3342.67 18.10
1623.2 18382.61 3360.29 18.28
1626.9 18281.26 3378.69 18.48
1630.6 18186.30 3392.84 18.66
1634.3 18110.82 3404.54 18.80
1638.0 18019.81 3409.15 18.92
1641.7 17928.53 3408.44 19.01
1645.4 17837.69 3399.48 19.06
1649.1 17719.40 3385.78 19.11
1652.8 17632.13 3386.24 19.20
1656.4 17542.23 3373.87 19.23
1660.1 17452.82 3358.76 19.24
1663.8 17351.33 3345.03 19.28
1667.5 17263.22 3322.37 19.25
1671.1 17190.62 3310.11 19.26
1674.8 17086.89 3294.20 19.28
1678.5 17055.43 3276.47 19.21
1682.1 17058.87 3258.67 19.10
1685.8 17063.96 3244.79 19.02
1689.5 17004.15 3218.41 18.93
1693.1 16926.54 3187.65 18.83
1696.8 16843.50 3151.63 18.71
1700.4 16752.61 3103.75 18.53
1704.0 16684.20 3061.76 18.35
1707.7 16548.84 3001.72 18.14
1711.3 16387.05 2937.17 17.92
1715.0 16263.58 2885.94 17.74
1718.6 16168.21 2829.68 17.50
1722.2 16083.03 2776.42 17.26
1725.9 15998.19 2733.93 17.09
1729.5 15924.10 2694.88 16.92
1733.1 15857.39 2667.69 16.82
1736.7 15790.22 2650.90 16.79
1740.3 15689.65 2615.34 16.67
1744.0 15648.28 2582.89 16.51
1747.5 15570.19 2548.81 16.37
1751.2 15444.89 2501.28 16.19
1754.8 15352.25 2458.94 16.02
1758.4 15274.29 2412.61 15.80
1762.0 15165.37 2367.50 15.61
1765.5 15091.31 2343.61 15.53
1769.1 15074.40 2328.00 15.44
1772.7 15027.15 2304.79 15.34
1776.3 14954.60 2284.97 15.28
1779.9 14886.09 2268.10 15.24
1783.5 14852.72 2244.40 15.11
1787.0 14774.09 2224.11 15.05
1790.6 14686.84 2209.68 15.05
1794.2 14626.25 2199.51 15.04
1797.8 14572.31 2193.93 15.06
1801.3 14527.22 2185.83 15.05
1804.9 14445.38 2176.13 15.06
1808.4 14404.59 2169.90 15.06
1812.0 14321.63 2174.72 15.18
1815.5 14236.38 2160.06 15.17
1819.1 14124.74 2145.71 15.19
1822.6 14025.96 2144.30 15.29
1826.2 13954.81 2116.86 15.17
1829.7 13857.23 2098.40 15.14
1833.2 13724.80 2086.81 15.20
1836.8 13596.77 2057.51 15.13
1840.3 13507.92 2023.56 14.98
1843.8 13431.88 2006.55 14.94
1847.3 13384.53 1999.06 14.94
1850.8 13325.76 1967.62 14.77
1854.3 13223.04 1917.57 14.50
1857.8 13161.20 1861.60 14.14
1861.3 13149.65 1776.66 13.51
1864.8 13113.55 1666.81 12.71
1868.3 13008.00 1535.11 11.80
1871.8 12902.40 1367.04 10.60
1875.3 12863.31 1237.60 9.62
1878.8 12861.64 1136.90 8.84
1882.3 12814.79 1041.79 8.13
1885.8 12721.10 931.60 7.32
1889.3 12603.25 842.44 6.68
1892.7 12484.14 805.71 6.45
1896.2 12425.34 781.41 6.29
1899.7 12309.09 764.54 6.21
1903.1 12237.46 776.16 6.34
1906.6 12275.96 834.44 6.80
1910.0 12425.41 875.62 7.05
1913.5 12695.50 974.44 7.68
1917.0 13071.45 1255.45 9.60
1920.4 13359.03 1525.43 11.42
1923.8 13383.20 1788.04 13.36
1871.2 11709.94 984.41 8.41
1873.9 11844.38 944.97 7.98
1876.7 11942.06 848.73 7.11
1879.5 11955.33 803.96 6.72
1882.3 11773.28 739.78 6.28
1885.1 11714.58 732.70 6.25
1887.8 11825.72 634.99 5.37
1890.6 11726.19 592.55 5.05
1893.4 11711.33 586.67 5.01
1896.2 11690.33 495.12 4.24
1898.9 11600.54 507.44 4.37
1901.7 11509.78 505.54 4.39
1904.5 11595.68 454.94 3.92
1907.2 11575.75 432.25 3.73
1910.0 11534.65 445.30 3.86
1912.7 11509.58 416.35 3.62
1915.5 11429.24 383.86 3.36
1918.2 11379.10 400.77 3.52
1921.0 11291.49 395.41 3.50
1923.7 11305.65 396.87 3.51
1926.5 11284.35 394.06 3.49
1929.2 11297.09 368.77 3.26
1932.0 11293.84 388.68 3.44
1934.7 11256.00 400.21 3.56
1937.4 11153.59 378.40 3.39
1940.2 11119.32 374.95 3.37
1942.9 11202.56 380.63 3.40
1945.6 11207.22 404.68 3.61
1948.3 11145.88 397.10 3.56
1951.1 11140.01 391.30 3.51
1953.8 11145.00 399.00 3.58
1956.5 11045.56 401.33 3.63
1959.2 11104.86 409.63 3.69
1961.9 11124.34 396.34 3.56
1964.6 11058.08 410.55 3.71
1967.3 11092.37 421.27 3.80
1970.0 10987.52 417.36 3.80
1972.8 10943.00 426.54 3.90
1975.5 10983.78 444.85 4.05
1978.2 10935.40 443.84 4.06
1980.9 10858.38 448.91 4.13
1983.5 10836.45 436.25 4.03
1986.2 10831.02 424.86 3.92
1988.9 10819.38 459.78 4.25
1991.6 10735.05 469.26 4.37
1994.3 10649.29 462.13 4.34
1997.0 10665.45 484.40 4.54
1999.7 10628.04 493.93 4.65
2002.3 10626.41 474.65 4.47
2005.0 10577.50 486.16 4.60
2007.7 10537.87 478.73 4.54
2010.4 10503.55 479.64 4.57
2013.0 10469.60 509.26 4.86
2015.7 10417.55 494.45 4.75
2018.4 10373.69 487.91 4.70
2021.0 10341.67 510.00 4.93
2023.7 10246.67 514.45 5.02
2026.4 10218.87 515.45 5.04
2029.0 10197.92 534.22 5.24
2031.7 10117.47 540.80 5.35
2034.3 10100.57 521.08 5.16
2037.0 10052.37 523.59 5.21
2039.6 10015.47 545.79 5.45
2042.3 10000.48 547.63 5.48
2044.9 9966.17 532.95 5.35
2047.5 9926.90 524.54 5.28
2050.2 9839.20 537.60 5.46
2052.8 9839.20 548.80 5.58
2055.4 9775.02 557.53 5.70
2058.1 9676.80 540.40 5.58
2060.7 9656.73 547.82 5.67
2063.3 9627.93 560.12 5.82
2065.9 9594.96 552.75 5.76
2068.6 9550.29 549.96 5.76
2071.2 9522.27 541.26 5.68
2073.8 9469.56 548.47 5.79
2076.4 9438.82 575.37 6.10
2079.0 9427.55 587.29 6.23
2081.6 9427.48 585.17 6.21
2084.2 9413.08 606.66 6.44
2086.8 9327.84 593.95 6.37
2089.4 9281.57 578.68 6.23
2092.1 9228.17 589.33 6.39
2094.7 9209.50 584.78 6.35
2097.2 9211.17 578.00 6.27
2099.8 9177.65 594.95 6.48
2102.4 9110.04 599.94 6.59
2105.0 9037.35 584.25 6.46
2107.6 9009.28 601.00 6.67
2110.2 9002.40 616.64 6.85
2112.8 8990.87 607.03 6.75
2115.3 8991.97 617.75 6.87
2117.9 8986.46 623.86 6.94
2120.5 8943.22 606.32 6.78
2123.1 8918.33 631.80 7.08
2125.6 8905.06 641.31 7.20
2128.2 8835.61 620.45 7.02
2130.8 8804.25 617.18 7.01
2133.3 8785.33 621.87 7.08
2135.9 8707.33 635.40 7.30
2138.4 8648.47 642.37 7.43
2141.0 8594.63 634.68 7.38
2143.6 8560.47 642.04 7.50
2146.1 8482.97 634.68 7.48
2148.7 8378.31 628.45 7.50
2151.2 8395.20 642.40 7.65
2153.8 8409.10 659.31 7.84
2156.3 8334.31 652.69 7.83
2158.8 8295.91 620.20 7.48
2161.4 8278.92 622.10 7.51
2163.9 8211.11 628.00 7.65
2166.4 8178.14 623.86 7.63
2169.0 8184.05 635.68 7.77
2171.5 8127.88 665.25 8.18
2174.0 8074.15 645.58 8.00
2176.5 8046.09 621.92 7.73
2179.1 8026.09 644.50 8.03
2181.6 7963.08 644.83 8.10
2184.1 7927.92 631.40 7.96
2186.6 7968.23 665.33 8.35
2189.1 7928.70 632.37 7.98
2191.6 7879.20 646.80 8.21
2194.1 7902.25 677.62 8.58
2196.6 7910.84 645.37 8.16
2199.2 7922.01 666.27 8.41
2201.7 7911.90 637.54 8.06
2204.1 7872.42 626.72 7.96
2206.6 7859.11 663.94 8.45
2209.1 7834.95 669.95 8.55
2211.6 7811.28 647.13 8.28
2214.1 7823.83 653.89 8.36
2216.6 7801.78 657.11 8.42
2219.1 7778.99 638.12 8.20
2221.6 7769.41 639.52 8.23
2224.0 7730.49 647.70 8.38
2226.5 7705.13 627.83 8.15
2229.0 7700.89 609.07 7.91
2231.5 7614.04 601.31 7.90
2233.9 7619.70 577.25 7.58
2236.4 7646.66 606.02 7.93
2238.9 7587.25 635.50 8.38
2241.3 7617.87 614.09 8.06
2243.8 7590.66 614.09 8.09
2246.2 7466.46 581.50 7.79
2248.7 7485.79 559.22 7.47
2251.2 7456.07 564.97 7.58
2253.6 7388.16 560.64 7.59
2256.1 7392.00 556.80 7.53
2258.5 7429.78 549.36 7.39
2260.9 7370.87 510.06 6.92
2263.4 7335.06 491.31 6.70
2265.8 7324.05 538.53 7.35
2268.3 7284.90 527.22 7.24
2270.7 7335.06 479.79 6.54
2273.1 7298.01 510.06 6.99
2275.6 7249.92 487.68 6.73
2278.0 7263.90 453.51 6.24
2280.4 7254.11 469.50 6.47
2282.8 7154.84 456.86 6.39
2285.3 7173.98 447.16 6.23
2287.7 7228.16 452.98 6.27
2290.1 7183.21 466.49 6.49
2292.5 7174.75 448.42 6.25
2294.9 7172.28 458.39 6.39
2297.3 7095.27 427.14 6.02
2299.7 7055.67 394.83 5.60
2302.1 7047.43 408.55 5.80
2304.5 6969.76 419.44 6.02
2306.9 6871.76 384.16 5.59
2309.3 6829.66 376.16 5.51
2311.7 6841.28 408.20 5.97
2314.1 6762.12 378.08 5.59
2316.5 6698.00 390.06 5.82
2318.9 6708.72 390.23 5.82
2321.3 6699.18 356.55 5.32
2323.7 6692.83 379.37 5.67
2326.1 6669.65 386.88 5.80
2328.4 6684.27 382.42 5.72
2330.8 6719.87 392.64 5.84
2333.2 6684.06 420.07 6.28
2335.6 6626.06 381.95 5.76
2337.9 6656.47 358.91 5.39
2340.3 6637.57 377.85 5.69
2342.7 6554.85 347.00 5.29
2345.0 6590.83 322.75 4.90
2347.4 6579.00 331.50 5.04
2349.7 6450.22 354.55 5.50
2352.1 6436.79 360.22 5.60
2354.4 6443.20 343.87 5.34
2356.8 6410.25 336.70 5.25
2359.2 6387.33 351.00 5.50
2361.5 6370.47 322.89 5.07
2363.8 6359.13 316.20 4.97
2366.2 6364.03 361.89 5.69
2368.5 6327.90 329.30 5.20
2370.9 6289.51 299.71 4.77
2373.2 6299.83 319.26 5.07
2375.5 6271.65 330.33 5.27
2377.9 6231.24 314.53 5.05
2380.2 6231.07 311.55 5.00
2382.5 6226.23 289.49 4.65
2384.8 6166.56 287.68 4.67
2387.2 6137.03 295.37 4.81
2389.5 6105.12 273.86 4.49
2391.8 6108.03 289.95 4.75
2394.1 6113.08 316.69 5.18
2396.4 6043.08 270.95 4.48
2398.7 6045.74 248.46 4.11
2401.0 6037.85 286.81 4.75
2403.3 5976.00 283.86 4.75
2405.6 5958.01 289.90 4.87
2407.9 5961.90 320.64 5.38
2410.2 5895.68 280.75 4.76
2412.5 5854.08 259.17 4.43
2414.8 5884.71 287.56 4.89
2417.1 5832.68 237.44 4.07
2419.4 5803.94 229.24 3.95
2421.7 5771.82 262.83 4.55
2424.0 5758.83 258.88 4.50
2426.2 5767.30 208.65 3.62
2428.5 5732.83 237.97 4.15
2430.8 5706.15 277.95 4.87
2433.1 5636.77 210.20 3.73
2435.4 5600.60 229.40 4.10
2437.6 5600.60 240.59 4.30
2439.9 5575.70 218.99 3.93
2442.2 5563.19 250.29 4.50
2444.4 5553.80 223.99 4.03
2446.7 5507.12 204.40 3.71
2448.9 5507.15 201.34 3.66
2451.2 5507.04 238.40 4.33
2453.4 5448.11 277.23 5.09
2455.7 5430.93 237.19 4.37
2457.9 5354.09 213.68 3.99
2460.2 5363.55 228.11 4.25
2462.4 5410.08 237.12 4.38
2464.7 5343.16 208.18 3.90
2466.9 5296.50 192.60 3.64
2469.2 5269.60 181.49 3.44
2471.4 5219.18 164.13 3.14
2473.6 5235.49 167.38 3.20
2475.9 5195.15 162.56 3.13
2478.1 5116.92 157.13 3.07
2480.3 5082.02 201.89 3.97
2482.5 5118.21 235.90 4.61
2484.8 5046.20 196.61 3.90
2487.0 4999.50 177.76 3.56
2489.2 5095.91 203.54 3.99
2491.4 4987.57 192.13 3.85
2493.6 4938.15 211.64 4.29
2495.8 4972.71 245.47 4.94
2498.0 4904.53 162.13 3.31
2500.2 4920.20 143.23 2.91
2502.4 5079.36 195.36 3.85
2504.6 5192.67 187.80 3.62
2506.8 5279.98 194.83 3.69
