/*** Spectra Vista SIG Data ***/
name= \My Documents\HR1024_Data\RD6T1.
instrument= HR: 1091052
integration= 400, 60, 30, 1000, 60, 30
scan time= 1, 1
scan settings= AD, AI, AD, AI
external data set1= 8224, 8224, 8224, 8224, 8224, 8224, 8224, 8224, 8224, 8224, 8224, 8224, 8224, 8224, 8224, 8224
external data set2= 8224, 8224, 8224, 8224, 8224, 8224, 8224, 8224, 8224, 8224, 8224, 8224, 8224, 8224, 8224, 8224
external data dark= 0,0,0,0,0,0,0,0
external data mask= 0
optic= LENS4 , LENS4 
temp= 32.98, 8.94, -5.37, 38.46, 8.94, -5.37
battery= 7.1, 7.0
error= 0, 0
units= Radiance, Radiance
time= 4/7/08 10:35:00 AM, 4/7/08 10:48:07 AM
longitude= , 
latitude= , 
gpstime= , 
comm= 
memory slot= 0, 0
factors= 
data= 
346.4 350.35 48.41 13.82
347.9 381.21 50.20 13.17
349.5 410.28 47.42 11.56
351.1 433.68 49.92 11.51
352.6 475.96 54.40 11.43
354.2 499.06 58.25 11.67
355.7 540.48 55.23 10.22
357.3 582.54 59.64 10.24
358.8 588.91 70.60 11.99
360.4 636.67 65.43 10.28
361.9 668.64 64.08 9.58
363.5 692.50 64.40 9.30
365.1 712.57 65.19 9.15
366.6 747.47 69.74 9.33
368.2 792.37 67.15 8.47
369.7 840.74 66.61 7.92
371.3 898.85 73.09 8.13
372.8 941.22 73.70 7.83
374.4 986.23 71.42 7.24
375.9 1017.83 71.50 7.02
377.4 1052.18 74.16 7.05
379.0 1086.82 75.11 6.91
380.5 1123.29 76.32 6.79
382.1 1153.93 75.06 6.50
383.6 1194.95 74.84 6.26
385.2 1251.25 74.80 5.98
386.7 1299.60 77.98 6.00
388.3 1372.34 78.81 5.74
389.8 1424.66 77.96 5.47
391.3 1483.01 83.55 5.63
392.9 1530.61 87.63 5.72
394.4 1562.39 92.59 5.93
395.9 1621.81 95.46 5.89
397.5 1711.90 100.78 5.89
399.0 1784.48 95.79 5.37
400.6 1838.09 96.22 5.23
402.1 1856.31 94.94 5.11
403.6 1888.03 90.63 4.80
405.1 1944.54 90.03 4.63
406.7 2010.40 96.32 4.79
408.2 2079.37 97.56 4.69
409.7 2148.16 100.80 4.69
411.3 2213.53 100.98 4.56
412.8 2271.65 107.12 4.72
414.3 2341.03 108.18 4.62
415.8 2417.50 109.00 4.51
417.4 2490.79 113.85 4.57
418.9 2548.98 114.86 4.51
420.4 2593.45 114.16 4.40
421.9 2640.22 117.13 4.44
423.5 2679.41 119.09 4.44
425.0 2722.85 119.57 4.39
426.5 2778.88 119.11 4.29
428.0 2849.90 120.28 4.22
429.5 2939.79 122.06 4.15
431.1 3042.79 127.71 4.20
432.6 3149.06 131.50 4.18
434.1 3259.99 135.14 4.15
435.6 3346.58 136.61 4.08
437.1 3441.75 140.79 4.09
438.6 3531.11 144.62 4.10
440.1 3611.12 147.89 4.10
441.6 3703.62 149.79 4.04
443.1 3787.76 157.14 4.15
444.7 3873.68 157.41 4.06
446.2 3941.61 161.66 4.10
447.7 4009.71 166.99 4.16
449.2 4084.56 167.62 4.10
450.7 4145.44 168.06 4.05
452.2 4210.01 166.63 3.96
453.7 4291.20 172.47 4.02
455.2 4393.26 175.55 4.00
456.7 4515.28 180.58 4.00
458.2 4654.47 181.04 3.89
459.7 4795.00 188.65 3.93
461.2 4934.06 194.50 3.94
462.7 5054.96 198.69 3.93
464.2 5177.07 207.52 4.01
465.7 5301.12 212.91 4.02
467.2 5404.44 215.60 3.99
468.7 5508.00 222.00 4.03
470.2 5586.81 231.18 4.14
471.7 5702.38 239.88 4.21
473.2 5885.72 243.03 4.13
474.6 6027.25 247.84 4.11
476.1 6074.86 246.77 4.06
477.6 6093.70 247.04 4.05
479.1 6122.60 247.63 4.04
480.6 6163.05 247.25 4.01
482.1 6243.66 253.10 4.05
483.6 6332.42 257.28 4.06
485.1 6458.38 261.02 4.04
486.6 6604.00 264.59 4.01
488.0 6753.50 269.75 3.99
489.5 6913.82 278.43 4.03
491.0 7075.65 283.16 4.00
492.5 7238.97 291.92 4.03
494.0 7404.10 299.21 4.04
495.4 7549.58 306.24 4.06
496.9 7695.36 313.96 4.08
498.4 7836.28 323.94 4.13
499.9 7979.51 327.70 4.11
501.4 8103.78 337.13 4.16
502.8 8223.51 340.32 4.14
504.3 8333.10 350.28 4.20
505.8 8444.88 356.73 4.22
507.2 8514.20 359.89 4.23
508.7 8565.01 369.64 4.32
510.2 8590.79 370.85 4.32
511.6 8618.22 376.62 4.37
513.1 8670.26 379.24 4.37
514.6 8732.77 384.98 4.41
516.0 8783.27 388.59 4.42
517.5 8880.96 396.86 4.47
519.0 8994.65 402.79 4.48
520.5 9112.66 409.34 4.49
521.9 9263.01 419.90 4.53
523.4 9434.43 428.74 4.54
524.8 9608.27 437.46 4.55
526.3 9802.81 451.49 4.61
527.8 10000.35 463.59 4.64
529.2 10181.33 475.37 4.67
530.7 10383.39 486.67 4.69
532.1 10567.68 497.75 4.71
533.6 10773.42 511.55 4.75
535.0 10980.59 528.41 4.81
536.5 11186.70 540.00 4.83
538.0 11401.56 557.52 4.89
539.4 11601.83 567.58 4.89
540.9 11838.18 589.26 4.98
542.3 12056.36 601.55 4.99
543.8 12205.88 614.93 5.04
545.2 12241.58 622.52 5.09
546.6 12248.30 628.75 5.13
548.1 12260.70 633.01 5.16
549.5 12261.13 634.03 5.17
551.0 12260.01 646.63 5.27
552.4 12274.54 652.46 5.32
553.9 12279.40 659.08 5.37
555.3 12300.80 666.20 5.42
556.8 12360.66 676.60 5.47
558.2 12414.09 685.46 5.52
559.6 12499.51 698.02 5.58
561.1 12612.44 709.48 5.63
562.5 12742.28 725.61 5.69
564.0 12915.37 741.15 5.74
565.4 13070.62 761.40 5.83
566.8 13269.64 780.92 5.88
568.3 13461.39 800.09 5.94
569.7 13659.35 825.43 6.04
571.1 13859.91 846.68 6.11
572.6 14064.03 869.94 6.19
574.0 14250.23 891.66 6.26
575.4 14437.41 918.34 6.36
576.9 14612.77 940.40 6.44
578.3 14771.90 965.97 6.54
579.7 14927.19 989.46 6.63
581.1 15049.34 1010.70 6.72
582.6 15179.87 1036.73 6.83
584.0 15306.40 1059.58 6.92
585.4 15471.50 1087.91 7.03
586.8 15703.41 1117.96 7.12
588.3 15959.97 1154.56 7.23
589.7 16164.72 1185.91 7.34
591.1 16308.26 1214.21 7.45
592.5 16380.50 1233.52 7.53
594.0 16416.90 1253.86 7.64
595.4 16426.30 1271.81 7.74
596.8 16438.21 1291.72 7.86
598.2 16446.40 1307.78 7.95
599.6 16446.15 1331.01 8.09
601.0 16488.64 1351.53 8.20
602.4 16524.83 1376.58 8.33
603.9 16595.00 1401.69 8.45
605.3 16677.56 1432.13 8.59
606.7 16748.10 1454.76 8.69
608.1 16880.08 1491.73 8.84
609.5 17023.96 1526.87 8.97
610.9 17200.20 1567.75 9.11
612.3 17363.60 1607.88 9.26
613.7 17583.26 1655.74 9.42
615.1 17730.09 1697.11 9.57
616.5 17885.32 1743.99 9.75
617.9 18120.27 1799.61 9.93
619.3 18343.55 1856.02 10.12
620.7 18613.68 1919.27 10.31
622.1 18877.69 1974.05 10.46
623.5 19168.37 2019.91 10.54
624.9 19495.88 2084.09 10.69
626.3 19705.80 2145.69 10.89
627.7 19502.63 2165.04 11.10
629.1 19316.59 2191.31 11.34
630.5 19234.56 2236.56 11.63
631.9 19243.16 2305.86 11.98
633.3 19227.78 2367.14 12.31
634.7 19307.14 2425.74 12.56
636.1 19335.07 2467.74 12.76
637.5 19378.14 2508.61 12.95
638.9 19457.31 2546.03 13.09
640.2 19514.53 2561.33 13.13
641.6 19531.98 2567.92 13.15
643.0 19504.65 2563.53 13.14
644.4 19507.28 2555.94 13.10
645.8 19449.04 2550.89 13.12
647.2 19526.59 2556.45 13.09
648.5 19579.91 2562.75 13.09
649.9 19492.88 2557.82 13.12
651.3 19428.45 2579.58 13.28
652.7 19344.30 2616.81 13.53
654.1 19217.52 2639.58 13.74
655.5 19076.42 2647.03 13.88
656.8 18936.77 2639.03 13.94
658.2 19052.33 2670.40 14.02
659.6 19274.42 2714.32 14.08
660.9 19463.87 2754.38 14.15
662.3 19650.11 2797.03 14.23
663.7 19826.10 2837.10 14.31
665.0 19986.79 2877.18 14.40
666.4 20146.14 2917.02 14.48
667.8 20346.56 2974.41 14.62
669.1 20529.76 3029.46 14.76
670.5 20738.52 3092.35 14.91
671.9 20872.26 3159.96 15.14
673.2 21059.41 3243.37 15.40
674.6 21230.21 3326.63 15.67
676.0 21420.32 3430.40 16.01
677.3 21614.12 3535.52 16.36
678.7 21817.38 3652.03 16.74
680.0 22089.50 3786.15 17.14
681.4 22373.47 3926.75 17.55
682.8 22657.86 4064.97 17.94
684.1 22942.53 4208.26 18.34
685.5 23200.94 4347.08 18.74
686.8 23448.72 4489.99 19.15
688.2 23672.40 4624.62 19.54
689.5 23749.65 4723.90 19.89
690.9 23825.77 4823.12 20.24
692.2 23869.28 4915.38 20.59
693.6 23926.69 5004.52 20.92
694.9 23920.11 5068.76 21.19
696.2 23942.14 5146.02 21.49
697.6 23961.85 5218.73 21.78
698.9 23992.32 5296.90 22.08
700.3 24038.01 5382.72 22.39
701.6 24084.68 5469.32 22.71
703.0 24137.54 5560.64 23.04
704.3 24141.49 5635.50 23.34
705.6 24144.66 5707.78 23.64
707.0 24151.61 5784.33 23.95
708.3 24094.31 5833.96 24.21
709.6 24038.25 5886.40 24.49
711.0 23936.43 5928.55 24.77
712.3 23827.16 5967.71 25.05
713.6 23789.01 6027.59 25.34
714.9 23716.29 6082.61 25.65
716.3 23686.39 6145.29 25.94
717.6 23672.15 6217.46 26.26
718.9 23614.96 6287.26 26.62
720.2 23494.56 6325.82 26.92
721.6 23399.74 6364.51 27.20
722.9 23270.63 6398.76 27.50
724.2 23091.17 6416.50 27.79
725.5 22957.02 6448.76 28.09
726.8 22832.78 6476.79 28.37
728.1 22750.67 6512.02 28.62
729.5 22685.44 6553.60 28.89
730.8 22628.18 6596.83 29.15
732.1 22547.20 6630.29 29.41
733.4 22493.78 6678.19 29.69
734.7 22430.29 6718.67 29.95
736.0 22412.65 6781.36 30.26
737.3 22354.35 6822.92 30.52
738.6 22392.88 6897.72 30.80
739.9 22486.41 6988.11 31.08
741.2 22557.99 7066.33 31.33
742.5 22690.46 7168.91 31.59
743.8 22954.18 7314.62 31.87
745.1 23356.68 7499.26 32.11
746.4 23838.13 7715.34 32.37
747.7 24340.83 7955.48 32.68
749.0 24845.90 8203.38 33.02
750.3 25109.11 8388.56 33.41
751.6 25056.94 8458.14 33.76
752.9 24812.33 8455.57 34.08
754.2 24511.78 8418.73 34.35
755.4 24190.11 8367.31 34.59
756.7 24095.29 8386.80 34.81
758.0 24119.44 8449.50 35.03
759.3 24282.67 8559.50 35.25
760.6 24509.10 8696.07 35.48
761.9 24709.31 8836.87 35.76
763.1 24854.26 8958.46 36.04
764.4 25021.13 9075.89 36.27
765.7 25148.50 9185.80 36.53
767.0 25255.87 9278.70 36.74
768.2 25351.20 9389.18 37.04
769.5 25424.49 9474.68 37.27
770.8 25570.26 9594.29 37.52
772.0 25587.81 9670.76 37.79
773.3 25669.17 9761.90 38.03
774.6 25760.75 9873.88 38.33
775.8 25826.13 9971.65 38.61
777.1 25851.30 10052.29 38.89
778.4 25836.83 10108.87 39.13
779.6 25861.37 10177.91 39.36
780.9 25820.00 10220.00 39.58
782.1 25728.02 10252.11 39.85
783.4 25750.40 10320.96 40.08
784.6 25767.74 10385.85 40.31
785.9 25975.04 10524.71 40.52
787.1 26352.59 10728.39 40.71
788.4 26662.70 10936.09 41.02
789.6 26677.46 11050.55 41.42
790.9 26422.83 11054.47 41.84
792.1 26144.60 11004.40 42.09
793.4 25865.12 10946.07 42.32
794.6 25676.57 10930.97 42.57
795.8 25513.36 10928.40 42.83
797.1 25350.08 10919.61 43.08
798.3 25228.50 10924.49 43.30
799.5 25169.97 10955.30 43.53
800.8 25099.23 10989.27 43.78
802.0 25011.42 11007.10 44.01
803.2 24918.76 11029.70 44.26
804.5 24860.18 11067.46 44.52
805.7 24781.04 11099.12 44.79
806.9 24699.71 11118.83 45.02
808.1 24647.73 11159.20 45.27
809.4 24609.13 11204.00 45.53
810.6 24558.63 11242.14 45.78
811.8 24538.32 11273.04 45.94
813.0 24560.28 11333.53 46.15
814.2 24583.06 11387.06 46.32
815.4 24644.79 11470.79 46.54
816.6 24675.27 11538.66 46.76
817.9 24704.84 11620.51 47.04
819.1 24672.89 11654.25 47.24
820.3 24583.02 11653.93 47.41
821.5 24511.70 11681.50 47.66
822.7 24474.49 11701.10 47.81
823.9 24466.74 11749.53 48.02
825.1 24483.13 11795.63 48.18
826.3 24493.16 11831.40 48.30
827.5 24511.03 11878.07 48.46
828.7 24560.16 11920.75 48.54
829.9 24556.61 11963.49 48.72
831.0 24631.50 12031.55 48.85
832.2 24684.15 12087.84 48.97
833.4 24732.69 12147.68 49.12
834.6 24771.09 12208.13 49.28
835.8 24806.25 12253.82 49.40
837.0 24848.21 12324.94 49.60
838.1 24942.61 12404.10 49.73
839.3 24987.97 12461.36 49.87
840.5 25056.73 12528.12 50.00
841.7 25139.84 12615.37 50.18
842.9 25202.72 12691.40 50.36
844.0 25272.39 12759.66 50.49
845.2 25356.92 12841.97 50.64
846.4 25406.55 12907.97 50.81
847.5 25535.27 13023.15 51.00
848.7 25649.51 13111.25 51.12
849.9 25759.43 13221.36 51.33
851.0 25787.85 13293.93 51.55
852.2 25836.49 13356.16 51.69
853.3 25835.02 13387.26 51.82
854.5 25803.13 13423.98 52.02
855.6 25784.28 13456.55 52.19
856.8 25811.14 13524.87 52.40
857.9 25796.36 13547.92 52.52
859.1 25866.40 13632.56 52.70
860.2 25870.46 13666.54 52.83
861.4 25883.89 13710.50 52.97
862.5 25913.95 13777.72 53.17
863.7 25967.63 13824.50 53.24
864.8 25978.23 13862.59 53.36
865.9 25934.02 13887.70 53.55
867.1 25972.57 13929.18 53.63
868.2 25960.64 13966.18 53.80
869.3 25983.57 14021.11 53.96
870.5 25945.69 14024.62 54.05
871.6 25952.82 14056.33 54.16
872.7 25988.86 14122.02 54.34
873.9 26010.48 14166.87 54.47
875.0 25998.57 14155.24 54.45
876.1 25976.68 14180.30 54.59
877.2 25992.15 14209.72 54.67
878.3 25997.76 14222.30 54.71
879.4 26016.59 14255.95 54.80
880.5 26032.32 14287.97 54.89
881.7 26038.68 14295.71 54.90
882.8 26051.76 14343.98 55.06
883.9 26088.59 14372.81 55.09
885.0 26049.66 14373.45 55.18
886.1 26068.54 14403.69 55.25
887.2 25979.14 14364.41 55.29
888.3 25929.87 14357.43 55.37
889.4 25867.81 14304.23 55.30
890.5 25830.84 14312.55 55.41
891.6 25777.28 14300.66 55.48
892.7 25812.52 14296.86 55.39
893.8 25792.32 14303.42 55.46
894.9 25833.34 14334.10 55.49
896.0 25797.95 14316.90 55.50
897.0 25823.30 14351.00 55.57
898.1 25837.83 14347.33 55.53
899.2 25853.12 14351.84 55.51
900.3 25827.20 14325.38 55.47
901.4 25755.93 14312.83 55.57
902.4 25796.28 14341.37 55.59
903.5 25760.57 14312.59 55.56
904.6 25773.48 14317.43 55.55
905.7 25786.56 14308.06 55.49
906.7 25778.44 14321.46 55.56
907.8 25791.16 14324.12 55.54
908.9 25756.23 14271.12 55.41
909.9 25738.83 14266.92 55.43
911.0 25715.27 14242.45 55.39
912.1 25708.69 14207.64 55.26
913.1 25683.06 14173.85 55.19
914.2 25568.28 14110.95 55.19
915.2 25594.38 14095.89 55.07
916.3 25582.28 14098.14 55.11
917.3 25579.53 14046.52 54.91
918.4 25529.08 13974.35 54.74
919.4 25526.52 13948.90 54.64
920.5 25540.93 13900.05 54.42
921.5 25532.64 13865.64 54.31
922.6 25509.72 13808.11 54.13
923.6 25552.64 13765.01 53.87
924.7 25558.13 13708.40 53.64
925.7 25559.01 13659.71 53.44
926.7 25571.07 13604.99 53.20
927.8 25622.74 13578.28 52.99
928.8 25737.00 13539.90 52.61
929.9 25798.01 13495.91 52.31
930.9 25912.02 13470.37 51.99
931.9 26063.45 13467.65 51.67
932.9 26272.00 13486.72 51.33
934.0 26311.65 13404.82 50.95
935.0 26328.00 13323.65 50.61
936.0 26313.67 13219.02 50.24
937.0 26305.79 13132.08 49.92
938.1 26273.03 13034.38 49.61
939.1 26282.27 12940.44 49.24
940.1 26307.38 12863.54 48.90
941.1 26474.98 12838.89 48.49
942.1 26613.43 12782.44 48.03
943.1 26709.35 12728.16 47.65
944.1 26891.46 12731.50 47.34
945.2 26931.87 12598.15 46.78
946.2 27005.05 12519.68 46.36
947.2 27050.94 12422.70 45.92
948.2 27161.01 12354.69 45.49
949.2 27258.97 12243.40 44.92
950.2 27257.00 12150.44 44.58
951.2 27381.90 12046.61 43.99
952.2 27427.92 11935.79 43.52
953.2 27549.11 11865.49 43.07
954.2 27670.16 11791.67 42.62
955.2 27683.23 11678.57 42.19
956.2 27678.04 11572.18 41.81
957.2 27683.31 11501.19 41.55
958.2 27771.67 11447.87 41.22
959.2 27855.45 11388.60 40.88
960.1 27895.78 11379.57 40.79
961.1 27947.74 11360.13 40.65
962.1 27921.09 11300.25 40.47
963.1 28038.72 11277.51 40.22
964.1 28081.62 11277.47 40.16
965.1 28159.91 11306.17 40.15
966.1 28230.04 11264.47 39.90
967.0 28291.66 11300.48 39.94
968.0 28354.15 11283.46 39.79
969.0 28355.00 11307.76 39.88
970.0 28440.42 11309.95 39.77
971.0 28447.07 11324.15 39.81
971.9 28529.94 11331.68 39.72
972.9 28619.85 11354.51 39.67
973.9 28640.46 11363.76 39.68
974.9 28629.25 11338.58 39.60
975.8 28737.28 11375.71 39.59
976.8 28722.61 11459.05 39.90
977.8 28846.97 11449.59 39.69
978.8 28789.28 11488.47 39.91
979.7 28914.30 11573.05 40.03
980.7 28909.16 11547.76 39.94
981.7 29108.19 11651.97 40.03
982.6 29310.11 11752.85 40.10
983.6 29612.62 11845.05 40.00
984.6 29886.86 12003.05 40.16
985.5 30220.02 12129.26 40.14
986.5 30590.42 12299.40 40.21
987.5 31346.01 12703.38 40.53
988.4 31956.65 12825.34 40.13
989.4 32957.10 13182.84 40.00
990.4 33646.09 13575.21 40.35
991.3 34254.92 14008.73 40.90
992.3 35605.12 14046.41 39.45
993.2 35791.00 14540.80 40.63
994.2 37066.33 15180.75 40.96
995.2 37769.29 15163.67 40.15
996.1 38356.88 15465.00 40.32
997.1 37945.80 15373.75 40.52
998.0 38542.50 15828.12 41.07
999.0 38301.25 15465.03 40.38
1000.0 38064.02 15750.63 41.38
1000.9 38955.51 15660.90 40.20
1001.9 38313.61 15730.88 41.06
1002.8 38469.11 15136.76 39.35
1003.8 38840.71 15536.29 40.00
1004.8 39018.78 15698.78 40.23
961.5 34418.44 10441.55 30.34
965.5 34203.70 10491.41 30.67
969.5 33124.73 10440.09 31.52
973.4 31599.68 10413.02 32.95
977.4 30418.99 10336.55 33.98
981.4 29806.10 10388.13 34.85
985.3 29606.90 10476.49 35.39
989.3 29665.19 10617.22 35.79
993.3 29713.32 10775.16 36.26
997.2 29668.74 10858.53 36.60
1001.2 29627.00 10989.55 37.09
1005.2 29568.23 11185.48 37.83
1009.1 29600.49 11406.62 38.54
1013.1 29702.49 11675.49 39.31
1017.1 29789.49 11984.01 40.23
1021.0 29789.99 12234.47 41.07
1025.0 29760.59 12493.73 41.98
1029.0 29636.30 12730.67 42.96
1032.9 29533.53 12946.57 43.84
1036.9 29509.70 13207.91 44.76
1040.9 29556.91 13508.37 45.70
1044.8 29679.34 13808.41 46.53
1048.8 29786.37 14072.88 47.25
1052.7 29868.84 14309.84 47.91
1056.7 29898.31 14486.81 48.45
1060.7 29913.73 14617.20 48.86
1064.6 29918.21 14711.83 49.17
1068.6 29859.11 14758.89 49.43
1072.5 29814.52 14741.58 49.44
1076.5 29798.83 14692.66 49.31
1080.4 29797.49 14643.51 49.14
1084.4 29858.05 14579.46 48.83
1088.3 29928.60 14472.08 48.36
1092.3 29919.24 14299.02 47.79
1096.2 29930.07 14101.63 47.12
1100.2 29956.02 13904.46 46.42
1104.1 29873.92 13653.49 45.70
1108.1 29858.25 13423.48 44.96
1112.0 29809.22 13180.46 44.22
1116.0 29674.06 12862.46 43.35
1119.9 29580.84 12513.02 42.30
1123.9 29636.88 12148.42 40.99
1127.8 29621.76 11619.84 39.23
1131.8 29615.13 10972.80 37.05
1135.7 29658.37 10240.51 34.53
1139.6 29649.41 9462.34 31.91
1143.6 29635.32 8768.14 29.59
1147.5 29635.02 8217.17 27.73
1151.4 29535.85 7774.55 26.32
1155.4 29547.88 7510.87 25.42
1159.3 29582.50 7344.72 24.83
1163.2 29498.44 7186.34 24.36
1167.2 29505.90 7101.24 24.07
1171.1 29517.01 7043.55 23.86
1175.0 29484.53 6971.92 23.65
1179.0 29486.15 6917.70 23.46
1182.9 29537.81 6880.43 23.29
1186.8 29538.86 6837.57 23.15
1190.7 29410.97 6774.03 23.03
1194.7 29255.48 6703.66 22.91
1198.6 29133.72 6656.27 22.85
1202.5 29044.69 6631.68 22.83
1206.4 28972.03 6631.90 22.89
1210.3 28920.11 6639.75 22.96
1214.2 28863.76 6655.17 23.06
1218.2 28763.18 6681.85 23.23
1222.1 28692.28 6694.10 23.33
1226.0 28656.56 6722.98 23.46
1229.9 28600.92 6770.22 23.67
1233.8 28545.33 6797.40 23.81
1237.7 28520.81 6832.40 23.96
1241.6 28465.46 6848.05 24.06
1245.5 28370.21 6863.71 24.19
1249.4 28299.76 6873.53 24.29
1253.3 28232.22 6867.30 24.32
1257.2 28191.00 6877.79 24.40
1261.1 28130.65 6873.01 24.43
1265.0 28057.45 6854.30 24.43
1268.9 27949.80 6808.14 24.36
1272.8 27989.85 6791.55 24.26
1276.7 28109.94 6787.71 24.15
1280.6 28175.48 6741.06 23.93
1284.5 28132.96 6661.44 23.68
1288.4 28112.11 6573.87 23.38
1292.3 28036.25 6457.00 23.03
1296.2 27954.20 6329.05 22.64
1300.1 27848.52 6188.86 22.22
1303.9 27706.57 6018.11 21.72
1307.8 27559.31 5829.60 21.15
1311.7 27397.23 5627.65 20.54
1315.6 27238.78 5428.75 19.93
1319.5 27066.08 5227.43 19.31
1323.3 26913.00 5015.33 18.64
1327.2 26776.06 4808.65 17.96
1331.1 26621.95 4615.26 17.34
1335.0 26429.02 4425.71 16.75
1338.8 26290.11 4252.56 16.18
1342.7 26169.42 4094.47 15.65
1346.5 25929.13 3938.76 15.19
1350.4 25728.90 3793.32 14.74
1354.3 25457.85 3640.41 14.30
1358.1 25158.95 3511.44 13.96
1362.0 24980.59 3391.39 13.58
1365.8 24927.82 3280.18 13.16
1369.7 24996.19 3162.61 12.65
1373.5 24961.93 2998.36 12.01
1377.4 24802.90 2802.47 11.30
1381.2 24660.90 2587.59 10.49
1385.1 24643.85 2383.73 9.67
1389.0 24592.75 2176.85 8.85
1392.8 24461.78 1975.33 8.08
1396.6 24365.22 1810.78 7.43
1400.5 24231.60 1668.58 6.89
1404.3 24125.27 1560.74 6.47
1408.2 24097.32 1482.91 6.15
1412.0 24070.61 1410.94 5.86
1415.8 24101.54 1362.98 5.66
1419.6 24084.23 1332.62 5.53
1423.5 24070.46 1292.90 5.37
1427.3 24053.34 1264.86 5.26
1431.1 24042.83 1255.50 5.22
1434.9 23983.10 1238.35 5.16
1438.8 23944.05 1220.01 5.10
1442.6 23927.04 1214.01 5.07
1446.4 23856.75 1210.13 5.07
1450.2 23800.39 1199.56 5.04
1454.0 23730.24 1187.88 5.01
1457.8 23714.21 1191.05 5.02
1461.6 23699.02 1199.98 5.06
1465.4 23623.88 1197.70 5.07
1469.2 23507.58 1205.75 5.13
1473.0 23416.67 1211.36 5.17
1476.8 23385.95 1225.56 5.24
1480.7 23341.52 1258.01 5.39
1484.4 23269.68 1267.68 5.45
1488.2 23205.84 1295.04 5.58
1492.0 23119.76 1328.02 5.74
1495.8 23050.30 1349.08 5.85
1499.6 22974.60 1371.96 5.97
1503.4 22886.86 1381.95 6.04
1507.2 22817.82 1385.57 6.07
1510.9 22736.47 1398.77 6.15
1514.7 22640.13 1417.65 6.26
1518.5 22563.41 1441.87 6.39
1522.3 22469.97 1464.04 6.52
1526.0 22400.45 1466.70 6.55
1529.8 22366.84 1486.99 6.65
1533.6 22289.14 1515.26 6.80
1537.3 22206.85 1529.44 6.89
1541.1 22117.21 1554.74 7.03
1544.8 22039.20 1581.60 7.18
1548.6 21965.35 1598.66 7.28
1552.4 21895.60 1624.22 7.42
1556.1 21841.83 1643.62 7.53
1559.9 21787.79 1651.86 7.58
1563.6 21716.01 1665.13 7.67
1567.3 21641.45 1689.73 7.81
1571.1 21503.94 1707.42 7.94
1574.8 21413.78 1723.41 8.05
1578.6 21355.88 1750.40 8.20
1582.3 21274.05 1770.25 8.32
1586.0 21183.04 1777.83 8.39
1589.8 21100.62 1780.44 8.44
1593.5 21000.69 1787.09 8.51
1597.2 20929.52 1793.55 8.57
1600.9 20843.62 1799.85 8.64
1604.7 20745.10 1814.27 8.75
1608.4 20669.95 1828.56 8.85
1612.1 20567.28 1831.09 8.90
1615.8 20477.47 1830.97 8.94
1619.5 20422.34 1843.65 9.03
1623.2 20328.29 1858.78 9.14
1626.9 20221.28 1855.25 9.17
1630.6 20112.62 1853.72 9.22
1634.3 20025.88 1852.19 9.25
1638.0 19934.15 1856.47 9.31
1641.7 19830.91 1861.55 9.39
1645.4 19716.98 1855.35 9.41
1649.1 19602.77 1857.18 9.47
1652.8 19509.95 1861.25 9.54
1656.4 19395.62 1851.02 9.54
1660.1 19295.18 1832.91 9.50
1663.8 19185.10 1822.00 9.50
1667.5 19083.74 1822.85 9.55
1671.1 18996.35 1812.74 9.54
1674.8 18876.30 1787.08 9.47
1678.5 18838.56 1780.79 9.45
1682.1 18849.73 1769.80 9.39
1685.8 18859.30 1757.69 9.32
1689.5 18795.30 1741.53 9.27
1693.1 18706.41 1718.25 9.19
1696.8 18615.25 1702.88 9.15
1700.4 18529.58 1681.69 9.08
1704.0 18456.67 1660.05 8.99
1707.7 18296.86 1626.23 8.89
1711.3 18114.51 1591.46 8.79
1715.0 17992.28 1561.32 8.68
1718.6 17886.14 1535.84 8.59
1722.2 17799.94 1514.63 8.51
1725.9 17706.59 1491.23 8.42
1729.5 17604.49 1476.06 8.38
1733.1 17541.49 1465.79 8.36
1736.7 17471.92 1460.99 8.36
1740.3 17366.15 1437.00 8.27
1744.0 17315.89 1416.04 8.18
1747.5 17227.16 1398.74 8.12
1751.2 17088.52 1368.90 8.01
1754.8 16976.43 1345.14 7.92
1758.4 16893.02 1327.89 7.86
1762.0 16789.89 1309.17 7.80
1765.5 16699.11 1302.01 7.80
1769.1 16665.60 1298.40 7.79
1772.7 16620.17 1280.71 7.71
1776.3 16550.18 1261.85 7.62
1779.9 16477.44 1248.07 7.57
1783.5 16434.96 1247.44 7.59
1787.0 16345.96 1232.01 7.54
1790.6 16243.66 1220.35 7.51
1794.2 16171.99 1221.39 7.55
1797.8 16109.35 1211.15 7.52
1801.3 16053.66 1207.14 7.52
1804.9 15954.75 1204.88 7.55
1808.4 15901.90 1193.04 7.50
1812.0 15801.30 1186.46 7.51
1815.5 15695.88 1181.50 7.53
1819.1 15574.16 1173.75 7.54
1822.6 15471.85 1168.83 7.55
1826.2 15387.58 1156.78 7.52
1829.7 15274.18 1143.76 7.49
1833.2 15120.13 1123.67 7.43
1836.8 14969.50 1102.01 7.36
1840.3 14877.77 1093.91 7.35
1843.8 14800.45 1087.31 7.35
1847.3 14738.02 1067.39 7.24
1850.8 14668.42 1048.32 7.15
1854.3 14577.15 1022.40 7.01
1857.8 14534.00 988.00 6.80
1861.3 14522.25 968.55 6.67
1864.8 14459.04 923.77 6.39
1868.3 14308.06 888.75 6.21
1871.8 14215.68 860.16 6.05
1875.3 14201.46 796.71 5.61
1878.8 14176.42 750.20 5.29
1882.3 14122.90 712.80 5.05
1885.8 14014.10 658.54 4.70
1889.3 13904.45 617.23 4.44
1892.7 13776.82 575.51 4.18
1896.2 13660.15 549.88 4.03
1899.7 13554.20 578.87 4.27
1903.1 13466.38 569.18 4.23
1906.6 13511.57 561.65 4.16
1910.0 13676.29 625.44 4.57
1913.5 13920.50 696.03 5.00
1917.0 14289.98 886.20 6.20
1920.4 14838.23 1016.95 6.85
1923.8 14900.33 975.29 6.55
1871.2 12934.73 389.19 3.01
1873.9 13036.34 461.75 3.54
1876.7 13080.35 529.21 4.05
1879.5 13184.92 463.46 3.52
1882.3 12973.16 469.13 3.62
1885.1 12955.86 413.76 3.19
1887.8 13054.47 329.87 2.53
1890.6 12965.86 413.22 3.19
1893.4 12899.33 388.67 3.01
1896.2 12776.85 302.57 2.37
1898.9 12763.16 340.44 2.67
1901.7 12667.81 317.43 2.51
1904.5 12785.93 275.08 2.15
1907.2 12706.25 337.25 2.65
1910.0 12637.10 332.90 2.63
1912.7 12646.53 284.24 2.25
1915.5 12573.30 304.83 2.42
1918.2 12524.17 304.16 2.43
1921.0 12429.58 295.70 2.38
1923.7 12476.24 320.16 2.57
1926.5 12456.75 299.61 2.41
1929.2 12429.04 278.98 2.24
1932.0 12425.12 303.36 2.44
1934.7 12406.61 297.03 2.39
1937.4 12332.23 291.56 2.36
1940.2 12287.19 301.19 2.45
1942.9 12341.39 304.50 2.47
1945.6 12357.84 305.02 2.47
1948.3 12310.10 297.83 2.42
1951.1 12286.82 297.99 2.43
1953.8 12285.00 297.00 2.42
1956.5 12213.61 287.52 2.35
1959.2 12244.05 269.10 2.20
1961.9 12277.60 295.02 2.40
1964.6 12227.25 321.30 2.63
1967.3 12243.43 314.47 2.57
1970.0 12130.08 298.96 2.46
1972.8 12063.78 302.99 2.51
1975.5 12116.40 321.93 2.66
1978.2 12077.12 315.36 2.61
1980.9 11995.23 297.33 2.48
1983.5 11947.43 314.10 2.63
1986.2 11960.10 299.73 2.51
1988.9 11951.37 285.18 2.39
1991.6 11858.95 330.22 2.78
1994.3 11764.18 326.38 2.77
1997.0 11766.88 320.05 2.72
1999.7 11773.83 321.63 2.73
2002.3 11759.81 333.69 2.84
2005.0 11690.77 356.71 3.05
2007.7 11638.67 352.60 3.03
2010.4 11594.16 331.18 2.86
2013.0 11562.08 338.56 2.93
2015.7 11497.38 329.63 2.87
2018.4 11428.93 320.54 2.80
2021.0 11415.50 331.50 2.90
2023.7 11337.76 342.03 3.02
2026.4 11289.20 340.82 3.02
2029.0 11241.04 323.34 2.88
2031.7 11159.63 343.63 3.08
2034.3 11170.90 338.00 3.03
2037.0 11088.29 351.88 3.17
2039.6 11036.71 362.92 3.29
2042.3 11025.52 348.23 3.16
2044.9 10984.38 347.82 3.17
2047.5 10945.11 339.41 3.10
2050.2 10866.80 338.80 3.12
2052.8 10875.20 366.80 3.37
2055.4 10794.82 353.01 3.27
2058.1 10693.20 333.20 3.12
2060.7 10690.88 352.17 3.29
2063.3 10636.71 356.69 3.35
2065.9 10588.79 351.75 3.32
2068.6 10527.38 379.67 3.61
2071.2 10509.93 371.07 3.53
2073.8 10479.76 344.20 3.28
2076.4 10429.57 353.64 3.39
2079.0 10413.86 356.87 3.43
2081.6 10426.21 371.36 3.56
2084.2 10409.13 383.75 3.69
2086.8 10317.76 373.34 3.62
2089.4 10237.53 346.07 3.38
2092.1 10185.83 357.00 3.50
2094.7 10161.53 372.90 3.67
2097.2 10134.83 362.67 3.58
2099.8 10154.06 350.14 3.45
2102.4 10079.62 355.42 3.53
2105.0 9975.00 347.70 3.49
2107.6 9943.53 358.89 3.61
2110.2 9903.21 366.58 3.70
2112.8 9887.09 349.33 3.53
2115.3 9921.47 389.70 3.93
2117.9 9932.41 403.33 4.06
2120.5 9899.34 384.78 3.89
2123.1 9860.18 389.03 3.95
2125.6 9830.42 380.68 3.87
2128.2 9760.43 380.47 3.90
2130.8 9696.38 397.80 4.10
2133.3 9680.00 393.07 4.06
2135.9 9631.02 379.48 3.94
2138.4 9558.99 377.17 3.95
2141.0 9487.88 364.35 3.84
2143.6 9445.83 357.66 3.79
2146.1 9343.90 346.72 3.71
2148.7 9250.50 352.40 3.81
2151.2 9289.87 366.67 3.95
2153.8 9283.27 394.41 4.25
2156.3 9196.68 375.07 4.08
2158.8 9167.15 348.49 3.80
2161.4 9136.89 371.49 4.07
2163.9 9080.87 362.65 3.99
2166.4 9038.53 360.71 3.99
2169.0 9026.70 357.76 3.96
2171.5 8964.61 363.67 4.06
2174.0 8877.40 368.90 4.16
2176.5 8859.37 370.76 4.18
2179.1 8821.17 361.40 4.10
2181.6 8799.54 340.67 3.87
2184.1 8784.16 354.20 4.03
2186.6 8784.20 364.05 4.14
2189.1 8744.04 340.26 3.89
2191.6 8708.93 372.40 4.28
2194.1 8706.09 388.64 4.46
2196.6 8712.45 353.25 4.05
2199.2 8755.72 369.76 4.22
2201.7 8703.45 365.33 4.20
2204.1 8678.72 326.19 3.76
2206.6 8675.98 339.43 3.91
2209.1 8675.22 344.44 3.97
2211.6 8663.97 350.21 4.04
2214.1 8610.78 376.37 4.37
2216.6 8633.61 383.63 4.44
2219.1 8660.20 372.24 4.30
2221.6 8580.23 365.44 4.26
2224.0 8522.97 369.57 4.34
2226.5 8511.79 350.06 4.11
2229.0 8530.74 373.05 4.37
2231.5 8441.32 371.51 4.40
2233.9 8443.24 327.11 3.87
2236.4 8476.56 347.40 4.10
2238.9 8385.50 352.63 4.21
2241.3 8391.31 318.71 3.80
2243.8 8383.54 353.69 4.22
2246.2 8253.42 310.13 3.76
2248.7 8237.84 289.25 3.51
2251.2 8236.26 361.27 4.39
2253.6 8194.56 353.28 4.31
2256.1 8190.72 337.92 4.13
2258.5 8190.43 338.07 4.13
2260.9 8134.04 302.97 3.72
2263.4 8110.40 318.58 3.93
2265.8 8131.85 315.43 3.88
2268.3 8069.96 284.78 3.53
2270.7 8098.88 314.74 3.89
2273.1 8065.01 283.79 3.52
2275.6 8029.44 253.44 3.16
2278.0 8032.57 269.03 3.35
2280.4 8050.71 307.87 3.82
2282.8 7960.15 298.12 3.75
2285.3 7901.09 244.97 3.10
2287.7 7985.73 257.73 3.23
2290.1 7946.20 280.69 3.53
2292.5 7920.79 273.82 3.46
2294.9 7927.04 256.86 3.24
2297.3 7846.72 276.85 3.53
2299.7 7809.80 276.38 3.54
2302.1 7774.17 274.98 3.54
2304.5 7698.88 274.40 3.56
2306.9 7651.84 227.36 2.97
2309.3 7605.49 223.35 2.94
2311.7 7551.70 223.73 2.96
2314.1 7431.64 248.12 3.34
2316.5 7403.26 271.86 3.67
2318.9 7422.16 224.68 3.03
2321.3 7384.55 221.85 3.00
2323.7 7411.63 259.57 3.50
2326.1 7407.14 282.10 3.81
2328.4 7416.57 235.96 3.18
2330.8 7456.07 229.04 3.07
2333.2 7380.05 259.46 3.52
2335.6 7348.45 228.34 3.11
2337.9 7374.28 242.05 3.28
2340.3 7351.28 235.11 3.20
2342.7 7303.86 241.21 3.30
2345.0 7304.27 246.31 3.37
2347.4 7310.00 255.00 3.49
2349.7 7167.86 234.94 3.28
2352.1 7105.77 253.01 3.56
2354.4 7122.34 270.80 3.80
2356.8 7109.55 246.05 3.46
2359.2 7054.67 242.67 3.44
2361.5 7016.24 213.80 3.05
2363.8 7061.80 166.88 2.36
2366.2 7030.44 185.36 2.64
2368.5 6995.40 195.80 2.80
2370.9 6987.35 183.41 2.62
2373.2 6974.33 242.82 3.48
2375.5 6914.20 203.63 2.95
2377.9 6855.73 209.68 3.06
2380.2 6895.41 251.99 3.65
2382.5 6832.77 252.73 3.70
2384.8 6779.04 218.08 3.22
2387.2 6826.21 234.42 3.43
2389.5 6803.92 217.20 3.19
2391.8 6773.50 175.87 2.60
2394.1 6708.07 249.51 3.72
2396.4 6696.25 222.56 3.32
2398.7 6727.77 194.87 2.90
2401.0 6675.75 207.69 3.11
2403.3 6633.36 169.32 2.55
2405.6 6587.80 159.95 2.43
2407.9 6548.07 195.39 2.98
2410.2 6522.35 200.53 3.07
2412.5 6494.37 172.78 2.66
2414.8 6495.78 169.46 2.61
2417.1 6477.89 170.34 2.63
2419.4 6418.72 171.93 2.68
2421.7 6381.59 220.78 3.46
2424.0 6340.00 195.48 3.08
2426.2 6377.20 171.20 2.68
2428.5 6376.43 178.48 2.80
2430.8 6305.65 179.85 2.85
2433.1 6272.91 143.82 2.29
2435.4 6216.05 139.88 2.25
2437.6 6193.67 195.83 3.16
2439.9 6131.58 202.14 3.30
2442.2 6143.40 193.40 3.15
2444.4 6156.85 178.04 2.89
2446.7 6096.96 151.84 2.49
2448.9 6140.77 195.42 3.18
2451.2 6097.08 202.64 3.32
2453.4 6044.75 168.75 2.79
2455.7 6045.18 164.21 2.72
2457.9 5958.48 177.05 2.97
2460.2 5967.72 184.95 3.10
2462.4 5959.20 162.24 2.72
2464.7 5866.75 151.40 2.58
2466.9 5842.20 147.66 2.53
2469.2 5878.87 129.63 2.21
2471.4 5796.90 131.30 2.27
2473.6 5704.14 127.21 2.23
2475.9 5730.24 155.79 2.72
2478.1 5690.78 170.79 3.00
2480.3 5611.10 104.43 1.86
2482.5 5590.00 128.67 2.30
2484.8 5592.32 160.20 2.86
2487.0 5577.22 111.10 1.99
2489.2 5540.68 135.69 2.45
2491.4 5525.52 192.13 3.48
2493.6 5479.00 70.55 1.29
2495.8 5487.41 95.02 1.73
2498.0 5504.43 137.81 2.50
2500.2 5484.68 25.28 0.46
2502.4 5700.96 150.96 2.65
2504.6 5765.46 178.41 3.09
2506.8 5747.58 77.93 1.36
