/*** Spectra Vista SIG Data ***/
name= \My Documents\HR1024_Data\RD6T3.
instrument= HR: 1091052
integration= 400, 60, 30, 1000, 60, 30
scan time= 1, 1
scan settings= AD, AI, AD, AI
external data set1= 8224, 8224, 8224, 8224, 8224, 8224, 8224, 8224, 8224, 8224, 8224, 8224, 8224, 8224, 8224, 8224
external data set2= 8224, 8224, 8224, 8224, 8224, 8224, 8224, 8224, 8224, 8224, 8224, 8224, 8224, 8224, 8224, 8224
external data dark= 0,0,0,0,0,0,0,0
external data mask= 0
optic= LENS4 , LENS4 
temp= 32.98, 8.94, -5.37, 38.62, 8.88, -5.30
battery= 7.1, 6.9
error= 0, 0
units= Radiance, Radiance
time= 4/7/08 10:35:00 AM, 4/7/08 10:48:51 AM
longitude= , 
latitude= , 
gpstime= , 
comm= 
memory slot= 0, 0
factors= 
data= 
346.4 350.35 45.23 12.91
347.9 381.21 48.32 12.67
349.5 410.28 49.92 12.17
351.1 433.68 53.04 12.23
352.6 475.96 53.76 11.30
354.2 499.06 55.63 11.15
355.7 540.48 57.25 10.59
357.3 582.54 59.64 10.24
358.8 588.91 61.51 10.45
360.4 636.67 65.43 10.28
361.9 668.64 68.26 10.21
363.5 692.50 68.56 9.90
365.1 712.57 66.58 9.34
366.6 747.47 66.98 8.96
368.2 792.37 66.48 8.39
369.7 840.74 71.83 8.54
371.3 898.85 73.75 8.21
372.8 941.22 70.38 7.48
374.4 986.23 74.09 7.51
375.9 1017.83 76.79 7.54
377.4 1052.18 74.81 7.11
379.0 1086.82 77.65 7.14
380.5 1123.29 75.71 6.74
382.1 1153.93 71.51 6.20
383.6 1194.95 76.55 6.41
385.2 1251.25 71.50 5.71
386.7 1299.60 78.52 6.04
388.3 1372.34 83.16 6.06
389.8 1424.66 82.90 5.82
391.3 1483.01 82.44 5.56
392.9 1530.61 88.20 5.76
394.4 1562.39 89.03 5.70
395.9 1621.81 97.34 6.00
397.5 1711.90 100.13 5.85
399.0 1784.48 98.88 5.54
400.6 1838.09 95.65 5.20
402.1 1856.31 89.27 4.81
403.6 1888.03 94.46 5.00
405.1 1944.54 91.40 4.70
406.7 2010.40 94.53 4.70
408.2 2079.37 94.45 4.54
409.7 2148.16 99.46 4.63
411.3 2213.53 100.98 4.56
412.8 2271.65 105.23 4.63
414.3 2341.03 107.69 4.60
415.8 2417.50 112.50 4.65
417.4 2490.79 115.37 4.63
418.9 2548.98 116.38 4.57
420.4 2593.45 118.14 4.56
421.9 2640.22 122.45 4.64
423.5 2679.41 119.55 4.46
425.0 2722.85 119.12 4.37
426.5 2778.88 119.54 4.30
428.0 2849.90 123.15 4.32
429.5 2939.79 125.22 4.26
431.1 3042.79 127.32 4.18
432.6 3149.06 131.50 4.18
434.1 3259.99 134.75 4.13
435.6 3346.58 138.93 4.15
437.1 3441.75 143.52 4.17
438.6 3531.11 145.80 4.13
440.1 3611.12 147.89 4.10
441.6 3703.62 151.79 4.10
443.1 3787.76 155.12 4.10
444.7 3873.68 157.41 4.06
446.2 3941.61 162.09 4.11
447.7 4009.71 165.70 4.13
449.2 4084.56 165.02 4.04
450.7 4145.44 168.06 4.05
452.2 4210.01 168.99 4.01
453.7 4291.20 172.10 4.01
455.2 4393.26 175.55 4.00
456.7 4515.28 179.87 3.98
458.2 4654.47 183.84 3.95
459.7 4795.00 190.05 3.96
461.2 4934.06 198.74 4.03
462.7 5054.96 202.99 4.02
464.2 5177.07 207.52 4.01
465.7 5301.12 211.78 4.00
467.2 5404.44 216.76 4.01
468.7 5508.00 221.20 4.02
470.2 5586.81 229.03 4.10
471.7 5702.38 236.55 4.15
473.2 5885.72 245.52 4.17
474.6 6027.25 247.37 4.10
476.1 6074.86 245.07 4.03
477.6 6093.70 243.51 4.00
479.1 6122.60 248.38 4.06
480.6 6163.05 250.87 4.07
482.1 6243.66 250.98 4.02
483.6 6332.42 255.91 4.04
485.1 6458.38 262.36 4.06
486.6 6604.00 268.21 4.06
488.0 6753.50 273.00 4.04
489.5 6913.82 280.04 4.05
491.0 7075.65 285.74 4.04
492.5 7238.97 293.22 4.05
494.0 7404.10 302.15 4.08
495.4 7549.58 308.22 4.08
496.9 7695.36 312.62 4.06
498.4 7836.28 320.56 4.09
499.9 7979.51 330.10 4.14
501.4 8103.78 335.04 4.13
502.8 8223.51 344.57 4.19
504.3 8333.10 350.64 4.21
505.8 8444.88 356.73 4.22
507.2 8514.20 364.33 4.28
508.7 8565.01 365.54 4.27
510.2 8590.79 371.61 4.33
511.6 8618.22 374.36 4.34
513.1 8670.26 379.61 4.38
514.6 8732.77 386.08 4.42
516.0 8783.27 390.37 4.44
517.5 8880.96 396.86 4.47
519.0 8994.65 403.13 4.48
520.5 9112.66 409.67 4.50
521.9 9263.01 420.86 4.54
523.4 9434.43 429.69 4.55
524.8 9608.27 441.90 4.60
526.3 9802.81 453.71 4.63
527.8 10000.35 466.15 4.66
529.2 10181.33 476.66 4.68
530.7 10383.39 487.98 4.70
532.1 10567.68 500.75 4.74
533.6 10773.42 512.23 4.75
535.0 10980.59 530.49 4.83
536.5 11186.70 543.56 4.86
538.0 11401.56 555.68 4.87
539.4 11601.83 571.03 4.92
540.9 11838.18 588.86 4.97
542.3 12056.36 604.40 5.01
543.8 12205.88 618.97 5.07
545.2 12241.58 627.64 5.13
546.6 12248.30 630.29 5.15
548.1 12260.70 633.01 5.16
549.5 12261.13 640.40 5.22
551.0 12260.01 645.15 5.26
552.4 12274.54 655.74 5.34
553.9 12279.40 661.58 5.39
555.3 12300.80 667.25 5.42
556.8 12360.66 677.63 5.48
558.2 12414.09 690.86 5.57
559.6 12499.51 700.99 5.61
561.1 12612.44 712.08 5.65
562.5 12742.28 725.29 5.69
564.0 12915.37 746.85 5.78
565.4 13070.62 764.24 5.85
566.8 13269.64 784.06 5.91
568.3 13461.39 803.55 5.97
569.7 13659.35 826.07 6.05
571.1 13859.91 846.68 6.11
572.6 14064.03 868.64 6.18
574.0 14250.23 895.95 6.29
575.4 14437.41 917.66 6.36
576.9 14612.77 942.83 6.45
578.3 14771.90 968.83 6.56
579.7 14927.19 990.94 6.64
581.1 15049.34 1009.92 6.71
582.6 15179.87 1035.52 6.82
584.0 15306.40 1059.58 6.92
585.4 15471.50 1087.91 7.03
586.8 15703.41 1120.72 7.14
588.3 15959.97 1155.02 7.24
589.7 16164.72 1190.12 7.36
591.1 16308.26 1216.51 7.46
592.5 16380.50 1237.14 7.55
594.0 16416.90 1256.96 7.66
595.4 16426.30 1271.38 7.74
596.8 16438.21 1293.86 7.87
598.2 16446.40 1312.84 7.98
599.6 16446.15 1331.84 8.10
601.0 16488.64 1353.96 8.21
602.4 16524.83 1380.92 8.36
603.9 16595.00 1402.46 8.45
605.3 16677.56 1432.13 8.59
606.7 16748.10 1458.36 8.71
608.1 16880.08 1493.83 8.85
609.5 17023.96 1528.92 8.98
610.9 17200.20 1568.76 9.12
612.3 17363.60 1610.53 9.28
613.7 17583.26 1657.06 9.42
615.1 17730.09 1701.00 9.59
616.5 17885.32 1743.99 9.75
617.9 18120.27 1803.45 9.95
619.3 18343.55 1857.31 10.13
620.7 18613.68 1920.88 10.32
622.1 18877.69 1976.05 10.47
623.5 19168.37 2019.21 10.53
624.9 19495.88 2086.67 10.70
626.3 19705.80 2151.86 10.92
627.7 19502.63 2168.18 11.12
629.1 19316.59 2196.10 11.37
630.5 19234.56 2245.10 11.67
631.9 19243.16 2307.94 11.99
633.3 19227.78 2367.99 12.32
634.7 19307.14 2430.88 12.59
636.1 19335.07 2470.36 12.78
637.5 19378.14 2511.28 12.96
638.9 19457.31 2552.39 13.12
640.2 19514.53 2564.56 13.14
641.6 19531.98 2567.92 13.15
643.0 19504.65 2565.90 13.16
644.4 19507.28 2561.21 13.13
645.8 19449.04 2551.38 13.12
647.2 19526.59 2557.93 13.10
648.5 19579.91 2565.26 13.10
649.9 19492.88 2560.35 13.13
651.3 19428.45 2581.62 13.29
652.7 19344.30 2622.42 13.56
654.1 19217.52 2643.52 13.76
655.5 19076.42 2646.09 13.87
656.8 18936.77 2644.44 13.96
658.2 19052.33 2671.28 14.02
659.6 19274.42 2716.06 14.09
660.9 19463.87 2758.68 14.17
662.3 19650.11 2797.88 14.24
663.7 19826.10 2839.62 14.32
665.0 19986.79 2876.77 14.39
666.4 20146.14 2923.21 14.51
667.8 20346.56 2978.52 14.64
669.1 20529.76 3033.55 14.78
670.5 20738.52 3100.11 14.95
671.9 20872.26 3164.45 15.16
673.2 21059.41 3245.01 15.41
674.6 21230.21 3335.27 15.71
676.0 21420.32 3431.65 16.02
677.3 21614.12 3541.81 16.39
678.7 21817.38 3655.43 16.75
680.0 22089.50 3791.78 17.17
681.4 22373.47 3928.52 17.56
682.8 22657.86 4069.07 17.96
684.1 22942.53 4216.68 18.38
685.5 23200.94 4356.21 18.78
686.8 23448.72 4492.94 19.16
688.2 23672.40 4629.12 19.55
689.5 23749.65 4730.47 19.92
690.9 23825.77 4832.78 20.28
692.2 23869.28 4923.03 20.62
693.6 23926.69 5007.59 20.93
694.9 23920.11 5076.97 21.22
696.2 23942.14 5151.20 21.52
697.6 23961.85 5226.57 21.81
698.9 23992.32 5307.98 22.12
700.3 24038.01 5391.80 22.43
701.6 24084.68 5476.35 22.74
703.0 24137.54 5565.01 23.06
704.3 24141.49 5649.31 23.40
705.6 24144.66 5716.71 23.68
707.0 24151.61 5790.53 23.98
708.3 24094.31 5841.35 24.24
709.6 24038.25 5898.45 24.54
711.0 23936.43 5937.79 24.81
712.3 23827.16 5979.36 25.09
713.6 23789.01 6039.94 25.39
714.9 23716.29 6093.86 25.69
716.3 23686.39 6157.24 25.99
717.6 23672.15 6233.11 26.33
718.9 23614.96 6293.90 26.65
720.2 23494.56 6335.45 26.97
721.6 23399.74 6377.67 27.26
722.9 23270.63 6412.35 27.56
724.2 23091.17 6428.16 27.84
725.5 22957.02 6459.10 28.14
726.8 22832.78 6491.52 28.43
728.1 22750.67 6527.69 28.69
729.5 22685.44 6567.43 28.95
730.8 22628.18 6606.14 29.19
732.1 22547.20 6644.38 29.47
733.4 22493.78 6691.64 29.75
734.7 22430.29 6730.42 30.01
736.0 22412.65 6795.22 30.32
737.3 22354.35 6837.30 30.59
738.6 22392.88 6913.22 30.87
739.9 22486.41 7000.50 31.13
741.2 22557.99 7082.17 31.40
742.5 22690.46 7186.22 31.67
743.8 22954.18 7327.90 31.92
745.1 23356.68 7511.34 32.16
746.4 23838.13 7726.81 32.41
747.7 24340.83 7967.55 32.73
749.0 24845.90 8222.18 33.09
750.3 25109.11 8411.18 33.50
751.6 25056.94 8477.69 33.83
752.9 24812.33 8470.46 34.14
754.2 24511.78 8441.52 34.44
755.4 24190.11 8386.20 34.67
756.7 24095.29 8413.27 34.92
758.0 24119.44 8473.88 35.13
759.3 24282.67 8581.50 35.34
760.6 24509.10 8720.71 35.58
761.9 24709.31 8858.69 35.85
763.1 24854.26 8981.82 36.14
764.4 25021.13 9095.74 36.35
765.7 25148.50 9210.50 36.62
767.0 25255.87 9306.45 36.85
768.2 25351.20 9410.69 37.12
769.5 25424.49 9494.50 37.34
770.8 25570.26 9621.45 37.63
772.0 25587.81 9697.70 37.90
773.3 25669.17 9790.76 38.14
774.6 25760.75 9904.73 38.45
775.8 25826.13 9993.33 38.69
777.1 25851.30 10077.39 38.98
778.4 25836.83 10130.53 39.21
779.6 25861.37 10197.56 39.43
780.9 25820.00 10251.20 39.70
782.1 25728.02 10277.36 39.95
783.4 25750.40 10348.42 40.19
784.6 25767.74 10418.38 40.43
785.9 25975.04 10550.58 40.62
787.1 26352.59 10761.35 40.84
788.4 26662.70 10970.59 41.15
789.6 26677.46 11081.60 41.54
790.9 26422.83 11087.22 41.96
792.1 26144.60 11032.70 42.20
793.4 25865.12 10967.16 42.40
794.6 25676.57 10963.00 42.70
795.8 25513.36 10963.63 42.97
797.1 25350.08 10950.72 43.20
798.3 25228.50 10961.69 43.45
799.5 25169.97 10990.58 43.67
800.8 25099.23 11026.31 43.93
802.0 25011.42 11044.17 44.16
803.2 24918.76 11059.54 44.38
804.5 24860.18 11096.41 44.64
805.7 24781.04 11119.02 44.87
806.9 24699.71 11145.08 45.12
808.1 24647.73 11186.38 45.39
809.4 24609.13 11230.31 45.63
810.6 24558.63 11263.07 45.86
811.8 24538.32 11305.96 46.07
813.0 24560.28 11363.94 46.27
814.2 24583.06 11411.27 46.42
815.4 24644.79 11498.08 46.66
816.6 24675.27 11566.13 46.87
817.9 24704.84 11642.33 47.13
819.1 24672.89 11676.02 47.32
820.3 24583.02 11693.37 47.57
821.5 24511.70 11710.34 47.77
822.7 24474.49 11744.44 47.99
823.9 24466.74 11787.06 48.18
825.1 24483.13 11826.60 48.31
826.3 24493.16 11870.46 48.46
827.5 24511.03 11919.00 48.63
828.7 24560.16 11962.70 48.71
829.9 24556.61 12002.81 48.88
831.0 24631.50 12066.47 48.99
832.2 24684.15 12123.89 49.12
833.4 24732.69 12178.38 49.24
834.6 24771.09 12237.19 49.40
835.8 24806.25 12294.45 49.56
837.0 24848.21 12360.22 49.74
838.1 24942.61 12440.71 49.88
839.3 24987.97 12498.37 50.02
840.5 25056.73 12565.58 50.15
841.7 25139.84 12653.33 50.33
842.9 25202.72 12728.93 50.51
844.0 25272.39 12795.74 50.63
845.2 25356.92 12887.18 50.82
846.4 25406.55 12954.17 50.99
847.5 25535.27 13048.43 51.10
848.7 25649.51 13158.43 51.30
849.9 25759.43 13253.44 51.45
851.0 25787.85 13327.70 51.68
852.2 25836.49 13395.04 51.85
853.3 25835.02 13431.24 51.99
854.5 25803.13 13463.49 52.18
855.6 25784.28 13496.35 52.34
856.8 25811.14 13562.55 52.55
857.9 25796.36 13594.53 52.70
859.1 25866.40 13675.96 52.87
860.2 25870.46 13707.98 52.99
861.4 25883.89 13757.62 53.15
862.5 25913.95 13807.43 53.28
863.7 25967.63 13870.38 53.41
864.8 25978.23 13907.81 53.54
865.9 25934.02 13929.54 53.71
867.1 25972.57 13982.60 53.84
868.2 25960.64 14017.63 54.00
869.3 25983.57 14063.44 54.12
870.5 25945.69 14060.38 54.19
871.6 25952.82 14095.52 54.31
872.7 25988.86 14167.70 54.51
873.9 26010.48 14198.28 54.59
875.0 25998.57 14209.87 54.66
876.1 25976.68 14228.06 54.77
877.2 25992.15 14261.42 54.87
878.3 25997.76 14270.09 54.89
879.4 26016.59 14306.28 54.99
880.5 26032.32 14334.34 55.06
881.7 26038.68 14348.10 55.10
882.8 26051.76 14385.33 55.22
883.9 26088.59 14420.10 55.27
885.0 26049.66 14407.17 55.31
886.1 26068.54 14439.48 55.39
887.2 25979.14 14407.51 55.46
888.3 25929.87 14400.59 55.54
889.4 25867.81 14365.41 55.53
890.5 25830.84 14350.37 55.56
891.6 25777.28 14336.75 55.62
892.7 25812.52 14358.38 55.63
893.8 25792.32 14381.56 55.76
894.9 25833.34 14388.88 55.70
896.0 25797.95 14360.95 55.67
897.0 25823.30 14400.85 55.77
898.1 25837.83 14406.77 55.76
899.2 25853.12 14404.15 55.72
900.3 25827.20 14387.36 55.71
901.4 25755.93 14361.85 55.76
902.4 25796.28 14386.82 55.77
903.5 25760.57 14360.13 55.74
904.6 25773.48 14365.17 55.74
905.7 25786.56 14363.72 55.70
906.7 25778.44 14373.49 55.76
907.8 25791.16 14374.48 55.73
908.9 25756.23 14331.37 55.64
909.9 25738.83 14331.35 55.68
911.0 25715.27 14313.07 55.66
912.1 25708.69 14260.75 55.47
913.1 25683.06 14239.06 55.44
914.2 25568.28 14176.47 55.45
915.2 25594.38 14147.84 55.28
916.3 25582.28 14132.31 55.24
917.3 25579.53 14101.07 55.13
918.4 25529.08 14037.43 54.99
919.4 25526.52 13989.89 54.81
920.5 25540.93 13966.16 54.68
921.5 25532.64 13921.96 54.53
922.6 25509.72 13852.34 54.30
923.6 25552.64 13809.71 54.04
924.7 25558.13 13766.45 53.86
925.7 25559.01 13707.49 53.63
926.7 25571.07 13651.07 53.38
927.8 25622.74 13604.88 53.10
928.8 25737.00 13575.71 52.75
929.9 25798.01 13538.87 52.48
930.9 25912.02 13529.74 52.21
931.9 26063.45 13520.70 51.88
932.9 26272.00 13528.60 51.49
934.0 26311.65 13479.81 51.23
935.0 26328.00 13366.07 50.77
936.0 26313.67 13259.29 50.39
937.0 26305.79 13170.14 50.07
938.1 26273.03 13067.83 49.74
939.1 26282.27 12978.90 49.38
940.1 26307.38 12899.96 49.04
941.1 26474.98 12861.03 48.58
942.1 26613.43 12832.43 48.22
943.1 26709.35 12789.03 47.88
944.1 26891.46 12746.93 47.40
945.2 26931.87 12637.21 46.92
946.2 27005.05 12575.09 46.57
947.2 27050.94 12476.20 46.12
948.2 27161.01 12400.92 45.66
949.2 27258.97 12293.13 45.10
950.2 27257.00 12175.73 44.67
951.2 27381.90 12069.46 44.08
952.2 27427.92 11970.66 43.64
953.2 27549.11 11892.11 43.17
954.2 27670.16 11824.83 42.73
955.2 27683.23 11709.30 42.30
956.2 27678.04 11606.62 41.93
957.2 27683.31 11542.70 41.70
958.2 27771.67 11473.96 41.32
959.2 27855.45 11441.88 41.08
960.1 27895.78 11406.80 40.89
961.1 27947.74 11377.54 40.71
962.1 27921.09 11353.69 40.66
963.1 28038.72 11343.19 40.46
964.1 28081.62 11348.45 40.41
965.1 28159.91 11321.51 40.20
966.1 28230.04 11299.88 40.03
967.0 28291.66 11336.89 40.07
968.0 28354.15 11345.82 40.01
969.0 28355.00 11363.40 40.08
970.0 28440.42 11358.51 39.94
971.0 28447.07 11378.83 40.00
971.9 28529.94 11355.29 39.80
972.9 28619.85 11388.93 39.79
973.9 28640.46 11430.51 39.91
974.9 28629.25 11473.25 40.08
975.8 28737.28 11483.56 39.96
976.8 28722.61 11495.04 40.02
977.8 28846.97 11519.67 39.93
978.8 28789.28 11590.62 40.26
979.7 28914.30 11609.72 40.15
980.7 28909.16 11675.00 40.39
981.7 29108.19 11704.14 40.21
982.6 29310.11 11772.05 40.16
983.6 29612.62 11930.80 40.29
984.6 29886.86 12075.50 40.40
985.5 30220.02 12280.54 40.64
986.5 30590.42 12425.87 40.62
987.5 31346.01 12703.38 40.53
988.4 31956.65 12974.72 40.60
989.4 32957.10 13307.68 40.38
990.4 33646.09 13750.37 40.87
991.3 34254.92 14076.90 41.09
992.3 35605.12 14124.67 39.67
993.2 35791.00 14585.68 40.75
994.2 37066.33 14927.74 40.27
995.2 37769.29 15331.53 40.59
996.1 38356.88 15587.26 40.64
997.1 37945.80 15829.75 41.72
998.0 38542.50 15691.08 40.71
999.0 38301.25 15175.97 39.62
1000.0 38064.02 15975.64 41.97
1000.9 38955.51 16054.39 41.21
1001.9 38313.61 15487.62 40.42
1002.8 38469.11 15722.16 40.87
1003.8 38840.71 15972.70 41.12
1004.8 39018.78 15424.97 39.53
961.5 34418.44 10538.23 30.62
965.5 34203.70 10576.70 30.92
969.5 33124.73 10568.98 31.91
973.4 31599.68 10367.94 32.81
977.4 30418.99 10336.55 33.98
981.4 29806.10 10445.53 35.04
985.3 29606.90 10489.60 35.43
989.3 29665.19 10646.77 35.89
993.3 29713.32 10815.98 36.40
997.2 29668.74 10902.46 36.75
1001.2 29627.00 11037.78 37.26
1005.2 29568.23 11225.10 37.96
1009.1 29600.49 11457.04 38.71
1013.1 29702.49 11747.60 39.55
1017.1 29789.49 12036.04 40.40
1021.0 29789.99 12279.33 41.22
1025.0 29760.59 12537.72 42.13
1029.0 29636.30 12763.16 43.07
1032.9 29533.53 13005.20 44.04
1036.9 29509.70 13260.26 44.94
1040.9 29556.91 13533.93 45.79
1044.8 29679.34 13853.36 46.68
1048.8 29786.37 14131.82 47.44
1052.7 29868.84 14353.25 48.05
1056.7 29898.31 14534.23 48.61
1060.7 29913.73 14659.37 49.01
1064.6 29918.21 14758.05 49.33
1068.6 29859.11 14799.85 49.57
1072.5 29814.52 14786.36 49.59
1076.5 29798.83 14758.65 49.53
1080.4 29797.49 14699.75 49.33
1084.4 29858.05 14634.88 49.01
1088.3 29928.60 14526.77 48.54
1092.3 29919.24 14328.29 47.89
1096.2 29930.07 14139.08 47.24
1100.2 29956.02 13958.24 46.60
1104.1 29873.92 13702.62 45.87
1108.1 29858.25 13488.15 45.17
1112.0 29809.22 13236.53 44.40
1116.0 29674.06 12921.94 43.55
1119.9 29580.84 12571.56 42.50
1123.9 29636.88 12202.51 41.17
1127.8 29621.76 11673.60 39.41
1131.8 29615.13 10999.47 37.14
1135.7 29658.37 10259.49 34.59
1139.6 29649.41 9488.87 32.00
1143.6 29635.32 8794.51 29.68
1147.5 29635.02 8243.40 27.82
1151.4 29535.85 7811.66 26.45
1155.4 29547.88 7532.89 25.49
1159.3 29582.50 7359.26 24.88
1163.2 29498.44 7218.62 24.47
1167.2 29505.90 7140.18 24.20
1171.1 29517.01 7068.10 23.95
1175.0 29484.53 7003.23 23.75
1179.0 29486.15 6942.00 23.54
1182.9 29537.81 6908.29 23.39
1186.8 29538.86 6865.45 23.24
1190.7 29410.97 6791.43 23.09
1194.7 29255.48 6731.47 23.01
1198.6 29133.72 6680.52 22.93
1202.5 29044.69 6662.77 22.94
1206.4 28972.03 6655.97 22.97
1210.3 28920.11 6656.81 23.02
1214.2 28863.76 6685.48 23.16
1218.2 28763.18 6708.42 23.32
1222.1 28692.28 6726.85 23.44
1226.0 28656.56 6768.15 23.62
1229.9 28600.92 6802.02 23.78
1233.8 28545.33 6822.45 23.90
1237.7 28520.81 6863.26 24.06
1241.6 28465.46 6887.69 24.20
1245.5 28370.21 6887.88 24.28
1249.4 28299.76 6906.47 24.40
1253.3 28232.22 6914.80 24.49
1257.2 28191.00 6910.16 24.51
1261.1 28130.65 6905.09 24.55
1265.0 28057.45 6886.17 24.54
1268.9 27949.80 6836.83 24.46
1272.8 27989.85 6822.90 24.38
1276.7 28109.94 6813.32 24.24
1280.6 28175.48 6769.36 24.03
1284.5 28132.96 6689.50 23.78
1288.4 28112.11 6601.69 23.48
1292.3 28036.25 6490.00 23.15
1296.2 27954.20 6356.19 22.74
1300.1 27848.52 6212.96 22.31
1303.9 27706.57 6036.61 21.79
1307.8 27559.31 5847.89 21.22
1311.7 27397.23 5656.15 20.64
1315.6 27238.78 5454.43 20.02
1319.5 27066.08 5237.61 19.35
1323.3 26913.00 5030.44 18.69
1327.2 26776.06 4838.63 18.07
1331.1 26621.95 4647.45 17.46
1335.0 26429.02 4447.82 16.83
1338.8 26290.11 4267.22 16.23
1342.7 26169.42 4114.01 15.72
1346.5 25929.13 3946.11 15.22
1350.4 25728.90 3803.19 14.78
1354.3 25457.85 3667.93 14.41
1358.1 25158.95 3534.29 14.05
1362.0 24980.59 3411.77 13.66
1365.8 24927.82 3290.30 13.20
1369.7 24996.19 3172.68 12.69
1373.5 24961.93 3010.99 12.06
1377.4 24802.90 2812.70 11.34
1381.2 24660.90 2603.10 10.56
1385.1 24643.85 2394.03 9.71
1389.0 24592.75 2176.85 8.85
1392.8 24461.78 1982.91 8.11
1396.6 24365.22 1828.33 7.50
1400.5 24231.60 1680.99 6.94
1404.3 24125.27 1568.11 6.50
1408.2 24097.32 1485.35 6.16
1412.0 24070.61 1415.78 5.88
1415.8 24101.54 1370.14 5.68
1419.6 24084.23 1327.89 5.51
1423.5 24070.46 1295.25 5.38
1427.3 24053.34 1276.55 5.31
1431.1 24042.83 1255.50 5.22
1434.9 23983.10 1238.35 5.16
1438.8 23944.05 1238.53 5.17
1442.6 23927.04 1223.24 5.11
1446.4 23856.75 1207.82 5.06
1450.2 23800.39 1215.64 5.11
1454.0 23730.24 1206.12 5.08
1457.8 23714.21 1197.87 5.05
1461.6 23699.02 1206.81 5.09
1465.4 23623.88 1209.09 5.12
1469.2 23507.58 1210.30 5.15
1473.0 23416.67 1220.47 5.21
1476.8 23385.95 1241.51 5.31
1480.7 23341.52 1267.12 5.43
1484.4 23269.68 1279.08 5.50
1488.2 23205.84 1306.44 5.63
1492.0 23119.76 1339.39 5.79
1495.8 23050.30 1365.00 5.92
1499.6 22974.60 1381.07 6.01
1503.4 22886.86 1388.82 6.07
1507.2 22817.82 1397.15 6.12
1510.9 22736.47 1410.49 6.20
1514.7 22640.13 1431.76 6.32
1518.5 22563.41 1448.94 6.42
1522.3 22469.97 1464.04 6.52
1526.0 22400.45 1469.08 6.56
1529.8 22366.84 1486.99 6.65
1533.6 22289.14 1517.65 6.81
1537.3 22206.85 1539.04 6.93
1541.1 22117.21 1552.34 7.02
1544.8 22039.20 1584.00 7.19
1548.6 21965.35 1613.08 7.34
1552.4 21895.60 1631.48 7.45
1556.1 21841.83 1653.26 7.57
1559.9 21787.79 1666.22 7.65
1563.6 21716.01 1674.69 7.71
1567.3 21641.45 1694.51 7.83
1571.1 21503.94 1716.97 7.98
1574.8 21413.78 1735.35 8.10
1578.6 21355.88 1752.79 8.21
1582.3 21274.05 1767.86 8.31
1586.0 21183.04 1773.04 8.37
1589.8 21100.62 1782.85 8.45
1593.5 21000.69 1794.29 8.54
1597.2 20929.52 1812.76 8.66
1600.9 20843.62 1819.07 8.73
1604.7 20745.10 1823.88 8.79
1608.4 20669.95 1835.78 8.88
1612.1 20567.28 1838.30 8.94
1615.8 20477.47 1843.00 9.00
1619.5 20422.34 1850.88 9.06
1623.2 20328.29 1856.37 9.13
1626.9 20221.28 1852.83 9.16
1630.6 20112.62 1858.56 9.24
1634.3 20025.88 1864.28 9.31
1638.0 19934.15 1868.53 9.37
1641.7 19830.91 1871.16 9.44
1645.4 19716.98 1867.32 9.47
1649.1 19602.77 1866.70 9.52
1652.8 19509.95 1861.25 9.54
1656.4 19395.62 1858.11 9.58
1660.1 19295.18 1851.81 9.60
1663.8 19185.10 1838.47 9.58
1667.5 19083.74 1825.20 9.56
1671.1 18996.35 1812.74 9.54
1674.8 18876.30 1801.08 9.54
1678.5 18838.56 1790.14 9.50
1682.1 18849.73 1776.82 9.43
1685.8 18859.30 1767.10 9.37
1689.5 18795.30 1743.89 9.28
1693.1 18706.41 1722.99 9.21
1696.8 18615.25 1712.38 9.20
1700.4 18529.58 1693.60 9.14
1704.0 18456.67 1669.62 9.05
1707.7 18296.86 1640.56 8.97
1711.3 18114.51 1608.16 8.88
1715.0 17992.28 1580.45 8.78
1718.6 17886.14 1552.61 8.68
1722.2 17799.94 1521.86 8.55
1725.9 17706.59 1500.89 8.48
1729.5 17604.49 1478.46 8.40
1733.1 17541.49 1468.19 8.37
1736.7 17471.92 1460.99 8.36
1740.3 17366.15 1437.00 8.27
1744.0 17315.89 1418.43 8.19
1747.5 17227.16 1398.74 8.12
1751.2 17088.52 1376.06 8.05
1754.8 16976.43 1354.68 7.98
1758.4 16893.02 1337.42 7.92
1762.0 16789.89 1313.95 7.83
1765.5 16699.11 1299.62 7.78
1769.1 16665.60 1296.00 7.78
1772.7 16620.17 1287.97 7.75
1776.3 16550.18 1271.59 7.68
1779.9 16477.44 1260.33 7.65
1783.5 16434.96 1252.40 7.62
1787.0 16345.96 1237.01 7.57
1790.6 16243.66 1227.88 7.56
1794.2 16171.99 1218.85 7.54
1797.8 16109.35 1218.85 7.57
1801.3 16053.66 1212.33 7.55
1804.9 15954.75 1199.63 7.52
1808.4 15901.90 1201.05 7.55
1812.0 15801.30 1197.32 7.58
1815.5 15695.88 1192.62 7.60
1819.1 15574.16 1176.59 7.55
1822.6 15471.85 1160.17 7.50
1826.2 15387.58 1150.91 7.48
1829.7 15274.18 1146.76 7.51
1833.2 15120.13 1132.93 7.49
1836.8 14969.50 1117.94 7.47
1840.3 14877.77 1103.76 7.42
1843.8 14800.45 1073.59 7.25
1847.3 14738.02 1060.05 7.19
1850.8 14668.42 1056.38 7.20
1854.3 14577.15 1031.49 7.08
1857.8 14534.00 993.20 6.83
1861.3 14522.25 968.55 6.67
1864.8 14459.04 957.24 6.62
1868.3 14308.06 903.44 6.31
1871.8 14215.68 837.12 5.89
1875.3 14201.46 796.71 5.61
1878.8 14176.42 765.67 5.40
1882.3 14122.90 704.97 4.99
1885.8 14014.10 658.54 4.70
1889.3 13904.45 633.92 4.56
1892.7 13776.82 602.07 4.37
1896.2 13660.15 569.17 4.17
1899.7 13554.20 557.02 4.11
1903.1 13466.38 582.12 4.32
1906.6 13511.57 561.65 4.16
1910.0 13676.29 604.59 4.42
1913.5 13920.50 751.71 5.40
1917.0 14289.98 923.13 6.46
1920.4 14838.23 1063.18 7.17
1923.8 14900.33 866.93 5.82
1871.2 12934.73 503.65 3.89
1873.9 13036.34 451.01 3.46
1876.7 13080.35 409.39 3.13
1879.5 13184.92 378.33 2.87
1882.3 12973.16 487.17 3.76
1885.1 12955.86 405.14 3.13
1887.8 13054.47 247.40 1.90
1890.6 12965.86 319.66 2.47
1893.4 12899.33 322.67 2.50
1896.2 12776.85 268.19 2.10
1898.9 12763.16 372.55 2.92
1901.7 12667.81 358.58 2.83
1904.5 12785.93 306.82 2.40
1907.2 12706.25 313.50 2.47
1910.0 12637.10 285.34 2.26
1912.7 12646.53 284.24 2.25
1915.5 12573.30 293.54 2.33
1918.2 12524.17 293.42 2.34
1921.0 12429.58 302.57 2.43
1923.7 12476.24 300.15 2.41
1926.5 12456.75 299.61 2.41
1929.2 12429.04 311.05 2.50
1932.0 12425.12 309.68 2.49
1934.7 12406.61 309.54 2.49
1937.4 12332.23 319.47 2.59
1940.2 12287.19 304.26 2.48
1942.9 12341.39 292.32 2.37
1945.6 12357.84 292.94 2.37
1948.3 12310.10 282.78 2.30
1951.1 12286.82 291.97 2.38
1953.8 12285.00 303.00 2.47
1956.5 12213.61 287.52 2.35
1959.2 12244.05 296.01 2.42
1961.9 12277.60 324.82 2.65
1964.6 12227.25 321.30 2.63
1967.3 12243.43 296.67 2.42
1970.0 12130.08 298.96 2.46
1972.8 12063.78 326.53 2.71
1975.5 12116.40 321.93 2.66
1978.2 12077.12 327.04 2.71
1980.9 11995.23 352.72 2.94
1983.5 11947.43 319.92 2.68
1986.2 11960.10 296.82 2.48
1988.9 11951.37 323.01 2.70
1991.6 11858.95 333.12 2.81
1994.3 11764.18 320.61 2.73
1997.0 11766.88 343.12 2.92
1999.7 11773.83 315.88 2.68
2002.3 11759.81 307.80 2.62
2005.0 11690.77 348.08 2.98
2007.7 11638.67 338.27 2.91
2010.4 11594.16 342.60 2.95
2013.0 11562.08 358.47 3.10
2015.7 11497.38 338.16 2.94
2018.4 11428.93 331.89 2.90
2021.0 11415.50 357.00 3.13
2023.7 11337.76 347.68 3.07
2026.4 11289.20 346.45 3.07
2029.0 11241.04 354.27 3.15
2031.7 11159.63 340.82 3.05
2034.3 11170.90 343.63 3.08
2037.0 11088.29 365.95 3.30
2039.6 11036.71 360.11 3.26
2042.3 11025.52 320.15 2.90
2044.9 10984.38 333.80 3.04
2047.5 10945.11 356.24 3.25
2050.2 10866.80 355.60 3.27
2052.8 10875.20 366.80 3.37
2055.4 10794.82 361.42 3.35
2058.1 10693.20 358.40 3.35
2060.7 10690.88 366.15 3.42
2063.3 10636.71 370.63 3.48
2065.9 10588.79 360.13 3.40
2068.6 10527.38 357.33 3.39
2071.2 10509.93 357.12 3.40
2073.8 10479.76 355.39 3.39
2076.4 10429.57 387.32 3.71
2079.0 10413.86 373.73 3.59
2081.6 10426.21 360.11 3.45
2084.2 10409.13 355.53 3.42
2086.8 10317.76 353.54 3.43
2089.4 10237.53 346.07 3.38
2092.1 10185.83 351.33 3.45
2094.7 10161.53 387.03 3.81
2097.2 10134.83 379.67 3.75
2099.8 10154.06 367.22 3.62
2102.4 10079.62 375.32 3.72
2105.0 9975.00 367.65 3.69
2107.6 9943.53 356.04 3.58
2110.2 9903.21 366.58 3.70
2112.8 9887.09 360.78 3.65
2115.3 9921.47 372.38 3.75
2117.9 9932.41 391.73 3.94
2120.5 9899.34 381.87 3.86
2123.1 9860.18 400.73 4.06
2125.6 9830.42 371.90 3.78
2128.2 9760.43 348.27 3.57
2130.8 9696.38 386.10 3.98
2133.3 9680.00 378.40 3.91
2135.9 9631.02 367.71 3.82
2138.4 9558.99 371.28 3.88
2141.0 9487.88 376.11 3.96
2143.6 9445.83 357.66 3.79
2146.1 9343.90 340.85 3.65
2148.7 9250.50 367.08 3.97
2151.2 9289.87 360.80 3.88
2153.8 9283.27 364.97 3.93
2156.3 9196.68 386.89 4.21
2158.8 9167.15 369.17 4.03
2161.4 9136.89 374.44 4.10
2163.9 9080.87 383.28 4.22
2166.4 9038.53 354.80 3.93
2169.0 9026.70 363.67 4.03
2171.5 8964.61 369.58 4.12
2174.0 8877.40 357.00 4.02
2176.5 8859.37 370.76 4.18
2179.1 8821.17 358.39 4.06
2181.6 8799.54 361.96 4.11
2184.1 8784.16 363.44 4.14
2186.6 8784.20 364.05 4.14
2189.1 8744.04 353.10 4.04
2191.6 8708.93 352.80 4.05
2194.1 8706.09 378.67 4.35
2196.6 8712.45 363.44 4.17
2199.2 8755.72 390.69 4.46
2201.7 8703.45 368.91 4.24
2204.1 8678.72 329.85 3.80
2206.6 8675.98 365.54 4.21
2209.1 8675.22 367.15 4.23
2211.6 8663.97 369.25 4.26
2214.1 8610.78 380.17 4.42
2216.6 8633.61 368.44 4.27
2219.1 8660.20 364.64 4.21
2221.6 8580.23 365.44 4.26
2224.0 8522.97 361.95 4.25
2226.5 8511.79 357.67 4.20
2229.0 8530.74 357.83 4.19
2231.5 8441.32 363.85 4.31
2233.9 8443.24 346.35 4.10
2236.4 8476.56 328.10 3.87
2238.9 8385.50 329.38 3.93
2241.3 8391.31 295.39 3.52
2243.8 8383.54 322.59 3.85
2246.2 8253.42 360.53 4.37
2248.7 8237.84 331.67 4.03
2251.2 8236.26 311.31 3.78
2253.6 8194.56 299.52 3.66
2256.1 8190.72 314.88 3.84
2258.5 8190.43 303.49 3.71
2260.9 8134.04 318.31 3.91
2263.4 8110.40 326.26 4.02
2265.8 8131.85 300.04 3.69
2268.3 8069.96 307.87 3.81
2270.7 8098.88 310.91 3.84
2273.1 8065.01 310.64 3.85
2275.6 8029.44 314.88 3.92
2278.0 8032.57 261.35 3.25
2280.4 8050.71 250.14 3.11
2282.8 7960.15 282.63 3.55
2285.3 7901.09 276.07 3.49
2287.7 7985.73 300.69 3.77
2290.1 7946.20 304.41 3.83
2292.5 7920.79 265.88 3.36
2294.9 7927.04 252.91 3.19
2297.3 7846.72 308.49 3.93
2299.7 7809.80 343.51 4.40
2302.1 7774.17 263.20 3.39
2304.5 7698.88 219.52 2.85
2306.9 7651.84 250.88 3.28
2309.3 7605.49 258.61 3.40
2311.7 7551.70 247.28 3.27
2314.1 7431.64 255.99 3.44
2316.5 7403.26 275.80 3.73
2318.9 7422.16 256.21 3.45
2321.3 7384.55 257.51 3.49
2323.7 7411.63 267.55 3.61
2326.1 7407.14 261.95 3.54
2328.4 7416.57 252.24 3.40
2330.8 7456.07 249.49 3.35
2333.2 7380.05 259.46 3.52
2335.6 7348.45 236.65 3.22
2337.9 7374.28 237.88 3.23
2340.3 7351.28 239.31 3.26
2342.7 7303.86 249.67 3.42
2345.0 7304.27 254.80 3.49
2347.4 7310.00 221.00 3.02
2349.7 7167.86 239.21 3.34
2352.1 7105.77 235.86 3.32
2354.4 7122.34 253.60 3.56
2356.8 7109.55 215.83 3.04
2359.2 7054.67 225.33 3.19
2361.5 7016.24 266.16 3.79
2363.8 7061.80 223.98 3.17
2366.2 7030.44 242.73 3.45
2368.5 6995.40 240.30 3.44
2370.9 6987.35 205.77 2.94
2373.2 6974.33 233.83 3.35
2375.5 6914.20 244.35 3.53
2377.9 6855.73 196.01 2.86
2380.2 6895.41 210.76 3.06
2382.5 6832.77 234.35 3.43
2384.8 6779.04 232.00 3.42
2387.2 6826.21 206.29 3.02
2389.5 6803.92 217.20 3.19
2391.8 6773.50 213.90 3.16
2394.1 6708.07 244.72 3.65
2396.4 6696.25 266.11 3.97
2398.7 6727.77 204.61 3.04
2401.0 6675.75 187.91 2.81
2403.3 6633.36 199.20 3.00
2405.6 6587.80 189.94 2.88
2407.9 6548.07 200.40 3.06
2410.2 6522.35 205.55 3.15
2412.5 6494.37 162.61 2.50
2414.8 6495.78 190.00 2.92
2417.1 6477.89 227.11 3.51
2419.4 6418.72 187.56 2.92
2421.7 6381.59 210.27 3.29
2424.0 6340.00 179.63 2.83
2426.2 6377.20 155.15 2.43
2428.5 6376.43 210.93 3.31
2430.8 6305.65 147.15 2.33
2433.1 6272.91 182.55 2.91
2435.4 6216.05 201.42 3.24
2437.6 6193.67 151.07 2.44
2439.9 6131.58 179.68 2.93
2442.2 6143.40 176.34 2.87
2444.4 6156.85 183.79 2.99
2446.7 6096.96 169.36 2.78
2448.9 6140.77 136.20 2.22
2451.2 6097.08 202.64 3.32
2453.4 6044.75 174.77 2.89
2455.7 6045.18 145.96 2.41
2457.9 5958.48 195.36 3.28
2460.2 5967.72 123.30 2.07
2462.4 5959.20 180.96 3.04
2464.7 5866.75 208.18 3.55
2466.9 5842.20 115.56 1.98
2469.2 5878.87 136.12 2.32
2471.4 5796.90 157.56 2.72
2473.6 5704.14 107.12 1.88
2475.9 5730.24 115.15 2.01
2478.1 5690.78 177.62 3.12
2480.3 5611.10 83.54 1.49
2482.5 5590.00 100.08 1.79
2484.8 5592.32 152.92 2.73
2487.0 5577.22 118.51 2.12
2489.2 5540.68 180.92 3.27
2491.4 5525.52 130.65 2.36
2493.6 5479.00 109.74 2.00
2495.8 5487.41 134.61 2.45
2498.0 5504.43 121.60 2.21
2500.2 5484.68 151.65 2.76
2502.4 5700.96 168.72 2.96
2504.6 5765.46 169.02 2.93
2506.8 5747.58 204.58 3.56
