/*** Spectra Vista SIG Data ***/
name= \My Documents\HR1024_Data\GD4B4.
instrument= HR: 1091052
integration= 0, 0, 0, 500, 60, 1
scan time= 0, 1
scan settings= , , AD, AI
external data set1= 0, 0, 0, 0, 0, 0, 0, 0, 0, 0, 0, 0, 0, 0, 0, 0
external data set2= 8224, 8224, 8224, 8224, 8224, 8224, 8224, 8224, 8224, 8224, 8224, 8224, 8224, 8224, 8224, 8224
external data dark= 0,0,0,0,0,0,0,0
external data mask= 0
optic= , LENS4 
temp= 0.00, 0.00, 0.00, 35.88, 8.88, -5.37
battery= 0.0, 5.0
error= 0, 0
units= Radiance, Radiance
time= , 2/3/08 10:16:20 AM
longitude= , 
latitude= , 
gpstime= , 
comm= 
memory slot= 2, 0
factors= 
data= 
346.4 1.00 -402.58 -40258.40
347.9 1.00 -390.31 -39030.50
349.5 1.00 -393.12 -39312.00
351.1 1.00 -400.61 -40060.80
352.6 1.00 -403.54 -40353.50
354.2 1.00 -411.03 -41102.60
355.7 1.00 -424.31 -42430.50
357.3 1.00 -434.13 -43413.10
358.8 1.00 -431.98 -43198.20
360.4 1.00 -440.39 -44039.10
361.9 1.00 -434.62 -43461.60
363.5 1.00 -427.97 -42796.50
365.1 1.00 -424.42 -42442.20
366.6 1.00 -421.21 -42120.50
368.2 1.00 -413.64 -41364.40
369.7 1.00 -403.55 -40355.40
371.3 1.00 -403.00 -40300.20
372.8 1.00 -405.04 -40504.00
374.4 1.00 -404.51 -40450.50
375.9 1.00 -397.20 -39720.00
377.4 1.00 -390.30 -39030.00
379.0 1.00 -383.17 -38317.30
380.5 1.00 -364.38 -36437.60
382.1 1.00 -347.51 -34750.80
383.6 1.00 -325.46 -32545.80
385.2 1.00 -313.50 -31350.00
386.7 1.00 -305.41 -30540.60
388.3 1.00 -301.10 -30109.90
389.8 1.00 -296.46 -29646.00
391.3 1.00 -299.67 -29966.60
392.9 1.00 -300.43 -30043.20
394.4 1.00 -307.43 -30743.30
395.9 1.00 -332.84 -33284.00
397.5 1.00 -332.04 -33204.40
399.0 1.00 -312.71 -31270.80
400.6 1.00 -269.42 -26941.60
402.1 1.00 -233.23 -23323.20
403.6 1.00 -207.14 -20714.40
405.1 1.00 -190.11 -19011.20
406.7 1.00 -172.93 -17292.80
408.2 1.00 -165.73 -16572.60
409.7 1.00 -161.28 -16128.00
411.3 1.00 -161.57 -16156.80
412.8 1.00 -170.64 -17064.00
414.3 1.00 -168.39 -16838.80
415.8 1.00 -171.00 -17100.00
417.4 1.00 -166.98 -16698.00
418.9 1.00 -160.91 -16090.80
420.4 1.00 -153.54 -15353.80
421.9 1.00 -138.42 -13842.40
423.5 1.00 -121.42 -12142.00
425.0 1.00 -106.98 -10698.10
426.5 1.00 -91.16 -9116.00
428.0 1.00 -69.79 -6978.50
429.5 1.00 -49.77 -4977.00
431.1 1.00 -45.67 -4566.60
432.6 1.00 -29.99 -2999.10
434.1 1.00 -24.64 -2464.00
435.6 1.00 -13.16 -1315.80
437.1 1.00 -11.70 -1170.00
438.6 1.00 -4.72 -471.60
440.1 1.00 3.17 317.20
441.6 1.00 13.62 1361.70
443.1 1.00 24.30 2430.00
444.7 1.00 36.99 3699.00
446.2 1.00 45.47 4546.80
447.7 1.00 54.37 5436.90
449.2 1.00 73.44 7344.00
450.7 1.00 105.66 10566.40
452.2 1.00 146.98 14698.20
453.7 1.00 173.59 17358.50
455.2 1.00 201.76 20175.80
456.7 1.00 223.17 22316.80
458.2 1.00 247.45 24744.60
459.7 1.00 267.40 26740.00
461.2 1.00 288.75 28875.40
462.7 1.00 300.72 30072.00
464.2 1.00 306.71 30670.80
465.7 1.00 321.43 32142.80
467.2 1.00 327.25 32725.00
468.7 1.00 336.80 33680.00
470.2 1.00 323.74 32373.60
471.7 1.00 305.90 30590.00
473.2 1.00 318.08 31808.00
474.6 1.00 357.00 35699.70
476.1 1.00 406.19 40619.20
477.6 1.00 429.08 42908.40
479.1 1.00 445.21 44521.20
480.6 1.00 464.81 46480.80
482.1 1.00 480.81 48081.00
483.6 1.00 503.57 50357.10
485.1 1.00 532.77 53277.40
486.6 1.00 566.08 56608.10
488.0 1.00 600.60 60060.00
489.5 1.00 637.60 63760.20
491.0 1.00 680.48 68047.50
492.5 1.00 722.52 72252.00
494.0 1.00 774.99 77499.00
495.4 1.00 826.32 82632.00
496.9 1.00 886.44 88643.60
498.4 1.00 945.09 94509.20
499.9 1.00 1011.95 101195.10
501.4 1.00 1086.79 108678.60
502.8 1.00 1167.01 116701.40
504.3 1.00 1247.04 124704.00
505.8 1.00 1327.50 132749.60
507.2 1.00 1415.19 141518.50
508.7 1.00 1503.19 150319.00
510.2 1.00 1588.08 158807.70
511.6 1.00 1676.90 167689.60
513.1 1.00 1782.48 178248.40
514.6 1.00 1895.19 189518.80
516.0 1.00 2006.38 200638.20
517.5 1.00 2126.52 212651.60
519.0 1.00 2252.53 225253.10
520.5 1.00 2373.41 237340.80
521.9 1.00 2504.54 250453.50
523.4 1.00 2634.30 263430.20
524.8 1.00 2765.51 276550.80
526.3 1.00 2897.51 289750.50
527.8 1.00 3027.58 302758.20
529.2 1.00 3145.02 314502.00
530.7 1.00 3264.52 326452.00
532.1 1.00 3376.21 337620.50
533.6 1.00 3496.45 349644.60
535.0 1.00 3611.92 361191.60
536.5 1.00 3718.53 371853.00
538.0 1.00 3821.31 382131.20
539.4 1.00 3911.70 391170.00
540.9 1.00 4029.36 402935.70
542.3 1.00 4153.03 415302.80
543.8 1.00 4263.38 426338.10
545.2 1.00 4327.70 432769.60
546.6 1.00 4357.69 435769.20
548.1 1.00 4387.02 438702.00
549.5 1.00 4422.10 442209.60
551.0 1.00 4445.09 444508.50
552.4 1.00 4475.33 447533.10
553.9 1.00 4503.64 450364.00
555.3 1.00 4522.99 452298.60
556.8 1.00 4559.11 455911.30
558.2 1.00 4591.35 459135.00
559.6 1.00 4634.27 463427.10
561.1 1.00 4686.50 468650.00
562.5 1.00 4741.48 474147.70
564.0 1.00 4804.45 480445.20
565.4 1.00 4864.06 486405.70
566.8 1.00 4928.54 492854.40
568.3 1.00 4986.08 498608.30
569.7 1.00 5039.31 503931.30
571.1 1.00 5082.61 508260.60
572.6 1.00 5119.20 511920.00
574.0 1.00 5153.28 515328.00
575.4 1.00 5185.35 518535.00
576.9 1.00 5207.20 520720.20
578.3 1.00 5226.65 522665.00
579.7 1.00 5236.29 523629.40
581.1 1.00 5237.85 523784.80
582.6 1.00 5241.51 524151.10
584.0 1.00 5242.34 524233.60
585.4 1.00 5275.88 527587.60
586.8 1.00 5331.12 533111.90
588.3 1.00 5404.46 540446.40
589.7 1.00 5471.86 547185.60
591.1 1.00 5510.31 551031.00
592.5 1.00 5521.41 552140.50
594.0 1.00 5521.58 552158.40
595.4 1.00 5515.40 551540.00
596.8 1.00 5494.63 549463.20
598.2 1.00 5486.00 548600.00
599.6 1.00 5468.94 546894.00
601.0 1.00 5473.44 547343.90
602.4 1.00 5471.54 547154.00
603.9 1.00 5475.61 547561.30
605.3 1.00 5464.77 546476.50
606.7 1.00 5460.48 546048.00
608.1 1.00 5460.09 546008.90
609.5 1.00 5460.14 546013.50
610.9 1.00 5463.41 546341.40
612.3 1.00 5452.10 545210.40
613.7 1.00 5459.23 545923.20
615.1 1.00 5438.02 543801.60
616.5 1.00 5422.33 542233.20
617.9 1.00 5440.17 544016.70
619.3 1.00 5461.49 546149.40
620.7 1.00 5503.92 550392.00
622.1 1.00 5593.32 559331.50
623.5 1.00 5721.67 572167.30
624.9 1.00 5870.45 587044.50
626.3 1.00 5955.98 595597.50
627.7 1.00 5862.77 586277.40
629.1 1.00 5739.22 573921.60
630.5 1.00 5631.65 563165.10
631.9 1.00 5559.27 555927.40
633.3 1.00 5498.05 549804.60
634.7 1.00 5460.80 546080.40
636.1 1.00 5380.34 538034.40
637.5 1.00 5278.28 527828.40
638.9 1.00 5182.86 518286.40
640.2 1.00 5094.04 509403.70
641.6 1.00 5016.96 501696.00
643.0 1.00 4923.45 492345.30
644.4 1.00 4842.69 484269.00
645.8 1.00 4755.85 475585.20
647.2 1.00 4729.56 472955.60
648.5 1.00 4707.42 470742.00
649.9 1.00 4670.48 467048.40
651.3 1.00 4649.16 464916.00
652.7 1.00 4613.46 461346.00
654.1 1.00 4462.44 446244.00
655.5 1.00 4265.55 426555.30
656.8 1.00 4078.83 407882.70
658.2 1.00 3942.32 394231.50
659.6 1.00 3831.42 383142.10
660.9 1.00 3715.18 371517.50
662.3 1.00 3594.67 359466.60
663.7 1.00 3469.20 346920.00
665.0 1.00 3355.32 335532.40
666.4 1.00 3247.83 324783.20
667.8 1.00 3165.52 316552.20
669.1 1.00 3085.50 308549.60
670.5 1.00 3029.44 302943.60
671.9 1.00 2989.01 298900.80
673.2 1.00 2970.98 297097.60
674.6 1.00 2964.95 296495.40
676.0 1.00 2969.48 296947.80
677.3 1.00 3016.80 301680.00
678.7 1.00 3081.25 308125.00
680.0 1.00 3196.41 319640.60
681.4 1.00 3363.50 336350.40
682.8 1.00 3586.31 358631.00
684.1 1.00 3880.66 388065.60
685.5 1.00 4244.74 424473.70
686.8 1.00 4691.71 469171.20
688.2 1.00 5194.19 519418.90
689.5 1.00 5737.43 573742.50
690.9 1.00 6311.50 631150.20
692.2 1.00 6905.40 690540.00
693.6 1.00 7529.28 752928.00
694.9 1.00 8132.81 813281.30
696.2 1.00 8730.23 873022.50
697.6 1.00 9305.73 930572.50
698.9 1.00 9851.42 985142.40
700.3 1.00 10363.87 1036387.20
701.6 1.00 10835.94 1083594.40
703.0 1.00 11273.20 1127320.20
704.3 1.00 11664.38 1166438.00
705.6 1.00 12017.09 1201708.80
707.0 1.00 12345.16 1234515.80
708.3 1.00 12628.39 1262838.60
709.6 1.00 12871.63 1287163.40
711.0 1.00 13088.23 1308823.20
712.3 1.00 13270.52 1327051.50
713.6 1.00 13441.68 1344168.00
714.9 1.00 13597.88 1359787.50
716.3 1.00 13756.84 1375684.00
717.6 1.00 13914.63 1391462.80
718.9 1.00 14036.20 1403620.30
720.2 1.00 14106.06 1410606.40
721.6 1.00 14160.64 1416064.00
722.9 1.00 14212.37 1421236.80
724.2 1.00 14219.37 1421937.00
725.5 1.00 14245.30 1424530.20
726.8 1.00 14270.14 1427013.50
728.1 1.00 14296.34 1429634.40
729.5 1.00 14305.00 1430500.40
730.8 1.00 14336.84 1433683.50
732.1 1.00 14327.23 1432722.80
733.4 1.00 14351.69 1435168.80
734.7 1.00 14355.60 1435560.10
736.0 1.00 14393.13 1439313.20
737.3 1.00 14410.52 1441051.50
738.6 1.00 14472.12 1447212.20
739.9 1.00 14555.66 1455565.50
741.2 1.00 14642.63 1464262.80
742.5 1.00 14772.33 1477232.50
743.8 1.00 14967.65 1496764.50
745.1 1.00 15260.66 1526066.40
746.4 1.00 15595.03 1559503.40
747.7 1.00 15931.08 1593108.00
749.0 1.00 16245.17 1624516.60
750.3 1.00 16413.71 1641371.20
751.6 1.00 16414.75 1641475.00
752.9 1.00 16307.71 1630770.90
754.2 1.00 16178.65 1617865.20
755.4 1.00 16052.25 1605225.00
756.7 1.00 16036.24 1603623.70
758.0 1.00 16084.71 1608470.50
759.3 1.00 16228.16 1622816.00
760.6 1.00 16401.62 1640161.60
761.9 1.00 16570.14 1657013.60
763.1 1.00 16667.81 1666781.10
764.4 1.00 16793.91 1679391.00
765.7 1.00 16879.20 1687920.00
767.0 1.00 16965.60 1696560.30
768.2 1.00 17048.64 1704864.00
769.5 1.00 17114.84 1711484.00
770.8 1.00 17202.16 1720215.70
772.0 1.00 17240.04 1724004.40
773.3 1.00 17287.14 1728714.00
774.6 1.00 17347.42 1734742.10
775.8 1.00 17377.88 1737788.00
777.1 1.00 17401.76 1740176.10
778.4 1.00 17403.75 1740375.00
779.6 1.00 17408.33 1740832.80
780.9 1.00 17401.60 1740160.00
782.1 1.00 17355.37 1735536.60
783.4 1.00 17355.52 1735552.00
784.6 1.00 17383.65 1738364.80
785.9 1.00 17506.39 1750639.20
787.1 1.00 17730.33 1773032.80
788.4 1.00 17875.00 1787499.90
789.6 1.00 17796.66 1779665.50
790.9 1.00 17644.67 1764466.50
792.1 1.00 17505.54 1750553.60
793.4 1.00 17323.93 1732392.90
794.6 1.00 17195.27 1719526.80
795.8 1.00 17106.86 1710685.80
797.1 1.00 16998.87 1699887.00
798.3 1.00 16939.40 1693939.50
799.5 1.00 16910.53 1691053.20
800.8 1.00 16866.54 1686653.80
802.0 1.00 16805.36 1680536.00
803.2 1.00 16754.74 1675473.60
804.5 1.00 16698.88 1669887.90
805.7 1.00 16637.37 1663737.30
806.9 1.00 16586.84 1658684.00
808.1 1.00 16539.94 1653993.60
809.4 1.00 16505.61 1650561.00
810.6 1.00 16471.00 1647100.00
811.8 1.00 16464.66 1646465.80
813.0 1.00 16483.79 1648379.20
814.2 1.00 16508.49 1650849.20
815.4 1.00 16531.49 1653148.80
816.6 1.00 16554.72 1655472.00
817.9 1.00 16550.56 1655056.00
819.1 1.00 16514.53 1651453.20
820.3 1.00 16460.67 1646067.00
821.5 1.00 16417.74 1641774.20
822.7 1.00 16372.88 1637287.60
823.9 1.00 16361.82 1636181.60
825.1 1.00 16330.59 1633058.60
826.3 1.00 16303.94 1630394.10
827.5 1.00 16283.69 1628368.80
828.7 1.00 16251.84 1625184.00
829.9 1.00 16221.40 1622140.10
831.0 1.00 16209.32 1620932.20
832.2 1.00 16206.49 1620648.50
833.4 1.00 16203.73 1620372.70
834.6 1.00 16207.50 1620750.00
835.8 1.00 16216.20 1621620.00
837.0 1.00 16251.45 1625145.40
838.1 1.00 16304.35 1630434.70
839.3 1.00 16335.93 1633592.80
840.5 1.00 16381.40 1638140.40
841.7 1.00 16435.55 1643554.80
842.9 1.00 16489.68 1648968.30
844.0 1.00 16533.12 1653311.60
845.2 1.00 16598.98 1659897.90
846.4 1.00 16648.30 1664830.30
847.5 1.00 16726.78 1672678.00
848.7 1.00 16760.37 1676037.30
849.9 1.00 16802.19 1680219.40
851.0 1.00 16822.37 1682236.70
852.2 1.00 16824.20 1682419.60
853.3 1.00 16814.90 1681489.80
854.5 1.00 16796.14 1679613.50
855.6 1.00 16792.34 1679234.40
856.8 1.00 16788.49 1678848.60
857.9 1.00 16776.07 1677606.70
859.1 1.00 16816.88 1681688.00
860.2 1.00 16810.30 1681030.40
861.4 1.00 16810.20 1681020.00
862.5 1.00 16825.66 1682566.20
863.7 1.00 16851.59 1685159.40
864.8 1.00 16845.78 1684578.00
865.9 1.00 16825.57 1682556.60
867.1 1.00 16817.46 1681746.00
868.2 1.00 16808.36 1680836.40
869.3 1.00 16782.43 1678243.40
870.5 1.00 16736.85 1673685.00
871.6 1.00 16724.18 1672418.30
872.7 1.00 16721.28 1672127.80
873.9 1.00 16722.68 1672268.10
875.0 1.00 16686.43 1668643.00
876.1 1.00 16646.64 1664664.30
877.2 1.00 16633.10 1663309.70
878.3 1.00 16589.50 1658950.20
879.4 1.00 16572.69 1657268.80
880.5 1.00 16546.75 1654675.20
881.7 1.00 16491.02 1649102.00
882.8 1.00 16475.33 1647532.60
883.9 1.00 16429.07 1642907.00
885.0 1.00 16346.69 1634669.40
886.1 1.00 16298.77 1629876.60
887.2 1.00 16185.55 1618555.20
888.3 1.00 16121.75 1612175.40
889.4 1.00 16044.34 1604434.20
890.5 1.00 15974.87 1597487.00
891.6 1.00 15922.91 1592290.80
892.7 1.00 15880.17 1588017.20
893.8 1.00 15873.31 1587331.20
894.9 1.00 15864.29 1586428.80
896.0 1.00 15814.67 1581466.80
897.0 1.00 15798.65 1579865.40
898.1 1.00 15747.89 1574788.50
899.2 1.00 15713.62 1571361.60
900.3 1.00 15658.76 1565876.40
901.4 1.00 15608.17 1560816.90
902.4 1.00 15610.35 1561034.80
903.5 1.00 15508.63 1550863.40
904.6 1.00 15489.86 1548986.40
905.7 1.00 15428.76 1542876.00
906.7 1.00 15435.27 1543527.00
907.8 1.00 15422.39 1542239.40
908.9 1.00 15357.54 1535753.70
909.9 1.00 15307.60 1530760.00
911.0 1.00 15260.47 1526047.00
912.1 1.00 15181.31 1518130.60
913.1 1.00 15136.16 1513616.00
914.2 1.00 15089.80 1508980.00
915.2 1.00 15040.94 1504094.40
916.3 1.00 14986.56 1498656.00
917.3 1.00 14903.21 1490320.80
918.4 1.00 14810.73 1481073.00
919.4 1.00 14760.50 1476049.90
920.5 1.00 14697.52 1469752.40
921.5 1.00 14593.66 1459365.60
922.6 1.00 14484.29 1448429.40
923.6 1.00 14426.97 1442697.30
924.7 1.00 14340.50 1434050.00
925.7 1.00 14243.98 1424397.60
926.7 1.00 14164.46 1416446.40
927.8 1.00 14043.74 1404374.40
928.8 1.00 13987.50 1398750.00
929.9 1.00 13923.24 1392323.80
930.9 1.00 13865.41 1386541.20
931.9 1.00 13843.61 1384361.30
932.9 1.00 13810.10 1381010.40
934.0 1.00 13718.85 1371884.90
935.0 1.00 13625.28 1362528.30
936.0 1.00 13531.73 1353172.80
937.0 1.00 13393.77 1339377.00
938.1 1.00 13287.62 1328761.80
939.1 1.00 13156.76 1315675.90
940.1 1.00 13082.06 1308206.40
941.1 1.00 13040.65 1304065.00
942.1 1.00 12997.40 1299740.00
943.1 1.00 12951.37 1295136.90
944.1 1.00 12872.93 1287292.90
945.2 1.00 12723.14 1272314.40
946.2 1.00 12643.69 1264369.20
947.2 1.00 12524.35 1252435.00
948.2 1.00 12417.24 1241723.70
949.2 1.00 12326.28 1232627.50
950.2 1.00 12167.30 1216730.00
951.2 1.00 12000.91 1200091.20
952.2 1.00 11848.63 1184862.90
953.2 1.00 11735.36 1173536.00
954.2 1.00 11662.02 1166202.00
955.2 1.00 11503.44 1150344.00
956.2 1.00 11365.53 1136553.00
957.2 1.00 11226.59 1122658.80
958.2 1.00 11160.85 1116085.30
959.2 1.00 11075.58 1107558.00
960.1 1.00 10967.69 1096768.80
961.1 1.00 10904.06 1090405.80
962.1 1.00 10794.38 1079437.50
963.1 1.00 10704.70 1070469.90
964.1 1.00 10676.06 1067605.90
965.1 1.00 10673.14 1067314.30
966.1 1.00 10575.94 1057593.60
967.0 1.00 10527.69 1052769.20
968.0 1.00 10476.90 1047690.00
969.0 1.00 10357.60 1035760.00
970.0 1.00 10347.59 1034758.80
971.0 1.00 10262.36 1026236.40
971.9 1.00 10193.31 1019331.30
972.9 1.00 10041.54 1004153.50
973.9 1.00 9890.01 989001.00
974.9 1.00 9792.66 979265.70
975.8 1.00 9581.93 958193.20
976.8 1.00 9371.22 937121.90
977.8 1.00 9149.47 914947.40
978.8 1.00 8839.38 883938.00
979.7 1.00 8654.12 865412.00
980.7 1.00 8302.93 830293.20
981.7 1.00 8017.25 801725.10
982.6 1.00 7643.19 764319.20
983.6 1.00 7010.55 701055.30
984.6 1.00 6255.11 625510.90
985.5 1.00 5418.29 541828.80
986.5 1.00 4458.14 445813.80
987.5 1.00 3226.26 322625.60
988.4 1.00 1579.16 157916.00
989.4 1.00 -199.74 -19974.00
990.4 1.00 -2802.62 -280262.40
991.3 1.00 -5794.37 -579436.50
992.3 1.00 -8294.82 -829481.80
993.2 1.00 -11219.75 -1121975.00
994.2 1.00 -13966.29 -1396629.00
995.2 1.00 -17122.08 -1712207.70
996.1 1.00 -20416.25 -2041625.10
997.1 1.00 -21888.05 -2188804.80
998.0 1.00 -23707.92 -2370792.00
999.0 1.00 -24715.14 -2471514.30
1000.0 1.00 -26551.06 -2655106.20
1000.9 1.00 -27859.09 -2785909.20
1001.9 1.00 -30002.19 -3000219.00
1002.8 1.00 -30775.29 -3077528.80
1003.8 1.00 -32469.09 -3246909.00
1004.8 1.00 -32857.92 -3285792.00
961.5 1.00 14598.83 1459883.10
965.5 1.00 14841.50 1484150.40
969.5 1.00 14693.46 1469346.00
973.4 1.00 14379.88 1437988.20
977.4 1.00 14175.84 1417584.00
981.4 1.00 13984.76 1398476.10
985.3 1.00 13872.50 1387249.60
989.3 1.00 13837.85 1383784.50
993.3 1.00 13836.29 1383628.50
997.2 1.00 13823.94 1382393.60
1001.2 1.00 13876.46 1387646.00
1005.2 1.00 14037.98 1403797.80
1009.1 1.00 14274.03 1427403.00
1013.1 1.00 14541.78 1454178.00
1017.1 1.00 14793.58 1479357.90
1021.0 1.00 14998.73 1499872.50
1025.0 1.00 15182.74 1518273.90
1029.0 1.00 15335.28 1533528.00
1032.9 1.00 15510.30 1551030.00
1036.9 1.00 15736.41 1573641.00
1040.9 1.00 15997.43 1599743.00
1044.8 1.00 16275.45 1627544.60
1048.8 1.00 16514.14 1651414.40
1052.7 1.00 16706.87 1670687.20
1056.7 1.00 16838.84 1683884.20
1060.7 1.00 16936.28 1693627.50
1064.6 1.00 17022.83 1702282.60
1068.6 1.00 17043.50 1704349.50
1072.5 1.00 17016.40 1701640.00
1076.5 1.00 16962.54 1696254.40
1080.4 1.00 16888.70 1688870.40
1084.4 1.00 16813.27 1681327.20
1088.3 1.00 16735.45 1673544.60
1092.3 1.00 16586.03 1658602.70
1096.2 1.00 16406.82 1640682.30
1100.2 1.00 16246.00 1624599.90
1104.1 1.00 16040.29 1604029.20
1108.1 1.00 15848.68 1584868.20
1112.0 1.00 15627.51 1562751.00
1116.0 1.00 15348.52 1534851.50
1119.9 1.00 15026.55 1502655.00
1123.9 1.00 14702.52 1470252.00
1127.8 1.00 14223.36 1422336.00
1131.8 1.00 13616.94 1361694.00
1135.7 1.00 12924.99 1292498.80
1139.6 1.00 12191.86 1219185.60
1143.6 1.00 11511.24 1151124.00
1147.5 1.00 10963.72 1096372.20
1151.4 1.00 10539.24 1053924.00
1155.4 1.00 10282.47 1028247.10
1159.3 1.00 10118.99 1011898.80
1163.2 1.00 9972.67 997266.60
1167.2 1.00 9908.46 990846.00
1171.1 1.00 9855.37 985536.60
1175.0 1.00 9796.86 979686.40
1179.0 1.00 9750.04 975003.90
1182.9 1.00 9725.23 972522.60
1186.8 1.00 9691.79 969178.50
1190.7 1.00 9611.04 961104.10
1194.7 1.00 9533.93 953393.40
1198.6 1.00 9480.24 948024.00
1202.5 1.00 9463.96 946396.00
1206.4 1.00 9475.13 947512.80
1210.3 1.00 9488.77 948877.20
1214.2 1.00 9517.97 951796.80
1218.2 1.00 9541.23 954123.30
1222.1 1.00 9576.10 957610.00
1226.0 1.00 9626.38 962638.40
1229.9 1.00 9670.38 967038.00
1233.8 1.00 9706.10 970610.00
1237.7 1.00 9739.42 973941.60
1241.6 1.00 9762.90 976289.80
1245.5 1.00 9778.98 977897.70
1249.4 1.00 9790.66 979065.50
1253.3 1.00 9797.70 979770.00
1257.2 1.00 9814.91 981490.50
1261.1 1.00 9806.51 980650.80
1265.0 1.00 9774.48 977447.80
1268.9 1.00 9723.04 972304.10
1272.8 1.00 9704.25 970425.00
1276.7 1.00 9707.71 970770.60
1280.6 1.00 9675.77 967577.00
1284.5 1.00 9590.91 959090.80
1288.4 1.00 9494.97 949496.60
1292.3 1.00 9352.75 935275.00
1296.2 1.00 9195.03 919503.20
1300.1 1.00 9014.15 901414.80
1303.9 1.00 8790.62 879061.80
1307.8 1.00 8557.58 855757.50
1311.7 1.00 8324.88 832488.30
1315.6 1.00 8078.93 807892.80
1319.5 1.00 7810.61 781060.50
1323.3 1.00 7536.85 753684.80
1327.2 1.00 7271.68 727167.80
1331.1 1.00 7019.46 701946.00
1335.0 1.00 6758.91 675891.20
1338.8 1.00 6527.92 652792.40
1342.7 1.00 6312.71 631271.20
1346.5 1.00 6085.83 608583.30
1350.4 1.00 5883.71 588371.20
1354.3 1.00 5669.53 566953.20
1358.1 1.00 5461.39 546138.90
1362.0 1.00 5287.10 528710.00
1365.8 1.00 5135.40 513539.90
1369.7 1.00 4978.09 497808.60
1373.5 1.00 4741.30 474130.20
1377.4 1.00 4428.72 442872.40
1381.2 1.00 4092.06 409205.50
1385.1 1.00 3775.31 377530.50
1389.0 1.00 3448.80 344879.70
1392.8 1.00 3127.19 312718.80
1396.6 1.00 2846.58 284658.00
1400.5 1.00 2602.18 260218.40
1404.3 1.00 2414.74 241473.60
1408.2 1.00 2270.71 227070.90
1412.0 1.00 2157.49 215748.80
1415.8 1.00 2081.46 208146.40
1419.6 1.00 2014.32 201431.70
1423.5 1.00 1966.43 196642.50
1427.3 1.00 1928.85 192885.00
1431.1 1.00 1897.20 189720.00
1434.9 1.00 1876.07 187607.10
1438.8 1.00 1861.26 186126.00
1442.6 1.00 1848.71 184870.80
1446.4 1.00 1834.78 183478.00
1450.2 1.00 1833.80 183380.40
1454.0 1.00 1824.00 182400.00
1457.8 1.00 1818.40 181840.00
1461.6 1.00 1828.43 182843.10
1465.4 1.00 1839.82 183981.60
1469.2 1.00 1847.30 184730.00
1473.0 1.00 1869.42 186941.70
1476.8 1.00 1904.41 190440.80
1480.7 1.00 1943.99 194398.70
1484.4 1.00 1985.88 198588.00
1488.2 1.00 2036.04 203604.00
1492.0 1.00 2096.63 209662.80
1495.8 1.00 2145.33 214532.50
1499.6 1.00 2178.72 217872.40
1503.4 1.00 2185.04 218504.00
1507.2 1.00 2171.03 217102.90
1510.9 1.00 2174.30 217430.40
1514.7 1.00 2202.89 220288.70
1518.5 1.00 2259.40 225940.40
1522.3 1.00 2309.78 230977.50
1526.0 1.00 2352.43 235242.80
1529.8 1.00 2399.68 239968.10
1533.6 1.00 2454.53 245453.00
1537.3 1.00 2497.04 249704.00
1541.1 1.00 2530.36 253035.90
1544.8 1.00 2572.80 257280.00
1548.6 1.00 2613.15 261314.80
1552.4 1.00 2656.28 265628.30
1556.1 1.00 2687.15 268715.00
1559.9 1.00 2705.22 270522.00
1563.6 1.00 2730.63 273062.70
1567.3 1.00 2777.18 277718.00
1571.1 1.00 2813.06 281306.40
1574.8 1.00 2847.69 284769.10
1578.6 1.00 2879.93 287992.80
1582.3 1.00 2895.47 289546.80
1586.0 1.00 2915.93 291593.20
1589.8 1.00 2937.73 293772.60
1593.5 1.00 2954.46 295446.00
1597.2 1.00 2970.04 297003.70
1600.9 1.00 2986.93 298692.90
1604.7 1.00 2998.94 299894.40
1608.4 1.00 3017.12 301712.40
1612.1 1.00 3032.59 303258.60
1615.8 1.00 3043.59 304359.00
1619.5 1.00 3072.75 307275.00
1623.2 1.00 3087.51 308750.60
1626.9 1.00 3090.47 309047.20
1630.6 1.00 3100.02 310002.00
1634.3 1.00 3102.29 310229.40
1638.0 1.00 3102.96 310295.70
1641.7 1.00 3091.37 309137.40
1645.4 1.00 3083.47 308347.20
1649.1 1.00 3076.25 307625.20
1652.8 1.00 3066.56 306656.00
1656.4 1.00 3048.05 304805.10
1660.1 1.00 3032.81 303280.80
1663.8 1.00 3017.83 301782.80
1667.5 1.00 3003.73 300372.60
1671.1 1.00 2987.74 298774.40
1674.8 1.00 2960.58 296057.70
1678.5 1.00 2953.97 295396.80
1682.1 1.00 2949.66 294966.00
1685.8 1.00 2934.19 293419.10
1689.5 1.00 2918.31 291830.50
1693.1 1.00 2891.40 289140.00
1696.8 1.00 2864.25 286425.00
1700.4 1.00 2827.43 282743.40
1704.0 1.00 2791.46 279146.40
1707.7 1.00 2746.20 274620.00
1711.3 1.00 2689.02 268902.20
1715.0 1.00 2644.45 264444.60
1718.6 1.00 2604.45 260445.20
1722.2 1.00 2566.93 256692.80
1725.9 1.00 2519.17 251917.20
1729.5 1.00 2478.52 247852.40
1733.1 1.00 2456.58 245657.60
1736.7 1.00 2434.99 243498.50
1740.3 1.00 2409.37 240937.00
1744.0 1.00 2376.83 237683.20
1747.5 1.00 2338.40 233839.80
1751.2 1.00 2303.00 230299.60
1754.8 1.00 2270.52 227052.00
1758.4 1.00 2229.04 222904.00
1762.0 1.00 2185.94 218593.50
1765.5 1.00 2166.82 216682.30
1769.1 1.00 2145.60 214560.00
1772.7 1.00 2123.22 212321.70
1776.3 1.00 2109.58 210957.60
1779.9 1.00 2081.75 208174.80
1783.5 1.00 2073.28 207328.00
1787.0 1.00 2049.18 204918.00
1790.6 1.00 2033.91 203391.00
1794.2 1.00 2029.73 202973.40
1797.8 1.00 2019.44 201944.20
1801.3 1.00 2017.09 201709.20
1804.9 1.00 2002.88 200287.50
1808.4 1.00 1996.41 199641.20
1812.0 1.00 1987.38 198738.00
1815.5 1.00 1968.24 196824.00
1819.1 1.00 1960.98 196098.00
1822.6 1.00 1953.82 195382.20
1826.2 1.00 1934.82 193482.40
1829.7 1.00 1915.28 191527.60
1833.2 1.00 1889.24 188924.40
1836.8 1.00 1863.23 186322.50
1840.3 1.00 1842.89 184288.50
1843.8 1.00 1835.05 183505.00
1847.3 1.00 1819.33 181932.80
1850.8 1.00 1806.34 180633.60
1854.3 1.00 1776.70 177670.40
1857.8 1.00 1721.20 172120.00
1861.3 1.00 1651.88 165187.60
1864.8 1.00 1579.78 157978.40
1868.3 1.00 1469.00 146900.00
1871.8 1.00 1336.32 133632.00
1875.3 1.00 1245.34 124533.50
1878.8 1.00 1144.63 114463.20
1882.3 1.00 1073.12 107312.10
1885.8 1.00 995.84 99584.40
1889.3 1.00 909.17 90916.90
1892.7 1.00 867.69 86769.20
1896.2 1.00 820.00 81999.50
1899.7 1.00 797.31 79730.60
1903.1 1.00 789.10 78909.60
1906.6 1.00 834.44 83444.40
1910.0 1.00 938.16 93816.00
1913.5 1.00 946.59 94659.40
1917.0 1.00 1181.60 118160.00
1920.4 1.00 1432.98 143297.50
1923.8 1.00 1517.12 151712.40
1871.2 1.00 0.00 0.00
1873.9 1.00 322.15 32215.00
1876.7 1.00 1497.75 149775.00
1879.5 1.00 0.00 0.00
1882.3 1.00 270.65 27065.00
1885.1 1.00 1293.00 129300.00
1887.8 1.00 247.40 24740.00
1890.6 1.00 467.80 46780.00
1893.4 1.00 880.00 88000.00
1896.2 1.00 0.00 0.00
1898.9 1.00 192.70 19270.00
1901.7 1.00 705.40 70540.00
1904.5 1.00 0.00 0.00
1907.2 1.00 285.00 28500.00
1910.0 1.00 648.50 64850.00
1912.7 1.00 0.00 0.00
1915.5 1.00 225.80 22580.00
1918.2 1.00 536.75 53675.00
1921.0 1.00 103.15 10315.00
1923.7 1.00 300.15 30015.00
1926.5 1.00 586.20 58620.00
1929.2 1.00 96.20 9620.00
1932.0 1.00 284.40 28440.00
1934.7 1.00 562.80 56280.00
1937.4 1.00 93.05 9305.00
1940.2 1.00 368.80 36880.00
1942.9 1.00 548.10 54810.00
1945.6 1.00 0.00 0.00
1948.3 1.00 270.75 27075.00
1951.1 1.00 632.10 63210.00
1953.8 1.00 180.00 18000.00
1956.5 1.00 359.40 35940.00
1959.2 1.00 627.90 62790.00
1961.9 1.00 178.80 17880.00
1964.6 1.00 357.00 35700.00
1967.3 1.00 623.00 62300.00
1970.0 1.00 177.60 17760.00
1972.8 1.00 353.00 35300.00
1975.5 1.00 526.80 52680.00
1978.2 1.00 87.60 8760.00
1980.9 1.00 349.80 34980.00
1983.5 1.00 698.00 69800.00
1986.2 1.00 174.60 17460.00
1988.9 1.00 349.20 34920.00
1991.6 1.00 782.10 78210.00
1994.3 1.00 259.95 25995.00
1997.0 1.00 346.00 34600.00
1999.7 1.00 689.20 68920.00
2002.3 1.00 258.90 25890.00
2005.0 1.00 431.50 43150.00
2007.7 1.00 688.00 68800.00
2010.4 1.00 256.95 25695.00
2013.0 1.00 426.75 42675.00
2015.7 1.00 682.00 68200.00
2018.4 1.00 340.40 34040.00
2021.0 1.00 425.00 42500.00
2023.7 1.00 678.40 67840.00
2026.4 1.00 338.00 33800.00
2029.0 1.00 506.10 50610.00
2031.7 1.00 760.50 76050.00
2034.3 1.00 338.00 33800.00
2037.0 1.00 422.25 42225.00
2039.6 1.00 675.20 67520.00
2042.3 1.00 337.00 33700.00
2044.9 1.00 504.90 50490.00
2047.5 1.00 673.20 67320.00
2050.2 1.00 336.00 33600.00
2052.8 1.00 420.00 42000.00
2055.4 1.00 672.40 67240.00
2058.1 1.00 336.00 33600.00
2060.7 1.00 503.10 50310.00
2063.3 1.00 752.40 75240.00
2065.9 1.00 335.00 33500.00
2068.6 1.00 502.50 50250.00
2071.2 1.00 837.00 83700.00
2073.8 1.00 419.75 41975.00
2076.4 1.00 505.20 50520.00
2079.0 1.00 674.40 67440.00
2081.6 1.00 337.60 33760.00
2084.2 1.00 507.90 50790.00
2086.8 1.00 763.65 76365.00
2089.4 1.00 340.40 34040.00
2092.1 1.00 595.00 59500.00
2094.7 1.00 847.50 84750.00
2097.2 1.00 340.00 34000.00
2099.8 1.00 427.00 42700.00
2102.4 1.00 767.70 76770.00
2105.0 1.00 427.50 42750.00
2107.6 1.00 512.70 51270.00
2110.2 1.00 767.25 76725.00
2112.8 1.00 429.50 42950.00
2115.3 1.00 433.00 43300.00
2117.9 1.00 696.40 69640.00
2120.5 1.00 349.80 34980.00
2123.1 1.00 526.50 52650.00
2125.6 1.00 790.65 79065.00
2128.2 1.00 439.00 43900.00
2130.8 1.00 526.50 52650.00
2133.3 1.00 792.00 79200.00
2135.9 1.00 353.00 35300.00
2138.4 1.00 530.40 53040.00
2141.0 1.00 705.20 70520.00
2143.6 1.00 351.80 35180.00
2146.1 1.00 528.90 52890.00
2148.7 1.00 704.80 70480.00
2151.2 1.00 352.00 35200.00
2153.8 1.00 529.80 52980.00
2156.3 1.00 797.40 79740.00
2158.8 1.00 354.40 35440.00
2161.4 1.00 530.70 53070.00
2163.9 1.00 796.05 79605.00
2166.4 1.00 354.80 35480.00
2169.0 1.00 532.20 53220.00
2171.5 1.00 887.00 88700.00
2174.0 1.00 357.00 35700.00
2176.5 1.00 538.20 53820.00
2179.1 1.00 813.15 81315.00
2181.6 1.00 365.00 36500.00
2184.1 1.00 554.40 55440.00
2186.6 1.00 847.35 84735.00
2189.1 1.00 288.90 28890.00
2191.6 1.00 490.00 49000.00
2194.1 1.00 896.85 89685.00
2196.6 1.00 305.70 30570.00
2199.2 1.00 418.60 41860.00
2201.7 1.00 752.15 75215.00
2204.1 1.00 219.90 21990.00
2206.6 1.00 447.60 44760.00
2209.1 1.00 794.85 79485.00
2211.6 1.00 228.40 22840.00
2214.1 1.00 456.20 45620.00
2216.6 1.00 797.65 79765.00
2219.1 1.00 341.85 34185.00
2221.6 1.00 456.80 45680.00
2224.0 1.00 800.10 80010.00
2226.5 1.00 228.30 22830.00
2229.0 1.00 342.60 34260.00
2231.5 1.00 689.40 68940.00
2233.9 1.00 115.45 11545.00
2236.4 1.00 463.20 46320.00
2238.9 1.00 697.50 69750.00
2241.3 1.00 116.60 11660.00
2243.8 1.00 349.80 34980.00
2246.2 1.00 697.80 69780.00
2248.7 1.00 115.70 11570.00
2251.2 1.00 230.60 23060.00
2253.6 1.00 691.20 69120.00
2256.1 1.00 230.40 23040.00
2258.5 1.00 461.00 46100.00
2260.9 1.00 690.30 69030.00
2263.4 1.00 0.00 0.00
2265.8 1.00 346.20 34620.00
2268.3 1.00 692.70 69270.00
2270.7 1.00 230.30 23030.00
2273.1 1.00 460.20 46020.00
2275.6 1.00 691.20 69120.00
2278.0 1.00 115.30 11530.00
2280.4 1.00 346.35 34635.00
2282.8 1.00 813.05 81305.00
2285.3 1.00 233.30 23330.00
2287.7 1.00 351.45 35145.00
2290.1 1.00 593.00 59300.00
2292.5 1.00 0.00 0.00
2294.9 1.00 237.10 23710.00
2297.3 1.00 593.25 59325.00
2299.7 1.00 118.45 11845.00
2302.1 1.00 235.70 23570.00
2304.5 1.00 588.00 58800.00
2306.9 1.00 117.60 11760.00
2309.3 1.00 235.10 23510.00
2311.7 1.00 588.75 58875.00
2314.1 1.00 0.00 0.00
2316.5 1.00 236.40 23640.00
2318.9 1.00 591.25 59125.00
2321.3 1.00 0.00 0.00
2323.7 1.00 239.60 23960.00
2326.1 1.00 604.50 60450.00
2328.4 1.00 0.00 0.00
2330.8 1.00 122.70 12270.00
2333.2 1.00 617.75 61775.00
2335.6 1.00 0.00 0.00
2337.9 1.00 250.40 25040.00
2340.3 1.00 629.75 62975.00
2342.7 1.00 0.00 0.00
2345.0 1.00 127.40 12740.00
2347.4 1.00 637.50 63750.00
2349.7 1.00 128.15 12815.00
2352.1 1.00 257.30 25730.00
2354.4 1.00 644.75 64475.00
2356.8 1.00 0.00 0.00
2359.2 1.00 130.00 13000.00
2361.5 1.00 392.70 39270.00
2363.8 1.00 0.00 0.00
2366.2 1.00 132.40 13240.00
2368.5 1.00 534.00 53400.00
2370.9 1.00 0.00 0.00
2373.2 1.00 134.90 13490.00
2375.5 1.00 543.00 54300.00
2377.9 1.00 0.00 0.00
2380.2 1.00 137.45 13745.00
2382.5 1.00 551.40 55140.00
2384.8 1.00 0.00 0.00
2387.2 1.00 140.65 14065.00
2389.5 1.00 424.95 42495.00
2391.8 1.00 0.00 0.00
2394.1 1.00 143.95 14395.00
2396.4 1.00 580.60 58060.00
2398.7 1.00 0.00 0.00
2401.0 1.00 0.00 0.00
2403.3 1.00 448.20 44820.00
2405.6 1.00 0.00 0.00
2407.9 1.00 150.30 15030.00
2410.2 1.00 451.20 45120.00
2412.5 1.00 -152.45 -15245.00
2414.8 1.00 0.00 0.00
2417.1 1.00 464.55 46455.00
2419.4 1.00 0.00 0.00
2421.7 1.00 0.00 0.00
2424.0 1.00 317.00 31700.00
2426.2 1.00 0.00 0.00
2428.5 1.00 0.00 0.00
2430.8 1.00 490.50 49050.00
2433.1 1.00 0.00 0.00
2435.4 1.00 0.00 0.00
2437.6 1.00 503.55 50355.00
2439.9 1.00 0.00 0.00
2442.2 1.00 0.00 0.00
2444.4 1.00 344.60 34460.00
2446.7 1.00 -175.20 -17520.00
2448.9 1.00 0.00 0.00
2451.2 1.00 357.60 35760.00
2453.4 1.00 0.00 0.00
2455.7 1.00 0.00 0.00
2457.9 1.00 366.30 36630.00
2460.2 1.00 -184.95 -18495.00
2462.4 1.00 0.00 0.00
2464.7 1.00 378.50 37850.00
2466.9 1.00 -192.60 -19260.00
2469.2 1.00 0.00 0.00
2471.4 1.00 393.90 39390.00
2473.6 1.00 -200.85 -20085.00
2475.9 1.00 0.00 0.00
2478.1 1.00 409.90 40990.00
2480.3 1.00 -208.85 -20885.00
2482.5 1.00 0.00 0.00
2484.8 1.00 436.90 43690.00
2487.0 1.00 -444.40 -44440.00
2489.2 1.00 0.00 0.00
2491.4 1.00 691.65 69165.00
2493.6 1.00 -235.15 -23515.00
2495.8 1.00 0.00 0.00
2498.0 1.00 486.40 48640.00
2500.2 1.00 -505.50 -50550.00
2502.4 1.00 0.00 0.00
2504.6 1.00 281.70 28170.00
2506.8 1.00 0.00 0.00
