/*** Spectra Vista SIG Data ***/
name= \My Documents\HR1024_Data\RD3B1.
instrument= HR: 1091052
integration= 200, 60, 30, 400, 60, 30
scan time= 1, 1
scan settings= AD, AI, AD, AI
external data set1= 8224, 8224, 8224, 8224, 8224, 8224, 8224, 8224, 8224, 8224, 8224, 8224, 8224, 8224, 8224, 8224
external data set2= 8224, 8224, 8224, 8224, 8224, 8224, 8224, 8224, 8224, 8224, 8224, 8224, 8224, 8224, 8224, 8224
external data dark= 0,0,0,0,0,0,0,0
external data mask= 0
optic= LENS4 , LENS4 
temp= 32.98, 8.88, -5.37, 42.89, 9.01, -5.30
battery= 7.6, 7.0
error= 0, 0
units= Radiance, Radiance
time= 1/26/08 10:33:54 AM, 1/26/08 11:13:14 AM
longitude= , 
latitude= , 
gpstime= , 
comm= 
memory slot= 0, 0
factors= 
data= 
346.4 598.78 179.95 30.05
347.9 627.50 169.43 27.00
349.5 677.04 176.28 26.04
351.1 739.44 176.28 23.84
352.6 790.63 186.59 23.60
354.2 841.03 189.81 22.57
355.7 912.59 205.42 22.51
357.3 974.37 213.25 21.89
358.8 992.58 216.69 21.83
360.4 1062.29 230.40 21.69
361.9 1117.88 219.40 19.63
363.5 1149.55 225.06 19.58
365.1 1196.29 221.92 18.55
366.6 1260.16 227.87 18.08
368.2 1349.72 236.70 17.54
369.7 1403.95 228.55 16.28
371.3 1488.21 235.41 15.82
372.8 1577.00 237.38 15.05
374.4 1638.71 250.31 15.27
375.9 1688.10 251.56 14.90
377.4 1740.09 248.82 14.30
379.0 1788.57 253.01 14.15
380.5 1855.73 247.74 13.35
382.1 1905.98 245.27 12.87
383.6 1973.16 248.06 12.57
385.2 2065.25 250.25 12.12
386.7 2149.76 250.44 11.65
388.3 2271.83 263.60 11.60
389.8 2363.45 270.38 11.44
391.3 2453.59 278.50 11.35
392.9 2526.36 287.35 11.37
394.4 2602.50 301.20 11.57
395.9 2690.98 312.43 11.61
397.5 2829.48 329.46 11.64
399.0 2963.31 329.09 11.11
400.6 3033.76 324.04 10.68
402.1 3072.78 307.02 9.99
403.6 3116.75 302.09 9.69
405.1 3199.00 305.05 9.54
406.7 3304.00 315.84 9.56
408.2 3412.53 326.33 9.56
409.7 3521.28 331.52 9.41
411.3 3642.17 338.51 9.29
412.8 3732.75 356.69 9.56
414.3 3845.02 365.90 9.52
415.8 3965.00 386.25 9.74
417.4 4085.95 389.62 9.54
418.9 4192.21 402.27 9.60
420.4 4267.16 403.79 9.46
421.9 4346.32 415.03 9.55
423.5 4413.15 414.46 9.39
425.0 4492.75 419.16 9.33
426.5 4594.55 418.18 9.10
428.0 4712.54 419.74 8.91
429.5 4856.53 433.51 8.93
431.1 5025.20 443.12 8.82
432.6 5198.44 456.59 8.78
434.1 5370.75 466.81 8.69
435.6 5520.56 481.82 8.73
437.1 5670.60 490.43 8.65
438.6 5806.58 503.04 8.66
440.1 5943.54 508.51 8.56
441.6 6091.61 519.65 8.53
443.1 6230.93 536.63 8.61
444.7 6356.12 547.66 8.62
446.2 6474.98 563.09 8.70
447.7 6582.53 579.29 8.80
449.2 6691.68 585.36 8.75
450.7 6814.08 589.68 8.65
452.2 6930.56 591.47 8.53
453.7 7066.33 599.73 8.49
455.2 7233.85 614.79 8.50
456.7 7443.04 630.96 8.48
458.2 7673.27 643.08 8.38
459.7 7920.50 667.63 8.43
461.2 8156.07 685.70 8.41
462.7 8366.46 702.58 8.40
464.2 8568.06 720.11 8.40
465.7 8788.58 742.55 8.45
467.2 8970.50 761.34 8.49
468.7 9176.00 774.00 8.44
470.2 9305.26 793.20 8.52
471.7 9490.50 822.94 8.67
473.2 9788.42 846.14 8.64
474.6 10042.30 856.18 8.53
476.1 10127.24 841.64 8.31
477.6 10169.21 844.66 8.31
479.1 10224.56 841.31 8.23
480.6 10293.47 842.56 8.19
482.1 10426.95 855.69 8.21
483.6 10590.11 858.75 8.11
485.1 10796.39 880.69 8.16
486.6 11041.55 897.06 8.12
488.0 11290.50 915.69 8.11
489.5 11568.25 938.32 8.11
491.0 11840.59 960.24 8.11
492.5 12119.22 989.82 8.17
494.0 12409.65 1017.79 8.20
495.4 12660.45 1048.58 8.28
496.9 12912.44 1075.48 8.33
498.4 13155.80 1108.59 8.43
499.9 13408.52 1138.70 8.49
501.4 13645.90 1175.26 8.61
502.8 13864.50 1214.16 8.76
504.3 14081.40 1244.70 8.84
505.8 14291.05 1278.34 8.95
507.2 14436.37 1312.65 9.09
508.7 14548.87 1343.73 9.24
510.2 14651.50 1377.99 9.41
511.6 14718.08 1406.21 9.55
513.1 14838.45 1439.90 9.70
514.6 14986.45 1472.59 9.83
516.0 15112.04 1499.97 9.93
517.5 15305.31 1543.16 10.08
519.0 15537.89 1584.07 10.19
520.5 15768.60 1630.16 10.34
521.9 16045.99 1682.64 10.49
523.4 16363.11 1730.58 10.58
524.8 16675.79 1785.50 10.71
526.3 17027.53 1844.68 10.83
527.8 17380.80 1901.82 10.94
529.2 17706.86 1954.35 11.04
530.7 18056.71 2012.49 11.15
532.1 18377.28 2062.33 11.22
533.6 18738.23 2121.29 11.32
535.0 19114.67 2176.02 11.38
536.5 19476.07 2233.43 11.47
538.0 19846.24 2282.52 11.50
539.4 20198.95 2343.19 11.60
540.9 20626.19 2406.99 11.67
542.3 20984.92 2477.61 11.81
543.8 21250.33 2531.96 11.91
545.2 21329.19 2548.20 11.95
546.6 21331.64 2565.50 12.03
548.1 21362.06 2587.24 12.11
549.5 21376.46 2610.27 12.21
551.0 21386.66 2633.61 12.31
552.4 21443.54 2665.41 12.43
553.9 21463.89 2689.48 12.53
555.3 21521.57 2722.88 12.65
556.8 21650.10 2767.20 12.78
558.2 21773.81 2814.75 12.93
559.6 21936.94 2869.57 13.08
561.1 22168.25 2930.69 13.22
562.5 22423.78 3003.09 13.39
564.0 22757.43 3089.17 13.57
565.4 23059.14 3176.45 13.78
566.8 23449.52 3276.59 13.97
568.3 23818.66 3380.09 14.19
569.7 24198.01 3489.41 14.42
571.1 24579.14 3603.96 14.66
572.6 24952.86 3718.71 14.90
574.0 25317.60 3843.68 15.18
575.4 25678.69 3955.50 15.40
576.9 26008.29 4086.97 15.71
578.3 26306.64 4209.56 16.00
579.7 26593.28 4336.99 16.31
581.1 26823.10 4461.18 16.63
582.6 27065.10 4596.13 16.98
584.0 27286.52 4735.02 17.35
585.4 27587.92 4885.15 17.71
586.8 27978.96 5062.54 18.09
588.3 28419.30 5257.98 18.50
589.7 28786.68 5435.82 18.88
591.1 29016.81 5591.07 19.27
592.5 29127.43 5730.91 19.68
594.0 29186.34 5850.81 20.05
595.4 29194.56 5965.57 20.43
596.8 29193.45 6080.00 20.83
598.2 29177.08 6194.96 21.23
599.6 29153.88 6303.15 21.62
601.0 29216.28 6428.19 22.00
602.4 29261.60 6548.11 22.38
603.9 29364.60 6682.49 22.76
605.3 29484.10 6810.52 23.10
606.7 29584.80 6931.80 23.43
608.1 29785.49 7077.47 23.76
609.5 30013.28 7222.47 24.06
610.9 30296.78 7381.13 24.36
612.3 30557.28 7528.10 24.64
613.7 30914.00 7703.08 24.92
615.1 31159.08 7841.61 25.17
616.5 31406.64 7979.26 25.41
617.9 31801.61 8151.92 25.63
619.3 32170.62 8329.95 25.89
620.7 32635.92 8536.89 26.16
622.1 33083.75 8662.46 26.18
623.5 33564.04 8749.09 26.07
624.9 34116.86 8818.16 25.85
626.3 34490.69 8894.45 25.79
627.7 34145.81 8910.29 26.09
629.1 33851.16 8997.45 26.58
630.5 33743.57 9174.71 27.19
631.9 33775.53 9408.11 27.85
633.3 33808.52 9624.95 28.47
634.7 33992.91 9811.58 28.86
636.1 34075.08 9934.10 29.15
637.5 34196.58 10043.80 29.37
638.9 34374.61 10082.21 29.33
640.2 34545.58 10039.93 29.06
641.6 34634.34 9906.39 28.60
643.0 34657.83 9773.04 28.20
644.4 34696.37 9577.61 27.60
645.8 34653.86 9324.20 26.91
647.2 34834.41 9150.12 26.27
648.5 34958.93 8989.73 25.72
649.9 34861.32 8787.58 25.21
651.3 34789.65 8608.80 24.75
652.7 34680.00 8421.38 24.28
654.1 34452.30 8277.90 24.03
655.5 34172.42 8137.30 23.81
656.8 33904.63 7998.63 23.59
658.2 34070.04 7942.86 23.31
659.6 34442.82 7903.56 22.95
660.9 34748.70 7815.83 22.49
662.3 35067.95 7721.66 22.02
663.7 35364.00 7613.55 21.53
665.0 35617.00 7474.09 20.98
666.4 35877.31 7354.50 20.50
667.8 36209.10 7267.51 20.07
669.1 36482.80 7191.24 19.71
670.5 36799.72 7136.50 19.39
671.9 36995.40 7093.08 19.17
673.2 37270.13 7107.40 19.07
674.6 37530.47 7135.99 19.01
676.0 37841.78 7213.34 19.06
677.3 38141.57 7334.60 19.23
678.7 38483.75 7517.19 19.53
680.0 38922.37 7803.74 20.05
681.4 39389.45 8171.49 20.75
682.8 39844.35 8665.48 21.75
684.1 40287.78 9285.12 23.05
685.5 40705.56 10040.05 24.67
686.8 41091.84 10929.78 26.60
688.2 41433.89 11956.95 28.86
689.5 41549.57 13019.15 31.33
690.9 41633.44 14155.37 34.00
692.2 41697.60 15333.15 36.77
693.6 41771.65 16541.91 39.60
694.9 41721.88 17682.37 42.38
696.2 41751.90 18829.24 45.10
697.6 41766.04 19924.23 47.70
698.9 41796.48 20977.44 50.19
700.3 41844.24 21983.45 52.54
701.6 41918.48 22949.63 54.75
703.0 41979.40 23853.36 56.82
704.3 41981.71 24644.26 58.70
705.6 41967.18 25348.55 60.40
707.0 41980.75 26025.25 61.99
708.3 41872.71 26556.65 63.42
709.6 41753.67 27040.53 64.76
711.0 41589.99 27443.44 65.99
712.3 41418.66 27791.08 67.10
713.6 41354.04 28178.43 68.14
714.9 41240.96 28514.06 69.14
716.3 41218.54 28890.62 70.09
717.6 41221.95 29254.19 70.97
718.9 41134.56 29505.12 71.73
720.2 40936.00 29653.02 72.44
721.6 40765.66 29808.81 73.12
722.9 40572.15 29932.67 73.78
724.2 40305.71 29972.03 74.36
725.5 40134.57 30037.73 74.84
726.8 39960.91 30091.06 75.30
728.1 39855.98 30180.83 75.72
729.5 39766.23 30243.57 76.05
730.8 39707.44 30316.44 76.35
732.1 39612.07 30342.52 76.60
733.4 39556.45 30392.97 76.83
734.7 39507.57 30433.09 77.03
736.0 39511.29 30516.92 77.24
737.3 39463.58 30541.54 77.39
738.6 39569.04 30723.06 77.64
739.9 39770.92 30967.79 77.87
741.2 39928.98 31171.14 78.07
742.5 40206.42 31481.25 78.30
743.8 40696.43 31932.86 78.47
745.1 41398.16 32576.74 78.69
746.4 42245.84 33272.10 78.76
747.7 43136.62 34011.11 78.85
749.0 43980.49 34718.78 78.94
750.3 44484.44 35137.90 78.99
751.6 44396.66 35110.10 79.08
752.9 43969.12 34805.93 79.16
754.2 43470.53 34480.22 79.32
755.4 42928.75 34098.44 79.43
756.7 42746.48 34007.91 79.56
758.0 42774.71 34101.53 79.72
759.3 43048.01 34397.77 79.91
760.6 43418.76 34771.66 80.08
761.9 43775.94 35126.43 80.24
763.1 43996.61 35348.21 80.34
764.4 44239.34 35603.79 80.48
765.7 44424.25 35810.13 80.61
767.0 44583.75 35975.78 80.69
768.2 44688.00 36106.56 80.80
769.5 44782.92 36222.08 80.88
770.8 44990.42 36435.66 80.99
772.0 45014.41 36504.64 81.10
773.3 45100.97 36637.77 81.24
774.6 45226.84 36785.60 81.34
775.8 45313.45 36935.84 81.51
777.1 45344.81 36990.72 81.58
778.4 45245.88 36961.70 81.69
779.6 45226.44 37018.64 81.85
780.9 45132.00 36994.00 81.97
782.1 44952.26 36888.71 82.06
783.4 44936.32 36944.96 82.22
784.6 44935.72 36987.76 82.31
785.9 45255.62 37310.13 82.44
787.1 45836.93 37876.55 82.63
788.4 46288.94 38345.81 82.84
789.6 46219.23 38309.88 82.89
790.9 45788.99 37933.35 82.84
792.1 45296.16 37544.28 82.89
793.4 44771.54 37163.44 83.01
794.6 44415.30 36952.31 83.20
795.8 44134.47 36755.55 83.28
797.1 43801.05 36535.95 83.41
798.3 43569.08 36408.90 83.57
799.5 43411.48 36356.38 83.75
800.8 43273.13 36259.71 83.79
802.0 43071.08 36166.78 83.97
803.2 42890.28 36047.00 84.04
804.5 42742.15 35965.18 84.14
805.7 42601.95 35867.95 84.19
806.9 42426.40 35770.13 84.31
808.1 42305.67 35728.11 84.45
809.4 42221.44 35701.05 84.56
810.6 42105.70 35642.43 84.65
811.8 42062.43 35640.35 84.73
813.0 42071.08 35657.44 84.76
814.2 42081.20 35701.52 84.84
815.4 42185.03 35802.70 84.87
816.6 42225.34 35827.34 84.85
817.9 42273.21 35862.71 84.84
819.1 42166.58 35787.17 84.87
820.3 42039.03 35618.62 84.73
821.5 41905.07 35477.64 84.66
822.7 41849.58 35404.80 84.60
823.9 41838.35 35386.36 84.58
825.1 41851.34 35333.14 84.43
826.3 41890.94 35322.48 84.32
827.5 41937.05 35299.97 84.17
828.7 42011.28 35271.60 83.96
829.9 42039.57 35247.12 83.84
831.0 42140.75 35280.41 83.72
832.2 42235.78 35311.28 83.61
833.4 42305.18 35328.76 83.51
834.6 42417.19 35367.19 83.38
835.8 42496.65 35409.15 83.32
837.0 42597.61 35474.97 83.28
838.1 42745.68 35613.37 83.31
839.3 42856.00 35675.19 83.24
840.5 42989.60 35767.15 83.20
841.7 43156.80 35876.59 83.13
842.9 43298.86 36035.04 83.22
844.0 43430.88 36123.66 83.18
845.2 43568.90 36260.98 83.23
846.4 43732.15 36331.53 83.08
847.5 43960.00 36539.00 83.12
848.7 44164.79 36724.41 83.15
849.9 44393.85 36879.37 83.07
851.0 44478.08 36952.50 83.08
852.2 44569.63 37018.65 83.06
853.3 44562.81 36992.06 83.01
854.5 44594.90 36993.77 82.96
855.6 44615.97 37015.16 82.96
856.8 44687.86 37054.52 82.92
857.9 44681.40 37080.16 82.99
859.1 44832.20 37209.30 83.00
860.2 44876.88 37240.40 82.98
861.4 44954.55 37281.71 82.93
862.5 45021.69 37330.81 82.92
863.7 45150.84 37415.94 82.87
864.8 45213.35 37442.83 82.81
865.9 45167.77 37391.27 82.78
867.1 45241.43 37448.98 82.78
868.2 45295.54 37473.98 82.73
869.3 45314.27 37476.16 82.70
870.5 45282.48 37429.03 82.66
871.6 45315.83 37412.41 82.56
872.7 45413.27 37515.31 82.61
873.9 45478.16 37552.01 82.57
875.0 45456.71 37489.84 82.47
876.1 45452.45 37449.56 82.39
877.2 45498.99 37447.18 82.30
878.3 45519.98 37399.66 82.16
879.4 45563.53 37421.68 82.13
880.5 45631.08 37421.46 82.01
881.7 45596.20 37357.45 81.93
882.8 45693.96 37371.87 81.79
883.9 45722.91 37346.36 81.68
885.0 45675.63 37273.37 81.60
886.1 45712.78 37212.65 81.41
887.2 45537.58 37064.95 81.39
888.3 45475.07 36932.20 81.21
889.4 45347.40 36790.78 81.13
890.5 45259.13 36681.87 81.05
891.6 45193.70 36563.68 80.90
892.7 45201.31 36497.62 80.74
893.8 45270.56 36480.82 80.58
894.9 45248.28 36465.22 80.59
896.0 45235.90 36365.84 80.39
897.0 45257.72 36362.20 80.34
898.1 45230.13 36300.19 80.26
899.2 45252.30 36248.54 80.10
900.3 45165.90 36113.94 79.96
901.4 45101.16 35980.05 79.78
902.4 45077.20 35957.59 79.77
903.5 45018.01 35848.03 79.63
904.6 45035.56 35807.90 79.51
905.7 45038.93 35750.97 79.38
906.7 44985.82 35683.22 79.32
907.8 45025.57 35650.49 79.18
908.9 44904.57 35512.60 79.08
909.9 44897.74 35432.99 78.92
911.0 44830.08 35277.58 78.69
912.1 44749.25 35155.21 78.56
913.1 44707.00 35024.60 78.34
914.2 44554.62 34825.67 78.16
915.2 44505.45 34705.26 77.98
916.3 44491.35 34662.45 77.91
917.3 44461.10 34535.40 77.68
918.4 44383.35 34315.19 77.32
919.4 44330.69 34216.40 77.18
920.5 44315.70 34083.84 76.91
921.5 44285.78 33965.30 76.70
922.6 44268.10 33804.06 76.36
923.6 44262.16 33672.87 76.08
924.7 44333.00 33550.75 75.68
925.7 44276.22 33416.22 75.47
926.7 44252.98 33266.53 75.17
927.8 44374.33 33131.13 74.66
928.8 44502.63 33060.86 74.29
929.9 44598.23 32976.69 73.94
930.9 44802.27 32962.32 73.57
931.9 45011.35 32896.46 73.08
932.9 45355.12 32983.95 72.72
934.0 45370.16 32867.59 72.44
935.0 45397.97 32661.09 71.94
936.0 45413.73 32431.61 71.41
937.0 45319.95 32247.35 71.15
938.1 45295.44 32012.60 70.68
939.1 45257.91 31816.33 70.30
940.1 45342.90 31685.40 69.88
941.1 45568.46 31611.27 69.37
942.1 45803.34 31618.68 69.03
943.1 45999.43 31509.67 68.50
944.1 46171.28 31481.59 68.18
945.2 46338.18 31339.14 67.63
946.2 46411.22 31206.86 67.24
947.2 46518.25 31023.31 66.69
948.2 46693.82 30934.31 66.25
949.2 46838.19 30732.81 65.61
950.2 46912.95 30523.63 65.06
951.2 46909.80 30302.16 64.60
952.2 47054.57 30180.88 64.14
953.2 47260.85 30085.17 63.66
954.2 47365.65 29923.88 63.18
955.2 47408.68 29741.80 62.73
956.2 47434.65 29462.71 62.11
957.2 47543.77 29367.62 61.77
958.2 47601.59 29255.66 61.46
959.2 47735.55 29220.75 61.21
960.1 47775.14 29138.24 60.99
961.1 47870.63 29035.71 60.65
962.1 47933.44 28998.75 60.50
963.1 48032.50 28978.21 60.33
964.1 48057.21 28912.77 60.16
965.1 48243.99 28946.39 60.00
966.1 48335.33 28898.90 59.79
967.0 48410.39 29009.82 59.92
968.0 48434.88 28936.20 59.74
969.0 48556.60 28964.90 59.65
970.0 48603.65 28914.98 59.49
971.0 48737.12 28936.95 59.37
971.9 48722.90 28919.63 59.36
972.9 48879.95 28878.02 59.08
973.9 48859.53 28948.56 59.25
974.9 49044.08 28952.44 59.03
975.8 49101.73 28893.39 58.84
976.8 49135.91 28902.59 58.82
977.8 49315.41 28926.61 58.66
978.8 49372.50 28925.48 58.59
979.7 49504.50 28895.96 58.37
980.7 49626.72 28829.63 58.09
981.7 49868.69 28999.49 58.15
982.6 50026.42 29118.07 58.21
983.6 50542.44 29264.24 57.90
984.6 51139.74 29434.03 57.56
985.5 51570.00 29876.22 57.93
986.5 52881.11 30353.28 57.40
987.5 53801.49 30658.60 56.98
988.4 54737.10 31529.85 57.60
989.4 56052.04 32395.33 57.80
990.4 57074.27 33135.19 58.06
991.3 59136.61 35107.04 59.37
992.3 61232.97 34626.95 56.55
993.2 62381.81 35678.81 57.19
994.2 63759.15 36180.79 56.75
995.2 64627.45 37909.17 58.66
996.1 65405.36 38662.51 59.11
997.1 65143.00 38108.66 58.50
998.0 67149.60 38199.90 56.89
999.0 66846.51 38120.58 57.03
1000.0 67127.69 37876.52 56.42
1000.9 65712.83 39545.75 60.18
1001.9 66491.34 38921.76 58.54
1002.8 64393.95 38469.11 59.74
1003.8 65025.46 38840.71 59.73
1004.8 66172.20 39246.96 59.31
961.5 59748.86 31614.69 52.91
965.5 58598.35 31218.34 53.28
969.5 56260.49 30546.93 54.30
973.4 53913.29 29796.56 55.27
977.4 51859.95 29119.54 56.15
981.4 50850.20 28887.81 56.81
985.3 50481.20 28925.07 57.30
989.3 50535.22 29192.44 57.77
993.3 50635.09 29558.22 58.37
997.2 50595.02 29844.47 58.99
1001.2 50545.04 30129.97 59.61
1005.2 50473.33 30426.62 60.28
1009.1 50535.74 30841.99 61.03
1013.1 50697.93 31348.95 61.83
1017.1 50843.90 31853.31 62.65
1021.0 50855.49 32290.71 63.50
1025.0 50816.26 32713.55 64.38
1029.0 50641.08 33031.50 65.23
1032.9 50496.42 33360.47 66.07
1036.9 50486.34 33765.75 66.88
1040.9 50614.23 34248.81 67.67
1044.8 50848.91 34793.20 68.42
1048.8 51055.33 35277.98 69.10
1052.7 51200.97 35685.38 69.70
1056.7 51265.76 35987.04 70.20
1060.7 51328.86 36210.37 70.55
1064.6 51364.29 36379.76 70.83
1068.6 51285.22 36426.20 71.03
1072.5 51205.93 36410.62 71.11
1076.5 51155.97 36344.54 71.05
1080.4 51154.95 36234.58 70.83
1084.4 51258.31 36158.77 70.54
1088.3 51367.47 36049.78 70.18
1092.3 51376.13 35793.54 69.67
1096.2 51342.58 35472.53 69.09
1100.2 51360.86 35201.73 68.54
1104.1 51244.60 34819.47 67.95
1108.1 51175.76 34437.84 67.29
1112.0 51059.75 34014.47 66.62
1116.0 50831.30 33468.57 65.84
1119.9 50653.13 32847.65 64.85
1123.9 50703.41 32287.58 63.68
1127.8 50649.60 31461.12 62.12
1131.8 50608.23 30399.99 60.07
1135.7 50617.81 29179.95 57.65
1139.6 50606.06 27844.90 55.02
1143.6 50555.26 26568.17 52.55
1147.5 50517.05 25487.09 50.45
1151.4 50365.69 24589.09 48.82
1155.4 50355.11 24001.00 47.66
1159.3 50376.78 23601.28 46.85
1163.2 50207.59 23258.80 46.33
1167.2 50161.80 23063.10 45.98
1171.1 50174.37 22936.25 45.71
1175.0 50101.08 22787.45 45.48
1179.0 50065.70 22658.69 45.26
1182.9 50165.17 22605.14 45.06
1186.8 50159.61 22495.68 44.85
1190.7 49934.95 22299.29 44.66
1194.7 49665.47 22120.67 44.54
1198.6 49438.62 22006.22 44.51
1202.5 49264.40 21939.81 44.53
1206.4 49122.14 21903.50 44.59
1210.3 49037.26 21925.51 44.71
1214.2 48930.30 21969.46 44.90
1218.2 48765.56 22004.95 45.12
1222.1 48630.48 22076.78 45.40
1226.0 48538.40 22169.07 45.67
1229.9 48450.48 22260.00 45.94
1233.8 48352.03 22339.69 46.20
1237.7 48317.50 22404.36 46.37
1241.6 48229.08 22452.84 46.55
1245.5 48061.09 22479.26 46.77
1249.4 47934.98 22498.44 46.94
1253.3 47803.87 22490.18 47.05
1257.2 47735.46 22505.12 47.15
1261.1 47624.11 22508.60 47.26
1265.0 47490.52 22477.82 47.33
1268.9 47304.07 22378.20 47.31
1272.8 47372.70 22366.80 47.21
1276.7 47590.81 22386.64 47.04
1280.6 47691.16 22337.19 46.84
1284.5 47615.01 22175.82 46.57
1288.4 47591.67 22011.18 46.25
1292.3 47467.75 21771.75 45.87
1296.2 47318.59 21478.60 45.39
1300.1 47148.87 21134.78 44.83
1303.9 46897.39 20731.69 44.21
1307.8 46639.44 20303.01 43.53
1311.7 46386.67 19841.88 42.77
1315.6 46123.85 19342.18 41.94
1319.5 45848.18 18802.46 41.01
1323.3 45606.50 18255.19 40.03
1327.2 45386.16 17718.31 39.04
1331.1 45132.53 17180.96 38.07
1335.0 44824.46 16612.38 37.06
1338.8 44600.56 16091.30 36.08
1342.7 44421.07 15627.87 35.18
1346.5 44042.02 15130.02 34.35
1350.4 43720.62 14679.66 33.58
1354.3 43279.60 14206.36 32.82
1358.1 42799.92 13725.83 32.07
1362.0 42533.76 13305.66 31.28
1365.8 42447.40 12948.60 30.51
1369.7 42569.31 12617.70 29.64
1373.5 42515.11 12165.22 28.61
1377.4 42239.08 11539.74 27.32
1381.2 42024.35 10818.23 25.74
1385.1 42007.68 10065.76 23.96
1389.0 41913.21 9280.91 22.14
1392.8 41686.58 8502.52 20.40
1396.6 41522.45 7777.31 18.73
1400.5 41297.26 7133.66 17.27
1404.3 41119.22 6598.81 16.05
1408.2 41089.83 6190.18 15.06
1412.0 41038.18 5868.46 14.30
1415.8 41063.56 5621.39 13.69
1419.6 41020.11 5420.43 13.21
1423.5 40984.07 5268.14 12.85
1427.3 40938.38 5155.29 12.59
1431.1 40915.35 5077.80 12.41
1434.9 40812.08 5004.40 12.26
1438.8 40755.58 4963.36 12.18
1442.6 40720.04 4936.81 12.12
1446.4 40579.53 4902.74 12.08
1450.2 40476.97 4883.25 12.06
1454.0 40349.16 4860.96 12.05
1457.8 40313.93 4861.95 12.06
1461.6 40291.52 4881.89 12.12
1465.4 40157.17 4904.66 12.21
1469.2 39958.10 4932.20 12.34
1473.0 39808.79 4979.80 12.51
1476.8 39739.71 5063.99 12.74
1480.7 39668.27 5157.38 13.00
1484.4 39532.92 5257.68 13.30
1488.2 39418.92 5383.08 13.66
1492.0 39281.08 5514.45 14.04
1495.8 39157.30 5635.18 14.39
1499.6 39041.55 5733.96 14.69
1503.4 38891.42 5811.52 14.94
1507.2 38758.78 5843.47 15.08
1510.9 38603.27 5866.87 15.20
1514.7 38431.80 5962.14 15.51
1518.5 38296.78 6097.33 15.92
1522.3 38148.01 6199.67 16.25
1526.0 38038.86 6250.13 16.43
1529.8 37977.87 6283.97 16.55
1533.6 37845.65 6352.62 16.79
1537.3 37710.11 6446.69 17.10
1541.1 37580.52 6552.98 17.44
1544.8 37449.60 6667.20 17.80
1548.6 37314.89 6764.86 18.13
1552.4 37219.38 6844.94 18.39
1556.1 37135.69 6919.11 18.63
1559.9 37030.39 6983.30 18.86
1563.6 36900.49 7057.11 19.12
1567.3 36782.10 7153.27 19.45
1571.1 36560.28 7226.09 19.76
1574.8 36404.14 7306.61 20.07
1578.6 36302.38 7393.25 20.37
1582.3 36157.52 7446.51 20.59
1586.0 36009.48 7477.92 20.77
1589.8 35863.84 7513.94 20.95
1593.5 35710.53 7544.68 21.13
1597.2 35575.62 7582.36 21.31
1600.9 35432.24 7619.91 21.51
1604.7 35280.85 7665.57 21.73
1608.4 35142.04 7713.64 21.95
1612.1 34980.47 7742.47 22.13
1615.8 34834.07 7771.38 22.31
1619.5 34752.20 7815.63 22.49
1623.2 34595.03 7843.09 22.67
1626.9 34406.93 7856.97 22.84
1630.6 34230.90 7874.68 23.00
1634.3 34081.71 7894.77 23.16
1638.0 33920.36 7896.03 23.28
1641.7 33748.10 7897.78 23.40
1645.4 33556.70 7895.41 23.53
1649.1 33353.05 7873.97 23.61
1652.8 33189.89 7866.50 23.70
1656.4 33018.59 7840.88 23.75
1660.1 32845.97 7811.13 23.78
1663.8 32642.92 7761.14 23.78
1667.5 32483.35 7715.50 23.75
1671.1 32351.26 7676.10 23.73
1674.8 32144.07 7614.91 23.69
1678.5 32080.00 7592.91 23.67
1682.1 32102.13 7566.11 23.57
1685.8 32123.16 7527.25 23.43
1689.5 32018.65 7457.63 23.29
1693.1 31881.24 7384.92 23.16
1696.8 31732.38 7319.75 23.07
1700.4 31582.94 7234.13 22.91
1704.0 31466.76 7149.69 22.72
1707.7 31189.67 7030.27 22.54
1711.3 30882.00 6886.00 22.30
1715.0 30659.79 6768.92 22.08
1718.6 30484.31 6660.88 21.85
1722.2 30333.58 6561.80 21.63
1725.9 30181.80 6466.84 21.43
1729.5 30037.98 6392.24 21.28
1733.1 29910.73 6340.56 21.20
1736.7 29788.38 6290.18 21.12
1740.3 29614.18 6229.40 21.04
1744.0 29528.30 6169.70 20.89
1747.5 29373.44 6082.70 20.71
1751.2 29138.63 5977.28 20.51
1754.8 28975.37 5883.80 20.31
1758.4 28834.48 5807.42 20.14
1762.0 28639.33 5719.27 19.97
1765.5 28498.38 5652.37 19.83
1769.1 28452.00 5623.20 19.76
1772.7 28378.96 5582.83 19.67
1776.3 28252.73 5529.72 19.57
1779.9 28119.54 5480.22 19.49
1783.5 28061.20 5443.60 19.40
1787.0 27938.82 5405.34 19.35
1790.6 27774.17 5360.99 19.30
1794.2 27666.21 5329.00 19.26
1797.8 27558.84 5309.05 19.26
1801.3 27465.68 5295.84 19.28
1804.9 27315.75 5268.38 19.29
1808.4 27221.13 5244.59 19.27
1812.0 27071.27 5220.95 19.29
1815.5 26907.62 5184.70 19.27
1819.1 26703.43 5146.86 19.27
1822.6 26545.43 5116.88 19.28
1826.2 26400.51 5076.34 19.23
1829.7 26207.46 5019.34 19.15
1833.2 25952.41 4954.64 19.09
1836.8 25712.51 4904.90 19.08
1840.3 25567.16 4858.52 19.00
1843.8 25454.03 4805.43 18.88
1847.3 25371.56 4764.73 18.78
1850.8 25264.51 4713.41 18.66
1854.3 25105.60 4639.42 18.48
1857.8 25027.60 4544.80 18.16
1861.3 25027.70 4403.02 17.59
1864.8 24948.54 4210.53 16.88
1868.3 24715.93 3958.96 16.02
1871.8 24529.92 3701.76 15.09
1875.3 24489.01 3426.61 13.99
1878.8 24485.84 3170.94 12.95
1882.3 24423.29 2953.04 12.09
1885.8 24245.59 2730.54 11.26
1889.3 24030.42 2560.69 10.66
1892.7 23852.68 2408.29 10.10
1896.2 23673.74 2305.63 9.74
1899.7 23427.69 2249.93 9.60
1903.1 23323.61 2224.99 9.54
1906.6 23396.53 2326.82 9.95
1910.0 23683.33 2543.46 10.74
1913.5 24138.15 2895.46 12.00
1917.0 24628.98 3434.03 13.94
1920.4 25146.40 3929.13 15.63
1923.8 25520.19 4172.09 16.35
1871.2 22263.77 2415.25 10.85
1873.9 22507.55 2373.17 10.54
1876.7 22626.01 2256.61 9.97
1879.5 22737.83 2061.92 9.07
1882.3 22382.76 1921.62 8.59
1885.1 22317.18 1775.72 7.96
1887.8 22505.15 1632.84 7.26
1890.6 22306.26 1496.96 6.71
1893.4 22256.67 1444.67 6.49
1896.2 22163.50 1375.33 6.21
1898.9 22083.42 1265.40 5.73
1901.7 21937.94 1252.09 5.71
1904.5 22143.94 1248.44 5.64
1907.2 22059.00 1220.75 5.53
1910.0 21927.95 1219.18 5.56
1912.7 21918.25 1176.98 5.37
1915.5 21816.04 1174.16 5.38
1918.2 21741.95 1209.48 5.56
1921.0 21589.30 1182.79 5.48
1923.7 21620.81 1177.26 5.45
1926.5 21581.93 1178.91 5.46
1929.2 21568.04 1173.64 5.44
1932.0 21551.20 1185.00 5.50
1934.7 21508.34 1163.12 5.41
1937.4 21385.99 1144.52 5.35
1940.2 21322.79 1167.87 5.48
1942.9 21412.44 1193.64 5.57
1945.6 21432.94 1186.86 5.54
1948.3 21347.13 1179.27 5.52
1951.1 21319.83 1207.01 5.66
1953.8 21321.00 1212.00 5.68
1956.5 21174.65 1218.97 5.76
1959.2 21255.91 1246.83 5.87
1961.9 21274.22 1269.48 5.97
1964.6 21161.18 1276.28 6.03
1967.3 21232.43 1272.70 5.99
1970.0 21063.36 1266.88 6.01
1972.8 20962.32 1288.45 6.15
1975.5 21019.32 1311.15 6.24
1978.2 20951.00 1308.16 6.24
1980.9 20833.51 1317.58 6.32
1983.5 20753.87 1329.11 6.40
1986.2 20730.84 1350.24 6.51
1988.9 20710.47 1382.25 6.67
1991.6 20560.54 1352.74 6.58
1994.3 20429.18 1348.85 6.60
1997.0 20463.02 1412.83 6.90
1999.7 20411.81 1418.60 6.95
2002.3 20392.69 1423.95 6.98
2005.0 20300.64 1441.21 7.10
2007.7 20215.73 1441.93 7.13
2010.4 20150.59 1461.76 7.25
2013.0 20054.41 1490.78 7.43
2015.7 19971.23 1477.67 7.40
2018.4 19850.99 1466.56 7.39
2021.0 19776.67 1487.50 7.52
2023.7 19665.12 1498.13 7.62
2026.4 19623.72 1495.65 7.62
2029.0 19549.52 1521.11 7.78
2031.7 19389.93 1518.18 7.83
2034.3 19392.75 1509.73 7.79
2037.0 19277.12 1534.18 7.96
2039.6 19203.81 1547.33 8.06
2042.3 19169.68 1530.54 7.98
2044.9 19085.22 1545.56 8.10
2047.5 19057.17 1551.17 8.14
2050.2 18939.20 1534.40 8.10
2052.8 18894.40 1565.20 8.28
2055.4 18768.37 1571.74 8.37
2058.1 18622.80 1573.60 8.45
2060.7 18569.98 1568.00 8.44
2063.3 18475.60 1580.04 8.55
2065.9 18427.79 1588.46 8.62
2068.6 18352.42 1574.50 8.58
2071.2 18299.61 1579.14 8.63
2073.8 18217.15 1581.06 8.68
2076.4 18153.52 1580.15 8.70
2079.0 18135.74 1598.89 8.82
2081.6 18151.63 1623.29 8.94
2084.2 18112.28 1611.17 8.90
2086.8 17948.60 1606.49 8.95
2089.4 17865.33 1594.21 8.92
2092.1 17782.00 1609.33 9.05
2094.7 17712.75 1638.50 9.25
2097.2 17685.67 1634.83 9.24
2099.8 17677.80 1639.68 9.28
2102.4 17557.58 1637.76 9.33
2105.0 17419.20 1635.90 9.39
2107.6 17352.05 1663.43 9.59
2110.2 17317.12 1673.74 9.67
2112.8 17308.85 1660.73 9.59
2115.3 17299.79 1671.38 9.66
2117.9 17305.54 1677.16 9.69
2120.5 17283.04 1681.96 9.73
2123.1 17169.75 1702.35 9.91
2125.6 17130.75 1695.51 9.90
2128.2 17041.98 1703.32 9.99
2130.8 16938.68 1719.90 10.15
2133.3 16907.73 1710.13 10.11
2135.9 16811.63 1688.52 10.04
2138.4 16669.29 1691.39 10.15
2141.0 16557.51 1698.36 10.26
2143.6 16519.94 1732.62 10.49
2146.1 16331.26 1721.86 10.54
2148.7 16166.35 1682.71 10.41
2151.2 16200.80 1724.80 10.65
2153.8 16223.65 1736.57 10.70
2156.3 16092.71 1715.89 10.66
2158.8 16012.97 1698.17 10.60
2161.4 15977.02 1724.78 10.80
2163.9 15879.72 1739.52 10.95
2166.4 15806.34 1714.87 10.85
2169.0 15776.77 1711.91 10.85
2171.5 15691.03 1697.13 10.82
2174.0 15580.08 1701.70 10.92
2176.5 15568.93 1716.26 11.02
2179.1 15528.15 1719.66 11.07
2181.6 15436.46 1709.42 11.07
2184.1 15393.84 1700.16 11.04
2186.6 15412.36 1722.95 11.18
2189.1 15330.96 1723.77 11.24
2191.6 15265.13 1724.80 11.30
2194.1 15289.63 1727.27 11.30
2196.6 15291.79 1728.90 11.31
2199.2 15355.64 1737.19 11.31
2201.7 15282.97 1737.11 11.37
2204.1 15217.08 1729.88 11.37
2206.6 15263.16 1726.99 11.31
2209.1 15196.78 1722.18 11.33
2211.6 15154.34 1720.61 11.35
2214.1 15142.04 1741.16 11.50
2216.6 15136.36 1732.04 11.44
2219.1 15121.17 1728.24 11.43
2221.6 15017.30 1732.03 11.53
2224.0 14973.30 1695.45 11.32
2226.5 14953.65 1647.57 11.02
2229.0 14990.65 1663.51 11.10
2231.5 14856.57 1673.71 11.27
2233.9 14819.93 1643.24 11.09
2236.4 14830.12 1628.92 10.98
2238.9 14725.00 1604.25 10.89
2241.3 14738.24 1593.53 10.81
2243.8 14703.26 1605.19 10.92
2246.2 14560.76 1570.05 10.78
2248.7 14543.49 1531.10 10.53
2251.2 14547.02 1564.24 10.75
2253.6 14461.44 1559.04 10.78
2256.1 14411.52 1482.24 10.29
2258.5 14448.51 1475.20 10.21
2260.9 14358.24 1449.63 10.10
2263.4 14286.28 1404.83 9.83
2265.8 14286.52 1450.19 10.15
2268.3 14242.68 1420.04 9.97
2270.7 14293.95 1389.48 9.72
2273.1 14208.68 1365.26 9.61
2275.6 14138.88 1340.16 9.48
2278.0 14162.68 1349.01 9.53
2280.4 14119.54 1316.13 9.32
2282.8 13992.20 1281.52 9.16
2285.3 14040.77 1283.15 9.14
2287.7 14128.29 1304.27 9.23
2290.1 13998.75 1288.79 9.21
2292.5 13976.47 1281.77 9.17
2294.9 14012.61 1264.53 9.02
2297.3 13889.96 1241.87 8.94
2299.7 13787.58 1192.40 8.65
2302.1 13749.17 1143.15 8.31
2304.5 13602.40 1140.72 8.39
2306.9 13496.56 1121.12 8.31
2309.3 13451.64 1132.40 8.42
2311.7 13329.30 1130.40 8.48
2314.1 13154.03 1086.98 8.26
2316.5 13124.14 1087.44 8.29
2318.9 13145.46 1099.73 8.37
2321.3 13101.23 1089.46 8.32
2323.7 13118.10 1122.13 8.55
2326.1 13081.38 1132.43 8.66
2328.4 13108.17 1098.45 8.38
2330.8 13202.52 1104.30 8.36
2333.2 13104.54 1083.12 8.27
2335.6 13023.78 1046.22 8.03
2337.9 13062.53 1026.64 7.86
2340.3 13002.24 999.20 7.68
2342.7 12902.35 1024.06 7.94
2345.0 12884.39 1070.16 8.31
2347.4 12860.50 1011.50 7.87
2349.7 12661.22 961.13 7.59
2352.1 12633.43 973.45 7.71
2354.4 12658.59 975.72 7.71
2356.8 12578.77 979.88 7.79
2359.2 12527.67 949.00 7.58
2361.5 12479.13 977.39 7.83
2363.8 12494.29 970.56 7.77
2366.2 12489.73 909.15 7.28
2368.5 12451.10 890.00 7.15
2370.9 12453.76 925.98 7.44
2373.2 12415.30 944.30 7.61
2375.5 12276.33 895.95 7.30
2377.9 12211.78 902.55 7.39
2380.2 12242.21 948.41 7.75
2382.5 12139.99 900.62 7.42
2384.8 12068.64 858.40 7.11
2387.2 12086.52 881.41 7.29
2389.5 12068.58 864.07 7.16
2391.8 12016.43 831.83 6.92
2394.1 11909.46 849.31 7.13
2396.4 11863.59 846.71 7.14
2398.7 11940.46 823.31 6.90
2401.0 11823.50 815.93 6.90
2403.3 11693.04 841.62 7.20
2405.6 11741.09 809.73 6.90
2407.9 11668.29 761.52 6.53
2410.2 11575.79 797.12 6.89
2412.5 11525.22 792.74 6.88
2414.8 11512.67 785.66 6.82
2417.1 11505.36 779.41 6.77
2419.4 11477.63 771.08 6.72
2421.7 11364.91 762.22 6.71
2424.0 11316.90 734.38 6.49
2426.2 11347.35 700.85 6.18
2428.5 11281.78 719.31 6.38
2430.8 11243.35 703.05 6.25
2433.1 11179.50 663.80 5.94
2435.4 11100.48 704.97 6.35
2437.6 11066.91 710.57 6.42
2439.9 10932.41 673.80 6.16
2442.2 10967.11 699.67 6.38
2444.4 10975.51 740.89 6.75
2446.7 10909.12 724.16 6.64
2448.9 10931.40 669.15 6.12
2451.2 10853.16 625.80 5.77
2453.4 10787.73 662.93 6.15
2455.7 10721.98 632.49 5.90
2457.9 10647.12 628.82 5.91
2460.2 10665.45 659.66 6.18
2462.4 10576.80 624.00 5.90
2464.7 10503.38 586.68 5.59
2466.9 10471.02 558.54 5.33
2469.2 10480.86 622.24 5.94
2471.4 10359.57 603.98 5.83
2473.6 10250.05 528.91 5.16
2475.9 10220.96 589.28 5.77
2478.1 10124.53 567.03 5.60
2480.3 10080.49 501.24 4.97
2482.5 10057.71 521.83 5.19
2484.8 9961.32 611.66 6.14
2487.0 9924.93 577.72 5.82
2489.2 9935.52 520.15 5.24
2491.4 9875.23 530.27 5.37
2493.6 9884.14 564.36 5.71
2495.8 9866.24 578.04 5.86
2498.0 9849.60 494.51 5.02
2500.2 9865.68 522.35 5.29
2502.4 10096.56 568.32 5.63
2504.6 10244.49 572.79 5.59
2506.8 10345.65 623.47 6.03
