/*** Spectra Vista SIG Data ***/
name= \My Documents\HR1024_Data\GD2S7.
instrument= HR: 1091052
integration= 200, 60, 30, 200, 60, 30
scan time= 1, 1
scan settings= AD, AI, AD, AI
external data set1= 8224, 8224, 8224, 8224, 8224, 8224, 8224, 8224, 8224, 8224, 8224, 8224, 8224, 8224, 8224, 8224
external data set2= 8224, 8224, 8224, 8224, 8224, 8224, 8224, 8224, 8224, 8224, 8224, 8224, 8224, 8224, 8224, 8224
external data dark= 0,0,0,0,0,0,0,0
external data mask= 0
optic= LENS4 , LENS4 
temp= 32.26, 8.88, -5.37, 42.57, 8.94, -5.24
battery= 7.0, 6.5
error= 0, 0
units= Radiance, Radiance
time= 1/15/08 9:53:06 AM, 1/15/08 10:30:42 AM
longitude= , 
latitude= , 
gpstime= , 
comm= 
memory slot= 0, 0
factors= 
data= 
346.4 509.60 210.21 41.25
347.9 549.06 200.80 36.57
349.5 608.40 205.92 33.85
351.1 655.20 205.92 31.43
352.6 708.40 218.21 30.80
354.2 752.68 219.26 29.13
355.7 818.30 235.73 28.81
357.3 873.81 242.73 27.78
358.8 891.23 237.66 26.67
360.4 967.31 249.74 25.82
361.9 1009.93 254.22 25.17
363.5 1059.53 245.84 23.20
365.1 1102.67 253.13 22.96
366.6 1156.59 255.49 22.09
368.2 1218.77 261.89 21.49
369.7 1306.00 261.20 20.00
371.3 1379.56 273.28 19.81
372.8 1457.48 262.28 18.00
374.4 1528.58 290.36 19.00
375.9 1575.56 268.11 17.02
377.4 1632.76 276.46 16.93
379.0 1683.54 289.61 17.20
380.5 1741.87 283.13 16.25
382.1 1805.51 280.73 15.55
383.6 1862.60 283.50 15.22
385.2 1949.75 280.50 14.39
386.7 2036.04 287.00 14.10
388.3 2135.96 307.08 14.38
389.8 2212.47 312.93 14.14
391.3 2314.34 323.06 13.96
392.9 2392.65 335.71 14.03
394.4 2474.90 353.13 14.27
395.9 2552.82 379.94 14.88
397.5 2664.75 394.06 14.79
399.0 2774.82 395.52 14.25
400.6 2852.64 390.54 13.69
402.1 2910.24 381.84 13.12
403.6 2965.71 386.00 13.02
405.1 3036.77 399.88 13.17
406.7 3133.76 409.92 13.08
408.2 3234.33 412.09 12.74
409.7 3330.88 432.32 12.98
411.3 3437.91 445.23 12.95
412.8 3528.93 466.89 13.23
414.3 3634.54 484.61 13.33
415.8 3740.00 492.50 13.17
417.4 3868.37 516.12 13.34
418.9 3954.39 531.30 13.44
420.4 4037.85 540.87 13.40
421.9 4106.74 549.34 13.38
423.5 4196.00 551.06 13.13
425.0 4263.51 552.89 12.97
426.5 4364.50 552.55 12.66
428.0 4488.82 560.33 12.48
429.5 4615.58 572.75 12.41
431.1 4756.23 599.85 12.61
432.6 4917.76 613.28 12.47
434.1 5064.68 631.40 12.47
435.6 5199.35 648.23 12.47
437.1 5333.25 674.70 12.65
438.6 5454.84 691.68 12.68
440.1 5584.70 711.72 12.74
441.6 5717.14 736.92 12.89
443.1 5852.25 761.40 13.01
444.7 5982.11 797.34 13.33
446.2 6104.50 827.27 13.55
447.7 6213.60 856.53 13.78
449.2 6315.84 887.76 14.06
450.7 6414.72 906.88 14.14
452.2 6543.45 939.27 14.35
453.7 6682.65 968.50 14.49
455.2 6842.54 1005.20 14.69
456.7 7029.44 1041.92 14.82
458.2 7231.16 1085.20 15.01
459.7 7428.75 1121.75 15.10
461.2 7633.63 1171.96 15.35
462.7 7815.14 1201.09 15.37
464.2 8000.76 1238.91 15.48
465.7 8191.53 1271.07 15.52
467.2 8352.58 1309.00 15.67
468.7 8552.00 1350.00 15.79
470.2 8711.17 1388.36 15.94
471.7 8854.00 1425.00 16.09
473.2 9050.37 1466.15 16.20
474.6 9252.88 1489.83 16.10
476.1 9378.88 1513.68 16.14
477.6 9464.51 1530.77 16.17
479.1 9567.20 1550.03 16.20
480.6 9658.16 1572.89 16.29
482.1 9797.74 1603.88 16.37
483.6 9963.22 1641.93 16.48
485.1 10140.49 1684.21 16.61
486.6 10356.19 1739.76 16.80
488.0 10562.50 1805.38 17.09
489.5 10784.97 1875.02 17.39
491.0 10998.86 1962.41 17.84
492.5 11224.98 2055.78 18.31
494.0 11462.99 2153.30 18.78
495.4 11663.85 2258.85 19.37
496.9 11870.36 2374.74 20.01
498.4 12074.30 2493.05 20.65
499.9 12278.41 2636.36 21.47
501.4 12476.75 2783.28 22.31
502.8 12664.51 2935.26 23.18
504.3 12846.60 3103.20 24.16
505.8 13033.73 3285.85 25.21
507.2 13172.68 3458.52 26.26
508.7 13289.99 3640.48 27.39
510.2 13412.81 3834.65 28.59
511.6 13494.72 4016.94 29.77
513.1 13630.43 4209.37 30.88
514.6 13795.53 4426.02 32.08
516.0 13946.28 4645.20 33.31
517.5 14135.83 4890.71 34.60
519.0 14365.19 5145.09 35.82
520.5 14579.60 5407.08 37.09
521.9 14828.55 5682.45 38.32
523.4 15093.49 5981.25 39.63
524.8 15349.14 6260.75 40.79
526.3 15633.70 6553.20 41.92
527.8 15915.89 6843.69 43.00
529.2 16178.21 7115.96 43.98
530.7 16455.24 7376.94 44.83
532.1 16698.15 7620.90 45.64
533.6 16994.07 7883.45 46.39
535.0 17295.55 8135.82 47.04
536.5 17581.25 8368.47 47.60
538.0 17895.84 8603.84 48.08
539.4 18160.64 8828.17 48.61
540.9 18488.86 9066.65 49.04
542.3 18738.28 9271.46 49.48
543.8 18940.29 9433.83 49.81
545.2 19020.35 9534.80 50.13
546.6 19057.19 9602.81 50.39
548.1 19121.11 9662.07 50.53
549.5 19166.91 9720.15 50.71
551.0 19217.70 9764.04 50.81
552.4 19311.21 9801.41 50.76
553.9 19371.38 9832.47 50.76
555.3 19461.20 9863.10 50.68
556.8 19596.88 9912.99 50.58
558.2 19743.75 9951.19 50.40
559.6 19902.71 9989.36 50.19
561.1 20117.50 10055.50 49.98
562.5 20332.52 10119.79 49.77
564.0 20611.34 10210.57 49.54
565.4 20865.50 10273.14 49.24
566.8 21177.73 10362.00 48.93
568.3 21463.05 10411.52 48.51
569.7 21776.78 10469.82 48.08
571.1 22080.65 10511.55 47.61
572.6 22373.82 10544.58 47.13
574.0 22675.95 10574.85 46.63
575.4 22958.44 10599.19 46.17
576.9 23231.09 10620.23 45.72
578.3 23477.03 10633.84 45.29
579.7 23721.74 10645.85 44.88
581.1 23920.49 10642.28 44.49
582.6 24132.47 10650.49 44.13
584.0 24305.80 10644.52 43.79
585.4 24549.94 10675.05 43.48
586.8 24845.17 10722.43 43.16
588.3 25201.80 10799.10 42.85
589.7 25517.70 10859.94 42.56
591.1 25735.55 10884.48 42.29
592.5 25883.00 10875.84 42.02
594.0 25998.42 10849.14 41.73
595.4 26057.54 10804.08 41.46
596.8 26115.38 10772.19 41.25
598.2 26174.55 10727.24 40.98
599.6 26202.06 10677.06 40.75
601.0 26298.70 10644.38 40.47
602.4 26372.18 10611.68 40.24
603.9 26501.77 10582.68 39.93
605.3 26625.41 10556.17 39.65
606.7 26749.80 10504.80 39.27
608.1 26941.18 10485.21 38.92
609.5 27151.69 10477.08 38.59
610.9 27387.74 10470.20 38.23
612.3 27589.20 10446.38 37.86
613.7 27871.80 10453.36 37.51
615.1 28061.64 10419.84 37.13
616.5 28235.16 10390.77 36.80
617.9 28534.12 10417.85 36.51
619.3 28808.15 10448.55 36.27
620.7 29149.14 10528.19 36.12
622.1 29527.66 10613.40 35.94
623.5 29951.83 10723.35 35.80
624.9 30436.35 10876.16 35.73
626.3 30757.12 10977.11 35.69
627.7 30461.43 10842.87 35.60
629.1 30188.34 10725.12 35.53
630.5 30083.03 10625.91 35.32
631.9 30076.12 10513.79 34.96
633.3 30078.24 10383.65 34.52
634.7 30183.54 10299.00 34.12
636.1 30268.81 10182.10 33.64
637.5 30374.19 10112.85 33.29
638.9 30520.15 10110.58 33.13
640.2 30643.60 10093.01 32.94
641.6 30733.56 10029.24 32.63
643.0 30777.50 9917.46 32.22
644.4 30869.16 9788.37 31.71
645.8 30855.38 9600.37 31.11
647.2 31023.20 9479.86 30.56
648.5 31185.15 9321.38 29.89
649.9 31117.13 9118.40 29.30
651.3 31099.80 8919.90 28.68
652.7 31059.00 8700.60 28.01
654.1 30961.56 8410.74 27.17
655.5 30829.51 8123.18 26.35
656.8 30685.81 7849.96 25.58
658.2 30861.69 7662.68 24.83
659.6 31181.89 7532.06 24.16
660.9 31452.29 7378.81 23.46
662.3 31767.46 7210.13 22.70
663.7 32102.70 7039.20 21.93
665.0 32334.98 6868.09 21.24
666.4 32575.38 6721.58 20.63
667.8 32873.84 6617.10 20.13
669.1 33084.01 6521.51 19.71
670.5 33327.47 6474.73 19.43
671.9 33513.12 6442.32 19.22
673.2 33742.50 6441.75 19.09
674.6 33950.66 6477.36 19.08
676.0 34219.05 6559.46 19.17
677.3 34494.18 6664.20 19.32
678.7 34767.13 6827.63 19.64
680.0 35103.31 7062.23 20.12
681.4 35420.13 7386.49 20.85
682.8 35763.00 7816.90 21.86
684.1 36073.44 8360.82 23.18
685.5 36318.59 9028.60 24.86
686.8 36607.26 9822.78 26.83
688.2 36844.31 10730.72 29.12
689.5 36898.97 11720.02 31.76
690.9 36950.15 12811.66 34.67
692.2 37008.15 13968.90 37.75
693.6 37024.93 15191.55 41.03
694.9 37005.38 16419.16 44.37
696.2 37027.13 17680.39 47.75
697.6 37047.86 18927.56 51.09
698.9 37049.76 20140.56 54.36
700.3 37075.62 21317.28 57.50
701.6 37124.24 22449.67 60.47
703.0 37178.40 23524.09 63.27
704.3 37172.20 24497.85 65.90
705.6 37157.22 25391.79 68.34
707.0 37168.46 26239.38 70.60
708.3 37076.04 26976.29 72.76
709.6 36967.81 27662.77 74.83
711.0 36867.73 28252.64 76.63
712.3 36770.31 28792.98 78.30
713.6 36755.88 29364.72 79.89
714.9 36684.64 29859.04 81.39
716.3 36701.44 30373.91 82.76
717.6 36734.04 30873.57 84.05
718.9 36680.73 31243.20 85.18
720.2 36496.25 31517.71 86.36
721.6 36394.28 31786.69 87.34
722.9 36240.12 32011.52 88.33
724.2 36067.30 32175.77 89.21
725.5 35963.70 32344.35 89.94
726.8 35833.96 32474.61 90.63
728.1 35810.80 32644.03 91.16
729.5 35779.10 32801.20 91.68
730.8 35779.13 32951.29 92.10
732.1 35704.25 33072.84 92.63
733.4 35690.92 33178.46 92.96
734.7 35685.89 33264.61 93.22
736.0 35729.66 33405.78 93.50
737.3 35717.44 33499.58 93.79
738.6 35830.21 33705.57 94.07
739.9 36014.88 33995.51 94.39
741.2 36161.58 34247.85 94.71
742.5 36363.94 34607.45 95.17
743.8 36737.66 35120.66 95.60
745.1 37309.08 35859.48 96.11
746.4 37926.98 36668.91 96.68
747.7 38536.99 37474.25 97.24
749.0 39118.92 38223.92 97.71
750.3 39493.02 38651.69 97.87
751.6 39440.80 38606.10 97.88
752.9 39084.79 38239.16 97.84
754.2 38731.25 37878.44 97.80
755.4 38386.91 37486.73 97.65
756.7 38244.09 37416.25 97.84
758.0 38261.36 37533.01 98.10
759.3 38489.95 37872.84 98.40
760.6 38786.44 38290.56 98.72
761.9 39062.28 38675.71 99.01
763.1 39197.21 38906.72 99.26
764.4 39371.54 39166.58 99.48
765.7 39490.75 39380.25 99.72
767.0 39577.16 39560.65 99.96
768.2 39644.64 39735.36 100.23
769.5 39697.68 39865.14 100.42
770.8 39836.32 40087.06 100.63
772.0 39856.44 40150.67 100.74
773.3 39898.95 40284.95 100.97
774.6 39978.84 40426.88 101.12
775.8 40054.79 40544.40 101.22
777.1 40085.96 40637.32 101.38
778.4 40059.57 40631.96 101.43
779.6 39999.54 40663.71 101.66
780.9 39948.00 40640.00 101.73
782.1 39837.20 40529.52 101.74
783.4 39802.88 40584.96 101.96
784.6 39851.08 40677.12 102.07
785.9 40095.40 41036.46 102.35
787.1 40531.58 41656.67 102.78
788.4 40834.19 42110.42 103.13
789.6 40796.10 41992.90 102.93
790.9 40479.11 41546.05 102.64
792.1 40128.24 41123.76 102.48
793.4 39739.41 40741.04 102.52
794.6 39507.48 40491.87 102.49
795.8 39314.07 40296.69 102.50
797.1 39097.95 40054.13 102.45
798.3 38940.83 39911.85 102.49
799.5 38821.14 39861.32 102.68
800.8 38733.05 39776.59 102.69
802.0 38591.76 39672.04 102.80
803.2 38469.72 39559.04 102.83
804.5 38377.94 39476.90 102.86
805.7 38264.87 39390.98 102.94
806.9 38181.95 39286.05 102.89
808.1 38074.65 39243.39 103.07
809.4 38033.33 39199.46 103.07
810.6 37951.55 39134.55 103.12
811.8 37942.61 39149.75 103.18
813.0 37965.80 39205.22 103.26
814.2 37975.49 39274.24 103.42
815.4 38039.93 39390.26 103.55
816.6 38032.65 39439.69 103.70
817.9 38050.16 39497.38 103.80
819.1 37997.24 39431.19 103.77
820.3 37865.18 39287.76 103.76
821.5 37787.61 39188.01 103.71
822.7 37714.41 39115.85 103.72
823.9 37704.87 39114.74 103.74
825.1 37688.07 39118.34 103.80
826.3 37716.38 39088.21 103.64
827.5 37726.06 39108.50 103.66
828.7 37779.60 39102.00 103.50
829.9 37796.29 39136.03 103.54
831.0 37849.02 39181.57 103.52
832.2 37913.75 39258.89 103.55
833.4 37950.44 39285.71 103.52
834.6 37978.13 39337.50 103.58
835.8 38031.53 39406.50 103.62
837.0 38073.26 39517.81 103.79
838.1 38178.69 39672.11 103.91
839.3 38239.24 39748.94 103.95
840.5 38296.24 39863.98 104.09
841.7 38381.58 40029.93 104.29
842.9 38485.06 40174.20 104.39
844.0 38543.94 40312.10 104.59
845.2 38626.85 40451.21 104.72
846.4 38724.98 40589.24 104.81
847.5 38888.12 40816.86 104.96
848.7 39002.30 41018.99 105.17
849.9 39141.74 41192.18 105.24
851.0 39173.78 41234.95 105.26
852.2 39245.07 41300.68 105.24
853.3 39202.67 41270.66 105.28
854.5 39188.19 41283.81 105.35
855.6 39170.88 41257.26 105.33
856.8 39193.80 41327.00 105.44
857.9 39192.81 41314.65 105.41
859.1 39326.60 41459.40 105.42
860.2 39300.24 41485.68 105.56
861.4 39344.78 41516.10 105.52
862.5 39384.29 41547.56 105.49
863.7 39467.66 41643.92 105.51
864.8 39454.45 41662.25 105.60
865.9 39398.65 41611.83 105.62
867.1 39448.45 41625.95 105.52
868.2 39441.53 41645.48 105.59
869.3 39465.67 41666.83 105.58
870.5 39438.89 41606.09 105.50
871.6 39473.54 41578.22 105.33
872.7 39541.37 41633.74 105.29
873.9 39548.50 41672.11 105.37
875.0 39546.05 41609.85 105.22
876.1 39583.15 41608.91 105.12
877.2 39616.79 41621.91 105.06
878.3 39601.98 41601.20 105.05
879.4 39662.11 41610.31 104.91
880.5 39702.60 41640.12 104.88
881.7 39698.10 41565.55 104.70
882.8 39775.46 41584.61 104.55
883.9 39785.32 41615.64 104.60
885.0 39766.55 41514.43 104.40
886.1 39735.85 41435.87 104.28
887.2 39664.66 41263.10 104.03
888.3 39567.00 41077.74 103.82
889.4 39535.02 40938.63 103.55
890.5 39459.91 40873.70 103.58
891.6 39428.33 40772.68 103.41
892.7 39429.01 40713.75 103.26
893.8 39492.50 40691.72 103.04
894.9 39505.51 40683.28 102.98
896.0 39527.49 40610.44 102.74
897.0 39487.40 40623.00 102.88
898.1 39490.45 40549.23 102.68
899.2 39536.22 40572.96 102.62
900.3 39503.73 40423.95 102.33
901.4 39454.09 40293.14 102.13
902.4 39461.49 40313.79 102.16
903.5 39418.10 40178.70 101.93
904.6 39431.18 40109.05 101.72
905.7 39454.64 40107.10 101.65
906.7 39397.52 40043.06 101.64
907.8 39514.80 40076.53 101.42
908.9 39443.33 39938.93 101.26
909.9 39411.21 39870.05 101.16
911.0 39357.50 39730.18 100.95
912.1 39280.99 39625.22 100.88
913.1 39233.48 39510.12 100.71
914.2 39173.92 39312.90 100.35
915.2 39170.79 39220.74 100.13
916.3 39094.50 39174.90 100.21
917.3 39076.47 39096.68 100.05
918.4 39031.30 38919.38 99.71
919.4 39022.48 38786.79 99.40
920.5 39026.74 38675.52 99.10
921.5 39018.63 38611.86 98.96
922.6 38959.72 38454.16 98.70
923.6 39026.05 38334.29 98.23
924.7 39022.50 38216.25 97.93
925.7 39030.84 38118.60 97.66
926.7 39009.32 38043.96 97.53
927.8 39032.57 37891.07 97.08
928.8 39142.62 37855.77 96.71
929.9 39330.10 37792.62 96.09
930.9 39447.46 37826.18 95.89
931.9 39602.61 37803.54 95.46
932.9 39864.58 37956.85 95.21
934.0 39909.81 37835.81 94.80
935.0 39942.68 37715.78 94.42
936.0 39929.50 37536.81 94.01
937.0 39883.94 37338.41 93.62
938.1 39848.52 37148.95 93.23
939.1 39753.89 36917.76 92.87
940.1 39867.76 36808.48 92.33
941.1 39995.43 36845.99 92.13
942.1 40229.45 36867.63 91.64
943.1 40393.76 36804.62 91.11
944.1 40552.56 36811.02 90.77
945.2 40570.32 36677.34 90.40
946.2 40685.67 36543.23 89.82
947.2 40740.25 36339.88 89.20
948.2 40874.09 36305.33 88.82
949.2 40954.06 36092.06 88.13
950.2 41026.00 35968.00 87.67
951.2 41012.16 35828.52 87.36
952.2 41170.94 35592.38 86.45
953.2 41257.13 35519.58 86.09
954.2 41395.95 35426.25 85.58
955.2 41401.94 35241.58 85.12
956.2 41391.82 35067.20 84.72
957.2 41524.97 34947.39 84.16
958.2 41486.28 34849.13 84.00
959.2 41625.00 34815.15 83.64
960.1 41647.94 34720.80 83.37
961.1 41725.78 34710.56 83.19
962.1 41752.50 34574.06 82.81
963.1 41720.60 34642.51 83.03
964.1 41837.60 34609.41 82.72
965.1 41932.95 34701.14 82.75
966.1 41961.44 34662.95 82.61
967.0 42058.17 34714.68 82.54
968.0 42094.69 34715.13 82.47
969.0 42115.20 34796.40 82.62
970.0 42092.26 34852.48 82.80
971.0 42266.18 34815.48 82.37
971.9 42275.33 34859.43 82.46
972.9 42388.85 34840.49 82.19
973.9 42492.13 34918.00 82.18
974.9 42580.28 34985.32 82.16
975.8 42630.52 34967.24 82.02
976.8 42806.43 35037.08 81.85
977.8 42848.34 35106.97 81.93
978.8 42868.95 35309.85 82.37
979.7 43050.58 35313.21 82.03
980.7 43264.32 35470.38 81.99
981.7 43347.07 35564.60 82.05
982.6 43545.07 35863.47 82.36
983.6 44003.55 36392.70 82.70
984.6 44377.46 36709.52 82.72
985.5 44900.28 37199.16 82.85
986.5 45688.01 37941.60 83.04
987.5 46285.78 38586.76 83.37
988.4 47161.40 39479.00 83.71
989.4 47812.76 40072.84 83.81
990.4 48753.98 41455.48 85.03
991.3 50274.64 42435.20 84.41
992.3 50864.45 43430.42 85.38
993.2 51610.85 45103.40 87.39
994.2 53891.66 45542.25 84.51
995.2 55394.96 46722.01 84.34
996.1 55625.12 46456.14 83.52
997.1 56348.70 47554.39 84.39
998.0 54473.40 47278.80 86.79
999.0 55283.87 47695.89 86.27
1000.0 55127.21 47626.91 86.39
1000.9 55875.58 49186.25 88.03
1001.9 56355.47 47030.46 83.45
1002.8 54776.67 48086.39 87.79
1003.8 57170.04 47132.55 82.44
1004.8 54763.20 48374.16 88.33
961.5 49984.08 38092.31 76.21
965.5 48959.90 37786.13 77.18
969.5 47367.08 37055.88 78.23
973.4 45664.01 36017.32 78.87
977.4 44063.24 35321.47 80.16
981.4 43484.76 35277.56 81.13
985.3 43466.28 35533.52 81.75
989.3 43739.41 36027.64 82.37
993.3 44088.36 36513.10 82.82
997.2 44246.85 36844.30 83.27
1001.2 44240.69 37130.21 83.93
1005.2 44147.66 37452.22 84.83
1009.1 44170.72 37900.23 85.80
1013.1 44298.35 38457.60 86.81
1017.1 44409.64 38987.06 87.79
1021.0 44418.65 39445.25 88.80
1025.0 44431.92 39867.75 89.73
1029.0 44310.95 40141.40 90.59
1032.9 44196.36 40428.05 91.47
1036.9 44214.81 40833.00 92.35
1040.9 44317.48 41332.66 93.26
1044.8 44471.57 41884.68 94.18
1048.8 44586.22 42380.74 95.05
1052.7 44660.98 42789.66 95.81
1056.7 44664.90 43081.07 96.45
1060.7 44652.74 43294.09 96.96
1064.6 44643.90 43451.42 97.33
1068.6 44545.19 43484.81 97.62
1072.5 44448.63 43450.03 97.75
1076.5 44390.31 43369.74 97.70
1080.4 44363.13 43298.93 97.60
1084.4 44428.99 43286.50 97.43
1088.3 44526.89 43210.10 97.04
1092.3 44515.11 42997.40 96.59
1096.2 44485.25 42737.63 96.07
1100.2 44489.30 42491.13 95.51
1104.1 44387.15 42114.98 94.88
1108.1 44344.78 41778.11 94.21
1112.0 44255.25 41395.68 93.54
1116.0 44078.91 40879.15 92.74
1119.9 43920.46 40302.38 91.76
1123.9 43980.05 39803.06 90.50
1127.8 43933.44 38987.52 88.74
1131.8 43891.20 37909.50 86.37
1135.7 43904.71 36675.22 83.53
1139.6 43873.24 35320.75 80.51
1143.6 43814.30 33979.82 77.55
1147.5 43764.96 32793.74 74.93
1151.4 43600.54 31784.72 72.90
1155.4 43567.43 31159.45 71.52
1159.3 43548.37 30764.20 70.64
1163.2 43379.84 30391.35 70.06
1167.2 43333.14 30206.82 69.71
1171.1 43320.14 30099.01 69.48
1175.0 43247.45 29947.23 69.25
1179.0 43203.54 29812.42 69.00
1182.9 43281.26 29757.17 68.75
1186.8 43262.79 29660.84 68.56
1190.7 43059.97 29431.86 68.35
1194.7 42822.73 29203.32 68.20
1198.6 42602.18 29050.56 68.19
1202.5 42456.57 28958.34 68.21
1206.4 42335.53 28910.14 68.29
1210.3 42230.32 28920.11 68.48
1214.2 42126.94 28954.70 68.73
1218.2 41984.08 28985.69 69.04
1222.1 41854.50 29039.43 69.38
1226.0 41760.57 29124.33 69.74
1229.9 41673.90 29221.02 70.12
1233.8 41576.55 29287.37 70.44
1237.7 41528.30 29375.63 70.74
1241.6 41457.25 29444.19 71.02
1245.5 41309.15 29436.62 71.26
1249.4 41175.26 29440.85 71.50
1253.3 41058.30 29440.60 71.70
1257.2 40978.33 29441.77 71.85
1261.1 40873.57 29419.52 71.98
1265.0 40757.89 29337.92 71.98
1268.9 40587.74 29197.81 71.94
1272.8 40626.75 29201.10 71.88
1276.7 40780.33 29259.73 71.75
1280.6 40842.56 29219.75 71.54
1284.5 40748.73 29016.85 71.21
1288.4 40697.88 28799.26 70.76
1292.3 40562.50 28498.25 70.26
1296.2 40411.46 28155.04 69.67
1300.1 40239.63 27752.11 68.97
1303.9 40009.73 27254.62 68.12
1307.8 39785.54 26715.31 67.15
1311.7 39554.21 26122.46 66.04
1315.6 39326.35 25502.81 64.85
1319.5 39086.11 24867.20 63.62
1323.3 38870.69 24220.19 62.31
1327.2 38681.53 23581.12 60.96
1331.1 38474.56 22930.24 59.60
1335.0 38203.08 22248.90 58.24
1338.8 38009.09 21641.62 56.94
1342.7 37876.27 21083.09 55.66
1346.5 37598.34 20458.50 54.41
1350.4 37400.07 19889.61 53.18
1354.3 37094.65 19287.92 52.00
1358.1 36731.71 18694.66 50.90
1362.0 36487.36 18195.27 49.87
1365.8 36370.47 17747.37 48.80
1369.7 36432.94 17336.43 47.58
1373.5 36366.82 16754.96 46.07
1377.4 36166.21 15937.78 44.07
1381.2 35990.96 14982.66 41.63
1385.1 35936.27 14042.07 39.07
1389.0 35813.45 13104.41 36.59
1392.8 35598.92 12132.38 34.08
1396.6 35460.61 11248.38 31.72
1400.5 35253.63 10463.36 29.68
1404.3 35072.57 9811.09 27.97
1408.2 35016.72 9297.47 26.55
1412.0 34945.02 8905.38 25.48
1415.8 34962.39 8640.94 24.71
1419.6 34891.95 8424.15 24.14
1423.5 34842.23 8261.34 23.71
1427.3 34796.45 8119.87 23.34
1431.1 34758.75 8018.93 23.07
1434.9 34669.05 7930.98 22.88
1438.8 34606.94 7873.32 22.75
1442.6 34573.84 7835.66 22.66
1446.4 34441.31 7795.51 22.63
1450.2 34332.12 7776.43 22.65
1454.0 34220.52 7758.84 22.67
1457.8 34188.19 7769.11 22.72
1461.6 34155.00 7796.45 22.83
1465.4 34045.70 7819.22 22.97
1469.2 33870.20 7857.85 23.20
1473.0 33726.92 7928.51 23.51
1476.8 33664.28 8043.62 23.89
1480.7 33601.58 8174.77 24.33
1484.4 33488.64 8301.48 24.79
1488.2 33386.04 8458.80 25.34
1492.0 33257.25 8618.46 25.91
1495.8 33142.20 8779.23 26.49
1499.6 33034.11 8910.89 26.97
1503.4 32933.47 9021.58 27.39
1507.2 32852.74 9138.25 27.82
1510.9 32722.34 9226.73 28.20
1514.7 32573.11 9239.43 28.37
1518.5 32453.90 9167.20 28.25
1522.3 32317.90 9163.29 28.35
1526.0 32200.64 9414.47 29.24
1529.8 32127.61 9746.47 30.34
1533.6 32011.66 9942.40 31.06
1537.3 31894.88 10055.39 31.53
1541.1 31782.08 10159.88 31.97
1544.8 31651.20 10272.00 32.45
1548.6 31528.46 10392.49 32.96
1552.4 31450.00 10497.03 33.38
1556.1 31366.15 10575.08 33.71
1559.9 31270.43 10662.88 34.10
1563.6 31150.17 10767.22 34.57
1567.3 31046.10 10879.28 35.04
1571.1 30855.35 10958.53 35.52
1574.8 30723.08 11063.75 36.01
1578.6 30633.26 11161.51 36.44
1582.3 30519.48 11221.13 36.77
1586.0 30400.45 11270.78 37.07
1589.8 30269.89 11315.42 37.38
1593.5 30123.48 11351.85 37.68
1597.2 29998.09 11397.55 37.99
1600.9 29883.71 11435.88 38.27
1604.7 29753.95 11469.52 38.55
1608.4 29639.51 11517.52 38.86
1612.1 29489.62 11544.01 39.15
1615.8 29365.23 11570.45 39.40
1619.5 29298.37 11625.84 39.68
1623.2 29161.12 11652.38 39.96
1626.9 29003.45 11659.51 40.20
1630.6 28846.40 11669.24 40.45
1634.3 28721.00 11674.10 40.65
1638.0 28599.28 11666.83 40.79
1641.7 28456.49 11642.49 40.91
1645.4 28299.47 11603.72 41.00
1649.1 28138.66 11552.61 41.06
1652.8 28008.70 11503.74 41.07
1656.4 27859.80 11446.13 41.08
1660.1 27720.43 11408.46 41.16
1663.8 27551.22 11362.76 41.24
1667.5 27406.07 11321.38 41.31
1671.1 27282.14 11278.21 41.34
1674.8 27100.13 11198.40 41.32
1678.5 27060.12 11154.50 41.22
1682.1 27085.37 11122.09 41.06
1685.8 27087.74 11089.69 40.94
1689.5 26985.46 11006.85 40.79
1693.1 26859.21 10894.89 40.56
1696.8 26718.75 10784.88 40.36
1700.4 26575.97 10671.36 40.15
1704.0 26457.91 10553.50 39.89
1707.7 26210.69 10373.47 39.58
1711.3 25940.59 10171.52 39.21
1715.0 25755.85 10013.51 38.88
1718.6 25603.66 9869.12 38.55
1722.2 25471.82 9733.14 38.21
1725.9 25346.15 9601.33 37.88
1729.5 25225.17 9483.78 37.60
1733.1 25122.33 9401.68 37.42
1736.7 25028.77 9334.51 37.30
1740.3 24869.68 9242.31 37.16
1744.0 24796.20 9159.91 36.94
1747.5 24670.34 9037.98 36.64
1751.2 24460.97 8887.08 36.33
1754.8 24300.77 8752.95 36.02
1758.4 24168.99 8625.31 35.69
1762.0 24004.67 8495.28 35.39
1765.5 23878.06 8404.50 35.20
1769.1 23824.80 8344.80 35.03
1772.7 23745.17 8289.50 34.91
1776.3 23631.64 8221.50 34.79
1779.9 23517.13 8148.00 34.65
1783.5 23453.36 8102.16 34.55
1787.0 23338.16 8036.78 34.44
1790.6 23194.11 7972.43 34.37
1794.2 23099.94 7926.35 34.31
1797.8 23019.59 7895.58 34.30
1801.3 22943.45 7876.26 34.33
1804.9 22821.75 7833.00 34.32
1808.4 22758.56 7812.16 34.33
1812.0 22651.25 7775.76 34.33
1815.5 22537.46 7717.28 34.24
1819.1 22377.91 7650.66 34.19
1822.6 22230.86 7601.72 34.19
1826.2 22108.08 7560.20 34.20
1829.7 21962.63 7495.99 34.13
1833.2 21769.52 7399.54 33.99
1836.8 21568.82 7300.02 33.85
1840.3 21408.35 7243.43 33.83
1843.8 21283.15 7206.43 33.86
1847.3 21175.36 7178.28 33.90
1850.8 21026.88 7148.74 34.00
1854.3 20829.70 7043.20 33.81
1857.8 20716.80 6869.20 33.16
1861.3 20743.52 6637.21 32.00
1864.8 20771.48 6299.05 30.33
1868.3 20668.83 5861.31 28.36
1871.8 20505.60 5429.76 26.48
1875.3 20412.67 5066.43 24.82
1878.8 20386.82 4748.68 23.29
1882.3 20318.80 4456.98 21.94
1885.8 20165.84 4127.93 20.47
1889.3 19976.70 3845.20 19.25
1892.7 19815.25 3665.56 18.50
1896.2 19650.94 3559.74 18.11
1899.7 19441.16 3473.20 17.87
1903.1 19313.45 3531.53 18.29
1906.6 19304.54 3738.95 19.37
1910.0 19451.18 3981.97 20.47
1913.5 19794.95 4371.04 22.08
1917.0 20308.75 4947.95 24.36
1920.4 20662.58 5547.00 26.85
1923.8 20806.27 5905.95 28.39
1871.2 18887.00 4464.20 23.64
1873.9 18953.16 4327.55 22.83
1876.7 18991.47 4153.76 21.87
1879.5 19143.67 3877.92 20.26
1882.3 18900.39 3617.69 19.14
1885.1 18757.12 3387.66 18.06
1887.8 18909.61 3224.45 17.05
1890.6 18719.80 3001.72 16.03
1893.4 18700.00 2860.00 15.29
1896.2 18690.78 2771.30 14.83
1898.9 18634.09 2639.99 14.17
1901.7 18493.24 2557.08 13.83
1904.5 18663.12 2565.65 13.75
1907.2 18605.75 2522.25 13.56
1910.0 18464.96 2485.92 13.46
1912.7 18451.36 2470.06 13.39
1915.5 18338.72 2408.53 13.13
1918.2 18231.61 2376.01 13.03
1921.0 18078.76 2375.89 13.14
1923.7 18082.37 2381.19 13.17
1926.5 18028.91 2377.37 13.19
1929.2 17989.40 2372.93 13.19
1932.0 17961.44 2363.68 13.16
1934.7 17922.05 2370.01 13.22
1937.4 17800.47 2375.88 13.35
1940.2 17730.06 2406.42 13.57
1942.9 17801.07 2432.96 13.67
1945.6 17808.94 2434.12 13.67
1948.3 17731.12 2433.74 13.73
1951.1 17698.80 2438.10 13.78
1953.8 17700.00 2478.00 14.00
1956.5 17568.67 2491.84 14.18
1959.2 17632.03 2511.60 14.24
1961.9 17647.56 2533.00 14.35
1964.6 17543.58 2558.50 14.58
1967.3 17598.27 2592.87 14.73
1970.0 17419.60 2578.16 14.80
1972.8 17335.24 2603.38 15.02
1975.5 17419.52 2657.41 15.26
1978.2 17336.04 2660.12 15.34
1980.9 17221.82 2664.31 15.47
1983.5 17185.34 2693.12 15.67
1986.2 17183.55 2703.39 15.73
1988.9 17157.36 2744.13 15.99
1991.6 17017.92 2763.42 16.24
1994.3 16893.86 2767.02 16.38
1997.0 16913.63 2805.48 16.59
1999.7 16876.79 2814.23 16.68
2002.3 16857.27 2833.52 16.81
2005.0 16785.35 2879.54 17.16
2007.7 16706.93 2898.20 17.35
2010.4 16656.07 2894.97 17.38
2013.0 16600.58 2918.97 17.58
2015.7 16495.88 2935.44 17.79
2018.4 16401.61 2944.46 17.95
2021.0 16371.00 2986.33 18.24
2023.7 16264.64 2984.96 18.35
2026.4 16195.83 2988.48 18.45
2029.0 16138.97 2997.24 18.57
2031.7 16029.65 3002.57 18.73
2034.3 16012.75 3050.45 19.05
2037.0 15932.90 3090.87 19.40
2039.6 15864.39 3077.79 19.40
2042.3 15822.15 3049.85 19.28
2044.9 15747.27 3074.28 19.52
2047.5 15719.22 3093.92 19.68
2050.2 15638.00 3105.20 19.86
2052.8 15596.00 3133.20 20.09
2055.4 15487.61 3123.86 20.17
2058.1 15363.60 3108.00 20.23
2060.7 15311.01 3130.40 20.45
2063.3 15243.07 3146.15 20.64
2065.9 15200.63 3160.17 20.79
2068.6 15142.00 3168.54 20.93
2071.2 15102.27 3188.97 21.12
2073.8 15013.06 3178.91 21.17
2076.4 14939.89 3193.99 21.38
2079.0 14937.96 3225.88 21.60
2081.6 14955.68 3229.71 21.60
2084.2 14929.44 3264.67 21.87
2086.8 14795.01 3261.07 22.04
2089.4 14708.12 3245.15 22.06
2092.1 14645.50 3249.83 22.19
2094.7 14574.18 3254.40 22.33
2097.2 14543.50 3258.33 22.40
2099.8 14569.24 3293.59 22.61
2102.4 14455.51 3286.89 22.74
2105.0 14315.55 3268.95 22.83
2107.6 14281.54 3304.07 23.14
2110.2 14245.28 3313.38 23.26
2112.8 14225.04 3318.60 23.33
2115.3 14222.61 3351.42 23.56
2117.9 14223.97 3360.13 23.62
2120.5 14225.20 3352.25 23.57
2123.1 14136.53 3360.83 23.77
2125.6 14079.43 3388.08 24.06
2128.2 14012.88 3383.23 24.14
2130.8 13940.55 3387.15 24.30
2133.3 13889.33 3390.93 24.41
2135.9 13802.30 3362.33 24.36
2138.4 13704.95 3370.99 24.60
2141.0 13601.55 3364.39 24.74
2143.6 13585.34 3347.96 24.64
2146.1 13439.94 3346.76 24.90
2148.7 13282.54 3344.86 25.18
2151.2 13302.67 3349.87 25.18
2153.8 13324.47 3346.57 25.12
2156.3 13227.98 3307.73 25.01
2158.8 13160.05 3307.73 25.13
2161.4 13128.93 3334.57 25.40
2163.9 13034.58 3319.82 25.47
2166.4 12973.85 3308.51 25.50
2169.0 12959.07 3314.42 25.58
2171.5 12876.28 3293.73 25.58
2174.0 12786.55 3275.48 25.62
2176.5 12767.30 3268.07 25.60
2179.1 12718.27 3258.62 25.62
2181.6 12644.21 3251.54 25.72
2184.1 12612.60 3243.24 25.71
2186.6 12631.79 3263.87 25.84
2189.1 12551.10 3235.68 25.78
2191.6 12501.53 3234.00 25.87
2194.1 12512.72 3255.23 26.02
2196.6 12513.32 3254.01 26.00
2199.2 12564.98 3279.03 26.10
2201.7 12503.60 3237.83 25.90
2204.1 12450.01 3225.20 25.91
2206.6 12458.20 3241.37 26.02
2209.1 12429.94 3224.82 25.94
2211.6 12413.54 3212.83 25.88
2214.1 12385.83 3220.01 26.00
2216.6 12340.79 3224.79 26.13
2219.1 12355.98 3205.79 25.95
2221.6 12303.15 3197.60 25.99
2224.0 12230.10 3162.30 25.86
2226.5 12198.83 3139.13 25.73
2229.0 12234.63 3129.08 25.58
2231.5 12152.59 3083.15 25.37
2233.9 12137.64 3097.91 25.52
2236.4 12131.98 3060.98 25.23
2238.9 12024.13 3030.25 25.20
2241.3 12068.10 3000.51 24.86
2243.8 12017.57 2992.73 24.90
2246.2 11870.35 2961.77 24.95
2248.7 11882.39 2904.07 24.44
2251.2 11860.53 2913.25 24.56
2253.6 11784.96 2891.52 24.54
2256.1 11773.44 2814.72 23.91
2258.5 11793.92 2819.78 23.91
2260.9 11696.75 2791.88 23.87
2263.4 11668.53 2740.57 23.49
2265.8 11678.48 2738.83 23.45
2268.3 11583.48 2686.14 23.19
2270.7 11653.18 2683.00 23.02
2273.1 11608.55 2673.00 23.03
2275.6 11523.84 2638.08 22.89
2278.0 11553.06 2598.09 22.49
2280.4 11529.61 2589.93 22.46
2282.8 11402.06 2582.40 22.65
2285.3 11435.59 2566.30 22.44
2287.7 11531.47 2565.59 22.25
2290.1 11440.95 2498.51 21.84
2292.5 11408.96 2452.43 21.50
2294.9 11404.51 2450.03 21.48
2297.3 11303.39 2388.82 21.13
2299.7 11233.01 2329.52 20.74
2302.1 11231.11 2333.43 20.78
2304.5 11113.20 2301.04 20.71
2306.9 10995.60 2234.40 20.32
2309.3 10932.15 2194.27 20.07
2311.7 10856.55 2194.08 20.21
2314.1 10708.33 2201.53 20.56
2316.5 10641.94 2178.82 20.47
2318.9 10674.03 2195.51 20.57
2321.3 10672.73 2214.57 20.75
2323.7 10642.23 2232.27 20.98
2326.1 10606.96 2228.59 21.01
2328.4 10691.58 2188.76 20.47
2330.8 10736.25 2188.15 20.38
2333.2 10617.06 2174.48 20.48
2335.6 10582.60 2146.41 20.28
2337.9 10642.00 2140.92 20.12
2340.3 10592.40 2141.15 20.21
2342.7 10507.23 2048.13 19.49
2345.0 10502.01 2017.17 19.21
2347.4 10493.25 2040.00 19.44
2349.7 10277.63 1986.33 19.33
2352.1 10236.25 1989.79 19.44
2354.4 10290.21 1964.34 19.09
2356.8 10243.45 1916.60 18.71
2359.2 10187.67 1941.33 19.06
2361.5 10122.93 1928.59 19.05
2363.8 10144.75 1927.94 19.00
2366.2 10159.49 1959.52 19.29
2368.5 10097.05 1917.95 19.00
2370.9 10118.68 1887.75 18.66
2373.2 10072.53 1893.10 18.79
2375.5 9932.38 1850.73 18.63
2377.9 9918.93 1823.33 18.38
2380.2 9923.89 1814.34 18.28
2382.5 9856.28 1773.67 18.00
2384.8 9822.88 1730.72 17.62
2387.2 9807.99 1753.44 17.88
2389.5 9759.69 1770.63 18.14
2391.8 9772.85 1730.21 17.70
2394.1 9716.63 1722.60 17.73
2396.4 9652.48 1698.26 17.59
2398.7 9714.10 1680.73 17.30
2401.0 9598.25 1706.03 17.77
2403.3 9511.80 1703.16 17.91
2405.6 9521.83 1639.45 17.22
2407.9 9458.88 1643.28 17.37
2410.2 9400.00 1654.40 17.60
2412.5 9350.27 1595.64 17.07
2414.8 9330.30 1617.53 17.34
2417.1 9280.68 1625.93 17.52
2419.4 9294.64 1557.79 16.76
2421.7 9214.94 1540.20 16.71
2424.0 9156.02 1553.30 16.96
2426.2 9223.40 1530.10 16.59
2428.5 9129.27 1492.70 16.35
2430.8 9112.40 1498.75 16.45
2433.1 9071.93 1443.77 15.91
2435.4 8991.17 1432.32 15.93
2437.6 8963.19 1499.46 16.73
2439.9 8866.09 1431.83 16.15
2442.2 8873.80 1410.71 15.90
2444.4 8827.50 1389.89 15.74
2446.7 8812.56 1343.20 15.24
2448.9 8870.66 1379.75 15.55
2451.2 8802.92 1394.64 15.84
2453.4 8732.64 1356.00 15.53
2455.7 8702.87 1350.13 15.51
2457.9 8608.05 1330.89 15.46
2460.2 8594.01 1300.82 15.14
2462.4 8611.20 1329.12 15.43
2464.7 8503.63 1274.28 14.99
2466.9 8416.62 1239.06 14.72
2469.2 8471.54 1270.41 15.00
2471.4 8370.38 1227.66 14.67
2473.6 8261.63 1218.49 14.75
2475.9 8256.69 1198.88 14.52
2478.1 8211.66 1195.54 14.56
2480.3 8173.00 1253.10 15.33
2482.5 8177.69 1215.22 14.86
2484.8 8119.06 1172.35 14.44
2487.0 8110.30 1192.47 14.70
2489.2 8058.48 1138.29 14.13
2491.4 7946.29 1145.07 14.41
2493.6 7987.26 1144.40 14.33
2495.8 7981.68 1132.32 14.19
2498.0 7985.07 1118.72 14.01
2500.2 7961.63 1061.55 13.33
2502.4 8125.20 1127.76 13.88
2504.6 8272.59 1126.80 13.62
2506.8 8348.61 1091.07 13.07
