/*** Spectra Vista SIG Data ***/
name= \My Documents\HR1024_Data\BDT2.
instrument= HR: 1091052
integration= 200, 60, 30, 200, 60, 30
scan time= 1, 1
scan settings= AD, AI, AD, AI
external data set1= 8224, 8224, 8224, 8224, 8224, 8224, 8224, 8224, 8224, 8224, 8224, 8224, 8224, 8224, 8224, 8224
external data set2= 8224, 8224, 8224, 8224, 8224, 8224, 8224, 8224, 8224, 8224, 8224, 8224, 8224, 8224, 8224, 8224
external data dark= 0,0,0,0,0,0,0,0
external data mask= 0
optic= LENS4 , LENS4 
temp= 32.26, 8.88, -5.37, 44.34, 8.88, -5.17
battery= 7.0, 6.0
error= 0, 0
units= Radiance, Radiance
time= 1/15/08 9:53:06 AM, 1/15/08 10:46:26 AM
longitude= , 
latitude= , 
gpstime= , 
comm= 
memory slot= 0, 0
factors= 
data= 
346.4 509.60 328.06 64.38
347.9 549.06 354.54 64.57
349.5 608.40 371.28 61.03
351.1 655.20 414.96 63.33
352.6 708.40 445.91 62.95
354.2 752.68 477.79 63.48
355.7 818.30 511.86 62.55
357.3 873.81 554.80 63.49
358.8 891.23 555.71 62.35
360.4 967.31 608.53 62.91
361.9 1009.93 616.40 61.03
363.5 1059.53 657.88 62.09
365.1 1102.67 672.70 61.01
366.6 1156.59 718.12 62.09
368.2 1218.77 758.80 62.26
369.7 1306.00 793.40 60.75
371.3 1379.56 849.47 61.58
372.8 1457.48 906.36 62.19
374.4 1528.58 931.16 60.92
375.9 1575.56 966.52 61.34
377.4 1632.76 1001.77 61.35
379.0 1683.54 1043.86 62.00
380.5 1741.87 1046.35 60.07
382.1 1805.51 1093.35 60.56
383.6 1862.60 1131.17 60.73
385.2 1949.75 1177.00 60.37
386.7 2036.04 1237.33 60.77
388.3 2135.96 1293.53 60.56
389.8 2212.47 1347.80 60.92
391.3 2314.34 1403.64 60.65
392.9 2392.65 1453.80 60.76
394.4 2474.90 1510.46 61.03
395.9 2552.82 1563.72 61.25
397.5 2664.75 1644.07 61.70
399.0 2774.82 1705.68 61.47
400.6 2852.64 1748.94 61.31
402.1 2910.24 1764.72 60.64
403.6 2965.71 1795.73 60.55
405.1 3036.77 1837.14 60.50
406.7 3133.76 1906.24 60.83
408.2 3234.33 1960.20 60.61
409.7 3330.88 2018.24 60.59
411.3 3437.91 2076.98 60.41
412.8 3528.93 2135.37 60.51
414.3 3634.54 2197.86 60.47
415.8 3740.00 2265.00 60.56
417.4 3868.37 2322.54 60.04
418.9 3954.39 2380.73 60.20
420.4 4037.85 2427.70 60.12
421.9 4106.74 2468.40 60.11
423.5 4196.00 2498.45 59.54
425.0 4263.51 2546.42 59.73
426.5 4364.50 2601.50 59.61
428.0 4488.82 2672.36 59.53
429.5 4615.58 2747.23 59.52
431.1 4756.23 2836.71 59.64
432.6 4917.76 2945.27 59.89
434.1 5064.68 3045.35 60.13
435.6 5199.35 3132.77 60.25
437.1 5333.25 3215.55 60.29
438.6 5454.84 3293.34 60.37
440.1 5584.70 3378.18 60.49
441.6 5717.14 3458.32 60.49
443.1 5852.25 3545.78 60.59
444.7 5982.11 3629.13 60.67
446.2 6104.50 3709.01 60.76
447.7 6213.60 3773.47 60.73
449.2 6315.84 3855.60 61.05
450.7 6414.72 3920.80 61.12
452.2 6543.45 3988.95 60.96
453.7 6682.65 4077.01 61.01
455.2 6842.54 4180.56 61.10
456.7 7029.44 4312.00 61.34
458.2 7231.16 4456.13 61.62
459.7 7428.75 4609.50 62.05
461.2 7633.63 4754.91 62.29
462.7 7815.14 4892.07 62.60
464.2 8000.76 5041.65 63.01
465.7 8191.53 5185.66 63.31
467.2 8352.58 5313.00 63.61
468.7 8552.00 5450.00 63.73
470.2 8711.17 5574.98 64.00
471.7 8854.00 5738.00 64.81
473.2 9050.37 5956.55 65.82
474.6 9252.88 6118.61 66.13
476.1 9378.88 6179.80 65.89
477.6 9464.51 6252.26 66.06
479.1 9567.20 6338.30 66.25
480.6 9658.16 6436.36 66.64
482.1 9797.74 6575.89 67.12
483.6 9963.22 6722.30 67.47
485.1 10140.49 6904.59 68.09
486.6 10356.19 7122.14 68.77
488.0 10562.50 7348.25 69.57
489.5 10784.97 7588.89 70.37
491.0 10998.86 7839.98 71.28
492.5 11224.98 8095.14 72.12
494.0 11462.99 8367.93 73.00
495.4 11663.85 8608.05 73.80
496.9 11870.36 8864.36 74.68
498.4 12074.30 9122.58 75.55
499.9 12278.41 9389.57 76.47
501.4 12476.75 9642.87 77.29
502.8 12664.51 9892.32 78.11
504.3 12846.60 10134.00 78.88
505.8 13033.73 10378.37 79.63
507.2 13172.68 10576.94 80.29
508.7 13289.99 10744.27 80.84
510.2 13412.81 10899.68 81.26
511.6 13494.72 11038.56 81.80
513.1 13630.43 11206.91 82.22
514.6 13795.53 11382.51 82.51
516.0 13946.28 11534.56 82.71
517.5 14135.83 11744.97 83.09
519.0 14365.19 11976.04 83.37
520.5 14579.60 12196.68 83.66
521.9 14828.55 12456.56 84.00
523.4 15093.49 12736.08 84.38
524.8 15349.14 13020.78 84.83
526.3 15633.70 13325.48 85.24
527.8 15915.89 13620.29 85.58
529.2 16178.21 13888.46 85.85
530.7 16455.24 14185.66 86.21
532.1 16698.15 14452.11 86.55
533.6 16994.07 14744.81 86.76
535.0 17295.55 15038.10 86.95
536.5 17581.25 15332.72 87.21
538.0 17895.84 15630.80 87.34
539.4 18160.64 15909.50 87.60
540.9 18488.86 16251.66 87.90
542.3 18738.28 16546.59 88.30
543.8 18940.29 16749.29 88.43
545.2 19020.35 16823.80 88.45
546.6 19057.19 16850.21 88.42
548.1 19121.11 16885.85 88.31
549.5 19166.91 16918.04 88.27
551.0 19217.70 16930.49 88.10
552.4 19311.21 16985.70 87.96
553.9 19371.38 17010.37 87.81
555.3 19461.20 17056.85 87.65
556.8 19596.88 17154.38 87.54
558.2 19743.75 17253.00 87.38
559.6 19902.71 17374.39 87.30
561.1 20117.50 17543.50 87.21
562.5 20332.52 17738.07 87.24
564.0 20611.34 17978.66 87.23
565.4 20865.50 18211.12 87.28
566.8 21177.73 18491.46 87.32
568.3 21463.05 18758.35 87.40
569.7 21776.78 19043.81 87.45
571.1 22080.65 19323.36 87.51
572.6 22373.82 19593.90 87.58
574.0 22675.95 19870.95 87.63
575.4 22958.44 20130.19 87.68
576.9 23231.09 20374.20 87.70
578.3 23477.03 20600.94 87.75
579.7 23721.74 20805.68 87.71
581.1 23920.49 20967.63 87.66
582.6 24132.47 21155.35 87.66
584.0 24305.80 21308.12 87.67
585.4 24549.94 21523.06 87.67
586.8 24845.17 21817.06 87.81
588.3 25201.80 22127.04 87.80
589.7 25517.70 22400.82 87.79
591.1 25735.55 22583.50 87.75
592.5 25883.00 22654.41 87.53
594.0 25998.42 22703.94 87.33
595.4 26057.54 22700.34 87.12
596.8 26115.38 22702.68 86.93
598.2 26174.55 22690.94 86.69
599.6 26202.06 22672.71 86.53
601.0 26298.70 22716.11 86.38
602.4 26372.18 22755.95 86.29
603.9 26501.77 22843.18 86.19
605.3 26625.41 22943.84 86.17
606.7 26749.80 23034.60 86.11
608.1 26941.18 23206.61 86.14
609.5 27151.69 23401.31 86.19
610.9 27387.74 23645.86 86.34
612.3 27589.20 23864.16 86.50
613.7 27871.80 24160.48 86.68
615.1 28061.64 24369.66 86.84
616.5 28235.16 24583.79 87.07
617.9 28534.12 24906.06 87.29
619.3 28808.15 25214.55 87.53
620.7 29149.14 25583.22 87.77
622.1 29527.66 25974.90 87.97
623.5 29951.83 26431.98 88.25
624.9 30436.35 26954.29 88.56
626.3 30757.12 27306.89 88.78
627.7 30461.43 27071.81 88.87
629.1 30188.34 26836.74 88.90
630.5 30083.03 26745.67 88.91
631.9 30076.12 26774.63 89.02
633.3 30078.24 26773.68 89.01
634.7 30183.54 26888.38 89.08
636.1 30268.81 26958.53 89.06
637.5 30374.19 27028.49 88.99
638.9 30520.15 27146.93 88.95
640.2 30643.60 27237.73 88.89
641.6 30733.56 27275.04 88.75
643.0 30777.50 27226.25 88.46
644.4 30869.16 27214.39 88.16
645.8 30855.38 27127.16 87.92
647.2 31023.20 27214.46 87.72
648.5 31185.15 27278.21 87.47
649.9 31117.13 27127.04 87.18
651.3 31099.80 27027.45 86.91
652.7 31059.00 26823.45 86.36
654.1 30961.56 26631.96 86.02
655.5 30829.51 26475.04 85.88
656.8 30685.81 26313.71 85.75
658.2 30861.69 26468.89 85.77
659.6 31181.89 26786.93 85.91
660.9 31452.29 27028.44 85.93
662.3 31767.46 27269.88 85.84
663.7 32102.70 27510.00 85.69
665.0 32334.98 27709.75 85.70
666.4 32575.38 27908.48 85.67
667.8 32873.84 28172.00 85.70
669.1 33084.01 28380.51 85.78
670.5 33327.47 28629.72 85.90
671.9 33513.12 28782.36 85.88
673.2 33742.50 28996.06 85.93
674.6 33950.66 29199.50 86.01
676.0 34219.05 29429.50 86.00
677.3 34494.18 29669.39 86.01
678.7 34767.13 29922.13 86.06
680.0 35103.31 30281.86 86.26
681.4 35420.13 30656.94 86.55
682.8 35763.00 31005.98 86.70
684.1 36073.44 31381.74 86.99
685.5 36318.59 31696.18 87.27
686.8 36607.26 32019.36 87.47
688.2 36844.31 32294.76 87.65
689.5 36898.97 32405.08 87.82
690.9 36950.15 32465.18 87.86
692.2 37008.15 32532.90 87.91
693.6 37024.93 32610.68 88.08
694.9 37005.38 32561.04 87.99
696.2 37027.13 32597.33 88.04
697.6 37047.86 32619.68 88.05
698.9 37049.76 32656.80 88.14
700.3 37075.62 32699.49 88.20
701.6 37124.24 32754.30 88.23
703.0 37178.40 32822.79 88.28
704.3 37172.20 32837.84 88.34
705.6 37157.22 32815.98 88.32
707.0 37168.46 32823.88 88.31
708.3 37076.04 32734.57 88.29
709.6 36967.81 32652.22 88.33
711.0 36867.73 32518.28 88.20
712.3 36770.31 32349.14 87.98
713.6 36755.88 32269.44 87.79
714.9 36684.64 32154.98 87.65
716.3 36701.44 32103.68 87.47
717.6 36734.04 32074.56 87.32
718.9 36680.73 31949.29 87.10
720.2 36496.25 31749.48 86.99
721.6 36394.28 31577.39 86.76
722.9 36240.12 31364.37 86.55
724.2 36067.30 31100.14 86.23
725.5 35963.70 30867.89 85.83
726.8 35833.96 30647.65 85.53
728.1 35810.80 30487.16 85.13
729.5 35779.10 30326.52 84.76
730.8 35779.13 30169.99 84.32
732.1 35704.25 29999.70 84.02
733.4 35690.92 29840.17 83.61
734.7 35685.89 29707.51 83.25
736.0 35729.66 29642.80 82.96
737.3 35717.44 29521.80 82.65
738.6 35830.21 29547.16 82.46
739.9 36014.88 29641.73 82.30
741.2 36161.58 29721.51 82.19
742.5 36363.94 29899.30 82.22
743.8 36737.66 30229.24 82.28
745.1 37309.08 30746.62 82.41
746.4 37926.98 31369.07 82.71
747.7 38536.99 32006.32 83.05
749.0 39118.92 32627.54 83.41
750.3 39493.02 32981.55 83.51
751.6 39440.80 32899.35 83.41
752.9 39084.79 32549.80 83.28
754.2 38731.25 32165.91 83.05
755.4 38386.91 31751.98 82.72
756.7 38244.09 31596.69 82.62
758.0 38261.36 31608.67 82.61
759.3 38489.95 31814.77 82.66
760.6 38786.44 32090.52 82.74
761.9 39062.28 32328.48 82.76
763.1 39197.21 32493.83 82.90
764.4 39371.54 32678.31 83.00
765.7 39490.75 32808.75 83.08
767.0 39577.16 32929.23 83.20
768.2 39644.64 33015.36 83.28
769.5 39697.68 33101.91 83.38
770.8 39836.32 33250.91 83.47
772.0 39856.44 33298.19 83.55
773.3 39898.95 33362.16 83.62
774.6 39978.84 33441.79 83.65
775.8 40054.79 33547.80 83.75
777.1 40085.96 33583.68 83.78
778.4 40059.57 33550.56 83.75
779.6 39999.54 33538.62 83.85
780.9 39948.00 33492.00 83.84
782.1 39837.20 33370.07 83.77
783.4 39802.88 33379.84 83.86
784.6 39851.08 33413.96 83.85
785.9 40095.40 33655.16 83.94
787.1 40531.58 34152.91 84.26
788.4 40834.19 34591.05 84.71
789.6 40796.10 34571.78 84.74
790.9 40479.11 34266.06 84.65
792.1 40128.24 33901.36 84.48
793.4 39739.41 33547.50 84.42
794.6 39507.48 33337.38 84.38
795.8 39314.07 33144.89 84.31
797.1 39097.95 32944.58 84.26
798.3 38940.83 32806.13 84.25
799.5 38821.14 32733.86 84.32
800.8 38733.05 32652.49 84.30
802.0 38591.76 32557.56 84.36
803.2 38469.72 32449.08 84.35
804.5 38377.94 32385.62 84.39
805.7 38264.87 32290.65 84.39
806.9 38181.95 32190.85 84.31
808.1 38074.65 32131.29 84.39
809.4 38033.33 32093.74 84.38
810.6 37951.55 32000.15 84.32
811.8 37942.61 31970.92 84.26
813.0 37965.80 31980.66 84.24
814.2 37975.49 31993.82 84.25
815.4 38039.93 32088.10 84.35
816.6 38032.65 32091.83 84.38
817.9 38050.16 32133.14 84.45
819.1 37997.24 32039.03 84.32
820.3 37865.18 31893.14 84.23
821.5 37787.61 31776.58 84.09
822.7 37714.41 31689.14 84.02
823.9 37704.87 31635.10 83.90
825.1 37688.07 31566.15 83.76
826.3 37716.38 31497.70 83.51
827.5 37726.06 31436.87 83.33
828.7 37779.60 31372.80 83.04
829.9 37796.29 31298.76 82.81
831.0 37849.02 31273.57 82.63
832.2 37913.75 31271.21 82.48
833.4 37950.44 31227.58 82.29
834.6 37978.13 31214.06 82.19
835.8 38031.53 31232.25 82.12
837.0 38073.26 31265.27 82.12
838.1 38178.69 31328.20 82.06
839.3 38239.24 31333.58 81.94
840.5 38296.24 31399.17 81.99
841.7 38381.58 31493.48 82.05
842.9 38485.06 31530.66 81.93
844.0 38543.94 31589.84 81.96
845.2 38626.85 31692.21 82.05
846.4 38724.98 31756.85 82.01
847.5 38888.12 31898.48 82.03
848.7 39002.30 32019.75 82.10
849.9 39141.74 32119.82 82.06
851.0 39173.78 32157.67 82.09
852.2 39245.07 32177.07 81.99
853.3 39202.67 32154.87 82.02
854.5 39188.19 32134.91 82.00
855.6 39170.88 32121.81 82.00
856.8 39193.80 32113.51 81.94
857.9 39192.81 32097.51 81.90
859.1 39326.60 32153.20 81.76
860.2 39300.24 32134.76 81.77
861.4 39344.78 32149.51 81.71
862.5 39384.29 32132.52 81.59
863.7 39467.66 32152.28 81.46
864.8 39454.45 32152.75 81.49
865.9 39398.65 32077.62 81.42
867.1 39448.45 32046.30 81.24
868.2 39441.53 32030.17 81.21
869.3 39465.67 32015.59 81.12
870.5 39438.89 31907.30 80.90
871.6 39473.54 31896.71 80.81
872.7 39541.37 31901.28 80.68
873.9 39548.50 31869.11 80.58
875.0 39546.05 31784.04 80.37
876.1 39583.15 31749.71 80.21
877.2 39616.79 31698.13 80.01
878.3 39601.98 31629.02 79.87
879.4 39662.11 31625.78 79.74
880.5 39702.60 31604.76 79.60
881.7 39698.10 31560.75 79.50
882.8 39775.46 31548.13 79.32
883.9 39785.32 31500.73 79.18
885.0 39766.55 31382.03 78.92
886.1 39735.85 31298.36 78.77
887.2 39664.66 31187.54 78.63
888.3 39567.00 31033.12 78.43
889.4 39535.02 30924.41 78.22
890.5 39459.91 30824.12 78.12
891.6 39428.33 30658.46 77.76
892.7 39429.01 30634.84 77.70
893.8 39492.50 30561.94 77.39
894.9 39505.51 30521.59 77.26
896.0 39527.49 30386.70 76.87
897.0 39487.40 30365.69 76.90
898.1 39490.45 30286.54 76.69
899.2 39536.22 30242.92 76.49
900.3 39503.73 30113.73 76.23
901.4 39454.09 29998.31 76.03
902.4 39461.49 29944.14 75.88
903.5 39418.10 29815.52 75.64
904.6 39431.18 29750.01 75.45
905.7 39454.64 29715.72 75.32
906.7 39397.52 29617.99 75.18
907.8 39514.80 29587.68 74.88
908.9 39443.33 29453.74 74.67
909.9 39411.21 29326.55 74.41
911.0 39357.50 29216.54 74.23
912.1 39280.99 29082.10 74.04
913.1 39233.48 28938.52 73.76
914.2 39173.92 28750.04 73.39
915.2 39170.79 28631.34 73.09
916.3 39094.50 28542.00 73.01
917.3 39076.47 28408.23 72.70
918.4 39031.30 28215.28 72.29
919.4 39022.48 28119.14 72.06
920.5 39026.74 27921.99 71.55
921.5 39018.63 27795.95 71.24
922.6 38959.72 27595.15 70.83
923.6 39026.05 27425.72 70.28
924.7 39022.50 27294.25 69.94
925.7 39030.84 27063.12 69.34
926.7 39009.32 26953.29 69.09
927.8 39032.57 26775.32 68.60
928.8 39142.62 26609.82 67.98
929.9 39330.10 26487.62 67.35
930.9 39447.46 26420.10 66.98
931.9 39602.61 26271.04 66.34
932.9 39864.58 26208.02 65.74
934.0 39909.81 26024.57 65.21
935.0 39942.68 25827.24 64.66
936.0 39929.50 25585.20 64.08
937.0 39883.94 25324.46 63.50
938.1 39848.52 25060.61 62.89
939.1 39753.89 24732.02 62.21
940.1 39867.76 24619.92 61.75
941.1 39995.43 24457.37 61.15
942.1 40229.45 24345.13 60.52
943.1 40393.76 24198.21 59.91
944.1 40552.56 24056.38 59.32
945.2 40570.32 23826.60 58.73
946.2 40685.67 23575.00 57.94
947.2 40740.25 23339.38 57.29
948.2 40874.09 23129.35 56.59
949.2 40954.06 22901.13 55.92
950.2 41026.00 22592.40 55.07
951.2 41012.16 22348.20 54.49
952.2 41170.94 22052.75 53.56
953.2 41257.13 21826.35 52.90
954.2 41395.95 21572.33 52.11
955.2 41401.94 21353.88 51.58
956.2 41391.82 21118.60 51.02
957.2 41524.97 20962.05 50.48
958.2 41486.28 20808.37 50.16
959.2 41625.00 20695.95 49.72
960.1 41647.94 20577.18 49.41
961.1 41725.78 20488.63 49.10
962.1 41752.50 20466.56 49.02
963.1 41720.60 20395.12 48.88
964.1 41837.60 20321.12 48.57
965.1 41932.95 20314.27 48.44
966.1 41961.44 20282.35 48.34
967.0 42058.17 20209.77 48.05
968.0 42094.69 20247.03 48.10
969.0 42115.20 20265.80 48.12
970.0 42092.26 20328.77 48.30
971.0 42266.18 20278.65 47.98
971.9 42275.33 20311.05 48.04
972.9 42388.85 20383.04 48.09
973.9 42492.13 20283.25 47.73
974.9 42580.28 20307.11 47.69
975.8 42630.52 20350.25 47.74
976.8 42806.43 20428.30 47.72
977.8 42848.34 20452.52 47.73
978.8 42868.95 20498.10 47.82
979.7 43050.58 20571.87 47.79
980.7 43264.32 20797.10 48.07
981.7 43347.07 20999.63 48.45
982.6 43545.07 21124.40 48.51
983.6 44003.55 21278.21 48.36
984.6 44377.46 21735.90 48.98
985.5 44900.28 22347.00 49.77
986.5 45688.01 22685.92 49.65
987.5 46285.78 23188.72 50.10
988.4 47161.40 23900.80 50.68
989.4 47812.76 24717.83 51.70
990.4 48753.98 25690.72 52.69
991.3 50274.64 26756.33 53.22
992.3 50864.45 27388.55 53.85
993.2 51610.85 29395.75 56.96
994.2 53891.66 29602.46 54.93
995.2 55394.96 30495.20 55.05
996.1 55625.12 29951.99 53.85
997.1 56348.70 30617.21 54.34
998.0 54473.40 32547.00 59.75
999.0 55283.87 32519.93 58.82
1000.0 55127.21 31501.26 57.14
1000.9 55875.58 32266.18 57.75
1001.9 56355.47 32434.80 57.55
1002.8 54776.67 33451.40 61.07
1003.8 57170.04 34040.18 59.54
1004.8 54763.20 31945.20 58.33
961.5 49984.08 19239.52 38.49
965.5 48959.90 19362.19 39.55
969.5 47367.08 18946.83 40.00
973.4 45664.01 18572.14 40.67
977.4 44063.24 18576.26 42.16
981.4 43484.76 18710.12 43.03
985.3 43466.28 18933.73 43.56
989.3 43739.41 19313.89 44.16
993.3 44088.36 19664.67 44.60
997.2 44246.85 19937.81 45.06
1001.2 44240.69 20256.60 45.79
1005.2 44147.66 20601.36 46.66
1009.1 44170.72 21029.77 47.61
1013.1 44298.35 21524.24 48.59
1017.1 44409.64 22042.95 49.64
1021.0 44418.65 22517.71 50.69
1025.0 44431.92 23002.32 51.77
1029.0 44310.95 23419.88 52.85
1032.9 44196.36 23830.43 53.92
1036.9 44214.81 24306.11 54.97
1040.9 44317.48 24829.24 56.03
1044.8 44471.57 25359.53 57.02
1048.8 44586.22 25842.03 57.96
1052.7 44660.98 26251.59 58.78
1056.7 44664.90 26555.20 59.45
1060.7 44652.74 26788.83 59.99
1064.6 44643.90 26946.26 60.36
1068.6 44545.19 26969.23 60.54
1072.5 44448.63 26908.30 60.54
1076.5 44390.31 26825.10 60.43
1080.4 44363.13 26682.77 60.15
1084.4 44428.99 26503.07 59.65
1088.3 44526.89 26272.72 59.00
1092.3 44515.11 25922.20 58.23
1096.2 44485.25 25519.41 57.37
1100.2 44489.30 25136.41 56.50
1104.1 44387.15 24662.26 55.56
1108.1 44344.78 24199.45 54.57
1112.0 44255.25 23713.61 53.58
1116.0 44078.91 23135.78 52.49
1119.9 43920.46 22481.28 51.19
1123.9 43980.05 21773.64 49.51
1127.8 43933.44 20770.56 47.28
1131.8 43891.20 19488.15 44.40
1135.7 43904.71 18043.34 41.10
1139.6 43873.24 16517.39 37.65
1143.6 43814.30 15090.84 34.44
1147.5 43764.96 13916.36 31.80
1151.4 43600.54 12984.79 29.78
1155.4 43567.43 12363.93 28.38
1159.3 43548.37 11962.44 27.47
1163.2 43379.84 11650.91 26.86
1167.2 43333.14 11448.36 26.42
1171.1 43320.14 11299.84 26.08
1175.0 43247.45 11150.20 25.78
1179.0 43203.54 11020.43 25.51
1182.9 43281.26 10919.55 25.23
1186.8 43262.79 10800.02 24.96
1190.7 43059.97 10655.34 24.75
1194.7 42822.73 10521.40 24.57
1198.6 42602.18 10429.65 24.48
1202.5 42456.57 10375.82 24.44
1206.4 42335.53 10338.07 24.42
1210.3 42230.32 10331.54 24.46
1214.2 42126.94 10336.39 24.54
1218.2 41984.08 10341.59 24.63
1222.1 41854.50 10371.93 24.78
1226.0 41760.57 10423.21 24.96
1229.9 41673.90 10471.74 25.13
1233.8 41576.55 10510.77 25.28
1237.7 41528.30 10560.29 25.43
1241.6 41457.25 10592.23 25.55
1245.5 41309.15 10609.75 25.68
1249.4 41175.26 10635.25 25.83
1253.3 41058.30 10649.80 25.94
1257.2 40978.33 10662.49 26.02
1261.1 40873.57 10655.06 26.07
1265.0 40757.89 10623.30 26.06
1268.9 40587.74 10537.84 25.96
1272.8 40626.75 10490.85 25.82
1276.7 40780.33 10444.82 25.61
1280.6 40842.56 10337.99 25.31
1284.5 40748.73 10163.33 24.94
1288.4 40697.88 9970.69 24.50
1292.3 40562.50 9724.00 23.97
1296.2 40411.46 9442.01 23.36
1300.1 40239.63 9129.30 22.69
1303.9 40009.73 8785.33 21.96
1307.8 39785.54 8416.47 21.15
1311.7 39554.21 8016.55 20.27
1315.6 39326.35 7611.55 19.35
1319.5 39086.11 7194.72 18.41
1323.3 38870.69 6781.15 17.45
1327.2 38681.53 6372.40 16.47
1331.1 38474.56 5979.54 15.54
1335.0 38203.08 5611.96 14.69
1338.8 38009.09 5279.04 13.89
1342.7 37876.27 4976.39 13.14
1346.5 37598.34 4681.41 12.45
1350.4 37400.07 4432.53 11.85
1354.3 37094.65 4193.35 11.30
1358.1 36731.71 3963.38 10.79
1362.0 36487.36 3750.66 10.28
1365.8 36370.47 3553.52 9.77
1369.7 36432.94 3346.42 9.19
1373.5 36366.82 3086.77 8.49
1377.4 36166.21 2771.79 7.66
1381.2 35990.96 2422.15 6.73
1385.1 35936.27 2077.06 5.78
1389.0 35813.45 1756.26 4.90
1392.8 35598.92 1480.24 4.16
1396.6 35460.61 1256.51 3.54
1400.5 35253.63 1077.62 3.06
1404.3 35072.57 952.15 2.71
1408.2 35016.72 856.09 2.44
1412.0 34945.02 777.95 2.23
1415.8 34962.39 735.20 2.10
1419.6 34891.95 695.90 1.99
1423.5 34842.23 664.11 1.91
1427.3 34796.45 652.30 1.87
1431.1 34758.75 637.05 1.83
1434.9 34669.05 628.45 1.81
1438.8 34606.94 622.74 1.80
1442.6 34573.84 613.93 1.78
1446.4 34441.31 606.22 1.76
1450.2 34332.12 590.59 1.72
1454.0 34220.52 574.56 1.68
1457.8 34188.19 570.52 1.67
1461.6 34155.00 571.53 1.67
1465.4 34045.70 576.08 1.69
1469.2 33870.20 584.68 1.73
1473.0 33726.92 596.57 1.77
1476.8 33664.28 621.89 1.85
1480.7 33601.58 649.52 1.93
1484.4 33488.64 681.72 2.04
1488.2 33386.04 741.00 2.22
1492.0 33257.25 798.17 2.40
1495.8 33142.20 848.58 2.56
1499.6 33034.11 879.69 2.66
1503.4 32933.47 876.30 2.66
1507.2 32852.74 852.66 2.60
1510.9 32722.34 836.45 2.56
1514.7 32573.11 825.20 2.53
1518.5 32453.90 819.89 2.53
1522.3 32317.90 829.15 2.57
1526.0 32200.64 838.11 2.60
1529.8 32127.61 848.35 2.64
1533.6 32011.66 869.96 2.72
1537.3 31894.88 902.78 2.83
1541.1 31782.08 927.56 2.92
1544.8 31651.20 952.80 3.01
1548.6 31528.46 988.04 3.13
1552.4 31450.00 1017.56 3.24
1556.1 31366.15 1043.53 3.33
1559.9 31270.43 1070.12 3.42
1563.6 31150.17 1103.72 3.54
1567.3 31046.10 1142.42 3.68
1571.1 30855.35 1191.61 3.86
1574.8 30723.08 1243.63 4.05
1578.6 30633.26 1287.13 4.20
1582.3 30519.48 1304.39 4.27
1586.0 30400.45 1310.61 4.31
1589.8 30269.89 1316.08 4.35
1593.5 30123.48 1323.50 4.39
1597.2 29998.09 1332.56 4.44
1600.9 29883.71 1343.28 4.50
1604.7 29753.95 1357.70 4.56
1608.4 29639.51 1371.42 4.63
1612.1 29489.62 1384.13 4.69
1615.8 29365.23 1397.89 4.76
1619.5 29298.37 1417.08 4.84
1623.2 29161.12 1431.50 4.91
1626.9 29003.45 1438.67 4.96
1630.6 28846.40 1454.42 5.04
1634.3 28721.00 1462.89 5.09
1638.0 28599.28 1470.71 5.14
1641.7 28456.49 1477.23 5.19
1645.4 28299.47 1481.89 5.24
1649.1 28138.66 1483.36 5.27
1652.8 28008.70 1484.74 5.30
1656.4 27859.80 1482.71 5.32
1660.1 27720.43 1480.97 5.34
1663.8 27551.22 1480.67 5.37
1667.5 27406.07 1478.43 5.39
1671.1 27282.14 1471.68 5.39
1674.8 27100.13 1460.46 5.39
1678.5 27060.12 1458.29 5.39
1682.1 27085.37 1453.76 5.37
1685.8 27087.74 1451.80 5.36
1689.5 26985.46 1450.88 5.38
1693.1 26859.21 1440.96 5.36
1696.8 26718.75 1425.00 5.33
1700.4 26575.97 1407.76 5.30
1704.0 26457.91 1396.93 5.28
1707.7 26210.69 1368.32 5.22
1711.3 25940.59 1324.23 5.10
1715.0 25755.85 1295.92 5.03
1718.6 25603.66 1272.28 4.97
1722.2 25471.82 1235.30 4.85
1725.9 25346.15 1206.50 4.76
1729.5 25225.17 1182.77 4.69
1733.1 25122.33 1161.12 4.62
1736.7 25028.77 1132.33 4.52
1740.3 24869.68 1099.31 4.42
1744.0 24796.20 1078.20 4.35
1747.5 24670.34 1049.65 4.25
1751.2 24460.97 1012.94 4.14
1754.8 24300.77 985.01 4.05
1758.4 24168.99 967.90 4.00
1762.0 24004.67 950.82 3.96
1765.5 23878.06 936.49 3.92
1769.1 23824.80 924.00 3.88
1772.7 23745.17 907.88 3.82
1776.3 23631.64 886.70 3.75
1779.9 23517.13 865.56 3.68
1783.5 23453.36 845.68 3.61
1787.0 23338.16 829.67 3.55
1790.6 23194.11 828.63 3.57
1794.2 23099.94 821.02 3.55
1797.8 23019.59 808.29 3.51
1801.3 22943.45 802.16 3.50
1804.9 22821.75 798.00 3.50
1808.4 22758.56 787.36 3.46
1812.0 22651.25 784.64 3.46
1815.5 22537.46 783.96 3.48
1819.1 22377.91 761.66 3.40
1822.6 22230.86 756.13 3.40
1826.2 22108.08 763.36 3.45
1829.7 21962.63 756.50 3.44
1833.2 21769.52 743.97 3.42
1836.8 21568.82 726.18 3.37
1840.3 21408.35 722.70 3.38
1843.8 21283.15 713.44 3.35
1847.3 21175.36 704.26 3.33
1850.8 21026.88 693.50 3.30
1854.3 20829.70 672.51 3.23
1857.8 20716.80 650.00 3.14
1861.3 20743.52 606.08 2.92
1864.8 20771.48 582.38 2.80
1868.3 20668.83 550.88 2.67
1871.8 20505.60 483.84 2.36
1875.3 20412.67 433.16 2.12
1878.8 20386.82 409.90 2.01
1882.3 20318.80 360.32 1.77
1885.8 20165.84 321.24 1.59
1889.3 19976.70 300.28 1.50
1892.7 19815.25 283.33 1.43
1896.2 19650.94 299.06 1.52
1899.7 19441.16 316.74 1.63
1903.1 19313.45 336.34 1.74
1906.6 19304.54 417.22 2.16
1910.0 19451.18 458.66 2.36
1913.5 19794.95 528.98 2.67
1917.0 20308.75 812.35 4.00
1920.4 20662.58 1063.18 5.15
1923.8 20806.27 1192.03 5.73
1871.2 18887.00 206.04 1.09
1873.9 18953.16 246.98 1.30
1876.7 18991.47 259.61 1.37
1879.5 19143.67 151.33 0.79
1882.3 18900.39 162.39 0.86
1885.1 18757.12 155.16 0.83
1887.8 18909.61 98.96 0.52
1890.6 18719.80 140.34 0.75
1893.4 18700.00 146.67 0.78
1896.2 18690.78 89.40 0.48
1898.9 18634.09 89.93 0.48
1901.7 18493.24 99.93 0.54
1904.5 18663.12 89.93 0.48
1907.2 18605.75 85.50 0.46
1910.0 18464.96 77.82 0.42
1912.7 18451.36 80.07 0.43
1915.5 18338.72 75.27 0.41
1918.2 18231.61 42.94 0.24
1921.0 18078.76 48.14 0.27
1923.7 18082.37 70.04 0.39
1926.5 18028.91 91.19 0.51
1929.2 17989.40 83.37 0.46
1932.0 17961.44 85.32 0.48
1934.7 17922.05 90.67 0.51
1937.4 17800.47 71.34 0.40
1940.2 17730.06 86.05 0.49
1942.9 17801.07 85.26 0.48
1945.6 17808.94 84.56 0.47
1948.3 17731.12 84.23 0.48
1951.1 17698.80 81.27 0.46
1953.8 17700.00 90.00 0.51
1956.5 17568.67 89.85 0.51
1959.2 17632.03 80.73 0.46
1961.9 17647.56 71.52 0.41
1964.6 17543.58 86.28 0.49
1967.3 17598.27 94.93 0.54
1970.0 17419.60 76.96 0.44
1972.8 17335.24 91.19 0.53
1975.5 17419.52 81.95 0.47
1978.2 17336.04 84.68 0.49
1980.9 17221.82 122.43 0.71
1983.5 17185.34 101.79 0.59
1986.2 17183.55 84.39 0.49
1988.9 17157.36 110.58 0.64
1991.6 17017.92 115.87 0.68
1994.3 16893.86 95.32 0.56
1997.0 16913.63 103.80 0.61
1999.7 16876.79 103.38 0.61
2002.3 16857.27 109.31 0.65
2005.0 16785.35 117.94 0.70
2007.7 16706.93 111.80 0.67
2010.4 16656.07 108.49 0.65
2013.0 16600.58 119.49 0.72
2015.7 16495.88 130.72 0.79
2018.4 16401.61 136.16 0.83
2021.0 16371.00 133.17 0.81
2023.7 16264.64 121.55 0.75
2026.4 16195.83 126.75 0.78
2029.0 16138.97 126.53 0.78
2031.7 16029.65 123.93 0.77
2034.3 16012.75 126.75 0.79
2037.0 15932.90 157.64 0.99
2039.6 15864.39 149.11 0.94
2042.3 15822.15 115.14 0.73
2044.9 15747.27 137.45 0.87
2047.5 15719.22 148.67 0.95
2050.2 15638.00 148.40 0.95
2052.8 15596.00 148.40 0.95
2055.4 15487.61 137.28 0.89
2058.1 15363.60 134.40 0.87
2060.7 15311.01 150.93 0.99
2063.3 15243.07 136.55 0.90
2065.9 15200.63 120.04 0.79
2068.6 15142.00 139.58 0.92
2071.2 15102.27 145.08 0.96
2073.8 15013.06 159.51 1.06
2076.4 14939.89 174.01 1.16
2079.0 14937.96 160.17 1.07
2081.6 14955.68 137.85 0.92
2084.2 14929.44 149.55 1.00
2086.8 14795.01 169.70 1.15
2089.4 14708.12 158.85 1.08
2092.1 14645.50 144.50 0.99
2094.7 14574.18 152.55 1.05
2097.2 14543.50 172.83 1.19
2099.8 14569.24 162.26 1.11
2102.4 14455.51 150.70 1.04
2105.0 14315.55 173.85 1.21
2107.6 14281.54 190.84 1.34
2110.2 14245.28 176.18 1.24
2112.8 14225.04 154.62 1.09
2115.3 14222.61 187.63 1.32
2117.9 14223.97 211.82 1.49
2120.5 14225.20 171.99 1.21
2123.1 14136.53 169.65 1.20
2125.6 14079.43 169.84 1.21
2128.2 14012.88 169.75 1.21
2130.8 13940.55 175.50 1.26
2133.3 13889.33 178.93 1.29
2135.9 13802.30 182.38 1.32
2138.4 13704.95 191.53 1.40
2141.0 13601.55 202.75 1.49
2143.6 13585.34 202.29 1.49
2146.1 13439.94 196.87 1.46
2148.7 13282.54 205.57 1.55
2151.2 13302.67 196.53 1.48
2153.8 13324.47 200.15 1.50
2156.3 13227.98 194.92 1.47
2158.8 13160.05 177.20 1.35
2161.4 13128.93 203.44 1.55
2163.9 13034.58 200.49 1.54
2166.4 12973.85 171.49 1.32
2169.0 12959.07 201.05 1.55
2171.5 12876.28 204.01 1.58
2174.0 12786.55 187.43 1.47
2176.5 12767.30 194.35 1.52
2179.1 12718.27 192.75 1.52
2181.6 12644.21 200.75 1.59
2184.1 12612.60 209.44 1.66
2186.6 12631.79 200.85 1.59
2189.1 12551.10 176.55 1.41
2191.6 12501.53 196.00 1.57
2194.1 12512.72 195.98 1.57
2196.6 12513.32 190.21 1.52
2199.2 12564.98 223.25 1.78
2201.7 12503.60 196.99 1.58
2204.1 12450.01 194.25 1.56
2206.6 12458.20 220.07 1.77
2209.1 12429.94 204.39 1.64
2211.6 12413.54 205.56 1.66
2214.1 12385.83 220.50 1.78
2216.6 12340.79 220.30 1.79
2219.1 12355.98 189.92 1.54
2221.6 12303.15 190.33 1.55
2224.0 12230.10 213.36 1.74
2226.5 12198.83 194.06 1.59
2229.0 12234.63 175.11 1.43
2231.5 12152.59 195.33 1.61
2233.9 12137.64 223.20 1.84
2236.4 12131.98 185.28 1.53
2238.9 12024.13 151.13 1.26
2241.3 12068.10 205.99 1.71
2243.8 12017.57 237.09 1.97
2246.2 11870.35 182.20 1.53
2248.7 11882.39 173.55 1.46
2251.2 11860.53 165.26 1.39
2253.6 11784.96 161.28 1.37
2256.1 11773.44 203.52 1.73
2258.5 11793.92 199.77 1.69
2260.9 11696.75 184.08 1.57
2263.4 11668.53 180.40 1.55
2265.8 11678.48 184.64 1.58
2268.3 11583.48 184.72 1.59
2270.7 11653.18 176.56 1.52
2273.1 11608.55 157.24 1.35
2275.6 11523.84 149.76 1.30
2278.0 11553.06 149.89 1.30
2280.4 11529.61 153.93 1.34
2282.8 11402.06 170.35 1.49
2285.3 11435.59 155.53 1.36
2287.7 11531.47 171.82 1.49
2290.1 11440.95 193.71 1.69
2292.5 11408.96 174.61 1.53
2294.9 11404.51 169.92 1.49
2297.3 11303.39 150.29 1.33
2299.7 11233.01 134.24 1.20
2302.1 11231.11 168.92 1.50
2304.5 11113.20 133.28 1.20
2306.9 10995.60 98.00 0.89
2309.3 10932.15 133.22 1.22
2311.7 10856.55 121.68 1.12
2314.1 10708.33 102.40 0.96
2316.5 10641.94 137.90 1.30
2318.9 10674.03 137.96 1.29
2321.3 10672.73 110.93 1.04
2323.7 10642.23 127.79 1.20
2326.1 10606.96 145.08 1.37
2328.4 10691.58 117.98 1.10
2330.8 10736.25 114.52 1.07
2333.2 10617.06 115.31 1.09
2335.6 10582.60 112.10 1.06
2337.9 10642.00 141.89 1.33
2340.3 10592.40 104.96 0.99
2342.7 10507.23 105.79 1.01
2345.0 10502.01 140.14 1.33
2347.4 10493.25 119.00 1.13
2349.7 10277.63 76.89 0.75
2352.1 10236.25 85.77 0.84
2354.4 10290.21 120.35 1.17
2356.8 10243.45 90.65 0.88
2359.2 10187.67 108.33 1.06
2361.5 10122.93 135.26 1.34
2363.8 10144.75 109.79 1.08
2366.2 10159.49 119.16 1.17
2368.5 10097.05 115.70 1.15
2370.9 10118.68 84.99 0.84
2373.2 10072.53 107.92 1.07
2375.5 9932.38 108.60 1.09
2377.9 9918.93 82.05 0.83
2380.2 9923.89 87.05 0.88
2382.5 9856.28 82.71 0.84
2384.8 9822.88 60.32 0.61
2387.2 9807.99 84.39 0.86
2389.5 9759.69 99.16 1.02
2391.8 9772.85 80.81 0.83
2394.1 9716.63 62.38 0.64
2396.4 9652.48 67.74 0.70
2398.7 9714.10 77.95 0.80
2401.0 9598.25 84.07 0.88
2403.3 9511.80 69.72 0.73
2405.6 9521.83 44.99 0.47
2407.9 9458.88 70.14 0.74
2410.2 9400.00 110.29 1.17
2412.5 9350.27 86.39 0.92
2414.8 9330.30 77.03 0.83
2417.1 9280.68 67.10 0.72
2419.4 9294.64 88.57 0.95
2421.7 9214.94 99.88 1.08
2424.0 9156.02 58.12 0.63
2426.2 9223.40 64.20 0.70
2428.5 9129.27 91.94 1.01
2430.8 9112.40 81.75 0.90
2433.1 9071.93 44.25 0.49
2435.4 8991.17 39.17 0.44
2437.6 8963.19 39.17 0.44
2439.9 8866.09 39.31 0.44
2442.2 8873.80 62.57 0.71
2444.4 8827.50 57.43 0.65
2446.7 8812.56 52.56 0.60
2448.9 8870.66 88.83 1.00
2451.2 8802.92 65.56 0.74
2453.4 8732.64 30.13 0.35
2455.7 8702.87 79.06 0.91
2457.9 8608.05 73.26 0.85
2460.2 8594.01 43.16 0.50
2462.4 8611.20 37.44 0.43
2464.7 8503.63 75.70 0.89
2466.9 8416.62 77.04 0.92
2469.2 8471.54 25.93 0.31
2471.4 8370.38 32.83 0.39
2473.6 8261.63 53.56 0.65
2475.9 8256.69 115.15 1.39
2478.1 8211.66 81.98 1.00
2480.3 8173.00 0.00 0.00
2482.5 8177.69 50.04 0.61
2484.8 8119.06 94.66 1.17
2487.0 8110.30 66.66 0.82
2489.2 8058.48 82.92 1.03
2491.4 7946.29 61.48 0.77
2493.6 7987.26 39.19 0.49
2495.8 7981.68 71.27 0.89
2498.0 7985.07 48.64 0.61
2500.2 7961.63 -8.43 -0.11
2502.4 8125.20 44.40 0.55
2504.6 8272.59 103.29 1.25
2506.8 8348.61 77.93 0.93
