/*** Spectra Vista SIG Data ***/
name= \My Documents\HR1024_Data\RD2S4.
instrument= HR: 1091052
integration= 200, 60, 30, 400, 60, 30
scan time= 1, 1
scan settings= AD, AI, AD, AI
external data set1= 8224, 8224, 8224, 8224, 8224, 8224, 8224, 8224, 8224, 8224, 8224, 8224, 8224, 8224, 8224, 8224
external data set2= 8224, 8224, 8224, 8224, 8224, 8224, 8224, 8224, 8224, 8224, 8224, 8224, 8224, 8224, 8224, 8224
external data dark= 0,0,0,0,0,0,0,0
external data mask= 0
optic= LENS4 , LENS4 
temp= 32.26, 8.88, -5.37, 37.90, 8.94, -5.30
battery= 7.0, 6.9
error= 0, 0
units= Radiance, Radiance
time= 1/15/08 9:53:06 AM, 1/15/08 10:05:46 AM
longitude= , 
latitude= , 
gpstime= , 
comm= 
memory slot= 0, 0
factors= 
data= 
346.4 509.60 140.14 27.50
347.9 549.06 147.46 26.86
349.5 608.40 149.76 24.62
351.1 655.20 156.00 23.81
352.6 708.40 167.61 23.66
354.2 752.68 161.99 21.52
355.7 818.30 165.01 20.16
357.3 873.81 173.38 19.84
358.8 891.23 171.26 19.22
360.4 967.31 182.91 18.91
361.9 1009.93 182.83 18.10
363.5 1059.53 178.32 16.83
365.1 1102.67 182.04 16.51
366.6 1156.59 186.44 16.12
368.2 1218.77 184.66 15.15
369.7 1306.00 184.47 14.13
371.3 1379.56 189.32 13.72
372.8 1457.48 190.90 13.10
374.4 1528.58 193.58 12.66
375.9 1575.56 205.22 13.03
377.4 1632.76 200.03 12.25
379.0 1683.54 198.91 11.81
380.5 1741.87 192.34 11.04
382.1 1805.51 199.46 11.05
383.6 1862.60 191.36 10.27
385.2 1949.75 187.00 9.59
386.7 2036.04 190.88 9.38
388.3 2135.96 195.66 9.16
389.8 2212.47 207.25 9.37
391.3 2314.34 210.27 9.09
392.9 2392.65 216.22 9.04
394.4 2474.90 232.95 9.41
395.9 2552.82 241.78 9.47
397.5 2664.75 242.25 9.09
399.0 2774.82 241.02 8.69
400.6 2852.64 233.48 8.18
402.1 2910.24 233.49 8.02
403.6 2965.71 230.16 7.76
405.1 3036.77 227.36 7.49
406.7 3133.76 232.96 7.43
408.2 3234.33 240.57 7.44
409.7 3330.88 239.68 7.20
411.3 3437.91 247.86 7.21
412.8 3528.93 257.15 7.29
414.3 3634.54 265.55 7.31
415.8 3740.00 268.75 7.19
417.4 3868.37 277.04 7.16
418.9 3954.39 287.16 7.26
420.4 4037.85 280.41 6.94
421.9 4106.74 280.72 6.84
423.5 4196.00 282.54 6.73
425.0 4263.51 293.30 6.88
426.5 4364.50 288.10 6.60
428.0 4488.82 281.19 6.26
429.5 4615.58 290.33 6.29
431.1 4756.23 295.09 6.20
432.6 4917.76 299.91 6.10
434.1 5064.68 308.96 6.10
435.6 5199.35 316.37 6.08
437.1 5333.25 321.75 6.03
438.6 5454.84 335.03 6.14
440.1 5584.70 342.97 6.14
441.6 5717.14 345.43 6.04
443.1 5852.25 354.38 6.06
444.7 5982.11 366.82 6.13
446.2 6104.50 375.74 6.16
447.7 6213.60 376.48 6.06
449.2 6315.84 382.32 6.05
450.7 6414.72 383.76 5.98
452.2 6543.45 388.09 5.93
453.7 6682.65 388.33 5.81
455.2 6842.54 393.11 5.75
456.7 7029.44 405.68 5.77
458.2 7231.16 413.28 5.72
459.7 7428.75 427.88 5.76
461.2 7633.63 435.07 5.70
462.7 7815.14 451.08 5.77
464.2 8000.76 460.25 5.75
465.7 8191.53 473.13 5.78
467.2 8352.58 483.18 5.78
468.7 8552.00 498.00 5.82
470.2 8711.17 517.68 5.94
471.7 8854.00 533.19 6.02
473.2 9050.37 536.76 5.93
474.6 9252.88 535.26 5.78
476.1 9378.88 537.42 5.73
477.6 9464.51 538.31 5.69
479.1 9567.20 530.37 5.54
480.6 9658.16 540.29 5.59
482.1 9797.74 544.61 5.56
483.6 9963.22 546.17 5.48
485.1 10140.49 556.93 5.49
486.6 10356.19 572.51 5.53
488.0 10562.50 578.50 5.48
489.5 10784.97 591.90 5.49
491.0 10998.86 598.24 5.44
492.5 11224.98 615.60 5.48
494.0 11462.99 635.20 5.54
495.4 11663.85 648.45 5.56
496.9 11870.36 661.32 5.57
498.4 12074.30 675.31 5.59
499.9 12278.41 687.86 5.60
501.4 12476.75 698.87 5.60
502.8 12664.51 713.43 5.63
504.3 12846.60 729.00 5.67
505.8 13033.73 732.83 5.62
507.2 13172.68 744.54 5.65
508.7 13289.99 748.80 5.63
510.2 13412.81 756.77 5.64
511.6 13494.72 757.77 5.62
513.1 13630.43 761.09 5.58
514.6 13795.53 764.28 5.54
516.0 13946.28 764.69 5.48
517.5 14135.83 771.58 5.46
519.0 14365.19 778.16 5.42
520.5 14579.60 788.84 5.41
521.9 14828.55 801.41 5.40
523.4 15093.49 813.45 5.39
524.8 15349.14 828.96 5.40
526.3 15633.70 850.11 5.44
527.8 15915.89 866.64 5.45
529.2 16178.21 878.01 5.43
530.7 16455.24 902.26 5.48
532.1 16698.15 916.04 5.49
533.6 16994.07 932.25 5.49
535.0 17295.55 953.74 5.51
536.5 17581.25 972.29 5.53
538.0 17895.84 995.44 5.56
539.4 18160.64 1021.07 5.62
540.9 18488.86 1040.70 5.63
542.3 18738.28 1061.25 5.66
543.8 18940.29 1072.30 5.66
545.2 19020.35 1077.59 5.67
546.6 19057.19 1083.26 5.68
548.1 19121.11 1087.27 5.69
549.5 19166.91 1092.60 5.70
551.0 19217.70 1091.87 5.68
552.4 19311.21 1101.70 5.70
553.9 19371.38 1107.12 5.72
555.3 19461.20 1117.94 5.74
556.8 19596.88 1129.96 5.77
558.2 19743.75 1142.44 5.79
559.6 19902.71 1159.23 5.82
561.1 20117.50 1182.19 5.88
562.5 20332.52 1211.49 5.96
564.0 20611.34 1239.47 6.01
565.4 20865.50 1269.79 6.09
566.8 21177.73 1311.74 6.19
568.3 21463.05 1355.50 6.32
569.7 21776.78 1402.89 6.44
571.1 22080.65 1452.93 6.58
572.6 22373.82 1502.55 6.72
574.0 22675.95 1555.13 6.86
575.4 22958.44 1618.31 7.05
576.9 23231.09 1683.12 7.25
578.3 23477.03 1749.07 7.45
579.7 23721.74 1817.90 7.66
581.1 23920.49 1891.92 7.91
582.6 24132.47 1971.94 8.17
584.0 24305.80 2054.28 8.45
585.4 24549.94 2139.89 8.72
586.8 24845.17 2251.55 9.06
588.3 25201.80 2358.72 9.36
589.7 25517.70 2474.55 9.70
591.1 25735.55 2574.02 10.00
592.5 25883.00 2684.46 10.37
594.0 25998.42 2773.89 10.67
595.4 26057.54 2880.87 11.06
596.8 26115.38 2981.55 11.42
598.2 26174.55 3089.04 11.80
599.6 26202.06 3201.26 12.22
601.0 26298.70 3324.09 12.64
602.4 26372.18 3454.28 13.10
603.9 26501.77 3592.44 13.56
605.3 26625.41 3729.86 14.01
606.7 26749.80 3874.50 14.48
608.1 26941.18 4037.76 14.99
609.5 27151.69 4195.63 15.45
610.9 27387.74 4375.34 15.98
612.3 27589.20 4555.04 16.51
613.7 27871.80 4752.72 17.05
615.1 28061.64 4928.85 17.56
616.5 28235.16 5115.94 18.12
617.9 28534.12 5331.52 18.68
619.3 28808.15 5555.71 19.29
620.7 29149.14 5808.35 19.93
622.1 29527.66 6038.20 20.45
623.5 29951.83 6246.86 20.86
624.9 30436.35 6449.63 21.19
626.3 30757.12 6574.70 21.38
627.7 30461.43 6599.45 21.66
629.1 30188.34 6658.31 22.06
630.5 30083.03 6771.27 22.51
631.9 30076.12 6945.98 23.09
633.3 30078.24 7134.94 23.72
634.7 30183.54 7346.63 24.34
636.1 30268.81 7500.01 24.78
637.5 30374.19 7622.51 25.10
638.9 30520.15 7737.30 25.35
640.2 30643.60 7833.96 25.56
641.6 30733.56 7898.67 25.70
643.0 30777.50 7933.49 25.78
644.4 30869.16 7951.40 25.76
645.8 30855.38 7950.65 25.77
647.2 31023.20 7992.92 25.76
648.5 31185.15 8041.26 25.79
649.9 31117.13 8049.89 25.87
651.3 31099.80 8093.70 26.02
652.7 31059.00 8131.95 26.18
654.1 30961.56 7979.01 25.77
655.5 30829.51 7746.78 25.13
656.8 30685.81 7518.85 24.50
658.2 30861.69 7393.49 23.96
659.6 31181.89 7309.38 23.44
660.9 31452.29 7214.53 22.94
662.3 31767.46 7098.70 22.35
663.7 32102.70 6970.95 21.71
665.0 32334.98 6845.18 21.17
666.4 32575.38 6716.41 20.62
667.8 32873.84 6626.35 20.16
669.1 33084.01 6536.84 19.76
670.5 33327.47 6485.96 19.46
671.9 33513.12 6442.32 19.22
673.2 33742.50 6445.84 19.10
674.6 33950.66 6476.33 19.08
676.0 34219.05 6548.06 19.14
677.3 34494.18 6672.58 19.34
678.7 34767.13 6854.19 19.71
680.0 35103.31 7127.18 20.30
681.4 35420.13 7525.09 21.25
682.8 35763.00 8035.30 22.47
684.1 36073.44 8704.80 24.13
685.5 36318.59 9511.50 26.19
686.8 36607.26 10472.22 28.61
688.2 36844.31 11540.28 31.32
689.5 36898.97 12665.30 34.32
690.9 36950.15 13831.20 37.43
692.2 37008.15 15025.88 40.60
693.6 37024.93 16237.57 43.86
694.9 37005.38 17384.54 46.98
696.2 37027.13 18481.22 49.91
697.6 37047.86 19524.52 52.70
698.9 37049.76 20512.80 55.37
700.3 37075.62 21445.44 57.84
701.6 37124.24 22311.84 60.10
703.0 37178.40 23097.82 62.13
704.3 37172.20 23794.79 64.01
705.6 37157.22 24422.27 65.73
707.0 37168.46 24994.04 67.25
708.3 37076.04 25459.91 68.67
709.6 36967.81 25863.42 69.96
711.0 36867.73 26202.19 71.07
712.3 36770.31 26495.01 72.06
713.6 36755.88 26818.68 72.96
714.9 36684.64 27086.14 73.84
716.3 36701.44 27365.50 74.56
717.6 36734.04 27661.90 75.30
718.9 36680.73 27851.53 75.93
720.2 36496.25 27920.76 76.50
721.6 36394.28 28004.34 76.95
722.9 36240.12 28069.55 77.45
724.2 36067.30 28074.37 77.84
725.5 35963.70 28108.85 78.16
726.8 35833.96 28098.40 78.41
728.1 35810.80 28138.65 78.58
729.5 35779.10 28157.38 78.70
730.8 35779.13 28183.93 78.77
732.1 35704.25 28170.45 78.90
733.4 35690.92 28199.27 79.01
734.7 35685.89 28198.88 79.02
736.0 35729.66 28250.33 79.07
737.3 35717.44 28282.41 79.18
738.6 35830.21 28408.68 79.29
739.9 36014.88 28605.12 79.43
741.2 36161.58 28761.92 79.54
742.5 36363.94 29036.42 79.85
743.8 36737.66 29430.84 80.11
745.1 37309.08 30020.31 80.46
746.4 37926.98 30641.29 80.79
747.7 38536.99 31258.71 81.11
749.0 39118.92 31831.79 81.37
750.3 39493.02 32115.48 81.32
751.6 39440.80 32047.18 81.25
752.9 39084.79 31773.51 81.29
754.2 38731.25 31474.22 81.26
755.4 38386.91 31177.56 81.22
756.7 38244.09 31125.84 81.39
758.0 38261.36 31212.50 81.58
759.3 38489.95 31487.89 81.81
760.6 38786.44 31827.18 82.06
761.9 39062.28 32150.78 82.31
763.1 39197.21 32347.01 82.52
764.4 39371.54 32580.63 82.75
765.7 39490.75 32751.88 82.94
767.0 39577.16 32881.34 83.08
768.2 39644.64 33013.68 83.27
769.5 39697.68 33108.74 83.40
770.8 39836.32 33268.32 83.51
772.0 39856.44 33335.41 83.64
773.3 39898.95 33443.33 83.82
774.6 39978.84 33561.14 83.95
775.8 40054.79 33631.89 83.96
777.1 40085.96 33682.55 84.03
778.4 40059.57 33641.45 83.98
779.6 39999.54 33682.07 84.21
780.9 39948.00 33650.00 84.23
782.1 39837.20 33559.44 84.24
783.4 39802.88 33587.84 84.39
784.6 39851.08 33640.80 84.42
785.9 40095.40 33949.52 84.67
787.1 40531.58 34421.24 84.92
788.4 40834.19 34689.60 84.95
789.6 40796.10 34536.73 84.66
790.9 40479.11 34171.78 84.42
792.1 40128.24 33830.60 84.31
793.4 39739.41 33499.58 84.30
794.6 39507.48 33236.12 84.13
795.8 39314.07 33056.82 84.08
797.1 39097.95 32864.51 84.06
798.3 38940.83 32731.26 84.05
799.5 38821.14 32670.54 84.16
800.8 38733.05 32577.95 84.11
802.0 38591.76 32473.94 84.15
803.2 38469.72 32351.90 84.10
804.5 38377.94 32270.30 84.09
805.7 38264.87 32164.02 84.06
806.9 38181.95 32059.63 83.97
808.1 38074.65 32004.45 84.06
809.4 38033.33 31957.61 84.03
810.6 37951.55 31911.43 84.08
811.8 37942.61 31906.91 84.09
813.0 37965.80 31943.80 84.14
814.2 37975.49 31982.18 84.22
815.4 38039.93 32062.22 84.29
816.6 38032.65 32072.88 84.33
817.9 38050.16 32071.46 84.29
819.1 37997.24 31989.33 84.19
820.3 37865.18 31860.27 84.14
821.5 37787.61 31760.29 84.05
822.7 37714.41 31696.06 84.04
823.9 37704.87 31669.43 83.99
825.1 37688.07 31627.64 83.92
826.3 37716.38 31604.44 83.80
827.5 37726.06 31596.03 83.75
828.7 37779.60 31578.00 83.58
829.9 37796.29 31541.11 83.45
831.0 37849.02 31558.46 83.38
832.2 37913.75 31594.79 83.33
833.4 37950.44 31620.72 83.32
834.6 37978.13 31666.41 83.38
835.8 38031.53 31711.84 83.38
837.0 38073.26 31784.92 83.48
838.1 38178.69 31894.26 83.54
839.3 38239.24 31961.81 83.58
840.5 38296.24 32059.79 83.72
841.7 38381.58 32185.28 83.86
842.9 38485.06 32306.75 83.95
844.0 38543.94 32435.26 84.15
845.2 38626.85 32572.84 84.33
846.4 38724.98 32664.80 84.35
847.5 38888.12 32851.86 84.48
848.7 39002.30 32971.92 84.54
849.9 39141.74 33087.77 84.53
851.0 39173.78 33106.74 84.51
852.2 39245.07 33140.09 84.44
853.3 39202.67 33117.55 84.48
854.5 39188.19 33080.94 84.42
855.6 39170.88 33080.58 84.45
856.8 39193.80 33134.53 84.54
857.9 39192.81 33136.96 84.55
859.1 39326.60 33213.40 84.46
860.2 39300.24 33218.06 84.52
861.4 39344.78 33254.27 84.52
862.5 39384.29 33288.41 84.52
863.7 39467.66 33342.01 84.48
864.8 39454.45 33339.78 84.50
865.9 39398.65 33305.66 84.54
867.1 39448.45 33302.82 84.42
868.2 39441.53 33299.00 84.43
869.3 39465.67 33310.18 84.40
870.5 39438.89 33230.52 84.26
871.6 39473.54 33246.61 84.23
872.7 39541.37 33279.00 84.16
873.9 39548.50 33267.40 84.12
875.0 39546.05 33244.63 84.07
876.1 39583.15 33205.48 83.89
877.2 39616.79 33201.97 83.81
878.3 39601.98 33142.37 83.69
879.4 39662.11 33131.58 83.53
880.5 39702.60 33148.98 83.49
881.7 39698.10 33085.98 83.34
882.8 39775.46 33047.14 83.08
883.9 39785.32 32967.61 82.86
885.0 39766.55 32894.79 82.72
886.1 39735.85 32779.17 82.49
887.2 39664.66 32606.38 82.21
888.3 39567.00 32453.93 82.02
889.4 39535.02 32287.53 81.67
890.5 39459.91 32188.37 81.57
891.6 39428.33 32093.03 81.40
892.7 39429.01 32032.67 81.24
893.8 39492.50 32051.88 81.16
894.9 39505.51 31996.09 80.99
896.0 39527.49 31937.70 80.80
897.0 39487.40 31898.29 80.78
898.1 39490.45 31870.06 80.70
899.2 39536.22 31807.37 80.45
900.3 39503.73 31724.12 80.31
901.4 39454.09 31629.26 80.17
902.4 39461.49 31563.51 79.99
903.5 39418.10 31455.56 79.80
904.6 39431.18 31420.82 79.69
905.7 39454.64 31361.26 79.49
906.7 39397.52 31299.30 79.44
907.8 39514.80 31282.55 79.17
908.9 39443.33 31149.45 78.97
909.9 39411.21 31083.80 78.87
911.0 39357.50 30972.09 78.69
912.1 39280.99 30832.73 78.49
913.1 39233.48 30707.04 78.27
914.2 39173.92 30561.81 78.02
915.2 39170.79 30469.50 77.79
916.3 39094.50 30411.30 77.79
917.3 39076.47 30292.35 77.52
918.4 39031.30 30112.91 77.15
919.4 39022.48 30009.80 76.90
920.5 39026.74 29905.35 76.63
921.5 39018.63 29814.16 76.41
922.6 38959.72 29638.46 76.07
923.6 39026.05 29564.87 75.76
924.7 39022.50 29471.13 75.52
925.7 39030.84 29294.85 75.06
926.7 39009.32 29158.26 74.75
927.8 39032.57 29063.86 74.46
928.8 39142.62 28970.91 74.01
929.9 39330.10 28929.50 73.56
930.9 39447.46 28880.57 73.21
931.9 39602.61 28860.08 72.87
932.9 39864.58 28895.13 72.48
934.0 39909.81 28760.60 72.06
935.0 39942.68 28649.15 71.73
936.0 39929.50 28457.61 71.27
937.0 39883.94 28286.31 70.92
938.1 39848.52 28100.61 70.52
939.1 39753.89 27904.64 70.19
940.1 39867.76 27794.53 69.72
941.1 39995.43 27785.20 69.47
942.1 40229.45 27744.45 68.97
943.1 40393.76 27711.26 68.60
944.1 40552.56 27643.63 68.17
945.2 40570.32 27511.26 67.81
946.2 40685.67 27361.25 67.25
947.2 40740.25 27191.38 66.74
948.2 40874.09 27106.62 66.32
949.2 40954.06 26934.38 65.77
950.2 41026.00 26702.03 65.09
951.2 41012.16 26603.64 64.87
952.2 41170.94 26418.26 64.17
953.2 41257.13 26277.39 63.69
954.2 41395.95 26109.90 63.07
955.2 41401.94 25993.35 62.78
956.2 41391.82 25791.61 62.31
957.2 41524.97 25655.76 61.78
958.2 41486.28 25545.70 61.58
959.2 41625.00 25491.15 61.24
960.1 41647.94 25385.33 60.95
961.1 41725.78 25388.84 60.85
962.1 41752.50 25329.38 60.67
963.1 41720.60 25284.11 60.60
964.1 41837.60 25251.98 60.36
965.1 41932.95 25301.72 60.34
966.1 41961.44 25279.16 60.24
967.0 42058.17 25287.50 60.13
968.0 42094.69 25287.99 60.07
969.0 42115.20 25262.70 59.98
970.0 42092.26 25328.19 60.17
971.0 42266.18 25359.71 60.00
971.9 42275.33 25436.05 60.17
972.9 42388.85 25423.48 59.98
973.9 42492.13 25366.90 59.70
974.9 42580.28 25464.68 59.80
975.8 42630.52 25459.10 59.72
976.8 42806.43 25542.87 59.67
977.8 42848.34 25597.50 59.74
978.8 42868.95 25622.63 59.77
979.7 43050.58 25742.34 59.80
980.7 43264.32 25847.25 59.74
981.7 43347.07 26043.02 60.08
982.6 43545.07 26309.48 60.42
983.6 44003.55 26611.16 60.48
984.6 44377.46 26837.80 60.48
985.5 44900.28 27366.48 60.95
986.5 45688.01 27705.27 60.64
987.5 46285.78 28596.36 61.78
988.4 47161.40 29129.10 61.76
989.4 47812.76 29524.07 61.75
990.4 48753.98 30069.82 61.68
991.3 50274.64 30761.26 61.19
992.3 50864.45 31399.02 61.73
993.2 51610.85 32761.67 63.48
994.2 53891.66 33018.13 61.27
995.2 55394.96 32733.38 59.09
996.1 55625.12 33161.13 59.62
997.1 56348.70 32897.22 58.38
998.0 54473.40 32889.60 60.38
999.0 55283.87 33784.59 61.11
1000.0 55127.21 33563.84 60.88
1000.9 55875.58 33446.65 59.86
1001.9 56355.47 33448.39 59.35
1002.8 54776.67 33660.47 61.45
1003.8 57170.04 34258.38 59.92
1004.8 54763.20 32401.56 59.17
961.5 49984.08 27940.81 55.90
965.5 48959.90 27806.50 56.79
969.5 47367.08 27260.24 57.55
973.4 45664.01 26325.55 57.65
977.4 44063.24 25575.58 58.04
981.4 43484.76 25425.10 58.47
985.3 43466.28 25594.62 58.88
989.3 43739.41 25873.32 59.15
993.3 44088.36 26170.58 59.36
997.2 44246.85 26439.74 59.76
1001.2 44240.69 26691.86 60.33
1005.2 44147.66 26946.84 61.04
1009.1 44170.72 27338.08 61.89
1013.1 44298.35 27815.66 62.79
1017.1 44409.64 28292.21 63.71
1021.0 44418.65 28685.41 64.58
1025.0 44431.92 29051.22 65.38
1029.0 44310.95 29322.23 66.17
1032.9 44196.36 29592.16 66.96
1036.9 44214.81 29975.61 67.80
1040.9 44317.48 30425.78 68.65
1044.8 44471.57 30907.87 69.50
1048.8 44586.22 31343.47 70.30
1052.7 44660.98 31711.23 71.00
1056.7 44664.90 31965.82 71.57
1060.7 44652.74 32162.53 72.03
1064.6 44643.90 32303.16 72.36
1068.6 44545.19 32330.30 72.58
1072.5 44448.63 32313.25 72.70
1076.5 44390.31 32253.47 72.66
1080.4 44363.13 32172.46 72.52
1084.4 44428.99 32125.97 72.31
1088.3 44526.89 32023.68 71.92
1092.3 44515.11 31804.87 71.45
1096.2 44485.25 31561.19 70.95
1100.2 44489.30 31325.36 70.41
1104.1 44387.15 31003.86 69.85
1108.1 44344.78 30707.07 69.25
1112.0 44255.25 30337.88 68.55
1116.0 44078.91 29872.31 67.77
1119.9 43920.46 29358.37 66.84
1123.9 43980.05 28860.22 65.62
1127.8 43933.44 28104.96 63.97
1131.8 43891.20 27123.39 61.80
1135.7 43904.71 25971.48 59.15
1139.6 43873.24 24721.11 56.35
1143.6 43814.30 23501.02 53.64
1147.5 43764.96 22470.76 51.34
1151.4 43600.54 21624.00 49.60
1155.4 43567.43 21067.87 48.36
1159.3 43548.37 20728.84 47.60
1163.2 43379.84 20429.44 47.09
1167.2 43333.14 20259.42 46.75
1171.1 43320.14 20152.49 46.52
1175.0 43247.45 20035.56 46.33
1179.0 43203.54 19927.01 46.12
1182.9 43281.26 19861.33 45.89
1186.8 43262.79 19777.38 45.71
1190.7 43059.97 19604.99 45.53
1194.7 42822.73 19436.43 45.39
1198.6 42602.18 19331.24 45.38
1202.5 42456.57 19280.23 45.41
1206.4 42335.53 19269.99 45.52
1210.3 42230.32 19291.45 45.68
1214.2 42126.94 19332.32 45.89
1218.2 41984.08 19374.71 46.15
1222.1 41854.50 19437.13 46.44
1226.0 41760.57 19523.75 46.75
1229.9 41673.90 19601.52 47.04
1233.8 41576.55 19668.94 47.31
1237.7 41528.30 19744.23 47.54
1241.6 41457.25 19794.11 47.75
1245.5 41309.15 19823.80 47.99
1249.4 41175.26 19847.87 48.20
1253.3 41058.30 19850.73 48.35
1257.2 40978.33 19877.02 48.51
1261.1 40873.57 19875.46 48.63
1265.0 40757.89 19827.07 48.65
1268.9 40587.74 19741.59 48.64
1272.8 40626.75 19736.25 48.58
1276.7 40780.33 19756.93 48.45
1280.6 40842.56 19710.95 48.26
1284.5 40748.73 19549.40 47.98
1288.4 40697.88 19376.63 47.61
1292.3 40562.50 19140.00 47.19
1296.2 40411.46 18867.73 46.69
1300.1 40239.63 18547.83 46.09
1303.9 40009.73 18152.12 45.37
1307.8 39785.54 17721.37 44.54
1311.7 39554.21 17274.20 43.67
1315.6 39326.35 16807.56 42.74
1319.5 39086.11 16298.18 41.70
1323.3 38870.69 15779.02 40.59
1327.2 38681.53 15265.28 39.46
1331.1 38474.56 14744.58 38.32
1335.0 38203.08 14210.42 37.20
1338.8 38009.09 13730.39 36.12
1342.7 37876.27 13304.58 35.13
1346.5 37598.34 12853.04 34.19
1350.4 37400.07 12458.46 33.31
1354.3 37094.65 12047.13 32.48
1358.1 36731.71 11626.08 31.65
1362.0 36487.36 11251.97 30.84
1365.8 36370.47 10906.08 29.99
1369.7 36432.94 10575.60 29.03
1373.5 36366.82 10129.26 27.85
1377.4 36166.21 9524.83 26.34
1381.2 35990.96 8809.68 24.48
1385.1 35936.27 8099.51 22.54
1389.0 35813.45 7397.20 20.65
1392.8 35598.92 6704.00 18.83
1396.6 35460.61 6084.41 17.16
1400.5 35253.63 5554.47 15.76
1404.3 35072.57 5126.41 14.62
1408.2 35016.72 4795.07 13.69
1412.0 34945.02 4549.33 13.02
1415.8 34962.39 4382.53 12.53
1419.6 34891.95 4244.03 12.16
1423.5 34842.23 4133.03 11.86
1427.3 34796.45 4054.09 11.65
1431.1 34758.75 3994.35 11.49
1434.9 34669.05 3937.66 11.36
1438.8 34606.94 3910.04 11.30
1442.6 34573.84 3893.60 11.26
1446.4 34441.31 3860.88 11.21
1450.2 34332.12 3849.15 11.21
1454.0 34220.52 3830.40 11.19
1457.8 34188.19 3832.28 11.21
1461.6 34155.00 3864.07 11.31
1465.4 34045.70 3882.29 11.40
1469.2 33870.20 3901.63 11.52
1473.0 33726.92 3943.76 11.69
1476.8 33664.28 4011.56 11.92
1480.7 33601.58 4083.97 12.15
1484.4 33488.64 4163.28 12.43
1488.2 33386.04 4268.16 12.78
1492.0 33257.25 4375.18 13.16
1495.8 33142.20 4486.30 13.54
1499.6 33034.11 4573.95 13.85
1503.4 32933.47 4628.62 14.05
1507.2 32852.74 4664.12 14.20
1510.9 32722.34 4669.60 14.27
1514.7 32573.11 4671.44 14.34
1518.5 32453.90 4742.63 14.61
1522.3 32317.90 4863.56 15.05
1526.0 32200.64 4973.91 15.45
1529.8 32127.61 5073.41 15.79
1533.6 32011.66 5145.67 16.07
1537.3 31894.88 5231.78 16.40
1541.1 31782.08 5327.45 16.76
1544.8 31651.20 5404.80 17.08
1548.6 31528.46 5485.93 17.40
1552.4 31450.00 5571.19 17.71
1556.1 31366.15 5627.35 17.94
1559.9 31270.43 5673.78 18.14
1563.6 31150.17 5745.55 18.44
1567.3 31046.10 5826.82 18.77
1571.1 30855.35 5886.42 19.08
1574.8 30723.08 5969.89 19.43
1578.6 30633.26 6053.58 19.76
1582.3 30519.48 6091.95 19.96
1586.0 30400.45 6124.18 20.15
1589.8 30269.89 6161.77 20.36
1593.5 30123.48 6194.76 20.56
1597.2 29998.09 6237.80 20.79
1600.9 29883.71 6269.43 20.98
1604.7 29753.95 6300.67 21.18
1608.4 29639.51 6342.22 21.40
1612.1 29489.62 6375.16 21.62
1615.8 29365.23 6402.37 21.80
1619.5 29298.37 6441.93 21.99
1623.2 29161.12 6471.93 22.19
1626.9 29003.45 6490.96 22.38
1630.6 28846.40 6517.06 22.59
1634.3 28721.00 6533.44 22.75
1638.0 28599.28 6524.17 22.81
1641.7 28456.49 6523.83 22.93
1645.4 28299.47 6511.68 23.01
1649.1 28138.66 6485.84 23.05
1652.8 28008.70 6464.64 23.08
1656.4 27859.80 6438.45 23.11
1660.1 27720.43 6412.83 23.13
1663.8 27551.22 6381.69 23.16
1667.5 27406.07 6358.90 23.20
1671.1 27282.14 6332.90 23.21
1674.8 27100.13 6292.10 23.22
1678.5 27060.12 6274.85 23.19
1682.1 27085.37 6255.15 23.09
1685.8 27087.74 6230.74 23.00
1689.5 26985.46 6183.97 22.92
1693.1 26859.21 6126.45 22.81
1696.8 26718.75 6063.38 22.69
1700.4 26575.97 5990.73 22.54
1704.0 26457.91 5929.77 22.41
1707.7 26210.69 5821.94 22.21
1711.3 25940.59 5690.61 21.94
1715.0 25755.85 5597.33 21.73
1718.6 25603.66 5517.99 21.55
1722.2 25471.82 5427.63 21.31
1725.9 25346.15 5335.14 21.05
1729.5 25225.17 5271.97 20.90
1733.1 25122.33 5222.62 20.79
1736.7 25028.77 5177.04 20.68
1740.3 24869.68 5106.14 20.53
1744.0 24796.20 5048.37 20.36
1747.5 24670.34 4975.67 20.17
1751.2 24460.97 4873.56 19.92
1754.8 24300.77 4781.93 19.68
1758.4 24168.99 4708.40 19.48
1762.0 24004.67 4637.05 19.32
1765.5 23878.06 4579.71 19.18
1769.1 23824.80 4540.80 19.06
1772.7 23745.17 4498.22 18.94
1776.3 23631.64 4455.44 18.85
1779.9 23517.13 4413.60 18.77
1783.5 23453.36 4377.20 18.66
1787.0 23338.16 4338.26 18.59
1790.6 23194.11 4308.88 18.58
1794.2 23099.94 4295.13 18.59
1797.8 23019.59 4277.52 18.58
1801.3 22943.45 4262.63 18.58
1804.9 22821.75 4239.38 18.58
1808.4 22758.56 4230.37 18.59
1812.0 22651.25 4224.54 18.65
1815.5 22537.46 4211.70 18.69
1819.1 22377.91 4177.74 18.67
1822.6 22230.86 4150.07 18.67
1826.2 22108.08 4119.21 18.63
1829.7 21962.63 4088.72 18.62
1833.2 21769.52 4043.97 18.58
1836.8 21568.82 3981.25 18.46
1840.3 21408.35 3948.57 18.44
1843.8 21283.15 3927.35 18.45
1847.3 21175.36 3906.42 18.45
1850.8 21026.88 3862.66 18.37
1854.3 20829.70 3789.70 18.19
1857.8 20716.80 3692.00 17.82
1861.3 20743.52 3547.37 17.10
1864.8 20771.48 3373.78 16.24
1868.3 20668.83 3143.66 15.21
1871.8 20505.60 2856.96 13.93
1875.3 20412.67 2622.17 12.85
1878.8 20386.82 2459.41 12.06
1882.3 20318.80 2295.07 11.30
1885.8 20165.84 2112.15 10.47
1889.3 19976.70 1993.50 9.98
1892.7 19815.25 1921.32 9.70
1896.2 19650.94 1890.81 9.62
1899.7 19441.16 1867.66 9.61
1903.1 19313.45 1901.59 9.85
1906.6 19304.54 2054.02 10.64
1910.0 19451.18 2251.58 11.58
1913.5 19794.95 2533.53 12.80
1917.0 20308.75 2990.93 14.73
1920.4 20662.58 3466.88 16.78
1923.8 20806.27 3413.53 16.41
1871.2 18887.00 2094.74 11.09
1873.9 18953.16 2061.76 10.88
1876.7 18991.47 2016.97 10.62
1879.5 19143.67 1872.75 9.78
1882.3 18900.39 1723.14 9.12
1885.1 18757.12 1577.46 8.41
1887.8 18909.61 1500.89 7.94
1890.6 18719.80 1473.57 7.87
1893.4 18700.00 1342.00 7.18
1896.2 18690.78 1285.94 6.88
1898.9 18634.09 1329.63 7.14
1901.7 18493.24 1252.09 6.77
1904.5 18663.12 1221.99 6.55
1907.2 18605.75 1220.75 6.56
1910.0 18464.96 1193.24 6.46
1912.7 18451.36 1160.97 6.29
1915.5 18338.72 1170.40 6.38
1918.2 18231.61 1162.96 6.38
1921.0 18078.76 1131.21 6.26
1923.7 18082.37 1143.91 6.33
1926.5 18028.91 1152.86 6.39
1929.2 17989.40 1135.16 6.31
1932.0 17961.44 1121.80 6.25
1934.7 17922.05 1131.85 6.32
1937.4 17800.47 1094.89 6.15
1940.2 17730.06 1094.11 6.17
1942.9 17801.07 1123.61 6.31
1945.6 17808.94 1117.40 6.27
1948.3 17731.12 1131.13 6.38
1951.1 17698.80 1131.76 6.39
1953.8 17700.00 1122.00 6.34
1956.5 17568.67 1135.11 6.46
1959.2 17632.03 1139.19 6.46
1961.9 17647.56 1147.30 6.50
1964.6 17543.58 1163.23 6.63
1967.3 17598.27 1157.00 6.57
1970.0 17419.60 1142.56 6.56
1972.8 17335.24 1159.02 6.69
1975.5 17419.52 1191.15 6.84
1978.2 17336.04 1188.44 6.86
1980.9 17221.82 1166.00 6.77
1983.5 17185.34 1166.24 6.79
1986.2 17183.55 1187.28 6.91
1988.9 17157.36 1228.02 7.16
1991.6 17017.92 1228.19 7.22
1994.3 16893.86 1207.32 7.15
1997.0 16913.63 1231.18 7.28
1999.7 16876.79 1231.95 7.30
2002.3 16857.27 1242.72 7.37
2005.0 16785.35 1274.36 7.59
2007.7 16706.93 1275.67 7.64
2010.4 16656.07 1261.91 7.58
2013.0 16600.58 1294.48 7.80
2015.7 16495.88 1301.48 7.89
2018.4 16401.61 1267.99 7.73
2021.0 16371.00 1292.00 7.89
2023.7 16264.64 1294.61 7.96
2026.4 16195.83 1292.85 7.98
2029.0 16138.97 1313.05 8.14
2031.7 16029.65 1306.93 8.15
2034.3 16012.75 1312.57 8.20
2037.0 15932.90 1314.61 8.25
2039.6 15864.39 1336.33 8.42
2042.3 15822.15 1319.92 8.34
2044.9 15747.27 1326.77 8.43
2047.5 15719.22 1340.79 8.53
2050.2 15638.00 1313.20 8.40
2052.8 15596.00 1344.00 8.62
2055.4 15487.61 1370.02 8.85
2058.1 15363.60 1338.40 8.71
2060.7 15311.01 1349.99 8.82
2063.3 15243.07 1351.53 8.87
2065.9 15200.63 1356.75 8.93
2068.6 15142.00 1384.67 9.14
2071.2 15102.27 1364.31 9.03
2073.8 15013.06 1348.80 8.98
2076.4 14939.89 1369.65 9.17
2079.0 14937.96 1396.57 9.35
2081.6 14955.68 1395.41 9.33
2084.2 14929.44 1408.01 9.43
2086.8 14795.01 1414.17 9.56
2089.4 14708.12 1389.97 9.45
2092.1 14645.50 1374.17 9.38
2094.7 14574.18 1384.25 9.50
2097.2 14543.50 1382.67 9.51
2099.8 14569.24 1397.71 9.59
2102.4 14455.51 1415.98 9.80
2105.0 14315.55 1387.95 9.70
2107.6 14281.54 1409.93 9.87
2110.2 14245.28 1443.57 10.13
2112.8 14225.04 1423.08 10.00
2115.3 14222.61 1443.33 10.15
2117.9 14223.97 1453.74 10.22
2120.5 14225.20 1425.44 10.02
2123.1 14136.53 1450.80 10.26
2125.6 14079.43 1478.81 10.50
2128.2 14012.88 1469.19 10.48
2130.8 13940.55 1465.43 10.51
2133.3 13889.33 1463.73 10.54
2135.9 13802.30 1470.83 10.66
2138.4 13704.95 1464.49 10.69
2141.0 13601.55 1451.54 10.67
2143.6 13585.34 1462.90 10.77
2146.1 13439.94 1460.35 10.87
2148.7 13282.54 1441.90 10.86
2151.2 13302.67 1452.00 10.92
2153.8 13324.47 1480.50 11.11
2156.3 13227.98 1444.18 10.92
2158.8 13160.05 1447.13 11.00
2161.4 13128.93 1483.01 11.30
2163.9 13034.58 1471.22 11.29
2166.4 12973.85 1451.72 11.19
2169.0 12959.07 1442.85 11.13
2171.5 12876.28 1454.68 11.30
2174.0 12786.55 1460.73 11.42
2176.5 12767.30 1459.12 11.43
2179.1 12718.27 1421.51 11.18
2181.6 12644.21 1420.46 11.23
2184.1 12612.60 1459.92 11.58
2186.6 12631.79 1453.05 11.50
2189.1 12551.10 1425.24 11.36
2191.6 12501.53 1447.13 11.58
2194.1 12512.72 1468.18 11.73
2196.6 12513.32 1453.77 11.62
2199.2 12564.98 1454.64 11.58
2201.7 12503.60 1450.58 11.60
2204.1 12450.01 1462.34 11.75
2206.6 12458.20 1465.89 11.77
2209.1 12429.94 1438.30 11.57
2211.6 12413.54 1450.34 11.68
2214.1 12385.83 1467.44 11.85
2216.6 12340.79 1450.96 11.76
2219.1 12355.98 1447.17 11.71
2221.6 12303.15 1465.57 11.91
2224.0 12230.10 1436.37 11.74
2226.5 12198.83 1381.22 11.32
2229.0 12234.63 1416.08 11.57
2231.5 12152.59 1394.12 11.47
2233.9 12137.64 1366.16 11.26
2236.4 12131.98 1401.18 11.55
2238.9 12024.13 1356.25 11.28
2241.3 12068.10 1333.13 11.05
2243.8 12017.57 1321.47 11.00
2246.2 11870.35 1283.18 10.81
2248.7 11882.39 1276.56 10.74
2251.2 11860.53 1291.36 10.89
2253.6 11784.96 1267.20 10.75
2256.1 11773.44 1228.80 10.44
2258.5 11793.92 1256.23 10.65
2260.9 11696.75 1238.71 10.59
2263.4 11668.53 1205.24 10.33
2265.8 11678.48 1238.63 10.61
2268.3 11583.48 1200.68 10.37
2270.7 11653.18 1182.21 10.14
2273.1 11608.55 1192.69 10.27
2275.6 11523.84 1152.00 10.00
2278.0 11553.06 1160.69 10.05
2280.4 11529.61 1150.65 9.98
2282.8 11402.06 1130.53 9.92
2285.3 11435.59 1115.95 9.76
2287.7 11531.47 1093.40 9.48
2290.1 11440.95 1102.98 9.64
2292.5 11408.96 1087.32 9.53
2294.9 11404.51 1086.71 9.53
2297.3 11303.39 1099.49 9.73
2299.7 11233.01 1054.21 9.38
2302.1 11231.11 1017.44 9.06
2304.5 11113.20 1007.44 9.07
2306.9 10995.60 972.16 8.84
2309.3 10932.15 963.91 8.82
2311.7 10856.55 961.63 8.86
2314.1 10708.33 968.83 9.05
2316.5 10641.94 981.06 9.22
2318.9 10674.03 997.24 9.34
2321.3 10672.73 978.53 9.17
2323.7 10642.23 954.41 8.97
2326.1 10606.96 934.96 8.81
2328.4 10691.58 931.65 8.71
2330.8 10736.25 952.97 8.88
2333.2 10617.06 922.51 8.69
2335.6 10582.60 938.28 8.87
2337.9 10642.00 934.83 8.78
2340.3 10592.40 890.05 8.40
2342.7 10507.23 884.42 8.42
2345.0 10502.01 883.31 8.41
2347.4 10493.25 884.00 8.42
2349.7 10277.63 867.15 8.44
2352.1 10236.25 883.40 8.63
2354.4 10290.21 868.26 8.44
2356.8 10243.45 828.80 8.09
2359.2 10187.67 849.33 8.34
2361.5 10122.93 824.67 8.15
2363.8 10144.75 825.63 8.14
2366.2 10159.49 865.01 8.51
2368.5 10097.05 832.15 8.24
2370.9 10118.68 832.04 8.22
2373.2 10072.53 795.91 7.90
2375.5 9932.38 764.73 7.70
2377.9 9918.93 797.71 8.04
2380.2 9923.89 783.47 7.89
2382.5 9856.28 748.99 7.60
2384.8 9822.88 779.52 7.94
2387.2 9807.99 806.39 8.22
2389.5 9759.69 760.19 7.79
2391.8 9772.85 770.04 7.88
2394.1 9716.63 806.12 8.30
2396.4 9652.48 778.97 8.07
2398.7 9714.10 764.85 7.87
2401.0 9598.25 796.15 8.29
2403.3 9511.80 751.98 7.91
2405.6 9521.83 709.76 7.45
2407.9 9458.88 756.51 8.00
2410.2 9400.00 716.91 7.63
2412.5 9350.27 680.94 7.28
2414.8 9330.30 698.36 7.48
2417.1 9280.68 701.99 7.56
2419.4 9294.64 677.30 7.29
2421.7 9214.94 693.88 7.53
2424.0 9156.02 718.53 7.85
2426.2 9223.40 674.10 7.31
2428.5 9129.27 654.41 7.17
2430.8 9112.40 648.55 7.12
2433.1 9071.93 669.33 7.38
2435.4 8991.17 665.81 7.41
2437.6 8963.19 649.02 7.24
2439.9 8866.09 656.96 7.41
2442.2 8873.80 659.85 7.44
2444.4 8827.50 643.25 7.29
2446.7 8812.56 601.52 6.83
2448.9 8870.66 609.93 6.88
2451.2 8802.92 637.72 7.24
2453.4 8732.64 626.77 7.18
2455.7 8702.87 650.74 7.48
2457.9 8608.05 616.61 7.16
2460.2 8594.01 561.02 6.53
2462.4 8611.20 567.84 6.59
2464.7 8503.63 548.83 6.45
2466.9 8416.62 564.96 6.71
2469.2 8471.54 570.39 6.73
2471.4 8370.38 544.90 6.51
2473.6 8261.63 528.91 6.40
2475.9 8256.69 582.51 7.05
2478.1 8211.66 573.86 6.99
2480.3 8173.00 543.01 6.64
2482.5 8177.69 586.16 7.17
2484.8 8119.06 560.69 6.91
2487.0 8110.30 518.47 6.39
2489.2 8058.48 557.84 6.92
2491.4 7946.29 599.43 7.54
2493.6 7987.26 533.01 6.67
2495.8 7981.68 522.61 6.55
2498.0 7985.07 518.83 6.50
2500.2 7961.63 513.93 6.46
2502.4 8125.20 541.68 6.67
2504.6 8272.59 516.45 6.24
2506.8 8348.61 516.31 6.18
