/*** Spectra Vista SIG Data ***/
name= \My Documents\HR1024_Data\GS4.
instrument= HR: 1091052
integration= 200, 60, 30, 200, 60, 30
scan time= 1, 1
scan settings= AD, AI, AD, AI
external data set1= 8224, 8224, 8224, 8224, 8224, 8224, 8224, 8224, 8224, 8224, 8224, 8224, 8224, 8224, 8224, 8224
external data set2= 8224, 8224, 8224, 8224, 8224, 8224, 8224, 8224, 8224, 8224, 8224, 8224, 8224, 8224, 8224, 8224
external data dark= 0,0,0,0,0,0,0,0
external data mask= 0
optic= LENS4 , LENS4 
temp= 31.05, 8.88, -5.37, 41.28, 8.94, -5.30
battery= 7.7, 7.1
error= 0, 0
units= Radiance, Radiance
time= 1/12/08 9:49:29 AM, 1/12/08 10:19:07 AM
longitude= , 
latitude= , 
gpstime= , 
comm= 
memory slot= 0, 0
factors= 
data= 
346.4 468.20 213.40 45.58
347.9 473.76 207.08 43.71
349.5 521.04 212.16 40.72
351.1 558.48 227.76 40.78
352.6 585.06 234.03 40.00
354.2 625.05 235.62 37.70
355.7 673.50 249.20 37.00
357.3 724.71 253.13 34.93
358.8 751.43 262.13 34.88
360.4 798.47 270.85 33.92
361.9 821.87 254.22 30.93
363.5 851.78 273.54 32.11
365.1 887.68 277.40 31.25
366.6 918.37 283.11 30.83
368.2 973.68 271.96 27.93
369.7 1008.89 280.79 27.83
371.3 1073.36 289.74 26.99
372.8 1148.72 285.52 24.86
374.4 1191.49 293.70 24.65
375.9 1247.87 301.21 24.14
377.4 1278.23 299.23 23.41
379.0 1330.29 305.52 22.97
380.5 1360.26 292.36 21.49
382.1 1412.49 295.50 20.92
383.6 1460.03 292.01 20.00
385.2 1529.00 297.00 19.42
386.7 1608.26 305.95 19.02
388.3 1679.42 304.36 18.12
389.8 1759.55 312.93 17.78
391.3 1843.67 328.63 17.82
392.9 1897.62 352.78 18.59
394.4 1955.58 359.07 18.36
395.9 2019.02 386.22 19.13
397.5 2131.80 390.83 18.33
399.0 2240.25 392.43 17.52
400.6 2303.62 396.20 17.20
402.1 2342.64 384.42 16.41
403.6 2375.92 390.79 16.45
405.1 2451.81 386.17 15.75
406.7 2542.40 398.72 15.68
408.2 2650.73 414.32 15.63
409.7 2746.24 434.56 15.82
411.3 2843.51 442.94 15.58
412.8 2936.43 471.63 16.06
414.3 3034.90 489.50 16.13
415.8 3152.50 510.00 16.18
417.4 3253.58 536.36 16.49
418.9 3339.60 556.60 16.67
420.4 3424.70 560.81 16.38
421.9 3487.22 568.70 16.31
423.5 3546.87 590.76 16.66
425.0 3613.98 595.59 16.48
426.5 3695.85 608.45 16.46
428.0 3801.23 609.59 16.04
429.5 3926.30 632.00 16.10
431.1 4071.24 642.42 15.78
432.6 4225.66 676.72 16.01
434.1 4373.60 685.30 15.67
435.6 4514.36 712.08 15.77
437.1 4642.95 742.95 16.00
438.6 4769.06 764.39 16.03
440.1 4906.69 791.02 16.12
441.6 5042.30 815.02 16.16
443.1 5179.95 846.45 16.34
444.7 5318.34 889.82 16.73
446.2 5433.01 919.89 16.93
447.7 5551.25 957.93 17.26
449.2 5676.48 993.60 17.50
450.7 5788.64 1025.44 17.71
452.2 5916.62 1053.24 17.80
453.7 6028.91 1085.84 18.01
455.2 6201.73 1125.47 18.15
456.7 6390.56 1166.88 18.26
458.2 6607.30 1214.51 18.38
459.7 6823.25 1249.50 18.31
461.2 7031.76 1290.22 18.35
462.7 7219.07 1329.97 18.42
464.2 7396.86 1363.35 18.43
465.7 7583.22 1402.49 18.49
467.2 7742.35 1441.83 18.62
468.7 7912.00 1480.00 18.71
470.2 8015.91 1517.51 18.93
471.7 8177.13 1550.88 18.97
473.2 8446.52 1597.86 18.92
474.6 8688.33 1611.64 18.55
476.1 8747.12 1640.88 18.76
477.6 8779.39 1675.62 19.09
479.1 8829.54 1686.35 19.10
480.6 8916.06 1710.45 19.18
482.1 9046.91 1732.54 19.15
483.6 9204.08 1775.90 19.29
485.1 9394.00 1815.06 19.32
486.6 9626.34 1881.45 19.54
488.0 9867.00 1953.25 19.80
489.5 10130.90 2025.21 19.99
491.0 10387.73 2115.60 20.37
492.5 10649.88 2211.30 20.76
494.0 10928.34 2331.51 21.33
495.4 11158.95 2437.05 21.84
496.9 11406.10 2573.47 22.56
498.4 11649.48 2711.39 23.27
499.9 11878.23 2861.36 24.09
501.4 12101.58 3032.81 25.06
502.8 12308.24 3213.54 26.11
504.3 12497.40 3411.00 27.29
505.8 12681.02 3611.14 28.48
507.2 12808.72 3831.72 29.91
508.7 12896.48 4041.46 31.34
510.2 12964.78 4275.16 32.98
511.6 13008.39 4507.04 34.65
513.1 13093.74 4762.89 36.38
514.6 13195.49 5031.57 38.13
516.0 13281.41 5297.59 39.89
517.5 13429.99 5610.39 41.78
519.0 13603.01 5944.27 43.70
520.5 13772.72 6268.08 45.51
521.9 13993.28 6625.76 47.35
523.4 14243.35 6989.29 49.07
524.8 14493.24 7346.48 50.69
526.3 14778.04 7716.84 52.22
527.8 15074.01 8076.96 53.58
529.2 15339.71 8405.96 54.80
530.7 15629.94 8744.25 55.95
532.1 15903.48 9052.31 56.92
533.6 16214.37 9371.66 57.80
535.0 16534.98 9677.75 58.53
536.5 16856.03 9978.89 59.20
538.0 17178.24 10270.88 59.79
539.4 17501.02 10534.75 60.20
540.9 17879.62 10836.44 60.61
542.3 18237.67 11090.75 60.81
543.8 18504.51 11300.02 61.07
545.2 18600.74 11429.94 61.45
546.6 18637.00 11522.60 61.83
548.1 18690.38 11605.11 62.09
549.5 18745.60 11680.66 62.31
551.0 18790.92 11739.02 62.47
552.4 18868.34 11811.62 62.60
553.9 18922.09 11849.80 62.62
555.3 18999.63 11881.35 62.53
556.8 19143.87 11942.09 62.38
558.2 19276.31 11974.50 62.12
559.6 19441.66 12016.98 61.81
561.1 19660.88 12090.00 61.49
562.5 19883.82 12161.37 61.16
564.0 20177.05 12247.30 60.70
565.4 20444.07 12296.95 60.15
566.8 20774.24 12384.16 59.61
568.3 21077.79 12422.75 58.94
569.7 21403.31 12459.02 58.21
571.1 21706.83 12466.89 57.43
572.6 22010.94 12464.28 56.63
574.0 22299.75 12464.10 55.89
575.4 22570.31 12447.00 55.15
576.9 22820.49 12425.49 54.45
578.3 23040.88 12407.04 53.85
579.7 23243.15 12369.14 53.22
581.1 23410.31 12329.35 52.67
582.6 23592.46 12290.73 52.10
584.0 23735.52 12253.60 51.63
585.4 23971.18 12242.82 51.07
586.8 24286.87 12273.25 50.53
588.3 24642.54 12343.50 50.09
589.7 24935.04 12380.94 49.65
591.1 25126.37 12391.28 49.32
592.5 25213.30 12357.78 49.01
594.0 25248.06 12309.90 48.76
595.4 25246.58 12240.70 48.48
596.8 25248.80 12194.33 48.30
598.2 25256.70 12147.27 48.10
599.6 25254.00 12082.59 47.84
601.0 25321.45 12049.43 47.59
602.4 25392.58 12013.93 47.31
603.9 25508.50 11997.80 47.03
605.3 25652.08 11960.44 46.63
606.7 25770.60 11908.80 46.21
608.1 26003.60 11888.96 45.72
609.5 26249.20 11865.91 45.20
610.9 26543.12 11853.21 44.66
612.3 26820.62 11834.14 44.12
613.7 27191.20 11837.52 43.53
615.1 27470.34 11783.88 42.90
616.5 27748.85 11740.58 42.31
617.9 28163.94 11771.97 41.80
619.3 28559.37 11811.20 41.36
620.7 29021.55 11904.17 41.02
622.1 29524.34 11976.65 40.57
623.5 30070.32 12042.42 40.05
624.9 30686.25 12144.04 39.57
626.3 31117.56 12179.87 39.14
627.7 30854.43 11998.29 38.89
629.1 30617.27 11818.38 38.60
630.5 30534.25 11688.91 38.28
631.9 30583.88 11606.00 37.95
633.3 30636.73 11534.35 37.65
634.7 30802.72 11537.36 37.46
636.1 30887.16 11510.58 37.27
637.5 30991.21 11435.99 36.90
638.9 31137.59 11370.43 36.52
640.2 31275.86 11262.91 36.01
641.6 31334.94 11117.34 35.48
643.0 31307.82 10914.18 34.86
644.4 31297.86 10715.23 34.24
645.8 31223.60 10506.38 33.65
647.2 31327.01 10349.30 33.04
648.5 31378.61 10185.68 32.46
649.9 31215.99 9975.23 31.96
651.3 31061.55 9797.10 31.54
652.7 30880.50 9613.50 31.13
654.1 30705.72 9288.96 30.25
655.5 30448.41 8934.80 29.34
656.8 30219.54 8593.29 28.44
658.2 30347.48 8357.09 27.54
659.6 30667.01 8190.33 26.71
660.9 30915.41 7984.41 25.83
662.3 31175.28 7759.86 24.89
663.7 31418.10 7541.10 24.00
665.0 31622.76 7344.98 23.23
666.4 31821.65 7161.42 22.50
667.8 32088.83 7030.16 21.91
669.1 32304.87 6910.06 21.39
670.5 32567.66 6836.25 20.99
671.9 32723.64 6778.92 20.72
673.2 32957.22 6758.73 20.51
674.6 33165.65 6781.50 20.45
676.0 33416.99 6862.05 20.53
677.3 33670.84 6976.35 20.72
678.7 33959.63 7142.13 21.03
680.0 34360.72 7412.96 21.57
681.4 34770.40 7772.34 22.35
682.8 35166.95 8258.25 23.48
684.1 35575.02 8875.62 24.95
685.5 35948.61 9641.23 26.82
686.8 36307.14 10573.08 29.12
688.2 36654.12 11661.65 31.82
689.5 36792.82 12849.81 34.92
690.9 36894.22 14171.90 38.41
692.2 37000.50 15595.80 42.15
693.6 37086.31 17145.48 46.23
694.9 37102.94 18688.83 50.37
696.2 37172.03 20278.24 54.55
697.6 37238.58 21882.30 58.76
698.9 37321.68 23453.76 62.84
700.3 37412.04 24988.53 66.79
701.6 37521.51 26465.58 70.53
703.0 37648.39 27868.77 74.02
704.3 37727.46 29138.85 77.24
705.6 37779.39 30346.83 80.33
707.0 37853.11 31491.20 83.19
708.3 37804.36 32481.37 85.92
709.6 37779.31 33394.91 88.39
711.0 37700.05 34194.48 90.70
712.3 37603.29 34926.70 92.88
713.6 37599.66 35671.02 94.87
714.9 37564.50 36340.99 96.74
716.3 37606.65 37027.08 98.46
717.6 37655.10 37688.21 100.09
718.9 37643.31 38219.66 101.53
720.2 37519.65 38591.21 102.86
721.6 37437.79 38950.73 104.04
722.9 37295.06 39245.36 105.23
724.2 37099.21 39437.04 106.30
725.5 36957.59 39649.12 107.28
726.8 36833.83 39802.29 108.06
728.1 36764.75 40001.45 108.80
729.5 36694.32 40167.16 109.46
730.8 36660.60 40323.38 109.99
732.1 36590.42 40414.23 110.45
733.4 36549.03 40516.78 110.86
734.7 36509.02 40603.29 111.21
736.0 36510.50 40731.86 111.56
737.3 36452.29 40810.80 111.96
738.6 36538.42 41036.24 112.31
739.9 36706.85 41356.80 112.67
741.2 36841.35 41605.20 112.93
742.5 37078.82 41985.24 113.23
743.8 37494.19 42579.08 113.56
745.1 38118.44 43403.44 113.86
746.4 38876.11 44338.39 114.05
747.7 39639.96 45245.34 114.14
749.0 40400.48 46125.71 114.17
750.3 40850.46 46623.12 114.13
751.6 40764.46 46551.53 114.20
752.9 40356.61 46120.39 114.28
754.2 39863.99 45648.12 114.51
755.4 39350.05 45154.04 114.75
756.7 39155.03 45020.75 114.98
758.0 39142.09 45093.86 115.21
759.3 39351.46 45443.13 115.48
760.6 39645.76 45876.60 115.72
761.9 39928.94 46279.29 115.90
763.1 40078.15 46500.50 116.02
764.4 40287.45 46791.73 116.14
765.7 40433.25 47017.75 116.28
767.0 40515.07 47189.42 116.47
768.2 40595.52 47339.04 116.61
769.5 40644.33 47431.48 116.70
770.8 40787.04 47658.01 116.85
772.0 40799.41 47712.16 116.94
773.3 40833.29 47813.81 117.10
774.6 40907.98 47940.82 117.19
775.8 40955.53 48056.78 117.34
777.1 40964.33 48097.82 117.41
778.4 40867.87 48045.95 117.56
779.6 40816.98 48036.39 117.69
780.9 40688.00 47980.00 117.92
782.1 40484.72 47819.30 118.12
783.4 40464.32 47831.68 118.21
784.6 40463.12 47893.20 118.36
785.9 40670.74 48283.96 118.72
787.1 41171.80 48934.46 118.85
788.4 41528.97 49427.75 119.02
789.6 41482.13 49293.83 118.83
790.9 41134.16 48801.23 118.64
792.1 40655.28 48307.12 118.82
793.4 40180.32 47805.19 118.98
794.6 39846.60 47453.25 119.09
795.8 39587.54 47165.76 119.14
797.1 39290.10 46870.88 119.29
798.3 39054.26 46672.73 119.51
799.5 38943.25 46568.18 119.58
800.8 38778.22 46439.90 119.76
802.0 38618.88 46302.88 119.90
803.2 38465.20 46140.16 119.95
804.5 38332.71 46007.39 120.02
805.7 38219.65 45876.24 120.03
806.9 38073.35 45720.60 120.09
808.1 37984.05 45644.28 120.17
809.4 37906.28 45583.73 120.25
810.6 37824.15 45513.65 120.33
811.8 37796.29 45514.67 120.42
813.0 37827.58 45554.35 120.43
814.2 37840.50 45632.97 120.59
815.4 37955.24 45756.13 120.55
816.6 38027.91 45821.10 120.49
817.9 38102.35 45855.68 120.35
819.1 38072.96 45777.47 120.24
820.3 37949.69 45607.23 120.18
821.5 37894.61 45473.54 120.00
822.7 37866.54 45376.23 119.83
823.9 37906.28 45358.45 119.66
825.1 37943.15 45345.03 119.51
826.3 38020.73 45320.52 119.20
827.5 38108.05 45306.74 118.89
828.7 38176.32 45317.28 118.71
829.9 38262.68 45290.61 118.37
831.0 38386.63 45357.25 118.16
832.2 38533.16 45420.69 117.87
833.4 38634.36 45464.23 117.68
834.6 38746.88 45548.44 117.55
835.8 38872.58 45638.78 117.41
837.0 39026.76 45748.93 117.22
838.1 39200.00 45958.95 117.24
839.3 39334.99 46060.46 117.10
840.5 39499.16 46223.68 117.02
841.7 39675.29 46413.54 116.98
842.9 39834.34 46585.84 116.95
844.0 40002.80 46761.01 116.89
845.2 40188.33 46949.48 116.82
846.4 40315.24 47089.96 116.80
847.5 40575.08 47372.40 116.75
848.7 40794.29 47608.31 116.70
849.9 41043.27 47801.72 116.47
851.0 41176.72 47860.95 116.23
852.2 41283.01 47915.15 116.07
853.3 41336.03 47896.55 115.87
854.5 41385.60 47894.01 115.73
855.6 41408.01 47884.23 115.64
856.8 41491.09 47927.17 115.51
857.9 41535.42 47925.49 115.38
859.1 41657.80 48050.00 115.34
860.2 41711.76 48092.24 115.30
861.4 41789.90 48144.67 115.21
862.5 41857.52 48211.70 115.18
863.7 41978.22 48277.58 115.01
864.8 42001.40 48292.30 114.98
865.9 42003.19 48231.13 114.83
867.1 42077.89 48295.42 114.78
868.2 42118.25 48257.30 114.58
869.3 42153.63 48227.98 114.41
870.5 42092.46 48143.48 114.38
871.6 42122.53 48139.00 114.28
872.7 42223.14 48183.45 114.12
873.9 42262.83 48177.53 114.00
875.0 42247.20 48081.99 113.81
876.1 42225.11 48086.71 113.88
877.2 42279.84 48052.39 113.65
878.3 42302.12 47957.27 113.37
879.4 42284.06 47982.54 113.48
880.5 42343.92 47957.76 113.26
881.7 42326.05 47911.50 113.20
882.8 42351.34 47856.33 113.00
883.9 42430.09 47815.95 112.69
885.0 42357.32 47663.07 112.53
886.1 42357.47 47573.86 112.32
887.2 42241.92 47324.60 112.03
888.3 42147.85 47156.67 111.88
889.4 42045.32 46930.96 111.62
890.5 41945.29 46826.00 111.64
891.6 41864.40 46682.42 111.51
892.7 41844.69 46612.72 111.39
893.8 41881.85 46624.22 111.32
894.9 41879.31 46526.48 111.10
896.0 41812.69 46419.80 111.02
897.0 41850.92 46384.08 110.83
898.1 41821.61 46344.63 110.82
899.2 41852.54 46307.72 110.64
900.3 41747.94 46151.85 110.55
901.4 41622.41 46015.63 110.55
902.4 41658.53 45986.32 110.39
903.5 41604.82 45873.69 110.26
904.6 41550.72 45789.81 110.20
905.7 41565.54 45710.58 109.97
906.7 41536.49 45641.00 109.88
907.8 41558.34 45596.98 109.72
908.9 41493.73 45419.60 109.46
909.9 41451.58 45385.86 109.49
911.0 41358.23 45202.77 109.30
912.1 41297.17 45034.47 109.05
913.1 41189.72 44894.72 108.99
914.2 41099.85 44673.75 108.70
915.2 41068.89 44575.38 108.54
916.3 41034.15 44461.20 108.35
917.3 40975.74 44349.98 108.23
918.4 40862.80 44078.10 107.87
919.4 40836.29 43931.03 107.58
920.5 40782.84 43809.53 107.42
921.5 40833.45 43659.98 106.92
922.6 40729.18 43457.10 106.70
923.6 40739.49 43357.55 106.43
924.7 40774.75 43193.50 105.93
925.7 40746.72 43005.60 105.54
926.7 40808.40 42870.76 105.05
927.8 40839.01 42734.12 104.64
928.8 40966.59 42633.90 104.07
929.9 41048.46 42518.11 103.58
930.9 41217.18 42553.02 103.24
931.9 41378.61 42508.80 102.73
932.9 41679.25 42598.22 102.20
934.0 41702.58 42440.79 101.77
935.0 41757.18 42263.83 101.21
936.0 41670.71 42002.37 100.80
937.0 41632.50 41763.35 100.31
938.1 41580.55 41508.88 99.83
939.1 41508.45 41280.11 99.45
940.1 41591.64 41130.32 98.89
941.1 41779.29 41102.65 98.38
942.1 41991.60 41129.27 97.95
943.1 42156.63 41053.25 97.38
944.1 42391.18 41054.00 96.85
945.2 42445.20 40856.76 96.26
946.2 42493.04 40672.48 95.72
947.2 42572.63 40499.50 95.13
948.2 42750.54 40411.77 94.53
949.2 42846.38 40180.56 93.78
950.2 42880.60 39902.00 93.05
951.2 42968.52 39712.68 92.42
952.2 43001.40 39543.86 91.96
953.2 43164.71 39438.26 91.37
954.2 43310.48 39315.60 90.78
955.2 43368.34 39066.84 90.08
956.2 43301.73 38808.75 89.62
957.2 43392.87 38683.20 89.15
958.2 43492.10 38502.01 88.53
959.2 43506.45 38461.50 88.40
960.1 43588.22 38346.06 87.97
961.1 43692.83 38313.91 87.69
962.1 43658.44 38261.25 87.64
963.1 43782.00 38254.52 87.38
964.1 43817.42 38232.84 87.25
965.1 43908.74 38269.09 87.16
966.1 44007.38 38204.00 86.81
967.0 44141.86 38275.16 86.71
968.0 44131.86 38290.58 86.76
969.0 44255.20 38391.60 86.75
970.0 44255.36 38406.15 86.78
971.0 44316.83 38438.30 86.74
971.9 44400.90 38496.53 86.70
972.9 44577.14 38504.03 86.38
973.9 44494.78 38435.48 86.38
974.9 44573.29 38567.34 86.53
975.8 44702.44 38656.97 86.48
976.8 44666.28 38696.78 86.64
977.8 44950.93 38706.86 86.11
978.8 44877.90 38782.95 86.42
979.7 45104.10 39016.88 86.50
980.7 45212.81 39168.53 86.63
981.7 45433.99 39260.18 86.41
982.6 45657.51 39608.25 86.75
983.6 46147.45 40037.33 86.76
984.6 46551.05 40452.93 86.90
985.5 47031.84 41049.72 87.28
986.5 47664.14 41577.67 87.23
987.5 48852.12 42069.65 86.12
988.4 49722.20 43747.00 87.98
989.4 51183.38 44317.31 86.59
990.4 52549.20 45396.67 86.39
991.3 54023.93 46525.34 86.12
992.3 54777.10 47343.07 86.43
993.2 55874.36 49591.30 88.76
994.2 57686.85 50096.48 86.84
995.2 57633.14 51198.37 88.83
996.1 59292.71 51346.26 86.60
997.1 59931.56 52440.12 87.50
998.0 60640.20 51390.00 84.75
999.0 59258.53 51670.55 87.20
1000.0 60377.42 51002.04 84.47
1000.9 59810.48 52727.66 88.16
1001.9 59598.95 51895.68 87.07
1002.8 60212.52 51849.67 86.11
1003.8 59788.51 51060.26 85.40
1004.8 59326.80 50655.96 85.38
961.5 55398.21 42056.24 75.92
965.5 54418.85 41368.56 76.02
969.5 52458.23 40407.02 77.03
973.4 50487.36 39443.25 78.13
977.4 48611.32 38481.50 79.16
981.4 47578.80 38262.00 80.42
985.3 47203.20 38457.50 81.47
989.3 47137.31 38814.91 82.34
993.3 47133.16 39190.56 83.15
997.2 47029.21 39450.94 83.89
1001.2 46955.35 39713.96 84.58
1005.2 46914.32 40067.00 85.40
1009.1 47038.13 40603.79 86.32
1013.1 47236.75 41203.71 87.23
1017.1 47375.30 41825.54 88.29
1021.0 47429.61 42344.06 89.28
1025.0 47461.87 42798.72 90.17
1029.0 47354.18 43157.55 91.14
1032.9 47271.77 43508.79 92.04
1036.9 47308.70 43984.47 92.97
1040.9 47476.08 44567.92 93.87
1044.8 47747.63 45205.69 94.68
1048.8 47970.59 45770.02 95.41
1052.7 48104.60 46242.92 96.13
1056.7 48183.46 46566.44 96.64
1060.7 48250.82 46793.78 96.98
1064.6 48272.17 46964.14 97.29
1068.6 48190.54 46961.77 97.45
1072.5 48116.11 46907.05 97.49
1076.5 48076.67 46840.55 97.43
1080.4 48048.88 46725.13 97.24
1084.4 48150.59 46641.48 96.87
1088.3 48279.53 46512.59 96.34
1092.3 48252.92 46229.32 95.81
1096.2 48221.83 45887.51 95.16
1100.2 48245.69 45593.88 94.50
1104.1 48124.97 45160.91 93.84
1108.1 48059.38 44748.98 93.11
1112.0 47955.87 44279.28 92.33
1116.0 47754.46 43670.51 91.45
1119.9 47569.76 42999.35 90.39
1123.9 47623.80 42368.76 88.97
1127.8 47592.96 41425.92 87.04
1131.8 47556.42 40203.12 84.54
1135.7 47568.82 38801.54 81.57
1139.6 47554.30 37254.16 78.34
1143.6 47510.71 35743.25 75.23
1147.5 47481.98 34464.91 72.59
1151.4 47337.52 33384.16 70.52
1155.4 47322.86 32715.95 69.13
1159.3 47329.81 32302.22 68.25
1163.2 47159.49 31915.40 67.68
1167.2 47113.86 31714.86 67.32
1171.1 47117.13 31575.04 67.01
1175.0 47022.16 31415.37 66.81
1179.0 46962.63 31273.71 66.59
1182.9 47045.30 31212.65 66.35
1186.8 47019.62 31096.66 66.14
1190.7 46784.64 30845.14 65.93
1194.7 46508.35 30601.08 65.80
1198.6 46264.68 30426.17 65.77
1202.5 46100.54 30319.21 65.77
1206.4 45962.62 30264.71 65.85
1210.3 45829.98 30254.20 66.01
1214.2 45707.13 30285.06 66.26
1218.2 45554.16 30307.45 66.53
1222.1 45384.95 30336.33 66.84
1226.0 45257.55 30398.60 67.17
1229.9 45156.00 30461.22 67.46
1233.8 45033.17 30511.60 67.75
1237.7 44950.68 30591.52 68.06
1241.6 44841.64 30642.45 68.33
1245.5 44683.61 30626.90 68.54
1249.4 44538.65 30605.91 68.72
1253.3 44401.40 30586.64 68.89
1257.2 44324.52 30574.83 68.98
1261.1 44209.48 30533.44 69.07
1265.0 44086.55 30450.37 69.07
1268.9 43910.05 30296.64 69.00
1272.8 43969.80 30284.10 68.87
1276.7 44155.69 30309.90 68.64
1280.6 44249.88 30244.21 68.35
1284.5 44188.89 30029.81 67.96
1288.4 44167.03 29814.69 67.50
1292.3 44060.50 29499.25 66.95
1296.2 43934.23 29129.36 66.30
1300.1 43787.98 28700.13 65.54
1303.9 43564.57 28166.45 64.65
1307.8 43339.22 27595.89 63.67
1311.7 43109.06 26982.67 62.59
1315.6 42877.90 26355.38 61.47
1319.5 42633.84 25686.69 60.25
1323.3 42417.44 25008.63 58.96
1327.2 42218.70 24335.52 57.64
1331.1 42002.86 23645.80 56.30
1335.0 41739.72 22943.95 54.97
1338.8 41543.11 22311.28 53.71
1342.7 41389.31 21728.04 52.50
1346.5 41042.00 21068.80 51.33
1350.4 40741.74 20462.19 50.22
1354.3 40332.24 19818.34 49.14
1358.1 39895.31 19189.76 48.10
1362.0 39644.33 18666.65 47.09
1365.8 39567.12 18208.01 46.02
1369.7 39683.68 17789.67 44.83
1373.5 39615.26 17154.07 43.30
1377.4 39354.79 16265.08 41.33
1381.2 39167.92 15264.43 38.97
1385.1 39160.09 14281.73 36.47
1389.0 39060.88 13270.09 33.97
1392.8 38834.72 12230.89 31.49
1396.6 38680.88 11288.51 29.18
1400.5 38476.57 10450.95 27.16
1404.3 38299.58 9759.56 25.48
1408.2 38263.03 9229.18 24.12
1412.0 38218.70 8813.57 23.06
1415.8 38249.29 8521.59 22.28
1419.6 38208.11 8286.87 21.69
1423.5 38172.20 8101.20 21.22
1427.3 38125.77 7958.55 20.87
1431.1 38099.78 7860.83 20.63
1434.9 38010.73 7768.65 20.44
1438.8 37949.80 7715.90 20.33
1442.6 37913.52 7687.95 20.28
1446.4 37795.09 7647.99 20.24
1450.2 37700.99 7622.47 20.22
1454.0 37583.52 7601.52 20.23
1457.8 37547.69 7619.10 20.29
1461.6 37527.24 7657.55 20.41
1465.4 37404.28 7700.81 20.59
1469.2 37216.73 7762.30 20.86
1473.0 37080.95 7841.99 21.15
1476.8 37019.78 7966.17 21.52
1480.7 36949.43 8110.96 21.95
1484.4 36826.56 8260.44 22.43
1488.2 36723.96 8449.68 23.01
1492.0 36584.11 8636.65 23.61
1495.8 36452.33 8808.80 24.17
1499.6 36350.05 8958.75 24.65
1503.4 36216.75 9069.63 25.04
1507.2 36087.28 9161.42 25.39
1510.9 35929.91 9210.33 25.63
1514.7 35749.31 9199.46 25.73
1518.5 35615.65 9230.81 25.92
1522.3 35466.30 9390.72 26.48
1526.0 35355.47 9633.53 27.25
1529.8 35294.61 9860.85 27.94
1533.6 35159.29 10016.49 28.49
1537.3 35020.99 10146.63 28.97
1541.1 34889.16 10292.05 29.50
1544.8 34754.40 10425.60 30.00
1548.6 34607.98 10541.54 30.46
1552.4 34514.76 10663.80 30.90
1556.1 34455.77 10767.88 31.25
1559.9 34373.05 10871.15 31.63
1563.6 34243.93 10972.68 32.04
1567.3 34122.03 11094.38 32.51
1571.1 33904.82 11183.00 32.98
1574.8 33749.79 11292.90 33.46
1578.6 33637.37 11397.92 33.88
1582.3 33496.17 11457.64 34.21
1586.0 33359.51 11505.59 34.49
1589.8 33217.24 11551.21 34.77
1593.5 33051.52 11596.86 35.09
1597.2 32917.71 11644.85 35.38
1600.9 32767.31 11693.00 35.68
1604.7 32613.52 11729.04 35.96
1608.4 32493.03 11770.15 36.22
1612.1 32320.35 11808.34 36.54
1615.8 32161.00 11830.30 36.78
1619.5 32072.28 11878.89 37.04
1623.2 31915.49 11917.92 37.34
1626.9 31725.78 11918.66 37.57
1630.6 31537.44 11918.50 37.79
1634.3 31397.73 11937.67 38.02
1638.0 31241.74 11927.22 38.18
1641.7 31050.65 11897.11 38.32
1645.4 30870.63 11871.85 38.46
1649.1 30683.95 11821.67 38.53
1652.8 30504.58 11771.33 38.59
1656.4 30322.32 11710.56 38.62
1660.1 30158.02 11661.19 38.67
1663.8 29966.42 11609.93 38.74
1667.5 29809.99 11565.05 38.80
1671.1 29676.54 11511.81 38.79
1674.8 29472.79 11417.70 38.74
1678.5 29413.48 11371.84 38.66
1682.1 29419.35 11342.15 38.55
1685.8 29417.21 11303.81 38.43
1689.5 29310.65 11214.80 38.26
1693.1 29167.59 11101.08 38.06
1696.8 29020.13 10982.00 37.84
1700.4 28874.60 10859.54 37.61
1704.0 28754.23 10737.69 37.34
1707.7 28493.62 10552.57 37.03
1711.3 28200.13 10352.85 36.71
1715.0 27991.44 10192.83 36.41
1718.6 27822.35 10048.82 36.12
1722.2 27677.55 9911.33 35.81
1725.9 27527.50 9770.24 35.49
1729.5 27386.37 9649.66 35.24
1733.1 27262.24 9572.01 35.11
1736.7 27144.69 9502.44 35.01
1740.3 26982.07 9400.38 34.84
1744.0 26899.89 9308.46 34.60
1747.5 26760.07 9188.61 34.34
1751.2 26551.35 9020.86 33.98
1754.8 26397.18 8876.97 33.63
1758.4 26262.14 8758.82 33.35
1762.0 26085.49 8629.07 33.08
1765.5 25956.49 8523.95 32.84
1769.1 25915.20 8474.40 32.70
1772.7 25841.75 8408.13 32.54
1776.3 25724.16 8333.56 32.40
1779.9 25608.69 8263.24 32.27
1783.5 25553.92 8213.76 32.14
1787.0 25434.82 8146.74 32.03
1790.6 25293.30 8082.91 31.96
1794.2 25193.03 8042.92 31.93
1797.8 25095.48 8013.62 31.93
1801.3 25012.46 7993.08 31.96
1804.9 24871.88 7940.63 31.93
1808.4 24792.34 7916.25 31.93
1812.0 24660.35 7870.79 31.92
1815.5 24519.60 7814.58 31.87
1819.1 24324.68 7747.29 31.85
1822.6 24164.48 7696.96 31.85
1826.2 24042.90 7642.41 31.79
1829.7 23859.90 7571.04 31.73
1833.2 23612.46 7473.63 31.65
1836.8 23400.20 7376.46 31.52
1840.3 23257.80 7312.41 31.44
1843.8 23131.92 7257.88 31.38
1847.3 23013.03 7214.96 31.35
1850.8 22865.47 7152.77 31.28
1854.3 22692.74 7029.57 30.98
1857.8 22594.00 6864.00 30.38
1861.3 22615.25 6643.16 29.37
1864.8 22605.64 6312.44 27.92
1868.3 22468.36 5898.04 26.25
1871.8 22341.12 5475.84 24.51
1875.3 22323.21 5112.84 22.90
1878.8 22320.32 4764.14 21.34
1882.3 22237.89 4425.65 19.90
1885.8 22045.10 4119.90 18.69
1889.3 21861.76 3820.18 17.47
1892.7 21710.01 3603.58 16.60
1896.2 21503.16 3492.21 16.24
1899.7 21232.37 3429.51 16.15
1903.1 21059.81 3428.04 16.28
1906.6 21101.81 3594.53 17.03
1910.0 21348.35 3898.58 18.26
1913.5 21771.66 4343.20 19.95
1917.0 22339.63 4984.88 22.31
1920.4 22881.38 5685.68 24.85
1923.8 23136.14 6231.05 26.93
1871.2 20260.60 4120.80 20.34
1873.9 20445.79 3940.97 19.28
1876.7 20658.97 3734.39 18.08
1879.5 20770.50 3537.42 17.03
1882.3 20488.21 3256.82 15.90
1885.1 20498.36 3017.00 14.72
1887.8 20542.45 2820.36 13.73
1890.6 20318.11 2643.07 13.01
1893.4 20320.67 2508.00 12.34
1896.2 20203.65 2379.33 11.78
1898.9 20201.38 2350.94 11.64
1901.7 20074.51 2263.16 11.27
1904.5 20223.67 2184.77 10.80
1907.2 20168.50 2161.25 10.72
1910.0 20030.00 2101.14 10.49
1912.7 20048.69 2045.70 10.20
1915.5 19979.54 2054.78 10.28
1918.2 19877.64 2050.39 10.32
1921.0 19705.09 1990.80 10.10
1923.7 19733.20 2004.34 10.16
1926.5 19715.86 2002.85 10.16
1929.2 19701.76 1959.27 9.94
1932.0 19674.16 1956.04 9.94
1934.7 19635.47 1988.56 10.13
1937.4 19518.79 2012.98 10.31
1940.2 19475.71 2013.03 10.34
1942.9 19573.26 2018.84 10.31
1945.6 19572.62 2038.50 10.42
1948.3 19494.00 2066.73 10.60
1951.1 19465.67 2064.86 10.61
1953.8 19476.00 2091.00 10.74
1956.5 19368.67 2099.50 10.84
1959.2 19423.04 2134.86 10.99
1961.9 19438.54 2178.38 11.21
1964.6 19331.55 2180.68 11.28
1967.3 19375.30 2213.13 11.42
1970.0 19228.16 2228.88 11.59
1972.8 19159.08 2244.49 11.72
1975.5 19219.42 2285.73 11.89
1978.2 19120.16 2303.88 12.05
1980.9 19002.89 2317.43 12.20
1983.5 18950.70 2358.66 12.45
1986.2 18944.10 2368.74 12.50
1988.9 18909.18 2394.93 12.67
1991.6 18787.78 2424.51 12.90
1994.3 18678.85 2434.87 13.04
1997.0 18669.58 2468.13 13.22
1999.7 18631.37 2504.09 13.44
2002.3 18617.79 2522.84 13.55
2005.0 18540.12 2525.71 13.62
2007.7 18469.93 2571.40 13.92
2010.4 18400.48 2595.20 14.10
2013.0 18316.11 2614.56 14.27
2015.7 18226.45 2656.96 14.58
2018.4 18129.14 2655.12 14.65
2021.0 18062.50 2674.67 14.81
2023.7 17946.51 2702.29 15.06
2026.4 17902.73 2712.45 15.15
2029.0 17806.29 2732.94 15.35
2031.7 17677.40 2749.07 15.55
2034.3 17722.47 2751.88 15.53
2037.0 17610.64 2744.63 15.59
2039.6 17527.07 2773.95 15.83
2042.3 17481.88 2788.68 15.95
2044.9 17393.81 2799.39 16.09
2047.5 17348.93 2835.86 16.35
2050.2 17253.60 2836.40 16.44
2052.8 17214.40 2850.40 16.56
2055.4 17090.17 2866.11 16.77
2058.1 16973.60 2853.20 16.81
2060.7 16918.14 2887.24 17.07
2063.3 16842.61 2892.56 17.17
2065.9 16794.67 2878.21 17.14
2068.6 16710.92 2911.71 17.42
2071.2 16664.67 2951.82 17.71
2073.8 16591.32 2927.06 17.64
2076.4 16536.88 2938.58 17.77
2079.0 16525.61 2975.79 18.01
2081.6 16519.89 2987.76 18.09
2084.2 16487.00 2999.43 18.19
2086.8 16353.42 3009.35 18.40
2089.4 16268.28 3018.21 18.55
2092.1 16209.50 3034.50 18.72
2094.7 16113.80 3036.88 18.85
2097.2 16087.67 3034.50 18.86
2099.8 16089.36 3060.17 19.02
2102.4 15953.94 3048.05 19.11
2105.0 15826.05 3055.20 19.30
2107.6 15774.07 3101.84 19.66
2110.2 15742.83 3100.26 19.69
2112.8 15734.02 3092.40 19.65
2115.3 15735.22 3140.69 19.96
2117.9 15738.64 3162.82 20.10
2120.5 15682.70 3142.37 20.04
2123.1 15604.88 3164.85 20.28
2125.6 15567.02 3191.88 20.50
2128.2 15487.92 3175.43 20.50
2130.8 15394.28 3202.88 20.81
2133.3 15347.20 3200.27 20.85
2135.9 15264.31 3171.12 20.77
2138.4 15119.35 3164.72 20.93
2141.0 15032.51 3152.83 20.97
2143.6 14998.41 3166.20 21.11
2146.1 14847.40 3149.89 21.22
2148.7 14686.27 3136.36 21.36
2151.2 14704.80 3156.27 21.46
2153.8 14713.72 3167.03 21.52
2156.3 14589.47 3160.07 21.66
2158.8 14533.35 3154.16 21.70
2161.4 14517.59 3148.82 21.69
2163.9 14426.20 3131.13 21.70
2166.4 14354.62 3110.41 21.67
2169.0 14310.27 3137.02 21.92
2171.5 14227.48 3107.46 21.84
2174.0 14143.15 3079.13 21.77
2176.5 14124.76 3112.59 22.04
2179.1 14082.55 3111.05 22.09
2181.6 13967.33 3053.83 21.86
2184.1 13937.00 3064.60 21.99
2186.6 13993.83 3094.40 22.11
2189.1 13896.09 3046.29 21.92
2191.6 13840.87 3041.27 21.97
2194.1 13877.92 3029.36 21.83
2196.6 13844.81 3036.62 21.93
2199.2 13897.52 3087.18 22.21
2201.7 13871.80 3055.16 22.02
2204.1 13802.39 3038.29 22.01
2206.6 13786.08 3043.68 22.08
2209.1 13743.34 3043.14 22.14
2211.6 13738.26 3041.53 22.14
2214.1 13693.60 3014.72 22.02
2216.6 13643.61 3008.28 22.05
2219.1 13655.01 2989.29 21.89
2221.6 13597.41 2980.62 21.92
2224.0 13563.60 2941.32 21.69
2226.5 13534.39 2918.44 21.56
2229.0 13551.73 2946.36 21.74
2231.5 13416.49 2895.48 21.58
2233.9 13376.81 2863.16 21.40
2236.4 13409.64 2844.82 21.21
2238.9 13341.63 2813.25 21.09
2241.3 13300.17 2794.51 21.01
2243.8 13261.31 2751.76 20.75
2246.2 13153.53 2729.17 20.75
2248.7 13089.53 2715.09 20.74
2251.2 13067.33 2690.33 20.59
2253.6 13017.60 2664.96 20.47
2256.1 12979.20 2618.88 20.18
2258.5 12980.99 2596.97 20.01
2260.9 12912.45 2588.63 20.05
2263.4 12850.74 2529.46 19.68
2265.8 12840.17 2515.72 19.59
2268.3 12768.77 2470.63 19.35
2270.7 12812.36 2429.67 18.96
2273.1 12778.22 2412.22 18.88
2275.6 12710.40 2365.44 18.61
2278.0 12729.12 2371.34 18.63
2280.4 12680.26 2374.42 18.73
2282.8 12544.20 2307.51 18.40
2285.3 12570.98 2294.12 18.25
2287.7 12679.54 2284.43 18.02
2290.1 12579.51 2202.01 17.50
2292.5 12520.09 2174.65 17.37
2294.9 12538.64 2197.13 17.52
2297.3 12458.25 2163.39 17.37
2299.7 12334.59 2092.62 16.97
2302.1 12311.40 2074.16 16.85
2304.5 12214.72 2018.80 16.53
2306.9 12089.28 1960.00 16.21
2309.3 11994.02 1959.17 16.33
2311.7 11939.85 1946.80 16.31
2314.1 11791.37 1906.15 16.17
2316.5 11721.50 1918.78 16.37
2318.9 11765.88 1919.59 16.31
2321.3 11730.50 1917.45 16.35
2323.7 11744.39 1944.75 16.56
2326.1 11719.24 1914.25 16.33
2328.4 11761.55 1891.78 16.08
2330.8 11807.83 1881.40 15.93
2333.2 11712.54 1849.13 15.79
2335.6 11662.03 1830.89 15.70
2337.9 11681.16 1827.92 15.65
2340.3 11629.38 1788.49 15.38
2342.7 11548.22 1756.14 15.21
2345.0 11508.47 1758.12 15.28
2347.4 11492.00 1717.00 14.94
2349.7 11315.65 1678.77 14.84
2352.1 11286.89 1655.30 14.67
2354.4 11296.02 1650.56 14.61
2356.8 11214.70 1674.87 14.93
2359.2 11154.00 1664.00 14.92
2361.5 11109.05 1610.07 14.49
2363.8 11141.66 1616.13 14.51
2366.2 11165.73 1637.35 14.66
2368.5 11089.40 1593.10 14.37
2370.9 11067.03 1574.61 14.23
2373.2 11030.32 1573.83 14.27
2375.5 10914.30 1529.45 14.01
2377.9 10876.18 1527.04 14.04
2380.2 10876.88 1525.70 14.03
2382.5 10821.23 1461.21 13.50
2384.8 10769.44 1452.32 13.49
2387.2 10736.28 1462.76 13.62
2389.5 10704.02 1449.55 13.54
2391.8 10661.73 1416.49 13.29
2394.1 10613.91 1405.91 13.25
2396.4 10610.47 1398.28 13.18
2398.7 10654.34 1407.91 13.21
2401.0 10513.07 1389.55 13.22
2403.3 10428.12 1334.64 12.80
2405.6 10456.51 1319.56 12.62
2407.9 10375.71 1327.65 12.80
2410.2 10317.44 1303.47 12.63
2412.5 10224.31 1270.42 12.43
2414.8 10187.84 1288.89 12.65
2417.1 10204.62 1285.26 12.59
2419.4 10195.97 1260.82 12.37
2421.7 10103.31 1256.34 12.43
2424.0 10048.90 1262.72 12.57
2426.2 10074.05 1235.85 12.27
2428.5 10032.46 1222.28 12.18
2430.8 10006.20 1204.45 12.04
2433.1 9945.94 1161.65 11.68
2435.4 9886.37 1169.36 11.83
2437.6 9830.42 1152.57 11.72
2439.9 9708.34 1106.16 11.39
2442.2 9709.99 1143.36 11.78
2444.4 9752.18 1148.67 11.78
2446.7 9688.56 1068.72 11.03
2448.9 9658.24 1095.51 11.34
2451.2 9631.36 1114.52 11.57
2453.4 9564.32 1084.80 11.34
2455.7 9566.46 1064.29 11.13
2457.9 9468.86 1001.22 10.57
2460.2 9395.46 1023.39 10.89
2462.4 9422.40 1042.08 11.06
2464.7 9348.95 1028.26 11.00
2466.9 9251.22 1027.20 11.10
2469.2 9249.34 985.21 10.65
2471.4 9151.61 965.06 10.55
2473.6 9078.42 977.47 10.77
2475.9 9042.40 934.72 10.34
2478.1 8956.32 881.29 9.84
2480.3 8952.70 898.06 10.03
2482.5 8971.16 893.54 9.96
2484.8 8832.66 910.21 10.31
2487.0 8762.09 948.05 10.82
2489.2 8850.00 927.22 10.48
2491.4 8753.22 860.72 9.83
2493.6 8669.20 854.38 9.86
2495.8 8662.66 878.94 10.15
2498.0 8674.13 875.52 10.09
2500.2 8694.60 867.78 9.98
2502.4 8942.16 870.24 9.73
2504.6 9089.52 901.44 9.92
2506.8 9176.65 905.98 9.87
