/*** Spectra Vista SIG Data ***/
name= \My Documents\HR1024_Data\BT2.
instrument= HR: 1091052
integration= 200, 60, 30, 500, 60, 30
scan time= 1, 1
scan settings= AD, AI, AD, AI
external data set1= 8224, 8224, 8224, 8224, 8224, 8224, 8224, 8224, 8224, 8224, 8224, 8224, 8224, 8224, 8224, 8224
external data set2= 8224, 8224, 8224, 8224, 8224, 8224, 8224, 8224, 8224, 8224, 8224, 8224, 8224, 8224, 8224, 8224
external data dark= 0,0,0,0,0,0,0,0
external data mask= 0
optic= LENS4 , LENS4 
temp= 48.69, 9.01, -4.97, 49.66, 9.01, -4.83
battery= 6.3, 5.9
error= 0, 0
units= Radiance, Radiance
time= 1/1/08 2:18:54 PM, 1/1/08 2:33:21 PM
longitude= , 
latitude= , 
gpstime= , 
comm= 
memory slot= 0, 0
factors= 
data= 
346.4 509.60 87.91 17.25
347.9 549.06 87.85 16.00
349.5 608.40 93.60 15.38
351.1 655.20 96.10 14.67
352.6 708.40 89.82 12.68
354.2 752.68 91.63 12.17
355.7 818.30 102.37 12.51
357.3 873.81 106.80 12.22
358.8 891.23 116.03 13.02
360.4 967.31 109.75 11.35
361.9 1009.93 105.87 10.48
363.5 1059.53 119.11 11.24
365.1 1102.67 119.28 10.82
366.6 1156.59 120.15 10.39
368.2 1218.77 120.87 9.92
369.7 1306.00 125.38 9.60
371.3 1379.56 133.02 9.64
372.8 1457.48 130.14 8.93
374.4 1528.58 124.16 8.12
375.9 1575.56 139.02 8.82
377.4 1632.76 147.01 9.00
379.0 1683.54 132.39 7.86
380.5 1741.87 137.87 7.92
382.1 1805.51 132.38 7.33
383.6 1862.60 137.21 7.37
385.2 1949.75 139.70 7.17
386.7 2036.04 139.71 6.86
388.3 2135.96 150.01 7.02
389.8 2212.47 153.72 6.95
391.3 2314.34 165.99 7.17
392.9 2392.65 171.84 7.18
394.4 2474.90 179.24 7.24
395.9 2552.82 179.61 7.04
397.5 2664.75 202.84 7.61
399.0 2774.82 200.23 7.22
400.6 2852.64 202.63 7.10
402.1 2910.24 199.18 6.84
403.6 2965.71 199.47 6.73
405.1 3036.77 200.17 6.59
406.7 3133.76 198.02 6.32
408.2 3234.33 207.60 6.42
409.7 3330.88 220.42 6.62
411.3 3437.91 221.24 6.44
412.8 3528.93 224.68 6.37
414.3 3634.54 233.00 6.41
415.8 3740.00 247.00 6.60
417.4 3868.37 254.01 6.57
418.9 3954.39 253.00 6.40
420.4 4037.85 259.22 6.42
421.9 4106.74 264.26 6.43
423.5 4196.00 264.32 6.30
425.0 4263.51 274.20 6.43
426.5 4364.50 270.90 6.21
428.0 4488.82 277.50 6.18
429.5 4615.58 274.92 5.96
431.1 4756.23 288.70 6.07
432.6 4917.76 295.30 6.00
434.1 5064.68 299.53 5.91
435.6 5199.35 305.73 5.88
437.1 5333.25 317.46 5.95
438.6 5454.84 326.19 5.98
440.1 5584.70 340.20 6.09
441.6 5717.14 342.03 5.98
443.1 5852.25 358.02 6.12
444.7 5982.11 362.50 6.06
446.2 6104.50 369.64 6.06
447.7 6213.60 383.17 6.17
449.2 6315.84 396.58 6.28
450.7 6414.72 399.36 6.23
452.2 6543.45 410.29 6.27
453.7 6682.65 413.48 6.19
455.2 6842.54 430.08 6.29
456.7 7029.44 441.41 6.28
458.2 7231.16 459.94 6.36
459.7 7428.75 470.40 6.33
461.2 7633.63 491.38 6.44
462.7 7815.14 503.35 6.44
464.2 8000.76 530.70 6.63
465.7 8191.53 533.96 6.52
467.2 8352.58 544.39 6.52
468.7 8552.00 560.80 6.56
470.2 8711.17 566.54 6.50
471.7 8854.00 576.65 6.51
473.2 9050.37 597.39 6.60
474.6 9252.88 620.29 6.70
476.1 9378.88 619.89 6.61
477.6 9464.51 617.79 6.53
479.1 9567.20 622.25 6.50
480.6 9658.16 619.74 6.42
482.1 9797.74 631.68 6.45
483.6 9963.22 645.09 6.47
485.1 10140.49 662.28 6.53
486.6 10356.19 689.97 6.66
488.0 10562.50 717.60 6.79
489.5 10784.97 748.71 6.94
491.0 10998.86 784.32 7.13
492.5 11224.98 833.33 7.42
494.0 11462.99 877.67 7.66
495.4 11663.85 924.66 7.93
496.9 11870.36 977.95 8.24
498.4 12074.30 1041.23 8.62
499.9 12278.41 1096.45 8.93
501.4 12476.75 1158.68 9.29
502.8 12664.51 1230.12 9.71
504.3 12846.60 1293.12 10.07
505.8 13033.73 1362.58 10.45
507.2 13172.68 1432.18 10.87
508.7 13289.99 1499.46 11.28
510.2 13412.81 1562.48 11.65
511.6 13494.72 1632.41 12.10
513.1 13630.43 1708.43 12.53
514.6 13795.53 1788.76 12.97
516.0 13946.28 1856.65 13.31
517.5 14135.83 1946.60 13.77
519.0 14365.19 2031.11 14.14
520.5 14579.60 2116.91 14.52
521.9 14828.55 2206.55 14.88
523.4 15093.49 2301.90 15.25
524.8 15349.14 2393.98 15.60
526.3 15633.70 2494.92 15.96
527.8 15915.89 2591.78 16.28
529.2 16178.21 2676.11 16.54
530.7 16455.24 2770.65 16.84
532.1 16698.15 2858.17 17.12
533.6 16994.07 2956.08 17.39
535.0 17295.55 3047.12 17.62
536.5 17581.25 3134.80 17.83
538.0 17895.84 3216.32 17.97
539.4 18160.64 3299.63 18.17
540.9 18488.86 3412.53 18.46
542.3 18738.28 3523.81 18.81
543.8 18940.29 3625.04 19.14
545.2 19020.35 3661.84 19.25
546.6 19057.19 3688.46 19.35
548.1 19121.11 3717.58 19.44
549.5 19166.91 3745.75 19.54
551.0 19217.70 3769.64 19.62
552.4 19311.21 3803.92 19.70
553.9 19371.38 3832.03 19.78
555.3 19461.20 3865.21 19.86
556.8 19596.88 3910.08 19.95
558.2 19743.75 3956.85 20.04
559.6 19902.71 4005.66 20.13
561.1 20117.50 4066.40 20.21
562.5 20332.52 4137.66 20.35
564.0 20611.34 4217.37 20.46
565.4 20865.50 4289.15 20.56
566.8 21177.73 4376.53 20.67
568.3 21463.05 4454.58 20.75
569.7 21776.78 4532.91 20.82
571.1 22080.65 4605.91 20.86
572.6 22373.82 4683.74 20.93
574.0 22675.95 4750.02 20.95
575.4 22958.44 4822.88 21.01
576.9 23231.09 4884.96 21.03
578.3 23477.03 4939.22 21.04
579.7 23721.74 4994.40 21.05
581.1 23920.49 5039.96 21.07
582.6 24132.47 5083.76 21.07
584.0 24305.80 5139.73 21.15
585.4 24549.94 5217.33 21.25
586.8 24845.17 5323.77 21.43
588.3 25201.80 5439.10 21.58
589.7 25517.70 5537.38 21.70
591.1 25735.55 5606.30 21.78
592.5 25883.00 5628.20 21.74
594.0 25998.42 5650.34 21.73
595.4 26057.54 5668.87 21.76
596.8 26115.38 5679.96 21.75
598.2 26174.55 5684.34 21.72
599.6 26202.06 5713.20 21.80
601.0 26298.70 5753.23 21.88
602.4 26372.18 5789.12 21.95
603.9 26501.77 5826.13 21.98
605.3 26625.41 5865.99 22.03
606.7 26749.80 5900.40 22.06
608.1 26941.18 5950.09 22.09
609.5 27151.69 6001.97 22.11
610.9 27387.74 6060.37 22.13
612.3 27589.20 6110.13 22.15
613.7 27871.80 6171.65 22.14
615.1 28061.64 6200.06 22.09
616.5 28235.16 6235.75 22.09
617.9 28534.12 6303.59 22.09
619.3 28808.15 6385.33 22.17
620.7 29149.14 6477.44 22.22
622.1 29527.66 6612.10 22.39
623.5 29951.83 6762.29 22.58
624.9 30436.35 6914.15 22.72
626.3 30757.12 6996.83 22.75
627.7 30461.43 6930.16 22.75
629.1 30188.34 6873.97 22.77
630.5 30083.03 6856.03 22.79
631.9 30076.12 6805.26 22.63
633.3 30078.24 6707.75 22.30
634.7 30183.54 6658.89 22.06
636.1 30268.81 6552.38 21.65
637.5 30374.19 6416.98 21.13
638.9 30520.15 6302.43 20.65
640.2 30643.60 6195.18 20.22
641.6 30733.56 6107.40 19.87
643.0 30777.50 6048.49 19.65
644.4 30869.16 5995.16 19.42
645.8 30855.38 5966.13 19.34
647.2 31023.20 6015.93 19.39
648.5 31185.15 6085.28 19.51
649.9 31117.13 6124.56 19.68
651.3 31099.80 6190.38 19.90
652.7 31059.00 6211.80 20.00
654.1 30961.56 6045.70 19.53
655.5 30829.51 5825.73 18.90
656.8 30685.81 5612.33 18.29
658.2 30861.69 5495.51 17.81
659.6 31181.89 5419.95 17.38
660.9 31452.29 5342.12 16.98
662.3 31767.46 5262.95 16.57
663.7 32102.70 5175.24 16.12
665.0 32334.98 5095.46 15.76
666.4 32575.38 5019.60 15.41
667.8 32873.84 4965.70 15.11
669.1 33084.01 4916.18 14.86
670.5 33327.47 4892.20 14.68
671.9 33513.12 4869.07 14.53
673.2 33742.50 4886.73 14.48
674.6 33950.66 4913.92 14.47
676.0 34219.05 4982.29 14.56
677.3 34494.18 5066.55 14.69
678.7 34767.13 5202.85 14.96
680.0 35103.31 5381.32 15.33
681.4 35420.13 5645.76 15.94
682.8 35763.00 5975.06 16.71
684.1 36073.44 6379.78 17.69
685.5 36318.59 6853.85 18.87
686.8 36607.26 7395.74 20.20
688.2 36844.31 7987.98 21.68
689.5 36898.97 8575.30 23.24
690.9 36950.15 9171.31 24.82
692.2 37008.15 9748.14 26.34
693.6 37024.93 10331.28 27.90
694.9 37005.38 10867.71 29.37
696.2 37027.13 11385.00 30.75
697.6 37047.86 11862.84 32.02
698.9 37049.76 12319.30 33.25
700.3 37075.62 12750.85 34.39
701.6 37124.24 13139.56 35.39
703.0 37178.40 13500.74 36.31
704.3 37172.20 13780.46 37.07
705.6 37157.22 14054.90 37.83
707.0 37168.46 14294.87 38.46
708.3 37076.04 14507.22 39.13
709.6 36967.81 14689.63 39.74
711.0 36867.73 14831.48 40.23
712.3 36770.31 14955.11 40.67
713.6 36755.88 15110.42 41.11
714.9 36684.64 15210.66 41.46
716.3 36701.44 15336.63 41.79
717.6 36734.04 15464.18 42.10
718.9 36680.73 15550.99 42.40
720.2 36496.25 15558.09 42.63
721.6 36394.28 15593.45 42.85
722.9 36240.12 15596.49 43.04
724.2 36067.30 15592.92 43.23
725.5 35963.70 15602.27 43.38
726.8 35833.96 15588.95 43.50
728.1 35810.80 15589.91 43.53
729.5 35779.10 15594.60 43.59
730.8 35779.13 15600.47 43.60
732.1 35704.25 15590.09 43.66
733.4 35690.92 15607.38 43.73
734.7 35685.89 15600.99 43.72
736.0 35729.66 15631.82 43.75
737.3 35717.44 15643.79 43.80
738.6 35830.21 15696.13 43.81
739.9 36014.88 15802.82 43.88
741.2 36161.58 15877.68 43.91
742.5 36363.94 16003.26 44.01
743.8 36737.66 16216.20 44.14
745.1 37309.08 16516.98 44.27
746.4 37926.98 16871.58 44.48
747.7 38536.99 17225.15 44.70
749.0 39118.92 17565.73 44.90
750.3 39493.02 17759.84 44.97
751.6 39440.80 17767.05 45.05
752.9 39084.79 17656.65 45.18
754.2 38731.25 17505.39 45.20
755.4 38386.91 17340.21 45.17
756.7 38244.09 17295.55 45.22
758.0 38261.36 17337.84 45.31
759.3 38489.95 17486.82 45.43
760.6 38786.44 17693.98 45.62
761.9 39062.28 17869.51 45.75
763.1 39197.21 17985.12 45.88
764.4 39371.54 18099.25 45.97
765.7 39490.75 18202.60 46.09
767.0 39577.16 18278.68 46.18
768.2 39644.64 18375.17 46.35
769.5 39697.68 18440.83 46.45
770.8 39836.32 18542.22 46.55
772.0 39856.44 18607.00 46.69
773.3 39898.95 18670.98 46.80
774.6 39978.84 18723.87 46.83
775.8 40054.79 18769.73 46.86
777.1 40085.96 18807.17 46.92
778.4 40059.57 18806.88 46.95
779.6 39999.54 18827.84 47.07
780.9 39948.00 18843.20 47.17
782.1 39837.20 18819.84 47.24
783.4 39802.88 18831.49 47.31
784.6 39851.08 18871.38 47.35
785.9 40095.40 19042.42 47.49
787.1 40531.58 19296.98 47.61
788.4 40834.19 19483.34 47.71
789.6 40796.10 19433.11 47.63
790.9 40479.11 19246.56 47.55
792.1 40128.24 19096.42 47.59
793.4 39739.41 18924.62 47.62
794.6 39507.48 18794.78 47.57
795.8 39314.07 18686.47 47.53
797.1 39097.95 18605.61 47.59
798.3 38940.83 18543.86 47.62
799.5 38821.14 18491.60 47.63
800.8 38733.05 18469.35 47.68
802.0 38591.76 18437.98 47.78
803.2 38469.72 18365.66 47.74
804.5 38377.94 18343.26 47.80
805.7 38264.87 18305.27 47.84
806.9 38181.95 18262.90 47.83
808.1 38074.65 18255.90 47.95
809.4 38033.33 18240.75 47.96
810.6 37951.55 18216.38 48.00
811.8 37942.61 18231.47 48.05
813.0 37965.80 18258.60 48.09
814.2 37975.49 18277.39 48.13
815.4 38039.93 18341.97 48.22
816.6 38032.65 18354.97 48.26
817.9 38050.16 18370.74 48.28
819.1 37997.24 18365.89 48.33
820.3 37865.18 18308.62 48.35
821.5 37787.61 18280.60 48.38
822.7 37714.41 18250.07 48.39
823.9 37704.87 18251.41 48.41
825.1 37688.07 18261.91 48.46
826.3 37716.38 18253.58 48.40
827.5 37726.06 18271.86 48.43
828.7 37779.60 18263.71 48.34
829.9 37796.29 18268.05 48.33
831.0 37849.02 18313.83 48.39
832.2 37913.75 18353.17 48.41
833.4 37950.44 18382.96 48.44
834.6 37978.13 18425.63 48.52
835.8 38031.53 18480.42 48.59
837.0 38073.26 18537.95 48.69
838.1 38178.69 18622.53 48.78
839.3 38239.24 18696.90 48.89
840.5 38296.24 18759.64 48.99
841.7 38381.58 18853.13 49.12
842.9 38485.06 18991.44 49.35
844.0 38543.94 19065.25 49.46
845.2 38626.85 19177.26 49.65
846.4 38724.98 19233.55 49.67
847.5 38888.12 19364.38 49.80
848.7 39002.30 19463.51 49.90
849.9 39141.74 19535.36 49.91
851.0 39173.78 19558.94 49.93
852.2 39245.07 19576.00 49.88
853.3 39202.67 19612.63 50.03
854.5 39188.19 19605.47 50.03
855.6 39170.88 19614.38 50.07
856.8 39193.80 19654.64 50.15
857.9 39192.81 19650.98 50.14
859.1 39326.60 19706.08 50.11
860.2 39300.24 19709.15 50.15
861.4 39344.78 19741.80 50.18
862.5 39384.29 19749.62 50.15
863.7 39467.66 19780.37 50.12
864.8 39454.45 19819.66 50.23
865.9 39398.65 19810.66 50.28
867.1 39448.45 19813.93 50.23
868.2 39441.53 19831.31 50.28
869.3 39465.67 19847.13 50.29
870.5 39438.89 19798.12 50.20
871.6 39473.54 19810.07 50.19
872.7 39541.37 19856.89 50.22
873.9 39548.50 19848.28 50.19
875.0 39546.05 19848.90 50.19
876.1 39583.15 19826.24 50.09
877.2 39616.79 19828.76 50.05
878.3 39601.98 19820.11 50.05
879.4 39662.11 19813.19 49.95
880.5 39702.60 19819.01 49.92
881.7 39698.10 19810.18 49.90
882.8 39775.46 19793.82 49.76
883.9 39785.32 19774.44 49.70
885.0 39766.55 19714.70 49.58
886.1 39735.85 19655.87 49.47
887.2 39664.66 19554.85 49.30
888.3 39567.00 19488.55 49.25
889.4 39535.02 19384.21 49.03
890.5 39459.91 19364.35 49.07
891.6 39428.33 19286.50 48.92
892.7 39429.01 19296.51 48.94
893.8 39492.50 19274.74 48.81
894.9 39505.51 19286.21 48.82
896.0 39527.49 19269.08 48.75
897.0 39487.40 19240.53 48.73
898.1 39490.45 19232.56 48.70
899.2 39536.22 19195.57 48.55
900.3 39503.73 19159.36 48.50
901.4 39454.09 19122.74 48.47
902.4 39461.49 19110.46 48.43
903.5 39418.10 19094.86 48.44
904.6 39431.18 19052.99 48.32
905.7 39454.64 19028.80 48.23
906.7 39397.52 19011.78 48.26
907.8 39514.80 18994.22 48.07
908.9 39443.33 18949.13 48.04
909.9 39411.21 18904.11 47.97
911.0 39357.50 18865.71 47.93
912.1 39280.99 18800.59 47.86
913.1 39233.48 18724.58 47.73
914.2 39173.92 18683.56 47.69
915.2 39170.79 18629.35 47.56
916.3 39094.50 18596.52 47.57
917.3 39076.47 18556.27 47.49
918.4 39031.30 18481.87 47.35
919.4 39022.48 18375.82 47.09
920.5 39026.74 18337.82 46.99
921.5 39018.63 18239.98 46.75
922.6 38959.72 18179.10 46.66
923.6 39026.05 18109.28 46.40
924.7 39022.50 18098.70 46.38
925.7 39030.84 17988.50 46.09
926.7 39009.32 17920.59 45.94
927.8 39032.57 17842.83 45.71
928.8 39142.62 17796.58 45.47
929.9 39330.10 17771.46 45.19
930.9 39447.46 17788.47 45.09
931.9 39602.61 17750.82 44.82
932.9 39864.58 17797.73 44.65
934.0 39909.81 17712.17 44.38
935.0 39942.68 17593.63 44.05
936.0 39929.50 17563.77 43.99
937.0 39883.94 17480.89 43.83
938.1 39848.52 17420.59 43.72
939.1 39753.89 17271.55 43.45
940.1 39867.76 17243.66 43.25
941.1 39995.43 17233.34 43.09
942.1 40229.45 17226.55 42.82
943.1 40393.76 17207.62 42.60
944.1 40552.56 17208.48 42.43
945.2 40570.32 17123.90 42.21
946.2 40685.67 17018.33 41.83
947.2 40740.25 16932.75 41.56
948.2 40874.09 16904.41 41.36
949.2 40954.06 16867.83 41.19
950.2 41026.00 16725.12 40.77
951.2 41012.16 16639.06 40.57
952.2 41170.94 16607.84 40.34
953.2 41257.13 16449.62 39.87
954.2 41395.95 16359.39 39.52
955.2 41401.94 16284.25 39.33
956.2 41391.82 16243.63 39.24
957.2 41524.97 16156.58 38.91
958.2 41486.28 16124.86 38.87
959.2 41625.00 16110.54 38.70
960.1 41647.94 16060.07 38.56
961.1 41725.78 16056.68 38.48
962.1 41752.50 16038.38 38.41
963.1 41720.60 16046.10 38.46
964.1 41837.60 16070.12 38.41
965.1 41932.95 16097.95 38.39
966.1 41961.44 16139.32 38.46
967.0 42058.17 16143.54 38.38
968.0 42094.69 16081.21 38.20
969.0 42115.20 16161.28 38.37
970.0 42092.26 16139.41 38.34
971.0 42266.18 16195.58 38.32
971.9 42275.33 16201.61 38.32
972.9 42388.85 16326.10 38.52
973.9 42492.13 16247.14 38.24
974.9 42580.28 16310.32 38.30
975.8 42630.52 16314.26 38.27
976.8 42806.43 16330.64 38.15
977.8 42848.34 16374.76 38.22
978.8 42868.95 16507.44 38.51
979.7 43050.58 16516.17 38.36
980.7 43264.32 16685.39 38.57
981.7 43347.07 16677.97 38.48
982.6 43545.07 16880.32 38.77
983.6 44003.55 16893.93 38.39
984.6 44377.46 17123.06 38.59
985.5 44900.28 17520.05 39.02
986.5 45688.01 17674.46 38.69
987.5 46285.78 17891.06 38.65
988.4 47161.40 18181.68 38.55
989.4 47812.76 18675.69 39.06
990.4 48753.98 18859.32 38.68
991.3 50274.64 19019.15 37.83
992.3 50864.45 19406.74 38.15
993.2 51610.85 20105.79 38.96
994.2 53891.66 20139.80 37.37
995.2 55394.96 19584.08 35.35
996.1 55625.12 21149.77 38.02
997.1 56348.70 20064.04 35.61
998.0 54473.40 20007.84 36.73
999.0 55283.87 20379.15 36.86
1000.0 55127.21 21300.85 38.64
1000.9 55875.58 21405.86 38.31
1001.9 56355.47 20920.45 37.12
1002.8 54776.67 20405.35 37.25
1003.8 57170.04 20773.24 36.34
1004.8 54763.20 20992.56 38.33
961.5 49984.08 16435.77 32.88
965.5 48959.90 16376.83 33.45
969.5 47367.08 16175.70 34.15
973.4 45664.01 15777.30 34.55
977.4 44063.24 15416.23 34.99
981.4 43484.76 15228.28 35.02
985.3 43466.28 15170.58 34.90
989.3 43739.41 15305.35 34.99
993.3 44088.36 15411.74 34.96
997.2 44246.85 15456.74 34.93
1001.2 44240.69 15564.51 35.18
1005.2 44147.66 15734.95 35.64
1009.1 44170.72 15962.97 36.14
1013.1 44298.35 16236.32 36.65
1017.1 44409.64 16498.97 37.15
1021.0 44418.65 16720.07 37.64
1025.0 44431.92 16953.42 38.16
1029.0 44310.95 17100.57 38.59
1032.9 44196.36 17253.21 39.04
1036.9 44214.81 17490.14 39.56
1040.9 44317.48 17750.50 40.05
1044.8 44471.57 18038.33 40.56
1048.8 44586.22 18311.94 41.07
1052.7 44660.98 18525.14 41.48
1056.7 44664.90 18678.74 41.82
1060.7 44652.74 18796.22 42.09
1064.6 44643.90 18880.87 42.29
1068.6 44545.19 18900.30 42.43
1072.5 44448.63 18888.20 42.49
1076.5 44390.31 18854.11 42.47
1080.4 44363.13 18805.12 42.39
1084.4 44428.99 18761.46 42.23
1088.3 44526.89 18687.49 41.97
1092.3 44515.11 18546.92 41.66
1096.2 44485.25 18395.78 41.35
1100.2 44489.30 18256.58 41.04
1104.1 44387.15 18070.92 40.71
1108.1 44344.78 17893.93 40.35
1112.0 44255.25 17670.06 39.93
1116.0 44078.91 17374.63 39.42
1119.9 43920.46 17052.21 38.83
1123.9 43980.05 16746.58 38.08
1127.8 43933.44 16289.28 37.08
1131.8 43891.20 15681.96 35.73
1135.7 43904.71 14994.35 34.15
1139.6 43873.24 14257.95 32.50
1143.6 43814.30 13557.26 30.94
1147.5 43764.96 12990.85 29.68
1151.4 43600.54 12539.47 28.76
1155.4 43567.43 12264.81 28.15
1159.3 43548.37 12104.24 27.79
1163.2 43379.84 11959.31 27.57
1167.2 43333.14 11887.32 27.43
1171.1 43320.14 11832.75 27.31
1175.0 43247.45 11772.94 27.22
1179.0 43203.54 11718.10 27.12
1182.9 43281.26 11685.59 27.00
1186.8 43262.79 11653.84 26.94
1190.7 43059.97 11563.88 26.86
1194.7 42822.73 11460.19 26.76
1198.6 42602.18 11406.78 26.78
1202.5 42456.57 11380.93 26.81
1206.4 42335.53 11369.47 26.86
1210.3 42230.32 11396.08 26.99
1214.2 42126.94 11427.62 27.13
1218.2 41984.08 11454.13 27.28
1222.1 41854.50 11498.53 27.47
1226.0 41760.57 11539.40 27.63
1229.9 41673.90 11578.38 27.78
1233.8 41576.55 11606.62 27.92
1237.7 41528.30 11637.31 28.02
1241.6 41457.25 11671.57 28.15
1245.5 41309.15 11682.21 28.28
1249.4 41175.26 11686.49 28.38
1253.3 41058.30 11691.92 28.48
1257.2 40978.33 11713.14 28.58
1261.1 40873.57 11713.57 28.66
1265.0 40757.89 11692.29 28.69
1268.9 40587.74 11625.19 28.64
1272.8 40626.75 11610.90 28.58
1276.7 40780.33 11625.91 28.51
1280.6 40842.56 11591.68 28.38
1284.5 40748.73 11493.38 28.21
1288.4 40697.88 11389.51 27.99
1292.3 40562.50 11244.75 27.72
1296.2 40411.46 11078.55 27.41
1300.1 40239.63 10880.71 27.04
1303.9 40009.73 10635.43 26.58
1307.8 39785.54 10378.84 26.09
1311.7 39554.21 10112.67 25.57
1315.6 39326.35 9832.87 25.00
1319.5 39086.11 9528.48 24.38
1323.3 38870.69 9227.10 23.74
1327.2 38681.53 8930.35 23.09
1331.1 38474.56 8626.38 22.42
1335.0 38203.08 8320.93 21.78
1338.8 38009.09 8045.65 21.17
1342.7 37876.27 7780.96 20.54
1346.5 37598.34 7480.45 19.90
1350.4 37400.07 7201.62 19.26
1354.3 37094.65 6908.02 18.62
1358.1 36731.71 6642.02 18.08
1362.0 36487.36 6426.06 17.61
1365.8 36370.47 6249.04 17.18
1369.7 36432.94 6096.08 16.73
1373.5 36366.82 5847.69 16.08
1377.4 36166.21 5466.87 15.12
1381.2 35990.96 5051.09 14.03
1385.1 35936.27 4656.64 12.96
1389.0 35813.45 4279.77 11.95
1392.8 35598.92 3907.72 10.98
1396.6 35460.61 3566.38 10.06
1400.5 35253.63 3285.01 9.32
1404.3 35072.57 3062.59 8.73
1408.2 35016.72 2895.09 8.27
1412.0 34945.02 2766.32 7.92
1415.8 34962.39 2668.67 7.63
1419.6 34891.95 2594.23 7.44
1423.5 34842.23 2548.11 7.31
1427.3 34796.45 2508.67 7.21
1431.1 34758.75 2473.80 7.12
1434.9 34669.05 2444.23 7.05
1438.8 34606.94 2428.44 7.02
1442.6 34573.84 2416.48 6.99
1446.4 34441.31 2399.51 6.97
1450.2 34332.12 2396.81 6.98
1454.0 34220.52 2391.72 6.99
1457.8 34188.19 2391.20 6.99
1461.6 34155.00 2404.51 7.04
1465.4 34045.70 2415.90 7.10
1469.2 33870.20 2431.98 7.18
1473.0 33726.92 2454.61 7.28
1476.8 33664.28 2492.13 7.40
1480.7 33601.58 2545.64 7.58
1484.4 33488.64 2596.92 7.75
1488.2 33386.04 2653.92 7.95
1492.0 33257.25 2719.70 8.18
1495.8 33142.20 2780.05 8.39
1499.6 33034.11 2825.96 8.55
1503.4 32933.47 2855.42 8.67
1507.2 32852.74 2870.76 8.74
1510.9 32722.34 2888.92 8.83
1514.7 32573.11 2912.89 8.94
1518.5 32453.90 2952.07 9.10
1522.3 32317.90 2999.15 9.28
1526.0 32200.64 3054.82 9.49
1529.8 32127.61 3121.73 9.72
1533.6 32011.66 3181.09 9.94
1537.3 31894.88 3231.75 10.13
1541.1 31782.08 3287.30 10.34
1544.8 31651.20 3338.40 10.55
1548.6 31528.46 3382.43 10.73
1552.4 31450.00 3432.14 10.91
1556.1 31366.15 3465.58 11.05
1559.9 31270.43 3495.24 11.18
1563.6 31150.17 3540.50 11.37
1567.3 31046.10 3589.78 11.56
1571.1 30855.35 3627.37 11.76
1574.8 30723.08 3675.98 11.96
1578.6 30633.26 3713.34 12.12
1582.3 30519.48 3745.95 12.27
1586.0 30400.45 3771.30 12.41
1589.8 30269.89 3782.23 12.50
1593.5 30123.48 3799.96 12.61
1597.2 29998.09 3824.79 12.75
1600.9 29883.71 3844.80 12.87
1604.7 29753.95 3861.62 12.98
1608.4 29639.51 3890.50 13.13
1612.1 29489.62 3921.70 13.30
1615.8 29365.23 3931.40 13.39
1619.5 29298.37 3945.17 13.47
1623.2 29161.12 3963.79 13.59
1626.9 29003.45 3974.50 13.70
1630.6 28846.40 3985.74 13.82
1634.3 28721.00 3992.12 13.90
1638.0 28599.28 3985.38 13.94
1641.7 28456.49 3975.31 13.97
1645.4 28299.47 3959.68 13.99
1649.1 28138.66 3942.94 14.01
1652.8 28008.70 3928.51 14.03
1656.4 27859.80 3907.46 14.03
1660.1 27720.43 3885.49 14.02
1663.8 27551.22 3858.21 14.00
1667.5 27406.07 3837.83 14.00
1671.1 27282.14 3819.36 14.00
1674.8 27100.13 3786.46 13.97
1678.5 27060.12 3774.26 13.95
1682.1 27085.37 3761.99 13.89
1685.8 27087.74 3750.68 13.85
1689.5 26985.46 3724.09 13.80
1693.1 26859.21 3685.35 13.72
1696.8 26718.75 3643.25 13.64
1700.4 26575.97 3599.20 13.54
1704.0 26457.91 3556.90 13.44
1707.7 26210.69 3488.87 13.31
1711.3 25940.59 3414.37 13.16
1715.0 25755.85 3356.96 13.03
1718.6 25603.66 3306.48 12.91
1722.2 25471.82 3267.66 12.83
1725.9 25346.15 3223.77 12.72
1729.5 25225.17 3178.09 12.60
1733.1 25122.33 3149.89 12.54
1736.7 25028.77 3128.30 12.50
1740.3 24869.68 3089.55 12.42
1744.0 24796.20 3052.50 12.31
1747.5 24670.34 3005.49 12.18
1751.2 24460.97 2948.03 12.05
1754.8 24300.77 2897.78 11.92
1758.4 24168.99 2853.65 11.81
1762.0 24004.67 2807.08 11.69
1765.5 23878.06 2771.24 11.61
1769.1 23824.80 2752.80 11.55
1772.7 23745.17 2730.89 11.50
1776.3 23631.64 2711.27 11.47
1779.9 23517.13 2682.49 11.41
1783.5 23453.36 2666.00 11.37
1787.0 23338.16 2646.44 11.34
1790.6 23194.11 2624.00 11.31
1794.2 23099.94 2612.55 11.31
1797.8 23019.59 2594.23 11.27
1801.3 22943.45 2583.02 11.26
1804.9 22821.75 2569.88 11.26
1808.4 22758.56 2562.24 11.26
1812.0 22651.25 2541.24 11.22
1815.5 22537.46 2515.90 11.16
1819.1 22377.91 2498.12 11.16
1822.6 22230.86 2481.96 11.16
1826.2 22108.08 2457.43 11.12
1829.7 21962.63 2431.62 11.07
1833.2 21769.52 2407.86 11.06
1836.8 21568.82 2372.83 11.00
1840.3 21408.35 2352.06 10.99
1843.8 21283.15 2349.55 11.04
1847.3 21175.36 2369.53 11.19
1850.8 21026.88 2395.01 11.39
1854.3 20829.70 2381.06 11.43
1857.8 20716.80 2345.20 11.32
1861.3 20743.52 2263.90 10.91
1864.8 20771.48 2115.30 10.18
1868.3 20668.83 1931.74 9.35
1871.8 20505.60 1758.72 8.58
1875.3 20412.67 1624.35 7.96
1878.8 20386.82 1531.33 7.51
1882.3 20318.80 1441.27 7.09
1885.8 20165.84 1333.15 6.61
1889.3 19976.70 1251.15 6.26
1892.7 19815.25 1204.14 6.08
1896.2 19650.94 1186.58 6.04
1899.7 19441.16 1201.42 6.18
1903.1 19313.45 1203.05 6.23
1906.6 19304.54 1299.81 6.73
1910.0 19451.18 1375.97 7.07
1913.5 19794.95 1531.26 7.74
1917.0 20308.75 1809.33 8.91
1920.4 20662.58 2080.13 10.07
1923.8 20806.27 2167.32 10.42
1871.2 18887.00 1087.43 5.76
1873.9 18953.16 1052.36 5.55
1876.7 18991.47 1048.43 5.52
1879.5 19143.67 1012.04 5.29
1882.3 18900.39 857.06 4.53
1885.1 18757.12 784.42 4.18
1887.8 18909.61 816.42 4.32
1890.6 18719.80 771.87 4.12
1893.4 18700.00 726.00 3.88
1896.2 18690.78 694.54 3.72
1898.9 18634.09 642.33 3.45
1901.7 18493.24 658.37 3.56
1904.5 18663.12 661.25 3.54
1907.2 18605.75 631.75 3.40
1910.0 18464.96 618.24 3.35
1912.7 18451.36 612.51 3.32
1915.5 18338.72 602.13 3.28
1918.2 18231.61 583.27 3.20
1921.0 18078.76 601.71 3.33
1923.7 18082.37 596.97 3.30
1926.5 18028.91 602.48 3.34
1929.2 17989.40 599.65 3.33
1932.0 17961.44 578.28 3.22
1934.7 17922.05 606.57 3.38
1937.4 17800.47 598.62 3.36
1940.2 17730.06 599.30 3.38
1942.9 17801.07 609.00 3.42
1945.6 17808.94 604.00 3.39
1948.3 17731.12 601.67 3.39
1951.1 17698.80 592.97 3.35
1953.8 17700.00 618.00 3.49
1956.5 17568.67 631.95 3.60
1959.2 17632.03 633.88 3.60
1961.9 17647.56 634.74 3.60
1964.6 17543.58 597.98 3.41
1967.3 17598.27 599.27 3.41
1970.0 17419.60 642.32 3.69
1972.8 17335.24 653.05 3.77
1975.5 17419.52 649.72 3.73
1978.2 17336.04 651.16 3.76
1980.9 17221.82 641.30 3.72
1983.5 17185.34 634.02 3.69
1986.2 17183.55 646.02 3.76
1988.9 17157.36 660.57 3.85
1991.6 17017.92 666.23 3.91
1994.3 16893.86 670.09 3.97
1997.0 16913.63 660.28 3.90
1999.7 16876.79 674.84 4.00
2002.3 16857.27 699.03 4.15
2005.0 16785.35 699.03 4.16
2007.7 16706.93 693.73 4.15
2010.4 16656.07 688.06 4.13
2013.0 16600.58 705.56 4.25
2015.7 16495.88 730.31 4.43
2018.4 16401.61 723.35 4.41
2021.0 16371.00 714.00 4.36
2023.7 16264.64 726.45 4.47
2026.4 16195.83 706.98 4.37
2029.0 16138.97 708.54 4.39
2031.7 16029.65 732.33 4.57
2034.3 16012.75 729.52 4.56
2037.0 15932.90 717.83 4.51
2039.6 15864.39 714.59 4.50
2042.3 15822.15 730.17 4.61
2044.9 15747.27 726.50 4.61
2047.5 15719.22 704.06 4.48
2050.2 15638.00 733.60 4.69
2052.8 15596.00 756.00 4.85
2055.4 15487.61 734.04 4.74
2058.1 15363.60 728.00 4.74
2060.7 15311.01 726.70 4.75
2063.3 15243.07 749.61 4.92
2065.9 15200.63 759.33 5.00
2068.6 15142.00 753.75 4.98
2071.2 15102.27 744.93 4.93
2073.8 15013.06 747.16 4.98
2076.4 14939.89 757.80 5.07
2079.0 14937.96 761.51 5.10
2081.6 14955.68 765.23 5.12
2084.2 14929.44 770.32 5.16
2086.8 14795.01 760.82 5.14
2089.4 14708.12 757.39 5.15
2092.1 14645.50 765.00 5.22
2094.7 14574.18 762.75 5.23
2097.2 14543.50 770.67 5.30
2099.8 14569.24 762.91 5.24
2102.4 14455.51 762.01 5.27
2105.0 14315.55 778.05 5.43
2107.6 14281.54 769.05 5.38
2110.2 14245.28 761.57 5.35
2112.8 14225.04 787.42 5.54
2115.3 14222.61 790.95 5.56
2117.9 14223.97 774.75 5.45
2120.5 14225.20 789.97 5.55
2123.1 14136.53 807.30 5.71
2125.6 14079.43 793.58 5.64
2128.2 14012.88 793.13 5.66
2130.8 13940.55 795.60 5.71
2133.3 13889.33 809.60 5.83
2135.9 13802.30 808.96 5.86
2138.4 13704.95 783.81 5.72
2141.0 13601.55 790.41 5.81
2143.6 13585.34 817.94 6.02
2146.1 13439.94 796.29 5.92
2148.7 13282.54 775.28 5.84
2151.2 13302.67 806.67 6.06
2153.8 13324.47 779.98 5.85
2156.3 13227.98 785.59 5.94
2158.8 13160.05 821.03 6.24
2161.4 13128.93 793.10 6.04
2163.9 13034.58 784.26 6.02
2166.4 12973.85 798.30 6.15
2169.0 12959.07 786.47 6.07
2171.5 12876.28 795.34 6.18
2174.0 12786.55 812.18 6.35
2176.5 12767.30 801.32 6.28
2179.1 12718.27 795.08 6.25
2181.6 12644.21 793.88 6.28
2184.1 12612.60 770.00 6.11
2186.6 12631.79 778.31 6.16
2189.1 12551.10 783.24 6.24
2191.6 12501.53 761.13 6.09
2194.1 12512.72 780.59 6.24
2196.6 12513.32 808.41 6.46
2199.2 12564.98 798.83 6.36
2201.7 12503.60 780.80 6.24
2204.1 12450.01 787.98 6.33
2206.6 12458.20 779.57 6.26
2209.1 12429.94 791.07 6.36
2211.6 12413.54 787.98 6.35
2214.1 12385.83 779.34 6.29
2216.6 12340.79 778.66 6.31
2219.1 12355.98 812.84 6.58
2221.6 12303.15 810.82 6.59
2224.0 12230.10 769.62 6.29
2226.5 12198.83 780.03 6.39
2229.0 12234.63 765.14 6.25
2231.5 12152.59 731.53 6.02
2233.9 12137.64 750.43 6.18
2236.4 12131.98 741.12 6.11
2238.9 12024.13 705.25 5.87
2241.3 12068.10 703.49 5.83
2243.8 12017.57 715.15 5.95
2246.2 11870.35 701.68 5.91
2248.7 11882.39 671.06 5.65
2251.2 11860.53 684.11 5.77
2253.6 11784.96 679.68 5.77
2256.1 11773.44 683.52 5.81
2258.5 11793.92 672.29 5.70
2260.9 11696.75 644.28 5.51
2263.4 11668.53 656.36 5.63
2265.8 11678.48 630.85 5.40
2268.3 11583.48 627.28 5.42
2270.7 11653.18 648.68 5.57
2273.1 11608.55 605.93 5.22
2275.6 11523.84 610.56 5.30
2278.0 11553.06 641.84 5.56
2280.4 11529.61 608.04 5.27
2282.8 11402.06 584.62 5.13
2285.3 11435.59 571.59 5.00
2287.7 11531.47 562.32 4.88
2290.1 11440.95 561.37 4.91
2292.5 11408.96 547.63 4.80
2294.9 11404.51 549.28 4.82
2297.3 11303.39 541.84 4.79
2299.7 11233.01 525.13 4.67
2302.1 11231.11 526.40 4.69
2304.5 11113.20 517.44 4.66
2306.9 10995.60 529.20 4.81
2309.3 10932.15 528.98 4.84
2311.7 10856.55 506.33 4.66
2314.1 10708.33 523.80 4.89
2316.5 10641.94 496.44 4.66
2318.9 10674.03 504.53 4.73
2321.3 10672.73 522.94 4.90
2323.7 10642.23 511.15 4.80
2326.1 10606.96 503.75 4.75
2328.4 10691.58 484.13 4.53
2330.8 10736.25 478.53 4.46
2333.2 10617.06 485.96 4.58
2335.6 10582.60 485.75 4.59
2337.9 10642.00 459.07 4.31
2340.3 10592.40 470.21 4.44
2342.7 10507.23 503.57 4.79
2345.0 10502.01 467.13 4.45
2347.4 10493.25 429.25 4.09
2349.7 10277.63 444.25 4.32
2352.1 10236.25 454.56 4.44
2354.4 10290.21 451.33 4.39
2356.8 10243.45 427.35 4.17
2359.2 10187.67 446.33 4.38
2361.5 10122.93 475.60 4.70
2363.8 10144.75 434.78 4.29
2366.2 10159.49 423.68 4.17
2368.5 10097.05 458.35 4.54
2370.9 10118.68 447.33 4.42
2373.2 10072.53 427.18 4.24
2375.5 9932.38 420.83 4.24
2377.9 9918.93 423.93 4.27
2380.2 9923.89 403.19 4.06
2382.5 9856.28 385.98 3.92
2384.8 9822.88 412.96 4.20
2387.2 9807.99 412.57 4.21
2389.5 9759.69 396.62 4.06
2391.8 9772.85 404.03 4.13
2394.1 9716.63 388.67 4.00
2396.4 9652.48 391.91 4.06
2398.7 9714.10 384.86 3.96
2401.0 9598.25 395.60 4.12
2403.3 9511.80 423.30 4.45
2405.6 9521.83 374.88 3.94
2407.9 9458.88 390.78 4.13
2410.2 9400.00 401.07 4.27
2412.5 9350.27 396.37 4.24
2414.8 9330.30 400.53 4.29
2417.1 9280.68 361.32 3.89
2419.4 9294.64 343.86 3.70
2421.7 9214.94 346.94 3.76
2424.0 9156.02 348.70 3.81
2426.2 9223.40 358.45 3.89
2428.5 9129.27 335.32 3.67
2430.8 9112.40 321.55 3.53
2433.1 9071.93 337.43 3.72
2435.4 8991.17 324.51 3.61
2437.6 8963.19 341.30 3.81
2439.9 8866.09 353.75 3.99
2442.2 8873.80 341.30 3.85
2444.4 8827.50 338.86 3.84
2446.7 8812.56 350.40 3.98
2448.9 8870.66 307.93 3.47
2451.2 8802.92 298.00 3.39
2453.4 8732.64 373.65 4.28
2455.7 8702.87 334.49 3.84
2457.9 8608.05 274.73 3.19
2460.2 8594.01 326.75 3.80
2462.4 8611.20 318.24 3.70
2464.7 8503.63 290.18 3.41
2466.9 8416.62 327.42 3.89
2469.2 8471.54 298.16 3.52
2471.4 8370.38 262.60 3.14
2473.6 8261.63 281.19 3.40
2475.9 8256.69 298.03 3.61
2478.1 8211.66 286.93 3.49
2480.3 8173.00 278.47 3.41
2482.5 8177.69 257.34 3.15
2484.8 8119.06 225.73 2.78
2487.0 8110.30 311.08 3.84
2489.2 8058.48 286.46 3.55
2491.4 7946.29 215.18 2.71
2493.6 7987.26 266.50 3.34
2495.8 7981.68 277.14 3.47
2498.0 7985.07 267.52 3.35
2500.2 7961.63 269.60 3.39
2502.4 8125.20 284.16 3.50
2504.6 8272.59 244.14 2.95
2506.8 8348.61 185.09 2.22
