/*** Spectra Vista SIG Data ***/
name= \My Documents\HR1024_Data\GD3B2.
instrument= HR: 1091052
integration= 200, 60, 30, 500, 60, 30
scan time= 1, 1
scan settings= AD, AI, AD, AI
external data set1= 8224, 8224, 8224, 8224, 8224, 8224, 8224, 8224, 8224, 8224, 8224, 8224, 8224, 8224, 8224, 8224
external data set2= 8224, 8224, 8224, 8224, 8224, 8224, 8224, 8224, 8224, 8224, 8224, 8224, 8224, 8224, 8224, 8224
external data dark= 0,0,0,0,0,0,0,0
external data mask= 0
optic= LENS4 , LENS4 
temp= 32.98, 8.88, -5.37, 39.67, 8.88, -5.37
battery= 7.6, 7.2
error= 0, 0
units= Radiance, Radiance
time= 1/26/08 10:33:54 AM, 1/26/08 10:52:47 AM
longitude= , 
latitude= , 
gpstime= , 
comm= 
memory slot= 0, 0
factors= 
data= 
346.4 598.78 118.48 19.79
347.9 627.50 119.23 19.00
349.5 677.04 113.57 16.77
351.1 739.44 121.06 16.37
352.6 790.63 120.18 15.20
354.2 841.03 125.66 14.94
355.7 912.59 133.35 14.61
357.3 974.37 134.54 13.81
358.8 992.58 134.21 13.52
360.4 1062.29 139.29 13.11
361.9 1117.88 139.30 12.46
363.5 1149.55 142.66 12.41
365.1 1196.29 140.09 11.71
366.6 1260.16 145.01 11.51
368.2 1349.72 147.73 10.95
369.7 1403.95 147.58 10.51
371.3 1488.21 138.29 9.29
372.8 1577.00 142.10 9.01
374.4 1638.71 152.19 9.29
375.9 1688.10 154.91 9.18
377.4 1740.09 157.42 9.05
379.0 1788.57 146.40 8.19
380.5 1855.73 148.95 8.03
382.1 1905.98 150.11 7.88
383.6 1973.16 142.88 7.24
385.2 2065.25 155.10 7.51
386.7 2149.76 148.37 6.90
388.3 2271.83 156.53 6.89
389.8 2363.45 164.70 6.97
391.3 2453.59 165.99 6.77
392.9 2526.36 175.25 6.94
394.4 2602.50 187.55 7.21
395.9 2690.98 198.45 7.37
397.5 2829.48 206.72 7.31
399.0 2963.31 206.41 6.97
400.6 3033.76 193.57 6.38
402.1 3072.78 187.82 6.11
403.6 3116.75 187.01 6.00
405.1 3199.00 192.85 6.03
406.7 3304.00 197.12 5.97
408.2 3412.53 192.46 5.64
409.7 3521.28 205.18 5.83
411.3 3642.17 216.65 5.95
412.8 3732.75 215.20 5.77
414.3 3845.02 226.15 5.88
415.8 3965.00 240.00 6.05
417.4 4085.95 245.92 6.02
418.9 4192.21 251.99 6.01
420.4 4267.16 252.24 5.91
421.9 4346.32 250.71 5.77
423.5 4413.15 263.39 5.97
425.0 4492.75 263.41 5.86
426.5 4594.55 264.88 5.77
428.0 4712.54 268.47 5.70
429.5 4856.53 274.92 5.66
431.1 5025.20 281.74 5.61
432.6 5198.44 290.68 5.59
434.1 5370.75 300.30 5.59
435.6 5520.56 308.83 5.59
437.1 5670.60 318.24 5.61
438.6 5806.58 320.69 5.52
440.1 5943.54 329.89 5.55
441.6 6091.61 340.43 5.59
443.1 6230.93 351.54 5.64
444.7 6356.12 369.90 5.82
446.2 6474.98 374.69 5.79
447.7 6582.53 393.53 5.98
449.2 6691.68 406.08 6.07
450.7 6814.08 418.50 6.14
452.2 6930.56 423.65 6.11
453.7 7066.33 438.81 6.21
455.2 7233.85 453.06 6.26
456.7 7443.04 466.05 6.26
458.2 7673.27 492.10 6.41
459.7 7920.50 511.00 6.45
461.2 8156.07 529.50 6.49
462.7 8366.46 548.46 6.56
464.2 8568.06 562.18 6.56
465.7 8788.58 585.78 6.67
467.2 8970.50 596.75 6.65
468.7 9176.00 622.40 6.78
470.2 9305.26 636.28 6.84
471.7 9490.50 671.65 7.08
473.2 9788.42 687.85 7.03
474.6 10042.30 688.70 6.86
476.1 10127.24 680.10 6.72
477.6 10169.21 681.99 6.71
479.1 10224.56 695.46 6.80
480.6 10293.47 704.45 6.84
482.1 10426.95 719.10 6.90
483.6 10590.11 736.46 6.95
485.1 10796.39 759.57 7.04
486.6 11041.55 780.92 7.07
488.0 11290.50 804.05 7.12
489.5 11568.25 839.15 7.25
491.0 11840.59 867.53 7.33
492.5 12119.22 908.50 7.50
494.0 12409.65 954.19 7.69
495.4 12660.45 999.24 7.89
496.9 12912.44 1049.43 8.13
498.4 13155.80 1104.19 8.39
499.9 13408.52 1165.15 8.69
501.4 13645.90 1237.55 9.07
502.8 13864.50 1309.52 9.45
504.3 14081.40 1383.84 9.83
505.8 14291.05 1467.12 10.27
507.2 14436.37 1548.94 10.73
508.7 14548.87 1642.69 11.29
510.2 14651.50 1732.65 11.83
511.6 14718.08 1823.17 12.39
513.1 14838.45 1918.62 12.93
514.6 14986.45 2025.11 13.51
516.0 15112.04 2129.02 14.09
517.5 15305.31 2244.16 14.66
519.0 15537.89 2376.36 15.29
520.5 15768.60 2510.51 15.92
521.9 16045.99 2650.31 16.52
523.4 16363.11 2788.70 17.04
524.8 16675.79 2932.25 17.58
526.3 17027.53 3077.21 18.07
527.8 17380.80 3223.76 18.55
529.2 17706.86 3363.03 18.99
530.7 18056.71 3498.36 19.37
532.1 18377.28 3635.56 19.78
533.6 18738.23 3766.97 20.10
535.0 19114.67 3899.51 20.40
536.5 19476.07 4034.93 20.72
538.0 19846.24 4168.70 21.01
539.4 20198.95 4303.64 21.31
540.9 20626.19 4431.25 21.48
542.3 20984.92 4538.86 21.63
543.8 21250.33 4620.88 21.74
545.2 21329.19 4682.30 21.95
546.6 21331.64 4734.71 22.20
548.1 21362.06 4793.09 22.44
549.5 21376.46 4840.79 22.65
551.0 21386.66 4889.96 22.86
552.4 21443.54 4930.96 23.00
553.9 21463.89 4971.90 23.16
555.3 21521.57 5003.86 23.25
556.8 21650.10 5046.24 23.31
558.2 21773.81 5083.43 23.35
559.6 21936.94 5133.33 23.40
561.1 22168.25 5187.65 23.40
562.5 22423.78 5252.35 23.42
564.0 22757.43 5328.77 23.42
565.4 23059.14 5388.01 23.37
566.8 23449.52 5458.58 23.28
568.3 23818.66 5520.73 23.18
569.7 24198.01 5583.69 23.08
571.1 24579.14 5628.95 22.90
572.6 24952.86 5675.83 22.75
574.0 25317.60 5711.64 22.56
575.4 25678.69 5746.28 22.38
576.9 26008.29 5775.46 22.21
578.3 26306.64 5802.94 22.06
579.7 26593.28 5823.96 21.90
581.1 26823.10 5838.47 21.77
582.6 27065.10 5853.12 21.63
584.0 27286.52 5863.92 21.49
585.4 27587.92 5883.47 21.33
586.8 27978.96 5920.20 21.16
588.3 28419.30 5968.87 21.00
589.7 28786.68 6000.70 20.85
591.1 29016.81 6029.96 20.78
592.5 29127.43 6034.54 20.72
594.0 29186.34 6032.18 20.67
595.4 29194.56 6025.52 20.64
596.8 29193.45 6015.44 20.61
598.2 29177.08 6009.28 20.60
599.6 29153.88 5982.30 20.52
601.0 29216.28 5976.26 20.46
602.4 29261.60 5961.34 20.37
603.9 29364.60 5951.92 20.27
605.3 29484.10 5937.31 20.14
606.7 29584.80 5921.28 20.01
608.1 29785.49 5912.94 19.85
609.5 30013.28 5904.02 19.67
610.9 30296.78 5910.96 19.51
612.3 30557.28 5898.98 19.30
613.7 30914.00 5908.59 19.11
615.1 31159.08 5898.74 18.93
616.5 31406.64 5889.07 18.75
617.9 31801.61 5908.10 18.58
619.3 32170.62 5919.88 18.40
620.7 32635.92 5943.20 18.21
622.1 33083.75 5947.76 17.98
623.5 33564.04 5958.65 17.75
624.9 34116.86 6002.75 17.59
626.3 34490.69 6047.72 17.53
627.7 34145.81 6006.61 17.59
629.1 33851.16 5996.17 17.71
630.5 33743.57 6027.58 17.86
631.9 33775.53 6073.25 17.98
633.3 33808.52 6110.91 18.08
634.7 33992.91 6131.84 18.04
636.1 34075.08 6140.72 18.02
637.5 34196.58 6118.50 17.89
638.9 34374.61 6072.70 17.67
640.2 34545.58 6052.11 17.52
641.6 34634.34 5999.76 17.32
643.0 34657.83 5909.28 17.05
644.4 34696.37 5780.57 16.66
645.8 34653.86 5613.42 16.20
647.2 34834.41 5455.74 15.66
648.5 34958.93 5233.04 14.97
649.9 34861.32 4910.80 14.09
651.3 34789.65 4604.28 13.23
652.7 34680.00 4366.62 12.59
654.1 34452.30 4297.13 12.47
655.5 34172.42 4261.79 12.47
656.8 33904.63 4217.58 12.44
658.2 34070.04 4184.04 12.28
659.6 34442.82 4149.48 12.05
660.9 34748.70 4075.10 11.73
662.3 35067.95 3998.79 11.40
663.7 35364.00 3916.92 11.08
665.0 35617.00 3820.97 10.73
666.4 35877.31 3730.22 10.40
667.8 36209.10 3646.39 10.07
669.1 36482.80 3578.75 9.81
670.5 36799.72 3540.06 9.62
671.9 36995.40 3494.11 9.44
673.2 37270.13 3473.23 9.32
674.6 37530.47 3469.66 9.24
676.0 37841.78 3495.06 9.24
677.3 38141.57 3523.79 9.24
678.7 38483.75 3599.75 9.35
680.0 38922.37 3715.14 9.54
681.4 39389.45 3869.98 9.82
682.8 39844.35 4075.89 10.23
684.1 40287.78 4357.08 10.81
685.5 40705.56 4706.02 11.56
686.8 41091.84 5133.53 12.49
688.2 41433.89 5647.64 13.63
689.5 41549.57 6211.58 14.95
690.9 41633.44 6826.10 16.40
692.2 41697.60 7485.78 17.95
693.6 41771.65 8187.07 19.60
694.9 41721.88 8869.17 21.26
696.2 41751.90 9561.33 22.90
697.6 41766.04 10248.32 24.54
698.9 41796.48 10917.98 26.12
700.3 41844.24 11562.17 27.63
701.6 41918.48 12190.44 29.08
703.0 41979.40 12801.22 30.49
704.3 41981.71 13332.93 31.76
705.6 41967.18 13835.05 32.97
707.0 41980.75 14316.28 34.10
708.3 41872.71 14696.13 35.10
709.6 41753.67 15046.35 36.04
711.0 41589.99 15363.24 36.94
712.3 41418.66 15636.63 37.75
713.6 41354.04 15946.56 38.56
714.9 41240.96 16207.25 39.30
716.3 41218.54 16470.69 39.96
717.6 41221.95 16730.78 40.59
718.9 41134.56 16945.07 41.19
720.2 40936.00 17085.96 41.74
721.6 40765.66 17223.60 42.25
722.9 40572.15 17332.85 42.72
724.2 40305.71 17367.57 43.09
725.5 40134.57 17441.82 43.46
726.8 39960.91 17499.19 43.79
728.1 39855.98 17576.13 44.10
729.5 39766.23 17620.79 44.31
730.8 39707.44 17677.68 44.52
732.1 39612.07 17686.54 44.65
733.4 39556.45 17705.58 44.76
734.7 39507.57 17733.64 44.89
736.0 39511.29 17761.69 44.95
737.3 39463.58 17754.62 44.99
738.6 39569.04 17855.51 45.12
739.9 39770.92 17989.13 45.23
741.2 39928.98 18105.36 45.34
742.5 40206.42 18271.89 45.45
743.8 40696.43 18527.36 45.53
745.1 41398.16 18873.79 45.59
746.4 42245.84 19296.00 45.68
747.7 43136.62 19735.50 45.75
749.0 43980.49 20198.50 45.93
750.3 44484.44 20500.17 46.08
751.6 44396.66 20533.11 46.25
752.9 43969.12 20353.18 46.29
754.2 43470.53 20113.30 46.27
755.4 42928.75 19872.06 46.29
756.7 42746.48 19793.25 46.30
758.0 42774.71 19818.50 46.33
759.3 43048.01 19945.48 46.33
760.6 43418.76 20138.27 46.38
761.9 43775.94 20322.36 46.42
763.1 43996.61 20430.29 46.44
764.4 44239.34 20580.55 46.52
765.7 44424.25 20679.10 46.55
767.0 44583.75 20766.12 46.58
768.2 44688.00 20832.00 46.62
769.5 44782.92 20878.19 46.62
770.8 44990.42 20984.15 46.64
772.0 45014.41 21020.43 46.70
773.3 45100.97 21096.66 46.78
774.6 45226.84 21171.23 46.81
775.8 45313.45 21257.41 46.91
777.1 45344.81 21316.82 47.01
778.4 45245.88 21277.44 47.03
779.6 45226.44 21295.88 47.09
780.9 45132.00 21273.60 47.14
782.1 44952.26 21194.92 47.15
783.4 44936.32 21230.98 47.25
784.6 44935.72 21252.77 47.30
785.9 45255.62 21413.35 47.32
787.1 45836.93 21727.94 47.40
788.4 46288.94 22065.35 47.67
789.6 46219.23 22147.17 47.92
790.9 45788.99 21973.95 47.99
792.1 45296.16 21739.42 47.99
793.4 44771.54 21514.49 48.05
794.6 44415.30 21417.31 48.22
795.8 44134.47 21308.02 48.28
797.1 43801.05 21171.27 48.34
798.3 43569.08 21086.67 48.40
799.5 43411.48 21067.61 48.53
800.8 43273.13 21019.02 48.57
802.0 43071.08 20963.76 48.67
803.2 42890.28 20889.63 48.70
804.5 42742.15 20852.34 48.79
805.7 42601.95 20807.12 48.84
806.9 42426.40 20776.99 48.97
808.1 42305.67 20729.28 49.00
809.4 42221.44 20705.52 49.04
810.6 42105.70 20647.90 49.04
811.8 42062.43 20643.92 49.08
813.0 42071.08 20625.01 49.02
814.2 42081.20 20619.79 49.00
815.4 42185.03 20698.24 49.07
816.6 42225.34 20733.20 49.10
817.9 42273.21 20766.02 49.12
819.1 42166.58 20696.17 49.08
820.3 42039.03 20596.03 48.99
821.5 41905.07 20513.80 48.95
822.7 41849.58 20453.65 48.87
823.9 41838.35 20402.83 48.77
825.1 41851.34 20377.25 48.69
826.3 41890.94 20341.32 48.56
827.5 41937.05 20307.32 48.42
828.7 42011.28 20277.41 48.27
829.9 42039.57 20248.86 48.17
831.0 42140.75 20232.70 48.01
832.2 42235.78 20215.12 47.86
833.4 42305.18 20212.32 47.78
834.6 42417.19 20199.38 47.62
835.8 42496.65 20204.10 47.54
837.0 42597.61 20229.46 47.49
838.1 42745.68 20293.24 47.47
839.3 42856.00 20315.69 47.40
840.5 42989.60 20345.12 47.33
841.7 43156.80 20407.57 47.29
842.9 43298.86 20454.35 47.24
844.0 43430.88 20483.91 47.16
845.2 43568.90 20527.38 47.11
846.4 43732.15 20568.08 47.03
847.5 43960.00 20667.79 47.02
848.7 44164.79 20762.28 47.01
849.9 44393.85 20896.21 47.07
851.0 44478.08 20933.05 47.06
852.2 44569.63 20989.60 47.09
853.3 44562.81 20991.29 47.10
854.5 44594.90 20992.18 47.07
855.6 44615.97 20984.40 47.03
856.8 44687.86 21008.70 47.01
857.9 44681.40 21024.66 47.05
859.1 44832.20 21070.08 47.00
860.2 44876.88 21058.10 46.92
861.4 44954.55 21084.07 46.90
862.5 45021.69 21095.36 46.86
863.7 45150.84 21146.43 46.84
864.8 45213.35 21141.68 46.76
865.9 45167.77 21125.07 46.77
867.1 45241.43 21128.65 46.70
868.2 45295.54 21135.60 46.66
869.3 45314.27 21142.42 46.66
870.5 45282.48 21122.76 46.65
871.6 45315.83 21107.71 46.58
872.7 45413.27 21118.20 46.50
873.9 45478.16 21110.48 46.42
875.0 45456.71 21090.22 46.40
876.1 45452.45 21037.07 46.28
877.2 45498.99 21053.76 46.27
878.3 45519.98 21002.11 46.14
879.4 45563.53 20995.10 46.08
880.5 45631.08 20984.83 45.99
881.7 45596.20 20969.52 45.99
882.8 45693.96 20965.46 45.88
883.9 45722.91 20993.48 45.91
885.0 45675.63 20953.30 45.87
886.1 45712.78 20937.15 45.80
887.2 45537.58 20840.78 45.77
888.3 45475.07 20830.23 45.81
889.4 45347.40 20737.44 45.73
890.5 45259.13 20679.08 45.69
891.6 45193.70 20611.00 45.61
892.7 45201.31 20595.73 45.56
893.8 45270.56 20553.90 45.40
894.9 45248.28 20476.76 45.25
896.0 45235.90 20462.15 45.23
897.0 45257.72 20459.22 45.21
898.1 45230.13 20406.50 45.12
899.2 45252.30 20376.14 45.03
900.3 45165.90 20267.38 44.87
901.4 45101.16 20201.25 44.79
902.4 45077.20 20193.83 44.80
903.5 45018.01 20129.28 44.71
904.6 45035.56 20087.94 44.60
905.7 45038.93 20049.71 44.52
906.7 44985.82 20009.97 44.48
907.8 45025.57 19997.59 44.41
908.9 44904.57 19866.46 44.24
909.9 44897.74 19813.97 44.13
911.0 44830.08 19756.23 44.07
912.1 44749.25 19654.26 43.92
913.1 44707.00 19590.06 43.82
914.2 44554.62 19497.61 43.76
915.2 44505.45 19400.58 43.59
916.3 44491.35 19324.14 43.43
917.3 44461.10 19271.53 43.34
918.4 44383.35 19100.51 43.04
919.4 44330.69 19043.95 42.96
920.5 44315.70 18941.09 42.74
921.5 44285.78 18869.96 42.61
922.6 44268.10 18747.85 42.35
923.6 44262.16 18671.20 42.18
924.7 44333.00 18558.80 41.86
925.7 44276.22 18453.31 41.68
926.7 44252.98 18394.50 41.57
927.8 44374.33 18286.13 41.21
928.8 44502.63 18221.80 40.95
929.9 44598.23 18173.92 40.75
930.9 44802.27 18153.83 40.52
931.9 45011.35 18106.03 40.23
932.9 45355.12 18109.48 39.93
934.0 45370.16 17984.02 39.64
935.0 45397.97 17857.56 39.34
936.0 45413.73 17696.43 38.97
937.0 45319.95 17557.02 38.74
938.1 45295.44 17454.03 38.53
939.1 45257.91 17266.74 38.15
940.1 45342.90 17161.10 37.85
941.1 45568.46 17070.95 37.46
942.1 45803.34 17036.59 37.20
943.1 45999.43 16948.89 36.85
944.1 46171.28 16925.61 36.66
945.2 46338.18 16780.18 36.21
946.2 46411.22 16659.49 35.90
947.2 46518.25 16542.20 35.56
948.2 46693.82 16447.54 35.22
949.2 46838.19 16326.38 34.86
950.2 46912.95 16179.98 34.49
951.2 46909.80 16073.57 34.26
952.2 47054.57 15916.33 33.83
953.2 47260.85 15834.46 33.50
954.2 47365.65 15726.24 33.20
955.2 47408.68 15596.01 32.90
956.2 47434.65 15473.40 32.62
957.2 47543.77 15396.65 32.38
958.2 47601.59 15283.39 32.11
959.2 47735.55 15211.44 31.87
960.1 47775.14 15161.42 31.73
961.1 47870.63 15137.56 31.62
962.1 47933.44 15069.38 31.44
963.1 48032.50 15061.01 31.36
964.1 48057.21 15001.77 31.22
965.1 48243.99 15077.45 31.25
966.1 48335.33 15053.40 31.14
967.0 48410.39 15010.66 31.01
968.0 48434.88 15016.89 31.00
969.0 48556.60 15039.92 30.97
970.0 48603.65 15044.62 30.95
971.0 48737.12 15001.64 30.78
971.9 48722.90 14973.50 30.73
972.9 48879.95 14880.36 30.44
973.9 48859.53 15025.01 30.75
974.9 49044.08 14931.38 30.44
975.8 49101.73 14974.61 30.50
976.8 49135.91 14950.75 30.43
977.8 49315.41 14947.54 30.31
978.8 49372.50 14995.62 30.37
979.7 49504.50 14961.36 30.22
980.7 49626.72 14792.58 29.81
981.7 49868.69 14869.31 29.82
982.6 50026.42 14883.10 29.75
983.6 50542.44 15243.13 30.16
984.6 51139.74 15215.13 29.75
985.5 51570.00 15374.74 29.81
986.5 52881.11 15587.67 29.48
987.5 53801.49 16131.28 29.98
988.4 54737.10 16517.16 30.18
989.4 56052.04 17127.71 30.56
990.4 57074.27 17633.18 30.90
991.3 59136.61 18473.80 31.24
992.3 61232.97 18937.23 30.93
993.2 62381.81 20105.79 32.23
994.2 63759.15 20949.44 32.86
995.2 64627.45 20479.35 31.69
996.1 65405.36 22861.31 34.95
997.1 65143.00 22278.91 34.20
998.0 67149.60 21241.20 31.63
999.0 66846.51 22980.75 34.38
1000.0 67127.69 22500.90 33.52
1000.9 65712.83 23137.21 35.21
1001.9 66491.34 23028.71 34.63
1002.8 64393.95 23583.24 36.62
1003.8 65025.46 22344.32 34.36
1004.8 66172.20 23548.18 35.59
961.5 59748.86 18369.39 30.74
965.5 58598.35 18423.94 31.44
969.5 56260.49 18044.60 32.07
973.4 53913.29 17580.42 32.61
977.4 51859.95 17217.74 33.20
981.4 50850.20 16969.20 33.37
985.3 50481.20 17019.38 33.71
989.3 50535.22 17225.90 34.09
993.3 50635.09 17485.15 34.53
997.2 50595.02 17741.21 35.07
1001.2 50545.04 17976.01 35.56
1005.2 50473.33 18211.07 36.08
1009.1 50535.74 18508.97 36.63
1013.1 50697.93 18868.26 37.22
1017.1 50843.90 19233.39 37.83
1021.0 50855.49 19540.40 38.42
1025.0 50816.26 19862.39 39.09
1029.0 50641.08 20149.22 39.79
1032.9 50496.42 20403.24 40.41
1036.9 50486.34 20683.49 40.97
1040.9 50614.23 21021.54 41.53
1044.8 50848.91 21399.29 42.08
1048.8 51055.33 21730.69 42.56
1052.7 51200.97 22002.53 42.97
1056.7 51265.76 22206.79 43.32
1060.7 51328.86 22370.88 43.58
1064.6 51364.29 22490.65 43.79
1068.6 51285.22 22509.25 43.89
1072.5 51205.93 22484.04 43.91
1076.5 51155.97 22421.70 43.83
1080.4 51154.95 22348.12 43.69
1084.4 51258.31 22291.23 43.49
1088.3 51367.47 22196.13 43.21
1092.3 51376.13 22008.78 42.84
1096.2 51342.58 21774.51 42.41
1100.2 51360.86 21562.04 41.98
1104.1 51244.60 21268.33 41.50
1108.1 51175.76 20982.02 41.00
1112.0 51059.75 20693.84 40.53
1116.0 50831.30 20324.59 39.98
1119.9 50653.13 19928.72 39.34
1123.9 50703.41 19540.25 38.54
1127.8 50649.60 18958.08 37.43
1131.8 50608.23 18223.23 36.01
1135.7 50617.81 17378.87 34.33
1139.6 50606.06 16468.10 32.54
1143.6 50555.26 15595.75 30.85
1147.5 50517.05 14834.37 29.37
1151.4 50365.69 14205.71 28.21
1155.4 50355.11 13791.95 27.39
1159.3 50376.78 13511.38 26.82
1163.2 50207.59 13268.20 26.43
1167.2 50161.80 13147.56 26.21
1171.1 50174.37 13063.36 26.04
1175.0 50101.08 12973.19 25.89
1179.0 50065.70 12901.71 25.77
1182.9 50165.17 12869.47 25.65
1186.8 50159.61 12817.83 25.55
1190.7 49934.95 12705.65 25.44
1194.7 49665.47 12593.69 25.36
1198.6 49438.62 12522.51 25.33
1202.5 49264.40 12493.12 25.36
1206.4 49122.14 12473.06 25.39
1210.3 49037.26 12484.51 25.46
1214.2 48930.30 12505.38 25.56
1218.2 48765.56 12533.45 25.70
1222.1 48630.48 12566.18 25.84
1226.0 48538.40 12616.89 25.99
1229.9 48450.48 12665.94 26.14
1233.8 48352.03 12705.60 26.28
1237.7 48317.50 12742.09 26.37
1241.6 48229.08 12763.11 26.46
1245.5 48061.09 12775.81 26.58
1249.4 47934.98 12785.66 26.67
1253.3 47803.87 12796.39 26.77
1257.2 47735.46 12807.94 26.83
1261.1 47624.11 12792.49 26.86
1265.0 47490.52 12755.49 26.86
1268.9 47304.07 12695.33 26.84
1272.8 47372.70 12691.05 26.79
1276.7 47590.81 12696.01 26.68
1280.6 47691.16 12650.10 26.53
1284.5 47615.01 12548.43 26.35
1288.4 47591.67 12424.41 26.11
1292.3 47467.75 12262.25 25.83
1296.2 47318.59 12080.01 25.53
1300.1 47148.87 11863.54 25.16
1303.9 46897.39 11610.70 24.76
1307.8 46639.44 11343.03 24.32
1311.7 46386.67 11042.84 23.81
1315.6 46123.85 10721.40 23.24
1319.5 45848.18 10386.15 22.65
1323.3 45606.50 10048.29 22.03
1327.2 45386.16 9729.71 21.44
1331.1 45132.53 9401.37 20.83
1335.0 44824.46 9057.73 20.21
1338.8 44600.56 8769.07 19.66
1342.7 44421.07 8504.08 19.14
1346.5 44042.02 8218.20 18.66
1350.4 43720.62 7979.04 18.25
1354.3 43279.60 7731.18 17.86
1358.1 42799.92 7477.36 17.47
1362.0 42533.76 7249.06 17.04
1365.8 42447.40 7015.93 16.53
1369.7 42569.31 6801.12 15.98
1373.5 42515.11 6539.81 15.38
1377.4 42239.08 6218.62 14.72
1381.2 42024.35 5849.86 13.92
1385.1 42007.68 5437.47 12.94
1389.0 41913.21 5001.14 11.93
1392.8 41686.58 4604.90 11.05
1396.6 41522.45 4253.57 10.24
1400.5 41297.26 3933.07 9.52
1404.3 41119.22 3671.18 8.93
1408.2 41089.83 3468.26 8.44
1412.0 41038.18 3314.75 8.08
1415.8 41063.56 3198.58 7.79
1419.6 41020.11 3084.20 7.52
1423.5 40984.07 3002.63 7.33
1427.3 40938.38 2952.89 7.21
1431.1 40915.35 2920.20 7.14
1434.9 40812.08 2873.24 7.04
1438.8 40755.58 2847.45 6.99
1442.6 40720.04 2841.15 6.98
1446.4 40579.53 2828.24 6.97
1450.2 40476.97 2817.35 6.96
1454.0 40349.16 2806.68 6.96
1457.8 40313.93 2802.61 6.95
1461.6 40291.52 2814.37 6.99
1465.4 40157.17 2830.31 7.05
1469.2 39958.10 2841.48 7.11
1473.0 39808.79 2864.47 7.20
1476.8 39739.71 2897.62 7.29
1480.7 39668.27 2942.19 7.42
1484.4 39532.92 2998.20 7.58
1488.2 39418.92 3059.76 7.76
1492.0 39281.08 3124.48 7.95
1495.8 39157.30 3180.45 8.12
1499.6 39041.55 3231.62 8.28
1503.4 38891.42 3274.13 8.42
1507.2 38758.78 3310.99 8.54
1510.9 38603.27 3348.15 8.67
1514.7 38431.80 3378.39 8.79
1518.5 38296.78 3411.49 8.91
1522.3 38148.01 3442.16 9.02
1526.0 38038.86 3457.21 9.09
1529.8 37977.87 3472.03 9.14
1533.6 37845.65 3513.30 9.28
1537.3 37710.11 3555.88 9.43
1541.1 37580.52 3587.68 9.55
1544.8 37449.60 3600.00 9.61
1548.6 37314.89 3608.40 9.67
1552.4 37219.38 3659.34 9.83
1556.1 37135.69 3752.37 10.10
1559.9 37030.39 3835.19 10.36
1563.6 36900.49 3884.51 10.53
1567.3 36782.10 3926.77 10.68
1571.1 36560.28 3961.69 10.84
1574.8 36404.14 4022.10 11.05
1578.6 36302.38 4066.76 11.20
1582.3 36157.52 4080.41 11.29
1586.0 36009.48 4099.56 11.38
1589.8 35863.84 4119.07 11.49
1593.5 35710.53 4138.65 11.59
1597.2 35575.62 4158.53 11.69
1600.9 35432.24 4178.82 11.79
1604.7 35280.85 4190.83 11.88
1608.4 35142.04 4215.31 12.00
1612.1 34980.47 4236.49 12.11
1615.8 34834.07 4249.00 12.20
1619.5 34752.20 4268.11 12.28
1623.2 34595.03 4275.19 12.36
1626.9 34406.93 4279.67 12.44
1630.6 34230.90 4280.98 12.51
1634.3 34081.71 4294.37 12.60
1638.0 33920.36 4303.64 12.69
1641.7 33748.10 4301.98 12.75
1645.4 33556.70 4294.84 12.80
1649.1 33353.05 4295.32 12.88
1652.8 33189.89 4295.55 12.94
1656.4 33018.59 4278.13 12.96
1660.1 32845.97 4258.69 12.97
1663.8 32642.92 4241.91 12.99
1667.5 32483.35 4231.46 13.03
1671.1 32351.26 4216.48 13.03
1674.8 32144.07 4183.07 13.01
1678.5 32080.00 4155.19 12.95
1682.1 32102.13 4134.21 12.88
1685.8 32123.16 4120.10 12.83
1689.5 32018.65 4083.26 12.75
1693.1 31881.24 4038.48 12.67
1696.8 31732.38 3994.75 12.59
1700.4 31582.94 3944.59 12.49
1704.0 31466.76 3898.96 12.39
1707.7 31189.67 3832.74 12.29
1711.3 30882.00 3767.49 12.20
1715.0 30659.79 3698.88 12.06
1718.6 30484.31 3634.73 11.92
1722.2 30333.58 3575.88 11.79
1725.9 30181.80 3525.39 11.68
1729.5 30037.98 3478.59 11.58
1733.1 29910.73 3444.96 11.52
1736.7 29788.38 3420.97 11.48
1740.3 29614.18 3388.93 11.44
1744.0 29528.30 3361.59 11.38
1747.5 29373.44 3316.32 11.29
1751.2 29138.63 3256.21 11.17
1754.8 28975.37 3200.67 11.05
1758.4 28834.48 3161.18 10.96
1762.0 28639.33 3124.81 10.91
1765.5 28498.38 3084.20 10.82
1769.1 28452.00 3060.00 10.75
1772.7 28378.96 3038.36 10.71
1776.3 28252.73 3006.02 10.64
1779.9 28119.54 2976.73 10.59
1783.5 28061.20 2958.64 10.54
1787.0 27938.82 2933.83 10.50
1790.6 27774.17 2907.74 10.47
1794.2 27666.21 2893.83 10.46
1797.8 27558.84 2876.49 10.44
1801.3 27465.68 2868.58 10.44
1804.9 27315.75 2858.63 10.47
1808.4 27221.13 2847.82 10.46
1812.0 27071.27 2826.32 10.44
1815.5 26907.62 2816.14 10.47
1819.1 26703.43 2793.69 10.46
1822.6 26545.43 2770.56 10.44
1826.2 26400.51 2753.97 10.43
1829.7 26207.46 2716.81 10.37
1833.2 25952.41 2688.78 10.36
1836.8 25712.51 2656.29 10.33
1840.3 25567.16 2614.86 10.23
1843.8 25454.03 2579.36 10.13
1847.3 25371.56 2530.92 9.98
1850.8 25264.51 2471.62 9.78
1854.3 25105.60 2412.86 9.61
1857.8 25027.60 2360.80 9.43
1861.3 25027.70 2317.38 9.26
1864.8 24948.54 2275.96 9.12
1868.3 24715.93 2188.81 8.86
1871.8 24529.92 2042.88 8.33
1875.3 24489.01 1933.75 7.90
1878.8 24485.84 1802.02 7.36
1882.3 24423.29 1691.93 6.93
1885.8 24245.59 1598.17 6.59
1889.3 24030.42 1484.70 6.18
1892.7 23852.68 1407.79 5.90
1896.2 23673.74 1369.87 5.79
1899.7 23427.69 1321.56 5.64
1903.1 23323.61 1319.47 5.66
1906.6 23396.53 1364.00 5.83
1910.0 23683.33 1480.21 6.25
1913.5 24138.15 1670.46 6.92
1917.0 24628.98 1920.10 7.80
1920.4 25146.40 2218.80 8.82
1923.8 25520.19 2384.05 9.34
1871.2 22263.77 1453.73 6.53
1873.9 22507.55 1363.77 6.06
1876.7 22626.01 1367.95 6.05
1879.5 22737.83 1276.88 5.62
1882.3 22382.76 1190.86 5.32
1885.1 22317.18 1120.60 5.02
1887.8 22505.15 1030.83 4.58
1890.6 22306.26 966.79 4.33
1893.4 22256.67 931.33 4.18
1896.2 22163.50 838.95 3.79
1898.9 22083.42 796.49 3.61
1901.7 21937.94 793.58 3.62
1904.5 22143.94 767.05 3.46
1907.2 22059.00 774.25 3.51
1910.0 21927.95 769.55 3.51
1912.7 21918.25 736.61 3.36
1915.5 21816.04 756.43 3.47
1918.2 21741.95 772.92 3.55
1921.0 21589.30 732.37 3.39
1923.7 21620.81 727.03 3.36
1926.5 21581.93 732.75 3.40
1929.2 21568.04 724.71 3.36
1932.0 21551.20 733.12 3.40
1934.7 21508.34 747.27 3.47
1937.4 21385.99 731.99 3.42
1940.2 21322.79 737.60 3.46
1942.9 21412.44 742.98 3.47
1945.6 21432.94 751.98 3.51
1948.3 21347.13 749.08 3.51
1951.1 21319.83 749.49 3.52
1953.8 21321.00 753.00 3.53
1956.5 21174.65 775.71 3.66
1959.2 21255.91 810.29 3.81
1961.9 21274.22 777.78 3.66
1964.6 21161.18 785.40 3.71
1967.3 21232.43 812.87 3.83
1970.0 21063.36 802.16 3.81
1972.8 20962.32 811.90 3.87
1975.5 21019.32 825.32 3.93
1978.2 20951.00 814.68 3.89
1980.9 20833.51 830.78 3.99
1983.5 20753.87 846.33 4.08
1986.2 20730.84 832.26 4.01
1988.9 20710.47 858.45 4.15
1991.6 20560.54 860.31 4.18
1994.3 20429.18 860.72 4.21
1997.0 20463.02 896.72 4.38
1999.7 20411.81 890.22 4.36
2002.3 20392.69 883.14 4.33
2005.0 20300.64 894.64 4.41
2007.7 20215.73 908.73 4.50
2010.4 20150.59 902.18 4.48
2013.0 20054.41 910.40 4.54
2015.7 19971.23 934.91 4.68
2018.4 19850.99 919.08 4.63
2021.0 19776.67 920.83 4.66
2023.7 19665.12 946.93 4.82
2026.4 19623.72 932.32 4.75
2029.0 19549.52 947.53 4.85
2031.7 19389.93 971.75 5.01
2034.3 19392.75 963.30 4.97
2037.0 19277.12 959.92 4.98
2039.6 19203.81 962.16 5.01
2042.3 19169.68 966.07 5.04
2044.9 19085.22 976.14 5.11
2047.5 19057.17 981.75 5.15
2050.2 18939.20 977.20 5.16
2052.8 18894.40 991.20 5.25
2055.4 18768.37 991.79 5.28
2058.1 18622.80 971.60 5.22
2060.7 18569.98 986.64 5.31
2063.3 18475.60 989.27 5.35
2065.9 18427.79 979.88 5.32
2068.6 18352.42 999.42 5.45
2071.2 18299.61 996.03 5.44
2073.8 18217.15 976.62 5.36
2076.4 18153.52 1010.40 5.57
2079.0 18135.74 1020.03 5.62
2081.6 18151.63 993.11 5.47
2084.2 18112.28 1018.62 5.62
2086.8 17948.60 1015.37 5.66
2089.4 17865.33 1018.36 5.70
2092.1 17782.00 1034.17 5.82
2094.7 17712.75 1017.00 5.74
2097.2 17685.67 1005.83 5.69
2099.8 17677.80 1030.49 5.83
2102.4 17557.58 1040.66 5.93
2105.0 17419.20 1034.55 5.94
2107.6 17352.05 1059.58 6.11
2110.2 17317.12 1054.26 6.09
2112.8 17308.85 1030.80 5.96
2115.3 17299.79 1053.63 6.09
2117.9 17305.54 1067.81 6.17
2120.5 17283.04 1058.15 6.12
2123.1 17169.75 1076.40 6.27
2125.6 17130.75 1089.34 6.36
2128.2 17041.98 1068.23 6.27
2130.8 16938.68 1088.10 6.42
2133.3 16907.73 1076.53 6.37
2135.9 16811.63 1067.83 6.35
2138.4 16669.29 1078.48 6.47
2141.0 16557.51 1066.62 6.44
2143.6 16519.94 1081.79 6.55
2146.1 16331.26 1075.43 6.59
2148.7 16166.35 1045.45 6.47
2151.2 16200.80 1047.20 6.46
2153.8 16223.65 1068.43 6.59
2156.3 16092.71 1048.43 6.51
2158.8 16012.97 1048.43 6.55
2161.4 15977.02 1073.19 6.72
2163.9 15879.72 1058.45 6.67
2166.4 15806.34 1052.57 6.66
2169.0 15776.77 1076.23 6.82
2171.5 15691.03 1079.18 6.88
2174.0 15580.08 1053.15 6.76
2176.5 15568.93 1064.44 6.84
2179.1 15528.15 1054.08 6.79
2181.6 15436.46 1018.96 6.60
2184.1 15393.84 1053.36 6.84
2186.6 15412.36 1067.03 6.92
2189.1 15330.96 1049.67 6.85
2191.6 15265.13 1048.60 6.87
2194.1 15289.63 1049.65 6.87
2196.6 15291.79 1025.79 6.71
2199.2 15355.64 1063.94 6.93
2201.7 15282.97 1067.34 6.98
2204.1 15217.08 1037.20 6.82
2206.6 15263.16 1051.86 6.89
2209.1 15196.78 1071.16 7.05
2211.6 15154.34 1050.64 6.93
2214.1 15142.04 1049.26 6.93
2216.6 15136.36 1063.53 7.03
2219.1 15121.17 1025.55 6.78
2221.6 15017.30 1043.03 6.95
2224.0 14973.30 1028.70 6.87
2226.5 14953.65 993.11 6.64
2229.0 14990.65 1012.57 6.75
2231.5 14856.57 1022.61 6.88
2233.9 14819.93 1008.26 6.80
2236.4 14830.12 968.86 6.53
2238.9 14725.00 968.75 6.58
2241.3 14738.24 975.55 6.62
2243.8 14703.26 948.35 6.45
2246.2 14560.76 930.40 6.39
2248.7 14543.49 925.60 6.36
2251.2 14547.02 914.71 6.29
2253.6 14461.44 910.08 6.29
2256.1 14411.52 883.20 6.13
2258.5 14448.51 895.11 6.20
2260.9 14358.24 901.23 6.28
2263.4 14286.28 875.14 6.13
2265.8 14286.52 880.89 6.17
2268.3 14242.68 854.33 6.00
2270.7 14293.95 848.27 5.93
2273.1 14208.68 859.04 6.05
2275.6 14138.88 829.44 5.87
2278.0 14162.68 818.63 5.78
2280.4 14119.54 838.94 5.94
2282.8 13992.20 828.54 5.92
2285.3 14040.77 812.66 5.79
2287.7 14128.29 800.53 5.67
2290.1 13998.75 786.71 5.62
2292.5 13976.47 781.76 5.59
2294.9 14012.61 774.53 5.53
2297.3 13889.96 771.23 5.55
2299.7 13787.58 746.24 5.41
2302.1 13749.17 726.74 5.29
2304.5 13602.40 697.76 5.13
2306.9 13496.56 674.24 5.00
2309.3 13451.64 713.14 5.30
2311.7 13329.30 702.58 5.27
2314.1 13154.03 665.58 5.06
2316.5 13124.14 677.68 5.16
2318.9 13145.46 681.91 5.19
2321.3 13101.23 677.45 5.17
2323.7 13118.10 682.86 5.21
2326.1 13081.38 668.98 5.11
2328.4 13108.17 683.48 5.21
2330.8 13202.52 683.03 5.17
2333.2 13104.54 679.53 5.19
2335.6 13023.78 672.57 5.16
2337.9 13062.53 655.21 5.02
2340.3 13002.24 650.74 5.00
2342.7 12902.35 643.21 4.99
2345.0 12884.39 658.23 5.11
2347.4 12860.50 624.75 4.86
2349.7 12661.22 593.76 4.69
2352.1 12633.43 626.10 4.96
2354.4 12658.59 618.96 4.89
2356.8 12578.77 595.70 4.74
2359.2 12527.67 602.33 4.81
2361.5 12479.13 628.32 5.03
2363.8 12494.29 610.44 4.89
2366.2 12489.73 595.80 4.77
2368.5 12451.10 591.85 4.75
2370.9 12453.76 554.69 4.45
2373.2 12415.30 566.58 4.56
2375.5 12276.33 556.58 4.53
2377.9 12211.78 528.77 4.33
2380.2 12242.21 563.55 4.60
2382.5 12139.99 556.00 4.58
2384.8 12068.64 542.88 4.50
2387.2 12086.52 543.85 4.50
2389.5 12068.58 533.55 4.42
2391.8 12016.43 527.62 4.39
2394.1 11909.46 527.82 4.43
2396.4 11863.59 532.22 4.49
2398.7 11940.46 506.65 4.24
2401.0 11823.50 534.06 4.52
2403.3 11693.04 527.88 4.51
2405.6 11741.09 504.83 4.30
2407.9 11668.29 506.01 4.34
2410.2 11575.79 501.33 4.33
2412.5 11525.22 487.84 4.23
2414.8 11512.67 508.37 4.42
2417.1 11505.36 500.68 4.35
2419.4 11477.63 484.53 4.22
2421.7 11364.91 515.15 4.53
2424.0 11316.90 454.37 4.01
2426.2 11347.35 444.05 3.91
2428.5 11281.78 481.34 4.27
2430.8 11243.35 479.60 4.27
2433.1 11179.50 464.66 4.16
2435.4 11100.48 475.58 4.28
2437.6 11066.91 481.17 4.35
2439.9 10932.41 381.82 3.49
2442.2 10967.11 420.94 3.84
2444.4 10975.51 436.49 3.98
2446.7 10909.12 408.80 3.75
2448.9 10931.40 432.28 3.95
2451.2 10853.16 405.28 3.73
2453.4 10787.73 433.92 4.02
2455.7 10721.98 425.72 3.97
2457.9 10647.12 372.41 3.50
2460.2 10665.45 369.90 3.47
2462.4 10576.80 430.56 4.07
2464.7 10503.38 416.35 3.96
2466.9 10471.02 333.84 3.19
2469.2 10480.86 356.49 3.40
2471.4 10359.57 400.47 3.87
2473.6 10250.05 374.92 3.66
2475.9 10220.96 386.08 3.78
2478.1 10124.53 403.07 3.98
2480.3 10080.49 382.89 3.80
2482.5 10057.71 393.16 3.91
2484.8 9961.32 305.83 3.07
2487.0 9924.93 296.27 2.99
2489.2 9935.52 361.84 3.64
2491.4 9875.23 361.20 3.66
2493.6 9884.14 352.73 3.57
2495.8 9866.24 340.49 3.45
2498.0 9849.60 364.80 3.70
2500.2 9865.68 311.73 3.16
2502.4 10096.56 293.04 2.90
2504.6 10244.49 338.04 3.30
2506.8 10345.65 350.70 3.39
