/*** Spectra Vista SIG Data ***/
name= \My Documents\HR1024_Data\DS16.
instrument= HR: 1091052
integration= 200, 60, 30, 500, 60, 30
scan time= 1, 1
scan settings= AD, AI, AD, AI
external data set1= 8224, 8224, 8224, 8224, 8224, 8224, 8224, 8224, 8224, 8224, 8224, 8224, 8224, 8224, 8224, 8224
external data set2= 8224, 8224, 8224, 8224, 8224, 8224, 8224, 8224, 8224, 8224, 8224, 8224, 8224, 8224, 8224, 8224
external data dark= 0,0,0,0,0,0,0,0
external data mask= 0
optic= LENS4 , LENS4 
temp= 31.05, 8.88, -5.37, 37.50, 8.88, -5.37
battery= 7.7, 7.3
error= 0, 0
units= Radiance, Radiance
time= 1/12/08 9:49:29 AM, 1/12/08 10:01:52 AM
longitude= , 
latitude= , 
gpstime= , 
comm= 
memory slot= 0, 0
factors= 
data= 
346.4 468.20 103.19 22.04
347.9 473.76 107.93 22.78
349.5 521.04 104.83 20.12
351.1 558.48 109.82 19.66
352.6 585.06 105.00 17.95
354.2 625.05 123.05 19.69
355.7 673.50 122.58 18.20
357.3 724.71 127.60 17.61
358.8 751.43 113.24 15.07
360.4 798.47 118.19 14.80
361.9 821.87 125.37 15.25
363.5 851.78 124.65 14.63
365.1 887.68 116.51 13.13
366.6 918.37 127.05 13.83
368.2 973.68 126.24 12.97
369.7 1008.89 114.93 11.39
371.3 1073.36 118.53 11.04
372.8 1148.72 123.50 10.75
374.4 1191.49 130.83 10.98
375.9 1247.87 123.13 9.87
377.4 1278.23 126.20 9.87
379.0 1330.29 120.94 9.09
380.5 1360.26 123.10 9.05
382.1 1412.49 124.11 8.79
383.6 1460.03 117.94 8.08
385.2 1529.00 116.60 7.63
386.7 1608.26 119.13 7.41
388.3 1679.42 129.35 7.70
389.8 1759.55 130.66 7.43
391.3 1843.67 131.45 7.13
392.9 1897.62 136.56 7.20
394.4 1955.58 136.51 6.98
395.9 2019.02 145.70 7.22
397.5 2131.80 151.16 7.09
399.0 2240.25 154.50 6.90
400.6 2303.62 148.29 6.44
402.1 2342.64 131.06 5.59
403.6 2375.92 133.30 5.61
405.1 2451.81 127.96 5.22
406.7 2542.40 134.40 5.29
408.2 2650.73 136.32 5.14
409.7 2746.24 133.50 4.86
411.3 2843.51 141.37 4.97
412.8 2936.43 143.15 4.87
414.3 3034.90 148.81 4.90
415.8 3152.50 155.00 4.92
417.4 3253.58 162.93 5.01
418.9 3339.60 157.87 4.73
420.4 3424.70 169.49 4.95
421.9 3487.22 164.56 4.72
423.5 3546.87 158.78 4.48
425.0 3613.98 162.72 4.50
426.5 3695.85 157.38 4.26
428.0 3801.23 153.53 4.04
429.5 3926.30 153.26 3.90
431.1 4071.24 159.44 3.92
432.6 4225.66 159.18 3.77
434.1 4373.60 167.86 3.84
435.6 4514.36 162.54 3.60
437.1 4642.95 175.50 3.78
438.6 4769.06 176.06 3.69
440.1 4906.69 180.80 3.68
441.6 5042.30 185.03 3.67
443.1 5179.95 188.73 3.64
444.7 5318.34 183.31 3.45
446.2 5433.01 196.19 3.61
447.7 5551.25 200.22 3.61
449.2 5676.48 204.77 3.61
450.7 5788.64 200.51 3.46
452.2 5916.62 198.07 3.35
453.7 6028.91 201.90 3.35
455.2 6201.73 196.73 3.17
456.7 6390.56 200.64 3.14
458.2 6607.30 207.60 3.14
459.7 6823.25 211.40 3.10
461.2 7031.76 216.74 3.08
462.7 7219.07 220.53 3.05
464.2 7396.86 226.19 3.06
465.7 7583.22 234.31 3.09
467.2 7742.35 236.39 3.05
468.7 7912.00 244.00 3.08
470.2 8015.91 254.00 3.17
471.7 8177.13 260.30 3.18
473.2 8446.52 261.42 3.10
474.6 8688.33 263.30 3.03
476.1 8747.12 251.86 2.88
477.6 8779.39 255.26 2.91
479.1 8829.54 247.26 2.80
480.6 8916.06 247.61 2.78
482.1 9046.91 250.98 2.77
483.6 9204.08 252.82 2.75
485.1 9394.00 254.31 2.71
486.6 9626.34 254.37 2.64
488.0 9867.00 258.70 2.62
489.5 10130.90 262.92 2.60
491.0 10387.73 267.03 2.57
492.5 10649.88 272.81 2.56
494.0 10928.34 275.33 2.52
495.4 11158.95 284.46 2.55
496.9 11406.10 281.90 2.47
498.4 11649.48 288.40 2.48
499.9 11878.23 299.53 2.52
501.4 12101.58 300.14 2.48
502.8 12308.24 305.58 2.48
504.3 12497.40 307.44 2.46
505.8 12681.02 317.99 2.51
507.2 12808.72 315.55 2.46
508.7 12896.48 317.05 2.46
510.2 12964.78 320.78 2.47
511.6 13008.39 316.68 2.43
513.1 13093.74 313.41 2.39
514.6 13195.49 320.02 2.43
516.0 13281.41 322.28 2.43
517.5 13429.99 320.40 2.39
519.0 13603.01 319.68 2.35
520.5 13772.72 320.78 2.33
521.9 13993.28 326.37 2.33
523.4 14243.35 327.93 2.30
524.8 14493.24 336.02 2.32
526.3 14778.04 339.09 2.29
527.8 15074.01 350.81 2.33
529.2 15339.71 351.53 2.29
530.7 15629.94 364.18 2.33
532.1 15903.48 367.08 2.31
533.6 16214.37 371.54 2.29
535.0 16534.98 383.92 2.32
536.5 16856.03 390.34 2.32
538.0 17178.24 402.59 2.34
539.4 17501.02 411.88 2.35
540.9 17879.62 425.07 2.38
542.3 18237.67 429.79 2.36
543.8 18504.51 441.43 2.39
545.2 18600.74 444.43 2.39
546.6 18637.00 443.33 2.38
548.1 18690.38 446.29 2.39
549.5 18745.60 450.15 2.40
551.0 18790.92 451.53 2.40
552.4 18868.34 459.27 2.43
553.9 18922.09 463.25 2.45
555.3 18999.63 469.64 2.47
556.8 19143.87 475.41 2.48
558.2 19276.31 487.35 2.53
559.6 19441.66 493.77 2.54
561.1 19660.88 508.30 2.59
562.5 19883.82 523.70 2.63
564.0 20177.05 544.61 2.70
565.4 20444.07 569.87 2.79
566.8 20774.24 599.11 2.88
568.3 21077.79 623.97 2.96
569.7 21403.31 656.42 3.07
571.1 21706.83 695.87 3.21
572.6 22010.94 732.24 3.33
574.0 22299.75 775.50 3.48
575.4 22570.31 824.85 3.65
576.9 22820.49 884.27 3.87
578.3 23040.88 942.37 4.09
579.7 23243.15 1004.67 4.32
581.1 23410.31 1070.61 4.57
582.6 23592.46 1147.97 4.87
584.0 23735.52 1226.21 5.17
585.4 23971.18 1318.97 5.50
586.8 24286.87 1422.61 5.86
588.3 24642.54 1528.49 6.20
589.7 24935.04 1639.87 6.58
591.1 25126.37 1750.01 6.96
592.5 25213.30 1856.16 7.36
594.0 25248.06 1958.93 7.76
595.4 25246.58 2060.54 8.16
596.8 25248.80 2176.75 8.62
598.2 25256.70 2284.71 9.05
599.6 25254.00 2402.86 9.51
601.0 25321.45 2529.51 9.99
602.4 25392.58 2655.19 10.46
603.9 25508.50 2784.98 10.92
605.3 25652.08 2917.76 11.37
606.7 25770.60 3044.88 11.82
608.1 26003.60 3190.95 12.27
609.5 26249.20 3335.95 12.71
610.9 26543.12 3488.83 13.14
612.3 26820.62 3642.70 13.58
613.7 27191.20 3798.24 13.97
615.1 27470.34 3941.14 14.35
616.5 27748.85 4091.47 14.74
617.9 28163.94 4260.09 15.13
619.3 28559.37 4438.79 15.54
620.7 29021.55 4630.53 15.96
622.1 29524.34 4770.71 16.16
623.5 30070.32 4883.88 16.24
624.9 30686.25 5006.09 16.31
626.3 31117.56 5117.13 16.44
627.7 30854.43 5171.09 16.76
629.1 30617.27 5253.23 17.16
630.5 30534.25 5381.25 17.62
631.9 30583.88 5523.63 18.06
633.3 30636.73 5652.32 18.45
634.7 30802.72 5793.32 18.81
636.1 30887.16 5875.90 19.02
637.5 30991.21 5944.75 19.18
638.9 31137.59 6012.78 19.31
640.2 31275.86 6049.34 19.34
641.6 31334.94 6069.96 19.37
643.0 31307.82 6062.69 19.36
644.4 31297.86 6056.48 19.35
645.8 31223.60 6017.49 19.27
647.2 31327.01 6053.48 19.32
648.5 31378.61 6074.22 19.36
649.9 31215.99 6073.86 19.46
651.3 31061.55 6091.44 19.61
652.7 30880.50 6071.04 19.66
654.1 30705.72 5881.37 19.15
655.5 30448.41 5638.47 18.52
656.8 30219.54 5414.11 17.92
658.2 30347.48 5257.30 17.32
659.6 30667.01 5143.61 16.77
660.9 30915.41 5026.01 16.26
662.3 31175.28 4897.03 15.71
663.7 31418.10 4758.60 15.15
665.0 31622.76 4610.66 14.58
666.4 31821.65 4489.31 14.11
667.8 32088.83 4381.26 13.65
669.1 32304.87 4292.05 13.29
670.5 32567.66 4223.89 12.97
671.9 32723.64 4177.10 12.76
673.2 32957.22 4161.17 12.63
674.6 33165.65 4156.03 12.53
676.0 33416.99 4205.52 12.58
677.3 33670.84 4281.34 12.72
678.7 33959.63 4407.25 12.98
680.0 34360.72 4607.99 13.41
681.4 34770.40 4877.61 14.03
682.8 35166.95 5257.07 14.95
684.1 35575.02 5760.14 16.19
685.5 35948.61 6374.31 17.73
686.8 36307.14 7107.43 19.58
688.2 36654.12 7938.93 21.66
689.5 36792.82 8827.04 23.99
690.9 36894.22 9778.46 26.50
692.2 37000.50 10758.96 29.08
693.6 37086.31 11760.41 31.71
694.9 37102.94 12723.50 34.29
696.2 37172.03 13664.07 36.76
697.6 37238.58 14541.18 39.05
698.9 37321.68 15408.10 41.28
700.3 37412.04 16226.12 43.37
701.6 37521.51 16995.48 45.30
703.0 37648.39 17697.86 47.01
704.3 37727.46 18291.07 48.48
705.6 37779.39 18860.40 49.92
707.0 37853.11 19392.29 51.23
708.3 37804.36 19801.20 52.38
709.6 37779.31 20189.49 53.44
711.0 37700.05 20501.66 54.38
712.3 37603.29 20785.93 55.28
713.6 37599.66 21088.03 56.09
714.9 37564.50 21350.15 56.84
716.3 37606.65 21621.14 57.49
717.6 37655.10 21901.96 58.16
718.9 37643.31 22072.41 58.64
720.2 37519.65 22147.58 59.03
721.6 37437.79 22249.19 59.43
722.9 37295.06 22337.44 59.89
724.2 37099.21 22370.88 60.30
725.5 36957.59 22428.48 60.69
726.8 36833.83 22441.33 60.93
728.1 36764.75 22463.93 61.10
729.5 36694.32 22496.04 61.31
730.8 36660.60 22532.91 61.46
732.1 36590.42 22551.54 61.63
733.4 36549.03 22578.78 61.78
734.7 36509.02 22582.63 61.85
736.0 36510.50 22620.52 61.96
737.3 36452.29 22647.23 62.13
738.6 36538.42 22751.53 62.27
739.9 36706.85 22925.02 62.45
741.2 36841.35 23045.57 62.55
742.5 37078.82 23245.89 62.69
743.8 37494.19 23572.40 62.87
745.1 38118.44 24028.33 63.04
746.4 38876.11 24516.86 63.06
747.7 39639.96 24988.19 63.04
749.0 40400.48 25425.04 62.93
750.3 40850.46 25621.68 62.72
751.6 40764.46 25549.73 62.68
752.9 40356.61 25360.63 62.84
754.2 39863.99 25135.11 63.05
755.4 39350.05 24879.10 63.23
756.7 39155.03 24829.27 63.41
758.0 39142.09 24898.08 63.61
759.3 39351.46 25110.88 63.81
760.6 39645.76 25396.45 64.06
761.9 39928.94 25653.28 64.25
763.1 40078.15 25790.46 64.35
764.4 40287.45 25936.41 64.38
765.7 40433.25 26070.20 64.48
767.0 40515.07 26143.91 64.53
768.2 40595.52 26236.22 64.63
769.5 40644.33 26303.81 64.72
770.8 40787.04 26418.25 64.77
772.0 40799.41 26440.03 64.80
773.3 40833.29 26513.68 64.93
774.6 40907.98 26588.90 65.00
775.8 40955.53 26624.46 65.01
777.1 40964.33 26626.63 65.00
778.4 40867.87 26572.82 65.02
779.6 40816.98 26579.38 65.12
780.9 40688.00 26556.80 65.27
782.1 40484.72 26479.40 65.41
783.4 40464.32 26460.93 65.39
784.6 40463.12 26472.66 65.42
785.9 40670.74 26710.05 65.67
787.1 41171.80 27092.60 65.80
788.4 41528.97 27266.81 65.66
789.6 41482.13 27064.54 65.24
790.9 41134.16 26700.24 64.91
792.1 40655.28 26433.98 65.02
793.4 40180.32 26157.47 65.10
794.6 39846.60 25957.75 65.14
795.8 39587.54 25787.29 65.14
797.1 39290.10 25627.32 65.23
798.3 39054.26 25535.24 65.38
799.5 38943.25 25458.06 65.37
800.8 38778.22 25377.51 65.44
802.0 38618.88 25266.80 65.43
803.2 38465.20 25152.90 65.39
804.5 38332.71 25085.40 65.44
805.7 38219.65 24956.96 65.30
806.9 38073.35 24878.45 65.34
808.1 37984.05 24840.71 65.40
809.4 37906.28 24801.98 65.43
810.6 37824.15 24766.56 65.48
811.8 37796.29 24795.75 65.60
813.0 37827.58 24812.31 65.59
814.2 37840.50 24853.98 65.68
815.4 37955.24 24902.62 65.61
816.6 38027.91 24923.04 65.54
817.9 38102.35 24901.76 65.35
819.1 38072.96 24838.05 65.24
820.3 37949.69 24746.41 65.21
821.5 37894.61 24654.53 65.06
822.7 37866.54 24626.62 65.04
823.9 37906.28 24610.47 64.92
825.1 37943.15 24584.25 64.79
826.3 38020.73 24576.74 64.64
827.5 38108.05 24587.42 64.52
828.7 38176.32 24551.04 64.31
829.9 38262.68 24541.52 64.14
831.0 38386.63 24590.60 64.06
832.2 38533.16 24628.68 63.92
833.4 38634.36 24663.83 63.84
834.6 38746.88 24725.63 63.81
835.8 38872.58 24764.67 63.71
837.0 39026.76 24869.19 63.72
838.1 39200.00 24977.77 63.72
839.3 39334.99 25059.07 63.71
840.5 39499.16 25158.78 63.69
841.7 39675.29 25314.66 63.80
842.9 39834.34 25461.92 63.92
844.0 40002.80 25570.86 63.92
845.2 40188.33 25696.56 63.94
846.4 40315.24 25768.66 63.92
847.5 40575.08 25945.19 63.94
848.7 40794.29 26074.19 63.92
849.9 41043.27 26179.26 63.78
851.0 41176.72 26187.28 63.60
852.2 41283.01 26205.79 63.48
853.3 41336.03 26180.28 63.34
854.5 41385.60 26206.09 63.32
855.6 41408.01 26194.32 63.26
856.8 41491.09 26245.08 63.25
857.9 41535.42 26269.18 63.25
859.1 41657.80 26369.84 63.30
860.2 41711.76 26386.05 63.26
861.4 41789.90 26420.03 63.22
862.5 41857.52 26468.00 63.23
863.7 41978.22 26495.31 63.12
864.8 42001.40 26538.82 63.19
865.9 42003.19 26536.57 63.18
867.1 42077.89 26562.82 63.13
868.2 42118.25 26552.99 63.04
869.3 42153.63 26526.80 62.93
870.5 42092.46 26478.56 62.91
871.6 42122.53 26486.97 62.88
872.7 42223.14 26549.52 62.88
873.9 42262.83 26515.22 62.74
875.0 42247.20 26489.48 62.70
876.1 42225.11 26481.20 62.71
877.2 42279.84 26448.79 62.56
878.3 42302.12 26408.75 62.43
879.4 42284.06 26394.86 62.42
880.5 42343.92 26353.58 62.24
881.7 42326.05 26286.26 62.10
882.8 42351.34 26261.97 62.01
883.9 42430.09 26209.45 61.77
885.0 42357.32 26102.90 61.63
886.1 42357.47 26022.91 61.44
887.2 42241.92 25837.26 61.16
888.3 42147.85 25696.97 60.97
889.4 42045.32 25574.49 60.83
890.5 41945.29 25491.35 60.77
891.6 41864.40 25443.45 60.78
892.7 41844.69 25325.76 60.52
893.8 41881.85 25350.78 60.53
894.9 41879.31 25315.66 60.45
896.0 41812.69 25212.43 60.30
897.0 41850.92 25171.49 60.15
898.1 41821.61 25150.55 60.14
899.2 41852.54 25083.50 59.93
900.3 41747.94 24992.42 59.87
901.4 41622.41 24865.97 59.74
902.4 41658.53 24856.86 59.67
903.5 41604.82 24795.56 59.60
904.6 41550.72 24770.03 59.61
905.7 41565.54 24682.18 59.38
906.7 41536.49 24615.50 59.26
907.8 41558.34 24592.15 59.18
908.9 41493.73 24484.21 59.01
909.9 41451.58 24382.82 58.82
911.0 41358.23 24314.75 58.79
912.1 41297.17 24205.90 58.61
913.1 41189.72 24095.34 58.50
914.2 41099.85 23937.19 58.24
915.2 41068.89 23892.08 58.18
916.3 41034.15 23814.48 58.04
917.3 40975.74 23720.67 57.89
918.4 40862.80 23532.74 57.59
919.4 40836.29 23438.08 57.40
920.5 40782.84 23341.67 57.23
921.5 40833.45 23250.56 56.94
922.6 40729.18 23087.24 56.68
923.6 40739.49 22987.80 56.43
924.7 40774.75 22901.80 56.17
925.7 40746.72 22814.69 55.99
926.7 40808.40 22685.96 55.59
927.8 40839.01 22524.07 55.15
928.8 40966.59 22465.04 54.84
929.9 41048.46 22374.86 54.51
930.9 41217.18 22350.90 54.23
931.9 41378.61 22368.44 54.06
932.9 41679.25 22399.54 53.74
934.0 41702.58 22235.13 53.32
935.0 41757.18 22099.26 52.92
936.0 41670.71 21970.11 52.72
937.0 41632.50 21824.95 52.42
938.1 41580.55 21644.34 52.05
939.1 41508.45 21578.62 51.99
940.1 41591.64 21434.38 51.54
941.1 41779.29 21371.90 51.15
942.1 41991.60 21360.73 50.87
943.1 42156.63 21276.16 50.47
944.1 42391.18 21276.59 50.19
945.2 42445.20 21113.23 49.74
946.2 42493.04 20976.08 49.36
947.2 42572.63 20843.60 48.96
948.2 42750.54 20787.86 48.63
949.2 42846.38 20613.78 48.11
950.2 42880.60 20434.32 47.65
951.2 42968.52 20294.74 47.23
952.2 43001.40 20123.49 46.80
953.2 43164.71 20010.45 46.36
954.2 43310.48 19923.12 46.00
955.2 43368.34 19768.47 45.58
956.2 43301.73 19625.11 45.32
957.2 43392.87 19470.91 44.87
958.2 43492.10 19412.45 44.63
959.2 43506.45 19340.64 44.45
960.1 43588.22 19239.41 44.14
961.1 43692.83 19183.07 43.90
962.1 43658.44 19216.13 44.01
963.1 43782.00 19132.73 43.70
964.1 43817.42 19148.17 43.70
965.1 43908.74 19174.83 43.67
966.1 44007.38 19184.62 43.59
967.0 44141.86 19113.30 43.30
968.0 44131.86 19099.56 43.28
969.0 44255.20 19080.24 43.11
970.0 44255.36 19105.96 43.17
971.0 44316.83 19130.29 43.17
971.9 44400.90 19064.05 42.94
972.9 44577.14 19050.40 42.74
973.9 44494.78 19071.39 42.86
974.9 44573.29 19014.35 42.66
975.8 44702.44 18936.80 42.36
976.8 44666.28 18850.43 42.20
977.8 44950.93 18834.15 41.90
978.8 44877.90 18877.32 42.06
979.7 45104.10 18892.38 41.89
980.7 45212.81 18912.23 41.83
981.7 45433.99 19095.32 42.03
982.6 45657.51 19242.41 42.15
983.6 46147.45 19359.42 41.95
984.6 46551.05 19562.31 42.02
985.5 47031.84 19720.37 41.93
986.5 47664.14 20235.52 42.45
987.5 48852.12 20347.41 41.65
988.4 49722.20 20913.20 42.06
989.4 51183.38 21122.51 41.27
990.4 52549.20 21661.95 41.22
991.3 54023.93 21950.42 40.63
992.3 54777.10 22849.88 41.71
993.2 55874.36 22529.26 40.32
994.2 57686.85 23074.74 40.00
995.2 57633.14 23612.80 40.97
996.1 59292.71 23594.83 39.79
997.1 59931.56 24493.77 40.87
998.0 60640.20 23296.80 38.42
999.0 59258.53 22980.75 38.78
1000.0 60377.42 23100.92 38.26
1000.9 59810.48 22192.84 37.11
1001.9 59598.95 22866.53 38.37
1002.8 60212.52 22914.21 38.06
1003.8 59788.51 22868.02 38.25
1004.8 59326.80 22818.00 38.46
961.5 55398.21 22043.27 39.79
965.5 54418.85 21921.07 40.28
969.5 52458.23 21589.08 41.15
973.4 50487.36 21006.35 41.61
977.4 48611.32 20466.37 42.10
981.4 47578.80 20106.68 42.26
985.3 47203.20 19956.46 42.28
989.3 47137.31 19973.77 42.37
993.3 47133.16 20048.33 42.54
997.2 47029.21 20106.21 42.75
1001.2 46955.35 20222.15 43.07
1005.2 46914.32 20456.09 43.60
1009.1 47038.13 20790.30 44.20
1013.1 47236.75 21163.70 44.80
1017.1 47375.30 21540.01 45.47
1021.0 47429.61 21839.27 46.05
1025.0 47461.87 22105.98 46.58
1029.0 47354.18 22336.88 47.17
1032.9 47271.77 22577.88 47.76
1036.9 47308.70 22876.95 48.36
1040.9 47476.08 23249.94 48.97
1044.8 47747.63 23661.57 49.56
1048.8 47970.59 24019.68 50.07
1052.7 48104.60 24312.74 50.54
1056.7 48183.46 24525.62 50.90
1060.7 48250.82 24689.95 51.17
1064.6 48272.17 24801.65 51.38
1068.6 48190.54 24816.60 51.50
1072.5 48116.11 24799.16 51.54
1076.5 48076.67 24766.37 51.51
1080.4 48048.88 24684.16 51.37
1084.4 48150.59 24601.77 51.09
1088.3 48279.53 24493.15 50.73
1092.3 48252.92 24299.97 50.36
1096.2 48221.83 24092.19 49.96
1100.2 48245.69 23899.45 49.54
1104.1 48124.97 23626.47 49.09
1108.1 48059.38 23366.80 48.62
1112.0 47955.87 23068.80 48.10
1116.0 47754.46 22667.91 47.47
1119.9 47569.76 22219.78 46.71
1123.9 47623.80 21777.50 45.73
1127.8 47592.96 21135.36 44.41
1131.8 47556.42 20311.11 42.71
1135.7 47568.82 19341.92 40.66
1139.6 47554.30 18291.58 38.46
1143.6 47510.71 17302.66 36.42
1147.5 47481.98 16479.31 34.71
1151.4 47337.52 15808.86 33.40
1155.4 47322.86 15377.82 32.50
1159.3 47329.81 15107.58 31.92
1163.2 47159.49 14878.31 31.55
1167.2 47113.86 14733.48 31.27
1171.1 47117.13 14627.03 31.04
1175.0 47022.16 14514.39 30.87
1179.0 46962.63 14418.53 30.70
1182.9 47045.30 14363.25 30.53
1186.8 47019.62 14274.56 30.36
1190.7 46784.64 14125.90 30.19
1194.7 46508.35 13991.45 30.08
1198.6 46264.68 13908.51 30.06
1202.5 46100.54 13878.17 30.10
1206.4 45962.62 13858.58 30.15
1210.3 45829.98 13880.02 30.29
1214.2 45707.13 13923.31 30.46
1218.2 45554.16 13948.20 30.62
1222.1 45384.95 14010.45 30.87
1226.0 45257.55 14075.04 31.10
1229.9 45156.00 14128.74 31.29
1233.8 45033.17 14183.43 31.50
1237.7 44950.68 14232.63 31.66
1241.6 44841.64 14275.42 31.84
1245.5 44683.61 14292.35 31.99
1249.4 44538.65 14289.15 32.08
1253.3 44401.40 14298.70 32.20
1257.2 44324.52 14326.52 32.32
1261.1 44209.48 14320.48 32.39
1265.0 44086.55 14290.90 32.42
1268.9 43910.05 14221.63 32.39
1272.8 43969.80 14204.40 32.30
1276.7 44155.69 14210.08 32.18
1280.6 44249.88 14166.98 32.02
1284.5 44188.89 14044.03 31.78
1288.4 44167.03 13907.22 31.49
1292.3 44060.50 13719.75 31.14
1296.2 43934.23 13491.29 30.71
1300.1 43787.98 13226.64 30.21
1303.9 43564.57 12916.34 29.65
1307.8 43339.22 12573.76 29.01
1311.7 43109.06 12206.20 28.31
1315.6 42877.90 11825.64 27.58
1319.5 42633.84 11414.33 26.77
1323.3 42417.44 11000.47 25.93
1327.2 42218.70 10599.01 25.11
1331.1 42002.86 10181.31 24.24
1335.0 41739.72 9757.69 23.38
1338.8 41543.11 9377.63 22.57
1342.7 41389.31 9039.10 21.84
1346.5 41042.00 8676.54 21.14
1350.4 40741.74 8341.84 20.47
1354.3 40332.24 8006.40 19.85
1358.1 39895.31 7688.09 19.27
1362.0 39644.33 7407.04 18.68
1365.8 39567.12 7137.42 18.04
1369.7 39683.68 6871.62 17.32
1373.5 39615.26 6496.87 16.40
1377.4 39354.79 5998.72 15.24
1381.2 39167.92 5436.26 13.88
1385.1 39160.09 4883.42 12.47
1389.0 39060.88 4338.40 11.11
1392.8 38834.72 3806.68 9.80
1396.6 38680.88 3340.66 8.64
1400.5 38476.57 2947.32 7.66
1404.3 38299.58 2647.87 6.91
1408.2 38263.03 2419.49 6.32
1412.0 38218.70 2244.46 5.87
1415.8 38249.29 2117.27 5.54
1419.6 38208.11 2014.32 5.27
1423.5 38172.20 1938.17 5.08
1427.3 38125.77 1886.77 4.95
1431.1 38099.78 1846.05 4.85
1434.9 38010.73 1815.78 4.78
1438.8 37949.80 1791.81 4.72
1442.6 37913.52 1779.47 4.69
1446.4 37795.09 1761.02 4.66
1450.2 37700.99 1748.78 4.64
1454.0 37583.52 1746.48 4.65
1457.8 37547.69 1752.48 4.67
1461.6 37527.24 1766.95 4.71
1465.4 37404.28 1785.17 4.77
1469.2 37216.73 1801.80 4.84
1473.0 37080.95 1830.71 4.94
1476.8 37019.78 1888.46 5.10
1480.7 36949.43 1943.99 5.26
1484.4 36826.56 2010.96 5.46
1488.2 36723.96 2088.48 5.69
1492.0 36584.11 2171.67 5.94
1495.8 36452.33 2249.98 6.17
1499.6 36350.05 2310.91 6.36
1503.4 36216.75 2354.35 6.50
1507.2 36087.28 2384.19 6.61
1510.9 35929.91 2399.23 6.68
1514.7 35749.31 2423.88 6.78
1518.5 35615.65 2483.22 6.97
1522.3 35466.30 2546.68 7.18
1526.0 35355.47 2604.81 7.37
1529.8 35294.61 2673.73 7.58
1533.6 35159.29 2741.33 7.80
1537.3 35020.99 2809.17 8.02
1541.1 34889.16 2869.18 8.22
1544.8 34754.40 2930.40 8.43
1548.6 34607.98 2997.79 8.66
1552.4 34514.76 3057.51 8.86
1556.1 34455.77 3118.54 9.05
1559.9 34373.05 3169.66 9.22
1563.6 34243.93 3220.37 9.40
1567.3 34122.03 3286.25 9.63
1571.1 33904.82 3343.20 9.86
1574.8 33749.79 3411.02 10.11
1578.6 33637.37 3464.99 10.30
1582.3 33496.17 3507.05 10.47
1586.0 33359.51 3538.89 10.61
1589.8 33217.24 3568.10 10.74
1593.5 33051.52 3595.79 10.88
1597.2 32917.71 3630.31 11.03
1600.9 32767.31 3664.58 11.18
1604.7 32613.52 3695.81 11.33
1608.4 32493.03 3734.11 11.49
1612.1 32320.35 3760.70 11.64
1615.8 32161.00 3787.04 11.78
1619.5 32072.28 3827.08 11.93
1623.2 31915.49 3843.09 12.04
1626.9 31725.78 3863.09 12.18
1630.6 31537.44 3891.36 12.34
1634.3 31397.73 3907.49 12.45
1638.0 31241.74 3917.88 12.54
1641.7 31050.65 3910.46 12.59
1645.4 30870.63 3902.22 12.64
1649.1 30683.95 3890.55 12.68
1652.8 30504.58 3878.78 12.72
1656.4 30322.32 3867.32 12.75
1660.1 30158.02 3854.78 12.78
1663.8 29966.42 3839.37 12.81
1667.5 29809.99 3821.43 12.82
1671.1 29676.54 3805.34 12.82
1674.8 29472.79 3779.46 12.82
1678.5 29413.48 3760.23 12.78
1682.1 29419.35 3745.60 12.73
1685.8 29417.21 3731.86 12.69
1689.5 29310.65 3698.10 12.62
1693.1 29167.59 3656.91 12.54
1696.8 29020.13 3614.75 12.46
1700.4 28874.60 3568.24 12.36
1704.0 28754.23 3511.46 12.21
1707.7 28493.62 3438.72 12.07
1711.3 28200.13 3364.26 11.93
1715.0 27991.44 3292.41 11.76
1718.6 27822.35 3229.81 11.61
1722.2 27677.55 3173.74 11.47
1725.9 27527.50 3112.77 11.31
1729.5 27386.37 3057.89 11.17
1733.1 27262.24 3025.14 11.10
1736.7 27144.69 2996.35 11.04
1740.3 26982.07 2955.43 10.95
1744.0 26899.89 2911.14 10.82
1747.5 26760.07 2852.46 10.66
1751.2 26551.35 2792.74 10.52
1754.8 26397.18 2730.83 10.35
1758.4 26262.14 2679.62 10.20
1762.0 26085.49 2635.07 10.10
1765.5 25956.49 2594.45 10.00
1769.1 25915.20 2565.60 9.90
1772.7 25841.75 2542.05 9.84
1776.3 25724.16 2509.08 9.75
1779.9 25608.69 2478.97 9.68
1783.5 25553.92 2465.12 9.65
1787.0 25434.82 2441.52 9.60
1790.6 25293.30 2415.58 9.55
1794.2 25193.03 2402.23 9.54
1797.8 25095.48 2394.08 9.54
1801.3 25012.46 2388.32 9.55
1804.9 24871.88 2383.50 9.58
1808.4 24792.34 2380.75 9.60
1812.0 24660.35 2367.48 9.60
1815.5 24519.60 2360.22 9.63
1819.1 24324.68 2338.97 9.62
1822.6 24164.48 2317.46 9.59
1826.2 24042.90 2307.70 9.60
1829.7 23859.90 2284.52 9.57
1833.2 23612.46 2253.51 9.54
1836.8 23400.20 2219.95 9.49
1840.3 23257.80 2191.10 9.42
1843.8 23131.92 2167.76 9.37
1847.3 23013.03 2149.45 9.34
1850.8 22865.47 2120.83 9.28
1854.3 22692.74 2062.98 9.09
1857.8 22594.00 1976.00 8.75
1861.3 22615.25 1883.61 8.33
1864.8 22605.64 1773.91 7.85
1868.3 22468.36 1615.90 7.19
1871.8 22341.12 1443.84 6.46
1875.3 22323.21 1284.01 5.75
1878.8 22320.32 1160.10 5.20
1882.3 22237.89 1065.29 4.79
1885.8 22045.10 963.72 4.37
1889.3 21861.76 900.83 4.12
1892.7 21710.01 867.69 4.00
1896.2 21503.16 800.70 3.72
1899.7 21232.37 786.38 3.70
1903.1 21059.81 814.97 3.87
1906.6 21101.81 850.49 4.03
1910.0 21348.35 938.16 4.39
1913.5 21771.66 1141.48 5.24
1917.0 22339.63 1513.93 6.78
1920.4 22881.38 1710.33 7.47
1923.8 23136.14 1950.59 8.43
1871.2 20260.60 938.63 4.63
1873.9 20445.79 912.76 4.46
1876.7 20658.97 758.86 3.67
1879.5 20770.50 643.17 3.10
1882.3 20488.21 604.45 2.95
1885.1 20498.36 543.06 2.65
1887.8 20542.45 478.31 2.33
1890.6 20318.11 483.39 2.38
1893.4 20320.67 396.00 1.95
1896.2 20203.65 364.46 1.80
1898.9 20201.38 423.94 2.10
1901.7 20074.51 376.21 1.87
1904.5 20223.67 327.98 1.62
1907.2 20168.50 327.75 1.63
1910.0 20030.00 315.60 1.58
1912.7 20048.69 296.25 1.48
1915.5 19979.54 316.12 1.58
1918.2 19877.64 332.79 1.67
1921.0 19705.09 326.64 1.66
1923.7 19733.20 343.51 1.74
1926.5 19715.86 335.44 1.70
1929.2 19701.76 320.67 1.63
1932.0 19674.16 331.80 1.69
1934.7 19635.47 343.93 1.75
1937.4 19518.79 322.57 1.65
1940.2 19475.71 334.99 1.72
1942.9 19573.26 350.18 1.79
1945.6 19572.62 326.16 1.67
1948.3 19494.00 324.90 1.67
1951.1 19465.67 325.08 1.67
1953.8 19476.00 333.00 1.71
1956.5 19368.67 338.44 1.75
1959.2 19423.04 337.87 1.74
1961.9 19438.54 360.58 1.85
1964.6 19331.55 357.00 1.85
1967.3 19375.30 338.20 1.75
1970.0 19228.16 361.12 1.88
1972.8 19159.08 370.65 1.93
1975.5 19219.42 368.76 1.92
1978.2 19120.16 370.84 1.94
1980.9 19002.89 381.87 2.01
1983.5 18950.70 386.81 2.04
1986.2 18944.10 357.93 1.89
1988.9 18909.18 401.58 2.12
1991.6 18787.78 420.02 2.24
1994.3 18678.85 392.81 2.10
1997.0 18669.58 418.08 2.24
1999.7 18631.37 413.52 2.22
2002.3 18617.79 414.24 2.22
2005.0 18540.12 445.88 2.40
2007.7 18469.93 430.00 2.33
2010.4 18400.48 416.83 2.27
2013.0 18316.11 432.44 2.36
2015.7 18226.45 440.46 2.42
2018.4 18129.14 436.85 2.41
2021.0 18062.50 464.67 2.57
2023.7 17946.51 469.23 2.61
2026.4 17902.73 461.93 2.58
2029.0 17806.29 475.17 2.67
2031.7 17677.40 450.67 2.55
2034.3 17722.47 478.83 2.70
2037.0 17610.64 498.26 2.83
2039.6 17527.07 472.64 2.70
2042.3 17481.88 460.57 2.63
2044.9 17393.81 488.07 2.81
2047.5 17348.93 513.32 2.96
2050.2 17253.60 492.80 2.86
2052.8 17214.40 481.60 2.80
2055.4 17090.17 487.49 2.85
2058.1 16973.60 498.40 2.94
2060.7 16918.14 508.69 3.01
2063.3 16842.61 504.39 2.99
2065.9 16794.67 502.50 2.99
2068.6 16710.92 522.04 3.12
2071.2 16664.67 544.05 3.26
2073.8 16591.32 542.88 3.27
2076.4 16536.88 533.27 3.22
2079.0 16525.61 533.90 3.23
2081.6 16519.89 542.97 3.29
2084.2 16487.00 550.23 3.34
2086.8 16353.42 551.53 3.37
2089.4 16268.28 547.48 3.37
2092.1 16209.50 538.33 3.32
2094.7 16113.80 556.53 3.45
2097.2 16087.67 563.83 3.50
2099.8 16089.36 583.57 3.63
2102.4 15953.94 577.20 3.62
2105.0 15826.05 552.90 3.49
2107.6 15774.07 569.67 3.61
2110.2 15742.83 571.18 3.63
2112.8 15734.02 589.85 3.75
2115.3 15735.22 594.65 3.78
2117.9 15738.64 600.65 3.82
2120.5 15682.70 615.07 3.92
2123.1 15604.88 614.25 3.94
2125.6 15567.02 600.31 3.86
2128.2 15487.92 599.97 3.87
2130.8 15394.28 623.03 4.05
2133.3 15347.20 613.07 3.99
2135.9 15264.31 608.93 3.99
2138.4 15119.35 618.80 4.09
2141.0 15032.51 614.11 4.09
2143.6 14998.41 615.65 4.10
2146.1 14847.40 617.05 4.16
2148.7 14686.27 622.57 4.24
2151.2 14704.80 624.80 4.25
2153.8 14713.72 644.59 4.38
2156.3 14589.47 646.78 4.43
2158.8 14533.35 629.06 4.33
2161.4 14517.59 648.63 4.47
2163.9 14426.20 639.79 4.43
2166.4 14354.62 620.90 4.33
2169.0 14310.27 620.90 4.34
2171.5 14227.48 641.60 4.51
2174.0 14143.15 645.58 4.56
2176.5 14124.76 633.88 4.49
2179.1 14082.55 647.51 4.60
2181.6 13967.33 635.71 4.55
2184.1 13937.00 628.32 4.51
2186.6 13993.83 662.19 4.73
2189.1 13896.09 651.63 4.69
2191.6 13840.87 643.53 4.65
2194.1 13877.92 647.73 4.67
2196.6 13844.81 655.56 4.74
2199.2 13897.52 655.81 4.72
2201.7 13871.80 651.86 4.70
2204.1 13802.39 645.04 4.67
2206.6 13786.08 656.48 4.76
2209.1 13743.34 700.23 5.10
2211.6 13738.26 669.97 4.88
2214.1 13693.60 634.88 4.64
2216.6 13643.61 638.12 4.68
2219.1 13655.01 638.12 4.67
2221.6 13597.41 635.71 4.68
2224.0 13563.60 640.08 4.72
2226.5 13534.39 639.24 4.72
2229.0 13551.73 650.94 4.80
2231.5 13416.49 624.29 4.65
2233.9 13376.81 611.89 4.57
2236.4 13409.64 617.60 4.61
2238.9 13341.63 600.63 4.50
2241.3 13300.17 598.55 4.50
2243.8 13261.31 610.21 4.60
2246.2 13153.53 585.38 4.45
2248.7 13089.53 566.93 4.33
2251.2 13067.33 557.28 4.26
2253.6 13017.60 549.12 4.22
2256.1 12979.20 518.40 3.99
2258.5 12980.99 526.31 4.05
2260.9 12912.45 517.73 4.01
2263.4 12850.74 495.15 3.85
2265.8 12840.17 511.61 3.98
2268.3 12768.77 488.74 3.83
2270.7 12812.36 464.44 3.62
2273.1 12778.22 467.87 3.66
2275.6 12710.40 495.36 3.90
2278.0 12729.12 488.10 3.83
2280.4 12680.26 484.89 3.82
2282.8 12544.20 472.34 3.77
2285.3 12570.98 431.61 3.43
2287.7 12679.54 449.08 3.54
2290.1 12579.51 446.73 3.55
2292.5 12520.09 420.64 3.36
2294.9 12538.64 410.97 3.28
2297.3 12458.25 399.46 3.21
2299.7 12334.59 390.89 3.17
2302.1 12311.40 388.91 3.16
2304.5 12214.72 376.32 3.08
2306.9 12089.28 364.56 3.02
2309.3 11994.02 364.41 3.04
2311.7 11939.85 361.10 3.02
2314.1 11791.37 342.64 2.91
2316.5 11721.50 378.24 3.23
2318.9 11765.88 362.63 3.08
2321.3 11730.50 340.70 2.90
2323.7 11744.39 379.37 3.23
2326.1 11719.24 358.67 3.06
2328.4 11761.55 349.88 2.97
2330.8 11807.83 359.92 3.05
2333.2 11712.54 358.30 3.06
2335.6 11662.03 340.44 2.92
2337.9 11681.16 342.21 2.93
2340.3 11629.38 348.46 3.00
2342.7 11548.22 317.38 2.75
2345.0 11508.47 322.75 2.80
2347.4 11492.00 314.50 2.74
2349.7 11315.65 286.20 2.53
2352.1 11286.89 308.76 2.74
2354.4 11296.02 305.18 2.70
2356.8 11214.70 306.48 2.73
2359.2 11154.00 299.00 2.68
2361.5 11109.05 274.89 2.47
2363.8 11141.66 285.46 2.56
2366.2 11165.73 304.52 2.73
2368.5 11089.40 293.70 2.65
2370.9 11067.03 281.82 2.55
2373.2 11030.32 283.29 2.57
2375.5 10914.30 285.08 2.61
2377.9 10876.18 287.18 2.64
2380.2 10876.88 284.06 2.61
2382.5 10821.23 271.11 2.51
2384.8 10769.44 255.20 2.37
2387.2 10736.28 267.24 2.49
2389.5 10704.02 264.41 2.47
2391.8 10661.73 223.41 2.10
2394.1 10613.91 263.91 2.49
2396.4 10610.47 275.79 2.60
2398.7 10654.34 219.23 2.06
2401.0 10513.07 232.42 2.21
2403.3 10428.12 214.14 2.05
2405.6 10456.51 234.92 2.25
2407.9 10375.71 245.49 2.37
2410.2 10317.44 190.51 1.85
2412.5 10224.31 213.43 2.09
2414.8 10187.84 220.81 2.17
2417.1 10204.62 232.28 2.28
2419.4 10195.97 239.66 2.35
2421.7 10103.31 241.81 2.39
2424.0 10048.90 206.05 2.05
2426.2 10074.05 192.60 1.91
2428.5 10032.46 227.15 2.26
2430.8 10006.20 207.10 2.07
2433.1 9945.94 177.01 1.78
2435.4 9886.37 184.64 1.87
2437.6 9830.42 229.40 2.33
2439.9 9708.34 196.53 2.02
2442.2 9709.99 204.78 2.11
2444.4 9752.18 241.22 2.47
2446.7 9688.56 163.52 1.69
2448.9 9658.24 183.57 1.90
2451.2 9631.36 208.60 2.17
2453.4 9564.32 174.77 1.83
2455.7 9566.46 176.37 1.84
2457.9 9468.86 170.94 1.81
2460.2 9395.46 197.28 2.10
2462.4 9422.40 187.20 1.99
2464.7 9348.95 164.02 1.75
2466.9 9251.22 141.24 1.53
2469.2 9249.34 142.60 1.54
2471.4 9151.61 144.43 1.58
2473.6 9078.42 167.38 1.84
2475.9 9042.40 209.97 2.32
2478.1 8956.32 177.62 1.98
2480.3 8952.70 174.04 1.94
2482.5 8971.16 178.71 1.99
2484.8 8832.66 131.07 1.48
2487.0 8762.09 111.10 1.27
2489.2 8850.00 82.92 0.94
2491.4 8753.22 115.28 1.32
2493.6 8669.20 117.58 1.36
2495.8 8662.66 134.61 1.55
2498.0 8674.13 129.71 1.50
2500.2 8694.60 117.95 1.36
2502.4 8942.16 115.44 1.29
2504.6 9089.52 103.29 1.14
2506.8 9176.65 175.35 1.91
