/*** Spectra Vista SIG Data ***/
name= \My Documents\HR1024_Data\DS17.
instrument= HR: 1091052
integration= 200, 60, 30, 400, 60, 30
scan time= 1, 1
scan settings= AD, AI, AD, AI
external data set1= 8224, 8224, 8224, 8224, 8224, 8224, 8224, 8224, 8224, 8224, 8224, 8224, 8224, 8224, 8224, 8224
external data set2= 8224, 8224, 8224, 8224, 8224, 8224, 8224, 8224, 8224, 8224, 8224, 8224, 8224, 8224, 8224, 8224
external data dark= 0,0,0,0,0,0,0,0
external data mask= 0
optic= LENS4 , LENS4 
temp= 31.05, 8.88, -5.37, 37.82, 8.88, -5.37
battery= 7.7, 7.3
error= 0, 0
units= Radiance, Radiance
time= 1/12/08 9:49:29 AM, 1/12/08 10:02:32 AM
longitude= , 
latitude= , 
gpstime= , 
comm= 
memory slot= 0, 0
factors= 
data= 
346.4 468.20 151.29 32.31
347.9 473.76 150.60 31.79
349.5 521.04 159.12 30.54
351.1 558.48 160.68 28.77
352.6 585.06 156.54 26.76
354.2 625.05 166.90 26.70
355.7 673.50 173.43 25.75
357.3 724.71 175.11 24.16
358.8 751.43 190.48 25.35
360.4 798.47 189.95 23.79
361.9 821.87 182.83 22.25
363.5 851.78 181.78 21.34
365.1 887.68 187.25 21.09
366.6 918.37 196.79 21.43
368.2 973.68 191.38 19.66
369.7 1008.89 187.74 18.61
371.3 1073.36 189.32 17.64
372.8 1148.72 187.58 16.33
374.4 1191.49 195.24 16.39
375.9 1247.87 201.91 16.18
377.4 1278.23 198.40 15.52
379.0 1330.29 195.72 14.71
380.5 1360.26 200.04 14.71
382.1 1412.49 195.03 13.81
383.6 1460.03 199.87 13.69
385.2 1529.00 193.88 12.68
386.7 1608.26 193.59 12.04
388.3 1679.42 202.45 12.06
389.8 1759.55 204.50 11.62
391.3 1843.67 213.05 11.56
392.9 1897.62 221.91 11.69
394.4 1955.58 234.43 11.99
395.9 2019.02 244.92 12.13
397.5 2131.80 245.48 11.52
399.0 2240.25 253.38 11.31
400.6 2303.62 247.63 10.75
402.1 2342.64 239.94 10.24
403.6 2375.92 227.76 9.59
405.1 2451.81 230.79 9.41
406.7 2542.40 232.96 9.16
408.2 2650.73 242.80 9.16
409.7 2746.24 249.76 9.09
411.3 2843.51 257.04 9.04
412.8 2936.43 258.33 8.80
414.3 3034.90 272.90 8.99
415.8 3152.50 277.50 8.80
417.4 3253.58 282.10 8.67
418.9 3339.60 292.22 8.75
420.4 3424.70 295.36 8.62
421.9 3487.22 290.40 8.33
423.5 3546.87 291.88 8.23
425.0 3613.98 292.18 8.08
426.5 3695.85 296.70 8.03
428.0 3801.23 293.51 7.72
429.5 3926.30 294.28 7.49
431.1 4071.24 305.73 7.51
432.6 4225.66 309.52 7.32
434.1 4373.60 313.78 7.17
435.6 4514.36 327.02 7.24
437.1 4642.95 332.48 7.16
438.6 4769.06 337.98 7.09
440.1 4906.69 348.92 7.11
441.6 5042.30 356.45 7.07
443.1 5179.95 359.44 6.94
444.7 5318.34 369.90 6.96
446.2 5433.01 382.06 7.03
447.7 5551.25 385.11 6.94
449.2 5676.48 394.20 6.94
450.7 5788.64 391.04 6.76
452.2 5916.62 396.93 6.71
453.7 6028.91 396.71 6.58
455.2 6201.73 405.67 6.54
456.7 6390.56 411.84 6.44
458.2 6607.30 419.40 6.35
459.7 6823.25 434.00 6.36
461.2 7031.76 440.37 6.26
462.7 7219.07 453.77 6.29
464.2 7396.86 464.82 6.28
465.7 7583.22 475.01 6.26
467.2 7742.35 482.21 6.23
468.7 7912.00 496.00 6.27
470.2 8015.91 507.99 6.34
471.7 8177.13 521.31 6.38
473.2 8446.52 529.31 6.27
474.6 8688.33 528.23 6.08
476.1 8747.12 528.94 6.05
477.6 8779.39 524.61 5.98
479.1 8829.54 526.64 5.96
480.6 8916.06 520.38 5.84
482.1 9046.91 521.70 5.77
483.6 9204.08 526.41 5.72
485.1 9394.00 531.77 5.66
486.6 9626.34 539.56 5.60
488.0 9867.00 548.44 5.56
489.5 10130.90 561.21 5.54
491.0 10387.73 568.41 5.47
492.5 10649.88 585.63 5.50
494.0 10928.34 598.41 5.48
495.4 11158.95 607.20 5.44
496.9 11406.10 622.08 5.45
498.4 11649.48 631.30 5.42
499.9 11878.23 642.35 5.41
501.4 12101.58 652.63 5.39
502.8 12308.24 665.57 5.41
504.3 12497.40 673.20 5.39
505.8 12681.02 682.57 5.38
507.2 12808.72 687.27 5.37
508.7 12896.48 695.65 5.39
510.2 12964.78 699.35 5.39
511.6 13008.39 701.22 5.39
513.1 13093.74 695.64 5.31
514.6 13195.49 701.89 5.32
516.0 13281.41 705.87 5.31
517.5 13429.99 708.44 5.28
519.0 13603.01 711.70 5.23
520.5 13772.72 715.86 5.20
521.9 13993.28 726.43 5.19
523.4 14243.35 739.28 5.19
524.8 14493.24 748.12 5.16
526.3 14778.04 762.00 5.16
527.8 15074.01 777.18 5.16
529.2 15339.71 789.32 5.15
530.7 15629.94 806.47 5.16
532.1 15903.48 817.95 5.14
533.6 16214.37 842.42 5.20
535.0 16534.98 856.72 5.18
536.5 16856.03 878.97 5.21
538.0 17178.24 894.24 5.21
539.4 17501.02 916.57 5.24
540.9 17879.62 944.82 5.28
542.3 18237.67 971.71 5.33
543.8 18504.51 982.52 5.31
545.2 18600.74 988.94 5.32
546.6 18637.00 992.66 5.33
548.1 18690.38 1004.73 5.38
549.5 18745.60 1006.47 5.37
551.0 18790.92 1019.82 5.43
552.4 18868.34 1025.16 5.43
553.9 18922.09 1036.41 5.48
555.3 18999.63 1047.74 5.51
556.8 19143.87 1073.12 5.61
558.2 19276.31 1090.13 5.66
559.6 19441.66 1116.26 5.74
561.1 19660.88 1148.88 5.84
562.5 19883.82 1179.44 5.93
564.0 20177.05 1228.38 6.09
565.4 20444.07 1272.94 6.23
566.8 20774.24 1329.79 6.40
568.3 21077.79 1386.16 6.58
569.7 21403.31 1451.94 6.78
571.1 21706.83 1524.81 7.02
572.6 22010.94 1597.32 7.26
574.0 22299.75 1687.95 7.57
575.4 22570.31 1776.09 7.87
576.9 22820.49 1875.43 8.22
578.3 23040.88 1978.76 8.59
579.7 23243.15 2095.22 9.01
581.1 23410.31 2218.51 9.48
582.6 23592.46 2350.15 9.96
584.0 23735.52 2485.70 10.47
585.4 23971.18 2639.93 11.01
586.8 24286.87 2819.03 11.61
588.3 24642.54 3008.07 12.21
589.7 24935.04 3187.08 12.78
591.1 25126.37 3368.95 13.41
592.5 25213.30 3540.81 14.04
594.0 25248.06 3705.18 14.68
595.4 25246.58 3879.31 15.37
596.8 25248.80 4052.98 16.05
598.2 25256.70 4232.66 16.76
599.6 25254.00 4406.00 17.45
601.0 25321.45 4603.44 18.18
602.4 25392.58 4794.31 18.88
603.9 25508.50 4994.13 19.58
605.3 25652.08 5193.57 20.25
606.7 25770.60 5392.80 20.93
608.1 26003.60 5602.74 21.55
609.5 26249.20 5817.36 22.16
610.9 26543.12 6048.59 22.79
612.3 26820.62 6269.82 23.38
613.7 27191.20 6506.70 23.93
615.1 27470.34 6720.57 24.46
616.5 27748.85 6931.19 24.98
617.9 28163.94 7180.00 25.49
619.3 28559.37 7435.97 26.04
620.7 29021.55 7729.39 26.63
622.1 29524.34 7948.41 26.92
623.5 30070.32 8109.60 26.97
624.9 30686.25 8298.15 27.04
626.3 31117.56 8478.11 27.25
627.7 30854.43 8540.87 27.68
629.1 30617.27 8663.29 28.30
630.5 30534.25 8841.38 28.96
631.9 30583.88 9042.32 29.57
633.3 30636.73 9226.64 30.12
634.7 30802.72 9421.64 30.59
636.1 30887.16 9529.88 30.85
637.5 30991.21 9609.44 31.01
638.9 31137.59 9675.88 31.07
640.2 31275.86 9705.35 31.03
641.6 31334.94 9693.45 30.93
643.0 31307.82 9626.26 30.75
644.4 31297.86 9547.67 30.51
645.8 31223.60 9430.79 30.20
647.2 31327.01 9367.48 29.90
648.5 31378.61 9315.09 29.69
649.9 31215.99 9235.01 29.58
651.3 31061.55 9182.55 29.56
652.7 30880.50 9120.08 29.53
654.1 30705.72 8873.22 28.90
655.5 30448.41 8572.51 28.15
656.8 30219.54 8272.31 27.37
658.2 30347.48 8086.80 26.65
659.6 30667.01 7940.49 25.89
660.9 30915.41 7772.88 25.14
662.3 31175.28 7592.18 24.35
663.7 31418.10 7388.85 23.52
665.0 31622.76 7185.67 22.72
666.4 31821.65 7007.58 22.02
667.8 32088.83 6855.48 21.36
669.1 32304.87 6722.94 20.81
670.5 32567.66 6618.72 20.32
671.9 32723.64 6533.10 19.96
673.2 32957.22 6495.94 19.71
674.6 33165.65 6503.05 19.61
676.0 33416.99 6558.43 19.63
677.3 33670.84 6665.24 19.80
678.7 33959.63 6825.50 20.10
680.0 34360.72 7105.53 20.68
681.4 34770.40 7494.04 21.55
682.8 35166.95 8027.34 22.83
684.1 35575.02 8735.22 24.55
685.5 35948.61 9603.99 26.72
686.8 36307.14 10643.19 29.31
688.2 36654.12 11833.07 32.28
689.5 36792.82 13091.19 35.58
690.9 36894.22 14440.13 39.14
692.2 37000.50 15827.85 42.78
693.6 37086.31 17251.62 46.52
694.9 37102.94 18622.08 50.19
696.2 37172.03 19963.86 53.71
697.6 37238.58 21231.79 57.02
698.9 37321.68 22465.08 60.19
700.3 37412.04 23632.17 63.17
701.6 37521.51 24731.93 65.91
703.0 37648.39 25741.52 68.37
704.3 37727.46 26624.98 70.57
705.6 37779.39 27434.07 72.62
707.0 37853.11 28189.09 74.47
708.3 37804.36 28791.40 76.16
709.6 37779.31 29350.30 77.69
711.0 37700.05 29810.35 79.07
712.3 37603.29 30206.99 80.33
713.6 37599.66 30648.03 81.51
714.9 37564.50 31017.38 82.57
716.3 37606.65 31413.56 83.53
717.6 37655.10 31818.71 84.50
718.9 37643.31 32089.60 85.25
720.2 37519.65 32228.07 85.90
721.6 37437.79 32365.26 86.45
722.9 37295.06 32507.96 87.16
724.2 37099.21 32537.23 87.70
725.5 36957.59 32617.24 88.26
726.8 36833.83 32648.81 88.64
728.1 36764.75 32713.97 88.98
729.5 36694.32 32745.90 89.24
730.8 36660.60 32799.36 89.47
732.1 36590.42 32809.97 89.67
733.4 36549.03 32846.25 89.87
734.7 36509.02 32858.39 90.00
736.0 36510.50 32916.75 90.16
737.3 36452.29 32937.79 90.36
738.6 36538.42 33066.84 90.50
739.9 36706.85 33312.96 90.75
741.2 36841.35 33476.63 90.87
742.5 37078.82 33750.16 91.02
743.8 37494.19 34198.11 91.21
745.1 38118.44 34838.72 91.40
746.4 38876.11 35541.42 91.42
747.7 39639.96 36227.12 91.39
749.0 40400.48 36924.95 91.40
750.3 40850.46 37292.48 91.29
751.6 40764.46 37242.27 91.36
752.9 40356.61 36925.06 91.50
754.2 39863.99 36566.67 91.73
755.4 39350.05 36169.50 91.92
756.7 39155.03 36079.07 92.14
758.0 39142.09 36150.97 92.36
759.3 39351.46 36415.60 92.54
760.6 39645.76 36785.98 92.79
761.9 39928.94 37135.66 93.00
763.1 40078.15 37312.18 93.10
764.4 40287.45 37538.10 93.18
765.7 40433.25 37696.75 93.23
767.0 40515.07 37823.53 93.36
768.2 40595.52 37926.00 93.42
769.5 40644.33 38011.14 93.52
770.8 40787.04 38178.65 93.60
772.0 40799.41 38200.92 93.63
773.3 40833.29 38291.81 93.78
774.6 40907.98 38403.33 93.88
775.8 40955.53 38447.66 93.88
777.1 40964.33 38464.19 93.90
778.4 40867.87 38394.61 93.95
779.6 40816.98 38376.45 94.02
780.9 40688.00 38328.00 94.20
782.1 40484.72 38195.98 94.35
783.4 40464.32 38178.40 94.35
784.6 40463.12 38201.14 94.41
785.9 40670.74 38483.11 94.62
787.1 41171.80 38994.58 94.71
788.4 41528.97 39318.99 94.68
789.6 41482.13 39176.18 94.44
790.9 41134.16 38769.53 94.25
792.1 40655.28 38371.44 94.38
793.4 40180.32 37968.58 94.50
794.6 39846.60 37661.16 94.52
795.8 39587.54 37448.48 94.60
797.1 39290.10 37210.76 94.71
798.3 39054.26 37044.15 94.85
799.5 38943.25 36942.04 94.86
800.8 38778.22 36837.95 95.00
802.0 38618.88 36695.62 95.02
803.2 38465.20 36546.46 95.01
804.5 38332.71 36449.09 95.09
805.7 38219.65 36313.41 95.01
806.9 38073.35 36177.38 95.02
808.1 37984.05 36126.75 95.11
809.4 37906.28 36075.39 95.17
810.6 37824.15 36010.98 95.21
811.8 37796.29 36026.73 95.32
813.0 37827.58 36023.74 95.23
814.2 37840.50 36083.23 95.36
815.4 37955.24 36176.75 95.31
816.6 38027.91 36196.87 95.19
817.9 38102.35 36223.33 95.07
819.1 38072.96 36144.47 94.93
820.3 37949.69 35991.87 94.84
821.5 37894.61 35908.00 94.76
822.7 37866.54 35842.75 94.66
823.9 37906.28 35821.23 94.50
825.1 37943.15 35800.02 94.35
826.3 38020.73 35776.73 94.10
827.5 38108.05 35784.28 93.90
828.7 38176.32 35752.68 93.65
829.9 38262.68 35734.09 93.39
831.0 38386.63 35785.86 93.22
832.2 38533.16 35840.55 93.01
833.4 38634.36 35889.39 92.89
834.6 38746.88 35948.44 92.78
835.8 38872.58 35997.41 92.60
837.0 39026.76 36111.43 92.53
838.1 39200.00 36263.73 92.51
839.3 39334.99 36347.25 92.40
840.5 39499.16 36479.54 92.36
841.7 39675.29 36653.31 92.38
842.9 39834.34 36841.57 92.49
844.0 40002.80 36979.39 92.44
845.2 40188.33 37123.21 92.37
846.4 40315.24 37239.48 92.37
847.5 40575.08 37464.91 92.33
848.7 40794.29 37651.29 92.30
849.9 41043.27 37810.09 92.12
851.0 41176.72 37866.63 91.96
852.2 41283.01 37916.88 91.85
853.3 41336.03 37904.24 91.70
854.5 41385.60 37915.84 91.62
855.6 41408.01 37925.69 91.59
856.8 41491.09 37993.49 91.57
857.9 41535.42 38006.17 91.50
859.1 41657.80 38126.90 91.52
860.2 41711.76 38122.74 91.40
861.4 41789.90 38176.35 91.35
862.5 41857.52 38225.17 91.32
863.7 41978.22 38297.59 91.23
864.8 42001.40 38333.93 91.27
865.9 42003.19 38302.18 91.19
867.1 42077.89 38301.49 91.03
868.2 42118.25 38329.13 91.00
869.3 42153.63 38308.65 90.88
870.5 42092.46 38240.84 90.85
871.6 42122.53 38232.51 90.76
872.7 42223.14 38318.37 90.75
873.9 42262.83 38277.32 90.57
875.0 42247.20 38237.21 90.51
876.1 42225.11 38181.29 90.42
877.2 42279.84 38171.69 90.28
878.3 42302.12 38100.58 90.07
879.4 42284.06 38079.19 90.06
880.5 42343.92 38054.88 89.87
881.7 42326.05 37970.08 89.71
882.8 42351.34 37957.69 89.63
883.9 42430.09 37876.19 89.27
885.0 42357.32 37787.98 89.21
886.1 42357.47 37668.98 88.93
887.2 42241.92 37464.56 88.69
888.3 42147.85 37318.88 88.54
889.4 42045.32 37114.69 88.27
890.5 41945.29 36983.54 88.17
891.6 41864.40 36870.45 88.07
892.7 41844.69 36764.52 87.86
893.8 41881.85 36753.37 87.75
894.9 41879.31 36716.30 87.67
896.0 41812.69 36613.64 87.57
897.0 41850.92 36537.62 87.30
898.1 41821.61 36444.15 87.14
899.2 41852.54 36402.65 86.98
900.3 41747.94 36273.57 86.89
901.4 41622.41 36126.18 86.80
902.4 41658.53 36080.70 86.61
903.5 41604.82 35962.12 86.44
904.6 41550.72 35860.41 86.31
905.7 41565.54 35818.14 86.17
906.7 41536.49 35726.58 86.01
907.8 41558.34 35669.86 85.83
908.9 41493.73 35536.90 85.64
909.9 41451.58 35413.47 85.43
911.0 41358.23 35287.39 85.32
912.1 41297.17 35130.62 85.07
913.1 41189.72 34975.20 84.91
914.2 41099.85 34776.03 84.61
915.2 41068.89 34675.29 84.43
916.3 41034.15 34546.88 84.19
917.3 40975.74 34419.22 84.00
918.4 40862.80 34213.44 83.73
919.4 40836.29 34031.95 83.34
920.5 40782.84 33897.90 83.12
921.5 40833.45 33782.77 82.73
922.6 40729.18 33582.88 82.45
923.6 40739.49 33470.66 82.16
924.7 40774.75 33330.38 81.74
925.7 40746.72 33144.72 81.34
926.7 40808.40 33003.25 80.87
927.8 40839.01 32831.91 80.39
928.8 40966.59 32713.97 79.86
929.9 41048.46 32626.23 79.48
930.9 41217.18 32579.84 79.04
931.9 41378.61 32533.18 78.62
932.9 41679.25 32571.00 78.15
934.0 41702.58 32404.75 77.70
935.0 41757.18 32189.79 77.09
936.0 41670.71 31999.27 76.79
937.0 41632.50 31771.55 76.31
938.1 41580.55 31528.83 75.83
939.1 41508.45 31305.59 75.42
940.1 41591.64 31175.52 74.96
941.1 41779.29 31113.02 74.47
942.1 41991.60 31050.04 73.94
943.1 42156.63 30964.32 73.45
944.1 42391.18 30935.15 72.98
945.2 42445.20 30707.67 72.35
946.2 42493.04 30527.45 71.84
947.2 42572.63 30341.19 71.27
948.2 42750.54 30206.85 70.66
949.2 42846.38 29993.84 70.00
950.2 42880.60 29750.88 69.38
951.2 42968.52 29545.32 68.76
952.2 43001.40 29323.76 68.19
953.2 43164.71 29183.13 67.61
954.2 43310.48 29034.45 67.04
955.2 43368.34 28773.96 66.35
956.2 43301.73 28570.38 65.98
957.2 43392.87 28393.75 65.43
958.2 43492.10 28277.21 65.02
959.2 43506.45 28163.48 64.73
960.1 43588.22 28023.43 64.29
961.1 43692.83 28026.08 64.14
962.1 43658.44 27885.47 63.87
963.1 43782.00 27856.30 63.63
964.1 43817.42 27820.14 63.49
965.1 43908.74 27852.99 63.43
966.1 44007.38 27856.26 63.30
967.0 44141.86 27856.71 63.11
968.0 44131.86 27844.86 63.09
969.0 44255.20 27798.60 62.81
970.0 44255.36 27756.17 62.72
971.0 44316.83 27797.70 62.72
971.9 44400.90 27821.42 62.66
972.9 44577.14 27833.05 62.44
973.9 44494.78 27716.16 62.29
974.9 44573.29 27767.41 62.30
975.8 44702.44 27786.47 62.16
976.8 44666.28 27672.69 61.95
977.8 44950.93 27731.95 61.69
978.8 44877.90 27733.73 61.80
979.7 45104.10 27814.20 61.67
980.7 45212.81 27795.74 61.48
981.7 45433.99 27977.77 61.58
982.6 45657.51 28157.87 61.67
983.6 46147.45 28406.68 61.56
984.6 46551.05 28709.50 61.67
985.5 47031.84 29085.48 61.84
986.5 47664.14 29641.88 62.19
987.5 48852.12 30291.98 62.01
988.4 49722.20 30889.65 62.12
989.4 51183.38 31583.89 61.71
990.4 52549.20 32332.36 61.53
991.3 54023.93 33317.60 61.67
992.3 54777.10 33648.79 61.43
993.2 55874.36 35454.41 63.45
994.2 57686.85 35421.75 61.40
995.2 57633.14 36090.65 62.62
996.1 59292.71 36523.08 61.60
997.1 59931.56 36805.80 61.41
998.0 60640.20 36829.50 60.73
999.0 59258.53 37397.91 63.11
1000.0 60377.42 36938.98 61.18
1000.9 59810.48 36397.83 60.86
1001.9 59598.95 37097.30 62.24
1002.8 60212.52 35960.26 59.72
1003.8 59788.51 36440.44 60.95
1004.8 59326.80 36508.80 61.54
961.5 55398.21 31808.05 57.42
965.5 54418.85 31730.11 58.31
969.5 52458.23 31449.16 59.95
973.4 50487.36 30743.20 60.89
977.4 48611.32 29857.86 61.42
981.4 47578.80 29308.69 61.60
985.3 47203.20 29134.86 61.72
989.3 47137.31 29231.83 62.01
993.3 47133.16 29370.47 62.31
997.2 47029.21 29529.63 62.79
1001.2 46955.35 29771.69 63.40
1005.2 46914.32 30103.08 64.17
1009.1 47038.13 30558.40 64.97
1013.1 47236.75 31090.57 65.82
1017.1 47375.30 31627.85 66.76
1021.0 47429.61 32066.43 67.61
1025.0 47461.87 32499.09 68.47
1029.0 47354.18 32841.98 69.35
1032.9 47271.77 33189.91 70.21
1036.9 47308.70 33629.64 71.09
1040.9 47476.08 34141.48 71.91
1044.8 47747.63 34703.31 72.68
1048.8 47970.59 35209.22 73.40
1052.7 48104.60 35637.15 74.08
1056.7 48183.46 35920.65 74.55
1060.7 48250.82 36116.67 74.85
1064.6 48272.17 36301.19 75.20
1068.6 48190.54 36330.63 75.39
1072.5 48116.11 36280.76 75.40
1076.5 48076.67 36221.37 75.34
1080.4 48048.88 36122.10 75.18
1084.4 48150.59 36022.35 74.81
1088.3 48279.53 35885.71 74.33
1092.3 48252.92 35613.76 73.81
1096.2 48221.83 35310.25 73.22
1100.2 48245.69 35040.39 72.63
1104.1 48124.97 34663.90 72.03
1108.1 48059.38 34304.45 71.38
1112.0 47955.87 33866.28 70.62
1116.0 47754.46 33302.04 69.74
1119.9 47569.76 32695.43 68.73
1123.9 47623.80 32109.84 67.42
1127.8 47592.96 31219.20 65.60
1131.8 47556.42 30060.90 63.21
1135.7 47568.82 28739.49 60.42
1139.6 47554.30 27310.36 57.43
1143.6 47510.71 25920.07 54.56
1147.5 47481.98 24741.44 52.11
1151.4 47337.52 23780.09 50.24
1155.4 47322.86 23164.01 48.95
1159.3 47329.81 22765.00 48.10
1163.2 47159.49 22412.50 47.52
1167.2 47113.86 22202.88 47.13
1171.1 47117.13 22059.75 46.82
1175.0 47022.16 21903.78 46.58
1179.0 46962.63 21759.70 46.33
1182.9 47045.30 21675.45 46.07
1186.8 47019.62 21568.67 45.87
1190.7 46784.64 21366.38 45.67
1194.7 46508.35 21185.36 45.55
1198.6 46264.68 21063.74 45.53
1202.5 46100.54 20996.87 45.55
1206.4 45962.62 20975.24 45.64
1210.3 45829.98 20997.45 45.82
1214.2 45707.13 21036.53 46.02
1218.2 45554.16 21085.03 46.29
1222.1 45384.95 21149.95 46.60
1226.0 45257.55 21236.76 46.92
1229.9 45156.00 21328.26 47.23
1233.8 45033.17 21381.60 47.48
1237.7 44950.68 21447.70 47.71
1241.6 44841.64 21504.60 47.96
1245.5 44683.61 21521.60 48.16
1249.4 44538.65 21522.07 48.32
1253.3 44401.40 21522.28 48.47
1257.2 44324.52 21563.36 48.65
1261.1 44209.48 21555.07 48.76
1265.0 44086.55 21507.33 48.78
1268.9 43910.05 21402.74 48.74
1272.8 43969.80 21386.40 48.64
1276.7 44155.69 21401.92 48.47
1280.6 44249.88 21343.86 48.23
1284.5 44188.89 21168.46 47.90
1288.4 44167.03 20976.28 47.49
1292.3 44060.50 20718.50 47.02
1296.2 43934.23 20414.71 46.47
1300.1 43787.98 20044.83 45.78
1303.9 43564.57 19605.77 45.00
1307.8 43339.22 19132.39 44.15
1311.7 43109.06 18624.11 43.20
1315.6 42877.90 18094.13 42.20
1319.5 42633.84 17524.87 41.11
1323.3 42417.44 16945.31 39.95
1327.2 42218.70 16374.39 38.78
1331.1 42002.86 15784.50 37.58
1335.0 41739.72 15185.45 36.38
1338.8 41543.11 14646.89 35.26
1342.7 41389.31 14171.84 34.24
1346.5 41042.00 13659.42 33.28
1350.4 40741.74 13193.93 32.38
1354.3 40332.24 12710.16 31.51
1358.1 39895.31 12227.82 30.65
1362.0 39644.33 11815.08 29.80
1365.8 39567.12 11440.12 28.91
1369.7 39683.68 11074.16 27.91
1373.5 39615.26 10563.73 26.67
1377.4 39354.79 9882.81 25.11
1381.2 39167.92 9106.96 23.25
1385.1 39160.09 8339.17 21.30
1389.0 39060.88 7567.98 19.37
1392.8 38834.72 6805.04 17.52
1396.6 38680.88 6129.55 15.85
1400.5 38476.57 5554.47 14.44
1404.3 38299.58 5104.32 13.33
1408.2 38263.03 4765.81 12.46
1412.0 38218.70 4508.26 11.80
1415.8 38249.29 4327.63 11.31
1419.6 38208.11 4170.65 10.92
1423.5 38172.20 4057.67 10.63
1427.3 38125.77 3979.28 10.44
1431.1 38099.78 3919.95 10.29
1434.9 38010.73 3868.09 10.18
1438.8 37949.80 3838.27 10.11
1442.6 37913.52 3812.82 10.06
1446.4 37795.09 3784.81 10.01
1450.2 37700.99 3771.02 10.00
1454.0 37583.52 3755.16 9.99
1457.8 37547.69 3764.09 10.02
1461.6 37527.24 3777.54 10.07
1465.4 37404.28 3795.76 10.15
1469.2 37216.73 3826.55 10.28
1473.0 37080.95 3864.07 10.42
1476.8 37019.78 3936.38 10.63
1480.7 36949.43 4020.16 10.88
1484.4 36826.56 4110.84 11.16
1488.2 36723.96 4227.12 11.51
1492.0 36584.11 4352.44 11.90
1495.8 36452.33 4465.83 12.25
1499.6 36350.05 4544.33 12.50
1503.4 36216.75 4564.56 12.60
1507.2 36087.28 4543.64 12.59
1510.9 35929.91 4580.57 12.75
1514.7 35749.31 4683.19 13.10
1518.5 35615.65 4796.82 13.47
1522.3 35466.30 4882.51 13.77
1526.0 35355.47 4964.39 14.04
1529.8 35294.61 5061.49 14.34
1533.6 35159.29 5155.23 14.66
1537.3 35020.99 5243.78 14.97
1541.1 34889.16 5322.65 15.26
1544.8 34754.40 5404.80 15.55
1548.6 34607.98 5490.74 15.87
1552.4 34514.76 5576.02 16.16
1556.1 34455.77 5641.81 16.37
1559.9 34373.05 5709.69 16.61
1563.6 34243.93 5790.94 16.91
1567.3 34122.03 5881.79 17.24
1571.1 33904.82 5955.67 17.57
1574.8 33749.79 6039.11 17.89
1578.6 33637.37 6122.83 18.20
1582.3 33496.17 6173.18 18.43
1586.0 33359.51 6212.83 18.62
1589.8 33217.24 6248.38 18.81
1593.5 33051.52 6283.63 19.01
1597.2 32917.71 6331.44 19.23
1600.9 32767.31 6370.35 19.44
1604.7 32613.52 6406.40 19.64
1608.4 32493.03 6452.89 19.86
1612.1 32320.35 6490.50 20.08
1615.8 32161.00 6522.67 20.28
1619.5 32072.28 6572.07 20.49
1623.2 31915.49 6611.95 20.72
1626.9 31725.78 6629.01 20.89
1630.6 31537.44 6642.90 21.06
1634.3 31397.73 6671.26 21.25
1638.0 31241.74 6680.88 21.38
1641.7 31050.65 6672.76 21.49
1645.4 30870.63 6655.32 21.56
1649.1 30683.95 6640.61 21.64
1652.8 30504.58 6625.66 21.72
1656.4 30322.32 6587.19 21.72
1660.1 30158.02 6559.27 21.75
1663.8 29966.42 6530.00 21.79
1667.5 29809.99 6504.17 21.82
1671.1 29676.54 6473.06 21.81
1674.8 29472.79 6425.08 21.80
1678.5 29413.48 6394.03 21.74
1682.1 29419.35 6374.54 21.67
1685.8 29417.21 6353.10 21.60
1689.5 29310.65 6297.40 21.49
1693.1 29167.59 6235.47 21.38
1696.8 29020.13 6182.13 21.30
1700.4 28874.60 6107.45 21.15
1704.0 28754.23 6023.06 20.95
1707.7 28493.62 5922.24 20.78
1711.3 28200.13 5802.75 20.58
1715.0 27991.44 5692.97 20.34
1718.6 27822.35 5601.85 20.13
1722.2 27677.55 5519.14 19.94
1725.9 27527.50 5429.25 19.72
1729.5 27386.37 5348.90 19.53
1733.1 27262.24 5299.39 19.44
1736.7 27144.69 5246.61 19.33
1740.3 26982.07 5180.39 19.20
1744.0 26899.89 5122.65 19.04
1747.5 26760.07 5035.45 18.82
1751.2 26551.35 4935.67 18.59
1754.8 26397.18 4851.09 18.38
1758.4 26262.14 4770.38 18.16
1762.0 26085.49 4687.22 17.97
1765.5 25956.49 4627.49 17.83
1769.1 25915.20 4584.00 17.69
1772.7 25841.75 4546.64 17.59
1776.3 25724.16 4501.73 17.50
1779.9 25608.69 4452.83 17.39
1783.5 25553.92 4421.84 17.30
1787.0 25434.82 4385.75 17.24
1790.6 25293.30 4351.56 17.20
1794.2 25193.03 4325.54 17.17
1797.8 25095.48 4310.88 17.18
1801.3 25012.46 4301.57 17.20
1804.9 24871.88 4278.75 17.20
1808.4 24792.34 4267.73 17.21
1812.0 24660.35 4243.55 17.21
1815.5 24519.60 4228.38 17.24
1819.1 24324.68 4194.79 17.25
1822.6 24164.48 4167.38 17.25
1826.2 24042.90 4136.82 17.21
1829.7 23859.90 4091.73 17.15
1833.2 23612.46 4043.97 17.13
1836.8 23400.20 3993.99 17.07
1840.3 23257.80 3948.57 16.98
1843.8 23131.92 3920.49 16.95
1847.3 23013.03 3891.75 16.91
1850.8 22865.47 3854.59 16.86
1854.3 22692.74 3794.24 16.72
1857.8 22594.00 3676.40 16.27
1861.3 22615.25 3517.66 15.55
1864.8 22605.64 3326.92 14.72
1868.3 22468.36 3092.25 13.76
1871.8 22341.12 2833.92 12.68
1875.3 22323.21 2598.96 11.64
1878.8 22320.32 2420.74 10.85
1882.3 22237.89 2240.24 10.07
1885.8 22045.10 2080.03 9.44
1889.3 21861.76 1976.82 9.04
1892.7 21710.01 1868.19 8.61
1896.2 21503.16 1813.64 8.43
1899.7 21232.37 1802.13 8.49
1903.1 21059.81 1823.98 8.66
1906.6 21101.81 1909.59 9.05
1910.0 21348.35 2126.50 9.96
1913.5 21771.66 2450.01 11.25
1917.0 22339.63 2806.30 12.56
1920.4 22881.38 3281.98 14.34
1923.8 23136.14 3630.26 15.69
1871.2 20260.60 2083.29 10.28
1873.9 20445.79 1975.85 9.66
1876.7 20658.97 1937.09 9.38
1879.5 20770.50 1806.54 8.70
1882.3 20488.21 1641.94 8.01
1885.1 20498.36 1577.46 7.70
1887.8 20542.45 1484.40 7.23
1890.6 20318.11 1434.59 7.06
1893.4 20320.67 1378.67 6.78
1896.2 20203.65 1306.57 6.47
1898.9 20201.38 1316.78 6.52
1901.7 20074.51 1322.63 6.59
1904.5 20223.67 1290.76 6.38
1907.2 20168.50 1235.00 6.12
1910.0 20030.00 1180.27 5.89
1912.7 20048.69 1148.96 5.73
1915.5 19979.54 1132.76 5.67
1918.2 19877.64 1109.28 5.58
1921.0 19705.09 1089.95 5.53
1923.7 19733.20 1120.56 5.68
1926.5 19715.86 1097.50 5.57
1929.2 19701.76 1064.61 5.40
1932.0 19674.16 1064.92 5.41
1934.7 19635.47 1078.70 5.49
1937.4 19518.79 1079.38 5.53
1940.2 19475.71 1066.45 5.48
1942.9 19573.26 1102.29 5.63
1945.6 19572.62 1090.22 5.57
1948.3 19494.00 1073.98 5.51
1951.1 19465.67 1077.58 5.54
1953.8 19476.00 1095.00 5.62
1956.5 19368.67 1108.15 5.72
1959.2 19423.04 1079.39 5.56
1961.9 19438.54 1108.56 5.70
1964.6 19331.55 1124.55 5.82
1967.3 19375.30 1088.77 5.62
1970.0 19228.16 1083.36 5.63
1972.8 19159.08 1117.83 5.83
1975.5 19219.42 1115.06 5.80
1978.2 19120.16 1135.88 5.94
1980.9 19002.89 1166.00 6.14
1983.5 18950.70 1128.43 5.95
1986.2 18944.10 1149.45 6.07
1988.9 18909.18 1201.83 6.36
1991.6 18787.78 1167.36 6.21
1994.3 18678.85 1158.22 6.20
1997.0 18669.58 1176.40 6.30
1999.7 18631.37 1191.74 6.40
2002.3 18617.79 1196.69 6.43
2005.0 18540.12 1202.45 6.49
2007.7 18469.93 1232.67 6.67
2010.4 18400.48 1210.52 6.58
2013.0 18316.11 1203.44 6.57
2015.7 18226.45 1227.60 6.74
2018.4 18129.14 1219.77 6.73
2021.0 18062.50 1232.50 6.82
2023.7 17946.51 1246.56 6.95
2026.4 17902.73 1233.70 6.89
2029.0 17806.29 1242.76 6.98
2031.7 17677.40 1250.60 7.07
2034.3 17722.47 1264.68 7.14
2037.0 17610.64 1294.90 7.35
2039.6 17527.07 1285.69 7.34
2042.3 17481.88 1280.60 7.33
2044.9 17393.81 1276.28 7.34
2047.5 17348.93 1276.28 7.36
2050.2 17253.60 1282.40 7.43
2052.8 17214.40 1290.80 7.50
2055.4 17090.17 1288.77 7.54
2058.1 16973.60 1268.40 7.47
2060.7 16918.14 1277.32 7.55
2063.3 16842.61 1284.65 7.63
2065.9 16794.67 1281.38 7.63
2068.6 16710.92 1298.13 7.77
2071.2 16664.67 1319.67 7.92
2073.8 16591.32 1301.23 7.84
2076.4 16536.88 1302.29 7.88
2079.0 16525.61 1317.89 7.97
2081.6 16519.89 1325.08 8.02
2084.2 16487.00 1334.65 8.10
2086.8 16353.42 1320.83 8.08
2089.4 16268.28 1321.89 8.13
2092.1 16209.50 1360.00 8.39
2094.7 16113.80 1350.35 8.38
2097.2 16087.67 1337.33 8.31
2099.8 16089.36 1360.71 8.46
2102.4 15953.94 1379.02 8.64
2105.0 15826.05 1339.50 8.46
2107.6 15774.07 1338.72 8.49
2110.2 15742.83 1352.63 8.59
2112.8 15734.02 1360.08 8.64
2115.3 15735.22 1385.60 8.81
2117.9 15738.64 1363.78 8.67
2120.5 15682.70 1381.71 8.81
2123.1 15604.88 1401.08 8.98
2125.6 15567.02 1417.31 9.10
2128.2 15487.92 1407.73 9.09
2130.8 15394.28 1406.93 9.14
2133.3 15347.20 1419.73 9.25
2135.9 15264.31 1403.18 9.19
2138.4 15119.35 1396.72 9.24
2141.0 15032.51 1416.28 9.42
2143.6 14998.41 1424.79 9.50
2146.1 14847.40 1404.52 9.46
2148.7 14686.27 1386.11 9.44
2151.2 14704.80 1399.20 9.52
2153.8 14713.72 1421.63 9.66
2156.3 14589.47 1402.83 9.62
2158.8 14533.35 1408.74 9.69
2161.4 14517.59 1424.05 9.81
2163.9 14426.20 1397.51 9.69
2166.4 14354.62 1380.76 9.62
2169.0 14310.27 1410.33 9.86
2171.5 14227.48 1404.42 9.87
2174.0 14143.15 1398.25 9.89
2176.5 14124.76 1393.34 9.86
2179.1 14082.55 1385.37 9.84
2181.6 13967.33 1390.04 9.95
2184.1 13937.00 1398.32 10.03
2186.6 13993.83 1405.97 10.05
2189.1 13896.09 1373.88 9.89
2191.6 13840.87 1381.80 9.98
2194.1 13877.92 1391.78 10.03
2196.6 13844.81 1382.44 9.99
2199.2 13897.52 1405.80 10.12
2201.7 13871.80 1411.18 10.17
2204.1 13802.39 1385.37 10.04
2206.6 13786.08 1368.91 9.93
2209.1 13743.34 1400.45 10.19
2211.6 13738.26 1416.08 10.31
2214.1 13693.60 1391.41 10.16
2216.6 13643.61 1390.19 10.19
2219.1 13655.01 1409.18 10.32
2221.6 13597.41 1404.66 10.33
2224.0 13563.60 1390.65 10.25
2226.5 13534.39 1377.41 10.18
2229.0 13551.73 1355.17 10.00
2231.5 13416.49 1332.84 9.93
2233.9 13376.81 1319.98 9.87
2236.4 13409.64 1347.14 10.05
2238.9 13341.63 1333.00 9.99
2241.3 13300.17 1286.49 9.67
2243.8 13261.31 1302.03 9.82
2246.2 13153.53 1314.19 9.99
2248.7 13089.53 1268.84 9.69
2251.2 13067.33 1245.24 9.53
2253.6 13017.60 1259.52 9.68
2256.1 12979.20 1240.32 9.56
2258.5 12980.99 1233.18 9.50
2260.9 12912.45 1200.36 9.30
2263.4 12850.74 1151.50 8.96
2265.8 12840.17 1165.54 9.08
2268.3 12768.77 1185.29 9.28
2270.7 12812.36 1174.53 9.17
2273.1 12778.22 1139.00 8.91
2275.6 12710.40 1136.64 8.94
2278.0 12729.12 1137.63 8.94
2280.4 12680.26 1123.71 8.86
2282.8 12544.20 1095.68 8.73
2285.3 12570.98 1077.07 8.57
2287.7 12679.54 1120.74 8.84
2290.1 12579.51 1110.89 8.83
2292.5 12520.09 1059.55 8.46
2294.9 12538.64 1059.05 8.45
2297.3 12458.25 1052.03 8.44
2299.7 12334.59 1042.36 8.45
2302.1 12311.40 1025.30 8.33
2304.5 12214.72 980.00 8.02
2306.9 12089.28 972.16 8.04
2309.3 11994.02 991.34 8.27
2311.7 11939.85 993.03 8.32
2314.1 11791.37 933.39 7.92
2316.5 11721.50 929.84 7.93
2318.9 11765.88 969.65 8.24
2321.3 11730.50 978.53 8.34
2323.7 11744.39 962.39 8.19
2326.1 11719.24 926.90 7.91
2328.4 11761.55 947.92 8.06
2330.8 11807.83 973.42 8.24
2333.2 11712.54 922.51 7.88
2335.6 11662.03 896.76 7.69
2337.9 11681.16 918.13 7.86
2340.3 11629.38 911.04 7.83
2342.7 11548.22 897.11 7.77
2345.0 11508.47 900.29 7.82
2347.4 11492.00 875.50 7.62
2349.7 11315.65 858.61 7.59
2352.1 11286.89 870.53 7.71
2354.4 11296.02 876.86 7.76
2356.8 11214.70 846.07 7.54
2359.2 11154.00 827.67 7.42
2361.5 11109.05 859.58 7.74
2363.8 11141.66 860.77 7.73
2366.2 11165.73 847.36 7.59
2368.5 11089.40 841.05 7.58
2370.9 11067.03 849.93 7.68
2373.2 11030.32 867.86 7.87
2375.5 10914.30 809.98 7.42
2377.9 10876.18 784.03 7.21
2380.2 10876.88 833.86 7.67
2382.5 10821.23 790.34 7.30
2384.8 10769.44 737.76 6.85
2387.2 10736.28 764.20 7.12
2389.5 10704.02 788.52 7.37
2391.8 10661.73 789.05 7.40
2394.1 10613.91 782.13 7.37
2396.4 10610.47 778.97 7.34
2398.7 10654.34 759.98 7.13
2401.0 10513.07 781.31 7.43
2403.3 10428.12 766.92 7.35
2405.6 10456.51 719.76 6.88
2407.9 10375.71 736.47 7.10
2410.2 10317.44 762.03 7.39
2412.5 10224.31 721.60 7.06
2414.8 10187.84 698.36 6.85
2417.1 10204.62 701.99 6.88
2419.4 10195.97 656.46 6.44
2421.7 10103.31 678.11 6.71
2424.0 10048.90 676.27 6.73
2426.2 10074.05 625.95 6.21
2428.5 10032.46 659.82 6.58
2430.8 10006.20 675.80 6.75
2433.1 9945.94 652.74 6.56
2435.4 9886.37 665.81 6.73
2437.6 9830.42 649.02 6.60
2439.9 9708.34 651.34 6.71
2442.2 9709.99 654.16 6.74
2444.4 9752.18 585.82 6.01
2446.7 9688.56 619.04 6.39
2448.9 9658.24 680.99 7.05
2451.2 9631.36 643.68 6.68
2453.4 9564.32 590.61 6.18
2455.7 9566.46 650.74 6.80
2457.9 9468.86 647.13 6.83
2460.2 9395.46 598.01 6.36
2462.4 9422.40 642.72 6.82
2464.7 9348.95 599.29 6.41
2466.9 9251.22 577.80 6.25
2469.2 9249.34 609.28 6.59
2471.4 9151.61 610.55 6.67
2473.6 9078.42 575.77 6.34
2475.9 9042.40 548.64 6.07
2478.1 8956.32 567.03 6.33
2480.3 8952.70 549.97 6.14
2482.5 8971.16 550.42 6.14
2484.8 8832.66 560.69 6.35
2487.0 8762.09 548.09 6.26
2489.2 8850.00 565.38 6.39
2491.4 8753.22 584.06 6.67
2493.6 8669.20 572.20 6.60
2495.8 8662.66 578.04 6.67
2498.0 8674.13 510.72 5.89
2500.2 8694.60 522.35 6.01
2502.4 8942.16 541.68 6.06
2504.6 9089.52 488.28 5.37
2506.8 9176.65 477.34 5.20
