/*** Spectra Vista SIG Data ***/
name= \My Documents\HR1024_Data\RCS1.
instrument= HR: 1091052
integration= 200, 38.4, 30, 200, 60, 30
scan time= 1, 1
scan settings= AD, AI, AD, AI
external data set1= 8224, 8224, 8224, 8224, 8224, 8224, 8224, 8224, 8224, 8224, 8224, 8224, 8224, 8224, 8224, 8224
external data set2= 8224, 8224, 8224, 8224, 8224, 8224, 8224, 8224, 8224, 8224, 8224, 8224, 8224, 8224, 8224, 8224
external data dark= 0,0,0,0,0,0,0,0
external data mask= 0
optic= LENS4 , LENS4 
temp= 32.02, 8.88, -5.37, 35.32, 8.88, -5.37
battery= 7.2, 7.1
error= 0, 0
units= Radiance, Radiance
time= 1/15/08 12:20:37 PM, 1/15/08 12:24:49 PM
longitude= , 
latitude= , 
gpstime= , 
comm= 
memory slot= 0, 0
factors= 
data= 
346.4 681.59 547.82 80.37
347.9 715.35 583.58 81.58
349.5 770.64 620.88 80.57
351.1 842.40 673.92 80.00
352.6 898.15 714.73 79.58
354.2 935.94 772.31 82.52
355.7 1013.62 835.14 82.39
357.3 1085.33 877.28 80.83
358.8 1118.40 915.69 81.88
360.4 1202.99 977.87 81.29
361.9 1232.81 1016.89 82.49
363.5 1270.74 1056.06 83.11
365.1 1317.65 1088.80 82.63
366.6 1387.91 1160.04 83.58
368.2 1463.87 1232.20 84.17
369.7 1534.55 1289.68 84.04
371.3 1633.08 1359.80 83.27
372.8 1713.12 1437.56 83.91
374.4 1792.24 1488.53 83.05
375.9 1860.22 1549.08 83.27
377.4 1899.46 1603.48 84.42
379.0 1960.42 1664.45 84.90
380.5 2031.15 1708.01 84.09
382.1 2086.23 1761.18 84.42
383.6 2157.44 1822.91 84.49
385.2 2246.75 1900.25 84.58
386.7 2352.82 1979.18 84.12
388.3 2459.34 2081.61 84.64
389.8 2572.07 2152.08 83.67
391.3 2656.89 2247.50 84.59
392.9 2742.58 2324.37 84.75
394.4 2813.19 2388.84 84.92
395.9 2929.62 2471.18 84.35
397.5 3078.19 2584.00 83.95
399.0 3204.33 2713.02 84.67
400.6 3294.12 2764.91 83.93
402.1 3341.10 2812.20 84.17
403.6 3394.86 2841.04 83.69
405.1 3468.63 2895.10 83.47
406.7 3608.64 2997.12 83.05
408.2 3731.06 3094.00 82.93
409.7 3852.80 3183.04 82.62
411.3 3974.94 3286.44 82.68
412.8 4078.77 3374.88 82.74
414.3 4209.70 3455.87 82.09
415.8 4355.00 3560.00 81.75
417.4 4488.22 3665.97 81.68
418.9 4602.07 3741.87 81.31
420.4 4700.86 3801.06 80.86
421.9 4779.50 3874.42 81.06
423.5 4868.48 3913.46 80.38
425.0 4946.75 3969.09 80.24
426.5 5061.10 4044.15 79.91
428.0 5190.77 4148.10 79.91
429.5 5352.25 4262.05 79.63
431.1 5547.65 4411.80 79.53
432.6 5755.97 4558.25 79.19
434.1 5948.25 4704.70 79.09
435.6 6124.28 4837.50 78.99
437.1 6302.40 4974.45 78.93
438.6 6474.68 5093.28 78.66
440.1 6639.39 5213.98 78.53
441.6 6824.52 5340.67 78.26
443.1 7000.43 5467.50 78.10
444.7 7161.68 5589.60 78.05
446.2 7304.35 5685.61 77.84
447.7 7436.90 5782.10 77.75
449.2 7603.20 5892.48 77.50
450.7 7741.76 5969.60 77.11
452.2 7897.34 6085.61 77.06
453.7 8068.35 6205.85 76.92
455.2 8271.36 6363.28 76.93
456.7 8521.92 6545.44 76.81
458.2 8798.66 6755.84 76.78
459.7 9084.25 6977.25 76.81
461.2 9358.03 7201.20 76.95
462.7 9610.51 7407.02 77.07
464.2 9858.21 7616.46 77.26
465.7 10114.09 7817.91 77.30
467.2 10348.80 8015.70 77.46
468.7 10580.00 8240.00 77.88
470.2 10734.52 8386.14 78.12
471.7 10963.00 8592.75 78.38
473.2 11373.85 8906.24 78.30
474.6 11705.47 9177.92 78.41
476.1 11816.88 9294.08 78.65
477.6 11856.58 9354.89 78.90
479.1 11942.66 9443.95 79.08
480.6 12045.55 9569.47 79.44
482.1 12235.28 9727.24 79.50
483.6 12450.16 9934.02 79.79
485.1 12713.77 10167.33 79.97
486.6 13023.49 10450.09 80.24
488.0 13336.38 10751.00 80.61
489.5 13672.59 11074.06 80.99
491.0 14011.01 11397.15 81.34
492.5 14354.82 11748.24 81.84
494.0 14711.73 12102.27 82.26
495.4 15019.95 12439.35 82.82
496.9 15327.26 12785.52 83.42
498.4 15628.55 13135.49 84.05
499.9 15928.10 13484.09 84.66
501.4 16209.31 13843.09 85.40
502.8 16473.62 14183.55 86.10
504.3 16714.80 14529.60 86.93
505.8 16959.20 14866.71 87.66
507.2 17126.33 15143.96 88.43
508.7 17247.52 15391.85 89.24
510.2 17339.71 15604.04 89.99
511.6 17411.75 15796.30 90.72
513.1 17544.34 16040.86 91.43
514.6 17698.58 16303.98 92.12
516.0 17825.00 16534.47 92.76
517.5 18047.36 16853.66 93.39
519.0 18295.51 17181.69 93.91
520.5 18536.92 17495.52 94.38
521.9 18853.35 17876.18 94.82
523.4 19205.40 18286.68 95.22
524.8 19558.90 18688.74 95.55
526.3 19954.88 19126.20 95.85
527.8 20358.54 19558.19 96.07
529.2 20720.63 19954.69 96.30
530.7 21131.94 20381.96 96.45
532.1 21496.13 20756.31 96.56
533.6 21912.96 21185.81 96.68
535.0 22337.12 21626.80 96.82
536.5 22744.89 22048.11 96.94
538.0 23176.64 22490.32 97.04
539.4 23579.50 22881.53 97.04
540.9 24073.87 23372.75 97.09
542.3 24503.44 23789.15 97.08
543.8 24803.15 24086.93 97.11
545.2 24902.77 24189.63 97.14
546.6 24905.23 24213.26 97.22
548.1 24938.84 24257.64 97.27
549.5 24960.43 24288.20 97.31
551.0 24980.05 24307.56 97.31
552.4 25028.39 24377.76 97.40
553.9 25067.16 24415.60 97.40
555.3 25131.60 24480.50 97.41
556.8 25277.69 24628.31 97.43
558.2 25413.75 24764.06 97.44
559.6 25588.96 24946.14 97.49
561.1 25845.63 25200.50 97.50
562.5 26127.16 25479.75 97.52
564.0 26493.28 25832.33 97.51
565.4 26820.56 26161.68 97.54
566.8 27250.49 26581.67 97.55
568.3 27646.12 26971.52 97.56
569.7 28068.80 27391.49 97.59
571.1 28477.04 27791.71 97.59
572.6 28887.84 28196.10 97.61
574.0 29285.85 28584.60 97.61
575.4 29666.25 28959.19 97.62
576.9 30024.23 29306.97 97.61
578.3 30349.96 29626.03 97.61
579.7 30653.88 29924.86 97.62
581.1 30910.34 30166.33 97.59
582.6 31174.82 30418.40 97.57
584.0 31418.40 30642.48 97.53
585.4 31752.38 30954.08 97.49
586.8 32199.46 31372.36 97.43
588.3 32687.46 31828.68 97.37
589.7 33118.02 32210.10 97.26
591.1 33373.37 32459.60 97.26
592.5 33516.68 32589.05 97.23
594.0 33586.38 32645.10 97.20
595.4 33595.98 32652.04 97.19
596.8 33610.01 32649.05 97.14
598.2 33616.52 32637.48 97.09
599.6 33610.59 32621.13 97.06
601.0 33699.08 32685.33 96.99
602.4 33774.48 32751.43 96.97
603.9 33926.33 32877.46 96.91
605.3 34072.12 33031.92 96.95
606.7 34210.80 33161.40 96.93
608.1 34483.94 33428.94 96.94
609.5 34774.03 33708.85 96.94
610.9 35139.01 34055.48 96.92
612.3 35462.58 34386.90 96.97
613.7 35909.44 34820.48 96.97
615.1 36223.20 35118.36 96.95
616.5 36545.85 35435.19 96.96
617.9 37036.98 35923.24 96.99
619.3 37494.41 36369.30 97.00
620.7 38051.02 36920.52 97.03
622.1 38641.49 37472.75 96.98
623.5 39289.89 38070.14 96.90
624.9 40013.40 38736.34 96.81
626.3 40479.43 39182.22 96.80
627.7 40087.97 38800.89 96.79
629.1 39710.48 38459.61 96.85
630.5 39552.45 38341.08 96.94
631.9 39557.81 38368.19 96.99
633.3 39572.53 38411.30 97.07
634.7 39751.95 38601.42 97.11
636.1 39830.37 38678.87 97.11
637.5 39936.85 38809.73 97.18
638.9 40099.55 38980.44 97.21
640.2 40240.49 39130.59 97.24
641.6 40287.78 39187.98 97.27
643.0 40238.03 39158.45 97.32
644.4 40224.03 39155.86 97.34
645.8 40114.18 39053.12 97.35
647.2 40273.35 39213.72 97.37
648.5 40378.39 39330.68 97.41
649.9 40207.64 39155.61 97.38
651.3 40068.15 39035.40 97.42
652.7 39902.40 38864.55 97.40
654.1 39689.64 38639.22 97.35
655.5 39416.14 38341.05 97.27
656.8 39148.45 38028.96 97.14
658.2 39361.62 38223.32 97.11
659.6 39806.72 38631.40 97.05
660.9 40175.43 38974.98 97.01
662.3 40554.61 39319.31 96.95
663.7 40918.50 39652.20 96.91
665.0 41229.34 39942.35 96.88
666.4 41547.80 40232.40 96.83
667.8 41946.66 40619.13 96.84
669.1 42284.47 40926.59 96.79
670.5 42673.95 41295.27 96.77
671.9 42913.44 41524.20 96.76
673.2 43266.07 41842.75 96.71
674.6 43566.00 42139.83 96.73
676.0 43930.78 42509.05 96.76
677.3 44282.02 42846.94 96.76
678.7 44697.25 43245.88 96.75
680.0 45213.86 43758.98 96.78
681.4 45766.98 44299.00 96.79
682.8 46293.98 44817.50 96.81
684.1 46823.40 45321.12 96.79
685.5 47322.04 45786.85 96.76
686.8 47792.88 46250.46 96.77
688.2 48223.18 46651.61 96.74
689.5 48388.99 46811.83 96.74
690.9 48523.61 46921.84 96.70
692.2 48646.35 47022.00 96.66
693.6 48753.62 47111.71 96.63
694.9 48726.02 47069.98 96.60
696.2 48776.96 47110.61 96.58
697.6 48830.24 47145.18 96.55
698.9 48898.08 47187.36 96.50
700.3 48978.48 47248.32 96.47
701.6 49085.51 47328.88 96.42
703.0 49193.20 47411.61 96.38
704.3 49249.85 47443.18 96.33
705.6 49257.45 47404.89 96.24
707.0 49309.07 47412.89 96.15
708.3 49207.12 47289.59 96.10
709.6 49114.54 47150.30 96.00
711.0 48939.26 46950.94 95.94
712.3 48769.81 46725.24 95.81
713.6 48704.04 46622.52 95.73
714.9 48602.78 46446.08 95.56
716.3 48588.70 46368.99 95.43
717.6 48617.52 46323.90 95.28
718.9 48536.49 46167.75 95.12
720.2 48307.49 45875.41 94.97
721.6 48153.95 45627.40 94.75
722.9 47936.01 45347.43 94.60
724.2 47639.85 44993.03 94.44
725.5 47424.98 44701.85 94.26
726.8 47209.28 44410.77 94.07
728.1 47104.31 44211.69 93.86
729.5 46996.71 43991.15 93.60
730.8 46923.49 43813.69 93.37
732.1 46798.99 43579.51 93.12
733.4 46744.13 43405.84 92.86
734.7 46680.56 43251.74 92.65
736.0 46677.48 43170.34 92.49
737.3 46612.39 43036.65 92.33
738.6 46734.01 43091.39 92.21
739.9 46954.51 43265.78 92.14
741.2 47125.26 43387.89 92.07
742.5 47447.37 43666.32 92.03
743.8 47996.03 44146.99 91.98
745.1 48809.24 44910.42 92.01
746.4 49781.55 45765.27 91.93
747.7 50790.38 46653.39 91.85
749.0 51767.36 47529.16 91.81
750.3 52328.61 48040.65 91.81
751.6 52272.25 47948.53 91.73
752.9 51775.93 47473.39 91.69
754.2 51201.15 46933.85 91.67
755.4 50592.92 46356.38 91.63
756.7 50384.83 46165.58 91.63
758.0 50414.79 46184.86 91.61
759.3 50743.55 46472.66 91.58
760.6 51174.20 46877.60 91.60
761.9 51603.98 47264.42 91.59
763.1 51849.31 47491.96 91.60
764.4 52152.71 47778.10 91.61
765.7 52377.00 47973.25 91.59
767.0 52549.38 48137.24 91.60
768.2 52701.60 48273.12 91.60
769.5 52810.63 48378.13 91.61
770.8 53045.44 48601.77 91.62
772.0 53100.56 48651.58 91.62
773.3 53188.98 48748.15 91.65
774.6 53354.08 48899.34 91.65
775.8 53461.20 49028.53 91.71
777.1 53508.78 49071.26 91.71
778.4 53425.65 49016.70 91.75
779.6 53400.84 49014.96 91.79
780.9 53292.00 48916.00 91.79
782.1 53076.89 48755.97 91.86
783.4 53094.08 48780.16 91.87
784.6 53123.36 48821.96 91.90
785.9 53493.24 49198.26 91.97
787.1 54140.96 49828.89 92.04
788.4 54650.90 50299.92 92.04
789.6 54606.79 50265.29 92.05
790.9 54195.46 49878.09 92.03
792.1 53621.44 49385.60 92.10
793.4 53038.60 48849.95 92.10
794.6 52638.96 48489.45 92.12
795.8 52305.98 48231.81 92.21
797.1 51958.28 47927.70 92.24
798.3 51700.28 47698.20 92.26
799.5 51533.89 47581.22 92.33
800.8 51368.49 47415.68 92.30
802.0 51198.04 47265.64 92.32
803.2 50985.60 47089.36 92.36
804.5 50860.04 46961.64 92.34
805.7 50719.84 46825.97 92.32
806.9 50562.35 46693.48 92.35
808.1 50423.43 46559.34 92.34
809.4 50370.79 46495.76 92.31
810.6 50259.30 46387.25 92.30
811.8 50219.77 46346.86 92.29
813.0 50240.18 46346.84 92.25
814.2 50269.35 46349.84 92.20
815.4 50395.26 46438.35 92.15
816.6 50435.43 46432.24 92.06
817.9 50520.02 46463.04 91.97
819.1 50453.18 46354.84 91.88
820.3 50292.84 46161.24 91.78
821.5 50186.52 45999.27 91.66
822.7 50129.14 45906.38 91.58
823.9 50164.82 45848.24 91.40
825.1 50200.66 45777.75 91.19
826.3 50240.05 45729.35 91.02
827.5 50318.09 45666.00 90.75
828.7 50415.36 45631.92 90.51
829.9 50507.84 45583.25 90.25
831.0 50650.69 45605.38 90.04
832.2 50792.03 45614.83 89.81
833.4 50916.96 45650.33 89.66
834.6 51046.88 45660.94 89.45
835.8 51200.10 45728.55 89.31
837.0 51345.98 45806.14 89.21
838.1 51556.89 45944.50 89.11
839.3 51695.05 46016.63 89.02
840.5 51868.53 46110.29 88.90
841.7 52057.89 46258.70 88.86
842.9 52261.97 46382.94 88.75
844.0 52431.51 46498.10 88.68
845.2 52643.35 46670.83 88.65
846.4 52843.91 46772.99 88.51
847.5 53153.14 47004.23 88.43
848.7 53388.72 47175.77 88.36
849.9 53666.68 47332.06 88.20
851.0 53788.26 47395.15 88.11
852.2 53905.28 47461.62 88.05
853.3 53940.07 47450.86 87.97
854.5 54007.25 47444.95 87.85
855.6 54016.74 47456.10 87.85
856.8 54107.98 47477.43 87.75
857.9 54162.24 47459.42 87.62
859.1 54349.20 47566.40 87.52
860.2 54391.08 47571.00 87.46
861.4 54467.60 47597.06 87.39
862.5 54552.96 47643.44 87.33
863.7 54662.15 47707.29 87.28
864.8 54702.90 47680.50 87.16
865.9 54674.99 47603.61 87.07
867.1 54786.85 47624.36 86.93
868.2 54827.42 47638.53 86.89
869.3 54894.96 47621.25 86.75
870.5 54823.91 47521.21 86.68
871.6 54852.19 47500.34 86.60
872.7 54976.29 47557.21 86.50
873.9 55056.83 47541.95 86.35
875.0 55062.49 47482.58 86.23
876.1 55095.98 47478.21 86.17
877.2 55156.47 47449.29 86.03
878.3 55149.66 47367.86 85.89
879.4 55272.06 47414.32 85.78
880.5 55376.64 47411.28 85.62
881.7 55347.50 47303.10 85.47
882.8 55420.30 47330.81 85.40
883.9 55513.79 47316.77 85.23
885.0 55479.74 47192.83 85.06
886.1 55501.34 47117.54 84.89
887.2 55343.74 46920.50 84.78
888.3 55258.91 46752.01 84.61
889.4 55154.68 46571.06 84.44
890.5 55047.57 46456.80 84.39
891.6 55001.16 46312.49 84.20
892.7 55026.90 46223.68 84.00
893.8 55055.10 46215.40 83.94
894.9 55090.42 46133.89 83.74
896.0 55028.29 46061.87 83.71
897.0 55118.03 46014.78 83.48
898.1 55158.46 45973.13 83.35
899.2 55180.72 45906.10 83.19
900.3 55062.96 45701.13 83.00
901.4 54962.33 45553.68 82.88
902.4 55001.76 45579.11 82.87
903.5 54972.37 45388.81 82.57
904.6 54964.96 45321.98 82.46
905.7 55017.73 45288.40 82.32
906.7 55035.12 45188.15 82.11
907.8 55039.86 45132.10 82.00
908.9 54991.33 44962.87 81.76
909.9 54943.35 44858.69 81.65
911.0 54872.96 44673.16 81.41
912.1 54790.79 44513.21 81.24
913.1 54735.20 44301.92 80.94
914.2 54541.69 44107.88 80.87
915.2 54595.35 44015.94 80.62
916.3 54551.40 43848.15 80.38
917.3 54573.71 43703.42 80.08
918.4 54446.43 43528.65 79.95
919.4 54414.23 43316.18 79.60
920.5 54428.77 43158.74 79.29
921.5 54475.89 42992.46 78.92
922.6 54410.90 42783.02 78.63
923.6 54447.03 42623.21 78.28
924.7 54459.50 42462.50 77.97
925.7 54495.48 42267.12 77.56
926.7 54553.81 42069.95 77.12
927.8 54636.73 41925.10 76.73
928.8 54842.19 41850.60 76.31
929.9 55044.05 41783.28 75.91
930.9 55283.54 41708.13 75.44
931.9 55540.52 41632.33 74.96
932.9 55963.96 41749.04 74.60
934.0 56021.37 41526.82 74.13
935.0 56120.05 41356.58 73.69
936.0 56003.16 41019.24 73.24
937.0 55977.87 40752.27 72.80
938.1 55974.27 40505.50 72.36
939.1 55917.43 40222.57 71.93
940.1 56074.66 40049.86 71.42
941.1 56382.36 40007.73 70.96
942.1 56663.67 39892.02 70.40
943.1 56919.06 39759.64 69.85
944.1 57215.88 39652.53 69.30
945.2 57301.02 39476.64 68.89
946.2 57440.15 39208.11 68.26
947.2 57566.00 38974.75 67.70
948.2 57830.17 38739.28 66.99
949.2 57915.81 38523.06 66.52
950.2 58040.55 38145.75 65.72
951.2 58176.72 37884.84 65.12
952.2 58298.86 37626.23 64.54
953.2 58588.08 37456.74 63.93
954.2 58732.20 37220.18 63.37
955.2 58792.29 36946.81 62.84
956.2 58815.84 36648.36 62.31
957.2 58926.82 36464.06 61.88
958.2 59082.07 36300.50 61.44
959.2 59207.40 36130.50 61.02
960.1 59348.74 36048.36 60.74
961.1 59359.58 35946.49 60.56
962.1 59493.75 35892.19 60.33
963.1 59598.25 35828.27 60.12
964.1 59786.68 35916.83 60.07
965.1 59964.50 35832.91 59.76
966.1 60040.47 35764.61 59.57
967.0 60244.94 35807.10 59.44
968.0 60221.39 35754.50 59.37
969.0 60305.20 35759.40 59.30
970.0 60412.43 35801.60 59.26
971.0 60471.39 35863.59 59.31
971.9 60602.51 35874.98 59.20
972.9 60755.71 35922.34 59.13
973.9 60849.75 35945.00 59.07
974.9 61002.11 36062.62 59.12
975.8 61135.91 36159.31 59.15
976.8 61284.89 36266.98 59.18
977.8 61421.26 36253.84 59.02
978.8 61596.45 36365.40 59.04
979.7 61642.27 36596.66 59.37
980.7 61834.58 36663.33 59.29
981.7 62172.83 36868.92 59.30
982.6 62605.04 37303.77 59.59
983.6 63245.05 37839.84 59.83
984.6 63939.77 38400.09 60.06
985.5 64840.68 38918.16 60.02
986.5 65844.49 39838.68 60.50
987.5 66724.84 40694.82 60.99
988.4 68288.00 41719.70 61.09
989.4 69534.49 43068.94 61.94
990.4 71817.24 44666.82 62.20
991.3 73281.68 46014.08 62.79
992.3 74535.98 46951.80 62.99
993.2 77416.28 49142.51 63.48
994.2 79445.93 50855.51 64.01
995.2 80574.48 51478.14 63.89
996.1 80992.61 52568.79 64.91
997.1 82080.18 52765.83 64.29
998.0 80511.00 53103.00 65.96
999.0 81661.15 53838.54 65.93
1000.0 81378.26 54377.18 66.82
1000.9 81845.92 55088.60 67.31
1001.9 81897.87 55139.16 67.33
1002.8 82374.07 53940.38 65.48
1003.8 81609.14 54115.15 66.31
1004.8 81688.44 54763.20 67.04
961.5 75985.22 37318.87 49.11
965.5 74100.90 37018.46 49.96
969.5 70587.41 36475.87 51.67
973.4 67194.39 35701.78 53.13
977.4 64603.44 35114.74 54.35
981.4 63251.87 35105.39 55.50
985.3 62876.14 35428.62 56.35
989.3 63064.38 35998.10 57.08
993.3 63365.29 36586.57 57.74
997.2 63438.27 37034.68 58.38
1001.2 63409.53 37433.37 59.03
1005.2 63357.85 37848.40 59.74
1009.1 63463.11 38385.48 60.48
1013.1 63704.79 39064.51 61.32
1017.1 63952.31 39767.50 62.18
1021.0 64068.74 40381.61 63.03
1025.0 64097.72 40984.05 63.94
1029.0 63930.84 41430.17 64.80
1032.9 63818.42 41883.14 65.63
1036.9 63891.54 42461.09 66.46
1040.9 64103.12 43141.95 67.30
1044.8 64414.80 43852.31 68.08
1048.8 64707.93 44492.90 68.76
1052.7 64944.71 45046.82 69.36
1056.7 65091.36 45437.84 69.81
1060.7 65194.70 45720.92 70.13
1064.6 65271.31 45914.95 70.34
1068.6 65221.52 45951.45 70.45
1072.5 65189.88 45912.93 70.43
1076.5 65194.55 45802.39 70.25
1080.4 65234.73 45643.63 69.97
1084.4 65410.41 45507.53 69.57
1088.3 65596.33 45305.18 69.07
1092.3 65667.83 44920.66 68.41
1096.2 65724.30 44489.41 67.69
1100.2 65797.69 44071.46 66.98
1104.1 65695.91 43486.47 66.19
1108.1 65682.50 42946.25 65.38
1112.0 65613.16 42360.89 64.56
1116.0 65416.30 41640.43 63.65
1119.9 65241.08 40805.87 62.55
1123.9 65374.05 39969.22 61.14
1127.8 65376.00 38714.88 59.22
1131.8 65389.13 37063.68 56.68
1135.7 65456.72 35141.24 53.69
1139.6 65507.30 33038.57 50.43
1143.6 65510.21 31018.18 47.35
1147.5 65490.53 29301.54 44.74
1151.4 65354.19 27895.59 42.68
1155.4 65378.22 26963.50 41.24
1159.3 65419.59 26346.46 40.27
1163.2 65259.60 25829.96 39.58
1167.2 65230.03 25519.86 39.12
1171.1 65282.82 25292.28 38.74
1175.0 65242.12 25052.28 38.40
1179.0 65227.68 24824.59 38.06
1182.9 65401.75 24666.49 37.72
1186.8 65409.09 24482.13 37.43
1190.7 65132.77 24203.39 37.16
1194.7 64829.75 23932.19 36.92
1198.6 64578.94 23738.72 36.76
1202.5 64368.53 23611.54 36.68
1206.4 64183.16 23515.92 36.64
1210.3 64065.63 23488.21 36.66
1214.2 63955.16 23508.64 36.76
1218.2 63763.20 23562.50 36.95
1222.1 63606.64 23658.60 37.20
1226.0 63491.71 23772.39 37.44
1229.9 63386.34 23888.16 37.69
1233.8 63280.45 23977.20 37.89
1237.7 63219.60 24089.32 38.10
1241.6 63128.59 24184.67 38.31
1245.5 62954.81 24210.29 38.46
1249.4 62815.45 24226.56 38.57
1253.3 62673.73 24253.76 38.70
1257.2 62580.14 24279.75 38.80
1261.1 62461.63 24261.12 38.84
1265.0 62312.66 24189.95 38.82
1268.9 62118.33 24033.61 38.69
1272.8 62245.78 23982.75 38.53
1276.7 62509.72 23949.09 38.31
1280.6 62688.92 23786.15 37.94
1284.5 62639.57 23500.25 37.52
1288.4 62629.78 23185.19 37.02
1292.3 62498.05 22772.75 36.44
1296.2 62328.71 22298.22 35.78
1300.1 62137.97 21769.46 35.03
1303.9 61850.33 21154.57 34.20
1307.8 61552.48 20488.53 33.29
1311.7 61248.81 19771.92 32.28
1315.6 60933.83 19023.74 31.22
1319.5 60626.67 18234.93 30.08
1323.3 60349.73 17446.59 28.91
1327.2 60092.51 16671.65 27.74
1331.1 59799.27 15898.40 26.59
1335.0 59427.53 15138.78 25.47
1338.8 59179.17 14456.26 24.43
1342.7 59021.35 13851.81 23.47
1346.5 58659.32 13242.75 22.58
1350.4 58383.63 12722.54 21.79
1354.3 57968.21 12204.76 21.05
1358.1 57464.71 11681.94 20.33
1362.0 57154.83 11185.72 19.57
1365.8 57002.87 10675.76 18.73
1369.7 57115.32 10157.61 17.78
1373.5 57079.71 9510.39 16.66
1377.4 56801.36 8706.59 15.33
1381.2 56563.03 7765.34 13.73
1385.1 56480.59 6790.40 12.02
1389.0 56328.92 5857.60 10.40
1392.8 56073.25 4996.43 8.91
1396.6 55881.38 4276.14 7.65
1400.5 55603.68 3697.19 6.65
1404.3 55349.20 3246.64 5.87
1408.2 55296.70 2909.73 5.26
1412.0 55220.70 2652.77 4.80
1415.8 55240.40 2470.55 4.47
1419.6 55184.39 2336.23 4.23
1423.5 55151.16 2232.54 4.05
1427.3 55081.82 2150.96 3.91
1431.1 55055.27 2094.83 3.80
1434.9 54978.42 2047.68 3.72
1438.8 54912.52 2011.74 3.66
1442.6 54865.49 1977.96 3.61
1446.4 54743.75 1938.51 3.54
1450.2 54613.41 1916.53 3.51
1454.0 54445.69 1899.24 3.49
1457.8 54413.49 1888.86 3.47
1461.6 54395.40 1899.02 3.49
1465.4 54253.08 1905.85 3.51
1469.2 54024.14 1931.48 3.58
1473.0 53872.40 1976.44 3.67
1476.8 53771.48 2031.98 3.78
1480.7 53670.45 2103.52 3.92
1484.4 53530.13 2202.48 4.11
1488.2 53387.63 2327.88 4.36
1492.0 53186.73 2455.92 4.62
1495.8 53021.72 2573.03 4.85
1499.6 52879.92 2661.87 5.03
1503.4 52724.10 2711.28 5.14
1507.2 52577.80 2736.38 5.20
1510.9 52399.00 2767.08 5.28
1514.7 52217.91 2797.69 5.36
1518.5 52074.96 2855.47 5.48
1522.3 51892.20 2935.19 5.66
1526.0 51723.50 3016.73 5.83
1529.8 51629.18 3109.82 6.02
1533.6 51463.42 3202.60 6.22
1537.3 51280.11 3294.17 6.42
1541.1 51112.56 3388.23 6.63
1544.8 50943.75 3487.20 6.85
1548.6 50761.96 3589.17 7.07
1552.4 50639.93 3700.43 7.31
1556.1 50553.52 3800.57 7.52
1559.9 50434.85 3897.43 7.73
1563.6 50232.46 4006.35 7.98
1567.3 50048.09 4117.97 8.23
1571.1 49771.14 4231.54 8.50
1574.8 49571.28 4351.50 8.78
1578.6 49405.48 4453.62 9.01
1582.3 49235.80 4529.54 9.20
1586.0 49058.10 4585.94 9.35
1589.8 48860.60 4626.74 9.47
1593.5 48651.76 4671.89 9.60
1597.2 48462.68 4732.37 9.76
1600.9 48266.51 4784.37 9.91
1604.7 48056.25 4837.24 10.07
1608.4 47868.12 4884.18 10.20
1612.1 47665.76 4918.94 10.32
1615.8 47480.91 4961.17 10.45
1619.5 47337.67 5015.21 10.59
1623.2 47118.26 5057.33 10.73
1626.9 46884.62 5083.78 10.84
1630.6 46637.94 5108.62 10.95
1634.3 46440.71 5138.25 11.06
1638.0 46234.69 5166.77 11.18
1641.7 45983.29 5185.92 11.28
1645.4 45721.66 5197.37 11.37
1649.1 45451.06 5200.10 11.44
1652.8 45214.00 5202.50 11.51
1656.4 44984.43 5201.28 11.56
1660.1 44763.59 5196.40 11.61
1663.8 44505.31 5176.45 11.63
1667.5 44286.36 5159.29 11.65
1671.1 44095.65 5139.20 11.65
1674.8 43823.95 5102.27 11.64
1678.5 43731.11 5082.98 11.62
1682.1 43754.75 5070.61 11.59
1685.8 43773.15 5049.54 11.54
1689.5 43615.81 5002.47 11.47
1693.1 43419.14 4950.93 11.40
1696.8 43217.58 4894.88 11.33
1700.4 43009.99 4825.93 11.22
1704.0 42831.75 4757.69 11.11
1707.7 42457.89 4661.38 10.98
1711.3 42034.61 4538.17 10.80
1715.0 41737.89 4428.13 10.61
1718.6 41503.21 4339.16 10.45
1722.2 41289.68 4247.71 10.29
1725.9 41077.55 4152.77 10.11
1729.5 40894.29 4065.16 9.94
1733.1 40719.28 4006.33 9.84
1736.7 40550.60 3958.35 9.76
1740.3 40333.30 3882.30 9.63
1744.0 40211.62 3804.85 9.46
1747.5 39996.95 3727.57 9.32
1751.2 39698.46 3624.11 9.13
1754.8 39468.02 3527.42 8.94
1758.4 39265.23 3449.65 8.79
1762.0 39022.82 3358.93 8.61
1765.5 38843.65 3296.82 8.49
1769.1 38763.75 3261.60 8.41
1772.7 38660.34 3212.67 8.31
1776.3 38507.83 3159.49 8.20
1779.9 38346.98 3104.23 8.10
1783.5 38273.38 3065.28 8.01
1787.0 38117.56 3028.79 7.95
1790.6 37892.56 2993.11 7.90
1794.2 37752.64 2972.38 7.87
1797.8 37636.00 2953.47 7.85
1801.3 37540.59 2941.27 7.83
1804.9 37369.34 2921.63 7.82
1808.4 37286.76 2914.55 7.82
1812.0 37127.63 2896.91 7.80
1815.5 36939.25 2877.30 7.79
1819.1 36706.21 2864.74 7.80
1822.6 36512.41 2845.60 7.79
1826.2 36328.41 2818.56 7.76
1829.7 36122.50 2782.85 7.70
1833.2 35847.79 2747.43 7.66
1836.8 35537.63 2691.33 7.57
1840.3 35318.88 2634.57 7.46
1843.8 35173.58 2575.93 7.32
1847.3 35080.98 2519.92 7.18
1850.8 34933.50 2451.46 7.02
1854.3 34719.00 2353.79 6.78
1857.8 34596.25 2251.60 6.51
1861.3 34565.73 2139.12 6.19
1864.8 34484.56 1994.81 5.78
1868.3 34177.20 1814.22 5.31
1871.8 33852.00 1620.48 4.79
1875.3 33695.59 1415.51 4.20
1878.8 33594.56 1245.17 3.71
1882.3 33473.84 1127.95 3.37
1885.8 33253.36 1027.97 3.09
1889.3 33038.18 950.87 2.88
1892.7 32870.48 876.55 2.67
1896.2 32694.29 868.23 2.66
1899.7 32475.88 873.76 2.69
1903.1 32400.64 918.46 2.83
1906.6 32520.25 1107.24 3.40
1910.0 32900.75 1313.42 3.99
1913.5 33626.71 1559.10 4.64
1917.0 34328.71 2030.88 5.92
1920.4 34668.75 2542.38 7.33
1923.8 34795.65 2871.70 8.25
1871.2 31031.91 1041.65 3.36
1873.9 31162.64 912.76 2.93
1876.7 31183.16 758.86 2.43
1879.5 31439.50 690.46 2.20
1882.3 31070.62 649.56 2.09
1885.1 30911.32 499.96 1.62
1887.8 31015.71 428.83 1.38
1890.6 30711.07 436.61 1.42
1893.4 30675.33 315.33 1.03
1896.2 30594.29 254.44 0.83
1898.9 30555.80 314.74 1.03
1901.7 30332.20 299.80 0.99
1904.5 30533.88 290.95 0.95
1907.2 30442.75 275.50 0.90
1910.0 30280.63 255.08 0.84
1912.7 30285.22 264.22 0.87
1915.5 30140.54 259.67 0.86
1918.2 30029.37 250.48 0.83
1921.0 29810.35 237.25 0.80
1923.7 29808.23 230.12 0.77
1926.5 29762.68 234.48 0.79
1929.2 29738.63 240.50 0.81
1932.0 29694.52 240.16 0.81
1934.7 29606.41 218.87 0.74
1937.4 29447.22 220.22 0.75
1940.2 29368.77 242.79 0.83
1942.9 29463.42 240.56 0.82
1945.6 29463.12 226.50 0.77
1948.3 29352.31 219.61 0.75
1951.1 29299.34 243.81 0.83
1953.8 29298.00 255.00 0.87
1956.5 29144.35 269.55 0.92
1959.2 29185.39 287.04 0.98
1961.9 29209.96 259.26 0.89
1964.6 29083.60 255.85 0.88
1967.3 29141.57 249.20 0.86
1970.0 28948.80 245.68 0.85
1972.8 28828.33 279.46 0.97
1975.5 28886.20 295.59 1.02
1978.2 28770.76 292.00 1.01
1980.9 28619.47 317.74 1.11
1983.5 28507.48 317.01 1.11
1986.2 28506.36 305.55 1.07
1988.9 28488.90 317.19 1.11
1991.6 28248.29 330.22 1.17
1994.3 28074.60 337.94 1.20
1997.0 28126.92 334.47 1.19
1999.7 28070.54 338.86 1.21
2002.3 28027.36 342.32 1.22
2005.0 27897.91 342.32 1.23
2007.7 27783.73 346.87 1.25
2010.4 27707.78 354.02 1.28
2013.0 27624.95 375.54 1.36
2015.7 27476.08 383.63 1.40
2018.4 27319.94 385.79 1.41
2021.0 27231.17 382.50 1.40
2023.7 27070.99 390.08 1.44
2026.4 27000.57 405.60 1.50
2029.0 26890.78 410.50 1.53
2031.7 26710.45 408.42 1.53
2034.3 26696.37 411.23 1.54
2037.0 26542.64 433.51 1.63
2039.6 26420.01 441.69 1.67
2042.3 26367.44 443.72 1.68
2044.9 26260.41 462.83 1.76
2047.5 26187.48 465.63 1.78
2050.2 26051.20 464.80 1.78
2052.8 25981.20 492.80 1.90
2055.4 25822.96 487.49 1.89
2058.1 25648.00 470.40 1.83
2060.7 25574.25 480.74 1.88
2063.3 25470.13 490.45 1.93
2065.9 25373.46 510.88 2.01
2068.6 25250.63 533.21 2.11
2071.2 25193.70 516.15 2.05
2073.8 25089.86 503.70 2.01
2076.4 25007.40 541.69 2.17
2079.0 25009.00 556.38 2.22
2081.6 24982.40 551.41 2.21
2084.2 24912.50 572.80 2.30
2086.8 24742.26 574.15 2.32
2089.4 24613.76 570.17 2.32
2092.1 24465.83 595.00 2.43
2094.7 24359.98 587.60 2.41
2097.2 24361.00 589.33 2.42
2099.8 24330.46 631.96 2.60
2102.4 24159.80 625.53 2.59
2105.0 23991.30 615.60 2.57
2107.6 23891.82 655.12 2.74
2110.2 23844.43 662.11 2.78
2112.8 23817.21 652.84 2.74
2115.3 23803.45 669.71 2.81
2117.9 23796.57 670.29 2.82
2120.5 23766.00 705.43 2.97
2123.1 23654.48 713.70 3.02
2125.6 23584.80 685.23 2.91
2128.2 23463.09 693.62 2.96
2130.8 23315.18 710.78 3.05
2133.3 23255.47 733.33 3.15
2135.9 23147.98 729.53 3.15
2138.4 22939.80 718.99 3.13
2141.0 22798.53 731.65 3.21
2143.6 22743.87 738.78 3.25
2146.1 22490.00 743.40 3.31
2148.7 22265.81 745.91 3.35
2151.2 22296.27 736.27 3.30
2153.8 22295.75 744.66 3.34
2156.3 22152.95 741.29 3.35
2158.8 22073.21 726.52 3.29
2161.4 21997.52 754.77 3.43
2163.9 21864.84 757.72 3.47
2166.4 21743.33 750.99 3.45
2169.0 21687.15 759.86 3.50
2171.5 21557.06 753.95 3.50
2174.0 21425.95 749.70 3.50
2176.5 21390.46 762.45 3.56
2179.1 21325.61 749.91 3.52
2181.6 21215.63 739.13 3.48
2184.1 21162.68 766.92 3.62
2186.6 21190.03 772.03 3.64
2189.1 21044.76 760.77 3.62
2191.6 20998.13 761.13 3.62
2194.1 21032.79 773.95 3.68
2196.6 21001.59 757.46 3.61
2199.2 21062.56 756.97 3.59
2201.7 20999.31 773.64 3.68
2204.1 20927.15 758.66 3.63
2206.6 20917.84 772.11 3.69
2209.1 20878.06 760.79 3.64
2211.6 20833.89 757.53 3.64
2214.1 20764.70 809.76 3.90
2216.6 20757.89 797.65 3.84
2219.1 20773.09 771.06 3.71
2221.6 20620.71 757.53 3.67
2224.0 20501.61 746.76 3.64
2226.5 20520.37 745.78 3.63
2229.0 20575.03 757.53 3.68
2231.5 20360.28 766.00 3.76
2233.9 20323.05 750.43 3.69
2236.4 20376.94 729.54 3.58
2238.9 20254.63 740.13 3.65
2241.3 20222.33 750.13 3.71
2243.8 20164.03 738.47 3.66
2246.2 19972.59 705.55 3.53
2248.7 19884.97 686.49 3.45
2251.2 19862.35 707.17 3.56
2253.6 19779.84 691.20 3.49
2256.1 19722.24 668.16 3.39
2258.5 19742.33 679.98 3.44
2260.9 19658.21 674.96 3.43
2263.4 19610.05 660.19 3.37
2265.8 19548.76 661.63 3.38
2268.3 19453.33 646.52 3.32
2270.7 19552.47 633.33 3.24
2273.1 19458.79 636.61 3.27
2275.6 19353.60 625.92 3.23
2278.0 19351.18 572.66 2.96
2280.4 19349.42 581.10 3.00
2282.8 19172.49 603.98 3.15
2285.3 19200.59 575.47 3.00
2287.7 19310.23 597.47 3.09
2290.1 19118.32 561.37 2.94
2292.5 19103.56 527.79 2.76
2294.9 19137.92 561.14 2.93
2297.3 18944.45 541.84 2.86
2299.7 18825.65 536.97 2.85
2302.1 18797.08 530.33 2.82
2304.5 18588.64 478.24 2.57
2306.9 18427.92 478.24 2.60
2309.3 18306.45 517.22 2.83
2311.7 18188.45 498.48 2.74
2314.1 17990.31 492.29 2.74
2316.5 17875.78 504.32 2.82
2318.9 17887.28 437.53 2.45
2321.3 17886.93 412.01 2.30
2323.7 17934.06 459.23 2.56
2326.1 17860.96 459.42 2.57
2328.4 17880.33 455.65 2.55
2330.8 17996.00 462.17 2.57
2333.2 17873.57 453.02 2.53
2335.6 17798.20 448.38 2.52
2337.9 17832.65 438.20 2.46
2340.3 17729.56 419.83 2.37
2342.7 17641.82 414.70 2.35
2345.0 17589.69 407.68 2.32
2347.4 17535.50 420.75 2.40
2349.7 17270.35 392.99 2.28
2352.1 17200.51 385.95 2.24
2354.4 17257.81 391.15 2.27
2356.8 17145.80 349.65 2.04
2359.2 17017.00 372.67 2.19
2361.5 16969.00 410.15 2.42
2363.8 17026.49 386.47 2.27
2366.2 17000.16 375.13 2.21
2368.5 16918.90 387.15 2.29
2370.9 16913.67 339.97 2.01
2373.2 16862.50 332.75 1.97
2375.5 16679.15 375.58 2.25
2377.9 16624.24 346.43 2.08
2380.2 16626.87 334.46 2.01
2382.5 16523.62 326.25 1.97
2384.8 16458.08 310.88 1.89
2387.2 16418.54 342.25 2.08
2389.5 16346.41 311.63 1.91
2391.8 16322.95 280.45 1.72
2394.1 16266.35 326.29 2.01
2396.4 16184.23 319.33 1.97
2398.7 16237.27 287.43 1.77
2401.0 16061.36 316.48 1.97
2403.3 15866.28 318.72 2.01
2405.6 15894.70 279.91 1.76
2407.9 15821.58 275.55 1.74
2410.2 15726.83 265.71 1.69
2412.5 15666.78 279.49 1.78
2414.8 15646.35 267.02 1.71
2417.1 15572.75 252.92 1.62
2419.4 15504.96 255.29 1.65
2421.7 15428.32 247.06 1.60
2424.0 15390.35 258.88 1.68
2426.2 15402.65 246.10 1.60
2428.5 15283.95 254.19 1.66
2430.8 15287.25 239.80 1.57
2433.1 15173.36 215.74 1.42
2435.4 15033.77 234.99 1.56
2437.6 15028.17 257.37 1.71
2439.9 14846.06 213.37 1.44
2442.2 14840.86 210.47 1.42
2444.4 14892.46 223.99 1.50
2446.7 14786.88 210.24 1.42
2448.9 14798.25 207.26 1.40
2451.2 14756.96 178.80 1.21
2453.4 14638.77 186.83 1.28
2455.7 14589.92 206.78 1.42
2457.9 14426.12 195.36 1.35
2460.2 14345.96 160.29 1.12
2462.4 14314.56 156.00 1.09
2464.7 14256.83 189.25 1.33
2466.9 14194.62 186.18 1.31
2469.2 14155.96 155.56 1.10
2471.4 14035.97 203.52 1.45
2473.6 13898.82 174.07 1.25
2475.9 13837.92 108.37 0.78
2478.1 13711.16 157.13 1.15
2480.3 13603.10 167.08 1.23
2482.5 13588.98 164.41 1.21
2484.8 13522.06 160.20 1.18
2487.0 13494.95 103.69 0.77
2489.2 13508.69 188.46 1.40
2491.4 13364.22 199.81 1.50
2493.6 13395.71 70.55 0.53
2495.8 13381.98 142.53 1.07
2498.0 13262.51 170.24 1.28
2500.2 13336.78 126.38 0.95
2502.4 13684.08 124.32 0.91
2504.6 13878.42 103.29 0.74
2506.8 14047.48 116.90 0.83
