/*** Spectra Vista SIG Data ***/
name= \My Documents\HR1024_Data\RCS3.
instrument= HR: 1091052
integration= 200, 38.4, 30, 200, 60, 30
scan time= 1, 1
scan settings= AD, AI, AD, AI
external data set1= 8224, 8224, 8224, 8224, 8224, 8224, 8224, 8224, 8224, 8224, 8224, 8224, 8224, 8224, 8224, 8224
external data set2= 8224, 8224, 8224, 8224, 8224, 8224, 8224, 8224, 8224, 8224, 8224, 8224, 8224, 8224, 8224, 8224
external data dark= 0,0,0,0,0,0,0,0
external data mask= 0
optic= LENS4 , LENS4 
temp= 32.02, 8.88, -5.37, 35.80, 8.88, -5.37
battery= 7.2, 7.1
error= 0, 0
units= Radiance, Radiance
time= 1/15/08 12:20:37 PM, 1/15/08 12:25:44 PM
longitude= , 
latitude= , 
gpstime= , 
comm= 
memory slot= 0, 0
factors= 
data= 
346.4 681.59 535.08 78.50
347.9 715.35 574.16 80.26
349.5 770.64 595.92 77.33
351.1 842.40 655.20 77.78
352.6 898.15 705.24 78.52
354.2 935.94 759.22 81.12
355.7 1013.62 814.94 80.40
357.3 1085.33 873.81 80.51
358.8 1118.40 898.22 80.31
360.4 1202.99 949.73 78.95
361.9 1232.81 999.48 81.07
363.5 1270.74 1052.60 82.83
365.1 1317.65 1074.93 81.58
366.6 1387.91 1139.33 82.09
368.2 1463.87 1212.06 82.80
369.7 1534.55 1270.09 82.77
371.3 1633.08 1346.63 82.46
372.8 1713.12 1417.64 82.75
374.4 1792.24 1495.20 83.43
375.9 1860.22 1545.77 83.10
377.4 1899.46 1600.23 84.25
379.0 1960.42 1651.72 84.25
380.5 2031.15 1695.70 83.48
382.1 2086.23 1749.36 83.85
383.6 2157.44 1808.73 83.84
385.2 2246.75 1886.50 83.97
386.7 2352.82 1976.48 84.00
388.3 2459.34 2062.58 83.87
389.8 2572.07 2157.57 83.88
391.3 2656.89 2241.93 84.38
392.9 2742.58 2324.37 84.75
394.4 2813.19 2385.87 84.81
395.9 2929.62 2458.62 83.92
397.5 3078.19 2584.00 83.95
399.0 3204.33 2700.66 84.28
400.6 3294.12 2759.25 83.76
402.1 3341.10 2801.88 83.86
403.6 3394.86 2831.45 83.40
405.1 3468.63 2897.38 83.53
406.7 3608.64 2997.12 83.05
408.2 3731.06 3087.32 82.75
409.7 3852.80 3178.56 82.50
411.3 3974.94 3277.26 82.45
412.8 4078.77 3358.29 82.34
414.3 4209.70 3450.98 81.98
415.8 4355.00 3550.00 81.52
417.4 4488.22 3648.26 81.29
418.9 4602.07 3729.22 81.03
420.4 4700.86 3798.57 80.81
421.9 4779.50 3847.80 80.51
423.5 4868.48 3906.46 80.24
425.0 4946.75 3964.59 80.15
426.5 5061.10 4035.55 79.74
428.0 5190.77 4137.84 79.72
429.5 5352.25 4256.13 79.52
431.1 5547.65 4396.32 79.25
432.6 5755.97 4542.87 78.92
434.1 5948.25 4679.68 78.67
435.6 6124.28 4816.22 78.64
437.1 6302.40 4953.00 78.59
438.6 6474.68 5075.60 78.39
440.1 6639.39 5190.19 78.17
441.6 6824.52 5314.64 77.88
443.1 7000.43 5441.18 77.73
444.7 7161.68 5564.94 77.70
446.2 7304.35 5672.98 77.67
447.7 7436.90 5762.68 77.49
449.2 7603.20 5875.20 77.27
450.7 7741.76 5957.12 76.95
452.2 7897.34 6060.06 76.74
453.7 8068.35 6187.23 76.69
455.2 8271.36 6330.97 76.54
456.7 8521.92 6522.56 76.54
458.2 8798.66 6736.61 76.56
459.7 9084.25 6963.25 76.65
461.2 9358.03 7183.55 76.76
462.7 9610.51 7383.75 76.83
464.2 9858.21 7596.33 77.06
465.7 10114.09 7797.26 77.09
467.2 10348.80 7996.45 77.27
468.7 10580.00 8216.00 77.66
470.2 10734.52 8362.46 77.90
471.7 10963.00 8564.25 78.12
473.2 11373.85 8883.88 78.11
474.6 11705.47 9149.81 78.17
476.1 11816.88 9262.28 78.38
477.6 11856.58 9319.66 78.60
479.1 11942.66 9419.67 78.87
480.6 12045.55 9542.32 79.22
482.1 12235.28 9699.04 79.27
483.6 12450.16 9908.26 79.58
485.1 12713.77 10143.84 79.79
486.6 13023.49 10428.68 80.08
488.0 13336.38 10715.25 80.35
489.5 13672.59 11040.14 80.75
491.0 14011.01 11364.90 81.11
492.5 14354.82 11717.46 81.63
494.0 14711.73 12067.94 82.03
495.4 15019.95 12401.40 82.57
496.9 15327.26 12748.78 83.18
498.4 15628.55 13094.87 83.79
499.9 15928.10 13451.46 84.45
501.4 16209.31 13806.44 85.18
502.8 16473.62 14153.41 85.92
504.3 16714.80 14490.00 86.69
505.8 16959.20 14828.34 87.44
507.2 17126.33 15110.70 88.23
508.7 17247.52 15352.68 89.01
510.2 17339.71 15566.39 89.77
511.6 17411.75 15760.49 90.52
513.1 17544.34 15997.85 91.19
514.6 17698.58 16267.28 91.91
516.0 17825.00 16504.17 92.59
517.5 18047.36 16803.49 93.11
519.0 18295.51 17136.26 93.66
520.5 18536.92 17452.88 94.15
521.9 18853.35 17837.48 94.61
523.4 19205.40 18243.61 94.99
524.8 19558.90 18649.11 95.35
526.3 19954.88 19086.51 95.65
527.8 20358.54 19524.65 95.90
529.2 20720.63 19922.44 96.15
530.7 21131.94 20349.21 96.30
532.1 21496.13 20723.06 96.40
533.6 21912.96 21158.69 96.56
535.0 22337.12 21590.42 96.66
536.5 22744.89 22012.56 96.78
538.0 23176.64 22455.36 96.89
539.4 23579.50 22850.85 96.91
540.9 24073.87 23338.79 96.95
542.3 24503.44 23750.49 96.93
543.8 24803.15 24056.67 96.99
545.2 24902.77 24156.14 97.00
546.6 24905.23 24172.78 97.06
548.1 24938.84 24215.90 97.10
549.5 24960.43 24254.49 97.17
551.0 24980.05 24270.61 97.16
552.4 25028.39 24335.84 97.23
553.9 25067.16 24379.80 97.26
555.3 25131.60 24447.15 97.28
556.8 25277.69 24581.80 97.25
558.2 25413.75 24726.94 97.30
559.6 25588.96 24906.48 97.33
561.1 25845.63 25155.00 97.33
562.5 26127.16 25433.28 97.34
564.0 26493.28 25789.54 97.34
565.4 26820.56 26123.94 97.40
566.8 27250.49 26537.71 97.38
568.3 27646.12 26930.64 97.41
569.7 28068.80 27347.18 97.43
571.1 28477.04 27756.56 97.47
572.6 28887.84 28160.46 97.48
574.0 29285.85 28553.25 97.50
575.4 29666.25 28932.19 97.53
576.9 30024.23 29275.79 97.51
578.3 30349.96 29593.85 97.51
579.7 30653.88 29891.47 97.51
581.1 30910.34 30139.27 97.51
582.6 31174.82 30394.13 97.50
584.0 31418.40 30621.28 97.46
585.4 31752.38 30929.69 97.41
586.8 32199.46 31342.50 97.34
588.3 32687.46 31798.26 97.28
589.7 33118.02 32182.02 97.17
591.1 33373.37 32431.91 97.18
592.5 33516.68 32555.11 97.13
594.0 33586.38 32605.14 97.08
595.4 33595.98 32623.70 97.11
596.8 33610.01 32616.87 97.05
598.2 33616.52 32612.16 97.01
599.6 33610.59 32585.94 96.95
601.0 33699.08 32652.89 96.90
602.4 33774.48 32713.90 96.86
603.9 33926.33 32846.78 96.82
605.3 34072.12 32994.77 96.84
606.7 34210.80 33127.20 96.83
608.1 34483.94 33381.62 96.80
609.5 34774.03 33678.03 96.85
610.9 35139.01 34021.83 96.82
612.3 35462.58 34347.06 96.85
613.7 35909.44 34784.40 96.87
615.1 36223.20 35089.20 96.87
616.5 36545.85 35404.70 96.88
617.9 37036.98 35889.59 96.90
619.3 37494.41 36337.20 96.91
620.7 38051.02 36889.83 96.95
622.1 38641.49 37446.15 96.91
623.5 39289.89 38037.03 96.81
624.9 40013.40 38705.10 96.73
626.3 40479.43 39151.38 96.72
627.7 40087.97 38775.35 96.73
629.1 39710.48 38439.66 96.80
630.5 39552.45 38316.69 96.88
631.9 39557.81 38359.90 96.97
633.3 39572.53 38396.54 97.03
634.7 39751.95 38580.00 97.05
636.1 39830.37 38672.32 97.09
637.5 39936.85 38783.00 97.11
638.9 40099.55 38964.55 97.17
640.2 40240.49 39123.66 97.22
641.6 40287.78 39185.64 97.26
643.0 40238.03 39160.82 97.32
644.4 40224.03 39148.67 97.33
645.8 40114.18 39057.97 97.37
647.2 40273.35 39216.19 97.38
648.5 40378.39 39328.16 97.40
649.9 40207.64 39175.89 97.43
651.3 40068.15 39040.50 97.44
652.7 39902.40 38872.20 97.42
654.1 39689.64 38639.22 97.35
655.5 39416.14 38341.05 97.27
656.8 39148.45 38028.96 97.14
658.2 39361.62 38223.32 97.11
659.6 39806.72 38640.09 97.07
660.9 40175.43 38972.83 97.01
662.3 40554.61 39323.56 96.96
663.7 40918.50 39666.90 96.94
665.0 41229.34 39952.76 96.90
666.4 41547.80 40232.40 96.83
667.8 41946.66 40617.08 96.83
669.1 42284.47 40930.68 96.80
670.5 42673.95 41305.48 96.79
671.9 42913.44 41528.28 96.77
673.2 43266.07 41857.06 96.74
674.6 43566.00 42152.16 96.75
676.0 43930.78 42511.12 96.77
677.3 44282.02 42859.51 96.79
678.7 44697.25 43269.25 96.81
680.0 45213.86 43771.97 96.81
681.4 45766.98 44318.96 96.84
682.8 46293.98 44828.88 96.84
684.1 46823.40 45358.56 96.87
685.5 47322.04 45806.07 96.80
686.8 47792.88 46272.60 96.82
688.2 48223.18 46684.14 96.81
689.5 48388.99 46837.10 96.79
690.9 48523.61 46952.35 96.76
692.2 48646.35 47055.15 96.73
693.6 48753.62 47137.28 96.68
694.9 48726.02 47098.22 96.66
696.2 48776.96 47141.66 96.65
697.6 48830.24 47181.75 96.62
698.9 48898.08 47226.96 96.58
700.3 48978.48 47280.36 96.53
701.6 49085.51 47361.31 96.49
703.0 49193.20 47449.86 96.46
704.3 49249.85 47465.28 96.38
705.6 49257.45 47441.16 96.31
707.0 49309.07 47455.15 96.24
708.3 49207.12 47318.04 96.16
709.6 49114.54 47176.11 96.05
711.0 48939.26 46976.95 95.99
712.3 48769.81 46760.19 95.88
713.6 48704.04 46640.16 95.76
714.9 48602.78 46478.66 95.63
716.3 48588.70 46395.88 95.49
717.6 48617.52 46341.96 95.32
718.9 48536.49 46188.87 95.16
720.2 48307.49 45896.48 95.01
721.6 48153.95 45672.25 94.85
722.9 47936.01 45388.80 94.69
724.2 47639.85 45007.60 94.47
725.5 47424.98 44719.08 94.29
726.8 47209.28 44430.60 94.11
728.1 47104.31 44225.68 93.89
729.5 46996.71 44010.51 93.65
730.8 46923.49 43832.85 93.41
732.1 46798.99 43601.19 93.17
733.4 46744.13 43432.74 92.92
734.7 46680.56 43273.12 92.70
736.0 46677.48 43196.99 92.54
737.3 46612.39 43044.64 92.35
738.6 46734.01 43110.10 92.25
739.9 46954.51 43265.78 92.14
741.2 47125.26 43407.00 92.11
742.5 47447.37 43688.66 92.08
743.8 47996.03 44167.20 92.02
745.1 48809.24 44910.42 92.01
746.4 49781.55 45790.75 91.98
747.7 50790.38 46693.62 91.93
749.0 51767.36 47557.02 91.87
750.3 52328.61 48068.93 91.86
751.6 52272.25 47966.00 91.76
752.9 51775.93 47493.68 91.73
754.2 51201.15 46956.63 91.71
755.4 50592.92 46387.86 91.69
756.7 50384.83 46193.28 91.68
758.0 50414.79 46209.24 91.66
759.3 50743.55 46509.32 91.66
760.6 51174.20 46908.40 91.66
761.9 51603.98 47295.59 91.65
763.1 51849.31 47539.32 91.69
764.4 52152.71 47816.53 91.69
765.7 52377.00 48002.50 91.65
767.0 52549.38 48176.87 91.68
768.2 52701.60 48333.60 91.71
769.5 52810.63 48425.98 91.70
770.8 53045.44 48664.46 91.74
772.0 53100.56 48694.12 91.70
773.3 53188.98 48809.48 91.77
774.6 53354.08 48954.43 91.75
775.8 53461.20 49077.11 91.80
777.1 53508.78 49120.70 91.80
778.4 53425.65 49059.24 91.83
779.6 53400.84 49050.33 91.85
780.9 53292.00 48980.00 91.91
782.1 53076.89 48808.91 91.96
783.4 53094.08 48842.56 91.99
784.6 53123.36 48894.72 92.04
785.9 53493.24 49274.08 92.11
787.1 54140.96 49894.79 92.16
788.4 54650.90 50378.76 92.18
789.6 54606.79 50330.38 92.17
790.9 54195.46 49952.53 92.17
792.1 53621.44 49444.16 92.21
793.4 53038.60 48912.26 92.22
794.6 52638.96 48564.81 92.26
795.8 52305.98 48305.97 92.35
797.1 51958.28 47991.75 92.37
798.3 51700.28 47761.73 92.38
799.5 51533.89 47653.58 92.47
800.8 51368.49 47501.51 92.47
802.0 51198.04 47356.04 92.50
803.2 50985.60 47175.24 92.53
804.5 50860.04 47056.61 92.52
805.7 50719.84 46925.46 92.52
806.9 50562.35 46774.93 92.51
808.1 50423.43 46654.47 92.53
809.4 50370.79 46595.59 92.51
810.6 50259.30 46478.25 92.48
811.8 50219.77 46420.02 92.43
813.0 50240.18 46425.17 92.41
814.2 50269.35 46419.66 92.34
815.4 50395.26 46513.63 92.30
816.6 50435.43 46512.78 92.22
817.9 50520.02 46519.98 92.08
819.1 50453.18 46430.56 92.03
820.3 50292.84 46236.36 91.93
821.5 50186.52 46083.01 91.82
822.7 50129.14 45957.09 91.68
823.9 50164.82 45916.90 91.53
825.1 50200.66 45846.08 91.33
826.3 50240.05 45792.94 91.15
827.5 50318.09 45738.76 90.90
828.7 50415.36 45677.52 90.60
829.9 50507.84 45647.27 90.38
831.0 50650.69 45651.33 90.13
832.2 50792.03 45679.55 89.93
833.4 50916.96 45692.20 89.74
834.6 51046.88 45717.19 89.56
835.8 51200.10 45766.35 89.39
837.0 51345.98 45868.12 89.33
838.1 51556.89 45983.04 89.19
839.3 51695.05 46040.98 89.06
840.5 51868.53 46159.59 88.99
841.7 52057.89 46318.64 88.98
842.9 52261.97 46438.74 88.86
844.0 52431.51 46534.19 88.75
845.2 52643.35 46702.37 88.71
846.4 52843.91 46810.59 88.58
847.5 53153.14 47031.71 88.48
848.7 53388.72 47215.09 88.44
849.9 53666.68 47389.34 88.30
851.0 53788.26 47465.02 88.24
852.2 53905.28 47538.19 88.19
853.3 53940.07 47504.35 88.07
854.5 54007.25 47498.84 87.95
855.6 54016.74 47462.13 87.87
856.8 54107.98 47513.90 87.81
857.9 54162.24 47502.35 87.70
859.1 54349.20 47647.00 87.67
860.2 54391.08 47608.68 87.53
861.4 54467.60 47648.00 87.48
862.5 54552.96 47656.35 87.36
863.7 54662.15 47746.62 87.35
864.8 54702.90 47753.65 87.30
865.9 54674.99 47657.59 87.17
867.1 54786.85 47679.14 87.03
868.2 54827.42 47673.29 86.95
869.3 54894.96 47670.64 86.84
870.5 54823.91 47571.28 86.77
871.6 54852.19 47529.37 86.65
872.7 54976.29 47601.42 86.59
873.9 55056.83 47609.24 86.47
875.0 55062.49 47512.93 86.29
876.1 55095.98 47501.32 86.22
877.2 55156.47 47480.62 86.08
878.3 55149.66 47439.54 86.02
879.4 55272.06 47471.14 85.89
880.5 55376.64 47469.24 85.72
881.7 55347.50 47336.90 85.53
882.8 55420.30 47373.89 85.48
883.9 55513.79 47334.29 85.27
885.0 55479.74 47246.06 85.16
886.1 55501.34 47144.38 84.94
887.2 55343.74 46956.42 84.85
888.3 55258.91 46778.99 84.65
889.4 55154.68 46616.05 84.52
890.5 55047.57 46465.80 84.41
891.6 55001.16 46366.63 84.30
892.7 55026.90 46277.96 84.10
893.8 55055.10 46224.48 83.96
894.9 55090.42 46152.15 83.78
896.0 55028.29 46098.58 83.77
897.0 55118.03 46033.25 83.52
898.1 55158.46 46000.99 83.40
899.2 55180.72 45934.12 83.24
900.3 55062.96 45757.47 83.10
901.4 54962.33 45581.96 82.93
902.4 55001.76 45541.23 82.80
903.5 54972.37 45417.33 82.62
904.6 54964.96 45312.44 82.44
905.7 55017.73 45259.62 82.26
906.7 55035.12 45178.52 82.09
907.8 55039.86 45122.42 81.98
908.9 54991.33 44972.59 81.78
909.9 54943.35 44878.21 81.68
911.0 54872.96 44702.59 81.47
912.1 54790.79 44493.54 81.21
913.1 54735.20 44341.44 81.01
914.2 54541.69 44097.96 80.85
915.2 54595.35 43975.98 80.55
916.3 54551.40 43878.30 80.43
917.3 54573.71 43723.62 80.12
918.4 54446.43 43487.95 79.87
919.4 54414.23 43295.69 79.57
920.5 54428.77 43169.07 79.31
921.5 54475.89 43002.89 78.94
922.6 54410.90 42761.95 78.59
923.6 54447.03 42655.14 78.34
924.7 54459.50 42441.00 77.93
925.7 54495.48 42223.68 77.48
926.7 54553.81 42069.95 77.12
927.8 54636.73 41969.43 76.82
928.8 54842.19 41861.79 76.33
929.9 55044.05 41726.76 75.81
930.9 55283.54 41708.13 75.44
931.9 55540.52 41666.92 75.02
932.9 55963.96 41690.88 74.50
934.0 56021.37 41561.97 74.19
935.0 56120.05 41356.58 73.69
936.0 56003.16 41078.46 73.35
937.0 55977.87 40764.17 72.82
938.1 55974.27 40469.66 72.30
939.1 55917.43 40198.54 71.89
940.1 56074.66 40025.58 71.38
941.1 56382.36 39995.43 70.94
942.1 56663.67 39967.01 70.53
943.1 56919.06 39772.32 69.88
944.1 57215.88 39665.39 69.33
945.2 57301.02 39437.58 68.83
946.2 57440.15 39155.34 68.17
947.2 57566.00 38934.63 67.63
948.2 57830.17 38780.07 67.06
949.2 57915.81 38454.00 66.40
950.2 58040.55 38173.85 65.77
951.2 58176.72 37927.68 65.19
952.2 58298.86 37655.28 64.59
953.2 58588.08 37441.95 63.91
954.2 58732.20 37235.25 63.40
955.2 58792.29 36870.00 62.71
956.2 58815.84 36664.01 62.34
957.2 58926.82 36464.06 61.88
958.2 59082.07 36267.88 61.39
959.2 59207.40 36163.80 61.08
960.1 59348.74 36014.32 60.68
961.1 59359.58 35946.49 60.56
962.1 59493.75 35874.38 60.30
963.1 59598.25 35846.51 60.15
964.1 59786.68 35767.41 59.83
965.1 59964.50 35871.28 59.82
966.1 60040.47 35725.26 59.50
967.0 60244.94 35888.02 59.57
968.0 60221.39 35858.44 59.54
969.0 60305.20 35845.00 59.44
970.0 60412.43 35779.52 59.23
971.0 60471.39 35795.24 59.19
971.9 60602.51 35851.37 59.16
972.9 60755.71 35971.51 59.21
973.9 60849.75 36047.70 59.24
974.9 61002.11 36062.62 59.12
975.8 61135.91 36102.54 59.05
976.8 61284.89 36027.00 58.79
977.8 61421.26 36221.98 58.97
978.8 61596.45 36467.55 59.20
979.7 61642.27 36633.33 59.43
980.7 61834.58 36782.63 59.49
981.7 62172.83 36955.88 59.44
982.6 62605.04 37351.78 59.66
983.6 63245.05 37732.64 59.66
984.6 63939.77 38400.09 60.06
985.5 64840.68 38918.16 60.02
986.5 65844.49 39443.46 59.90
987.5 66724.84 40878.13 61.26
988.4 68288.00 41292.90 60.47
989.4 69534.49 42819.26 61.58
990.4 71817.24 44520.85 61.99
991.3 73281.68 46184.50 63.02
992.3 74535.98 46169.27 61.94
993.2 77416.28 48244.93 62.32
994.2 79445.93 50602.50 63.69
995.2 80574.48 51478.14 63.89
996.1 80992.61 52874.42 65.28
997.1 82080.18 53091.55 64.68
998.0 80511.00 53103.00 65.96
999.0 81661.15 53115.88 65.04
1000.0 81378.26 54377.18 66.82
1000.9 81845.92 55482.09 67.79
1001.9 81897.87 53922.86 65.84
1002.8 82374.07 54776.67 66.50
1003.8 81609.14 55860.80 68.45
1004.8 81688.44 54306.84 66.48
961.5 75985.22 37028.82 48.73
965.5 74100.90 37018.46 49.96
969.5 70587.41 36346.98 51.49
973.4 67194.39 35566.54 52.93
977.4 64603.44 35114.74 54.35
981.4 63251.87 35105.39 55.50
985.3 62876.14 35441.74 56.37
989.3 63064.38 35998.10 57.08
993.3 63365.29 36578.40 57.73
997.2 63438.27 37020.03 58.36
1001.2 63409.53 37419.59 59.01
1005.2 63357.85 37828.59 59.71
1009.1 63463.11 38379.18 60.47
1013.1 63704.79 39058.50 61.31
1017.1 63952.31 39767.50 62.18
1021.0 64068.74 40370.40 63.01
1025.0 64097.72 40962.05 63.91
1029.0 63930.84 41451.83 64.84
1032.9 63818.42 41909.79 65.67
1036.9 63891.54 42461.09 66.46
1040.9 64103.12 43116.40 67.26
1044.8 64414.80 43847.32 68.07
1048.8 64707.93 44502.72 68.77
1052.7 64944.71 45051.64 69.37
1056.7 65091.36 45447.33 69.82
1060.7 65194.70 45734.97 70.15
1064.6 65271.31 45933.44 70.37
1068.6 65221.52 45965.10 70.48
1072.5 65189.88 45926.37 70.45
1076.5 65194.55 45824.38 70.29
1080.4 65234.73 45656.60 69.99
1084.4 65410.41 45511.79 69.58
1088.3 65596.33 45309.39 69.07
1092.3 65667.83 44912.30 68.39
1096.2 65724.30 44472.77 67.67
1100.2 65797.69 44050.78 66.95
1104.1 65695.91 43474.19 66.17
1108.1 65682.50 42954.33 65.40
1112.0 65613.16 42356.88 64.56
1116.0 65416.30 41620.61 63.62
1119.9 65241.08 40801.96 62.54
1123.9 65374.05 39957.62 61.12
1127.8 65376.00 38711.04 59.21
1131.8 65389.13 37063.68 56.68
1135.7 65456.72 35129.84 53.67
1139.6 65507.30 33027.19 50.42
1143.6 65510.21 31003.10 47.33
1147.5 65490.53 29294.05 44.73
1151.4 65354.19 27891.88 42.68
1155.4 65378.22 26956.15 41.23
1159.3 65419.59 26335.55 40.26
1163.2 65259.60 25822.79 39.57
1167.2 65230.03 25516.32 39.12
1171.1 65282.82 25292.28 38.74
1175.0 65242.12 25062.72 38.41
1179.0 65227.68 24845.42 38.09
1182.9 65401.75 24694.34 37.76
1186.8 65409.09 24499.55 37.46
1190.7 65132.77 24217.32 37.18
1194.7 64829.75 23953.05 36.95
1198.6 64578.94 23762.97 36.80
1202.5 64368.53 23646.08 36.74
1206.4 64183.16 23560.61 36.71
1210.3 64065.63 23522.33 36.72
1214.2 63955.16 23549.06 36.82
1218.2 63763.20 23595.71 37.01
1222.1 63606.64 23688.08 37.24
1226.0 63491.71 23811.11 37.50
1229.9 63386.34 23929.50 37.75
1233.8 63280.45 24030.43 37.97
1237.7 63219.60 24147.95 38.20
1241.6 63128.59 24224.31 38.37
1245.5 62954.81 24255.61 38.53
1249.4 62815.45 24286.46 38.66
1253.3 62673.73 24298.30 38.77
1257.2 62580.14 24320.95 38.86
1261.1 62461.63 24299.03 38.90
1265.0 62312.66 24227.61 38.88
1268.9 62118.33 24073.78 38.75
1272.8 62245.78 24019.80 38.59
1276.7 62509.72 23988.93 38.38
1280.6 62688.92 23825.77 38.01
1284.5 62639.57 23545.15 37.59
1288.4 62629.78 23232.48 37.09
1292.3 62498.05 22811.25 36.50
1296.2 62328.71 22341.65 35.84
1300.1 62137.97 21812.31 35.10
1303.9 61850.33 21183.65 34.25
1307.8 61552.48 20517.28 33.33
1311.7 61248.81 19805.60 32.34
1315.6 60933.83 19049.42 31.26
1319.5 60626.67 18262.92 30.12
1323.3 60349.73 17479.34 28.96
1327.2 60092.51 16701.63 27.79
1331.1 59799.27 15925.63 26.63
1335.0 59427.53 15163.34 25.52
1338.8 59179.17 14480.70 24.47
1342.7 59021.35 13868.91 23.50
1346.5 58659.32 13262.36 22.61
1350.4 58383.63 12744.75 21.83
1354.3 57968.21 12224.77 21.09
1358.1 57464.71 11699.71 20.36
1362.0 57154.83 11201.01 19.60
1365.8 57002.87 10688.41 18.75
1369.7 57115.32 10170.20 17.81
1373.5 57079.71 9525.55 16.69
1377.4 56801.36 8716.81 15.35
1381.2 56563.03 7778.27 13.75
1385.1 56480.59 6818.74 12.07
1389.0 56328.92 5890.74 10.46
1392.8 56073.25 5031.79 8.97
1396.6 55881.38 4313.76 7.72
1400.5 55603.68 3729.47 6.71
1404.3 55349.20 3278.54 5.92
1408.2 55296.70 2943.87 5.32
1412.0 55220.70 2691.42 4.87
1415.8 55240.40 2518.29 4.56
1419.6 55184.39 2378.84 4.31
1423.5 55151.16 2267.87 4.11
1427.3 55081.82 2188.37 3.97
1431.1 55055.27 2132.03 3.87
1434.9 54978.42 2089.42 3.80
1438.8 54912.52 2058.04 3.75
1442.6 54865.49 2024.12 3.69
1446.4 54743.75 1989.22 3.63
1450.2 54613.41 1957.90 3.59
1454.0 54445.69 1938.00 3.56
1457.8 54413.49 1934.32 3.55
1461.6 54395.40 1944.56 3.57
1465.4 54253.08 1962.77 3.62
1469.2 54024.14 1979.25 3.66
1473.0 53872.40 2015.15 3.74
1476.8 53771.48 2077.54 3.86
1480.7 53670.45 2155.93 4.02
1484.4 53530.13 2254.92 4.21
1488.2 53387.63 2382.60 4.46
1492.0 53186.73 2510.50 4.72
1495.8 53021.72 2627.63 4.96
1499.6 52879.92 2723.41 5.15
1503.4 52724.10 2766.19 5.25
1507.2 52577.80 2787.35 5.30
1510.9 52399.00 2818.63 5.38
1514.7 52217.91 2858.82 5.47
1518.5 52074.96 2921.44 5.61
1522.3 51892.20 2984.94 5.75
1526.0 51723.50 3064.35 5.92
1529.8 51629.18 3157.48 6.12
1533.6 51463.42 3252.79 6.32
1537.3 51280.11 3344.59 6.52
1541.1 51112.56 3443.50 6.74
1544.8 50943.75 3547.20 6.96
1548.6 50761.96 3644.46 7.18
1552.4 50639.93 3746.35 7.40
1556.1 50553.52 3846.36 7.61
1559.9 50434.85 3947.71 7.83
1563.6 50232.46 4049.36 8.06
1567.3 50048.09 4170.55 8.33
1571.1 49771.14 4286.46 8.61
1574.8 49571.28 4404.02 8.88
1578.6 49405.48 4506.16 9.12
1582.3 49235.80 4577.32 9.30
1586.0 49058.10 4631.47 9.44
1589.8 48860.60 4682.08 9.58
1593.5 48651.76 4734.34 9.73
1597.2 48462.68 4775.59 9.85
1600.9 48266.51 4820.42 9.99
1604.7 48056.25 4870.88 10.14
1608.4 47868.12 4929.89 10.30
1612.1 47665.76 4974.21 10.44
1615.8 47480.91 5011.70 10.56
1619.5 47337.67 5068.23 10.71
1623.2 47118.26 5110.44 10.85
1626.9 46884.62 5137.06 10.96
1630.6 46637.94 5166.70 11.08
1634.3 46440.71 5198.70 11.19
1638.0 46234.69 5224.64 11.30
1641.7 45983.29 5236.36 11.39
1645.4 45721.66 5250.04 11.48
1649.1 45451.06 5264.39 11.58
1652.8 45214.00 5259.33 11.63
1656.4 44984.43 5248.50 11.67
1660.1 44763.59 5241.28 11.71
1663.8 44505.31 5225.88 11.74
1667.5 44286.36 5213.18 11.77
1671.1 44095.65 5185.92 11.76
1674.8 43823.95 5148.93 11.75
1678.5 43731.11 5127.38 11.72
1682.1 43754.75 5110.40 11.68
1685.8 43773.15 5091.89 11.63
1689.5 43615.81 5042.64 11.56
1693.1 43419.14 4991.22 11.50
1696.8 43217.58 4940.00 11.43
1700.4 43009.99 4866.43 11.31
1704.0 42831.75 4791.18 11.19
1707.7 42457.89 4690.03 11.05
1711.3 42034.61 4578.73 10.89
1715.0 41737.89 4480.73 10.74
1718.6 41503.21 4372.70 10.54
1722.2 41289.68 4276.61 10.36
1725.9 41077.55 4184.14 10.19
1729.5 40894.29 4101.22 10.03
1733.1 40719.28 4042.32 9.93
1736.7 40550.60 3991.94 9.84
1740.3 40333.30 3915.83 9.71
1744.0 40211.62 3843.18 9.56
1747.5 39996.95 3758.65 9.40
1751.2 39698.46 3655.17 9.21
1754.8 39468.02 3560.81 9.02
1758.4 39265.23 3475.87 8.85
1762.0 39022.82 3392.38 8.69
1765.5 38843.65 3330.27 8.57
1769.1 38763.75 3290.40 8.49
1772.7 38660.34 3239.30 8.38
1776.3 38507.83 3181.42 8.26
1779.9 38346.98 3131.20 8.17
1783.5 38273.38 3092.56 8.08
1787.0 38117.56 3051.28 8.00
1790.6 37892.56 3013.20 7.95
1794.2 37752.64 2987.59 7.91
1797.8 37636.00 2981.69 7.92
1801.3 37540.59 2972.42 7.92
1804.9 37369.34 2950.50 7.90
1808.4 37286.76 2938.57 7.88
1812.0 37127.63 2932.20 7.90
1815.5 36939.25 2924.56 7.92
1819.1 36706.21 2887.47 7.87
1822.6 36512.41 2860.03 7.83
1826.2 36328.41 2842.05 7.82
1829.7 36122.50 2815.88 7.80
1833.2 35847.79 2765.95 7.72
1836.8 35537.63 2707.25 7.62
1840.3 35318.88 2660.85 7.53
1843.8 35173.58 2606.80 7.41
1847.3 35080.98 2545.59 7.26
1850.8 34933.50 2475.65 7.09
1854.3 34719.00 2403.78 6.92
1857.8 34596.25 2288.00 6.61
1861.3 34565.73 2162.89 6.26
1864.8 34484.56 2034.98 5.90
1868.3 34177.20 1836.25 5.37
1871.8 33852.00 1658.88 4.90
1875.3 33695.59 1469.65 4.36
1878.8 33594.56 1307.05 3.89
1882.3 33473.84 1174.95 3.51
1885.8 33253.36 1052.06 3.16
1889.3 33038.18 975.90 2.95
1892.7 32870.48 911.96 2.77
1896.2 32694.29 897.17 2.74
1899.7 32475.88 917.45 2.83
1903.1 32400.64 970.20 2.99
1906.6 32520.25 1107.24 3.40
1910.0 32900.75 1271.73 3.87
1913.5 33626.71 1670.46 4.97
1917.0 34328.71 2141.65 6.24
1920.4 34668.75 2496.15 7.20
1923.8 34795.65 2980.07 8.56
1871.2 31031.91 1018.75 3.28
1873.9 31162.64 848.33 2.72
1876.7 31183.16 868.70 2.79
1879.5 31439.50 766.13 2.44
1882.3 31070.62 613.47 1.97
1885.1 30911.32 543.06 1.76
1887.8 31015.71 486.55 1.57
1890.6 30711.07 483.39 1.57
1893.4 30675.33 418.00 1.36
1896.2 30594.29 343.83 1.12
1898.9 30555.80 346.86 1.14
1901.7 30332.20 317.43 1.05
1904.5 30533.88 275.08 0.90
1907.2 30442.75 304.00 1.00
1910.0 30280.63 289.66 0.96
1912.7 30285.22 260.22 0.86
1915.5 30140.54 274.72 0.91
1918.2 30029.37 264.80 0.88
1921.0 29810.35 251.00 0.84
1923.7 29808.23 256.80 0.86
1926.5 29762.68 270.30 0.91
1929.2 29738.63 266.15 0.89
1932.0 29694.52 249.64 0.84
1934.7 29606.41 240.75 0.81
1937.4 29447.22 263.64 0.90
1940.2 29368.77 267.38 0.91
1942.9 29463.42 237.51 0.81
1945.6 29463.12 241.60 0.82
1948.3 29352.31 273.76 0.93
1951.1 29299.34 264.88 0.90
1953.8 29298.00 252.00 0.86
1956.5 29144.35 272.55 0.94
1959.2 29185.39 287.04 0.98
1961.9 29209.96 283.10 0.97
1964.6 29083.60 297.50 1.02
1967.3 29141.57 308.53 1.06
1970.0 28948.80 290.08 1.00
1972.8 28828.33 305.93 1.06
1975.5 28886.20 313.15 1.08
1978.2 28770.76 292.00 1.01
1980.9 28619.47 306.08 1.07
1983.5 28507.48 302.47 1.06
1986.2 28506.36 305.55 1.07
1988.9 28488.90 346.29 1.22
1991.6 28248.29 330.22 1.17
1994.3 28074.60 320.61 1.14
1997.0 28126.92 366.18 1.30
1999.7 28070.54 370.45 1.32
2002.3 28027.36 353.83 1.26
2005.0 27897.91 368.21 1.32
2007.7 27783.73 366.93 1.32
2010.4 27707.78 382.57 1.38
2013.0 27624.95 401.15 1.45
2015.7 27476.08 392.15 1.43
2018.4 27319.94 394.30 1.44
2021.0 27231.17 416.50 1.53
2023.7 27070.99 432.48 1.60
2026.4 27000.57 419.68 1.55
2029.0 26890.78 430.19 1.60
2031.7 26710.45 453.48 1.70
2034.3 26696.37 450.67 1.69
2037.0 26542.64 453.22 1.71
2039.6 26420.01 458.57 1.74
2042.3 26367.44 466.18 1.77
2044.9 26260.41 485.27 1.85
2047.5 26187.48 479.66 1.83
2050.2 26051.20 478.80 1.84
2052.8 25981.20 504.00 1.94
2055.4 25822.96 487.49 1.89
2058.1 25648.00 492.80 1.92
2060.7 25574.25 525.46 2.05
2063.3 25470.13 521.11 2.05
2065.9 25373.46 516.46 2.04
2068.6 25250.63 552.75 2.19
2071.2 25193.70 552.42 2.19
2073.8 25089.86 534.48 2.13
2076.4 25007.40 558.53 2.23
2079.0 25009.00 559.19 2.24
2081.6 24982.40 559.85 2.24
2084.2 24912.50 601.02 2.41
2086.8 24742.26 608.09 2.46
2089.4 24613.76 598.54 2.43
2092.1 24465.83 634.67 2.59
2094.7 24359.98 621.50 2.55
2097.2 24361.00 609.17 2.50
2099.8 24330.46 637.65 2.62
2102.4 24159.80 631.22 2.61
2105.0 23991.30 627.00 2.61
2107.6 23891.82 652.27 2.73
2110.2 23844.43 687.68 2.88
2112.8 23817.21 675.75 2.84
2115.3 23803.45 695.69 2.92
2117.9 23796.57 710.91 2.99
2120.5 23766.00 690.86 2.91
2123.1 23654.48 707.85 2.99
2125.6 23584.80 723.30 3.07
2128.2 23463.09 725.81 3.09
2130.8 23315.18 737.10 3.16
2133.3 23255.47 721.60 3.10
2135.9 23147.98 720.71 3.11
2138.4 22939.80 751.40 3.28
2141.0 22798.53 734.58 3.22
2143.6 22743.87 747.58 3.29
2146.1 22490.00 763.97 3.40
2148.7 22265.81 740.04 3.32
2151.2 22296.27 750.93 3.37
2153.8 22295.75 768.21 3.45
2156.3 22152.95 761.96 3.44
2158.8 22073.21 750.15 3.40
2161.4 21997.52 772.46 3.51
2163.9 21864.84 772.46 3.53
2166.4 21743.33 742.12 3.41
2169.0 21687.15 765.78 3.53
2171.5 21557.06 765.78 3.55
2174.0 21425.95 743.75 3.47
2176.5 21390.46 762.45 3.56
2179.1 21325.61 795.08 3.73
2181.6 21215.63 781.71 3.68
2184.1 21162.68 763.84 3.61
2186.6 21190.03 784.58 3.70
2189.1 21044.76 780.03 3.71
2191.6 20998.13 774.20 3.69
2194.1 21032.79 773.95 3.68
2196.6 21001.59 777.84 3.70
2199.2 21062.56 795.34 3.78
2201.7 20999.31 787.97 3.75
2204.1 20927.15 769.65 3.68
2206.6 20917.84 779.57 3.73
2209.1 20878.06 783.50 3.75
2211.6 20833.89 772.75 3.71
2214.1 20764.70 790.75 3.81
2216.6 20757.89 782.46 3.77
2219.1 20773.09 774.86 3.73
2221.6 20620.71 787.98 3.82
2224.0 20501.61 792.48 3.87
2226.5 20520.37 776.22 3.78
2229.0 20575.03 776.56 3.77
2231.5 20360.28 739.19 3.63
2233.9 20323.05 750.43 3.69
2236.4 20376.94 764.28 3.75
2238.9 20254.63 744.00 3.67
2241.3 20222.33 765.67 3.79
2243.8 20164.03 738.47 3.66
2246.2 19972.59 721.06 3.61
2248.7 19884.97 717.34 3.61
2251.2 19862.35 718.70 3.62
2253.6 19779.84 725.76 3.67
2256.1 19722.24 683.52 3.47
2258.5 19742.33 679.98 3.44
2260.9 19658.21 690.30 3.51
2263.4 19610.05 641.00 3.27
2265.8 19548.76 630.85 3.23
2268.3 19453.33 642.67 3.30
2270.7 19552.47 617.97 3.16
2273.1 19458.79 628.94 3.23
2275.6 19353.60 641.28 3.31
2278.0 19351.18 595.72 3.08
2280.4 19349.42 608.04 3.14
2282.8 19172.49 619.47 3.23
2285.3 19200.59 598.80 3.12
2287.7 19310.23 616.99 3.20
2290.1 19118.32 581.14 3.04
2292.5 19103.56 571.44 2.99
2294.9 19137.92 584.85 3.06
2297.3 18944.45 565.57 2.99
2299.7 18825.65 552.77 2.94
2302.1 18797.08 553.90 2.95
2304.5 18588.64 548.80 2.95
2306.9 18427.92 517.44 2.81
2309.3 18306.45 501.55 2.74
2311.7 18188.45 490.63 2.70
2314.1 17990.31 484.42 2.69
2316.5 17875.78 476.74 2.67
2318.9 17887.28 465.12 2.60
2321.3 17886.93 475.40 2.66
2323.7 17934.06 483.19 2.69
2326.1 17860.96 471.51 2.64
2328.4 17880.33 471.93 2.64
2330.8 17996.00 470.35 2.61
2333.2 17873.57 457.14 2.56
2335.6 17798.20 452.53 2.54
2337.9 17832.65 434.03 2.43
2340.3 17729.56 436.63 2.46
2342.7 17641.82 444.33 2.52
2345.0 17589.69 445.90 2.54
2347.4 17535.50 416.50 2.38
2349.7 17270.35 384.45 2.23
2352.1 17200.51 403.10 2.34
2354.4 17257.81 408.34 2.37
2356.8 17145.80 392.82 2.29
2359.2 17017.00 420.33 2.47
2361.5 16969.00 414.52 2.44
2363.8 17026.49 382.08 2.24
2366.2 17000.16 383.96 2.26
2368.5 16918.90 387.15 2.29
2370.9 16913.67 371.29 2.20
2373.2 16862.50 341.75 2.03
2375.5 16679.15 339.38 2.03
2377.9 16624.24 355.55 2.14
2380.2 16626.87 348.21 2.09
2382.5 16523.62 340.03 2.06
2384.8 16458.08 324.80 1.97
2387.2 16418.54 309.43 1.88
2389.5 16346.41 316.35 1.94
2391.8 16322.95 318.47 1.95
2394.1 16266.35 340.68 2.09
2396.4 16184.23 343.52 2.12
2398.7 16237.27 331.27 2.04
2401.0 16061.36 311.54 1.94
2403.3 15866.28 283.86 1.79
2405.6 15894.70 279.91 1.76
2407.9 15821.58 340.68 2.15
2410.2 15726.83 310.83 1.98
2412.5 15666.78 254.08 1.62
2414.8 15646.35 282.43 1.81
2417.1 15572.75 268.41 1.72
2419.4 15504.96 265.71 1.71
2421.7 15428.32 257.58 1.67
2424.0 15390.35 243.03 1.58
2426.2 15402.65 251.45 1.63
2428.5 15283.95 308.28 2.02
2430.8 15287.25 299.75 1.96
2433.1 15173.36 221.27 1.46
2435.4 15033.77 229.40 1.53
2437.6 15028.17 229.40 1.53
2439.9 14846.06 185.30 1.25
2442.2 14840.86 182.03 1.23
2444.4 14892.46 201.02 1.35
2446.7 14786.88 221.92 1.50
2448.9 14798.25 225.02 1.52
2451.2 14756.96 184.76 1.25
2453.4 14638.77 174.77 1.19
2455.7 14589.92 255.43 1.75
2457.9 14426.12 225.89 1.57
2460.2 14345.96 166.46 1.16
2462.4 14314.56 193.44 1.35
2464.7 14256.83 170.33 1.19
2466.9 14194.62 173.34 1.22
2469.2 14155.96 187.97 1.33
2471.4 14035.97 203.52 1.45
2473.6 13898.82 180.77 1.30
2475.9 13837.92 182.88 1.32
2478.1 13711.16 177.62 1.30
2480.3 13603.10 167.08 1.23
2482.5 13588.98 193.01 1.42
2484.8 13522.06 174.76 1.29
2487.0 13494.95 148.13 1.10
2489.2 13508.69 180.92 1.34
2491.4 13364.22 192.13 1.44
2493.6 13395.71 141.09 1.05
2495.8 13381.98 158.37 1.18
2498.0 13262.51 145.92 1.10
2500.2 13336.78 92.68 0.69
2502.4 13684.08 177.60 1.30
2504.6 13878.42 225.36 1.62
2506.8 14047.48 233.80 1.66
