/*** Spectra Vista SIG Data ***/
name= \My Documents\HR1024_Data\RD2S8.
instrument= HR: 1091052
integration= 200, 60, 30, 500, 60, 30
scan time= 1, 1
scan settings= AD, AI, AD, AI
external data set1= 8224, 8224, 8224, 8224, 8224, 8224, 8224, 8224, 8224, 8224, 8224, 8224, 8224, 8224, 8224, 8224
external data set2= 8224, 8224, 8224, 8224, 8224, 8224, 8224, 8224, 8224, 8224, 8224, 8224, 8224, 8224, 8224, 8224
external data dark= 0,0,0,0,0,0,0,0
external data mask= 0
optic= LENS4 , LENS4 
temp= 32.26, 8.88, -5.37, 38.70, 8.88, -5.37
battery= 7.0, 6.8
error= 0, 0
units= Radiance, Radiance
time= 1/15/08 9:53:06 AM, 1/15/08 10:08:45 AM
longitude= , 
latitude= , 
gpstime= , 
comm= 
memory slot= 0, 0
factors= 
data= 
346.4 509.60 107.02 21.00
347.9 549.06 115.46 21.03
349.5 608.40 117.31 19.28
351.1 655.20 107.33 16.38
352.6 708.40 116.38 16.43
354.2 752.68 124.36 16.52
355.7 818.30 136.05 16.63
357.3 873.81 133.15 15.24
358.8 891.23 130.01 14.59
360.4 967.31 142.11 14.69
361.9 1009.93 139.30 13.79
363.5 1059.53 131.58 12.42
365.1 1102.67 140.09 12.70
366.6 1156.59 142.24 12.30
368.2 1218.77 146.39 12.01
369.7 1306.00 139.74 10.70
371.3 1379.56 146.19 10.60
372.8 1457.48 147.41 10.11
374.4 1528.58 146.85 9.61
375.9 1575.56 146.96 9.33
377.4 1632.76 144.41 8.84
379.0 1683.54 151.49 9.00
380.5 1741.87 142.80 8.20
382.1 1805.51 139.48 7.73
383.6 1862.60 146.29 7.85
385.2 1949.75 145.20 7.45
386.7 2036.04 148.37 7.29
388.3 2135.96 147.83 6.92
389.8 2212.47 161.41 7.30
391.3 2314.34 159.30 6.88
392.9 2392.65 168.42 7.04
394.4 2474.90 168.55 6.81
395.9 2552.82 173.33 6.79
397.5 2664.75 186.05 6.98
399.0 2774.82 179.22 6.46
400.6 2852.64 170.93 5.99
402.1 2910.24 166.15 5.71
403.6 2965.71 156.32 5.27
405.1 3036.77 159.95 5.27
406.7 3133.76 171.14 5.46
408.2 3234.33 168.40 5.21
409.7 3330.88 167.55 5.03
411.3 3437.91 175.34 5.10
412.8 3528.93 181.07 5.13
414.3 3634.54 187.97 5.17
415.8 3740.00 194.00 5.19
417.4 3868.37 195.32 5.05
418.9 3954.39 198.35 5.02
420.4 4037.85 193.42 4.79
421.9 4106.74 202.31 4.93
423.5 4196.00 196.14 4.67
425.0 4263.51 199.58 4.68
426.5 4364.50 200.38 4.59
428.0 4488.82 201.97 4.50
429.5 4615.58 199.08 4.31
431.1 4756.23 205.11 4.31
432.6 4917.76 207.63 4.22
434.1 5064.68 209.44 4.14
435.6 5199.35 216.72 4.17
437.1 5333.25 223.86 4.20
438.6 5454.84 227.15 4.16
440.1 5584.70 231.56 4.15
441.6 5717.14 241.10 4.22
443.1 5852.25 235.71 4.03
444.7 5982.11 252.35 4.22
446.2 6104.50 250.07 4.10
447.7 6213.60 264.08 4.25
449.2 6315.84 263.52 4.17
450.7 6414.72 261.25 4.07
452.2 6543.45 262.52 4.01
453.7 6682.65 265.97 3.98
455.2 6842.54 269.25 3.93
456.7 7029.44 278.08 3.96
458.2 7231.16 276.11 3.82
459.7 7428.75 290.50 3.91
461.2 7633.63 294.40 3.86
462.7 7815.14 298.57 3.82
464.2 8000.76 311.83 3.90
465.7 8191.53 323.68 3.95
467.2 8352.58 324.17 3.88
468.7 8552.00 327.20 3.83
470.2 8711.17 340.96 3.91
471.7 8854.00 362.90 4.10
473.2 9050.37 366.79 4.05
474.6 9252.88 365.43 3.95
476.1 9378.88 362.10 3.86
477.6 9464.51 360.18 3.81
479.1 9567.20 359.31 3.76
480.6 9658.16 363.45 3.76
482.1 9797.74 365.19 3.73
483.6 9963.22 366.86 3.68
485.1 10140.49 371.73 3.67
486.6 10356.19 381.56 3.68
488.0 10562.50 386.10 3.66
489.5 10784.97 400.52 3.71
491.0 10998.86 405.06 3.68
492.5 11224.98 414.07 3.69
494.0 11462.99 424.45 3.70
495.4 11663.85 432.96 3.71
496.9 11870.36 441.55 3.72
498.4 12074.30 456.30 3.78
499.9 12278.41 458.23 3.73
501.4 12476.75 467.66 3.75
502.8 12664.51 475.74 3.76
504.3 12846.60 486.72 3.79
505.8 13033.73 493.43 3.79
507.2 13172.68 499.56 3.79
508.7 13289.99 503.55 3.79
510.2 13412.81 505.26 3.77
511.6 13494.72 505.18 3.74
513.1 13630.43 516.87 3.79
514.6 13795.53 513.07 3.72
516.0 13946.28 516.93 3.71
517.5 14135.83 514.85 3.64
519.0 14365.19 526.29 3.66
520.5 14579.60 530.70 3.64
521.9 14828.55 537.29 3.62
523.4 15093.49 546.77 3.62
524.8 15349.14 556.65 3.63
526.3 15633.70 568.96 3.64
527.8 15915.89 576.38 3.62
529.2 16178.21 590.82 3.65
530.7 16455.24 604.57 3.67
532.1 16698.15 607.15 3.64
533.6 16994.07 619.01 3.64
535.0 17295.55 636.17 3.68
536.5 17581.25 642.74 3.66
538.0 17895.84 664.61 3.71
539.4 18160.64 677.26 3.73
540.9 18488.86 695.13 3.76
542.3 18738.28 704.92 3.76
543.8 18940.29 719.04 3.80
545.2 19020.35 715.50 3.76
546.6 19057.19 713.95 3.75
548.1 19121.11 721.05 3.77
549.5 19166.91 716.79 3.74
551.0 19217.70 716.09 3.73
552.4 19311.21 719.52 3.73
553.9 19371.38 720.30 3.72
555.3 19461.20 724.46 3.72
556.8 19596.88 722.76 3.69
558.2 19743.75 724.28 3.67
559.6 19902.71 733.05 3.68
561.1 20117.50 740.35 3.68
562.5 20332.52 753.18 3.70
564.0 20611.34 765.87 3.72
565.4 20865.50 771.78 3.70
566.8 21177.73 786.26 3.71
568.3 21463.05 801.35 3.73
569.7 21776.78 816.57 3.75
571.1 22080.65 839.01 3.80
572.6 22373.82 857.30 3.83
574.0 22675.95 873.18 3.85
575.4 22958.44 887.63 3.87
576.9 23231.09 909.91 3.92
578.3 23477.03 933.08 3.97
579.7 23721.74 950.50 4.01
581.1 23920.49 974.75 4.07
582.6 24132.47 1004.78 4.16
584.0 24305.80 1031.17 4.24
585.4 24549.94 1067.06 4.35
586.8 24845.17 1103.72 4.44
588.3 25201.80 1140.05 4.52
589.7 25517.70 1187.78 4.65
591.1 25735.55 1218.36 4.73
592.5 25883.00 1246.19 4.81
594.0 25998.42 1277.83 4.92
595.4 26057.54 1303.64 5.00
596.8 26115.38 1340.20 5.13
598.2 26174.55 1379.94 5.27
599.6 26202.06 1431.61 5.46
601.0 26298.70 1478.45 5.62
602.4 26372.18 1531.81 5.81
603.9 26501.77 1594.59 6.02
605.3 26625.41 1662.83 6.25
606.7 26749.80 1721.52 6.44
608.1 26941.18 1803.67 6.69
609.5 27151.69 1889.23 6.96
610.9 27387.74 1988.04 7.26
612.3 27589.20 2092.93 7.59
613.7 27871.80 2202.19 7.90
615.1 28061.64 2315.95 8.25
616.5 28235.16 2432.54 8.62
617.9 28534.12 2574.26 9.02
619.3 28808.15 2727.22 9.47
620.7 29149.14 2900.54 9.95
622.1 29527.66 3013.78 10.21
623.5 29951.83 3090.50 10.32
624.9 30436.35 3167.85 10.41
626.3 30757.12 3268.27 10.63
627.7 30461.43 3368.01 11.06
629.1 30188.34 3528.76 11.69
630.5 30083.03 3719.48 12.36
631.9 30076.12 3915.37 13.02
633.3 30078.24 4106.25 13.65
634.7 30183.54 4285.86 14.20
636.1 30268.81 4441.67 14.67
637.5 30374.19 4575.29 15.06
638.9 30520.15 4728.86 15.49
640.2 30643.60 4864.21 15.87
641.6 30733.56 4972.97 16.18
643.0 30777.50 5065.50 16.46
644.4 30869.16 5149.25 16.68
645.8 30855.38 5217.10 16.91
647.2 31023.20 5322.36 17.16
648.5 31185.15 5424.99 17.40
649.9 31117.13 5525.29 17.76
651.3 31099.80 5653.86 18.18
652.7 31059.00 5745.66 18.50
654.1 30961.56 5672.76 18.32
655.5 30829.51 5544.37 17.98
656.8 30685.81 5422.22 17.67
658.2 30861.69 5378.60 17.43
659.6 31181.89 5362.60 17.20
660.9 31452.29 5339.54 16.98
662.3 31767.46 5299.46 16.68
663.7 32102.70 5246.64 16.34
665.0 32334.98 5176.26 16.01
666.4 32575.38 5117.07 15.71
667.8 32873.84 5080.78 15.46
669.1 33084.01 5035.61 15.22
670.5 33327.47 5018.01 15.06
671.9 33513.12 5004.53 14.93
673.2 33742.50 5029.88 14.91
674.6 33950.66 5070.10 14.93
676.0 34219.05 5155.55 15.07
677.3 34494.18 5276.05 15.30
678.7 34767.13 5440.00 15.65
680.0 35103.31 5681.83 16.19
681.4 35420.13 6012.09 16.97
682.8 35763.00 6439.16 18.01
684.1 36073.44 7006.90 19.42
685.5 36318.59 7692.81 21.18
686.8 36607.26 8487.98 23.19
688.2 36844.31 9378.37 25.45
689.5 36898.97 10294.00 27.90
690.9 36950.15 11263.28 30.48
692.2 37008.15 12237.96 33.07
693.6 37024.93 13227.39 35.73
694.9 37005.38 14150.01 38.24
696.2 37027.13 15047.87 40.64
697.6 37047.86 15882.96 42.87
698.9 37049.76 16698.53 45.07
700.3 37075.62 17458.60 47.09
701.6 37124.24 18186.74 48.99
703.0 37178.40 18848.79 50.70
704.3 37172.20 19418.17 52.24
705.6 37157.22 19955.20 53.70
707.0 37168.46 20446.03 55.01
708.3 37076.04 20843.61 56.22
709.6 36967.81 21204.59 57.36
711.0 36867.73 21509.69 58.34
712.3 36770.31 21793.66 59.27
713.6 36755.88 22088.81 60.10
714.9 36684.64 22356.21 60.94
716.3 36701.44 22623.74 61.64
717.6 36734.04 22901.28 62.34
718.9 36680.73 23095.95 62.96
720.2 36496.25 23191.45 63.54
721.6 36394.28 23292.10 64.00
722.9 36240.12 23389.42 64.54
724.2 36067.30 23435.43 64.98
725.5 35963.70 23505.09 65.36
726.8 35833.96 23533.54 65.67
728.1 35810.80 23594.12 65.89
729.5 35779.10 23652.92 66.11
730.8 35779.13 23708.94 66.26
732.1 35704.25 23756.94 66.54
733.4 35690.92 23815.11 66.73
734.7 35685.89 23838.70 66.80
736.0 35729.66 23918.91 66.94
737.3 35717.44 23977.41 67.13
738.6 35830.21 24119.85 67.32
739.9 36014.88 24334.82 67.57
741.2 36161.58 24496.84 67.74
742.5 36363.94 24746.02 68.05
743.8 36737.66 25133.96 68.41
745.1 37309.08 25654.30 68.76
746.4 37926.98 26207.45 69.10
747.7 38536.99 26746.25 69.40
749.0 39118.92 27276.33 69.73
750.3 39493.02 27567.34 69.80
751.6 39440.80 27541.86 69.83
752.9 39084.79 27341.42 69.95
754.2 38731.25 27107.64 69.99
755.4 38386.91 26863.28 69.98
756.7 38244.09 26857.96 70.23
758.0 38261.36 26963.06 70.47
759.3 38489.95 27224.94 70.73
760.6 38786.44 27559.84 71.06
761.9 39062.28 27880.43 71.37
763.1 39197.21 28055.02 71.57
764.4 39371.54 28276.79 71.82
765.7 39490.75 28454.40 72.05
767.0 39577.16 28582.48 72.22
768.2 39644.64 28714.56 72.43
769.5 39697.68 28819.09 72.60
770.8 39836.32 28982.76 72.75
772.0 39856.44 29063.33 72.92
773.3 39898.95 29164.47 73.10
774.6 39978.84 29291.86 73.27
775.8 40054.79 29361.80 73.30
777.1 40085.96 29408.54 73.36
778.4 40059.57 29393.00 73.37
779.6 39999.54 29421.55 73.55
780.9 39948.00 29425.60 73.66
782.1 39837.20 29369.24 73.72
783.4 39802.88 29399.55 73.86
784.6 39851.08 29454.96 73.91
785.9 40095.40 29733.93 74.16
787.1 40531.58 30171.31 74.44
788.4 40834.19 30436.18 74.54
789.6 40796.10 30293.37 74.26
790.9 40479.11 29937.77 73.96
792.1 40128.24 29639.17 73.86
793.4 39739.41 29374.19 73.92
794.6 39507.48 29160.55 73.81
795.8 39314.07 29015.10 73.80
797.1 39097.95 28837.14 73.76
798.3 38940.83 28755.05 73.84
799.5 38821.14 28696.17 73.92
800.8 38733.05 28619.27 73.89
802.0 38591.76 28530.24 73.93
803.2 38469.72 28425.38 73.89
804.5 38377.94 28357.88 73.89
805.7 38264.87 28281.91 73.91
806.9 38181.95 28203.42 73.87
808.1 38074.65 28163.92 73.97
809.4 38033.33 28137.95 73.98
810.6 37951.55 28091.70 74.02
811.8 37942.61 28108.07 74.08
813.0 37965.80 28153.67 74.16
814.2 37975.49 28177.65 74.20
815.4 38039.93 28241.29 74.24
816.6 38032.65 28252.56 74.29
817.9 38050.16 28261.22 74.27
819.1 37997.24 28184.88 74.18
820.3 37865.18 28068.59 74.13
821.5 37787.61 27967.11 74.01
822.7 37714.41 27936.60 74.07
823.9 37704.87 27926.41 74.07
825.1 37688.07 27891.18 74.01
826.3 37716.38 27870.96 73.90
827.5 37726.06 27877.99 73.90
828.7 37779.60 27854.30 73.73
829.9 37796.29 27830.06 73.63
831.0 37849.02 27865.92 73.62
832.2 37913.75 27899.56 73.59
833.4 37950.44 27937.33 73.62
834.6 37978.13 27980.63 73.68
835.8 38031.53 28017.36 73.67
837.0 38073.26 28107.27 73.82
838.1 38178.69 28218.99 73.91
839.3 38239.24 28267.43 73.92
840.5 38296.24 28369.19 74.08
841.7 38381.58 28491.48 74.23
842.9 38485.06 28627.16 74.39
844.0 38543.94 28729.85 74.54
845.2 38626.85 28848.95 74.69
846.4 38724.98 28947.03 74.75
847.5 38888.12 29099.32 74.83
848.7 39002.30 29217.74 74.91
849.9 39141.74 29313.35 74.89
851.0 39173.78 29331.43 74.88
852.2 39245.07 29346.34 74.78
853.3 39202.67 29320.30 74.79
854.5 39188.19 29305.22 74.78
855.6 39170.88 29325.10 74.86
856.8 39193.80 29366.48 74.93
857.9 39192.81 29357.50 74.91
859.1 39326.60 29432.64 74.84
860.2 39300.24 29458.22 74.96
861.4 39344.78 29468.79 74.90
862.5 39384.29 29487.53 74.87
863.7 39467.66 29557.81 74.89
864.8 39454.45 29560.58 74.92
865.9 39398.65 29518.96 74.92
867.1 39448.45 29556.55 74.92
868.2 39441.53 29539.78 74.90
869.3 39465.67 29537.87 74.84
870.5 39438.89 29496.91 74.79
871.6 39473.54 29517.70 74.78
872.7 39541.37 29555.46 74.75
873.9 39548.50 29560.05 74.74
875.0 39546.05 29527.52 74.67
876.1 39583.15 29512.90 74.56
877.2 39616.79 29509.73 74.49
878.3 39601.98 29464.13 74.40
879.4 39662.11 29460.03 74.28
880.5 39702.60 29446.99 74.17
881.7 39698.10 29402.62 74.07
882.8 39775.46 29390.93 73.89
883.9 39785.32 29351.64 73.78
885.0 39766.55 29229.56 73.50
886.1 39735.85 29150.96 73.36
887.2 39664.66 28962.30 73.02
888.3 39567.00 28833.55 72.87
889.4 39535.02 28723.62 72.65
890.5 39459.91 28617.89 72.52
891.6 39428.33 28536.36 72.38
892.7 39429.01 28477.91 72.23
893.8 39492.50 28472.39 72.10
894.9 39505.51 28456.38 72.03
896.0 39527.49 28402.53 71.86
897.0 39487.40 28347.47 71.79
898.1 39490.45 28334.31 71.75
899.2 39536.22 28292.73 71.56
900.3 39503.73 28170.00 71.31
901.4 39454.09 28112.81 71.25
902.4 39461.49 28106.96 71.23
903.5 39418.10 28005.29 71.05
904.6 39431.18 27970.36 70.93
905.7 39454.64 27886.91 70.68
906.7 39397.52 27868.27 70.74
907.8 39514.80 27846.31 70.47
908.9 39443.33 27745.41 70.34
909.9 39411.21 27655.21 70.17
911.0 39357.50 27559.08 70.02
912.1 39280.99 27451.45 69.88
913.1 39233.48 27351.79 69.72
914.2 39173.92 27260.92 69.59
915.2 39170.79 27168.80 69.36
916.3 39094.50 27114.90 69.36
917.3 39076.47 27006.00 69.11
918.4 39031.30 26870.14 68.84
919.4 39022.48 26770.57 68.60
920.5 39026.74 26672.06 68.34
921.5 39018.63 26600.67 68.17
922.6 38959.72 26423.94 67.82
923.6 39026.05 26350.83 67.52
924.7 39022.50 26273.00 67.33
925.7 39030.84 26159.57 67.02
926.7 39009.32 26051.56 66.78
927.8 39032.57 25906.45 66.37
928.8 39142.62 25884.71 66.13
929.9 39330.10 25838.71 65.70
930.9 39447.46 25812.68 65.44
931.9 39602.61 25842.03 65.25
932.9 39864.58 25907.90 64.99
934.0 39909.81 25769.13 64.57
935.0 39942.68 25634.01 64.18
936.0 39929.50 25480.96 63.81
937.0 39883.94 25345.87 63.55
938.1 39848.52 25199.17 63.24
939.1 39753.89 25044.47 63.00
940.1 39867.76 24916.14 62.50
941.1 39995.43 24988.84 62.48
942.1 40229.45 24925.01 61.96
943.1 40393.76 24872.92 61.58
944.1 40552.56 24845.83 61.27
945.2 40570.32 24758.83 61.03
946.2 40685.67 24606.65 60.48
947.2 40740.25 24497.65 60.13
948.2 40874.09 24415.67 59.73
949.2 40954.06 24260.28 59.24
950.2 41026.00 24126.66 58.81
951.2 41012.16 23938.99 58.37
952.2 41170.94 23813.48 57.84
953.2 41257.13 23713.24 57.48
954.2 41395.95 23613.48 57.04
955.2 41401.94 23449.32 56.64
956.2 41391.82 23269.59 56.22
957.2 41524.97 23200.34 55.87
958.2 41486.28 23150.13 55.80
959.2 41625.00 23056.92 55.39
960.1 41647.94 23024.66 55.28
961.1 41725.78 22963.97 55.04
962.1 41752.50 22928.25 54.91
963.1 41720.60 22890.69 54.87
964.1 41837.60 22928.50 54.80
965.1 41932.95 22972.96 54.78
966.1 41961.44 22953.87 54.70
967.0 42058.17 22859.90 54.35
968.0 42094.69 22916.14 54.44
969.0 42115.20 22898.00 54.37
970.0 42092.26 22946.57 54.51
971.0 42266.18 22903.48 54.19
971.9 42275.33 22956.21 54.30
972.9 42388.85 22954.89 54.15
973.9 42492.13 22830.21 53.73
974.9 42580.28 22946.49 53.89
975.8 42630.52 22785.47 53.45
976.8 42806.43 22822.10 53.31
977.8 42848.34 22733.51 53.06
978.8 42868.95 22813.50 53.22
979.7 43050.58 22867.41 53.12
980.7 43264.32 22952.36 53.05
981.7 43347.07 22990.90 53.04
982.6 43545.07 23179.23 53.23
983.6 44003.55 23368.51 53.11
984.6 44377.46 23523.07 53.01
985.5 44900.28 23873.47 53.17
986.5 45688.01 24345.86 53.29
987.5 46285.78 25186.79 54.42
988.4 47161.40 25608.00 54.30
989.4 47812.76 25666.59 53.68
990.4 48753.98 26157.82 53.65
991.3 50274.64 27335.77 54.37
992.3 50864.45 27545.06 54.15
993.2 51610.85 28453.29 55.13
994.2 53891.66 28033.79 52.02
995.2 55394.96 29432.07 53.13
996.1 55625.12 29462.97 52.97
997.1 56348.70 29444.64 52.25
998.0 54473.40 28093.20 51.57
999.0 55283.87 27750.34 50.20
1000.0 55127.21 28051.12 50.88
1000.9 55875.58 28803.47 51.55
1001.9 56355.47 29191.32 51.80
1002.8 54776.67 29269.98 53.44
1003.8 57170.04 29152.36 50.99
1004.8 54763.20 29024.50 53.00
961.5 49984.08 25427.10 50.87
965.5 48959.90 25418.21 51.92
969.5 47367.08 25133.55 53.06
973.4 45664.01 24297.04 53.21
977.4 44063.24 23626.40 53.62
981.4 43484.76 23320.69 53.63
985.3 43466.28 23247.58 53.48
989.3 43739.41 23371.68 53.43
993.3 44088.36 23558.42 53.43
997.2 44246.85 23723.28 53.62
1001.2 44240.69 23901.41 54.03
1005.2 44147.66 24114.16 54.62
1009.1 44170.72 24458.06 55.37
1013.1 44298.35 24859.23 56.12
1017.1 44409.64 25234.07 56.82
1021.0 44418.65 25551.10 57.52
1025.0 44431.92 25839.80 58.16
1029.0 44310.95 26051.57 58.79
1032.9 44196.36 26287.56 59.48
1036.9 44214.81 26593.80 60.15
1040.9 44317.48 26960.53 60.83
1044.8 44471.57 27387.10 61.58
1048.8 44586.22 27757.71 62.26
1052.7 44660.98 28074.68 62.86
1056.7 44664.90 28305.00 63.37
1060.7 44652.74 28466.06 63.75
1064.6 44643.90 28605.56 64.07
1068.6 44545.19 28630.34 64.27
1072.5 44448.63 28609.94 64.37
1076.5 44390.31 28589.10 64.40
1080.4 44363.13 28542.95 64.34
1084.4 44428.99 28498.16 64.14
1088.3 44526.89 28430.91 63.85
1092.3 44515.11 28246.84 63.45
1096.2 44485.25 28045.14 63.04
1100.2 44489.30 27875.11 62.66
1104.1 44387.15 27614.03 62.21
1108.1 44344.78 27376.47 61.74
1112.0 44255.25 27061.79 61.15
1116.0 44078.91 26656.70 60.47
1119.9 43920.46 26220.35 59.70
1123.9 43980.05 25811.52 58.69
1127.8 43933.44 25171.20 57.29
1131.8 43891.20 24345.90 55.47
1135.7 43904.71 23389.52 53.27
1139.6 43873.24 22321.41 50.88
1143.6 43814.30 21300.50 48.62
1147.5 43764.96 20451.13 46.73
1151.4 43600.54 19735.10 45.26
1155.4 43567.43 19280.09 44.25
1159.3 43548.37 18998.10 43.63
1163.2 43379.84 18729.68 43.18
1167.2 43333.14 18588.54 42.90
1171.1 43320.14 18490.64 42.68
1175.0 43247.45 18372.60 42.48
1179.0 43203.54 18274.82 42.30
1182.9 43281.26 18224.79 42.11
1186.8 43262.79 18142.91 41.94
1190.7 43059.97 17989.81 41.78
1194.7 42822.73 17843.96 41.67
1198.6 42602.18 17747.73 41.66
1202.5 42456.57 17701.75 41.69
1206.4 42335.53 17691.95 41.79
1210.3 42230.32 17725.34 41.97
1214.2 42126.94 17766.20 42.17
1218.2 41984.08 17813.84 42.43
1222.1 41854.50 17881.50 42.72
1226.0 41760.57 17968.82 43.03
1229.9 41673.90 18052.86 43.32
1233.8 41576.55 18106.57 43.55
1237.7 41528.30 18170.37 43.75
1241.6 41457.25 18233.02 43.98
1245.5 41309.15 18246.84 44.17
1249.4 41175.26 18254.53 44.33
1253.3 41058.30 18262.32 44.48
1257.2 40978.33 18296.63 44.65
1261.1 40873.57 18303.73 44.78
1265.0 40757.89 18265.59 44.81
1268.9 40587.74 18186.59 44.81
1272.8 40626.75 18185.85 44.76
1276.7 40780.33 18222.94 44.69
1280.6 40842.56 18185.58 44.53
1284.5 40748.73 18051.00 44.30
1288.4 40697.88 17918.86 44.03
1292.3 40562.50 17726.50 43.70
1296.2 40411.46 17486.30 43.27
1300.1 40239.63 17203.47 42.75
1303.9 40009.73 16864.98 42.15
1307.8 39785.54 16493.26 41.46
1311.7 39554.21 16090.11 40.68
1315.6 39326.35 15680.21 39.87
1319.5 39086.11 15229.28 38.96
1323.3 38870.69 14763.86 37.98
1327.2 38681.53 14301.05 36.97
1331.1 38474.56 13830.94 35.95
1335.0 38203.08 13345.90 34.93
1338.8 38009.09 12914.10 33.98
1342.7 37876.27 12532.59 33.09
1346.5 37598.34 12125.10 32.25
1350.4 37400.07 11747.68 31.41
1354.3 37094.65 11344.07 30.58
1358.1 36731.71 10950.71 29.81
1362.0 36487.36 10609.87 29.08
1365.8 36370.47 10296.11 28.31
1369.7 36432.94 10001.50 27.45
1373.5 36366.82 9581.12 26.35
1377.4 36166.21 9003.20 24.89
1381.2 35990.96 8326.29 23.13
1385.1 35936.27 7651.11 21.29
1389.0 35813.45 6974.06 19.47
1392.8 35598.92 6302.37 17.70
1396.6 35460.61 5688.14 16.04
1400.5 35253.63 5169.61 14.66
1404.3 35072.57 4770.58 13.60
1408.2 35016.72 4460.93 12.74
1412.0 34945.02 4223.17 12.09
1415.8 34962.39 4050.74 11.59
1419.6 34891.95 3907.92 11.20
1423.5 34842.23 3803.33 10.92
1427.3 34796.45 3729.11 10.72
1431.1 34758.75 3673.50 10.57
1434.9 34669.05 3622.28 10.45
1438.8 34606.94 3595.20 10.39
1442.6 34573.84 3575.09 10.34
1446.4 34441.31 3554.31 10.32
1450.2 34332.12 3538.92 10.31
1454.0 34220.52 3527.16 10.31
1457.8 34188.19 3541.33 10.36
1461.6 34155.00 3561.23 10.43
1465.4 34045.70 3577.17 10.51
1469.2 33870.20 3601.33 10.63
1473.0 33726.92 3643.20 10.80
1476.8 33664.28 3706.31 11.01
1480.7 33601.58 3787.70 11.27
1484.4 33488.64 3864.60 11.54
1488.2 33386.04 3955.80 11.85
1492.0 33257.25 4070.46 12.24
1495.8 33142.20 4174.63 12.60
1499.6 33034.11 4252.61 12.87
1503.4 32933.47 4264.83 12.95
1507.2 32852.74 4254.01 12.95
1510.9 32722.34 4315.81 13.19
1514.7 32573.11 4431.64 13.61
1518.5 32453.90 4535.30 13.97
1522.3 32317.90 4617.18 14.29
1526.0 32200.64 4695.33 14.58
1529.8 32127.61 4785.06 14.89
1533.6 32011.66 4866.04 15.20
1537.3 31894.88 4946.06 15.51
1541.1 31782.08 5029.48 15.82
1544.8 31651.20 5112.00 16.15
1548.6 31528.46 5192.64 16.47
1552.4 31450.00 5266.64 16.75
1556.1 31366.15 5326.10 16.98
1559.9 31270.43 5384.11 17.22
1563.6 31150.17 5456.48 17.52
1567.3 31046.10 5537.63 17.84
1571.1 30855.35 5592.70 18.13
1574.8 30723.08 5671.51 18.46
1578.6 30633.26 5745.53 18.76
1582.3 30519.48 5786.16 18.96
1586.0 30400.45 5827.07 19.17
1589.8 30269.89 5865.83 19.38
1593.5 30123.48 5896.91 19.58
1597.2 29998.09 5942.48 19.81
1600.9 29883.71 5985.87 20.03
1604.7 29753.95 6019.52 20.23
1608.4 29639.51 6053.50 20.42
1612.1 29489.62 6079.59 20.62
1615.8 29365.23 6116.05 20.83
1619.5 29298.37 6169.60 21.06
1623.2 29161.12 6189.50 21.23
1626.9 29003.45 6202.74 21.39
1630.6 28846.40 6229.08 21.59
1634.3 28721.00 6245.69 21.75
1638.0 28599.28 6246.90 21.84
1641.7 28456.49 6240.40 21.93
1645.4 28299.47 6219.61 21.98
1649.1 28138.66 6195.36 22.02
1652.8 28008.70 6173.38 22.04
1656.4 27859.80 6143.32 22.05
1660.1 27720.43 6112.86 22.05
1663.8 27551.22 6075.67 22.05
1667.5 27406.07 6051.97 22.08
1671.1 27282.14 6022.21 22.07
1674.8 27100.13 5970.15 22.03
1678.5 27060.12 5954.68 22.01
1682.1 27085.37 5929.75 21.89
1685.8 27087.74 5906.03 21.80
1689.5 26985.46 5862.60 21.73
1693.1 26859.21 5804.13 21.61
1696.8 26718.75 5745.13 21.50
1700.4 26575.97 5681.07 21.38
1704.0 26457.91 5616.42 21.23
1707.7 26210.69 5511.50 21.03
1711.3 25940.59 5399.52 20.81
1715.0 25755.85 5310.41 20.62
1718.6 25603.66 5225.68 20.41
1722.2 25471.82 5150.71 20.22
1725.9 25346.15 5076.95 20.03
1729.5 25225.17 5007.53 19.85
1733.1 25122.33 4963.53 19.76
1736.7 25028.77 4929.95 19.70
1740.3 24869.68 4873.83 19.60
1744.0 24796.20 4820.75 19.44
1747.5 24670.34 4753.31 19.27
1751.2 24460.97 4665.72 19.07
1754.8 24300.77 4586.36 18.87
1758.4 24168.99 4517.68 18.69
1762.0 24004.67 4448.32 18.53
1765.5 23878.06 4390.98 18.39
1769.1 23824.80 4360.80 18.30
1772.7 23745.17 4336.01 18.26
1776.3 23631.64 4299.54 18.19
1779.9 23517.13 4259.12 18.11
1783.5 23453.36 4235.84 18.06
1787.0 23338.16 4208.32 18.03
1790.6 23194.11 4180.82 18.03
1794.2 23099.94 4168.43 18.05
1797.8 23019.59 4151.79 18.04
1801.3 22943.45 4143.22 18.06
1804.9 22821.75 4121.25 18.06
1808.4 22758.56 4112.93 18.07
1812.0 22651.25 4102.37 18.11
1815.5 22537.46 4086.60 18.13
1819.1 22377.91 4061.22 18.15
1822.6 22230.86 4037.51 18.16
1826.2 22108.08 4022.32 18.19
1829.7 21962.63 3992.66 18.18
1833.2 21769.52 3948.27 18.14
1836.8 21568.82 3901.63 18.09
1840.3 21408.35 3873.02 18.09
1843.8 21283.15 3862.18 18.15
1847.3 21175.36 3851.40 18.19
1850.8 21026.88 3826.37 18.20
1854.3 20829.70 3780.61 18.15
1857.8 20716.80 3686.80 17.80
1861.3 20743.52 3553.32 17.13
1864.8 20771.48 3367.08 16.21
1868.3 20668.83 3106.94 15.03
1871.8 20505.60 2826.24 13.78
1875.3 20412.67 2591.23 12.69
1878.8 20386.82 2405.27 11.80
1882.3 20318.80 2248.07 11.06
1885.8 20165.84 2112.15 10.47
1889.3 19976.70 2001.84 10.02
1892.7 19815.25 1894.76 9.56
1896.2 19650.94 1871.52 9.52
1899.7 19441.16 1845.82 9.49
1903.1 19313.45 1862.78 9.65
1906.6 19304.54 1973.78 10.22
1910.0 19451.18 2147.34 11.04
1913.5 19794.95 2422.17 12.24
1917.0 20308.75 2695.53 13.27
1920.4 20662.58 2958.40 14.32
1923.8 20806.27 3196.80 15.36
1871.2 18887.00 2197.76 11.64
1873.9 18953.16 1954.38 10.31
1876.7 18991.47 1897.15 9.99
1879.5 19143.67 1787.63 9.34
1882.3 18900.39 1569.77 8.31
1885.1 18757.12 1525.74 8.13
1887.8 18909.61 1525.63 8.07
1890.6 18719.80 1317.64 7.04
1893.4 18700.00 1298.00 6.94
1896.2 18690.78 1375.33 7.36
1898.9 18634.09 1303.94 7.00
1901.7 18493.24 1293.23 6.99
1904.5 18663.12 1296.05 6.94
1907.2 18605.75 1206.50 6.48
1910.0 18464.96 1206.21 6.53
1912.7 18451.36 1217.01 6.60
1915.5 18338.72 1155.34 6.30
1918.2 18231.61 1155.80 6.34
1921.0 18078.76 1141.53 6.31
1923.7 18082.37 1107.22 6.12
1926.5 18028.91 1113.78 6.18
1929.2 17989.40 1103.09 6.13
1932.0 17961.44 1093.36 6.09
1934.7 17922.05 1106.84 6.18
1937.4 17800.47 1110.40 6.24
1940.2 17730.06 1097.18 6.19
1942.9 17801.07 1102.29 6.19
1945.6 17808.94 1123.44 6.31
1948.3 17731.12 1089.02 6.14
1951.1 17698.80 1107.68 6.26
1953.8 17700.00 1128.00 6.37
1956.5 17568.67 1105.16 6.29
1959.2 17632.03 1118.26 6.34
1961.9 17647.56 1126.44 6.38
1964.6 17543.58 1112.65 6.34
1967.3 17598.27 1118.43 6.36
1970.0 17419.60 1142.56 6.56
1972.8 17335.24 1141.37 6.58
1975.5 17419.52 1153.11 6.62
1978.2 17336.04 1156.32 6.67
1980.9 17221.82 1160.17 6.74
1983.5 17185.34 1151.70 6.70
1986.2 17183.55 1164.00 6.77
1988.9 17157.36 1193.10 6.95
1991.6 17017.92 1170.25 6.88
1994.3 16893.86 1178.44 6.98
1997.0 16913.63 1211.00 7.16
1999.7 16876.79 1211.84 7.18
2002.3 16857.27 1205.32 7.15
2005.0 16785.35 1211.08 7.22
2007.7 16706.93 1229.80 7.36
2010.4 16656.07 1241.93 7.46
2013.0 16600.58 1243.27 7.49
2015.7 16495.88 1250.33 7.58
2018.4 16401.61 1253.81 7.64
2021.0 16371.00 1249.50 7.63
2023.7 16264.64 1246.56 7.66
2026.4 16195.83 1281.58 7.91
2029.0 16138.97 1282.12 7.94
2031.7 16029.65 1275.95 7.96
2034.3 16012.75 1278.77 7.99
2037.0 15932.90 1272.38 7.99
2039.6 15864.39 1282.88 8.09
2042.3 15822.15 1274.98 8.06
2044.9 15747.27 1270.67 8.07
2047.5 15719.22 1287.50 8.19
2050.2 15638.00 1299.20 8.31
2052.8 15596.00 1296.40 8.31
2055.4 15487.61 1288.77 8.32
2058.1 15363.60 1293.60 8.42
2060.7 15311.01 1316.45 8.60
2063.3 15243.07 1309.73 8.59
2065.9 15200.63 1295.33 8.52
2068.6 15142.00 1320.46 8.72
2071.2 15102.27 1330.83 8.81
2073.8 15013.06 1329.21 8.85
2076.4 14939.89 1321.94 8.85
2079.0 14937.96 1301.03 8.71
2081.6 14955.68 1319.45 8.82
2084.2 14929.44 1345.94 9.02
2086.8 14795.01 1346.29 9.10
2089.4 14708.12 1347.42 9.16
2092.1 14645.50 1343.00 9.17
2094.7 14574.18 1350.35 9.27
2097.2 14543.50 1340.17 9.21
2099.8 14569.24 1340.78 9.20
2102.4 14455.51 1344.90 9.30
2105.0 14315.55 1350.90 9.44
2107.6 14281.54 1378.59 9.65
2110.2 14245.28 1372.53 9.63
2112.8 14225.04 1357.22 9.54
2115.3 14222.61 1371.17 9.64
2117.9 14223.97 1392.80 9.79
2120.5 14225.20 1407.95 9.90
2123.1 14136.53 1398.15 9.89
2125.6 14079.43 1408.53 10.00
2128.2 14012.88 1422.36 10.15
2130.8 13940.55 1401.08 10.05
2133.3 13889.33 1393.33 10.03
2135.9 13802.30 1403.18 10.17
2138.4 13704.95 1390.83 10.15
2141.0 13601.55 1386.89 10.20
2143.6 13585.34 1416.00 10.42
2146.1 13439.94 1386.89 10.32
2148.7 13282.54 1359.68 10.24
2151.2 13302.67 1405.07 10.56
2153.8 13324.47 1421.63 10.67
2156.3 13227.98 1402.83 10.61
2158.8 13160.05 1405.79 10.68
2161.4 13128.93 1397.51 10.64
2163.9 13034.58 1385.72 10.63
2166.4 12973.85 1386.68 10.69
2169.0 12959.07 1392.59 10.75
2171.5 12876.28 1386.68 10.77
2174.0 12786.55 1389.33 10.87
2176.5 12767.30 1381.38 10.82
2179.1 12718.27 1358.26 10.68
2181.6 12644.21 1380.92 10.92
2184.1 12612.60 1404.48 11.14
2186.6 12631.79 1390.28 11.01
2189.1 12551.10 1370.67 10.92
2191.6 12501.53 1368.73 10.95
2194.1 12512.72 1388.46 11.10
2196.6 12513.32 1382.44 11.05
2199.2 12564.98 1391.85 11.08
2201.7 12503.60 1396.85 11.17
2204.1 12450.01 1385.37 11.13
2206.6 12458.20 1395.02 11.20
2209.1 12429.94 1396.67 11.24
2211.6 12413.54 1389.43 11.19
2214.1 12385.83 1395.21 11.26
2216.6 12340.79 1382.59 11.20
2219.1 12355.98 1397.79 11.31
2221.6 12303.15 1397.05 11.36
2224.0 12230.10 1367.79 11.18
2226.5 12198.83 1366.00 11.20
2229.0 12234.63 1355.17 11.08
2231.5 12152.59 1325.18 10.90
2233.9 12137.64 1339.22 11.03
2236.4 12131.98 1335.56 11.01
2238.9 12024.13 1309.75 10.89
2241.3 12068.10 1298.15 10.76
2243.8 12017.57 1286.49 10.71
2246.2 11870.35 1248.29 10.52
2248.7 11882.39 1249.56 10.52
2251.2 11860.53 1268.30 10.69
2253.6 11784.96 1236.48 10.49
2256.1 11773.44 1224.96 10.40
2258.5 11793.92 1213.97 10.29
2260.9 11696.75 1188.85 10.16
2263.4 11668.53 1189.88 10.20
2265.8 11678.48 1150.15 9.85
2268.3 11583.48 1139.11 9.83
2270.7 11653.18 1151.50 9.88
2273.1 11608.55 1127.49 9.71
2275.6 11523.84 1128.96 9.80
2278.0 11553.06 1133.78 9.81
2280.4 11529.61 1131.41 9.81
2282.8 11402.06 1103.43 9.68
2285.3 11435.59 1104.29 9.66
2287.7 11531.47 1112.93 9.65
2290.1 11440.95 1087.17 9.50
2292.5 11408.96 1063.51 9.32
2294.9 11404.51 1035.34 9.08
2297.3 11303.39 1040.17 9.20
2299.7 11233.01 1034.46 9.21
2302.1 11231.11 993.87 8.85
2304.5 11113.20 976.08 8.78
2306.9 10995.60 968.24 8.81
2309.3 10932.15 940.40 8.60
2311.7 10856.55 945.93 8.71
2314.1 10708.33 976.71 9.12
2316.5 10641.94 973.18 9.14
2318.9 10674.03 969.65 9.08
2321.3 10672.73 954.76 8.95
2323.7 10642.23 942.43 8.86
2326.1 10606.96 983.32 9.27
2328.4 10691.58 972.33 9.09
2330.8 10736.25 944.79 8.80
2333.2 10617.06 955.45 9.00
2335.6 10582.60 938.28 8.87
2337.9 10642.00 943.17 8.86
2340.3 10592.40 936.23 8.84
2342.7 10507.23 922.50 8.78
2345.0 10502.01 917.28 8.73
2347.4 10493.25 892.50 8.51
2349.7 10277.63 897.05 8.73
2352.1 10236.25 900.55 8.80
2354.4 10290.21 872.56 8.48
2356.8 10243.45 902.18 8.81
2359.2 10187.67 879.67 8.63
2361.5 10122.93 842.12 8.32
2363.8 10144.75 878.33 8.66
2366.2 10159.49 851.77 8.38
2368.5 10097.05 841.05 8.33
2370.9 10118.68 881.25 8.71
2373.2 10072.53 854.37 8.48
2375.5 9932.38 796.40 8.02
2377.9 9918.93 838.73 8.46
2380.2 9923.89 847.61 8.54
2382.5 9856.28 794.94 8.07
2384.8 9822.88 807.36 8.22
2387.2 9807.99 801.71 8.17
2389.5 9759.69 779.08 7.98
2391.8 9772.85 798.56 8.17
2394.1 9716.63 777.33 8.00
2396.4 9652.48 769.30 7.97
2398.7 9714.10 789.21 8.12
2401.0 9598.25 776.37 8.09
2403.3 9511.80 771.90 8.12
2405.6 9521.83 739.75 7.77
2407.9 9458.88 716.43 7.57
2410.2 9400.00 767.04 8.16
2412.5 9350.27 782.58 8.37
2414.8 9330.30 729.17 7.82
2417.1 9280.68 722.63 7.79
2419.4 9294.64 724.19 7.79
2421.7 9214.94 725.42 7.87
2424.0 9156.02 729.10 7.96
2426.2 9223.40 706.20 7.66
2428.5 9129.27 713.90 7.82
2430.8 9112.40 730.30 8.01
2433.1 9071.93 708.05 7.80
2435.4 8991.17 671.40 7.47
2437.6 8963.19 693.78 7.74
2439.9 8866.09 707.49 7.98
2442.2 8873.80 665.54 7.50
2444.4 8827.50 666.23 7.55
2446.7 8812.56 683.28 7.75
2448.9 8870.66 651.38 7.34
2451.2 8802.92 685.40 7.79
2453.4 8732.64 723.20 8.28
2455.7 8702.87 681.15 7.83
2457.9 8608.05 653.24 7.59
2460.2 8594.01 622.67 7.25
2462.4 8611.20 611.52 7.10
2464.7 8503.63 643.45 7.57
2466.9 8416.62 661.26 7.86
2469.2 8471.54 635.20 7.50
2471.4 8370.38 603.98 7.22
2473.6 8261.63 636.03 7.70
2475.9 8256.69 589.28 7.14
2478.1 8211.66 546.53 6.66
2480.3 8173.00 570.86 6.98
2482.5 8177.69 571.87 6.99
2484.8 8119.06 618.94 7.62
2487.0 8110.30 614.75 7.58
2489.2 8058.48 557.84 6.92
2491.4 7946.29 614.80 7.74
2493.6 7987.26 619.23 7.75
2495.8 7981.68 538.45 6.75
2498.0 7985.07 551.25 6.90
2500.2 7961.63 589.75 7.41
2502.4 8125.20 603.84 7.43
2504.6 8272.59 572.79 6.92
2506.8 8348.61 526.05 6.30
