/*** Spectra Vista SIG Data ***/
name= \My Documents\HR1024_Data\CB2.
instrument= HR: 1091052
integration= 200, 60, 30, 500, 60, 30
scan time= 1, 1
scan settings= AD, AI, AD, AI
external data set1= 8224, 8224, 8224, 8224, 8224, 8224, 8224, 8224, 8224, 8224, 8224, 8224, 8224, 8224, 8224, 8224
external data set2= 8224, 8224, 8224, 8224, 8224, 8224, 8224, 8224, 8224, 8224, 8224, 8224, 8224, 8224, 8224, 8224
external data dark= 0,0,0,0,0,0,0,0
external data mask= 0
optic= LENS4 , LENS4 
temp= 33.31, 8.94, -5.30, 42.65, 8.94, -5.24
battery= 7.5, 6.6
error= 0, 0
units= Radiance, Radiance
time= 1/1/08 1:10:44 PM, 1/1/08 1:36:59 PM
longitude= , 
latitude= , 
gpstime= , 
comm= 
memory slot= 0, 0
factors= 
data= 
346.4 509.60 123.58 24.25
347.9 536.51 126.76 23.63
349.5 577.20 127.30 22.05
351.1 620.88 127.30 20.50
352.6 679.94 135.36 19.91
354.2 723.22 138.75 19.19
355.7 777.89 145.48 18.70
357.3 842.60 152.57 18.11
358.8 838.80 143.99 17.17
360.4 904.00 154.77 17.12
361.9 943.76 164.37 17.42
363.5 997.20 163.43 16.39
365.1 1040.25 160.89 15.47
366.6 1087.54 161.58 14.86
368.2 1161.70 161.16 13.87
369.7 1204.79 156.72 13.01
371.3 1287.37 165.94 12.89
372.8 1354.56 164.67 12.16
374.4 1435.13 168.21 11.72
375.9 1463.02 166.82 11.40
377.4 1512.41 167.83 11.10
379.0 1578.52 170.58 10.81
380.5 1618.77 171.11 10.57
382.1 1669.58 177.30 10.62
383.6 1726.52 168.97 9.79
385.2 1809.50 165.00 9.12
386.7 1900.67 172.20 9.06
388.3 1991.93 173.92 8.73
389.8 2077.97 181.17 8.72
391.3 2163.95 181.58 8.39
392.9 2236.17 187.77 8.40
394.4 2293.88 204.16 8.90
395.9 2364.42 211.01 8.92
397.5 2493.56 217.06 8.70
399.0 2617.23 212.59 8.12
400.6 2691.33 218.48 8.12
402.1 2739.96 212.59 7.76
403.6 2797.88 214.82 7.68
405.1 2865.39 218.45 7.62
406.7 2979.20 222.21 7.46
408.2 3089.54 227.21 7.35
409.7 3183.04 231.17 7.26
411.3 3295.62 240.52 7.30
412.8 3391.47 255.01 7.52
414.3 3507.27 268.25 7.65
415.8 3622.50 283.00 7.81
417.4 3739.34 287.41 7.69
418.9 3830.42 302.59 7.90
420.4 3913.23 307.08 7.85
421.9 3978.48 315.57 7.93
423.5 4044.22 320.36 7.92
425.0 4110.68 329.03 8.00
426.5 4198.95 334.54 7.97
428.0 4314.36 343.18 7.95
429.5 4445.73 349.97 7.87
431.1 4599.50 360.68 7.84
432.6 4769.72 374.50 7.85
434.1 4937.63 381.92 7.73
435.6 5085.18 397.06 7.81
437.1 5233.80 412.62 7.88
438.6 5364.45 426.01 7.94
440.1 5501.44 436.94 7.94
441.6 5653.06 454.17 8.03
443.1 5799.60 467.37 8.06
444.7 5941.01 490.73 8.26
446.2 6051.88 509.41 8.42
447.7 6161.82 529.02 8.59
449.2 6292.08 549.50 8.73
450.7 6396.00 575.74 9.00
452.2 6529.70 591.07 9.05
453.7 6647.26 605.69 9.11
455.2 6815.62 620.35 9.10
456.7 7013.60 634.30 9.04
458.2 7232.90 664.75 9.19
459.7 7456.75 685.30 9.19
461.2 7667.16 706.71 9.22
462.7 7858.10 724.59 9.22
464.2 8041.02 744.44 9.26
465.7 8240.35 762.27 9.25
467.2 8402.63 780.78 9.29
468.7 8584.00 799.20 9.31
470.2 8698.25 815.37 9.37
471.7 8877.75 840.75 9.47
473.2 9159.71 889.63 9.71
474.6 9386.40 922.95 9.83
476.1 9450.96 929.41 9.83
477.6 9499.75 928.64 9.78
479.1 9557.87 933.00 9.76
480.6 9632.82 940.48 9.76
482.1 9760.73 955.28 9.79
483.6 9935.74 977.60 9.84
485.1 10133.78 1003.15 9.90
486.6 10366.07 1034.63 9.98
488.0 10621.00 1066.00 10.04
489.5 10873.80 1101.43 10.13
491.0 11134.31 1148.10 10.31
492.5 11404.80 1193.62 10.47
494.0 11683.71 1250.45 10.70
495.4 11917.95 1301.52 10.92
496.9 12154.26 1364.72 11.23
498.4 12387.41 1431.86 11.56
499.9 12623.63 1503.16 11.91
501.4 12839.71 1590.04 12.38
502.8 13042.06 1666.15 12.78
504.3 13226.40 1760.40 13.31
505.8 13406.54 1858.20 13.86
507.2 13518.16 1962.78 14.52
508.7 13603.31 2061.20 15.15
510.2 13672.60 2160.36 15.80
511.6 13715.26 2277.08 16.60
513.1 13806.21 2404.07 17.41
514.6 13898.29 2527.90 18.19
516.0 13992.63 2657.35 18.99
517.5 14151.40 2805.37 19.82
519.0 14339.95 2952.45 20.59
520.5 14520.56 3098.29 21.34
521.9 14760.83 3257.25 22.07
523.4 15031.28 3429.89 22.82
524.8 15295.25 3586.54 23.45
526.3 15594.01 3749.04 24.04
527.8 15909.50 3917.07 24.62
529.2 16189.50 4059.63 25.08
530.7 16509.28 4218.20 25.55
532.1 16791.25 4358.41 25.96
533.6 17121.20 4501.92 26.29
535.0 17454.94 4645.87 26.62
536.5 17789.22 4779.34 26.87
538.0 18136.88 4911.33 27.08
539.4 18461.69 5035.36 27.27
540.9 18864.39 5195.90 27.54
542.3 19206.33 5350.42 27.86
543.8 19460.81 5481.95 28.17
545.2 19544.37 5538.06 28.34
546.6 19566.05 5573.56 28.49
548.1 19604.97 5610.53 28.62
549.5 19640.65 5642.22 28.73
551.0 19664.79 5668.87 28.83
552.4 19724.92 5700.05 28.90
553.9 19761.60 5730.15 29.00
555.3 19812.20 5750.78 29.03
556.8 19934.49 5789.67 29.04
558.2 20047.50 5817.15 29.02
559.6 20200.16 5841.92 28.92
561.1 20397.00 5883.15 28.84
562.5 20617.77 5920.92 28.72
564.0 20901.40 5966.57 28.55
565.4 21161.13 6008.84 28.40
566.8 21482.31 6057.06 28.20
568.3 21793.28 6096.90 27.98
569.7 22118.60 6129.97 27.71
571.1 22425.71 6149.74 27.42
572.6 22741.56 6170.26 27.13
574.0 23030.70 6179.58 26.83
575.4 23309.44 6189.75 26.55
576.9 23581.06 6198.89 26.29
578.3 23822.01 6203.34 26.04
579.7 24048.22 6201.64 25.79
581.1 24227.75 6186.32 25.53
582.6 24429.78 6192.09 25.35
584.0 24600.48 6187.01 25.15
585.4 24853.74 6225.85 25.05
586.8 25196.68 6291.47 24.97
588.3 25573.86 6376.03 24.93
589.7 25896.78 6436.87 24.86
591.1 26104.75 6466.54 24.77
592.5 26211.06 6468.94 24.68
594.0 26269.26 6454.87 24.57
595.4 26286.44 6433.62 24.48
596.8 26295.56 6419.56 24.41
598.2 26315.92 6397.52 24.31
599.6 26317.98 6387.19 24.27
601.0 26398.05 6385.81 24.19
602.4 26470.93 6376.09 24.09
603.9 26597.64 6375.30 23.97
605.3 26727.57 6362.31 23.80
606.7 26857.80 6345.36 23.63
608.1 27088.39 6334.94 23.39
609.5 27333.21 6325.29 23.14
610.9 27623.29 6314.09 22.86
612.3 27891.32 6307.34 22.61
613.7 28252.28 6302.19 22.31
615.1 28513.62 6271.99 22.00
616.5 28776.05 6241.52 21.69
617.9 29165.50 6258.72 21.46
619.3 29543.24 6287.11 21.28
620.7 29990.55 6358.58 21.20
622.1 30437.05 6413.93 21.07
623.5 30934.60 6463.28 20.89
624.9 31494.75 6484.91 20.59
626.3 31867.36 6444.02 20.22
627.7 31569.69 6346.16 20.10
629.1 31287.59 6377.62 20.38
630.5 31184.65 6459.29 20.71
631.9 31222.21 6522.57 20.89
633.3 31256.33 6529.88 20.89
634.7 31400.48 6532.91 20.81
636.1 31461.82 6489.45 20.63
637.5 31554.77 6415.20 20.33
638.9 31702.82 6329.67 19.97
640.2 31825.04 6199.79 19.48
641.6 31863.78 6016.61 18.88
643.0 31847.61 5806.06 18.23
644.4 31829.55 5598.55 17.59
645.8 31751.71 5381.83 16.95
647.2 31867.94 5244.30 16.46
648.5 31926.34 5181.78 16.23
649.9 31776.23 5272.80 16.59
651.3 31648.05 5419.26 17.12
652.7 31449.15 5505.96 17.51
654.1 31244.46 5355.91 17.14
655.5 31005.95 5130.33 16.55
656.8 30780.41 4896.03 15.91
658.2 30925.42 4741.33 15.33
659.6 31264.45 4636.12 14.83
660.9 31536.04 4529.51 14.36
662.3 31822.64 4410.56 13.86
663.7 32096.40 4282.32 13.34
665.0 32332.90 4189.16 12.96
666.4 32562.99 4092.83 12.57
667.8 32863.56 4028.62 12.26
669.1 33114.69 3962.39 11.97
670.5 33405.09 3936.31 11.78
671.9 33586.56 3900.48 11.61
673.2 33844.75 3911.68 11.56
674.6 34082.18 3937.38 11.55
676.0 34372.41 3992.46 11.62
677.3 34659.68 4064.30 11.73
678.7 34979.63 4159.90 11.89
680.0 35399.92 4309.22 12.17
681.4 35845.89 4506.85 12.57
682.8 36270.33 4777.50 13.17
684.1 36705.24 5109.62 13.92
685.5 37104.21 5523.83 14.89
686.8 37507.62 6015.19 16.04
688.2 37862.83 6572.57 17.36
689.5 38000.96 7170.01 18.87
690.9 38124.79 7808.53 20.48
692.2 38229.60 8474.16 22.17
693.6 38334.37 9171.20 23.92
694.9 38335.34 9844.82 25.68
696.2 38393.33 10549.76 27.48
697.6 38453.39 11218.08 29.17
698.9 38522.88 11886.34 30.86
700.3 38613.54 12567.16 32.55
701.6 38716.02 13221.71 34.15
703.0 38828.83 13828.64 35.61
704.3 38882.19 14353.95 36.92
705.6 38895.39 14857.31 38.20
707.0 38949.12 15323.82 39.34
708.3 38885.46 15724.88 40.44
709.6 38817.35 16103.88 41.49
711.0 38702.88 16403.64 42.38
712.3 38573.15 16715.42 43.33
713.6 38531.64 17008.49 44.14
714.9 38462.14 17298.63 44.98
716.3 38461.08 17609.52 45.79
717.6 38479.84 17939.60 46.62
718.9 38424.85 18175.01 47.30
720.2 38251.08 18318.86 47.89
721.6 38113.53 18474.61 48.47
722.9 37945.16 18604.68 49.03
724.2 37714.27 18728.29 49.66
725.5 37534.96 18849.35 50.22
726.8 37360.68 18901.84 50.59
728.1 37271.09 18973.76 50.91
729.5 37167.13 19048.64 51.25
730.8 37093.13 19137.32 51.59
732.1 36996.92 19224.74 51.96
733.4 36936.39 19321.73 52.31
734.7 36864.47 19388.45 52.59
736.0 36851.62 19498.21 52.91
737.3 36774.45 19583.22 53.25
738.6 36845.76 19707.02 53.49
739.9 37000.34 19877.11 53.72
741.2 37119.81 20008.72 53.90
742.5 37372.03 20175.25 53.98
743.8 37768.50 20434.26 54.10
745.1 38387.22 20845.25 54.30
746.4 39127.73 21324.21 54.50
747.7 39918.22 21783.20 54.57
749.0 40672.12 22260.14 54.73
750.3 41122.66 22527.85 54.78
751.6 41047.35 22583.90 55.02
752.9 40630.59 22443.56 55.24
754.2 40176.47 22231.65 55.34
755.4 39652.21 21970.81 55.41
756.7 39478.17 21888.41 55.44
758.0 39495.60 21890.80 55.43
759.3 39730.28 22093.76 55.61
760.6 40061.56 22362.03 55.82
761.9 40384.10 22594.39 55.95
763.1 40567.56 22732.74 56.04
764.4 40796.65 22849.20 56.01
765.7 40953.25 22941.10 56.02
767.0 41079.80 23055.41 56.12
768.2 41207.04 23131.58 56.14
769.5 41279.98 23189.79 56.18
770.8 41469.61 23343.89 56.29
772.0 41501.32 23446.63 56.50
773.3 41583.65 23529.56 56.58
774.6 41708.58 23586.26 56.55
775.8 41815.15 23626.98 56.50
777.1 41846.51 23639.38 56.49
778.4 41799.94 23608.77 56.48
779.6 41775.90 23653.88 56.62
780.9 41704.00 23660.80 56.74
782.1 41523.21 23623.76 56.89
783.4 41558.40 23612.16 56.82
784.6 41567.36 23575.95 56.72
785.9 41861.56 23728.98 56.68
787.1 42409.87 24083.57 56.79
788.4 42854.47 24383.24 56.90
789.6 42849.18 24398.54 56.94
790.9 42483.96 24179.29 56.91
792.1 42011.92 23941.28 56.99
793.4 41570.15 23694.12 57.00
794.6 41283.15 23548.12 57.04
795.8 41024.39 23412.31 57.07
797.1 40758.68 23273.94 57.10
798.3 40551.64 23175.74 57.15
799.5 40444.72 23088.27 57.09
800.8 40323.21 23035.64 57.13
802.0 40187.32 22968.83 57.15
803.2 40033.64 22900.13 57.20
804.5 39942.72 22874.81 57.27
805.7 39829.66 22813.30 57.28
806.9 39715.93 22764.37 57.32
808.1 39632.97 22747.85 57.40
809.4 39553.39 22732.88 57.47
810.6 39489.45 22717.24 57.53
811.8 39474.39 22749.10 57.63
813.0 39504.71 22757.36 57.61
814.2 39525.61 22822.53 57.74
815.4 39644.33 22873.83 57.70
816.6 39709.73 22897.29 57.66
817.9 39791.57 22910.76 57.58
819.1 39719.87 22928.02 57.72
820.3 39621.11 22890.94 57.77
821.5 39546.25 22877.27 57.85
822.7 39480.04 22874.82 57.94
823.9 39499.25 22905.81 57.99
825.1 39541.96 22949.91 58.04
826.3 39583.35 22983.23 58.06
827.5 39640.56 23028.54 58.09
828.7 39708.48 23071.78 58.10
829.9 39767.03 23120.39 58.14
831.0 39870.82 23201.07 58.19
832.2 39993.87 23301.10 58.26
833.4 40076.64 23374.16 58.32
834.6 40148.44 23450.63 58.41
835.8 40238.10 23511.60 58.43
837.0 40328.28 23604.85 58.53
838.1 40500.72 23677.05 58.46
839.3 40601.19 23740.28 58.47
840.5 40716.87 23827.68 58.52
841.7 40854.11 23930.05 58.57
842.9 40980.73 24072.06 58.74
844.0 41100.82 24187.26 58.85
845.2 41245.09 24281.24 58.87
846.4 41368.25 24348.17 58.86
847.5 41564.18 24520.89 59.00
848.7 41743.64 24649.59 59.05
849.9 41936.76 24770.29 59.07
851.0 42020.98 24799.19 59.02
852.2 42107.61 24825.17 58.96
853.3 42066.96 24818.26 59.00
854.5 42098.11 24852.92 59.04
855.6 42095.43 24930.43 59.22
856.8 42111.00 24966.37 59.29
857.9 42111.88 24954.37 59.26
859.1 42240.60 25025.68 59.25
860.2 42245.56 25042.13 59.28
861.4 42273.83 25062.48 59.29
862.5 42309.54 25078.35 59.27
863.7 42384.63 25124.00 59.28
864.8 42387.10 25144.98 59.32
865.9 42333.82 25165.48 59.45
867.1 42372.33 25163.19 59.39
868.2 42368.54 25168.05 59.40
869.3 42393.50 25183.53 59.40
870.5 42342.80 25162.50 59.43
871.6 42318.48 25224.17 59.61
872.7 42385.23 25261.68 59.60
873.9 42404.90 25288.91 59.64
875.0 42391.36 25284.59 59.65
876.1 42363.75 25242.63 59.59
877.2 42397.32 25267.65 59.60
878.3 42381.77 25242.68 59.56
879.4 42397.70 25264.91 59.59
880.5 42451.56 25250.69 59.48
881.7 42410.55 25251.98 59.54
882.8 42454.72 25283.30 59.55
883.9 42482.63 25295.16 59.54
885.0 42446.04 25286.63 59.57
886.1 42420.10 25249.85 59.52
887.2 42295.80 25161.96 59.49
888.3 42201.80 25110.66 59.50
889.4 42117.30 25009.45 59.38
890.5 42026.34 24965.46 59.40
891.6 41981.69 24902.10 59.32
892.7 41962.31 24880.63 59.29
893.8 41981.79 24994.65 59.54
894.9 41952.35 24965.07 59.51
896.0 41968.71 24911.41 59.36
897.0 41952.48 24905.59 59.37
898.1 41951.64 24901.65 59.36
899.2 41983.30 24892.97 59.29
900.3 41907.57 24894.77 59.40
901.4 41820.39 24835.81 59.39
902.4 41828.99 24849.28 59.41
903.5 41775.96 24841.20 59.46
904.6 41798.96 24880.79 59.52
905.7 41805.42 24854.89 59.45
906.7 41815.90 24831.32 59.38
907.8 41839.20 24882.70 59.47
908.9 41746.38 24826.27 59.47
909.9 41734.69 24792.85 59.41
911.0 41681.88 24707.05 59.28
912.1 41602.05 24677.98 59.32
913.1 41535.52 24636.77 59.31
914.2 41457.24 24648.00 59.45
915.2 41368.59 24651.32 59.59
916.3 41436.15 24626.52 59.43
917.3 41410.15 24686.47 59.61
918.4 41310.50 24615.36 59.59
919.4 41328.17 24561.21 59.43
920.5 41309.67 24560.61 59.45
921.5 41323.66 24506.33 59.30
922.6 41255.80 24528.09 59.45
923.6 41303.54 24516.06 59.36
924.7 41344.50 24540.10 59.36
925.7 41333.16 24560.98 59.42
926.7 41356.90 24537.70 59.33
927.8 41415.30 24532.22 59.23
928.8 41570.85 24582.19 59.13
929.9 41658.93 24690.12 59.27
930.9 41879.39 24821.65 59.27
931.9 42070.56 24956.33 59.32
932.9 42412.10 25112.24 59.21
934.0 42452.50 25108.26 59.14
935.0 42440.57 25110.86 59.17
936.0 42488.02 25045.07 58.95
937.0 42429.47 25065.14 59.07
938.1 42380.86 25051.05 59.11
939.1 42337.65 25049.28 59.17
940.1 42429.30 25124.94 59.22
941.1 42615.86 25170.92 59.06
942.1 42903.92 25334.93 59.05
943.1 43057.09 25486.75 59.19
944.1 43342.63 25612.14 59.09
945.2 43356.60 25649.40 59.16
946.2 43482.48 25646.22 58.98
947.2 43549.00 25663.95 58.93
948.2 43743.16 25764.54 58.90
949.2 43840.88 25829.38 58.92
950.2 43906.25 25863.24 58.91
951.2 44010.96 25943.90 58.95
952.2 44061.91 25893.82 58.77
953.2 44318.14 26031.92 58.74
954.2 44380.80 26055.63 58.71
955.2 44428.35 26073.24 58.69
956.2 44460.20 26049.92 58.59
957.2 44542.35 26080.42 58.55
958.2 44649.94 26137.66 58.54
959.2 44705.25 26147.16 58.49
960.1 44813.66 26210.80 58.49
961.1 44928.76 26243.55 58.41
962.1 44958.75 26212.88 58.30
963.1 44986.01 26320.28 58.51
964.1 45106.16 26395.04 58.52
965.1 45270.70 26510.22 58.56
966.1 45207.41 26494.92 58.61
967.0 45355.66 26517.48 58.47
968.0 45441.48 26541.48 58.41
969.0 45453.60 26527.44 58.36
970.0 45557.64 26645.92 58.49
971.0 45615.57 26731.36 58.60
971.9 45699.86 26744.46 58.52
972.9 45781.93 26869.22 58.69
973.9 45829.88 26886.86 58.67
974.9 45973.78 26910.95 58.54
975.8 45979.65 26986.08 58.69
976.8 46106.16 27057.75 58.69
977.8 46097.80 27091.62 58.77
978.8 46103.70 27117.42 58.82
979.7 46387.55 27297.15 58.85
980.7 46405.76 27517.38 59.30
981.7 46694.84 27408.22 58.70
982.6 46857.76 27692.17 59.10
983.6 47433.79 27827.82 58.67
984.6 47818.98 28160.07 58.89
985.5 48063.24 28494.14 59.28
986.5 48770.77 28835.62 59.12
987.5 50043.63 29329.60 58.61
988.4 50895.90 29534.56 58.03
989.4 52431.75 30710.03 58.57
990.4 53425.02 30887.25 57.81
991.3 55387.31 31494.08 56.86
992.3 55950.90 32240.24 57.62
993.2 58118.31 32941.19 56.68
994.2 59457.94 32992.83 55.49
995.2 60710.63 34244.15 56.41
996.1 61737.77 35086.61 56.83
997.1 61885.85 33613.79 54.32
998.0 61668.00 33163.68 53.78
999.0 61787.86 34109.79 55.20
1000.0 62252.49 34801.39 55.90
1000.9 62564.91 35256.70 56.35
1001.9 61626.12 34380.89 55.79
1002.8 61885.09 32615.12 52.70
1003.8 61970.58 34040.18 54.93
1004.8 62064.96 33588.10 54.12
961.5 55881.62 29294.34 52.42
965.5 54589.44 28830.05 52.81
969.5 52393.79 28355.80 54.12
973.4 50126.74 28038.52 55.94
977.4 48345.52 27761.02 57.42
981.4 47464.01 27548.64 58.04
985.3 47176.98 27351.63 57.98
989.3 47304.75 27163.54 57.42
993.3 47508.66 26913.41 56.65
997.2 47541.75 26622.79 56.00
1001.2 47520.33 26478.27 55.72
1005.2 47455.76 26484.63 55.81
1009.1 47529.68 26625.95 56.02
1013.1 47663.39 26800.14 56.23
1017.1 47785.75 26910.56 56.32
1021.0 47816.50 26924.81 56.31
1025.0 47819.30 26928.60 56.31
1029.0 47652.00 26858.40 56.36
1032.9 47495.63 26820.56 56.47
1036.9 47497.16 26860.79 56.55
1040.9 47608.97 26975.86 56.66
1044.8 47827.54 27157.37 56.78
1048.8 48004.98 27300.90 56.87
1052.7 48133.54 27394.64 56.91
1056.7 48188.20 27413.50 56.89
1060.7 48194.60 27425.99 56.91
1064.6 48198.22 27468.55 56.99
1068.6 48113.17 27437.98 57.03
1072.5 48026.55 27396.40 57.04
1076.5 47975.49 27388.17 57.09
1080.4 47966.69 27392.23 57.11
1084.4 48069.59 27423.88 57.05
1088.3 48170.15 27450.68 56.99
1092.3 48152.58 27414.82 56.93
1096.2 48142.77 27371.06 56.85
1100.2 48183.64 27366.26 56.80
1104.1 48079.94 27298.79 56.78
1108.1 48035.13 27243.08 56.71
1112.0 47943.86 27129.87 56.59
1116.0 47742.57 26946.14 56.44
1119.9 47581.47 26751.16 56.22
1123.9 47666.30 26680.92 55.97
1127.8 47639.04 26549.76 55.73
1131.8 47617.38 26361.39 55.36
1135.7 47659.94 26119.56 54.80
1139.6 47675.62 25805.34 54.13
1143.6 47638.82 25456.61 53.44
1147.5 47616.88 25134.88 52.79
1151.4 47500.80 24808.04 52.23
1155.4 47513.75 24636.08 51.85
1159.3 47522.52 24532.09 51.62
1163.2 47363.89 24348.94 51.41
1167.2 47347.50 24256.08 51.23
1171.1 47369.57 24201.92 51.09
1175.0 47314.40 24099.03 50.93
1179.0 47268.08 24015.85 50.81
1182.9 47358.68 24029.28 50.74
1186.8 47350.70 24001.20 50.69
1190.7 47139.70 23844.85 50.58
1194.7 46883.87 23678.37 50.50
1198.6 46652.76 23565.47 50.51
1202.5 46480.48 23497.56 50.55
1206.4 46340.80 23457.47 50.62
1210.3 46236.01 23443.85 50.70
1214.2 46114.66 23451.38 50.85
1218.2 45952.68 23449.58 51.03
1222.1 45800.88 23445.73 51.19
1226.0 45686.61 23478.83 51.39
1229.9 45598.02 23512.92 51.57
1233.8 45484.04 23491.89 51.65
1237.7 45416.66 23478.29 51.70
1241.6 45332.53 23449.86 51.73
1245.5 45166.97 23397.65 51.80
1249.4 45023.84 23340.04 51.84
1253.3 44894.25 23271.02 51.84
1257.2 44816.00 23258.53 51.90
1261.1 44716.86 23246.35 51.99
1265.0 44587.73 23193.38 52.02
1268.9 44400.64 23072.50 51.96
1272.8 44460.00 23053.65 51.85
1276.7 44653.74 23129.44 51.80
1280.6 44733.81 23149.40 51.75
1284.5 44649.07 23054.10 51.63
1288.4 44631.63 22984.88 51.50
1292.3 44511.50 22871.75 51.38
1296.2 44360.33 22727.04 51.23
1300.1 44197.71 22516.62 50.95
1303.9 43963.66 22235.56 50.58
1307.8 43715.49 21946.59 50.20
1311.7 43464.03 21647.81 49.81
1315.6 43214.30 21327.24 49.35
1319.5 42962.15 20970.80 48.81
1323.3 42734.84 20597.86 48.20
1327.2 42525.95 20221.31 47.55
1331.1 42285.13 19817.90 46.87
1335.0 41985.32 19380.30 46.16
1338.8 41775.29 18987.44 45.45
1342.7 41609.18 18603.45 44.71
1346.5 41242.98 18095.73 43.88
1350.4 40931.78 17584.50 42.96
1354.3 40517.39 17023.61 42.02
1358.1 40047.65 16508.58 41.22
1362.0 39764.09 16149.22 40.61
1365.8 39670.89 15894.68 40.07
1369.7 39786.92 15679.59 39.41
1373.5 39741.56 15226.73 38.31
1377.4 39487.75 14510.98 36.75
1381.2 39276.49 13721.18 34.93
1385.1 39242.56 12949.43 33.00
1389.0 39129.70 12084.81 30.88
1392.8 38925.66 11124.50 28.58
1396.6 38773.68 10197.53 26.30
1400.5 38560.99 9358.43 24.27
1404.3 38397.74 8667.53 22.57
1408.2 38363.03 8124.31 21.18
1412.0 38325.01 7668.38 20.01
1415.8 38359.09 7328.09 19.10
1419.6 38319.36 7067.86 18.44
1423.5 38299.37 6857.76 17.91
1427.3 38266.05 6703.05 17.52
1431.1 38248.58 6598.35 17.25
1434.9 38159.15 6511.75 17.06
1438.8 38104.90 6465.80 16.97
1442.6 38084.31 6439.32 16.91
1446.4 37958.74 6405.60 16.88
1450.2 37871.04 6390.74 16.88
1454.0 37772.76 6386.28 16.91
1457.8 37752.26 6409.86 16.98
1461.6 37732.17 6443.91 17.08
1465.4 37609.21 6491.73 17.26
1469.2 37426.03 6556.55 17.52
1473.0 37290.43 6653.39 17.84
1476.8 37245.30 6788.44 18.23
1480.7 37186.44 6935.00 18.65
1484.4 37061.40 7090.80 19.13
1488.2 36961.08 7254.96 19.63
1492.0 36836.53 7420.06 20.14
1495.8 36720.78 7587.13 20.66
1499.6 36605.30 7737.21 21.14
1503.4 36479.87 7875.30 21.59
1507.2 36356.05 7995.97 21.99
1510.9 36204.04 8125.52 22.44
1514.7 36047.88 8287.28 22.99
1518.5 35919.58 8443.90 23.51
1522.3 35781.38 8559.20 23.92
1526.0 35674.52 8652.55 24.25
1529.8 35609.17 8755.14 24.59
1533.6 35484.33 8852.56 24.95
1537.3 35352.32 8955.73 25.33
1541.1 35225.58 9092.95 25.81
1544.8 35097.60 9280.80 26.44
1548.6 34949.35 9462.14 27.07
1552.4 34850.72 9580.99 27.49
1556.1 34790.76 9635.18 27.69
1559.9 34705.82 9674.15 27.87
1563.6 34578.39 9737.56 28.16
1567.3 34459.02 9834.85 28.54
1571.1 34243.92 9886.32 28.87
1574.8 34100.68 9946.63 29.17
1578.6 34000.34 10024.82 29.48
1582.3 33854.52 10076.80 29.77
1586.0 33716.51 10125.50 30.03
1589.8 33582.95 10167.76 30.28
1593.5 33431.04 10206.10 30.53
1597.2 33294.67 10249.87 30.79
1600.9 33154.19 10275.23 30.99
1604.7 33000.40 10294.45 31.19
1608.4 32856.34 10326.55 31.43
1612.1 32695.22 10344.92 31.64
1615.8 32545.96 10355.42 31.82
1619.5 32465.11 10389.51 32.00
1623.2 32316.22 10394.68 32.17
1626.9 32130.25 10380.69 32.31
1630.6 31953.68 10389.06 32.51
1634.3 31816.04 10394.98 32.67
1638.0 31668.49 10364.89 32.73
1641.7 31487.82 10338.21 32.83
1645.4 31299.16 10298.99 32.91
1649.1 31105.38 10254.97 32.97
1652.8 30949.76 10213.18 33.00
1656.4 30780.36 10147.58 32.97
1660.1 30613.88 10088.10 32.95
1663.8 30416.03 10011.56 32.92
1667.5 30257.50 9946.04 32.87
1671.1 30134.40 9895.30 32.84
1674.8 29937.06 9824.26 32.82
1678.5 29873.87 9796.70 32.79
1682.1 29892.23 9783.04 32.73
1685.8 29901.92 9762.60 32.65
1689.5 29795.07 9695.39 32.54
1693.1 29653.44 9612.72 32.42
1696.8 29511.75 9523.75 32.27
1700.4 29358.15 9432.72 32.13
1704.0 29237.42 9338.37 31.94
1707.7 28983.16 9196.19 31.73
1711.3 28689.26 9038.17 31.50
1715.0 28479.20 8904.08 31.27
1718.6 28311.14 8793.32 31.06
1722.2 28171.19 8683.25 30.82
1725.9 28024.58 8592.69 30.66
1729.5 27888.80 8514.97 30.53
1733.1 27770.82 8437.28 30.38
1736.7 27655.67 8365.31 30.25
1740.3 27487.42 8262.75 30.06
1744.0 27395.86 8175.15 29.84
1747.5 27255.01 8067.23 29.60
1751.2 27041.09 7936.26 29.35
1754.8 26881.34 7827.57 29.12
1758.4 26750.86 7731.31 28.90
1762.0 26572.85 7628.08 28.71
1765.5 26446.23 7544.46 28.53
1769.1 26402.40 7495.20 28.39
1772.7 26328.38 7439.73 28.26
1776.3 26208.92 7368.90 28.12
1779.9 26081.92 7294.70 27.97
1783.5 26027.60 7251.52 27.86
1787.0 25897.14 7197.12 27.79
1790.6 25747.79 7138.77 27.73
1794.2 25651.68 7097.73 27.67
1797.8 25552.23 7056.50 27.62
1801.3 25471.95 7022.18 27.57
1804.9 25318.13 6972.00 27.54
1808.4 25235.40 6931.39 27.47
1812.0 25102.89 6879.81 27.41
1815.5 24947.72 6822.12 27.35
1819.1 24745.29 6772.49 27.37
1822.6 24588.72 6730.15 27.37
1826.2 24468.62 6664.72 27.24
1829.7 24298.19 6583.39 27.09
1833.2 24066.25 6479.61 26.92
1836.8 23846.10 6392.30 26.81
1840.3 23701.28 6330.20 26.71
1843.8 23605.26 6249.46 26.47
1847.3 23552.23 6162.24 26.16
1850.8 23482.37 6060.10 25.81
1854.3 23328.90 5920.83 25.38
1857.8 23249.20 5782.40 24.87
1861.3 23245.10 5579.54 24.00
1864.8 23154.55 5268.18 22.75
1868.3 22923.75 4906.46 21.40
1871.8 22725.12 4531.20 19.94
1875.3 22663.55 4184.64 18.46
1878.8 22668.35 3820.60 16.85
1882.3 22613.87 3430.85 15.17
1885.8 22446.65 3099.97 13.81
1889.3 22245.45 2819.26 12.67
1892.7 22073.02 2576.51 11.67
1896.2 21956.57 2392.46 10.90
1899.7 21800.31 2304.54 10.57
1903.1 21719.54 2302.61 10.60
1906.6 21807.87 2439.14 11.18
1910.0 22098.88 2751.94 12.45
1913.5 22634.73 3146.03 13.90
1917.0 23151.98 3692.50 15.95
1920.4 23436.08 4391.38 18.74
1923.8 23677.97 4876.47 20.59
1871.2 20787.15 3502.68 16.85
1873.9 20907.54 3350.36 16.02
1876.7 21048.38 3135.29 14.90
1879.5 21252.88 2894.25 13.62
1882.3 20993.42 2616.28 12.46
1885.1 20851.78 2327.40 11.16
1887.8 20921.79 2069.91 9.89
1890.6 20723.54 1847.81 8.92
1893.4 20650.67 1664.67 8.06
1896.2 20581.86 1471.61 7.15
1898.9 20516.13 1393.86 6.79
1901.7 20380.18 1299.11 6.37
1904.5 20546.36 1237.86 6.02
1907.2 20463.00 1197.00 5.85
1910.0 20358.58 1158.65 5.69
1912.7 20364.96 1136.95 5.58
1915.5 20273.08 1091.37 5.38
1918.2 20210.43 1080.66 5.35
1921.0 20079.87 1055.57 5.26
1923.7 20126.73 1057.20 5.25
1926.5 20096.89 1090.98 5.43
1929.2 20080.15 1080.65 5.38
1932.0 20066.00 1080.72 5.39
1934.7 20016.92 1088.08 5.44
1937.4 19925.11 1066.97 5.35
1940.2 19881.39 1087.96 5.47
1942.9 19959.98 1123.61 5.63
1945.6 19965.22 1141.56 5.72
1948.3 19894.11 1146.18 5.76
1951.1 19862.99 1173.90 5.91
1953.8 19866.00 1182.00 5.95
1956.5 19752.03 1201.00 6.08
1959.2 19805.76 1228.89 6.20
1961.9 19837.86 1245.64 6.28
1964.6 19745.08 1279.25 6.48
1967.3 19784.70 1302.37 6.58
1970.0 19621.84 1317.20 6.71
1972.8 19538.55 1347.28 6.90
1975.5 19602.81 1369.68 6.99
1978.2 19540.64 1378.24 7.05
1980.9 19419.73 1407.95 7.25
1983.5 19352.05 1445.44 7.47
1986.2 19366.05 1469.55 7.59
1988.9 19348.59 1504.47 7.78
1991.6 19202.00 1535.23 8.00
1994.3 19065.89 1559.70 8.18
1997.0 19096.32 1580.07 8.27
1999.7 19065.00 1625.36 8.53
2002.3 19034.90 1656.96 8.70
2005.0 18965.86 1668.47 8.80
2007.7 18877.00 1717.13 9.10
2010.4 18811.60 1741.55 9.26
2013.0 18774.16 1778.13 9.47
2015.7 18678.28 1804.46 9.66
2018.4 18548.96 1795.61 9.68
2021.0 18504.50 1833.17 9.91
2023.7 18401.60 1868.43 10.15
2026.4 18333.68 1892.80 10.32
2029.0 18267.40 1906.31 10.44
2031.7 18144.97 1920.97 10.59
2034.3 18142.15 1960.40 10.81
2037.0 18035.71 1959.24 10.86
2039.6 17974.39 1983.40 11.03
2042.3 17908.74 2005.15 11.20
2044.9 17825.78 2016.80 11.31
2047.5 17820.17 2044.85 11.47
2050.2 17715.60 2041.20 11.52
2052.8 17679.20 2046.80 11.58
2055.4 17538.43 2076.04 11.84
2058.1 17416.00 2088.80 11.99
2060.7 17404.47 2090.66 12.01
2063.3 17299.63 2109.51 12.19
2065.9 17230.17 2113.29 12.27
2068.6 17165.96 2130.04 12.41
2071.2 17119.44 2145.51 12.53
2073.8 17041.85 2135.13 12.53
2076.4 16999.98 2166.75 12.75
2079.0 17011.74 2205.85 12.97
2081.6 16984.09 2219.72 13.07
2084.2 16930.00 2248.87 13.28
2086.8 16834.24 2234.38 13.27
2089.4 16742.01 2223.95 13.28
2092.1 16637.33 2252.50 13.54
2094.7 16574.28 2243.05 13.53
2097.2 16549.50 2269.50 13.71
2099.8 16541.98 2305.80 13.94
2102.4 16400.35 2283.20 13.92
2105.0 16267.80 2285.70 14.05
2107.6 16238.35 2307.15 14.21
2110.2 16217.39 2324.48 14.33
2112.8 16200.74 2313.57 14.28
2115.3 16182.65 2329.54 14.40
2117.9 16188.40 2364.86 14.61
2120.5 16181.17 2358.24 14.57
2123.1 16113.83 2363.40 14.67
2125.6 16056.05 2369.02 14.75
2128.2 15953.26 2382.31 14.93
2130.8 15859.35 2392.65 15.09
2133.3 15825.33 2393.60 15.13
2135.9 15723.21 2397.46 15.25
2138.4 15584.92 2383.85 15.30
2141.0 15487.96 2382.99 15.39
2143.6 15482.13 2380.51 15.38
2146.1 15358.67 2374.17 15.46
2148.7 15182.57 2378.70 15.67
2151.2 15188.80 2370.13 15.60
2153.8 15199.37 2378.21 15.65
2156.3 15064.95 2401.06 15.94
2158.8 14994.07 2395.15 15.97
2161.4 14983.43 2394.05 15.98
2163.9 14894.98 2388.15 16.03
2166.4 14806.99 2391.94 16.15
2169.0 14777.42 2394.90 16.21
2171.5 14688.72 2371.25 16.14
2174.0 14586.43 2359.18 16.17
2176.5 14576.25 2374.06 16.29
2179.1 14537.32 2388.25 16.43
2181.6 14435.75 2375.54 16.46
2184.1 14405.16 2393.16 16.61
2186.6 14458.30 2410.24 16.67
2189.1 14358.33 2407.50 16.77
2191.6 14308.00 2423.87 16.94
2194.1 14339.64 2391.60 16.68
2196.6 14340.73 2374.27 16.56
2199.2 14399.84 2417.42 16.79
2201.7 14323.09 2410.46 16.83
2204.1 14264.18 2396.91 16.80
2206.6 14278.44 2424.50 16.98
2209.1 14246.74 2403.48 16.87
2211.6 14236.93 2390.59 16.79
2214.1 14172.61 2417.86 17.06
2216.6 14103.21 2419.54 17.16
2219.1 14137.40 2423.34 17.14
2221.6 14080.86 2421.04 17.19
2224.0 14024.61 2385.06 17.01
2226.5 13983.38 2381.93 17.03
2229.0 13981.89 2379.17 17.02
2231.5 13918.22 2320.98 16.68
2233.9 13896.33 2312.85 16.64
2236.4 13868.98 2335.30 16.84
2238.9 13826.00 2309.50 16.70
2241.3 13828.76 2277.59 16.47
2243.8 13758.80 2254.27 16.38
2246.2 13610.98 2209.70 16.23
2248.7 13571.61 2175.16 16.03
2251.2 13563.12 2179.17 16.07
2253.6 13482.24 2177.28 16.15
2256.1 13474.56 2100.48 15.59
2258.5 13495.78 2051.45 15.20
2260.9 13407.16 2063.23 15.39
2263.4 13372.75 2061.19 15.41
2265.8 13367.17 2011.81 15.05
2268.3 13288.30 1978.04 14.89
2270.7 13342.05 1999.77 14.99
2273.1 13272.94 1963.52 14.79
2275.6 13194.24 1908.48 14.46
2278.0 13232.60 1879.39 14.20
2280.4 13249.81 1881.84 14.20
2282.8 13117.21 1858.40 14.17
2285.3 13103.68 1850.85 14.12
2287.7 13191.09 1823.64 13.82
2290.1 13097.39 1779.00 13.58
2292.5 13047.88 1765.91 13.53
2294.9 13056.31 1750.59 13.41
2297.3 12972.40 1716.47 13.23
2299.7 12875.52 1658.30 12.88
2302.1 12826.01 1669.54 13.02
2304.5 12696.88 1666.00 13.12
2306.9 12602.80 1615.04 12.81
2309.3 12519.08 1594.76 12.74
2311.7 12473.65 1573.93 12.62
2314.1 12315.17 1528.07 12.41
2316.5 12229.76 1532.66 12.53
2318.9 12290.12 1529.37 12.44
2321.3 12265.32 1525.24 12.44
2323.7 12235.57 1529.45 12.50
2326.1 12214.93 1499.16 12.27
2328.4 12270.09 1501.22 12.23
2330.8 12319.08 1509.21 12.25
2333.2 12235.57 1457.89 11.92
2335.6 12168.54 1411.57 11.60
2337.9 12202.83 1414.76 11.59
2340.3 12141.58 1402.24 11.55
2342.7 12039.09 1371.06 11.39
2345.0 12013.82 1371.67 11.42
2347.4 11993.50 1343.00 11.20
2349.7 11798.34 1281.50 10.86
2352.1 11775.76 1282.21 10.89
2354.4 11820.42 1328.19 11.24
2356.8 11728.38 1277.73 10.89
2359.2 11704.33 1239.33 10.59
2361.5 11645.74 1239.19 10.64
2363.8 11633.53 1234.06 10.61
2366.2 11660.03 1248.97 10.71
2368.5 11627.85 1237.10 10.64
2370.9 11603.83 1203.33 10.37
2373.2 11533.95 1182.62 10.25
2375.5 11398.48 1171.98 10.28
2377.9 11373.04 1135.03 9.98
2380.2 11408.35 1117.93 9.80
2382.5 11308.30 1116.59 9.87
2384.8 11261.28 1136.80 10.09
2387.2 11252.00 1111.14 9.88
2389.5 11242.29 1067.10 9.49
2391.8 11232.13 1036.23 9.23
2394.1 11132.13 1041.24 9.35
2396.4 11089.46 1011.21 9.12
2398.7 11160.99 1008.44 9.04
2401.0 11096.58 1023.62 9.22
2403.3 10926.12 976.08 8.93
2405.6 10921.36 954.68 8.74
2407.9 10891.74 961.92 8.83
2410.2 10793.71 932.48 8.64
2412.5 10752.81 909.62 8.46
2414.8 10737.29 919.17 8.56
2417.1 10694.97 913.62 8.54
2419.4 10638.82 896.12 8.42
2421.7 10597.44 867.35 8.18
2424.0 10571.95 861.18 8.15
2426.2 10576.95 856.00 8.09
2428.5 10508.39 849.11 8.08
2430.8 10485.80 817.50 7.80
2433.1 10443.79 779.97 7.47
2435.4 10361.94 805.68 7.78
2437.6 10328.37 794.49 7.69
2439.9 10224.92 752.41 7.36
2442.2 10193.49 784.99 7.70
2444.4 10223.13 763.86 7.47
2446.7 10173.28 689.12 6.77
2448.9 10197.11 680.99 6.68
2451.2 10173.72 679.44 6.68
2453.4 10028.37 638.83 6.37
2455.7 9998.26 693.31 6.93
2457.9 9908.42 726.50 7.33
2460.2 9870.17 665.82 6.75
2462.4 9896.64 667.68 6.75
2464.7 9834.69 649.76 6.61
2466.9 9751.98 648.42 6.65
2469.2 9722.50 635.20 6.53
2471.4 9624.29 577.72 6.00
2473.6 9553.77 629.33 6.59
2475.9 9536.85 623.15 6.53
2478.1 9427.70 560.20 5.94
2480.3 9377.37 619.59 6.61
2482.5 9321.43 629.05 6.75
2484.8 9240.44 517.00 5.59
2487.0 9258.33 540.69 5.84
2489.2 9302.30 580.45 6.24
2491.4 9183.58 545.64 5.94
2493.6 9147.34 517.33 5.66
2495.8 9177.35 514.69 5.61
2498.0 9103.79 526.93 5.79
2500.2 9132.70 480.23 5.26
2502.4 9403.92 515.04 5.48
2504.6 9512.07 554.01 5.82
2506.8 9585.80 535.79 5.59
