/*** Spectra Vista SIG Data ***/
name= \My Documents\HR1024_Data\CF2.
instrument= HR: 1091052
integration= 200, 60, 30, 1000, 60, 30
scan time= 1, 1
scan settings= AD, AI, AD, AI
external data set1= 8224, 8224, 8224, 8224, 8224, 8224, 8224, 8224, 8224, 8224, 8224, 8224, 8224, 8224, 8224, 8224
external data set2= 8224, 8224, 8224, 8224, 8224, 8224, 8224, 8224, 8224, 8224, 8224, 8224, 8224, 8224, 8224, 8224
external data dark= 0,0,0,0,0,0,0,0
external data mask= 0
optic= LENS4 , LENS4 
temp= 33.31, 8.94, -5.30, 42.09, 8.94, -5.24
battery= 7.5, 6.9
error= 0, 0
units= Radiance, Radiance
time= 1/1/08 1:10:44 PM, 1/1/08 1:34:19 PM
longitude= , 
latitude= , 
gpstime= , 
comm= 
memory slot= 0, 0
factors= 
data= 
346.4 509.60 84.72 16.63
347.9 536.51 84.71 15.79
349.5 577.20 86.74 15.03
351.1 620.88 87.98 14.17
352.6 679.94 84.12 12.37
354.2 723.22 88.36 12.22
355.7 777.89 94.96 12.21
357.3 842.60 97.78 11.60
358.8 838.80 97.16 11.58
360.4 904.00 97.08 10.74
361.9 943.76 98.21 10.41
363.5 997.20 101.11 10.14
365.1 1040.25 101.25 9.73
366.6 1087.54 98.74 9.08
368.2 1161.70 102.74 8.84
369.7 1204.79 101.87 8.46
371.3 1287.37 101.41 7.88
372.8 1354.56 104.25 7.70
374.4 1435.13 106.13 7.40
375.9 1463.02 105.92 7.24
377.4 1512.41 103.43 6.84
379.0 1578.52 103.75 6.57
380.5 1618.77 104.02 6.43
382.1 1669.58 100.47 6.02
383.6 1726.52 104.33 6.04
385.2 1809.50 103.95 5.74
386.7 1900.67 99.64 5.24
388.3 1991.93 108.16 5.43
389.8 2077.97 108.70 5.23
391.3 2163.95 109.73 5.07
392.9 2236.17 111.52 4.99
394.4 2293.88 119.29 5.20
395.9 2364.42 123.72 5.23
397.5 2493.56 128.55 5.16
399.0 2617.23 129.78 4.96
400.6 2691.33 119.99 4.46
402.1 2739.96 119.71 4.37
403.6 2797.88 117.96 4.22
405.1 2865.39 118.36 4.13
406.7 2979.20 119.17 4.00
408.2 3089.54 122.96 3.98
409.7 3183.04 124.99 3.93
411.3 3295.62 129.44 3.93
412.8 3391.47 135.09 3.98
414.3 3507.27 140.00 3.99
415.8 3622.50 143.00 3.95
417.4 3739.34 149.78 4.01
418.9 3830.42 153.32 4.00
420.4 3913.23 154.54 3.95
421.9 3978.48 155.36 3.91
423.5 4044.22 157.85 3.90
425.0 4110.68 159.57 3.88
426.5 4198.95 163.40 3.89
428.0 4314.36 159.68 3.70
429.5 4445.73 167.09 3.76
431.1 4599.50 174.15 3.79
432.6 4769.72 174.95 3.67
434.1 4937.63 181.34 3.67
435.6 5085.18 188.47 3.71
437.1 5233.80 194.22 3.71
438.6 5364.45 199.25 3.71
440.1 5501.44 203.40 3.70
441.6 5653.06 209.46 3.71
443.1 5799.60 218.30 3.76
444.7 5941.01 221.94 3.74
446.2 6051.88 226.92 3.75
447.7 6161.82 233.44 3.79
449.2 6292.08 239.76 3.81
450.7 6396.00 241.70 3.78
452.2 6529.70 246.80 3.78
453.7 6647.26 245.85 3.70
455.2 6815.62 252.02 3.70
456.7 7013.60 255.90 3.65
458.2 7232.90 267.72 3.70
459.7 7456.75 273.00 3.66
461.2 7667.16 279.58 3.65
462.7 7858.10 288.55 3.67
464.2 8041.02 294.63 3.66
465.7 8240.35 301.53 3.66
467.2 8402.63 309.16 3.68
468.7 8584.00 317.60 3.70
470.2 8698.25 322.88 3.71
471.7 8877.75 333.93 3.76
473.2 9159.71 347.40 3.79
474.6 9386.40 354.19 3.77
476.1 9450.96 356.58 3.77
477.6 9499.75 353.92 3.73
479.1 9557.87 354.08 3.70
480.6 9632.82 354.76 3.68
482.1 9760.73 362.72 3.72
483.6 9935.74 368.23 3.71
485.1 10133.78 377.10 3.72
486.6 10366.07 384.53 3.71
488.0 10621.00 393.90 3.71
489.5 10873.80 406.98 3.74
491.0 11134.31 420.54 3.78
492.5 11404.80 436.75 3.83
494.0 11683.71 448.32 3.84
495.4 11917.95 464.31 3.90
496.9 12154.26 480.29 3.95
498.4 12387.41 495.23 4.00
499.9 12623.63 510.10 4.04
501.4 12839.71 532.23 4.15
502.8 13042.06 548.77 4.21
504.3 13226.40 565.92 4.28
505.8 13406.54 583.34 4.35
507.2 13518.16 603.39 4.46
508.7 13603.31 624.03 4.59
510.2 13672.60 640.05 4.68
511.6 13715.26 656.73 4.79
513.1 13806.21 680.68 4.93
514.6 13898.29 702.44 5.05
516.0 13992.63 725.83 5.19
517.5 14151.40 753.59 5.33
519.0 14339.95 781.35 5.45
520.5 14520.56 811.47 5.59
521.9 14760.83 848.82 5.75
523.4 15031.28 886.82 5.90
524.8 15295.25 924.69 6.05
526.3 15594.01 962.03 6.17
527.8 15909.50 1004.19 6.31
529.2 16189.50 1041.03 6.43
530.7 16509.28 1084.03 6.57
532.1 16791.25 1122.85 6.69
533.6 17121.20 1163.11 6.79
535.0 17454.94 1203.39 6.89
536.5 17789.22 1247.45 7.01
538.0 18136.88 1288.74 7.11
539.4 18461.69 1330.36 7.21
540.9 18864.39 1383.47 7.33
542.3 19206.33 1430.61 7.45
543.8 19460.81 1473.99 7.57
545.2 19544.37 1502.32 7.69
546.6 19566.05 1526.97 7.80
548.1 19604.97 1549.12 7.90
549.5 19640.65 1567.66 7.98
551.0 19664.79 1589.59 8.08
552.4 19724.92 1614.74 8.19
553.9 19761.60 1634.99 8.27
555.3 19812.20 1657.42 8.37
556.8 19934.49 1681.50 8.44
558.2 20047.50 1702.35 8.49
559.6 20200.16 1723.89 8.53
561.1 20397.00 1751.10 8.59
562.5 20617.77 1774.93 8.61
564.0 20901.40 1802.46 8.62
565.4 21161.13 1823.16 8.62
566.8 21482.31 1849.77 8.61
568.3 21793.28 1873.16 8.60
569.7 22118.60 1892.35 8.56
571.1 22425.71 1911.25 8.52
572.6 22741.56 1927.80 8.48
574.0 23030.70 1947.99 8.46
575.4 23309.44 1961.55 8.42
576.9 23581.06 1976.44 8.38
578.3 23822.01 1990.92 8.36
579.7 24048.22 2003.77 8.33
581.1 24227.75 2011.35 8.30
582.6 24429.78 2021.69 8.28
584.0 24600.48 2032.23 8.26
585.4 24853.74 2052.07 8.26
586.8 25196.68 2079.70 8.25
588.3 25573.86 2114.42 8.27
589.7 25896.78 2141.10 8.27
591.1 26104.75 2160.28 8.28
592.5 26211.06 2168.38 8.27
594.0 26269.26 2166.72 8.25
595.4 26286.44 2170.41 8.26
596.8 26295.56 2172.03 8.26
598.2 26315.92 2166.55 8.23
599.6 26317.98 2162.74 8.22
601.0 26398.05 2163.75 8.20
602.4 26470.93 2161.44 8.17
603.9 26597.64 2157.95 8.11
605.3 26727.57 2154.70 8.06
606.7 26857.80 2144.16 7.98
608.1 27088.39 2143.31 7.91
609.5 27333.21 2137.20 7.82
610.9 27623.29 2139.13 7.74
612.3 27891.32 2135.76 7.66
613.7 28252.28 2139.87 7.57
615.1 28513.62 2133.22 7.48
616.5 28776.05 2131.12 7.41
617.9 29165.50 2146.07 7.36
619.3 29543.24 2158.73 7.31
620.7 29990.55 2183.16 7.28
622.1 30437.05 2204.14 7.24
623.5 30934.60 2233.54 7.22
624.9 31494.75 2273.72 7.22
626.3 31867.36 2306.06 7.24
627.7 31569.69 2301.02 7.29
629.1 31287.59 2295.45 7.34
630.5 31184.65 2302.82 7.38
631.9 31222.21 2308.77 7.39
633.3 31256.33 2283.27 7.30
634.7 31400.48 2253.48 7.18
636.1 31461.82 2212.53 7.03
637.5 31554.77 2177.16 6.90
638.9 31702.82 2145.15 6.77
640.2 31825.04 2118.75 6.66
641.6 31863.78 2088.68 6.56
643.0 31847.61 2055.46 6.45
644.4 31829.55 2023.30 6.36
645.8 31751.71 1986.93 6.26
647.2 31867.94 1970.57 6.18
648.5 31926.34 1964.78 6.15
649.9 31776.23 1953.98 6.15
651.3 31648.05 1965.54 6.21
652.7 31449.15 1970.13 6.26
654.1 31244.46 1907.48 6.11
655.5 31005.95 1826.48 5.89
656.8 30780.41 1748.39 5.68
658.2 30925.42 1699.11 5.49
659.6 31264.45 1665.87 5.33
660.9 31536.04 1640.26 5.20
662.3 31822.64 1610.13 5.06
663.7 32096.40 1585.50 4.94
665.0 32332.90 1566.04 4.84
666.4 32562.99 1555.36 4.78
667.8 32863.56 1549.47 4.71
669.1 33114.69 1546.84 4.67
670.5 33405.09 1555.57 4.66
671.9 33586.56 1567.54 4.67
673.2 33844.75 1587.33 4.69
674.6 34082.18 1615.64 4.74
676.0 34372.41 1653.44 4.81
677.3 34659.68 1702.40 4.91
678.7 34979.63 1752.28 5.01
680.0 35399.92 1825.53 5.16
681.4 35845.89 1910.60 5.33
682.8 36270.33 2019.29 5.57
684.1 36705.24 2149.52 5.86
685.5 37104.21 2304.96 6.21
686.8 37507.62 2495.42 6.65
688.2 37862.83 2713.21 7.17
689.5 38000.96 2953.13 7.77
690.9 38124.79 3228.98 8.47
692.2 38229.60 3535.32 9.25
693.6 38334.37 3884.84 10.13
694.9 38335.34 4251.27 11.09
696.2 38393.33 4650.77 12.11
697.6 38453.39 5068.77 13.18
698.9 38522.88 5508.62 14.30
700.3 38613.54 5950.90 15.41
701.6 38716.02 6394.66 16.52
703.0 38828.83 6829.06 17.59
704.3 38882.19 7229.46 18.59
705.6 38895.39 7616.14 19.58
707.0 38949.12 7988.18 20.51
708.3 38885.46 8331.87 21.43
709.6 38817.35 8656.41 22.30
711.0 38702.88 8948.60 23.12
712.3 38573.15 9226.22 23.92
713.6 38531.64 9501.49 24.66
714.9 38462.14 9760.25 25.38
716.3 38461.08 10021.27 26.06
717.6 38479.84 10270.12 26.69
718.9 38424.85 10474.95 27.26
720.2 38251.08 10634.93 27.80
721.6 38113.53 10798.09 28.33
722.9 37945.16 10957.73 28.88
724.2 37714.27 11091.58 29.41
725.5 37534.96 11236.65 29.94
726.8 37360.68 11346.43 30.37
728.1 37271.09 11455.76 30.74
729.5 37167.13 11577.61 31.15
730.8 37093.13 11711.03 31.57
732.1 36996.92 11825.90 31.96
733.4 36936.39 11946.29 32.34
734.7 36864.47 12040.15 32.66
736.0 36851.62 12157.20 32.99
737.3 36774.45 12264.01 33.35
738.6 36845.76 12404.14 33.67
739.9 37000.34 12571.82 33.98
741.2 37119.81 12701.60 34.22
742.5 37372.03 12876.22 34.45
743.8 37768.50 13106.36 34.70
745.1 38387.22 13429.94 34.99
746.4 39127.73 13784.68 35.23
747.7 39918.22 14144.87 35.43
749.0 40672.12 14489.29 35.62
750.3 41122.66 14692.17 35.73
751.6 41047.35 14735.56 35.90
752.9 40630.59 14675.31 36.12
754.2 40176.47 14586.31 36.31
755.4 39652.21 14501.79 36.57
756.7 39478.17 14531.34 36.81
758.0 39495.60 14633.49 37.05
759.3 39730.28 14827.75 37.32
760.6 40061.56 15059.35 37.59
761.9 40384.10 15264.53 37.80
763.1 40567.56 15396.60 37.95
764.4 40796.65 15546.86 38.11
765.7 40953.25 15674.10 38.27
767.0 41079.80 15785.29 38.43
768.2 41207.04 15906.91 38.60
769.5 41279.98 16019.19 38.81
770.8 41469.61 16146.96 38.94
772.0 41501.32 16243.90 39.14
773.3 41583.65 16339.81 39.29
774.6 41708.58 16436.64 39.41
775.8 41815.15 16499.57 39.46
777.1 41846.51 16564.45 39.58
778.4 41799.94 16599.31 39.71
779.6 41775.90 16656.13 39.87
780.9 41704.00 16709.60 40.07
782.1 41523.21 16728.20 40.29
783.4 41558.40 16778.94 40.37
784.6 41567.36 16835.81 40.50
785.9 41861.56 17014.90 40.65
787.1 42409.87 17317.95 40.83
788.4 42854.47 17521.20 40.89
789.6 42849.18 17488.19 40.81
790.9 42483.96 17327.07 40.78
792.1 42011.92 17206.88 40.96
793.4 41570.15 17091.01 41.11
794.6 41283.15 17008.75 41.20
795.8 41024.39 16941.85 41.30
797.1 40758.68 16894.56 41.45
798.3 40551.64 16867.70 41.60
799.5 40444.72 16863.50 41.70
800.8 40323.21 16864.73 41.82
802.0 40187.32 16865.93 41.97
803.2 40033.64 16851.46 42.09
804.5 39942.72 16852.64 42.19
805.7 39829.66 16840.89 42.28
806.9 39715.93 16837.53 42.39
808.1 39632.97 16846.16 42.51
809.4 39553.39 16870.43 42.65
810.6 39489.45 16886.87 42.76
811.8 39474.39 16928.31 42.88
813.0 39504.71 17006.28 43.05
814.2 39525.61 17084.78 43.22
815.4 39644.33 17171.37 43.31
816.6 39709.73 17242.61 43.42
817.9 39791.57 17297.42 43.47
819.1 39719.87 17306.75 43.57
820.3 39621.11 17310.47 43.69
821.5 39546.25 17328.70 43.82
822.7 39480.04 17365.87 43.99
823.9 39499.25 17419.22 44.10
825.1 39541.96 17472.07 44.19
826.3 39583.35 17537.68 44.31
827.5 39640.56 17619.74 44.45
828.7 39708.48 17690.06 44.55
829.9 39767.03 17766.91 44.68
831.0 39870.82 17869.04 44.82
832.2 39993.87 17963.96 44.92
833.4 40076.64 18055.42 45.05
834.6 40148.44 18134.06 45.17
835.8 40238.10 18234.72 45.32
837.0 40328.28 18348.20 45.50
838.1 40500.72 18482.82 45.64
839.3 40601.19 18570.28 45.74
840.5 40716.87 18670.90 45.86
841.7 40854.11 18808.17 46.04
842.9 40980.73 18968.11 46.29
844.0 41100.82 19070.41 46.40
845.2 41245.09 19194.08 46.54
846.4 41368.25 19299.09 46.65
847.5 41564.18 19458.89 46.82
848.7 41743.64 19611.82 46.98
849.9 41936.76 19709.47 47.00
851.0 42020.98 19768.55 47.04
852.2 42107.61 19813.96 47.06
853.3 42066.96 19837.25 47.16
854.5 42098.11 19882.09 47.23
855.6 42095.43 19926.74 47.34
856.8 42111.00 19984.04 47.46
857.9 42111.88 20018.93 47.54
859.1 42240.60 20096.68 47.58
860.2 42245.56 20127.40 47.64
861.4 42273.83 20190.07 47.76
862.5 42309.54 20255.89 47.88
863.7 42384.63 20308.70 47.92
864.8 42387.10 20356.98 48.03
865.9 42333.82 20370.70 48.12
867.1 42372.33 20413.77 48.18
868.2 42368.54 20462.60 48.30
869.3 42393.50 20476.43 48.30
870.5 42342.80 20477.61 48.36
871.6 42318.48 20524.21 48.50
872.7 42385.23 20587.74 48.57
873.9 42404.90 20615.47 48.62
875.0 42391.36 20621.31 48.65
876.1 42363.75 20653.48 48.75
877.2 42397.32 20687.20 48.79
878.3 42381.77 20697.85 48.84
879.4 42397.70 20751.58 48.95
880.5 42451.56 20792.74 48.98
881.7 42410.55 20800.52 49.05
882.8 42454.72 20827.62 49.06
883.9 42482.63 20837.60 49.05
885.0 42446.04 20807.79 49.02
886.1 42420.10 20786.83 49.00
887.2 42295.80 20698.90 48.94
888.3 42201.80 20643.18 48.92
889.4 42117.30 20598.88 48.91
890.5 42026.34 20598.04 49.01
891.6 41981.69 20562.28 48.98
892.7 41962.31 20550.49 48.97
893.8 41981.79 20606.60 49.08
894.9 41952.35 20626.50 49.17
896.0 41968.71 20608.99 49.11
897.0 41952.48 20629.10 49.17
898.1 41951.64 20657.26 49.24
899.2 41983.30 20658.21 49.21
900.3 41907.57 20642.98 49.26
901.4 41820.39 20633.03 49.34
902.4 41828.99 20640.81 49.35
903.5 41775.96 20633.18 49.39
904.6 41798.96 20649.33 49.40
905.7 41805.42 20646.52 49.39
906.7 41815.90 20649.73 49.38
907.8 41839.20 20694.91 49.46
908.9 41746.38 20655.52 49.48
909.9 41734.69 20655.50 49.49
911.0 41681.88 20629.10 49.49
912.1 41602.05 20606.29 49.53
913.1 41535.52 20580.04 49.55
914.2 41457.24 20565.81 49.61
915.2 41368.59 20587.39 49.77
916.3 41436.15 20580.39 49.67
917.3 41410.15 20584.85 49.71
918.4 41310.50 20551.47 49.75
919.4 41328.17 20540.09 49.70
920.5 41309.67 20544.30 49.73
921.5 41323.66 20545.01 49.72
922.6 41255.80 20534.16 49.77
923.6 41303.54 20544.28 49.74
924.7 41344.50 20571.20 49.76
925.7 41333.16 20594.90 49.83
926.7 41356.90 20592.88 49.79
927.8 41415.30 20589.07 49.71
928.8 41570.85 20658.98 49.70
929.9 41658.93 20706.24 49.70
930.9 41879.39 20816.39 49.71
931.9 42070.56 20917.65 49.72
932.9 42412.10 21045.52 49.62
934.0 42452.50 21049.32 49.58
935.0 42440.57 21057.68 49.62
936.0 42488.02 21095.95 49.65
937.0 42429.47 21073.18 49.67
938.1 42380.86 21090.09 49.76
939.1 42337.65 21073.89 49.78
940.1 42429.30 21116.32 49.77
941.1 42615.86 21241.50 49.84
942.1 42903.92 21335.73 49.73
943.1 43057.09 21456.25 49.83
944.1 43342.63 21569.74 49.77
945.2 43356.60 21589.76 49.80
946.2 43482.48 21604.04 49.68
947.2 43549.00 21670.18 49.76
948.2 43743.16 21739.68 49.70
949.2 43840.88 21768.50 49.65
950.2 43906.25 21788.74 49.63
951.2 44010.96 21839.83 49.62
952.2 44061.91 21858.08 49.61
953.2 44318.14 21918.03 49.46
954.2 44380.80 21961.26 49.48
955.2 44428.35 21937.65 49.38
956.2 44460.20 21942.05 49.35
957.2 44542.35 21955.07 49.29
958.2 44649.94 21998.82 49.27
959.2 44705.25 22017.96 49.25
960.1 44813.66 22061.32 49.23
961.1 44928.76 22111.01 49.21
962.1 44958.75 22130.25 49.22
963.1 44986.01 22135.45 49.21
964.1 45106.16 22218.75 49.26
965.1 45270.70 22286.23 49.23
966.1 45207.41 22332.22 49.40
967.0 45355.66 22362.24 49.30
968.0 45441.48 22375.67 49.24
969.0 45453.60 22427.20 49.34
970.0 45557.64 22505.12 49.40
971.0 45615.57 22557.15 49.45
971.9 45699.86 22568.88 49.39
972.9 45781.93 22556.57 49.27
973.9 45829.88 22624.81 49.37
974.9 45973.78 22693.32 49.36
975.8 45979.65 22694.65 49.36
976.8 46106.16 22738.11 49.32
977.8 46097.80 22803.60 49.47
978.8 46103.70 22840.74 49.54
979.7 46387.55 22918.75 49.41
980.7 46405.76 22992.12 49.55
981.7 46694.84 23182.20 49.65
982.6 46857.76 23371.27 49.88
983.6 47433.79 23679.38 49.92
984.6 47818.98 23897.41 49.97
985.5 48063.24 24203.52 50.36
986.5 48770.77 24551.38 50.34
987.5 50043.63 25058.48 50.07
988.4 50895.90 25287.90 49.69
989.4 52431.75 25691.56 49.00
990.4 53425.02 26187.02 49.02
991.3 55387.31 26824.50 48.43
992.3 55950.90 27114.66 48.46
993.2 58118.31 27600.59 47.49
994.2 59457.94 27831.38 46.81
995.2 60710.63 28368.93 46.73
996.1 61737.77 27873.68 45.15
997.1 61885.85 27816.06 44.95
998.0 61668.00 27887.64 45.22
999.0 61787.86 27316.74 44.21
1000.0 62252.49 27076.08 43.49
1000.9 62564.91 27780.39 44.40
1001.9 61626.12 27650.67 44.87
1002.8 61885.09 27848.29 45.00
1003.8 61970.58 27057.58 43.66
1004.8 62064.96 27564.14 44.41
961.5 55881.62 25620.47 45.85
965.5 54589.44 25332.91 46.41
969.5 52393.79 24811.33 47.36
973.4 50126.74 24387.20 48.65
977.4 48345.52 23921.73 49.48
981.4 47464.01 23760.70 50.06
985.3 47176.98 23654.05 50.14
989.3 47304.75 23558.81 49.80
993.3 47508.66 23460.46 49.38
997.2 47541.75 23269.32 48.95
1001.2 47520.33 23150.40 48.72
1005.2 47455.76 23169.93 48.82
1009.1 47529.68 23304.80 49.03
1013.1 47663.39 23483.17 49.27
1017.1 47785.75 23603.82 49.40
1021.0 47816.50 23633.51 49.43
1025.0 47819.30 23634.70 49.43
1029.0 47652.00 23593.16 49.51
1032.9 47495.63 23585.25 49.66
1036.9 47497.16 23630.79 49.75
1040.9 47608.97 23745.71 49.88
1044.8 47827.54 23906.28 49.98
1048.8 48004.98 24044.24 50.09
1052.7 48133.54 24158.41 50.19
1056.7 48188.20 24207.91 50.24
1060.7 48194.60 24230.82 50.28
1064.6 48198.22 24279.37 50.37
1068.6 48113.17 24261.38 50.43
1072.5 48026.55 24239.41 50.47
1076.5 47975.49 24242.89 50.53
1080.4 47966.69 24238.58 50.53
1084.4 48069.59 24265.00 50.48
1088.3 48170.15 24295.43 50.44
1092.3 48152.58 24262.34 50.39
1096.2 48142.77 24221.18 50.31
1100.2 48183.64 24201.45 50.23
1104.1 48079.94 24138.22 50.20
1108.1 48035.13 24106.49 50.19
1112.0 47943.86 24013.98 50.09
1116.0 47742.57 23825.69 49.90
1119.9 47581.47 23644.37 49.69
1123.9 47666.30 23574.26 49.46
1127.8 47639.04 23420.16 49.16
1131.8 47617.38 23210.52 48.74
1135.7 47659.94 22971.85 48.20
1139.6 47675.62 22666.39 47.54
1143.6 47638.82 22325.40 46.86
1147.5 47616.88 21998.64 46.20
1151.4 47500.80 21661.11 45.60
1155.4 47513.75 21460.67 45.17
1159.3 47522.52 21332.41 44.89
1163.2 47363.89 21150.23 44.65
1167.2 47347.50 21052.38 44.46
1171.1 47369.57 20997.43 44.33
1175.0 47314.40 20912.27 44.20
1179.0 47268.08 20832.94 44.07
1182.9 47358.68 20804.95 43.93
1186.8 47350.70 20749.69 43.82
1190.7 47139.70 20597.08 43.69
1194.7 46883.87 20451.71 43.62
1198.6 46652.76 20336.09 43.59
1202.5 46480.48 20271.53 43.61
1206.4 46340.80 20256.70 43.71
1210.3 46236.01 20260.46 43.82
1214.2 46114.66 20278.73 43.97
1218.2 45952.68 20297.95 44.17
1222.1 45800.88 20327.93 44.38
1226.0 45686.61 20365.74 44.58
1229.9 45598.02 20386.98 44.71
1233.8 45484.04 20379.68 44.81
1237.7 45416.66 20386.12 44.89
1241.6 45332.53 20382.57 44.96
1245.5 45166.97 20337.37 45.03
1249.4 45023.84 20291.13 45.07
1253.3 44894.25 20263.43 45.14
1257.2 44816.00 20256.67 45.20
1261.1 44716.86 20204.96 45.18
1265.0 44587.73 20148.64 45.19
1268.9 44400.64 20054.31 45.17
1272.8 44460.00 20055.45 45.11
1276.7 44653.74 20124.07 45.07
1280.6 44733.81 20138.28 45.02
1284.5 44649.07 20060.09 44.93
1288.4 44631.63 19988.67 44.79
1292.3 44511.50 19857.75 44.61
1296.2 44360.33 19706.35 44.42
1300.1 44197.71 19519.94 44.17
1303.9 43963.66 19264.83 43.82
1307.8 43715.49 18986.06 43.43
1311.7 43464.03 18704.43 43.03
1315.6 43214.30 18407.42 42.60
1319.5 42962.15 18082.23 42.09
1323.3 42734.84 17738.80 41.51
1327.2 42525.95 17376.09 40.86
1331.1 42285.13 16987.84 40.17
1335.0 41985.32 16568.18 39.46
1338.8 41775.29 16189.06 38.75
1342.7 41609.18 15813.54 38.00
1346.5 41242.98 15338.36 37.19
1350.4 40931.78 14869.70 36.33
1354.3 40517.39 14368.99 35.46
1358.1 40047.65 13906.10 34.72
1362.0 39764.09 13555.36 34.09
1365.8 39670.89 13297.87 33.52
1369.7 39786.92 13073.46 32.86
1373.5 39741.56 12642.63 31.81
1377.4 39487.75 11982.10 30.34
1381.2 39276.49 11224.07 28.58
1385.1 39242.56 10488.39 26.73
1389.0 39129.70 9691.30 24.77
1392.8 38925.66 8798.06 22.60
1396.6 38773.68 7950.36 20.50
1400.5 38560.99 7170.90 18.60
1404.3 38397.74 6505.55 16.94
1408.2 38363.03 5963.36 15.54
1412.0 38325.01 5527.81 14.42
1415.8 38359.09 5213.21 13.59
1419.6 38319.36 4942.30 12.90
1423.5 38299.37 4745.33 12.39
1427.3 38266.05 4605.86 12.04
1431.1 38248.58 4498.88 11.76
1434.9 38159.15 4420.01 11.58
1438.8 38104.90 4377.67 11.49
1442.6 38084.31 4348.27 11.42
1446.4 37958.74 4317.27 11.37
1450.2 37871.04 4320.24 11.41
1454.0 37772.76 4322.88 11.44
1457.8 37752.26 4339.16 11.49
1461.6 37732.17 4371.84 11.59
1465.4 37609.21 4408.27 11.72
1469.2 37426.03 4463.55 11.93
1473.0 37290.43 4544.89 12.19
1476.8 37245.30 4665.34 12.53
1480.7 37186.44 4790.46 12.88
1484.4 37061.40 4915.68 13.26
1488.2 36961.08 5057.04 13.68
1492.0 36836.53 5196.09 14.11
1495.8 36720.78 5332.60 14.52
1499.6 36605.30 5460.48 14.92
1503.4 36479.87 5578.14 15.29
1507.2 36356.05 5697.50 15.67
1510.9 36204.04 5820.01 16.08
1514.7 36047.88 5940.98 16.48
1518.5 35919.58 6064.34 16.88
1522.3 35781.38 6173.61 17.25
1526.0 35674.52 6269.17 17.57
1529.8 35609.17 6376.91 17.91
1533.6 35484.33 6491.24 18.29
1537.3 35352.32 6600.35 18.67
1541.1 35225.58 6711.58 19.05
1544.8 35097.60 6828.00 19.45
1548.6 34949.35 6949.96 19.89
1552.4 34850.72 7064.89 20.27
1556.1 34790.76 7143.24 20.53
1559.9 34705.82 7196.36 20.74
1563.6 34578.39 7253.00 20.98
1567.3 34459.02 7327.74 21.27
1571.1 34243.92 7383.70 21.56
1574.8 34100.68 7449.83 21.85
1578.6 34000.34 7512.65 22.10
1582.3 33854.52 7561.19 22.33
1586.0 33716.51 7609.70 22.57
1589.8 33582.95 7646.27 22.77
1593.5 33431.04 7688.80 23.00
1597.2 33294.67 7736.02 23.24
1600.9 33154.19 7766.50 23.43
1604.7 33000.40 7790.53 23.61
1608.4 32856.34 7826.72 23.82
1612.1 32695.22 7850.60 24.01
1615.8 32545.96 7872.43 24.19
1619.5 32465.11 7904.80 24.35
1623.2 32316.22 7920.33 24.51
1626.9 32130.25 7917.52 24.64
1630.6 31953.68 7920.66 24.79
1634.3 31816.04 7928.62 24.92
1638.0 31668.49 7905.67 24.96
1641.7 31487.82 7866.55 24.98
1645.4 31299.16 7830.77 25.02
1649.1 31105.38 7778.73 25.01
1652.8 30949.76 7719.68 24.94
1656.4 30780.36 7654.36 24.87
1660.1 30613.88 7591.47 24.80
1663.8 30416.03 7525.74 24.74
1667.5 30257.50 7474.17 24.70
1671.1 30134.40 7435.49 24.67
1674.8 29937.06 7388.61 24.68
1678.5 29873.87 7370.90 24.67
1682.1 29892.23 7360.10 24.62
1685.8 29901.92 7336.65 24.54
1689.5 29795.07 7280.40 24.43
1693.1 29653.44 7204.80 24.30
1696.8 29511.75 7110.75 24.09
1700.4 29358.15 7024.52 23.93
1704.0 29237.42 6948.76 23.77
1707.7 28983.16 6827.29 23.56
1711.3 28689.26 6699.89 23.35
1715.0 28479.20 6589.60 23.14
1718.6 28311.14 6490.76 22.93
1722.2 28171.19 6412.50 22.76
1725.9 28024.58 6331.71 22.59
1729.5 27888.80 6262.42 22.45
1733.1 27770.82 6213.41 22.37
1736.7 27655.67 6160.63 22.28
1740.3 27487.42 6076.12 22.11
1744.0 27395.86 6006.77 21.93
1747.5 27255.01 5927.29 21.75
1751.2 27041.09 5826.77 21.55
1754.8 26881.34 5740.70 21.36
1758.4 26750.86 5671.54 21.20
1762.0 26572.85 5606.98 21.10
1765.5 26446.23 5549.65 20.98
1769.1 26402.40 5508.00 20.86
1772.7 26328.38 5469.04 20.77
1776.3 26208.92 5420.10 20.68
1779.9 26081.92 5367.43 20.58
1783.5 26027.60 5334.48 20.50
1787.0 25897.14 5297.88 20.46
1790.6 25747.79 5255.52 20.41
1794.2 25651.68 5227.64 20.38
1797.8 25552.23 5203.85 20.37
1801.3 25471.95 5184.21 20.35
1804.9 25318.13 5147.63 20.33
1808.4 25235.40 5121.81 20.30
1812.0 25102.89 5096.06 20.30
1815.5 24947.72 5059.60 20.28
1819.1 24745.29 5010.45 20.25
1822.6 24588.72 4978.35 20.25
1826.2 24468.62 4944.22 20.21
1829.7 24298.19 4884.25 20.10
1833.2 24066.25 4831.16 20.07
1836.8 23846.10 4774.32 20.02
1840.3 23701.28 4723.83 19.93
1843.8 23605.26 4675.09 19.81
1847.3 23552.23 4632.68 19.67
1850.8 23482.37 4572.29 19.47
1854.3 23328.90 4471.30 19.17
1857.8 23249.20 4347.20 18.70
1861.3 23245.10 4165.34 17.92
1864.8 23154.55 3915.99 16.91
1868.3 22923.75 3577.02 15.60
1871.8 22725.12 3248.64 14.30
1875.3 22663.55 2947.04 13.00
1878.8 22668.35 2614.09 11.53
1882.3 22613.87 2310.74 10.22
1885.8 22446.65 2023.81 9.02
1889.3 22245.45 1768.29 7.95
1892.7 22073.02 1567.16 7.10
1896.2 21956.57 1475.99 6.72
1899.7 21800.31 1441.70 6.61
1903.1 21719.54 1461.77 6.73
1906.6 21807.87 1572.61 7.21
1910.0 22098.88 1772.08 8.02
1913.5 22634.73 2171.60 9.59
1917.0 23151.98 2658.60 11.48
1920.4 23436.08 3235.75 13.81
1923.8 23677.97 3467.71 14.65
1871.2 20787.15 2449.59 11.78
1873.9 20907.54 2319.48 11.09
1876.7 21048.38 2196.70 10.44
1879.5 21252.88 1891.67 8.90
1882.3 20993.42 1641.94 7.82
1885.1 20851.78 1499.88 7.19
1887.8 20921.79 1220.51 5.83
1890.6 20723.54 1013.57 4.89
1893.4 20650.67 887.33 4.30
1896.2 20581.86 701.42 3.41
1898.9 20516.13 629.49 3.07
1901.7 20380.18 605.47 2.97
1904.5 20546.36 571.32 2.78
1907.2 20463.00 546.25 2.67
1910.0 20358.58 501.51 2.46
1912.7 20364.96 480.40 2.36
1915.5 20273.08 466.65 2.30
1918.2 20210.43 443.71 2.20
1921.0 20079.87 436.67 2.17
1923.7 20126.73 470.24 2.34
1926.5 20096.89 459.19 2.28
1929.2 20080.15 445.73 2.22
1932.0 20066.00 451.88 2.25
1934.7 20016.92 440.86 2.20
1937.4 19925.11 462.15 2.32
1940.2 19881.39 473.29 2.38
1942.9 19959.98 490.25 2.46
1945.6 19965.22 489.24 2.45
1948.3 19894.11 487.35 2.45
1951.1 19862.99 505.68 2.55
1953.8 19866.00 519.00 2.61
1956.5 19752.03 503.16 2.55
1959.2 19805.76 538.20 2.72
1961.9 19837.86 557.26 2.81
1964.6 19745.08 571.20 2.89
1967.3 19784.70 596.30 3.01
1970.0 19621.84 586.08 2.99
1972.8 19538.55 638.34 3.27
1975.5 19602.81 658.50 3.36
1978.2 19540.64 657.00 3.36
1980.9 19419.73 687.94 3.54
1983.5 19352.05 715.45 3.70
1986.2 19366.05 727.50 3.76
1988.9 19348.59 747.87 3.87
1991.6 19202.00 770.51 4.01
1994.3 19065.89 791.40 4.15
1997.0 19096.32 833.28 4.36
1999.7 19065.00 818.43 4.29
2002.3 19034.90 834.23 4.38
2005.0 18965.86 886.01 4.67
2007.7 18877.00 885.80 4.69
2010.4 18811.60 916.46 4.87
2013.0 18774.16 972.99 5.18
2015.7 18678.28 983.22 5.26
2018.4 18548.96 964.47 5.20
2021.0 18504.50 1003.00 5.42
2023.7 18401.60 1031.73 5.61
2026.4 18333.68 1036.53 5.65
2029.0 18267.40 1062.81 5.82
2031.7 18144.97 1042.17 5.74
2034.3 18142.15 1064.70 5.87
2037.0 18035.71 1109.11 6.15
2039.6 17974.39 1105.64 6.15
2042.3 17908.74 1106.48 6.18
2044.9 17825.78 1127.61 6.33
2047.5 17820.17 1147.25 6.44
2050.2 17715.60 1131.20 6.39
2052.8 17679.20 1139.60 6.45
2055.4 17538.43 1176.70 6.71
2058.1 17416.00 1176.00 6.75
2060.7 17404.47 1168.31 6.71
2063.3 17299.63 1198.27 6.93
2065.9 17230.17 1200.42 6.97
2068.6 17165.96 1197.63 6.98
2071.2 17119.44 1227.60 7.17
2073.8 17041.85 1228.47 7.21
2076.4 16999.98 1237.74 7.28
2079.0 17011.74 1242.02 7.30
2081.6 16984.09 1218.17 7.17
2084.2 16930.00 1258.46 7.43
2086.8 16834.24 1281.24 7.61
2089.4 16742.01 1256.64 7.51
2092.1 16637.33 1260.83 7.58
2094.7 16574.28 1276.90 7.70
2097.2 16549.50 1269.33 7.67
2099.8 16541.98 1292.39 7.81
2102.4 16400.35 1293.72 7.89
2105.0 16267.80 1262.55 7.76
2107.6 16238.35 1304.54 8.03
2110.2 16217.39 1329.90 8.20
2112.8 16200.74 1317.13 8.13
2115.3 16182.65 1313.43 8.12
2117.9 16188.40 1349.28 8.33
2120.5 16181.17 1355.48 8.38
2123.1 16113.83 1322.10 8.20
2125.6 16056.05 1338.25 8.33
2128.2 15953.26 1325.78 8.31
2130.8 15859.35 1313.33 8.28
2133.3 15825.33 1352.27 8.54
2135.9 15723.21 1359.05 8.64
2138.4 15584.92 1346.63 8.64
2141.0 15487.96 1351.63 8.73
2143.6 15482.13 1363.23 8.81
2146.1 15358.67 1354.57 8.82
2148.7 15182.57 1318.56 8.68
2151.2 15188.80 1320.00 8.69
2153.8 15199.37 1386.31 9.12
2156.3 15064.95 1396.93 9.27
2158.8 14994.07 1373.30 9.16
2161.4 14983.43 1388.67 9.27
2163.9 14894.98 1406.36 9.44
2166.4 14806.99 1398.50 9.44
2169.0 14777.42 1419.20 9.60
2171.5 14688.72 1416.24 9.64
2174.0 14586.43 1389.33 9.52
2176.5 14576.25 1399.32 9.60
2179.1 14537.32 1412.47 9.72
2181.6 14435.75 1405.25 9.73
2184.1 14405.16 1444.52 10.03
2186.6 14458.30 1462.46 10.12
2189.1 14358.33 1444.50 10.06
2191.6 14308.00 1456.93 10.18
2194.1 14339.64 1428.32 9.96
2196.6 14340.73 1450.38 10.11
2199.2 14399.84 1486.03 10.32
2201.7 14323.09 1454.16 10.15
2204.1 14264.18 1458.67 10.23
2206.6 14278.44 1495.73 10.48
2209.1 14246.74 1502.65 10.55
2211.6 14236.93 1515.05 10.64
2214.1 14172.61 1535.87 10.84
2216.6 14103.21 1507.94 10.69
2219.1 14137.40 1492.75 10.56
2221.6 14080.86 1499.83 10.65
2224.0 14024.61 1508.76 10.76
2226.5 13983.38 1499.17 10.72
2229.0 13981.89 1476.99 10.56
2231.5 13918.22 1451.57 10.43
2233.9 13896.33 1423.88 10.25
2236.4 13868.98 1432.06 10.33
2238.9 13826.00 1429.88 10.34
2241.3 13828.76 1383.65 10.01
2243.8 13758.80 1348.67 9.80
2246.2 13610.98 1329.70 9.77
2248.7 13571.61 1342.12 9.89
2251.2 13563.12 1333.64 9.83
2253.6 13482.24 1278.72 9.48
2256.1 13474.56 1255.68 9.32
2258.5 13495.78 1229.33 9.11
2260.9 13407.16 1204.19 8.98
2263.4 13372.75 1182.21 8.84
2265.8 13367.17 1184.77 8.86
2268.3 13288.30 1177.59 8.86
2270.7 13342.05 1139.99 8.54
2273.1 13272.94 1115.99 8.41
2275.6 13194.24 1105.92 8.38
2278.0 13232.60 1095.35 8.28
2280.4 13249.81 1092.93 8.25
2282.8 13117.21 1064.71 8.12
2285.3 13103.68 1026.52 7.83
2287.7 13191.09 1038.73 7.87
2290.1 13097.39 1004.15 7.67
2292.5 13047.88 952.40 7.30
2294.9 13056.31 987.92 7.57
2297.3 12972.40 992.71 7.65
2299.7 12875.52 943.65 7.33
2302.1 12826.01 911.37 7.11
2304.5 12696.88 885.92 6.98
2306.9 12602.80 889.84 7.06
2309.3 12519.08 858.12 6.85
2311.7 12473.65 867.43 6.95
2314.1 12315.17 823.11 6.68
2316.5 12229.76 823.46 6.73
2318.9 12290.12 855.34 6.96
2321.3 12265.32 812.14 6.62
2323.7 12235.57 858.57 7.02
2326.1 12214.93 830.18 6.80
2328.4 12270.09 817.74 6.66
2330.8 12319.08 809.82 6.57
2333.2 12235.57 757.77 6.19
2335.6 12168.54 751.45 6.18
2337.9 12202.83 780.41 6.40
2340.3 12141.58 785.09 6.47
2342.7 12039.09 740.54 6.15
2345.0 12013.82 696.45 5.80
2347.4 11993.50 722.50 6.02
2349.7 11798.34 683.47 5.79
2352.1 11775.76 630.39 5.35
2354.4 11820.42 657.65 5.56
2356.8 11728.38 669.08 5.70
2359.2 11704.33 702.00 6.00
2361.5 11645.74 663.23 5.70
2363.8 11633.53 614.83 5.29
2366.2 11660.03 639.93 5.49
2368.5 11627.85 640.80 5.51
2370.9 11603.83 630.74 5.44
2373.2 11533.95 652.02 5.65
2375.5 11398.48 615.40 5.40
2377.9 11373.04 578.91 5.09
2380.2 11408.35 586.45 5.14
2382.5 11308.30 583.57 5.16
2384.8 11261.28 542.88 4.82
2387.2 11252.00 548.54 4.88
2389.5 11242.29 580.77 5.17
2391.8 11232.13 527.62 4.70
2394.1 11132.13 523.02 4.70
2396.4 11089.46 532.22 4.80
2398.7 11160.99 487.17 4.36
2401.0 11096.58 464.83 4.19
2403.3 10926.12 483.06 4.42
2405.6 10921.36 474.84 4.35
2407.9 10891.74 455.91 4.19
2410.2 10793.71 426.13 3.95
2412.5 10752.81 426.86 3.97
2414.8 10737.29 467.29 4.35
2417.1 10694.97 438.74 4.10
2419.4 10638.82 453.27 4.26
2421.7 10597.44 457.33 4.32
2424.0 10571.95 406.82 3.85
2426.2 10576.95 422.65 4.00
2428.5 10508.39 438.08 4.17
2430.8 10485.80 376.05 3.59
2433.1 10443.79 381.69 3.65
2435.4 10361.94 386.06 3.73
2437.6 10328.37 369.27 3.58
2439.9 10224.92 331.29 3.24
2442.2 10193.49 301.48 2.96
2444.4 10223.13 304.40 2.98
2446.7 10173.28 338.72 3.33
2448.9 10197.11 384.91 3.77
2451.2 10173.72 339.72 3.34
2453.4 10028.37 301.33 3.00
2455.7 9998.26 267.59 2.68
2457.9 9908.42 305.25 3.08
2460.2 9870.17 326.75 3.31
2462.4 9896.64 293.28 2.96
2464.7 9834.69 233.41 2.37
2466.9 9751.98 211.86 2.17
2469.2 9722.50 272.23 2.80
2471.4 9624.29 269.17 2.80
2473.6 9553.77 267.80 2.80
2475.9 9536.85 277.71 2.91
2478.1 9427.70 245.94 2.61
2480.3 9377.37 215.81 2.30
2482.5 9321.43 250.19 2.68
2484.8 9240.44 254.86 2.76
2487.0 9258.33 237.01 2.56
2489.2 9302.30 248.77 2.67
2491.4 9183.58 245.92 2.68
2493.6 9147.34 242.99 2.66
2495.8 9177.35 245.47 2.67
2498.0 9103.79 243.20 2.67
2500.2 9132.70 176.93 1.94
2502.4 9403.92 213.12 2.27
2504.6 9512.07 291.09 3.06
2506.8 9585.80 233.80 2.44
