/*** Spectra Vista SIG Data ***/
name= \My Documents\HR1024_Data\RD5S11.
instrument= HR: 1091052
integration= 400, 60, 30, 500, 60, 30
scan time= 1, 1
scan settings= AD, AI, AD, AI
external data set1= 8224, 8224, 8224, 8224, 8224, 8224, 8224, 8224, 8224, 8224, 8224, 8224, 8224, 8224, 8224, 8224
external data set2= 8224, 8224, 8224, 8224, 8224, 8224, 8224, 8224, 8224, 8224, 8224, 8224, 8224, 8224, 8224, 8224
external data dark= 0,0,0,0,0,0,0,0
external data mask= 0
optic= LENS4 , LENS4 
temp= 32.34, 8.94, -5.37, 41.36, 8.88, -5.24
battery= 7.5, 7.0
error= 0, 0
units= Radiance, Radiance
time= 3/11/08 9:20:48 AM, 3/11/08 9:44:05 AM
longitude= , 
latitude= , 
gpstime= , 
comm= 
memory slot= 0, 0
factors= 
data= 
346.4 366.28 142.69 38.96
347.9 400.03 148.09 37.02
349.5 432.12 149.76 34.66
351.1 468.00 158.50 33.87
352.6 496.51 165.72 33.38
354.2 520.33 164.93 31.70
355.7 575.84 177.80 30.88
357.3 598.14 184.47 30.84
358.8 616.87 190.13 30.82
360.4 668.33 192.76 28.84
361.9 686.05 186.66 27.21
363.5 715.01 191.13 26.73
365.1 743.78 198.34 26.67
366.6 778.54 203.01 26.08
368.2 824.27 204.14 24.77
369.7 873.39 212.88 24.37
371.3 928.49 230.48 24.82
372.8 977.74 227.09 23.23
374.4 1016.27 230.96 22.73
375.9 1052.58 230.38 21.89
377.4 1084.71 227.68 20.99
379.0 1129.79 244.42 21.63
380.5 1157.14 237.58 20.53
382.1 1186.43 237.58 20.02
383.6 1234.64 239.27 19.38
385.2 1293.88 243.10 18.79
386.7 1345.63 243.68 18.11
388.3 1410.38 255.45 18.11
389.8 1464.46 262.42 17.92
391.3 1527.57 268.47 17.58
392.9 1567.60 271.98 17.35
394.4 1609.87 283.69 17.62
395.9 1662.63 291.39 17.53
397.5 1749.05 307.50 17.58
399.0 1827.74 309.00 16.91
400.6 1876.29 311.30 16.59
402.1 1904.04 301.34 15.83
403.6 1943.17 303.04 15.60
405.1 1994.81 302.53 15.17
406.7 2061.92 307.33 14.90
408.2 2135.06 314.52 14.73
409.7 2198.56 321.66 14.63
411.3 2272.05 336.91 14.83
412.8 2335.64 346.97 14.86
414.3 2399.77 349.50 14.56
415.8 2475.00 357.00 14.42
417.4 2547.71 377.48 14.82
418.9 2612.23 377.48 14.45
420.4 2658.25 380.85 14.33
421.9 2705.56 388.17 14.35
423.5 2743.63 387.61 14.13
425.0 2788.02 389.27 13.96
426.5 2844.45 394.74 13.88
428.0 2917.63 403.11 13.82
429.5 3009.90 407.64 13.54
431.1 3112.45 415.64 13.35
432.6 3227.88 429.87 13.32
434.1 3329.29 433.51 13.02
435.6 3423.98 446.60 13.04
437.1 3517.80 457.86 13.02
438.6 3607.74 468.46 12.98
440.1 3694.39 478.18 12.94
441.6 3790.73 487.81 12.87
443.1 3873.83 499.77 12.90
444.7 3959.99 506.35 12.79
446.2 4024.76 511.94 12.72
447.7 4101.41 524.70 12.79
449.2 4174.20 525.31 12.58
450.7 4238.00 536.64 12.66
452.2 4313.18 539.20 12.50
453.7 4393.64 543.85 12.38
455.2 4491.99 548.55 12.21
456.7 4618.24 563.20 12.20
458.2 4761.06 578.77 12.16
459.7 4899.13 593.60 12.12
461.2 5044.37 607.16 12.04
462.7 5165.05 627.22 12.14
464.2 5287.79 643.43 12.17
465.7 5408.14 654.87 12.11
467.2 5518.98 671.44 12.17
468.7 5631.00 685.60 12.18
470.2 5705.20 697.41 12.22
471.7 5821.13 716.30 12.31
473.2 6011.22 739.54 12.30
474.6 6153.75 746.79 12.14
476.1 6204.18 753.87 12.15
477.6 6220.94 745.42 11.98
479.1 6250.52 741.02 11.86
480.6 6293.37 743.55 11.81
482.1 6374.96 747.30 11.72
483.6 6474.12 753.64 11.64
485.1 6599.29 769.64 11.66
486.6 6739.10 780.92 11.59
488.0 6898.13 794.30 11.51
489.5 7058.36 810.08 11.48
491.0 7224.81 828.83 11.47
492.5 7392.87 846.94 11.46
494.0 7557.79 867.20 11.47
495.4 7702.20 882.42 11.46
496.9 7844.83 905.14 11.54
498.4 7990.29 915.30 11.46
499.9 8131.50 931.57 11.46
501.4 8263.45 953.47 11.54
502.8 8392.79 972.04 11.58
504.3 8499.60 987.12 11.61
505.8 8611.18 1006.59 11.69
507.2 8674.01 1018.34 11.74
508.7 8728.20 1025.00 11.74
510.2 8764.92 1032.36 11.78
511.6 8789.76 1043.54 11.87
513.1 8840.43 1051.69 11.90
514.6 8904.34 1065.03 11.96
516.0 8958.85 1075.92 12.01
517.5 9056.55 1090.59 12.04
519.0 9171.31 1114.49 12.15
520.5 9287.32 1139.47 12.27
521.9 9437.16 1159.07 12.28
523.4 9612.27 1191.78 12.40
524.8 9785.79 1221.72 12.48
526.3 9984.58 1256.67 12.59
527.8 10184.06 1293.34 12.70
529.2 10366.76 1326.77 12.80
530.7 10567.61 1362.40 12.89
532.1 10746.40 1395.84 12.99
533.6 10959.02 1435.33 13.10
535.0 11168.56 1473.32 13.19
536.5 11376.00 1512.30 13.29
538.0 11592.92 1550.75 13.38
539.4 11785.91 1593.06 13.52
540.9 12037.93 1630.76 13.55
542.3 12246.63 1666.26 13.61
543.8 12400.56 1693.89 13.66
545.2 12445.48 1708.38 13.73
546.6 12442.01 1718.56 13.81
548.1 12455.19 1724.45 13.85
549.5 12460.55 1729.44 13.88
551.0 12456.77 1749.21 14.04
552.4 12484.13 1756.89 14.07
553.9 12491.52 1769.24 14.16
555.3 12509.64 1780.27 14.23
556.8 12569.08 1798.29 14.31
558.2 12630.94 1819.13 14.40
559.6 12713.51 1844.19 14.51
561.1 12831.00 1882.40 14.67
562.5 12959.42 1917.87 14.80
564.0 13129.35 1966.03 14.97
565.4 13288.41 2010.28 15.13
566.8 13487.87 2068.63 15.34
568.3 13678.39 2131.05 15.58
569.7 13879.32 2192.08 15.79
571.1 14074.77 2259.50 16.05
572.6 14269.77 2323.08 16.28
574.0 14463.08 2392.50 16.54
575.4 14650.03 2461.05 16.80
576.9 14818.07 2537.07 17.12
578.3 14977.46 2610.47 17.43
579.7 15131.24 2691.23 17.79
581.1 15254.19 2772.75 18.18
582.6 15387.18 2862.24 18.60
584.0 15508.86 2942.56 18.97
585.4 15681.05 3045.07 19.42
586.8 15909.04 3154.93 19.83
588.3 16162.38 3284.42 20.32
589.7 16371.81 3406.10 20.80
591.1 16519.39 3514.78 21.28
592.5 16589.78 3622.72 21.84
594.0 16627.80 3719.83 22.37
595.4 16637.76 3821.10 22.97
596.8 16651.64 3929.64 23.60
598.2 16659.51 4043.60 24.27
599.6 16659.36 4158.22 24.96
601.0 16705.59 4290.19 25.68
602.4 16752.94 4425.58 26.42
603.9 16822.23 4571.32 27.17
605.3 16905.11 4729.20 27.97
606.7 16973.10 4899.60 28.87
608.1 17114.04 5086.46 29.72
609.5 17255.15 5289.57 30.66
610.9 17434.91 5499.08 31.54
612.3 17598.49 5730.98 32.57
613.7 17818.60 5980.75 33.56
615.1 17967.42 6218.21 34.61
616.5 18122.06 6452.74 35.61
617.9 18356.64 6731.14 36.67
619.3 18578.68 7008.71 37.72
620.7 18848.67 7312.72 38.80
622.1 19119.58 7636.86 39.94
623.5 19414.06 8005.05 41.23
624.9 19741.18 8415.75 42.63
626.3 19952.52 8764.73 43.93
627.7 19741.37 8894.38 45.05
629.1 19544.02 9030.17 46.20
630.5 19457.12 9199.91 47.28
631.9 19461.81 9406.66 48.33
633.3 19457.49 9602.61 49.35
634.7 19533.17 9828.93 50.32
636.1 19566.68 10008.17 51.15
637.5 19597.55 10154.73 51.82
638.9 19677.50 10265.85 52.17
640.2 19731.43 10369.91 52.56
641.6 19754.28 10453.25 52.92
643.0 19715.36 10536.32 53.44
644.4 19707.26 10610.81 53.84
645.8 19650.11 10677.41 54.34
647.2 19716.78 10856.14 55.06
648.5 19765.84 11026.86 55.79
649.9 19671.60 11143.86 56.65
651.3 19608.23 11300.58 57.63
652.7 19503.68 11437.26 58.64
654.1 19390.95 11421.29 58.90
655.5 19238.75 11353.17 59.01
656.8 19118.09 11277.82 58.99
658.2 19225.93 11352.29 59.05
659.6 19449.31 11490.79 59.08
660.9 19643.18 11601.65 59.06
662.3 19825.21 11696.67 59.00
663.7 20008.80 11775.12 58.85
665.0 20165.89 11842.76 58.73
666.4 20328.89 11911.75 58.60
667.8 20535.62 12013.53 58.50
669.1 20711.76 12112.94 58.48
670.5 20914.18 12250.10 58.57
671.9 21055.86 12380.35 58.80
673.2 21237.33 12566.12 59.17
674.6 21400.77 12777.99 59.71
676.0 21596.49 13055.09 60.45
677.3 21793.24 13371.13 61.35
678.7 21992.69 13761.50 62.57
680.0 22269.19 14264.75 64.06
681.4 22542.00 14864.35 65.94
682.8 22829.63 15564.64 68.18
684.1 23112.18 16340.69 70.70
685.5 23364.31 17168.27 73.48
686.8 23617.23 18019.01 76.30
688.2 23841.32 18836.82 79.01
689.5 23927.84 19537.58 81.65
690.9 23997.39 20175.25 84.07
692.2 24047.78 20730.48 86.21
693.6 24110.83 21250.78 88.14
694.9 24095.99 21646.08 89.83
696.2 24121.97 22025.84 91.31
697.6 24149.95 22371.36 92.64
698.9 24174.48 22681.82 93.83
700.3 24215.57 22962.00 94.82
701.6 24264.40 23238.26 95.77
703.0 24323.35 23476.55 96.52
704.3 24329.34 23670.21 97.29
705.6 24327.41 23819.90 97.91
707.0 24334.75 23969.04 98.50
708.3 24282.08 24041.39 99.01
709.6 24223.21 24085.85 99.43
711.0 24124.28 24107.22 99.93
712.3 24015.02 24119.00 100.43
713.6 23977.17 24167.98 100.80
714.9 23907.38 24182.30 101.15
716.3 23880.58 24241.77 101.51
717.6 23876.83 24309.96 101.81
718.9 23805.06 24306.57 102.11
720.2 23675.16 24232.91 102.36
721.6 23576.15 24175.94 102.54
722.9 23446.45 24092.71 102.76
724.2 23274.82 23972.96 103.00
725.5 23133.68 23887.71 103.26
726.8 23009.81 23790.73 103.39
728.1 22933.91 23754.13 103.58
729.5 22856.87 23710.43 103.73
730.8 22796.53 23676.09 103.86
732.1 22719.29 23639.87 104.05
733.4 22660.56 23627.88 104.27
734.7 22602.67 23589.62 104.37
736.0 22569.89 23603.37 104.58
737.3 22520.76 23594.01 104.77
738.6 22554.56 23681.56 105.00
739.9 22633.16 23816.78 105.23
741.2 22698.59 23939.92 105.47
742.5 22841.25 24143.96 105.70
743.8 23091.34 24481.38 106.02
745.1 23491.07 24964.53 106.27
746.4 23957.57 25501.66 106.45
747.7 24466.55 26066.36 106.54
749.0 24948.63 26578.44 106.53
750.3 25229.30 26841.96 106.39
751.6 25175.69 26787.48 106.40
752.9 24925.64 26535.04 106.46
754.2 24630.59 26260.04 106.62
755.4 24314.44 25979.47 106.85
756.7 24210.69 25931.02 107.11
758.0 24235.24 26013.46 107.34
759.3 24394.18 26257.11 107.64
760.6 24621.52 26552.06 107.84
761.9 24823.09 26835.44 108.11
763.1 24955.30 27020.62 108.28
764.4 25125.21 27236.62 108.40
765.7 25257.38 27405.30 108.50
767.0 25349.99 27573.23 108.77
768.2 25431.84 27705.22 108.94
769.5 25509.93 27800.68 108.98
770.8 25646.87 27989.55 109.13
772.0 25674.66 28076.40 109.35
773.3 25762.96 28197.66 109.45
774.6 25839.71 28319.38 109.60
775.8 25921.43 28419.95 109.64
777.1 25948.26 28495.94 109.82
778.4 25918.05 28501.93 109.97
779.6 25945.86 28538.09 109.99
780.9 25904.00 28542.40 110.19
782.1 25811.51 28481.44 110.34
783.4 25819.04 28537.60 110.53
784.6 25849.06 28619.50 110.72
785.9 26028.56 28888.31 110.99
787.1 26416.14 29357.85 111.14
788.4 26716.91 29702.97 111.18
789.6 26732.54 29614.36 110.78
790.9 26499.75 29314.48 110.62
792.1 26215.36 29030.14 110.74
793.4 25939.41 28793.34 111.00
794.6 25766.06 28610.42 111.04
795.8 25608.38 28447.78 111.09
797.1 25427.85 28297.29 111.28
798.3 25301.10 28203.29 111.47
799.5 25235.55 28148.04 111.54
800.8 25155.70 28089.82 111.66
802.0 25074.70 28034.85 111.81
803.2 24986.56 27951.68 111.87
804.5 24925.76 27891.16 111.90
805.7 24855.66 27840.51 112.01
806.9 24776.64 27759.97 112.04
808.1 24708.89 27703.67 112.12
809.4 24677.19 27673.31 112.14
810.6 24617.78 27622.14 112.20
811.8 24606.91 27621.56 112.25
813.0 24601.75 27648.69 112.39
814.2 24620.30 27674.91 112.41
815.4 24684.78 27740.68 112.38
816.6 24715.54 27761.75 112.33
817.9 24752.29 27781.03 112.24
819.1 24717.85 27728.66 112.18
820.3 24615.89 27612.23 112.17
821.5 24558.22 27522.33 112.07
822.7 24525.20 27459.00 111.96
823.9 24512.51 27437.54 111.93
825.1 24512.73 27406.52 111.81
826.3 24527.23 27407.63 111.74
827.5 24554.23 27394.14 111.57
828.7 24585.24 27387.36 111.40
829.9 24620.63 27389.28 111.25
831.0 24677.45 27419.28 111.11
832.2 24735.00 27448.41 110.97
833.4 24800.15 27462.78 110.74
834.6 24827.34 27511.88 110.81
835.8 24886.58 27508.95 110.54
837.0 24941.18 27567.59 110.53
838.1 25036.55 27658.23 110.47
839.3 25073.20 27702.51 110.49
840.5 25138.07 27771.68 110.48
841.7 25214.76 27848.12 110.44
842.9 25311.78 27957.59 110.45
844.0 25352.29 28020.52 110.52
845.2 25454.19 28119.21 110.47
846.4 25527.43 28212.07 110.52
847.5 25656.16 28362.99 110.55
848.7 25745.00 28476.23 110.61
849.9 25879.71 28568.77 110.39
851.0 25913.04 28602.45 110.38
852.2 25966.07 28627.76 110.25
853.3 25941.98 28602.44 110.26
854.5 25934.86 28598.70 110.27
855.6 25916.94 28553.26 110.17
856.8 25944.85 28590.99 110.20
857.9 25943.54 28575.00 110.14
859.1 25996.60 28648.96 110.20
860.2 26027.46 28651.87 110.08
861.4 26023.97 28671.58 110.17
862.5 26059.24 28671.30 110.02
863.7 26115.12 28718.77 109.97
864.8 26101.25 28735.98 110.09
865.9 26082.46 28690.37 110.00
867.1 26099.25 28712.94 110.01
868.2 26099.69 28724.95 110.06
869.3 26128.19 28742.07 110.00
870.5 26099.47 28658.64 109.81
871.6 26087.08 28675.83 109.92
872.7 26136.21 28709.67 109.85
873.9 26148.82 28719.58 109.83
875.0 26142.73 28689.86 109.74
876.1 26142.29 28687.19 109.73
877.2 26184.05 28679.48 109.53
878.3 26169.01 28664.44 109.54
879.4 26191.11 28680.75 109.51
880.5 26214.48 28678.61 109.40
881.7 26220.35 28652.26 109.27
882.8 26271.44 28636.26 109.00
883.9 26272.50 28647.53 109.04
885.0 26275.91 28569.45 108.73
886.1 26278.81 28503.16 108.46
887.2 26194.66 28373.21 108.32
888.3 26154.69 28250.84 108.01
889.4 26083.75 28172.97 108.01
890.5 26060.47 28088.40 107.78
891.6 26043.45 28023.89 107.60
892.7 26025.13 27971.25 107.48
893.8 26046.70 27985.43 107.44
894.9 26070.72 27956.06 107.23
896.0 26059.51 27884.92 107.00
897.0 26054.12 27882.15 107.02
898.1 26079.30 27881.08 106.91
899.2 26095.96 27866.82 106.79
900.3 26052.56 27783.13 106.64
901.4 26029.33 27709.31 106.45
902.4 26018.83 27697.86 106.45
903.5 26017.27 27617.39 106.15
904.6 26012.16 27573.18 106.00
905.7 26050.43 27591.38 105.92
906.7 26024.14 27532.98 105.80
907.8 26076.86 27501.53 105.46
908.9 26057.48 27434.45 105.28
909.9 26017.06 27370.15 105.20
911.0 26009.49 27288.39 104.92
912.1 25979.15 27215.41 104.76
913.1 25944.88 27098.86 104.45
914.2 25856.17 27006.77 104.45
915.2 25844.13 26965.01 104.34
916.3 25883.78 26934.00 104.06
917.3 25847.25 26856.49 103.90
918.4 25819.06 26743.97 103.58
919.4 25792.96 26606.61 103.15
920.5 25804.34 26548.10 102.88
921.5 25824.68 26500.54 102.62
922.6 25820.42 26364.95 102.11
923.6 25802.74 26338.06 102.07
924.7 25837.63 26238.60 101.55
925.7 25830.51 26133.50 101.17
926.7 25889.20 26047.17 100.61
927.8 25949.67 26026.14 100.29
928.8 26061.51 25965.28 99.63
929.9 26114.55 25915.58 99.24
930.9 26214.58 25945.13 98.97
931.9 26363.30 25929.67 98.36
932.9 26568.63 26005.62 97.88
934.0 26604.58 25928.48 97.46
935.0 26610.78 25831.95 97.07
936.0 26639.41 25684.70 96.42
937.0 26632.91 25536.19 95.88
938.1 26589.57 25399.85 95.53
939.1 26594.73 25265.59 95.00
940.1 26647.30 25231.78 94.69
941.1 26757.94 25210.28 94.22
942.1 26950.86 25229.95 93.61
943.1 27064.46 25197.59 93.10
944.1 27200.04 25190.41 92.61
945.2 27250.86 25086.94 92.06
946.2 27341.46 25039.37 91.58
947.2 27385.31 24882.85 90.86
948.2 27528.14 24807.28 90.12
949.2 27562.84 24696.75 89.60
950.2 27601.23 24598.74 89.12
951.2 27696.06 24458.78 88.31
952.2 27776.58 24377.15 87.76
953.2 27874.44 24275.16 87.09
954.2 27994.28 24204.42 86.46
955.2 28013.52 24076.11 85.94
956.2 27975.49 23914.58 85.48
957.2 28074.45 23826.17 84.87
958.2 28163.05 23795.90 84.49
959.2 28188.45 23749.56 84.25
960.1 28244.69 23719.07 83.98
961.1 28322.00 23674.20 83.59
962.1 28304.06 23626.50 83.47
963.1 28357.97 23591.20 83.19
964.1 28464.51 23653.19 83.10
965.1 28543.56 23648.19 82.85
966.1 28584.14 23654.21 82.75
967.0 28655.80 23669.10 82.60
968.0 28697.14 23731.01 82.69
969.0 28718.80 23719.76 82.59
970.0 28760.47 23758.84 82.61
971.0 28834.42 23778.43 82.47
971.9 28848.78 23853.68 82.69
972.9 28890.31 23908.89 82.76
973.9 28948.56 23929.10 82.66
974.9 29046.70 23851.42 82.11
975.8 29063.68 24022.95 82.66
976.8 29052.58 24129.99 83.06
977.8 29165.54 24173.47 82.88
978.8 29197.88 24298.08 83.22
979.7 29189.32 24407.55 83.62
980.7 29306.81 24431.62 83.36
981.7 29477.75 24747.39 83.95
982.6 29574.16 24811.57 83.90
983.6 29987.80 25319.46 84.43
984.6 30188.75 25744.97 85.28
985.5 30563.82 26046.29 85.22
986.5 30946.12 26590.74 85.93
987.5 31666.80 27129.88 85.67
988.4 32276.75 27742.00 85.95
989.4 33081.94 28313.15 85.58
990.4 33865.04 29427.55 86.90
991.3 34680.98 29858.02 86.09
992.3 35996.38 30518.67 84.78
993.2 37249.57 30876.75 82.89
994.2 37192.84 32284.40 86.80
995.2 38468.72 32341.70 84.07
996.1 38815.33 33008.31 85.04
997.1 39248.66 32962.36 83.98
998.0 39056.40 32889.60 84.21
999.0 38843.24 31941.79 82.23
1000.0 39939.10 32401.30 81.13
1000.9 41119.71 33682.74 81.91
1001.9 38921.76 32272.63 82.92
1002.8 38260.04 33116.89 86.56
1003.8 38840.71 32643.66 84.04
1004.8 39018.78 32675.38 83.74
961.5 34611.80 22816.72 65.92
965.5 33947.81 22859.33 67.34
969.5 32673.62 22362.42 68.44
973.4 31329.21 21727.60 69.35
977.4 30182.73 21411.43 70.94
981.4 29653.05 21445.85 72.32
985.3 29580.67 21687.25 73.32
989.3 29694.74 22140.55 74.56
993.3 29811.28 22587.02 75.77
997.2 29873.76 22866.61 76.54
1001.2 29847.48 23102.17 77.40
1005.2 29766.32 23301.99 78.28
1009.1 29802.16 23582.08 79.13
1013.1 29912.80 23945.87 80.05
1017.1 29980.27 24309.11 81.08
1021.0 29997.45 24625.94 82.09
1025.0 29986.05 24921.47 83.11
1029.0 29874.56 25109.36 84.05
1032.9 29757.39 25301.51 85.03
1036.9 29719.10 25552.04 85.98
1040.9 29786.91 25851.44 86.79
1044.8 29914.06 26218.50 87.65
1048.8 30017.23 26539.54 88.41
1052.7 30081.05 26791.77 89.07
1056.7 30106.96 26967.75 89.57
1060.7 30124.55 27126.15 90.05
1064.6 30126.20 27242.07 90.43
1068.6 30068.46 27237.74 90.59
1072.5 30024.99 27208.33 90.62
1076.5 29992.38 27163.83 90.57
1080.4 29983.51 27098.06 90.38
1084.4 30049.89 27053.00 90.03
1088.3 30134.74 26996.32 89.59
1092.3 30115.74 26833.66 89.10
1096.2 30104.84 26638.72 88.49
1100.2 30142.18 26456.12 87.77
1104.1 30082.71 26193.41 87.07
1108.1 30052.27 25937.51 86.31
1112.0 29977.43 25648.02 85.56
1116.0 29868.35 25288.77 84.67
1119.9 29779.89 24893.33 83.59
1123.9 29822.35 24524.81 82.24
1127.8 29798.40 23965.44 80.43
1131.8 29786.58 23237.19 78.01
1135.7 29821.64 22379.52 75.04
1139.6 29831.38 21438.11 71.86
1143.6 29819.95 20516.76 68.80
1147.5 29803.64 19724.21 66.18
1151.4 29713.98 19030.01 64.04
1155.4 29731.43 18597.29 62.55
1159.3 29760.66 18332.71 61.60
1163.2 29674.15 18077.03 60.92
1167.2 29672.28 17947.80 60.49
1171.1 29681.80 17866.58 60.19
1175.0 29651.52 17770.73 59.93
1179.0 29638.87 17691.69 59.69
1182.9 29697.98 17660.70 59.47
1186.8 29706.14 17592.28 59.22
1190.7 29571.10 17450.25 59.01
1194.7 29411.94 17305.03 58.84
1198.6 29289.65 17203.73 58.74
1202.5 29196.66 17145.66 58.72
1206.4 29112.98 17124.68 58.82
1210.3 29056.59 17138.48 58.98
1214.2 29008.58 17163.33 59.17
1218.2 28915.95 17209.42 59.52
1222.1 28833.10 17255.98 59.85
1226.0 28785.60 17326.85 60.19
1229.9 28734.48 17400.96 60.56
1233.8 28673.70 17452.19 60.86
1237.7 28644.25 17516.14 61.15
1241.6 28596.57 17556.14 61.39
1245.5 28494.07 17570.14 61.66
1249.4 28422.55 17583.65 61.87
1253.3 28356.92 17588.36 62.02
1257.2 28323.43 17602.08 62.15
1261.1 28264.79 17586.40 62.22
1265.0 28184.91 17544.23 62.25
1268.9 28067.43 17460.73 62.21
1272.8 28106.70 17453.40 62.10
1276.7 28238.01 17488.67 61.93
1280.6 28297.17 17455.44 61.69
1284.5 28250.81 17341.08 61.38
1288.4 28234.52 17223.36 61.00
1292.3 28165.50 17025.25 60.45
1296.2 28076.33 16799.66 59.84
1300.1 27971.71 16539.33 59.13
1303.9 27830.79 16220.09 58.28
1307.8 27679.51 15884.43 57.39
1311.7 27513.83 15514.91 56.39
1315.6 27356.90 15128.09 55.30
1319.5 27190.78 14712.65 54.11
1323.3 27036.43 14285.25 52.84
1327.2 26898.46 13863.90 51.54
1331.1 26745.75 13434.78 50.23
1335.0 26551.82 12994.70 48.94
1338.8 26417.20 12598.82 47.69
1342.7 26306.22 12236.99 46.52
1346.5 26068.84 11835.88 45.40
1350.4 25867.11 11461.39 44.31
1354.3 25587.95 11068.85 43.26
1358.1 25293.52 10681.57 42.23
1362.0 25095.25 10375.46 41.34
1365.8 25024.00 10116.41 40.43
1369.7 25106.98 9860.49 39.27
1373.5 25078.13 9495.23 37.86
1377.4 24917.97 8987.86 36.07
1381.2 24782.40 8401.25 33.90
1385.1 24754.66 7818.62 31.58
1389.0 24692.16 7221.32 29.25
1392.8 24567.88 6618.12 26.94
1396.6 24460.52 6074.38 24.83
1400.5 24320.99 5596.68 23.01
1404.3 24225.89 5204.93 21.49
1408.2 24204.64 4907.27 20.27
1412.0 24174.50 4672.54 19.33
1415.8 24201.79 4501.88 18.60
1419.6 24176.54 4369.48 18.07
1423.5 24162.30 4262.55 17.64
1427.3 24156.22 4182.68 17.32
1431.1 24149.78 4133.85 17.12
1434.9 24082.82 4083.76 16.96
1438.8 24045.91 4046.62 16.83
1442.6 24021.66 4039.00 16.81
1446.4 23948.95 4022.23 16.79
1450.2 23899.20 3991.63 16.70
1454.0 23823.72 3974.04 16.68
1457.8 23805.13 3986.84 16.75
1461.6 23794.65 4002.97 16.82
1465.4 23719.51 4018.91 16.94
1469.2 23598.58 4038.13 17.11
1473.0 23505.47 4075.83 17.34
1476.8 23479.35 4139.13 17.63
1480.7 23444.07 4207.03 17.94
1484.4 23358.60 4284.12 18.34
1488.2 23294.76 4377.60 18.79
1492.0 23212.99 4468.41 19.25
1495.8 23134.48 4556.83 19.70
1499.6 23068.04 4637.77 20.10
1503.4 22989.82 4708.70 20.48
1507.2 22924.40 4775.34 20.83
1510.9 22832.54 4824.24 21.13
1514.7 22729.47 4868.92 21.42
1518.5 22650.58 4935.82 21.79
1522.3 22564.73 4989.11 22.11
1526.0 22502.83 5050.10 22.44
1529.8 22457.39 5130.60 22.85
1533.6 22379.96 5205.42 23.26
1537.3 22300.49 5270.20 23.63
1541.1 22218.14 5339.47 24.03
1544.8 22130.40 5409.60 24.44
1548.6 22049.49 5457.08 24.75
1552.4 21992.28 5522.85 25.11
1556.1 21940.64 5579.15 25.43
1559.9 21881.16 5623.51 25.70
1563.6 21806.79 5683.43 26.06
1567.3 21732.27 5745.56 26.44
1571.1 21585.13 5795.68 26.85
1574.8 21494.94 5860.09 27.26
1578.6 21441.85 5919.85 27.61
1582.3 21360.05 5962.94 27.92
1586.0 21278.88 5999.58 28.20
1589.8 21182.42 6029.44 28.46
1593.5 21087.16 6050.64 28.69
1597.2 21011.15 6084.13 28.96
1600.9 20910.91 6115.64 29.25
1604.7 20817.19 6142.07 29.50
1608.4 20751.75 6171.39 29.74
1612.1 20653.79 6187.73 29.96
1615.8 20554.46 6212.29 30.22
1619.5 20509.10 6251.54 30.48
1623.2 20415.20 6278.81 30.76
1626.9 20293.94 6280.25 30.95
1630.6 20187.64 6289.58 31.16
1634.3 20108.09 6308.56 31.37
1638.0 20016.12 6312.00 31.53
1641.7 19907.78 6307.65 31.68
1645.4 19793.59 6298.61 31.82
1649.1 19676.58 6285.84 31.95
1652.8 19573.89 6277.57 32.07
1656.4 19468.81 6256.65 32.14
1660.1 19373.12 6228.59 32.15
1663.8 19253.37 6198.08 32.19
1667.5 19154.03 6178.49 32.26
1671.1 19073.44 6160.03 32.30
1674.8 18955.63 6114.79 32.26
1678.5 18920.35 6087.89 32.18
1682.1 18926.99 6067.87 32.06
1685.8 18934.59 6042.50 31.91
1689.5 18875.64 5997.29 31.77
1693.1 18777.51 5936.85 31.62
1696.8 18693.63 5878.13 31.44
1700.4 18605.80 5812.08 31.24
1704.0 18533.22 5740.80 30.98
1707.7 18380.44 5647.62 30.73
1711.3 18186.09 5542.68 30.48
1715.0 18064.01 5453.87 30.19
1718.6 17962.81 5364.64 29.87
1722.2 17869.77 5280.74 29.55
1725.9 17778.98 5200.02 29.25
1729.5 17683.82 5137.35 29.05
1733.1 17615.86 5095.48 28.93
1736.7 17543.89 5054.69 28.81
1740.3 17426.02 5000.76 28.70
1744.0 17375.79 4950.14 28.49
1747.5 17289.32 4889.60 28.28
1751.2 17148.24 4804.28 28.02
1754.8 17043.21 4724.69 27.72
1758.4 16959.78 4663.10 27.50
1762.0 16844.84 4589.27 27.24
1765.5 16763.61 4536.71 27.06
1769.1 16735.20 4519.20 27.00
1772.7 16687.95 4486.11 26.88
1776.3 16608.65 4433.52 26.69
1779.9 16528.93 4393.98 26.58
1783.5 16504.40 4377.20 26.52
1787.0 16420.93 4340.76 26.43
1790.6 16313.97 4301.34 26.37
1794.2 16250.54 4282.46 26.35
1797.8 16183.76 4259.56 26.32
1801.3 16118.56 4241.86 26.32
1804.9 16020.38 4223.63 26.36
1808.4 15971.30 4206.34 26.34
1812.0 15882.75 4178.39 26.31
1815.5 15784.84 4153.32 26.31
1819.1 15650.89 4115.22 26.29
1822.6 15532.45 4089.46 26.33
1826.2 15446.30 4063.42 26.31
1829.7 15337.22 4016.68 26.19
1833.2 15178.78 3972.97 26.17
1836.8 15030.02 3914.37 26.04
1840.3 14950.04 3876.30 25.93
1843.8 14886.20 3855.32 25.90
1847.3 14837.06 3803.72 25.64
1850.8 14793.41 3741.70 25.29
1854.3 14722.56 3680.64 25.00
1857.8 14658.80 3593.20 24.51
1861.3 14629.20 3487.95 23.84
1864.8 14572.84 3340.31 22.92
1868.3 14425.58 3143.66 21.79
1871.8 14284.80 2941.44 20.59
1875.3 14255.61 2753.66 19.32
1878.8 14246.03 2575.42 18.08
1882.3 14193.40 2420.40 17.05
1885.8 14118.50 2248.68 15.93
1889.3 13979.52 2110.27 15.10
1892.7 13865.36 2001.00 14.43
1896.2 13804.86 1939.05 14.05
1899.7 13707.11 1933.19 14.10
1903.1 13634.54 1953.34 14.33
1906.6 13688.09 2037.97 14.89
1910.0 13884.77 2189.04 15.77
1913.5 14226.75 2422.17 17.03
1917.0 14474.60 2917.08 20.15
1920.4 14745.78 3143.30 21.32
1923.8 15062.87 3142.61 20.86
1871.2 12888.95 1945.93 15.10
1873.9 13047.08 1900.69 14.57
1876.7 13250.10 1797.30 13.56
1879.5 13307.88 1674.13 12.58
1882.3 13009.24 1587.81 12.21
1885.1 13033.44 1456.78 11.18
1887.8 13145.19 1278.23 9.72
1890.6 12997.04 1278.65 9.84
1893.4 12958.00 1246.67 9.62
1896.2 12845.61 1141.53 8.89
1898.9 12795.28 1143.35 8.94
1901.7 12697.20 1087.49 8.56
1904.5 12812.38 1026.26 8.01
1907.2 12777.50 1068.75 8.36
1910.0 12693.31 1054.89 8.31
1912.7 12674.55 1016.85 8.02
1915.5 12622.22 1057.50 8.38
1918.2 12592.16 1062.77 8.44
1921.0 12470.84 1017.75 8.16
1923.7 12502.92 1020.51 8.16
1926.5 12525.14 1022.59 8.16
1929.2 12499.59 1016.51 8.13
1932.0 12466.20 1030.16 8.26
1934.7 12450.39 1019.29 8.19
1937.4 12388.06 1001.84 8.09
1940.2 12333.29 1011.13 8.20
1942.9 12377.93 1023.12 8.27
1945.6 12406.16 1035.86 8.35
1948.3 12364.25 1049.91 8.49
1951.1 12353.04 1044.47 8.46
1953.8 12345.00 1050.00 8.51
1956.5 12249.55 1057.24 8.63
1959.2 12291.89 1061.45 8.64
1961.9 12307.40 1063.86 8.64
1964.6 12224.28 1068.03 8.74
1967.3 12284.97 1059.10 8.62
1970.0 12156.72 1053.76 8.67
1972.8 12093.19 1088.42 9.00
1975.5 12180.79 1094.57 8.99
1978.2 12109.24 1077.48 8.90
1980.9 12027.29 1098.96 9.14
1983.5 11996.88 1128.43 9.41
1986.2 11983.38 1111.62 9.28
1988.9 11983.38 1129.08 9.42
1991.6 11899.51 1155.77 9.71
1994.3 11798.84 1135.12 9.62
1997.0 11807.25 1150.45 9.74
1999.7 11770.96 1168.77 9.93
2002.3 11768.44 1165.05 9.90
2005.0 11742.55 1165.05 9.92
2007.7 11687.40 1172.47 10.03
2010.4 11651.26 1181.97 10.14
2013.0 11630.36 1197.75 10.30
2015.7 11528.64 1216.23 10.55
2018.4 11457.30 1188.56 10.37
2021.0 11452.33 1192.83 10.42
2023.7 11380.16 1198.51 10.53
2026.4 11323.00 1202.72 10.62
2029.0 11263.54 1214.64 10.78
2031.7 11193.43 1202.72 10.74
2034.3 11193.43 1216.80 10.87
2037.0 11130.51 1232.97 11.08
2039.6 11076.09 1223.80 11.05
2042.3 11047.98 1221.63 11.06
2044.9 11026.46 1239.81 11.24
2047.5 11001.21 1251.03 11.37
2050.2 10900.40 1240.40 11.38
2052.8 10894.80 1246.00 11.44
2055.4 10822.84 1241.14 11.47
2058.1 10738.00 1232.00 11.47
2060.7 10718.83 1257.75 11.73
2063.3 10653.43 1256.79 11.80
2065.9 10619.50 1253.46 11.80
2068.6 10577.63 1270.21 12.01
2071.2 10537.83 1272.24 12.07
2073.8 10490.95 1242.46 11.84
2076.4 10463.25 1251.77 11.96
2079.0 10439.15 1281.36 12.27
2081.6 10423.40 1268.81 12.17
2084.2 10414.77 1281.04 12.30
2086.8 10346.04 1284.06 12.41
2089.4 10282.92 1302.03 12.66
2092.1 10234.00 1311.83 12.82
2094.7 10195.43 1285.38 12.61
2097.2 10197.17 1289.17 12.64
2099.8 10202.45 1318.01 12.92
2102.4 10082.46 1313.62 13.03
2105.0 9986.40 1285.35 12.87
2107.6 9963.47 1315.93 13.21
2110.2 9945.83 1321.38 13.29
2112.8 9950.08 1314.27 13.21
2115.3 9950.34 1319.21 13.26
2117.9 9955.62 1317.36 13.23
2120.5 9928.49 1326.33 13.36
2123.1 9866.03 1351.35 13.70
2125.6 9842.13 1349.96 13.72
2128.2 9772.14 1331.63 13.63
2130.8 9719.78 1357.20 13.96
2133.3 9694.67 1343.47 13.86
2135.9 9628.08 1341.40 13.93
2138.4 9561.93 1349.57 14.11
2141.0 9493.76 1334.00 14.05
2143.6 9481.01 1339.77 14.13
2146.1 9385.04 1348.70 14.37
2148.7 9294.55 1327.37 14.28
2151.2 9319.20 1317.07 14.13
2153.8 9286.22 1348.05 14.52
2156.3 9196.68 1346.72 14.64
2158.8 9176.01 1326.05 14.45
2161.4 9166.37 1350.34 14.73
2163.9 9107.40 1338.54 14.70
2166.4 9056.27 1327.54 14.66
2169.0 9041.49 1339.37 14.81
2171.5 8982.35 1315.72 14.65
2174.0 8919.05 1314.95 14.74
2176.5 8910.20 1339.52 15.03
2179.1 8872.37 1322.12 14.90
2181.6 8820.83 1304.88 14.79
2184.1 8802.64 1315.16 14.94
2186.6 8815.58 1333.79 15.13
2189.1 8766.51 1332.15 15.20
2191.6 8725.27 1329.53 15.24
2194.1 8759.24 1335.31 15.24
2196.6 8743.02 1321.30 15.11
2199.2 8762.69 1339.52 15.29
2201.7 8728.52 1335.96 15.31
2204.1 8693.38 1315.74 15.13
2206.6 8724.47 1309.23 15.01
2209.1 8690.36 1317.18 15.16
2211.6 8648.75 1328.53 15.36
2214.1 8641.19 1315.38 15.22
2216.6 8629.81 1306.63 15.14
2219.1 8603.23 1310.43 15.23
2221.6 8565.00 1294.27 15.11
2224.0 8580.12 1287.78 15.01
2226.5 8553.64 1267.07 14.81
2229.0 8526.93 1275.23 14.96
2231.5 8456.64 1306.03 15.44
2233.9 8447.09 1269.95 15.03
2236.4 8434.10 1262.22 14.97
2238.9 8377.75 1247.75 14.89
2241.3 8418.52 1232.07 14.64
2243.8 8391.31 1208.75 14.40
2246.2 8272.81 1194.01 14.43
2248.7 8260.98 1226.42 14.85
2251.2 8270.85 1195.28 14.45
2253.6 8217.60 1163.52 14.16
2256.1 8198.40 1159.68 14.15
2258.5 8205.80 1167.87 14.23
2260.9 8176.22 1146.67 14.02
2263.4 8125.75 1116.96 13.75
2265.8 8124.16 1123.23 13.83
2268.3 8073.80 1081.38 13.39
2270.7 8110.40 1090.09 13.44
2273.1 8107.19 1108.32 13.67
2275.6 8037.12 1067.52 13.28
2278.0 8047.94 1056.92 13.13
2280.4 8050.71 1062.14 13.19
2282.8 7936.92 1060.84 13.37
2285.3 7936.09 1057.63 13.33
2287.7 8013.06 1034.83 12.91
2290.1 7946.20 1043.68 13.13
2292.5 7908.89 1000.02 12.64
2294.9 7966.56 991.87 12.45
2297.3 7878.36 984.80 12.50
2299.7 7782.17 916.01 11.77
2302.1 7817.38 962.44 12.31
2304.5 7722.40 940.80 12.18
2306.9 7647.92 905.52 11.84
2309.3 7632.91 924.73 12.11
2311.7 7536.00 890.98 11.82
2314.1 7439.51 874.31 11.75
2316.5 7426.90 890.44 11.99
2318.9 7433.98 926.29 12.46
2321.3 7420.20 915.15 12.33
2323.7 7439.58 898.50 12.08
2326.1 7403.11 890.63 12.03
2328.4 7412.50 895.03 12.07
2330.8 7505.15 895.71 11.93
2333.2 7417.12 864.85 11.66
2335.6 7356.75 884.31 12.02
2337.9 7411.84 901.44 12.16
2340.3 7376.47 869.06 11.78
2342.7 7282.70 850.57 11.68
2345.0 7270.29 862.07 11.86
2347.4 7284.50 824.50 11.32
2349.7 7133.68 803.07 11.26
2352.1 7080.04 823.36 11.63
2354.4 7143.83 808.09 11.31
2356.8 7126.82 820.17 11.51
2359.2 7067.67 840.67 11.89
2361.5 7038.06 802.85 11.41
2363.8 7031.06 781.72 11.12
2366.2 7039.27 803.23 11.41
2368.5 7035.45 814.35 11.57
2370.9 7023.13 805.20 11.46
2373.2 6987.82 795.91 11.39
2375.5 6900.63 773.78 11.21
2377.9 6892.20 738.45 10.71
2380.2 6890.83 778.88 11.30
2382.5 6864.93 790.34 11.51
2384.8 6830.08 770.24 11.28
2387.2 6784.02 745.45 10.99
2389.5 6780.31 731.86 10.79
2391.8 6787.76 722.51 10.64
2394.1 6727.26 705.36 10.49
2396.4 6676.90 730.59 10.94
2398.7 6732.64 730.75 10.85
2401.0 6690.59 736.81 11.01
2403.3 6603.48 751.98 11.39
2405.6 6572.81 694.77 10.57
2407.9 6583.14 686.37 10.43
2410.2 6542.40 691.84 10.57
2412.5 6479.13 680.94 10.51
2414.8 6475.24 672.69 10.39
2417.1 6452.08 665.86 10.32
2419.4 6434.35 692.93 10.77
2421.7 6386.85 678.11 10.62
2424.0 6345.28 639.28 10.07
2426.2 6355.80 631.30 9.93
2428.5 6327.75 681.45 10.77
2430.8 6349.25 637.65 10.04
2433.1 6300.57 608.48 9.66
2435.4 6204.86 671.40 10.82
2437.6 6227.24 649.02 10.42
2439.9 6165.27 600.81 9.74
2442.2 6149.09 631.41 10.27
2444.4 6162.60 649.00 10.53
2446.7 6079.44 578.16 9.51
2448.9 6081.55 609.93 10.03
2451.2 6103.04 643.68 10.55
2453.4 6038.72 596.64 9.88
2455.7 6026.93 608.17 10.09
2457.9 5958.48 592.19 9.94
2460.2 5949.23 536.36 9.02
2462.4 5977.92 580.32 9.71
2464.7 5891.98 567.75 9.64
2466.9 5829.36 545.70 9.36
2469.2 5872.39 583.35 9.93
2471.4 5796.90 544.90 9.40
2473.6 5737.62 522.21 9.10
2475.9 5730.24 575.73 10.05
2478.1 5663.45 546.53 9.65
2480.3 5645.91 529.09 9.37
2482.5 5682.93 571.87 10.06
2484.8 5614.17 560.69 9.99
2487.0 5547.59 555.50 10.01
2489.2 5555.75 527.68 9.50
2491.4 5471.72 507.21 9.27
2493.6 5479.00 548.68 10.01
2495.8 5550.75 554.28 9.99
2498.0 5512.53 567.47 10.29
2500.2 5509.95 497.08 9.02
2502.4 5736.48 515.04 8.98
2504.6 5803.02 591.57 10.19
2506.8 5806.03 516.31 8.89
