/*** Spectra Vista SIG Data ***/
name= \My Documents\HR1024_Data\GD6B1.
instrument= HR: 1091052
integration= 400, 60, 30, 1000, 60, 30
scan time= 1, 1
scan settings= AD, AI, AD, AI
external data set1= 8224, 8224, 8224, 8224, 8224, 8224, 8224, 8224, 8224, 8224, 8224, 8224, 8224, 8224, 8224, 8224
external data set2= 8224, 8224, 8224, 8224, 8224, 8224, 8224, 8224, 8224, 8224, 8224, 8224, 8224, 8224, 8224, 8224
external data dark= 0,0,0,0,0,0,0,0
external data mask= 0
optic= LENS4 , LENS4 
temp= 32.98, 8.94, -5.37, 38.06, 8.88, -5.37
battery= 7.1, 7.0
error= 0, 0
units= Radiance, Radiance
time= 4/7/08 10:35:00 AM, 4/7/08 10:46:05 AM
longitude= , 
latitude= , 
gpstime= , 
comm= 
memory slot= 0, 0
factors= 
data= 
346.4 350.35 66.25 18.91
347.9 381.21 65.26 17.12
349.5 410.28 69.26 16.88
351.1 433.68 69.89 16.12
352.6 475.96 72.11 15.15
354.2 499.06 77.89 15.61
355.7 540.48 77.45 14.33
357.3 582.54 87.38 15.00
358.8 588.91 88.07 14.96
360.4 636.67 87.94 13.81
361.9 668.64 92.63 13.85
363.5 692.50 97.64 14.10
365.1 712.57 96.40 13.53
366.6 747.47 100.12 13.39
368.2 792.37 100.73 12.71
369.7 840.74 99.26 11.81
371.3 898.85 106.68 11.87
372.8 941.22 110.89 11.78
374.4 986.23 116.81 11.84
375.9 1017.83 113.86 11.19
377.4 1052.18 117.09 11.13
379.0 1086.82 119.03 10.95
380.5 1123.29 123.72 11.01
382.1 1153.93 124.70 10.81
383.6 1194.95 123.61 10.34
385.2 1251.25 128.70 10.29
386.7 1299.60 133.21 10.25
388.3 1372.34 138.05 10.06
389.8 1424.66 140.00 9.83
391.3 1483.01 146.49 9.88
392.9 1530.61 148.51 9.70
394.4 1562.39 154.90 9.91
395.9 1621.81 161.40 9.95
397.5 1711.90 170.54 9.96
399.0 1784.48 174.28 9.77
400.6 1838.09 177.72 9.67
402.1 1856.31 172.86 9.31
403.6 1888.03 172.14 9.12
405.1 1944.54 172.29 8.86
406.7 2010.40 179.65 8.94
408.2 2079.37 180.87 8.70
409.7 2148.16 188.16 8.76
411.3 2213.53 192.78 8.71
412.8 2271.65 199.55 8.78
414.3 2341.03 210.00 8.97
415.8 2417.50 211.50 8.75
417.4 2490.79 221.12 8.88
418.9 2548.98 225.68 8.85
420.4 2593.45 230.31 8.88
421.9 2640.22 230.87 8.74
423.5 2679.41 235.84 8.80
425.0 2722.85 237.79 8.73
426.5 2778.88 243.38 8.76
428.0 2849.90 247.12 8.67
429.5 2939.79 256.36 8.72
431.1 3042.79 263.16 8.65
432.6 3149.06 271.46 8.62
434.1 3259.99 281.82 8.64
435.6 3346.58 289.48 8.65
437.1 3441.75 297.57 8.65
438.6 3531.11 307.33 8.70
440.1 3611.12 313.63 8.69
441.6 3703.62 322.00 8.69
443.1 3787.76 330.08 8.71
444.7 3873.68 338.25 8.73
446.2 3941.61 341.43 8.66
447.7 4009.71 349.52 8.72
449.2 4084.56 356.40 8.73
450.7 4145.44 364.42 8.79
452.2 4210.01 370.60 8.80
453.7 4291.20 373.99 8.72
455.2 4393.26 381.98 8.69
456.7 4515.28 393.89 8.72
458.2 4654.47 405.42 8.71
459.7 4795.00 418.60 8.73
461.2 4934.06 430.66 8.73
462.7 5054.96 442.85 8.76
464.2 5177.07 453.84 8.77
465.7 5301.12 468.62 8.84
467.2 5404.44 478.56 8.85
468.7 5508.00 490.00 8.90
470.2 5586.81 496.37 8.88
471.7 5702.38 513.95 9.01
473.2 5885.72 541.73 9.20
474.6 6027.25 556.58 9.23
476.1 6074.86 554.59 9.13
477.6 6093.70 548.49 9.00
479.1 6122.60 548.30 8.96
480.6 6163.05 556.03 9.02
482.1 6243.66 561.89 9.00
483.6 6332.42 570.21 9.00
485.1 6458.38 582.43 9.02
486.6 6604.00 597.05 9.04
488.0 6753.50 610.03 9.03
489.5 6913.82 629.20 9.10
491.0 7075.65 639.84 9.04
492.5 7238.97 659.34 9.11
494.0 7404.10 676.56 9.14
495.4 7549.58 692.67 9.17
496.9 7695.36 708.41 9.21
498.4 7836.28 725.41 9.26
499.9 7979.51 739.56 9.27
501.4 8103.78 758.38 9.36
502.8 8223.51 773.52 9.41
504.3 8333.10 788.76 9.47
505.8 8444.88 805.20 9.53
507.2 8514.20 816.60 9.59
508.7 8565.01 828.43 9.67
510.2 8590.79 839.60 9.77
511.6 8618.22 847.87 9.84
513.1 8670.26 861.32 9.93
514.6 8732.77 878.23 10.06
516.0 8783.27 891.61 10.15
517.5 8880.96 906.17 10.20
519.0 8994.65 925.04 10.28
520.5 9112.66 943.66 10.36
521.9 9263.01 964.60 10.41
523.4 9434.43 988.26 10.48
524.8 9608.27 1014.72 10.56
526.3 9802.81 1043.94 10.65
527.8 10000.35 1071.60 10.72
529.2 10181.33 1101.34 10.82
530.7 10383.39 1129.55 10.88
532.1 10567.68 1160.09 10.98
533.6 10773.42 1190.91 11.05
535.0 10980.59 1224.53 11.15
536.5 11186.70 1256.34 11.23
538.0 11401.56 1288.37 11.30
539.4 11601.83 1322.69 11.40
540.9 11838.18 1366.29 11.54
542.3 12056.36 1404.96 11.65
543.8 12205.88 1436.46 11.77
545.2 12241.58 1453.47 11.87
546.6 12248.30 1466.06 11.97
548.1 12260.70 1478.53 12.06
549.5 12261.13 1492.38 12.17
551.0 12260.01 1505.71 12.28
552.4 12274.54 1523.97 12.42
553.9 12279.40 1539.76 12.54
555.3 12300.80 1557.04 12.66
556.8 12360.66 1582.98 12.81
558.2 12414.09 1605.83 12.94
559.6 12499.51 1633.66 13.07
561.1 12612.44 1665.95 13.21
562.5 12742.28 1701.86 13.36
564.0 12915.37 1745.72 13.52
565.4 13070.62 1790.76 13.70
566.8 13269.64 1837.84 13.85
568.3 13461.39 1886.37 14.01
569.7 13659.35 1941.09 14.21
571.1 13859.91 1989.85 14.36
572.6 14064.03 2043.47 14.53
574.0 14250.23 2095.17 14.70
575.4 14437.41 2149.88 14.89
576.9 14612.77 2203.05 15.08
578.3 14771.90 2250.46 15.23
579.7 14927.19 2302.80 15.43
581.1 15049.34 2347.21 15.60
582.6 15179.87 2395.45 15.78
584.0 15306.40 2444.36 15.97
585.4 15471.50 2503.11 16.18
586.8 15703.41 2573.66 16.39
588.3 15959.97 2650.75 16.61
589.7 16164.72 2718.61 16.82
591.1 16308.26 2772.23 17.00
592.5 16380.50 2814.55 17.18
594.0 16416.90 2849.15 17.35
595.4 16426.30 2880.65 17.54
596.8 16438.21 2912.91 17.72
598.2 16446.40 2941.34 17.88
599.6 16446.15 2975.00 18.09
601.0 16488.64 3013.27 18.27
602.4 16524.83 3049.01 18.45
603.9 16595.00 3094.85 18.65
605.3 16677.56 3142.15 18.84
606.7 16748.10 3186.00 19.02
608.1 16880.08 3241.77 19.20
609.5 17023.96 3303.41 19.40
610.9 17200.20 3369.71 19.59
612.3 17363.60 3440.18 19.81
613.7 17583.26 3522.39 20.03
615.1 17730.09 3596.72 20.29
616.5 17885.32 3674.81 20.55
617.9 18120.27 3771.96 20.82
619.3 18343.55 3860.35 21.04
620.7 18613.68 3964.18 21.30
622.1 18877.69 4113.03 21.79
623.5 19168.37 4304.67 22.46
624.9 19495.88 4515.84 23.16
626.3 19705.80 4689.22 23.80
627.7 19502.63 4724.25 24.22
629.1 19316.59 4726.16 24.47
630.5 19234.56 4741.42 24.65
631.9 19243.16 4772.97 24.80
633.3 19227.78 4797.09 24.95
634.7 19307.14 4834.77 25.04
636.1 19335.07 4884.35 25.26
637.5 19378.14 4930.79 25.45
638.9 19457.31 4979.02 25.59
640.2 19514.53 4988.35 25.56
641.6 19531.98 4949.57 25.34
643.0 19504.65 4884.63 25.04
644.4 19507.28 4834.07 24.78
645.8 19449.04 4823.68 24.80
647.2 19526.59 4872.82 24.95
648.5 19579.91 4913.95 25.10
649.9 19492.88 4919.93 25.24
651.3 19428.45 4922.52 25.34
652.7 19344.30 4925.58 25.46
654.1 19217.52 4945.58 25.73
655.5 19076.42 4954.37 25.97
656.8 18936.77 4947.84 26.13
658.2 19052.33 4997.55 26.23
659.6 19274.42 5060.19 26.25
660.9 19463.87 5110.62 26.26
662.3 19650.11 5148.34 26.20
663.7 19826.10 5187.00 26.16
665.0 19986.79 5225.41 26.14
666.4 20146.14 5260.38 26.11
667.8 20346.56 5317.93 26.14
669.1 20529.76 5380.80 26.21
670.5 20738.52 5460.42 26.33
671.9 20872.26 5539.01 26.54
673.2 21059.41 5639.70 26.78
674.6 21230.21 5754.41 27.10
676.0 21420.32 5883.41 27.47
677.3 21614.12 6033.18 27.91
678.7 21817.38 6203.30 28.43
680.0 22089.50 6399.31 28.97
681.4 22373.47 6609.48 29.54
682.8 22657.86 6832.28 30.15
684.1 22942.53 7058.38 30.77
685.5 23200.94 7285.82 31.40
686.8 23448.72 7511.36 32.03
688.2 23672.40 7726.72 32.64
689.5 23749.65 7890.86 33.23
690.9 23825.77 8041.93 33.75
692.2 23869.28 8188.05 34.30
693.6 23926.69 8315.46 34.75
694.9 23920.11 8418.83 35.20
696.2 23942.14 8538.75 35.66
697.6 23961.85 8655.21 36.12
698.9 23992.32 8769.02 36.55
700.3 24038.01 8873.48 36.91
701.6 24084.68 8982.03 37.29
703.0 24137.54 9077.91 37.61
704.3 24141.49 9175.37 38.01
705.6 24144.66 9253.31 38.32
707.0 24151.61 9332.12 38.64
708.3 24094.31 9399.88 39.01
709.6 24038.25 9455.29 39.33
711.0 23936.43 9501.74 39.70
712.3 23827.16 9541.93 40.05
713.6 23789.01 9600.28 40.36
714.9 23716.29 9644.12 40.66
716.3 23686.39 9714.16 41.01
717.6 23672.15 9790.33 41.36
718.9 23614.96 9841.27 41.67
720.2 23494.56 9878.82 42.05
721.6 23399.74 9914.84 42.37
722.9 23270.63 9924.66 42.65
724.2 23091.17 9922.08 42.97
725.5 22957.02 9923.91 43.23
726.8 22832.78 9938.68 43.53
728.1 22750.67 9978.12 43.86
729.5 22685.44 10001.01 44.09
730.8 22628.18 10032.94 44.34
732.1 22547.20 10062.23 44.63
733.4 22493.78 10093.96 44.87
734.7 22430.29 10131.45 45.17
736.0 22412.65 10178.70 45.41
737.3 22354.35 10222.94 45.73
738.6 22392.88 10301.95 46.01
739.9 22486.41 10394.67 46.23
741.2 22557.99 10493.57 46.52
742.5 22690.46 10622.67 46.82
743.8 22954.18 10795.79 47.03
745.1 23356.68 11038.10 47.26
746.4 23838.13 11339.24 47.57
747.7 24340.83 11665.36 47.93
749.0 24845.90 11980.50 48.22
750.3 25109.11 12207.77 48.62
751.6 25056.94 12260.07 48.93
752.9 24812.33 12207.44 49.20
754.2 24511.78 12116.41 49.43
755.4 24190.11 12030.37 49.73
756.7 24095.29 12033.03 49.94
758.0 24119.44 12099.18 50.16
759.3 24282.67 12234.05 50.38
760.6 24509.10 12398.85 50.59
761.9 24709.31 12552.30 50.80
763.1 24854.26 12676.10 51.00
764.4 25021.13 12813.20 51.21
765.7 25148.50 12937.60 51.44
767.0 25255.87 13053.46 51.68
768.2 25351.20 13163.14 51.92
769.5 25424.49 13260.58 52.16
770.8 25570.26 13391.61 52.37
772.0 25587.81 13465.33 52.62
773.3 25669.17 13557.71 52.82
774.6 25760.75 13655.09 53.01
775.8 25826.13 13759.23 53.28
777.1 25851.30 13831.21 53.50
778.4 25836.83 13879.68 53.72
779.6 25861.37 13946.00 53.93
780.9 25820.00 13973.60 54.12
782.1 25728.02 13984.97 54.36
783.4 25750.40 14039.17 54.52
784.6 25767.74 14105.17 54.74
785.9 25975.04 14261.30 54.90
787.1 26352.59 14514.16 55.08
788.4 26662.70 14749.98 55.32
789.6 26677.46 14855.25 55.68
790.9 26422.83 14808.10 56.04
792.1 26144.60 14707.34 56.25
793.4 25865.12 14599.87 56.45
794.6 25676.57 14553.90 56.68
795.8 25513.36 14516.82 56.90
797.1 25350.08 14463.41 57.05
798.3 25228.50 14439.23 57.23
799.5 25169.97 14454.81 57.43
800.8 25099.23 14454.19 57.59
802.0 25011.42 14467.62 57.84
803.2 24918.76 14464.00 58.04
804.5 24860.18 14474.71 58.22
805.7 24781.04 14475.62 58.41
806.9 24699.71 14472.76 58.59
808.1 24647.73 14478.79 58.74
809.4 24609.13 14494.59 58.90
810.6 24558.63 14503.58 59.06
811.8 24538.32 14529.58 59.21
813.0 24560.28 14561.54 59.29
814.2 24583.06 14597.15 59.38
815.4 24644.79 14671.13 59.53
816.6 24675.27 14735.52 59.72
817.9 24704.84 14791.11 59.87
819.1 24672.89 14794.74 59.96
820.3 24583.02 14784.56 60.14
821.5 24511.70 14765.17 60.24
822.7 24474.49 14772.28 60.36
823.9 24466.74 14787.16 60.44
825.1 24483.13 14803.75 60.47
826.3 24493.16 14815.82 60.49
827.5 24511.03 14836.67 60.53
828.7 24560.16 14851.92 60.47
829.9 24556.61 14868.86 60.55
831.0 24631.50 14895.15 60.47
832.2 24684.15 14926.98 60.47
833.4 24732.69 14951.27 60.45
834.6 24771.09 14981.25 60.48
835.8 24806.25 15010.38 60.51
837.0 24848.21 15055.77 60.59
838.1 24942.61 15123.10 60.63
839.3 24987.97 15157.39 60.66
840.5 25056.73 15219.90 60.74
841.7 25139.84 15270.71 60.74
842.9 25202.72 15335.18 60.85
844.0 25272.39 15403.14 60.95
845.2 25356.92 15475.98 61.03
846.4 25406.55 15536.20 61.15
847.5 25535.27 15627.78 61.20
848.7 25649.51 15715.52 61.27
849.9 25759.43 15819.36 61.41
851.0 25787.85 15866.31 61.53
852.2 25836.49 15914.78 61.60
853.3 25835.02 15944.92 61.72
854.5 25803.13 15960.28 61.85
855.6 25784.28 15977.09 61.96
856.8 25811.14 15993.55 61.96
857.9 25796.36 16000.92 62.03
859.1 25866.40 16056.76 62.08
860.2 25870.46 16073.03 62.13
861.4 25883.89 16107.23 62.23
862.5 25913.95 16143.75 62.30
863.7 25967.63 16201.34 62.39
864.8 25978.23 16211.37 62.40
865.9 25934.02 16202.10 62.47
867.1 25972.57 16232.68 62.50
868.2 25960.64 16238.26 62.55
869.3 25983.57 16261.78 62.58
870.5 25945.69 16259.06 62.67
871.6 25952.82 16258.25 62.65
872.7 25988.86 16274.81 62.62
873.9 26010.48 16302.45 62.68
875.0 25998.57 16281.26 62.62
876.1 25976.68 16286.17 62.70
877.2 25992.15 16282.20 62.64
878.3 25997.76 16282.05 62.63
879.4 26016.59 16296.69 62.64
880.5 26032.32 16296.70 62.60
881.7 26038.68 16291.60 62.57
882.8 26051.76 16306.47 62.59
883.9 26088.59 16320.48 62.56
885.0 26049.66 16302.33 62.58
886.1 26068.54 16289.82 62.49
887.2 25979.14 16221.47 62.44
888.3 25929.87 16191.90 62.44
889.4 25867.81 16121.72 62.32
890.5 25830.84 16081.13 62.26
891.6 25777.28 16042.01 62.23
892.7 25812.52 16021.31 62.07
893.8 25792.32 16011.40 62.08
894.9 25833.34 15995.76 61.92
896.0 25797.95 15968.85 61.90
897.0 25823.30 15964.84 61.82
898.1 25837.83 15955.93 61.75
899.2 25853.12 15928.44 61.61
900.3 25827.20 15884.12 61.50
901.4 25755.93 15830.66 61.46
902.4 25796.28 15820.58 61.33
903.5 25760.57 15765.34 61.20
904.6 25773.48 15753.38 61.12
905.7 25786.56 15730.04 61.00
906.7 25778.44 15689.63 60.86
907.8 25791.16 15683.89 60.81
908.9 25756.23 15606.31 60.59
909.9 25738.83 15594.62 60.59
911.0 25715.27 15531.16 60.40
912.1 25708.69 15486.19 60.24
913.1 25683.06 15416.75 60.03
914.2 25568.28 15320.12 59.92
915.2 25594.38 15288.70 59.73
916.3 25582.28 15223.74 59.51
917.3 25579.53 15178.00 59.34
918.4 25529.08 15079.35 59.07
919.4 25526.52 15004.39 58.78
920.5 25540.93 14920.65 58.42
921.5 25532.64 14875.27 58.26
922.6 25509.72 14760.25 57.86
923.6 25552.64 14703.68 57.54
924.7 25558.13 14635.05 57.26
925.7 25559.01 14521.99 56.82
926.7 25571.07 14436.52 56.46
927.8 25622.74 14367.35 56.07
928.8 25737.00 14307.53 55.59
929.9 25798.01 14237.52 55.19
930.9 25912.02 14164.55 54.66
931.9 26063.45 14120.39 54.18
932.9 26272.00 14086.96 53.62
934.0 26311.65 13988.35 53.16
935.0 26328.00 13872.72 52.69
936.0 26313.67 13742.57 52.23
937.0 26305.79 13600.74 51.70
938.1 26273.03 13438.13 51.15
939.1 26282.27 13322.60 50.69
940.1 26307.38 13222.89 50.26
941.1 26474.98 13143.99 49.65
942.1 26613.43 13109.88 49.26
943.1 26709.35 13012.25 48.72
944.1 26891.46 12934.65 48.10
945.2 26931.87 12809.08 47.56
946.2 27005.05 12707.02 47.05
947.2 27050.94 12588.55 46.54
948.2 27161.01 12485.22 45.97
949.2 27258.97 12362.19 45.35
950.2 27257.00 12192.59 44.73
951.2 27381.90 12058.03 44.04
952.2 27427.92 11932.89 43.51
953.2 27549.11 11847.75 43.01
954.2 27670.16 11719.31 42.35
955.2 27683.23 11586.40 41.85
956.2 27678.04 11475.12 41.46
957.2 27683.31 11373.47 41.08
958.2 27771.67 11314.14 40.74
959.2 27855.45 11255.40 40.41
960.1 27895.78 11185.54 40.10
961.1 27947.74 11140.80 39.86
962.1 27921.09 11118.56 39.82
963.1 28038.72 11116.98 39.65
964.1 28081.62 11083.23 39.47
965.1 28159.91 11075.98 39.33
966.1 28230.04 11087.42 39.28
967.0 28291.66 11081.99 39.17
968.0 28354.15 11071.42 39.05
969.0 28355.00 11093.76 39.12
970.0 28440.42 11062.74 38.90
971.0 28447.07 11087.18 38.97
971.9 28529.94 11104.95 38.92
972.9 28619.85 11138.14 38.92
973.9 28640.46 11204.57 39.12
974.9 28629.25 11214.69 39.17
975.8 28737.28 11284.88 39.27
976.8 28722.61 11315.06 39.39
977.8 28846.97 11424.10 39.60
978.8 28789.28 11406.75 39.62
979.7 28914.30 11551.05 39.95
980.7 28909.16 11619.33 40.19
981.7 29108.19 11721.53 40.27
982.6 29310.11 11906.48 40.62
983.6 29612.62 12016.56 40.58
984.6 29886.86 12184.18 40.77
985.5 30220.02 12390.55 41.00
986.5 30590.42 12742.05 41.65
987.5 31346.01 12978.35 41.40
988.4 31956.65 13486.88 42.20
989.4 32957.10 13682.19 41.52
990.4 33646.09 14275.87 42.43
991.3 34254.92 14997.18 43.78
992.3 35605.12 14985.45 42.09
993.2 35791.00 15707.65 43.89
994.2 37066.33 16294.01 43.96
995.2 37769.29 16562.53 43.85
996.1 38356.88 16748.66 43.67
997.1 37945.80 17067.47 44.98
998.0 38542.50 17061.48 44.27
999.0 38301.25 16910.36 44.15
1000.0 38064.02 17175.69 45.12
1000.9 38955.51 17234.86 44.24
1001.9 38313.61 17028.27 44.44
1002.8 38469.11 17478.36 45.43
1003.8 38840.71 18067.48 46.52
1004.8 39018.78 17159.14 43.98
961.5 34418.44 9958.14 28.93
965.5 34203.70 9894.34 28.93
969.5 33124.73 9731.20 29.38
973.4 31599.68 9556.54 30.24
977.4 30418.99 9539.16 31.36
981.4 29806.10 9699.42 32.54
985.3 29606.90 9925.78 33.53
989.3 29665.19 10144.47 34.20
993.3 29713.32 10326.20 34.75
997.2 29668.74 10492.43 35.37
1001.2 29627.00 10645.05 35.93
1005.2 29568.23 10815.71 36.58
1009.1 29600.49 11078.92 37.43
1013.1 29702.49 11381.05 38.32
1017.1 29789.49 11671.84 39.18
1021.0 29789.99 11931.70 40.05
1025.0 29760.59 12224.28 41.08
1029.0 29636.30 12492.41 42.15
1032.9 29533.53 12712.05 43.04
1036.9 29509.70 12977.57 43.98
1040.9 29556.91 13278.38 44.92
1044.8 29679.34 13583.68 45.77
1048.8 29786.37 13856.75 46.52
1052.7 29868.84 14063.87 47.09
1056.7 29898.31 14226.00 47.58
1060.7 29913.73 14350.16 47.97
1064.6 29918.21 14448.37 48.29
1068.6 29859.11 14476.73 48.48
1072.5 29814.52 14441.55 48.44
1076.5 29798.83 14389.13 48.29
1080.4 29797.49 14306.08 48.01
1084.4 29858.05 14229.89 47.66
1088.3 29928.60 14114.49 47.16
1092.3 29919.24 13926.91 46.55
1096.2 29930.07 13685.53 45.73
1100.2 29956.02 13465.94 44.95
1104.1 29873.92 13215.43 44.24
1108.1 29858.25 12966.74 43.43
1112.0 29809.22 12695.85 42.59
1116.0 29674.06 12398.56 41.78
1119.9 29580.84 12068.08 40.80
1123.9 29636.88 11677.01 39.40
1127.8 29621.76 11124.48 37.56
1131.8 29615.13 10466.07 35.34
1135.7 29658.37 9731.71 32.81
1139.6 29649.41 8965.72 30.24
1143.6 29635.32 8285.83 27.96
1147.5 29635.02 7737.56 26.11
1151.4 29535.85 7299.54 24.71
1155.4 29547.88 7037.31 23.82
1159.3 29582.50 6872.04 23.23
1163.2 29498.44 6730.92 22.82
1167.2 29505.90 6655.20 22.56
1171.1 29517.01 6594.79 22.34
1175.0 29484.53 6533.56 22.16
1179.0 29486.15 6476.89 21.97
1182.9 29537.81 6459.11 21.87
1186.8 29538.86 6422.86 21.74
1190.7 29410.97 6352.83 21.60
1194.7 29255.48 6289.89 21.50
1198.6 29133.72 6243.93 21.43
1202.5 29044.69 6234.47 21.47
1206.4 28972.03 6233.09 21.51
1210.3 28920.11 6233.72 21.55
1214.2 28863.76 6247.64 21.65
1218.2 28763.18 6256.76 21.75
1222.1 28692.28 6268.35 21.85
1226.0 28656.56 6310.06 22.02
1229.9 28600.92 6347.28 22.19
1233.8 28545.33 6359.06 22.28
1237.7 28520.81 6384.93 22.39
1241.6 28465.46 6412.05 22.53
1245.5 28370.21 6410.56 22.60
1249.4 28299.76 6421.28 22.69
1253.3 28232.22 6436.79 22.80
1257.2 28191.00 6433.40 22.82
1261.1 28130.65 6415.20 22.81
1265.0 28057.45 6399.47 22.81
1268.9 27949.80 6357.70 22.75
1272.8 27989.85 6332.70 22.62
1276.7 28109.94 6332.35 22.53
1280.6 28175.48 6296.75 22.35
1284.5 28132.96 6209.68 22.07
1288.4 28112.11 6137.09 21.83
1292.3 28036.25 6033.50 21.52
1296.2 27954.20 5911.09 21.15
1300.1 27848.52 5773.77 20.73
1303.9 27706.57 5600.52 20.21
1307.8 27559.31 5419.36 19.66
1311.7 27397.23 5236.41 19.11
1315.6 27238.78 5056.39 18.56
1319.5 27066.08 4866.04 17.98
1323.3 26913.00 4677.78 17.38
1327.2 26776.06 4493.90 16.78
1331.1 26621.95 4318.14 16.22
1335.0 26429.02 4153.10 15.71
1338.8 26290.11 4010.60 15.26
1342.7 26169.42 3869.71 14.79
1346.5 25929.13 3723.07 14.36
1350.4 25728.90 3600.81 14.00
1354.3 25457.85 3480.28 13.67
1358.1 25158.95 3359.10 13.35
1362.0 24980.59 3251.25 13.02
1365.8 24927.82 3166.28 12.70
1369.7 24996.19 3071.96 12.29
1373.5 24961.93 2937.74 11.77
1377.4 24802.90 2782.02 11.22
1381.2 24660.90 2608.27 10.58
1385.1 24643.85 2430.11 9.86
1389.0 24592.75 2255.87 9.17
1392.8 24461.78 2078.90 8.50
1396.6 24365.22 1921.13 7.88
1400.5 24231.60 1790.24 7.39
1404.3 24125.27 1688.35 7.00
1408.2 24097.32 1612.18 6.69
1412.0 24070.61 1546.24 6.42
1415.8 24101.54 1496.65 6.21
1419.6 24084.23 1455.71 6.04
1423.5 24070.46 1429.49 5.94
1427.3 24053.34 1405.14 5.84
1431.1 24042.83 1383.38 5.75
1434.9 23983.10 1375.17 5.73
1438.8 23944.05 1370.48 5.72
1442.6 23927.04 1361.72 5.69
1446.4 23856.75 1346.12 5.64
1450.2 23800.39 1342.03 5.64
1454.0 23730.24 1333.80 5.62
1457.8 23714.21 1327.43 5.60
1461.6 23699.02 1332.05 5.62
1465.4 23623.88 1332.05 5.64
1469.2 23507.58 1339.98 5.70
1473.0 23416.67 1345.71 5.75
1476.8 23385.95 1366.80 5.84
1480.7 23341.52 1392.47 5.97
1484.4 23269.68 1399.92 6.02
1488.2 23205.84 1431.84 6.17
1492.0 23119.76 1473.55 6.37
1495.8 23050.30 1494.68 6.48
1499.6 22974.60 1508.70 6.57
1503.4 22886.86 1530.67 6.69
1507.2 22817.82 1547.76 6.78
1510.9 22736.47 1546.38 6.80
1514.7 22640.13 1549.31 6.84
1518.5 22563.41 1571.45 6.96
1522.3 22469.97 1575.39 7.01
1526.0 22400.45 1590.51 7.10
1529.8 22366.84 1627.59 7.28
1533.6 22289.14 1637.15 7.35
1537.3 22206.85 1649.49 7.43
1541.1 22117.21 1672.49 7.56
1544.8 22039.20 1692.00 7.68
1548.6 21965.35 1699.63 7.74
1552.4 21895.60 1723.32 7.87
1556.1 21841.83 1737.61 7.96
1559.9 21787.79 1738.04 7.98
1563.6 21716.01 1753.53 8.07
1567.3 21641.45 1775.77 8.21
1571.1 21503.94 1791.00 8.33
1574.8 21413.78 1811.73 8.46
1578.6 21355.88 1829.21 8.57
1582.3 21274.05 1829.97 8.60
1586.0 21183.04 1837.73 8.68
1589.8 21100.62 1845.40 8.75
1593.5 21000.69 1844.74 8.78
1597.2 20929.52 1853.57 8.86
1600.9 20843.62 1855.12 8.90
1604.7 20745.10 1855.12 8.94
1608.4 20669.95 1864.65 9.02
1612.1 20567.28 1874.34 9.11
1615.8 20477.47 1879.09 9.18
1619.5 20422.34 1882.21 9.22
1623.2 20328.29 1882.92 9.26
1626.9 20221.28 1881.89 9.31
1630.6 20112.62 1882.76 9.36
1634.3 20025.88 1886.04 9.42
1638.0 19934.15 1890.22 9.48
1641.7 19830.91 1897.58 9.57
1645.4 19716.98 1888.87 9.58
1649.1 19602.77 1883.37 9.61
1652.8 19509.95 1892.03 9.70
1656.4 19395.62 1877.00 9.68
1660.1 19295.18 1865.98 9.67
1663.8 19185.10 1864.37 9.72
1667.5 19083.74 1855.66 9.72
1671.1 18996.35 1843.10 9.70
1674.8 18876.30 1829.07 9.69
1678.5 18838.56 1820.52 9.66
1682.1 18849.73 1818.96 9.65
1685.8 18859.30 1814.16 9.62
1689.5 18795.30 1800.61 9.58
1693.1 18706.41 1784.61 9.54
1696.8 18615.25 1771.75 9.52
1700.4 18529.58 1753.15 9.46
1704.0 18456.67 1736.59 9.41
1707.7 18296.86 1712.20 9.36
1711.3 18114.51 1672.59 9.23
1715.0 17992.28 1642.62 9.13
1718.6 17886.14 1624.49 9.08
1722.2 17799.94 1603.73 9.01
1725.9 17706.59 1578.10 8.91
1729.5 17604.49 1560.20 8.86
1733.1 17541.49 1544.96 8.81
1736.7 17471.92 1542.56 8.83
1740.3 17366.15 1518.43 8.74
1744.0 17315.89 1495.10 8.63
1747.5 17227.16 1482.42 8.61
1751.2 17088.52 1464.46 8.57
1754.8 16976.43 1445.31 8.51
1758.4 16893.02 1423.25 8.43
1762.0 16789.89 1395.18 8.31
1765.5 16699.11 1388.01 8.31
1769.1 16665.60 1384.80 8.31
1772.7 16620.17 1377.55 8.29
1776.3 16550.18 1361.72 8.23
1779.9 16477.44 1338.79 8.13
1783.5 16434.96 1334.24 8.12
1787.0 16345.96 1321.97 8.09
1790.6 16243.66 1305.72 8.04
1794.2 16171.99 1302.48 8.05
1797.8 16109.35 1295.83 8.04
1801.3 16053.66 1287.62 8.02
1804.9 15954.75 1281.00 8.03
1808.4 15901.90 1281.12 8.06
1812.0 15801.30 1270.62 8.04
1815.5 15695.88 1262.12 8.04
1819.1 15574.16 1250.48 8.03
1822.6 15471.85 1235.21 7.98
1826.2 15387.58 1233.12 8.01
1829.7 15274.18 1224.82 8.02
1833.2 15120.13 1207.02 7.98
1836.8 14969.50 1184.82 7.91
1840.3 14877.77 1166.18 7.84
1843.8 14800.45 1155.91 7.81
1847.3 14738.02 1129.74 7.67
1850.8 14668.42 1092.67 7.45
1854.3 14577.15 1072.38 7.36
1857.8 14534.00 1045.20 7.19
1861.3 14522.25 1022.02 7.04
1864.8 14459.04 997.41 6.90
1868.3 14308.06 976.89 6.83
1871.8 14215.68 936.96 6.59
1875.3 14201.46 897.26 6.32
1878.8 14176.42 873.94 6.16
1882.3 14122.90 814.63 5.77
1885.8 14014.10 754.91 5.39
1889.3 13904.45 725.67 5.22
1892.7 13776.82 708.32 5.14
1896.2 13660.15 694.58 5.08
1899.7 13554.20 644.40 4.75
1903.1 13466.38 620.93 4.61
1906.6 13511.57 641.88 4.75
1910.0 13676.29 667.14 4.88
1913.5 13920.50 723.87 5.20
1917.0 14289.98 996.98 6.98
1920.4 14838.23 1155.63 7.79
1923.8 14900.33 1083.66 7.27
1871.2 12934.73 492.21 3.81
1873.9 13036.34 472.49 3.62
1876.7 13080.35 529.21 4.05
1879.5 13184.92 567.50 4.30
1882.3 12973.16 478.15 3.69
1885.1 12955.86 387.90 2.99
1887.8 13054.47 428.83 3.28
1890.6 12965.86 514.58 3.97
1893.4 12899.33 447.33 3.47
1896.2 12776.85 350.71 2.74
1898.9 12763.16 378.98 2.97
1901.7 12667.81 370.34 2.92
1904.5 12785.93 359.72 2.81
1907.2 12706.25 413.25 3.25
1910.0 12637.10 393.42 3.11
1912.7 12646.53 340.28 2.69
1915.5 12573.30 357.52 2.84
1918.2 12524.17 372.15 2.97
1921.0 12429.58 374.78 3.02
1923.7 12476.24 366.85 2.94
1926.5 12456.75 368.00 2.95
1929.2 12429.04 375.18 3.02
1932.0 12425.12 382.36 3.08
1934.7 12406.61 359.57 2.90
1937.4 12332.23 359.79 2.92
1940.2 12287.19 411.83 3.35
1942.9 12341.39 395.85 3.21
1945.6 12357.84 377.50 3.05
1948.3 12310.10 367.02 2.98
1951.1 12286.82 364.21 2.96
1953.8 12285.00 381.00 3.10
1956.5 12213.61 383.36 3.14
1959.2 12244.05 361.79 2.95
1961.9 12277.60 372.50 3.03
1964.6 12227.25 380.80 3.11
1967.3 12243.43 358.97 2.93
1970.0 12130.08 367.04 3.03
1972.8 12063.78 382.42 3.17
1975.5 12116.40 389.25 3.21
1978.2 12077.12 385.44 3.19
1980.9 11995.23 390.61 3.26
1983.5 11947.43 401.35 3.36
1986.2 11960.10 366.66 3.07
1988.9 11951.37 378.30 3.17
1991.6 11858.95 391.05 3.30
1994.3 11764.18 392.81 3.34
1997.0 11766.88 409.43 3.48
1999.7 11773.83 379.06 3.22
2002.3 11759.81 356.71 3.03
2005.0 11690.77 391.23 3.35
2007.7 11638.67 401.33 3.45
2010.4 11594.16 399.70 3.45
2013.0 11562.08 421.06 3.64
2015.7 11497.38 392.15 3.41
2018.4 11428.93 394.30 3.45
2021.0 11415.50 405.17 3.55
2023.7 11337.76 392.91 3.47
2026.4 11289.20 388.70 3.44
2029.0 11241.04 399.26 3.55
2031.7 11159.63 399.97 3.58
2034.3 11170.90 408.42 3.66
2037.0 11088.29 399.73 3.60
2039.6 11036.71 393.87 3.57
2042.3 11025.52 384.74 3.49
2044.9 10984.38 401.12 3.65
2047.5 10945.11 417.95 3.82
2050.2 10866.80 397.60 3.66
2052.8 10875.20 400.40 3.68
2055.4 10794.82 423.05 3.92
2058.1 10693.20 403.20 3.77
2060.7 10690.88 388.51 3.63
2063.3 10636.71 404.07 3.80
2065.9 10588.79 390.83 3.69
2068.6 10527.38 402.00 3.82
2071.2 10509.93 396.18 3.77
2073.8 10479.76 408.56 3.90
2076.4 10429.57 418.19 4.01
2079.0 10413.86 410.26 3.94
2081.6 10426.21 402.31 3.86
2084.2 10409.13 406.32 3.90
2086.8 10317.76 432.74 4.19
2089.4 10237.53 399.97 3.91
2092.1 10185.83 399.50 3.92
2094.7 10161.53 398.33 3.92
2097.2 10134.83 408.00 4.03
2099.8 10154.06 438.39 4.32
2102.4 10079.62 420.81 4.17
2105.0 9975.00 401.85 4.03
2107.6 9943.53 421.55 4.24
2110.2 9903.21 443.30 4.48
2112.8 9887.09 423.77 4.29
2115.3 9921.47 430.11 4.34
2117.9 9932.41 452.66 4.56
2120.5 9899.34 446.00 4.51
2123.1 9860.18 421.20 4.27
2125.6 9830.42 421.68 4.29
2128.2 9760.43 421.44 4.32
2130.8 9696.38 421.20 4.34
2133.3 9680.00 431.20 4.45
2135.9 9631.02 408.89 4.25
2138.4 9558.99 430.21 4.50
2141.0 9487.88 452.50 4.77
2143.6 9445.83 416.30 4.41
2146.1 9343.90 405.49 4.34
2148.7 9250.50 422.88 4.57
2151.2 9289.87 407.73 4.39
2153.8 9283.27 415.01 4.47
2156.3 9196.68 422.33 4.59
2158.8 9167.15 398.70 4.35
2161.4 9136.89 415.72 4.55
2163.9 9080.87 418.66 4.61
2166.4 9038.53 416.89 4.61
2169.0 9026.70 419.85 4.65
2171.5 8964.61 410.98 4.58
2174.0 8877.40 392.70 4.42
2176.5 8859.37 406.64 4.59
2179.1 8821.17 421.63 4.78
2181.6 8799.54 398.46 4.53
2184.1 8784.16 412.72 4.70
2186.6 8784.20 420.54 4.79
2189.1 8744.04 391.62 4.48
2191.6 8708.93 382.20 4.39
2194.1 8706.09 395.28 4.54
2196.6 8712.45 407.60 4.68
2199.2 8755.72 408.14 4.66
2201.7 8703.45 408.31 4.69
2204.1 8678.72 403.15 4.65
2206.6 8675.98 417.76 4.82
2209.1 8675.22 401.21 4.62
2211.6 8663.97 403.51 4.66
2214.1 8610.78 406.78 4.72
2216.6 8633.61 406.42 4.71
2219.1 8660.20 398.83 4.61
2221.6 8580.23 380.67 4.44
2224.0 8522.97 403.86 4.74
2226.5 8511.79 388.11 4.56
2229.0 8530.74 407.31 4.77
2231.5 8441.32 413.64 4.90
2233.9 8443.24 369.44 4.38
2236.4 8476.56 378.28 4.46
2238.9 8385.50 368.13 4.39
2241.3 8391.31 388.67 4.63
2243.8 8383.54 396.44 4.73
2246.2 8253.42 395.42 4.79
2248.7 8237.84 381.81 4.63
2251.2 8236.26 372.80 4.53
2253.6 8194.56 368.64 4.50
2256.1 8190.72 349.44 4.27
2258.5 8190.43 399.53 4.88
2260.9 8134.04 368.16 4.53
2263.4 8110.40 341.61 4.21
2265.8 8131.85 396.21 4.87
2268.3 8069.96 377.14 4.67
2270.7 8098.88 330.10 4.08
2273.1 8065.01 345.15 4.28
2275.6 8029.44 334.08 4.16
2278.0 8032.57 319.00 3.97
2280.4 8050.71 365.59 4.54
2282.8 7960.15 363.94 4.57
2285.3 7901.09 314.96 3.99
2287.7 7985.73 324.12 4.06
2290.1 7946.20 332.08 4.18
2292.5 7920.79 313.50 3.96
2294.9 7927.04 343.80 4.34
2297.3 7846.72 340.13 4.33
2299.7 7809.80 315.87 4.04
2302.1 7774.17 310.34 3.99
2304.5 7698.88 317.52 4.12
2306.9 7651.84 301.84 3.94
2309.3 7605.49 282.12 3.71
2311.7 7551.70 298.30 3.95
2314.1 7431.64 271.75 3.66
2316.5 7403.26 311.26 4.20
2318.9 7422.16 307.45 4.14
2321.3 7384.55 265.43 3.59
2323.7 7411.63 347.42 4.69
2326.1 7407.14 358.67 4.84
2328.4 7416.57 305.13 4.11
2330.8 7456.07 323.11 4.33
2333.2 7380.05 288.28 3.91
2335.6 7348.45 269.86 3.67
2337.9 7374.28 313.00 4.24
2340.3 7351.28 323.27 4.40
2342.7 7303.86 300.45 4.11
2345.0 7304.27 301.51 4.13
2347.4 7310.00 318.75 4.36
2349.7 7167.86 299.02 4.17
2352.1 7105.77 321.63 4.53
2354.4 7122.34 300.88 4.22
2356.8 7109.55 271.95 3.83
2359.2 7054.67 316.33 4.48
2361.5 7016.24 305.43 4.35
2363.8 7061.80 272.28 3.86
2366.2 7030.44 255.97 3.64
2368.5 6995.40 244.75 3.50
2370.9 6987.35 254.98 3.65
2373.2 6974.33 274.30 3.93
2375.5 6914.20 276.03 3.99
2377.9 6855.73 273.50 3.99
2380.2 6895.41 279.48 4.05
2382.5 6832.77 275.70 4.03
2384.8 6779.04 232.00 3.42
2387.2 6826.21 276.61 4.05
2389.5 6803.92 264.41 3.89
2391.8 6773.50 180.63 2.67
2394.1 6708.07 225.52 3.36
2396.4 6696.25 266.11 3.97
2398.7 6727.77 258.20 3.84
2401.0 6675.75 197.80 2.96
2403.3 6633.36 219.12 3.30
2405.6 6587.80 239.92 3.64
2407.9 6548.07 215.43 3.29
2410.2 6522.35 285.76 4.38
2412.5 6494.37 228.68 3.52
2414.8 6495.78 200.27 3.08
2417.1 6477.89 211.63 3.27
2419.4 6418.72 187.56 2.92
2421.7 6381.59 268.09 4.20
2424.0 6340.00 253.60 4.00
2426.2 6377.20 197.95 3.10
2428.5 6376.43 227.15 3.56
2430.8 6305.65 207.10 3.28
2433.1 6272.91 221.27 3.53
2435.4 6216.05 268.56 4.32
2437.6 6193.67 240.59 3.88
2439.9 6131.58 196.53 3.21
2442.2 6143.40 187.72 3.06
2444.4 6156.85 223.99 3.64
2446.7 6096.96 204.40 3.35
2448.9 6140.77 195.42 3.18
2451.2 6097.08 196.68 3.23
2453.4 6044.75 204.91 3.39
2455.7 6045.18 225.02 3.72
2457.9 5958.48 225.89 3.79
2460.2 5967.72 203.45 3.41
2462.4 5959.20 168.48 2.83
2464.7 5866.75 157.71 2.69
2466.9 5842.20 231.12 3.96
2469.2 5878.87 220.38 3.75
2471.4 5796.90 216.65 3.74
2473.6 5704.14 214.24 3.76
2475.9 5730.24 189.65 3.31
2478.1 5690.78 184.46 3.24
2480.3 5611.10 160.12 2.85
2482.5 5590.00 221.60 3.96
2484.8 5592.32 211.17 3.78
2487.0 5577.22 155.54 2.79
2489.2 5540.68 203.54 3.67
2491.4 5525.52 215.18 3.89
2493.6 5479.00 164.61 3.00
2495.8 5487.41 213.80 3.90
2498.0 5504.43 170.24 3.09
2500.2 5484.68 117.95 2.15
2502.4 5700.96 168.72 2.96
2504.6 5765.46 169.02 2.93
2506.8 5747.58 146.13 2.54
