/*** Spectra Vista SIG Data ***/
name= \My Documents\HR1024_Data\RD2B3.
instrument= HR: 1091052
integration= 200, 60, 30, 500, 60, 30
scan time= 1, 1
scan settings= AD, AI, AD, AI
external data set1= 8224, 8224, 8224, 8224, 8224, 8224, 8224, 8224, 8224, 8224, 8224, 8224, 8224, 8224, 8224, 8224
external data set2= 8224, 8224, 8224, 8224, 8224, 8224, 8224, 8224, 8224, 8224, 8224, 8224, 8224, 8224, 8224, 8224
external data dark= 0,0,0,0,0,0,0,0
external data mask= 0
optic= LENS4 , LENS4 
temp= 32.26, 8.88, -5.37, 40.48, 8.94, -5.30
battery= 7.0, 6.7
error= 0, 0
units= Radiance, Radiance
time= 1/15/08 9:53:06 AM, 1/15/08 10:18:25 AM
longitude= , 
latitude= , 
gpstime= , 
comm= 
memory slot= 0, 0
factors= 
data= 
346.4 509.60 131.22 25.75
347.9 549.06 126.76 23.09
349.5 608.40 131.04 21.54
351.1 655.20 128.54 19.62
352.6 708.40 134.09 18.93
354.2 752.68 145.30 19.30
355.7 818.30 146.82 17.94
357.3 873.81 149.80 17.14
358.8 891.23 155.18 17.41
360.4 967.31 156.18 16.15
361.9 1009.93 150.44 14.90
363.5 1059.53 159.28 15.03
365.1 1102.67 159.51 14.47
366.6 1156.59 161.58 13.97
368.2 1218.77 165.19 13.55
369.7 1306.00 168.47 12.90
371.3 1379.56 164.63 11.93
372.8 1457.48 168.66 11.57
374.4 1528.58 169.55 11.09
375.9 1575.56 169.47 10.76
377.4 1632.76 171.73 10.52
379.0 1683.54 174.40 10.36
380.5 1741.87 174.80 10.04
382.1 1805.51 170.21 9.43
383.6 1862.60 164.43 8.83
385.2 1949.75 170.50 8.74
386.7 2036.04 171.11 8.40
388.3 2135.96 181.53 8.50
389.8 2212.47 177.88 8.04
391.3 2314.34 182.70 7.89
392.9 2392.65 182.08 7.61
394.4 2474.90 194.67 7.87
395.9 2552.82 209.75 8.22
397.5 2664.75 217.06 8.15
399.0 2774.82 218.77 7.88
400.6 2852.64 201.50 7.06
402.1 2910.24 198.14 6.81
403.6 2965.71 194.68 6.56
405.1 3036.77 197.42 6.50
406.7 3133.76 198.91 6.35
408.2 3234.33 202.26 6.25
409.7 3330.88 208.77 6.27
411.3 3437.91 214.81 6.25
412.8 3528.93 226.57 6.42
414.3 3634.54 236.92 6.52
415.8 3740.00 243.00 6.50
417.4 3868.37 238.83 6.17
418.9 3954.39 249.96 6.32
420.4 4037.85 261.21 6.47
421.9 4106.74 254.58 6.20
423.5 4196.00 254.98 6.08
425.0 4263.51 255.32 5.99
426.5 4364.50 255.42 5.85
428.0 4488.82 257.79 5.74
429.5 4615.58 259.91 5.63
431.1 4756.23 270.13 5.68
432.6 4917.76 272.23 5.54
434.1 5064.68 285.67 5.64
435.6 5199.35 291.02 5.60
437.1 5333.25 300.30 5.63
438.6 5454.84 312.04 5.72
440.1 5584.70 312.44 5.59
441.6 5717.14 326.81 5.72
443.1 5852.25 336.15 5.74
444.7 5982.11 345.24 5.77
446.2 6104.50 354.48 5.81
447.7 6213.60 362.46 5.83
449.2 6315.84 370.66 5.87
450.7 6414.72 371.90 5.80
452.2 6543.45 375.71 5.74
453.7 6682.65 377.72 5.65
455.2 6842.54 382.69 5.59
456.7 7029.44 394.94 5.62
458.2 7231.16 409.61 5.66
459.7 7428.75 418.60 5.63
461.2 7633.63 437.01 5.72
462.7 7815.14 450.36 5.76
464.2 8000.76 458.96 5.74
465.7 8191.53 474.63 5.79
467.2 8352.58 478.94 5.73
468.7 8552.00 495.20 5.79
470.2 8711.17 508.85 5.84
471.7 8854.00 524.40 5.92
473.2 9050.37 525.83 5.81
474.6 9252.88 535.96 5.79
476.1 9378.88 534.24 5.70
477.6 9464.51 541.84 5.72
479.1 9567.20 543.82 5.68
480.6 9658.16 541.55 5.61
482.1 9797.74 542.85 5.54
483.6 9963.22 556.47 5.59
485.1 10140.49 564.31 5.56
486.6 10356.19 577.94 5.58
488.0 10562.50 592.15 5.61
489.5 10784.97 605.30 5.61
491.0 10998.86 630.81 5.74
492.5 11224.98 644.11 5.74
494.0 11462.99 665.77 5.81
495.4 11663.85 681.78 5.85
496.9 11870.36 701.40 5.91
498.4 12074.30 717.62 5.94
499.9 12278.41 741.96 6.04
501.4 12476.75 762.91 6.11
502.8 12664.51 778.48 6.15
504.3 12846.60 798.48 6.22
505.8 13033.73 817.26 6.27
507.2 13172.68 834.33 6.33
508.7 13289.99 848.95 6.39
510.2 13412.81 865.20 6.45
511.6 13494.72 869.36 6.44
513.1 13630.43 871.42 6.39
514.6 13795.53 893.28 6.48
516.0 13946.28 906.22 6.50
517.5 14135.83 923.13 6.53
519.0 14365.19 938.84 6.54
520.5 14579.60 958.42 6.57
521.9 14828.55 973.31 6.56
523.4 15093.49 1002.94 6.64
524.8 15349.14 1026.45 6.69
526.3 15633.70 1056.01 6.75
527.8 15915.89 1079.27 6.78
529.2 16178.21 1105.53 6.83
530.7 16455.24 1133.15 6.89
532.1 16698.15 1155.11 6.92
533.6 16994.07 1182.43 6.96
535.0 17295.55 1212.75 7.01
536.5 17581.25 1235.72 7.03
538.0 17895.84 1269.60 7.09
539.4 18160.64 1297.00 7.14
540.9 18488.86 1333.53 7.21
542.3 18738.28 1358.57 7.25
543.8 18940.29 1385.62 7.32
545.2 19020.35 1391.61 7.32
546.6 19057.19 1405.53 7.38
548.1 19121.11 1409.46 7.37
549.5 19166.91 1420.10 7.41
551.0 19217.70 1426.27 7.42
552.4 19311.21 1441.23 7.46
553.9 19371.38 1451.33 7.49
555.3 19461.20 1467.18 7.54
556.8 19596.88 1488.24 7.59
558.2 19743.75 1508.63 7.64
559.6 19902.71 1523.61 7.66
561.1 20117.50 1558.70 7.75
562.5 20332.52 1592.24 7.83
564.0 20611.34 1640.16 7.96
565.4 20865.50 1681.32 8.06
566.8 21177.73 1735.79 8.20
568.3 21463.05 1783.84 8.31
569.7 21776.78 1838.23 8.44
571.1 22080.65 1897.19 8.59
572.6 22373.82 1953.07 8.73
574.0 22675.95 2016.96 8.89
575.4 22958.44 2075.63 9.04
576.9 23231.09 2144.84 9.23
578.3 23477.03 2207.92 9.40
579.7 23721.74 2284.62 9.63
581.1 23920.49 2346.06 9.81
582.6 24132.47 2424.57 10.05
584.0 24305.80 2495.66 10.27
585.4 24549.94 2590.04 10.55
586.8 24845.17 2686.24 10.81
588.3 25201.80 2789.28 11.07
589.7 25517.70 2894.11 11.34
591.1 25735.55 2975.75 11.56
592.5 25883.00 3062.52 11.83
594.0 25998.42 3133.75 12.05
595.4 26057.54 3210.70 12.32
596.8 26115.38 3280.99 12.56
598.2 26174.55 3354.06 12.81
599.6 26202.06 3427.92 13.08
601.0 26298.70 3504.33 13.33
602.4 26372.18 3594.50 13.63
603.9 26501.77 3679.30 13.88
605.3 26625.41 3761.81 14.13
606.7 26749.80 3847.68 14.38
608.1 26941.18 3947.33 14.65
609.5 27151.69 4044.24 14.89
610.9 27387.74 4153.76 15.17
612.3 27589.20 4257.57 15.43
613.7 27871.80 4368.30 15.67
615.1 28061.64 4471.20 15.93
616.5 28235.16 4574.25 16.20
617.9 28534.12 4700.45 16.47
619.3 28808.15 4833.62 16.78
620.7 29149.14 4990.35 17.12
622.1 29527.66 5144.44 17.42
623.5 29951.83 5318.11 17.76
624.9 30436.35 5517.65 18.13
626.3 30757.12 5726.22 18.62
627.7 30461.43 5821.12 19.11
629.1 30188.34 5862.11 19.42
630.5 30083.03 5906.45 19.63
631.9 30076.12 5959.68 19.82
633.3 30078.24 6015.65 20.00
634.7 30183.54 6074.42 20.12
636.1 30268.81 6083.04 20.10
637.5 30374.19 6076.62 20.01
638.9 30520.15 6008.24 19.69
640.2 30643.60 5887.82 19.21
641.6 30733.56 5793.84 18.85
643.0 30777.50 5736.93 18.64
644.4 30869.16 5706.81 18.49
645.8 30855.38 5682.22 18.42
647.2 31023.20 5676.06 18.30
648.5 31185.15 5693.33 18.26
649.9 31117.13 5694.62 18.30
651.3 31099.80 5708.94 18.36
652.7 31059.00 5733.42 18.46
654.1 30961.56 5618.64 18.15
655.5 30829.51 5452.15 17.68
656.8 30685.81 5289.77 17.24
658.2 30861.69 5201.04 16.85
659.6 31181.89 5137.53 16.48
660.9 31452.29 5054.36 16.07
662.3 31767.46 4961.56 15.62
663.7 32102.70 4872.84 15.18
665.0 32334.98 4783.09 14.79
666.4 32575.38 4707.37 14.45
667.8 32873.84 4656.63 14.17
669.1 33084.01 4606.16 13.92
670.5 33327.47 4574.38 13.73
671.9 33513.12 4554.91 13.59
673.2 33742.50 4573.44 13.55
674.6 33950.66 4603.20 13.56
676.0 34219.05 4669.76 13.65
677.3 34494.18 4764.03 13.81
678.7 34767.13 4896.00 14.08
680.0 35103.31 5099.87 14.53
681.4 35420.13 5370.79 15.16
682.8 35763.00 5727.54 16.02
684.1 36073.44 6192.58 17.17
685.5 36318.59 6743.34 18.57
686.8 36607.26 7413.46 20.25
688.2 36844.31 8170.16 22.17
689.5 36898.97 8988.80 24.36
690.9 36950.15 9864.90 26.70
692.2 37008.15 10782.42 29.14
693.6 37024.93 11719.49 31.65
694.9 37005.38 12642.37 34.16
696.2 37027.13 13590.59 36.70
697.6 37047.86 14509.83 39.17
698.9 37049.76 15413.38 41.60
700.3 37075.62 16277.39 43.90
701.6 37124.24 17080.88 46.01
703.0 37178.40 17833.39 47.97
704.3 37172.20 18516.49 49.81
705.6 37157.22 19140.52 51.51
707.0 37168.46 19734.90 53.10
708.3 37076.04 20268.92 54.67
709.6 36967.81 20730.88 56.08
711.0 36867.73 21151.33 57.37
712.3 36770.31 21537.36 58.57
713.6 36755.88 21924.17 59.65
714.9 36684.64 22272.08 60.71
716.3 36701.44 22639.28 61.68
717.6 36734.04 22986.77 62.58
718.9 36680.73 23256.48 63.40
720.2 36496.25 23456.33 64.27
721.6 36394.28 23635.35 64.94
722.9 36240.12 23774.75 65.60
724.2 36067.30 23861.02 66.16
725.5 35963.70 23972.74 66.66
726.8 35833.96 24053.59 67.13
728.1 35810.80 24170.40 67.49
729.5 35779.10 24271.17 67.84
730.8 35779.13 24379.08 68.14
732.1 35704.25 24449.62 68.48
733.4 35690.92 24519.89 68.70
734.7 35685.89 24591.28 68.91
736.0 35729.66 24696.02 69.12
737.3 35717.44 24769.77 69.35
738.6 35830.21 24918.39 69.55
739.9 36014.88 25105.95 69.71
741.2 36161.58 25285.26 69.92
742.5 36363.94 25515.63 70.17
743.8 36737.66 25877.78 70.44
745.1 37309.08 26408.09 70.78
746.4 37926.98 27017.72 71.24
747.7 38536.99 27635.33 71.71
749.0 39118.92 28204.07 72.10
750.3 39493.02 28547.25 72.28
751.6 39440.80 28543.50 72.37
752.9 39084.79 28330.47 72.48
754.2 38731.25 28073.72 72.48
755.4 38386.91 27823.90 72.48
756.7 38244.09 27761.51 72.59
758.0 38261.36 27841.96 72.77
759.3 38489.95 28096.22 73.00
760.6 38786.44 28376.66 73.16
761.9 39062.28 28662.30 73.38
763.1 39197.21 28848.18 73.60
764.4 39371.54 29047.96 73.78
765.7 39490.75 29209.70 73.97
767.0 39577.16 29361.87 74.19
768.2 39644.64 29484.67 74.37
769.5 39697.68 29590.08 74.54
770.8 39836.32 29754.48 74.69
772.0 39856.44 29819.12 74.82
773.3 39898.95 29914.83 74.98
774.6 39978.84 30038.11 75.14
775.8 40054.79 30109.30 75.17
777.1 40085.96 30150.78 75.22
778.4 40059.57 30141.75 75.24
779.6 39999.54 30169.82 75.43
780.9 39948.00 30156.80 75.49
782.1 39837.20 30105.55 75.57
783.4 39802.88 30131.71 75.70
784.6 39851.08 30194.54 75.77
785.9 40095.40 30452.88 75.95
787.1 40531.58 30864.25 76.15
788.4 40834.19 31183.19 76.37
789.6 40796.10 31138.64 76.33
790.9 40479.11 30882.63 76.29
792.1 40128.24 30601.50 76.26
793.4 39739.41 30311.60 76.28
794.6 39507.48 30100.67 76.19
795.8 39314.07 29936.54 76.15
797.1 39097.95 29777.76 76.16
798.3 38940.83 29673.44 76.20
799.5 38821.14 29607.90 76.27
800.8 38733.05 29549.87 76.29
802.0 38591.76 29463.17 76.35
803.2 38469.72 29392.66 76.40
804.5 38377.94 29338.36 76.45
805.7 38264.87 29267.81 76.49
806.9 38181.95 29189.87 76.45
808.1 38074.65 29135.15 76.52
809.4 38033.33 29094.45 76.50
810.6 37951.55 29045.38 76.53
811.8 37942.61 29042.69 76.54
813.0 37965.80 29073.33 76.58
814.2 37975.49 29140.30 76.73
815.4 38039.93 29227.46 76.83
816.6 38032.65 29255.01 76.92
817.9 38050.16 29299.43 77.00
819.1 37997.24 29267.67 77.03
820.3 37865.18 29193.51 77.10
821.5 37787.61 29119.07 77.06
822.7 37714.41 29081.72 77.11
823.9 37704.87 29074.45 77.11
825.1 37688.07 29068.19 77.13
826.3 37716.38 29079.27 77.10
827.5 37726.06 29085.81 77.10
828.7 37779.60 29085.50 76.99
829.9 37796.29 29081.10 76.94
831.0 37849.02 29101.05 76.89
832.2 37913.75 29138.39 76.85
833.4 37950.44 29163.73 76.85
834.6 37978.13 29212.50 76.92
835.8 38031.53 29266.65 76.95
837.0 38073.26 29327.75 77.03
838.1 38178.69 29438.78 77.11
839.3 38239.24 29496.62 77.14
840.5 38296.24 29593.80 77.28
841.7 38381.58 29706.26 77.40
842.9 38485.06 29842.53 77.54
844.0 38543.94 29931.99 77.66
845.2 38626.85 30062.39 77.83
846.4 38724.98 30189.15 77.96
847.5 38888.12 30363.17 78.08
848.7 39002.30 30496.28 78.19
849.9 39141.74 30605.47 78.19
851.0 39173.78 30679.92 78.32
852.2 39245.07 30715.17 78.27
853.3 39202.67 30725.10 78.38
854.5 39188.19 30742.22 78.45
855.6 39170.88 30745.76 78.49
856.8 39193.80 30783.75 78.54
857.9 39192.81 30763.07 78.49
859.1 39326.60 30848.72 78.44
860.2 39300.24 30852.38 78.50
861.4 39344.78 30920.58 78.59
862.5 39384.29 30946.92 78.58
863.7 39467.66 30986.80 78.51
864.8 39454.45 30999.64 78.57
865.9 39398.65 30971.03 78.61
867.1 39448.45 31010.96 78.61
868.2 39441.53 31013.71 78.63
869.3 39465.67 31002.49 78.56
870.5 39438.89 30956.02 78.49
871.6 39473.54 30963.40 78.44
872.7 39541.37 30999.49 78.40
873.9 39548.50 30998.72 78.38
875.0 39546.05 30969.14 78.31
876.1 39583.15 30960.97 78.22
877.2 39616.79 30972.84 78.18
878.3 39601.98 30939.25 78.13
879.4 39662.11 30947.16 78.03
880.5 39702.60 30953.95 77.96
881.7 39698.10 30930.38 77.91
882.8 39775.46 30920.96 77.74
883.9 39785.32 30913.98 77.70
885.0 39766.55 30812.42 77.48
886.1 39735.85 30729.29 77.33
887.2 39664.66 30582.29 77.10
888.3 39567.00 30462.99 76.99
889.4 39535.02 30357.57 76.79
890.5 39459.91 30264.00 76.70
891.6 39428.33 30156.80 76.49
892.7 39429.01 30120.94 76.39
893.8 39492.50 30100.42 76.22
894.9 39505.51 30045.00 76.05
896.0 39527.49 30006.75 75.91
897.0 39487.40 29972.39 75.90
898.1 39490.45 29961.48 75.87
899.2 39536.22 29921.62 75.68
900.3 39503.73 29841.42 75.54
901.4 39454.09 29749.42 75.40
902.4 39461.49 29735.80 75.35
903.5 39418.10 29640.58 75.20
904.6 39431.18 29593.43 75.05
905.7 39454.64 29560.28 74.92
906.7 39397.52 29498.52 74.87
907.8 39514.80 29500.51 74.66
908.9 39443.33 29393.49 74.52
909.9 39411.21 29326.55 74.41
911.0 39357.50 29242.04 74.30
912.1 39280.99 29131.27 74.16
913.1 39233.48 29003.73 73.93
914.2 39173.92 28904.91 73.79
915.2 39170.79 28835.14 73.61
916.3 39094.50 28775.16 73.60
917.3 39076.47 28707.26 73.46
918.4 39031.30 28551.05 73.15
919.4 39022.48 28471.65 72.96
920.5 39026.74 28366.18 72.68
921.5 39018.63 28277.82 72.47
922.6 38959.72 28142.84 72.24
923.6 39026.05 28057.89 71.90
924.7 39022.50 27993.00 71.74
925.7 39030.84 27892.82 71.46
926.7 39009.32 27837.47 71.36
927.8 39032.57 27741.71 71.07
928.8 39142.62 27679.58 70.71
929.9 39330.10 27615.85 70.22
930.9 39447.46 27602.95 69.97
931.9 39602.61 27558.06 69.59
932.9 39864.58 27676.04 69.43
934.0 39909.81 27531.44 68.98
935.0 39942.68 27420.23 68.65
936.0 39929.50 27286.14 68.34
937.0 39883.94 27087.29 67.92
938.1 39848.52 26957.48 67.65
939.1 39753.89 26818.25 67.46
940.1 39867.76 26717.71 67.02
941.1 39995.43 26725.95 66.82
942.1 40229.45 26749.65 66.49
943.1 40393.76 26694.13 66.08
944.1 40552.56 26697.31 65.83
945.2 40570.32 26592.05 65.55
946.2 40685.67 26501.09 65.14
947.2 40740.25 26348.75 64.67
948.2 40874.09 26259.49 64.24
949.2 40954.06 26160.88 63.88
950.2 41026.00 26048.70 63.49
951.2 41012.16 25858.22 63.05
952.2 41170.94 25725.30 62.48
953.2 41257.13 25665.19 62.21
954.2 41395.95 25512.93 61.63
955.2 41401.94 25354.27 61.24
956.2 41391.82 25260.91 61.03
957.2 41524.97 25135.30 60.53
958.2 41486.28 25015.71 60.30
959.2 41625.00 24988.32 60.03
960.1 41647.94 24930.90 59.86
961.1 41725.78 24969.32 59.84
962.1 41752.50 24844.88 59.51
963.1 41720.60 24853.58 59.57
964.1 41837.60 24833.60 59.36
965.1 41932.95 24845.17 59.25
966.1 41961.44 24873.91 59.28
967.0 42058.17 24915.27 59.24
968.0 42094.69 24895.11 59.14
969.0 42115.20 24918.16 59.17
970.0 42092.26 24994.90 59.38
971.0 42266.18 24981.47 59.11
971.9 42275.33 25015.66 59.17
972.9 42388.85 25069.42 59.14
973.9 42492.13 25130.69 59.14
974.9 42580.28 25111.86 58.98
975.8 42630.52 25260.43 59.25
976.8 42806.43 25221.90 58.92
977.8 42848.34 25333.08 59.12
978.8 42868.95 25496.64 59.48
979.7 43050.58 25639.66 59.56
980.7 43264.32 25863.16 59.78
981.7 43347.07 26016.94 60.02
982.6 43545.07 26213.46 60.20
983.6 44003.55 26520.04 60.27
984.6 44377.46 26855.91 60.52
985.5 44900.28 27393.98 61.01
986.5 45688.01 27792.22 60.83
987.5 46285.78 28376.39 61.31
988.4 47161.40 29107.76 61.72
989.4 47812.76 29611.46 61.93
990.4 48753.98 30420.15 62.40
991.3 50274.64 31153.23 61.97
992.3 50864.45 31927.22 62.77
993.2 51610.85 32312.88 62.61
994.2 53891.66 34612.11 64.23
995.2 55394.96 34467.97 62.22
996.1 55625.12 34597.60 62.20
997.1 56348.70 34656.08 61.50
998.0 54473.40 34122.96 62.64
999.0 55283.87 33242.59 60.13
1000.0 55127.21 34351.37 62.31
1000.9 55875.58 34627.12 61.97
1001.9 56355.47 34380.89 61.01
1002.8 54776.67 34287.69 62.60
1003.8 57170.04 35262.13 61.68
1004.8 54763.20 34865.90 63.67
961.5 49984.08 26587.28 53.19
965.5 48959.90 26527.06 54.18
969.5 47367.08 26035.78 54.97
973.4 45664.01 25469.07 55.77
977.4 44063.24 25073.52 56.90
981.4 43484.76 25004.22 57.50
985.3 43466.28 25070.14 57.68
989.3 43739.41 25233.14 57.69
993.3 44088.36 25411.42 57.64
997.2 44246.85 25517.17 57.67
1001.2 44240.69 25692.81 58.08
1005.2 44147.66 25949.79 58.78
1009.1 44170.72 26317.15 59.58
1013.1 44298.35 26764.09 60.42
1017.1 44409.64 27211.17 61.27
1021.0 44418.65 27558.41 62.04
1025.0 44431.92 27896.43 62.78
1029.0 44310.95 28158.00 63.55
1032.9 44196.36 28435.55 64.34
1036.9 44214.81 28797.74 65.13
1040.9 44317.48 29204.25 65.90
1044.8 44471.57 29664.36 66.70
1048.8 44586.22 30066.35 67.43
1052.7 44660.98 30380.08 68.02
1056.7 44664.90 30609.61 68.53
1060.7 44652.74 30799.19 68.97
1064.6 44643.90 30925.80 69.27
1068.6 44545.19 30955.90 69.49
1072.5 44448.63 30947.46 69.63
1076.5 44390.31 30894.18 69.60
1080.4 44363.13 30831.40 69.50
1084.4 44428.99 30787.39 69.30
1088.3 44526.89 30694.27 68.93
1092.3 44515.11 30508.76 68.54
1096.2 44485.25 30279.60 68.07
1100.2 44489.30 30051.17 67.55
1104.1 44387.15 29751.10 67.03
1108.1 44344.78 29470.22 66.46
1112.0 44255.25 29148.39 65.86
1116.0 44078.91 28722.46 65.16
1119.9 43920.46 28238.21 64.29
1123.9 43980.05 27797.62 63.21
1127.8 43933.44 27098.88 61.68
1131.8 43891.20 26201.37 59.70
1135.7 43904.71 25174.11 57.34
1139.6 43873.24 24031.15 54.77
1143.6 43814.30 22947.12 52.37
1147.5 43764.96 22028.61 50.33
1151.4 43600.54 21252.90 48.74
1155.4 43567.43 20770.52 47.67
1159.3 43548.37 20470.68 47.01
1163.2 43379.84 20182.01 46.52
1167.2 43333.14 20022.24 46.21
1171.1 43320.14 19910.57 45.96
1175.0 43247.45 19781.59 45.74
1179.0 43203.54 19680.57 45.55
1182.9 43281.26 19617.59 45.33
1186.8 43262.79 19533.43 45.15
1190.7 43059.97 19371.77 44.99
1194.7 42822.73 19206.95 44.85
1198.6 42602.18 19102.55 44.84
1202.5 42456.57 19048.81 44.87
1206.4 42335.53 19029.33 44.95
1210.3 42230.32 19045.78 45.10
1214.2 42126.94 19093.19 45.32
1218.2 41984.08 19142.24 45.59
1222.1 41854.50 19204.60 45.88
1226.0 41760.57 19297.93 46.21
1229.9 41673.90 19375.74 46.49
1233.8 41576.55 19434.12 46.74
1237.7 41528.30 19515.86 46.99
1241.6 41457.25 19568.48 47.20
1245.5 41309.15 19576.08 47.39
1249.4 41175.26 19584.31 47.56
1253.3 41058.30 19601.34 47.74
1257.2 40978.33 19626.87 47.90
1261.1 40873.57 19615.93 47.99
1265.0 40757.89 19583.72 48.05
1268.9 40587.74 19489.12 48.02
1272.8 40626.75 19479.75 47.95
1276.7 40780.33 19515.02 47.85
1280.6 40842.56 19487.38 47.71
1284.5 40748.73 19352.98 47.49
1288.4 40697.88 19198.58 47.17
1292.3 40562.50 18988.75 46.81
1296.2 40411.46 18742.88 46.38
1300.1 40239.63 18446.06 45.84
1303.9 40009.73 18080.76 45.19
1307.8 39785.54 17687.40 44.46
1311.7 39554.21 17261.24 43.64
1315.6 39326.35 16810.13 42.75
1319.5 39086.11 16336.36 41.80
1323.3 38870.69 15859.62 40.80
1327.2 38681.53 15390.18 39.79
1331.1 38474.56 14910.47 38.75
1335.0 38203.08 14416.72 37.74
1338.8 38009.09 13974.79 36.77
1342.7 37876.27 13573.31 35.84
1346.5 37598.34 13127.56 34.92
1350.4 37400.07 12712.67 33.99
1354.3 37094.65 12287.32 33.12
1358.1 36731.71 11877.44 32.34
1362.0 36487.36 11532.25 31.61
1365.8 36370.47 11227.52 30.87
1369.7 36432.94 10925.60 29.99
1373.5 36366.82 10482.90 28.83
1377.4 36166.21 9877.69 27.31
1381.2 35990.96 9197.43 25.55
1385.1 35936.27 8545.33 23.78
1389.0 35813.45 7858.57 21.94
1392.8 35598.92 7163.74 20.12
1396.6 35460.61 6548.39 18.47
1400.5 35253.63 6001.41 17.02
1404.3 35072.57 5563.22 15.86
1408.2 35016.72 5224.34 14.92
1412.0 34945.02 4950.38 14.17
1415.8 34962.39 4754.90 13.60
1419.6 34891.95 4596.71 13.17
1423.5 34842.23 4474.50 12.84
1427.3 34796.45 4379.07 12.58
1431.1 34758.75 4312.88 12.41
1434.9 34669.05 4255.37 12.27
1438.8 34606.94 4217.93 12.19
1442.6 34573.84 4193.64 12.13
1446.4 34441.31 4172.05 12.11
1450.2 34332.12 4157.08 12.11
1454.0 34220.52 4140.48 12.10
1457.8 34188.19 4150.50 12.14
1461.6 34155.00 4176.02 12.23
1465.4 34045.70 4191.96 12.31
1469.2 33870.20 4215.58 12.45
1473.0 33726.92 4257.99 12.62
1476.8 33664.28 4335.03 12.88
1480.7 33601.58 4421.26 13.16
1484.4 33488.64 4507.56 13.46
1488.2 33386.04 4617.00 13.83
1492.0 33257.25 4725.37 14.21
1495.8 33142.20 4829.83 14.57
1499.6 33034.11 4915.80 14.88
1503.4 32933.47 4980.98 15.12
1507.2 32852.74 5027.89 15.30
1510.9 32722.34 5067.91 15.49
1514.7 32573.11 5136.94 15.77
1518.5 32453.90 5206.76 16.04
1522.3 32317.90 5261.55 16.28
1526.0 32200.64 5335.82 16.57
1529.8 32127.61 5421.33 16.87
1533.6 32011.66 5497.00 17.17
1537.3 31894.88 5594.33 17.54
1541.1 31782.08 5695.11 17.92
1544.8 31651.20 5784.00 18.27
1548.6 31528.46 5872.97 18.63
1552.4 31450.00 5955.49 18.94
1556.1 31366.15 6010.54 19.16
1559.9 31270.43 6061.61 19.38
1563.6 31150.17 6125.40 19.66
1567.3 31046.10 6199.66 19.97
1571.1 30855.35 6251.78 20.26
1574.8 30723.08 6316.00 20.56
1578.6 30633.26 6397.45 20.88
1582.3 30519.48 6455.08 21.15
1586.0 30400.45 6495.56 21.37
1589.8 30269.89 6525.07 21.56
1593.5 30123.48 6559.86 21.78
1597.2 29998.09 6588.34 21.96
1600.9 29883.71 6625.07 22.17
1604.7 29753.95 6663.52 22.40
1608.4 29639.51 6700.71 22.61
1612.1 29489.62 6726.00 22.81
1615.8 29365.23 6756.05 23.01
1619.5 29298.37 6808.25 23.24
1623.2 29161.12 6831.62 23.43
1626.9 29003.45 6844.57 23.60
1630.6 28846.40 6863.12 23.79
1634.3 28721.00 6879.21 23.95
1638.0 28599.28 6883.41 24.07
1641.7 28456.49 6874.52 24.16
1645.4 28299.47 6865.99 24.26
1649.1 28138.66 6845.38 24.33
1652.8 28008.70 6824.58 24.37
1656.4 27859.80 6802.04 24.42
1660.1 27720.43 6778.94 24.45
1663.8 27551.22 6744.21 24.48
1667.5 27406.07 6712.70 24.49
1671.1 27282.14 6683.30 24.50
1674.8 27100.13 6635.05 24.48
1678.5 27060.12 6604.36 24.41
1682.1 27085.37 6573.53 24.27
1685.8 27087.74 6534.28 24.12
1689.5 26985.46 6488.80 24.05
1693.1 26859.21 6432.18 23.95
1696.8 26718.75 6357.88 23.80
1700.4 26575.97 6276.57 23.62
1704.0 26457.91 6197.67 23.42
1707.7 26210.69 6089.40 23.23
1711.3 25940.59 5974.54 23.03
1715.0 25755.85 5879.47 22.83
1718.6 25603.66 5781.55 22.58
1722.2 25471.82 5697.33 22.37
1725.9 25346.15 5615.05 22.15
1729.5 25225.17 5534.01 21.94
1733.1 25122.33 5486.51 21.84
1736.7 25028.77 5455.33 21.80
1740.3 24869.68 5400.73 21.72
1744.0 24796.20 5345.48 21.56
1747.5 24670.34 5274.55 21.38
1751.2 24460.97 5172.19 21.14
1754.8 24300.77 5087.21 20.93
1758.4 24168.99 5020.70 20.77
1762.0 24004.67 4942.84 20.59
1765.5 23878.06 4885.51 20.46
1769.1 23824.80 4857.60 20.39
1772.7 23745.17 4827.47 20.33
1776.3 23631.64 4784.30 20.25
1779.9 23517.13 4747.07 20.19
1783.5 23453.36 4724.40 20.14
1787.0 23338.16 4690.62 20.10
1790.6 23194.11 4650.37 20.05
1794.2 23099.94 4627.08 20.03
1797.8 23019.59 4616.23 20.05
1801.3 22943.45 4602.71 20.06
1804.9 22821.75 4580.63 20.07
1808.4 22758.56 4574.67 20.10
1812.0 22651.25 4553.06 20.10
1815.5 22537.46 4520.28 20.06
1819.1 22377.91 4487.52 20.05
1822.6 22230.86 4461.76 20.07
1826.2 22108.08 4445.10 20.11
1829.7 21962.63 4403.93 20.05
1833.2 21769.52 4349.58 19.98
1836.8 21568.82 4302.94 19.95
1840.3 21408.35 4260.65 19.90
1843.8 21283.15 4232.62 19.89
1847.3 21175.36 4210.86 19.89
1850.8 21026.88 4169.09 19.83
1854.3 20829.70 4098.69 19.68
1857.8 20716.80 3998.80 19.30
1861.3 20743.52 3862.30 18.62
1864.8 20771.48 3675.01 17.69
1868.3 20668.83 3430.12 16.60
1871.8 20505.60 3179.52 15.51
1875.3 20412.67 2931.57 14.36
1878.8 20386.82 2722.37 13.35
1882.3 20318.80 2561.39 12.61
1885.8 20165.84 2409.30 11.95
1889.3 19976.70 2235.39 11.19
1892.7 19815.25 2080.69 10.50
1896.2 19650.94 2035.52 10.36
1899.7 19441.16 2009.65 10.34
1903.1 19313.45 2018.02 10.45
1906.6 19304.54 2102.16 10.89
1910.0 19451.18 2314.13 11.90
1913.5 19794.95 2617.05 13.22
1917.0 20308.75 3027.85 14.91
1920.4 20662.58 3420.65 16.55
1923.8 20806.27 3684.44 17.71
1871.2 18887.00 2346.57 12.42
1873.9 18953.16 2265.79 11.95
1876.7 18991.47 2126.81 11.20
1879.5 19143.67 1976.79 10.33
1882.3 18900.39 1867.49 9.88
1885.1 18757.12 1732.62 9.24
1887.8 18909.61 1575.11 8.33
1890.6 18719.80 1473.57 7.87
1893.4 18700.00 1386.00 7.41
1896.2 18690.78 1354.70 7.25
1898.9 18634.09 1303.94 7.00
1901.7 18493.24 1210.94 6.55
1904.5 18663.12 1206.12 6.46
1907.2 18605.75 1206.50 6.48
1910.0 18464.96 1175.95 6.37
1912.7 18451.36 1132.94 6.14
1915.5 18338.72 1121.47 6.12
1918.2 18231.61 1123.60 6.16
1921.0 18078.76 1107.14 6.12
1923.7 18082.37 1107.22 6.12
1926.5 18028.91 1094.24 6.07
1929.2 17989.40 1083.85 6.02
1932.0 17961.44 1083.88 6.03
1934.7 17922.05 1084.95 6.05
1937.4 17800.47 1082.48 6.08
1940.2 17730.06 1078.74 6.08
1942.9 17801.07 1084.02 6.09
1945.6 17808.94 1108.34 6.22
1948.3 17731.12 1128.13 6.36
1951.1 17698.80 1107.68 6.26
1953.8 17700.00 1086.00 6.14
1956.5 17568.67 1102.16 6.27
1959.2 17632.03 1145.17 6.49
1961.9 17647.56 1153.26 6.53
1964.6 17543.58 1151.33 6.56
1967.3 17598.27 1174.80 6.68
1970.0 17419.60 1163.28 6.68
1972.8 17335.24 1176.67 6.79
1975.5 17419.52 1191.15 6.84
1978.2 17336.04 1185.52 6.84
1980.9 17221.82 1215.56 7.06
1983.5 17185.34 1212.78 7.06
1986.2 17183.55 1219.29 7.10
1988.9 17157.36 1257.12 7.33
1991.6 17017.92 1251.36 7.35
1994.3 16893.86 1239.10 7.33
1997.0 16913.63 1260.02 7.45
1999.7 16876.79 1263.53 7.49
2002.3 16857.27 1285.87 7.63
2005.0 16785.35 1306.01 7.78
2007.7 16706.93 1301.47 7.79
2010.4 16656.07 1313.30 7.88
2013.0 16600.58 1342.84 8.09
2015.7 16495.88 1346.95 8.17
2018.4 16401.61 1338.91 8.16
2021.0 16371.00 1357.17 8.29
2023.7 16264.64 1345.49 8.27
2026.4 16195.83 1329.47 8.21
2029.0 16138.97 1341.17 8.31
2031.7 16029.65 1360.45 8.49
2034.3 16012.75 1357.63 8.48
2037.0 15932.90 1359.65 8.53
2039.6 15864.39 1370.09 8.64
2042.3 15822.15 1370.47 8.66
2044.9 15747.27 1388.48 8.82
2047.5 15719.22 1382.87 8.80
2050.2 15638.00 1369.20 8.76
2052.8 15596.00 1391.60 8.92
2055.4 15487.61 1395.23 9.01
2058.1 15363.60 1360.80 8.86
2060.7 15311.01 1372.35 8.96
2063.3 15243.07 1387.76 9.10
2065.9 15200.63 1356.75 8.93
2068.6 15142.00 1376.29 9.09
2071.2 15102.27 1395.00 9.24
2073.8 15013.06 1393.57 9.28
2076.4 14939.89 1420.17 9.51
2079.0 14937.96 1410.62 9.44
2081.6 14955.68 1401.04 9.37
2084.2 14929.44 1413.66 9.47
2086.8 14795.01 1428.31 9.65
2089.4 14708.12 1424.01 9.68
2092.1 14645.50 1419.50 9.69
2094.7 14574.18 1443.58 9.91
2097.2 14543.50 1453.50 9.99
2099.8 14569.24 1440.41 9.89
2102.4 14455.51 1424.51 9.85
2105.0 14315.55 1427.85 9.97
2107.6 14281.54 1452.65 10.17
2110.2 14245.28 1454.93 10.21
2112.8 14225.04 1434.53 10.08
2115.3 14222.61 1454.88 10.23
2117.9 14223.97 1474.05 10.36
2120.5 14225.20 1477.91 10.39
2123.1 14136.53 1485.90 10.51
2125.6 14079.43 1490.52 10.59
2128.2 14012.88 1483.82 10.59
2130.8 13940.55 1485.90 10.66
2133.3 13889.33 1484.27 10.69
2135.9 13802.30 1494.37 10.83
2138.4 13704.95 1496.91 10.92
2141.0 13601.55 1480.92 10.89
2143.6 13585.34 1483.42 10.92
2146.1 13439.94 1489.74 11.08
2148.7 13282.54 1477.14 11.12
2151.2 13302.67 1487.20 11.18
2153.8 13324.47 1524.65 11.44
2156.3 13227.98 1500.29 11.34
2158.8 13160.05 1488.48 11.31
2161.4 13128.93 1494.81 11.39
2163.9 13034.58 1500.70 11.51
2166.4 12973.85 1504.94 11.60
2169.0 12959.07 1490.16 11.50
2171.5 12876.28 1496.07 11.62
2174.0 12786.55 1487.50 11.63
2176.5 12767.30 1503.97 11.78
2179.1 12718.27 1505.83 11.84
2181.6 12644.21 1472.17 11.64
2184.1 12612.60 1506.12 11.94
2186.6 12631.79 1490.71 11.80
2189.1 12551.10 1460.55 11.64
2191.6 12501.53 1486.33 11.89
2194.1 12512.72 1481.46 11.84
2196.6 12513.32 1501.33 12.00
2199.2 12564.98 1534.87 12.22
2201.7 12503.60 1507.88 12.06
2204.1 12450.01 1480.66 11.89
2206.6 12458.20 1514.38 12.16
2209.1 12429.94 1498.86 12.06
2211.6 12413.54 1473.18 11.87
2214.1 12385.83 1501.66 12.12
2216.6 12340.79 1515.54 12.28
2219.1 12355.98 1477.55 11.96
2221.6 12303.15 1461.76 11.88
2224.0 12230.10 1493.52 12.21
2226.5 12198.83 1457.32 11.95
2229.0 12234.63 1450.34 11.85
2231.5 12152.59 1420.93 11.69
2233.9 12137.64 1400.79 11.54
2236.4 12131.98 1420.48 11.71
2238.9 12024.13 1433.75 11.92
2241.3 12068.10 1426.41 11.82
2243.8 12017.57 1387.54 11.55
2246.2 11870.35 1352.96 11.40
2248.7 11882.39 1322.84 11.13
2251.2 11860.53 1333.64 11.24
2253.6 11784.96 1336.32 11.34
2256.1 11773.44 1294.08 10.99
2258.5 11793.92 1267.75 10.75
2260.9 11696.75 1261.72 10.79
2263.4 11668.53 1235.94 10.59
2265.8 11678.48 1207.85 10.34
2268.3 11583.48 1185.29 10.23
2270.7 11653.18 1197.56 10.28
2273.1 11608.55 1204.19 10.37
2275.6 11523.84 1198.08 10.40
2278.0 11553.06 1172.22 10.15
2280.4 11529.61 1162.20 10.08
2282.8 11402.06 1142.14 10.02
2285.3 11435.59 1112.06 9.72
2287.7 11531.47 1136.36 9.85
2290.1 11440.95 1122.75 9.81
2292.5 11408.96 1091.29 9.57
2294.9 11404.51 1102.52 9.67
2297.3 11303.39 1075.76 9.52
2299.7 11233.01 1014.72 9.03
2302.1 11231.11 1037.08 9.23
2304.5 11113.20 1034.88 9.31
2306.9 10995.60 995.68 9.06
2309.3 10932.15 983.50 9.00
2311.7 10856.55 961.63 8.86
2314.1 10708.33 937.32 8.75
2316.5 10641.94 925.90 8.70
2318.9 10674.03 965.71 9.05
2321.3 10672.73 962.69 9.02
2323.7 10642.23 950.41 8.93
2326.1 10606.96 947.05 8.93
2328.4 10691.58 951.99 8.90
2330.8 10736.25 961.15 8.95
2333.2 10617.06 967.81 9.12
2335.6 10582.60 963.19 9.10
2337.9 10642.00 926.48 8.71
2340.3 10592.40 902.64 8.52
2342.7 10507.23 914.04 8.70
2345.0 10502.01 891.80 8.49
2347.4 10493.25 888.25 8.46
2349.7 10277.63 901.32 8.77
2352.1 10236.25 857.67 8.38
2354.4 10290.21 868.26 8.44
2356.8 10243.45 863.33 8.43
2359.2 10187.67 823.33 8.08
2361.5 10122.93 842.12 8.32
2363.8 10144.75 847.59 8.35
2366.2 10159.49 834.12 8.21
2368.5 10097.05 841.05 8.33
2370.9 10118.68 832.04 8.22
2373.2 10072.53 854.37 8.48
2375.5 9932.38 814.50 8.20
2377.9 9918.93 770.36 7.77
2380.2 9923.89 792.63 7.99
2382.5 9856.28 790.34 8.02
2384.8 9822.88 793.44 8.08
2387.2 9807.99 782.95 7.98
2389.5 9759.69 783.80 8.03
2391.8 9772.85 789.05 8.07
2394.1 9716.63 758.14 7.80
2396.4 9652.48 696.72 7.22
2398.7 9714.10 706.39 7.27
2401.0 9598.25 751.64 7.83
2403.3 9511.80 722.10 7.59
2405.6 9521.83 714.76 7.51
2407.9 9458.88 741.48 7.84
2410.2 9400.00 711.89 7.57
2412.5 9350.27 686.03 7.34
2414.8 9330.30 672.69 7.21
2417.1 9280.68 655.53 7.06
2419.4 9294.64 661.67 7.12
2421.7 9214.94 678.11 7.36
2424.0 9156.02 670.98 7.33
2426.2 9223.40 658.05 7.13
2428.5 9129.27 676.04 7.41
2430.8 9112.40 621.30 6.82
2433.1 9071.93 586.36 6.46
2435.4 8991.17 593.07 6.60
2437.6 8963.19 643.43 7.18
2439.9 8866.09 628.88 7.09
2442.2 8873.80 608.65 6.86
2444.4 8827.50 620.28 7.03
2446.7 8812.56 624.88 7.09
2448.9 8870.66 592.17 6.68
2451.2 8802.92 524.48 5.96
2453.4 8732.64 554.45 6.35
2455.7 8702.87 596.00 6.85
2457.9 8608.05 592.19 6.88
2460.2 8594.01 524.03 6.10
2462.4 8611.20 542.88 6.30
2464.7 8503.63 555.13 6.53
2466.9 8416.62 481.50 5.72
2469.2 8471.54 512.05 6.04
2471.4 8370.38 551.46 6.59
2473.6 8261.63 528.91 6.40
2475.9 8256.69 501.23 6.07
2478.1 8211.66 485.05 5.91
2480.3 8173.00 508.20 6.22
2482.5 8177.69 500.38 6.12
2484.8 8119.06 473.31 5.83
2487.0 8110.30 466.62 5.75
2489.2 8058.48 474.92 5.89
2491.4 7946.29 484.16 6.09
2493.6 7987.26 493.82 6.18
2495.8 7981.68 490.94 6.15
2498.0 7985.07 470.19 5.89
2500.2 7961.63 454.95 5.71
2502.4 8125.20 488.40 6.01
2504.6 8272.59 516.45 6.24
2506.8 8348.61 506.57 6.07
