/*** Spectra Vista SIG Data ***/
name= \My Documents\HR1024_Data\RD5S7.
instrument= HR: 1091052
integration= 400, 60, 30, 500, 60, 30
scan time= 1, 1
scan settings= AD, AI, AD, AI
external data set1= 8224, 8224, 8224, 8224, 8224, 8224, 8224, 8224, 8224, 8224, 8224, 8224, 8224, 8224, 8224, 8224
external data set2= 8224, 8224, 8224, 8224, 8224, 8224, 8224, 8224, 8224, 8224, 8224, 8224, 8224, 8224, 8224, 8224
external data dark= 0,0,0,0,0,0,0,0
external data mask= 0
optic= LENS4 , LENS4 
temp= 32.34, 8.94, -5.37, 40.96, 8.88, -5.30
battery= 7.5, 7.1
error= 0, 0
units= Radiance, Radiance
time= 3/11/08 9:20:48 AM, 3/11/08 9:41:28 AM
longitude= , 
latitude= , 
gpstime= , 
comm= 
memory slot= 0, 0
factors= 
data= 
346.4 366.28 110.84 30.26
347.9 400.03 107.93 26.98
349.5 432.12 119.81 27.73
351.1 468.00 126.05 26.93
352.6 496.51 129.03 25.99
354.2 520.33 136.14 26.16
355.7 575.84 138.74 24.09
357.3 598.14 145.64 24.35
358.8 616.87 143.99 23.34
360.4 668.33 149.14 22.32
361.9 686.05 161.59 23.55
363.5 715.01 164.82 23.05
365.1 743.78 159.51 21.45
366.6 778.54 164.34 21.11
368.2 824.27 169.22 20.53
369.7 873.39 175.00 20.04
371.3 928.49 181.75 19.57
372.8 977.74 187.25 19.15
374.4 1016.27 185.57 18.26
375.9 1052.58 193.30 18.36
377.4 1084.71 193.85 17.87
379.0 1129.79 196.04 17.35
380.5 1157.14 206.81 17.87
382.1 1186.43 204.49 17.24
383.6 1234.64 198.45 16.07
385.2 1293.88 200.20 15.47
386.7 1345.63 213.35 15.86
388.3 1410.38 223.92 15.88
389.8 1464.46 227.29 15.52
391.3 1527.57 237.28 15.53
392.9 1567.60 242.39 15.46
394.4 1609.87 246.90 15.34
395.9 1662.63 265.02 15.94
397.5 1749.05 263.57 15.07
399.0 1827.74 269.45 14.74
400.6 1876.29 266.02 14.18
402.1 1904.04 266.26 13.98
403.6 1943.17 266.60 13.72
405.1 1994.81 274.20 13.75
406.7 2061.92 276.86 13.43
408.2 2135.06 291.36 13.65
409.7 2198.56 290.30 13.20
411.3 2272.05 306.61 13.49
412.8 2335.64 309.05 13.23
414.3 2399.77 317.20 13.22
415.8 2475.00 325.00 13.13
417.4 2547.71 337.00 13.23
418.9 2612.23 342.06 13.09
420.4 2658.25 348.95 13.13
421.9 2705.56 346.54 12.81
423.5 2743.63 352.12 12.83
425.0 2788.02 346.12 12.41
426.5 2844.45 356.90 12.55
428.0 2917.63 362.88 12.44
429.5 3009.90 369.72 12.28
431.1 3112.45 381.58 12.26
432.6 3227.88 396.80 12.29
434.1 3329.29 400.40 12.03
435.6 3423.98 414.86 12.12
437.1 3517.80 428.22 12.17
438.6 3607.74 435.44 12.07
440.1 3694.39 447.25 12.11
441.6 3790.73 453.37 11.96
443.1 3873.83 462.51 11.94
444.7 3959.99 471.83 11.91
446.2 4024.76 476.57 11.84
447.7 4101.41 481.55 11.74
449.2 4174.20 489.89 11.74
450.7 4238.00 479.23 11.31
452.2 4313.18 495.18 11.48
453.7 4393.64 499.90 11.38
455.2 4491.99 509.06 11.33
456.7 4618.24 523.78 11.34
458.2 4761.06 537.53 11.29
459.7 4899.13 555.10 11.33
461.2 5044.37 573.98 11.38
462.7 5165.05 582.11 11.27
464.2 5287.79 601.70 11.38
465.7 5408.14 614.32 11.36
467.2 5518.98 628.32 11.38
468.7 5631.00 647.20 11.49
470.2 5705.20 665.55 11.67
471.7 5821.13 672.60 11.55
473.2 6011.22 676.91 11.26
474.6 6153.75 680.26 11.05
476.1 6204.18 698.75 11.26
477.6 6220.94 696.87 11.20
479.1 6250.52 696.20 11.14
480.6 6293.37 699.38 11.11
482.1 6374.96 704.30 11.05
483.6 6474.12 711.05 10.98
485.1 6599.29 722.00 10.94
486.6 6739.10 735.44 10.91
488.0 6898.13 750.75 10.88
489.5 7058.36 767.45 10.87
491.0 7224.81 784.32 10.86
492.5 7392.87 801.58 10.84
494.0 7557.79 816.19 10.80
495.4 7702.20 836.22 10.86
496.9 7844.83 854.37 10.89
498.4 7990.29 864.53 10.82
499.9 8131.50 880.05 10.82
501.4 8263.45 896.23 10.85
502.8 8392.79 913.19 10.88
504.3 8499.60 926.64 10.90
505.8 8611.18 940.80 10.93
507.2 8674.01 949.62 10.95
508.7 8728.20 948.17 10.86
510.2 8764.92 955.56 10.90
511.6 8789.76 956.07 10.88
513.1 8840.43 962.68 10.89
514.6 8904.34 974.75 10.95
516.0 8958.85 976.81 10.90
517.5 9056.55 987.48 10.90
519.0 9171.31 997.39 10.88
520.5 9287.32 1010.90 10.88
521.9 9437.16 1030.71 10.92
523.4 9612.27 1052.06 10.94
524.8 9785.79 1072.09 10.96
526.3 9984.58 1098.55 11.00
527.8 10184.06 1126.56 11.06
529.2 10366.76 1151.97 11.11
530.7 10567.61 1177.04 11.14
532.1 10746.40 1202.32 11.19
533.6 10959.02 1229.89 11.22
535.0 11168.56 1257.10 11.26
536.5 11376.00 1294.02 11.38
538.0 11592.92 1318.91 11.38
539.4 11785.91 1342.25 11.39
540.9 12037.93 1374.28 11.42
542.3 12246.63 1383.80 11.30
543.8 12400.56 1402.57 11.31
545.2 12445.48 1410.52 11.33
546.6 12442.01 1416.33 11.38
548.1 12455.19 1413.26 11.35
549.5 12460.55 1419.36 11.39
551.0 12456.77 1424.05 11.43
552.4 12484.13 1425.20 11.42
553.9 12491.52 1426.27 11.42
555.3 12509.64 1432.78 11.45
556.8 12569.08 1440.01 11.46
558.2 12630.94 1450.58 11.48
559.6 12713.51 1465.44 11.53
561.1 12831.00 1482.00 11.55
562.5 12959.42 1505.71 11.62
564.0 13129.35 1538.72 11.72
565.4 13288.41 1564.95 11.78
566.8 13487.87 1602.03 11.88
568.3 13678.39 1640.43 11.99
569.7 13879.32 1680.62 12.11
571.1 14074.77 1714.44 12.18
572.6 14269.77 1764.50 12.37
574.0 14463.08 1806.42 12.49
575.4 14650.03 1848.15 12.62
576.9 14818.07 1896.74 12.80
578.3 14977.46 1939.80 12.95
579.7 15131.24 1985.59 13.12
581.1 15254.19 2039.95 13.37
582.6 15387.18 2086.41 13.56
584.0 15508.86 2132.72 13.75
585.4 15681.05 2189.12 13.96
586.8 15909.04 2246.96 14.12
588.3 16162.38 2302.56 14.25
589.7 16371.81 2371.82 14.49
591.1 16519.39 2420.11 14.65
592.5 16589.78 2475.18 14.92
594.0 16627.80 2526.36 15.19
595.4 16637.76 2575.02 15.48
596.8 16651.64 2628.91 15.79
598.2 16659.51 2676.32 16.06
599.6 16659.36 2728.26 16.38
601.0 16705.59 2789.03 16.70
602.4 16752.94 2850.32 17.01
603.9 16822.23 2924.57 17.39
605.3 16905.11 3003.95 17.77
606.7 16973.10 3081.60 18.16
608.1 17114.04 3190.25 18.64
609.5 17255.15 3288.69 19.06
610.9 17434.91 3404.03 19.52
612.3 17598.49 3522.52 20.02
613.7 17818.60 3653.26 20.50
615.1 17967.42 3772.66 21.00
616.5 18122.06 3890.52 21.47
617.9 18356.64 4037.66 22.00
619.3 18578.68 4193.54 22.57
620.7 18848.67 4362.44 23.14
622.1 19119.58 4507.37 23.57
623.5 19414.06 4671.29 24.06
624.9 19741.18 4834.83 24.49
626.3 19952.52 4985.29 24.99
627.7 19741.37 5035.90 25.51
629.1 19544.02 5071.29 25.95
630.5 19457.12 5108.89 26.26
631.9 19461.81 5163.01 26.53
633.3 19457.49 5230.82 26.88
634.7 19533.17 5349.39 27.39
636.1 19566.68 5433.66 27.77
637.5 19597.55 5517.96 28.16
638.9 19677.50 5615.07 28.54
640.2 19731.43 5751.21 29.15
641.6 19754.28 5896.80 29.85
643.0 19715.36 6004.93 30.46
644.4 19707.26 6154.19 31.23
645.8 19650.11 6306.25 32.09
647.2 19716.78 6487.21 32.90
648.5 19765.84 6680.24 33.80
649.9 19671.60 6820.16 34.67
651.3 19608.23 6973.74 35.57
652.7 19503.68 7095.12 36.38
654.1 19390.95 7008.05 36.14
655.5 19238.75 6859.89 35.66
656.8 19118.09 6742.18 35.27
658.2 19225.93 6727.87 34.99
659.6 19449.31 6778.20 34.85
660.9 19643.18 6841.94 34.83
662.3 19825.21 6892.18 34.76
663.7 20008.80 6935.04 34.66
665.0 20165.89 6983.87 34.63
666.4 20328.89 7048.26 34.67
667.8 20535.62 7124.27 34.69
669.1 20711.76 7195.95 34.74
670.5 20914.18 7293.36 34.87
671.9 21055.86 7386.43 35.08
673.2 21237.33 7527.24 35.44
674.6 21400.77 7674.19 35.86
676.0 21596.49 7860.58 36.40
677.3 21793.24 8075.81 37.06
678.7 21992.69 8313.00 37.80
680.0 22269.19 8606.31 38.65
681.4 22542.00 8956.93 39.73
682.8 22829.63 9347.52 40.94
684.1 23112.18 9782.14 42.32
685.5 23364.31 10229.85 43.78
686.8 23617.23 10687.22 45.25
688.2 23841.32 11096.09 46.54
689.5 23927.84 11435.42 47.79
690.9 23997.39 11759.57 49.00
692.2 24047.78 12031.92 50.03
693.6 24110.83 12302.60 51.03
694.9 24095.99 12510.91 51.92
696.2 24121.97 12698.42 52.64
697.6 24149.95 12873.36 53.31
698.9 24174.48 13057.44 54.01
700.3 24215.57 13214.36 54.57
701.6 24264.40 13374.13 55.12
703.0 24323.35 13521.50 55.59
704.3 24329.34 13625.76 56.01
705.6 24327.41 13726.80 56.43
707.0 24334.75 13827.16 56.82
708.3 24282.08 13883.60 57.18
709.6 24223.21 13936.05 57.53
711.0 24124.28 13955.23 57.85
712.3 24015.02 13984.66 58.23
713.6 23977.17 14032.03 58.52
714.9 23907.38 14068.32 58.85
716.3 23880.58 14112.95 59.10
717.6 23876.83 14177.10 59.38
718.9 23805.06 14195.53 59.63
720.2 23675.16 14159.04 59.81
721.6 23576.15 14131.94 59.94
722.9 23446.45 14126.08 60.25
724.2 23274.82 14092.28 60.55
725.5 23133.68 14095.93 60.93
726.8 23009.81 14068.46 61.14
728.1 22933.91 14070.31 61.35
729.5 22856.87 14086.02 61.63
730.8 22796.53 14116.74 61.92
732.1 22719.29 14147.28 62.27
733.4 22660.56 14185.98 62.60
734.7 22602.67 14205.94 62.85
736.0 22569.89 14257.75 63.17
737.3 22520.76 14295.50 63.48
738.6 22554.56 14397.29 63.83
739.9 22633.16 14544.89 64.26
741.2 22698.59 14657.92 64.58
742.5 22841.25 14835.99 64.95
743.8 23091.34 15102.78 65.40
745.1 23491.07 15446.70 65.76
746.4 23957.57 15835.82 66.10
747.7 24466.55 16211.35 66.26
749.0 24948.63 16543.27 66.31
750.3 25229.30 16696.51 66.18
751.6 25175.69 16675.99 66.24
752.9 24925.64 16553.96 66.41
754.2 24630.59 16428.64 66.70
755.4 24314.44 16320.42 67.12
756.7 24210.69 16369.84 67.61
758.0 24235.24 16486.98 68.03
759.3 24394.18 16719.40 68.54
760.6 24621.52 16989.28 69.00
761.9 24823.09 17231.05 69.42
763.1 24955.30 17400.35 69.73
764.4 25125.21 17581.73 69.98
765.7 25257.38 17754.10 70.29
767.0 25349.99 17907.48 70.64
768.2 25431.84 18037.82 70.93
769.5 25509.93 18175.63 71.25
770.8 25646.87 18343.02 71.52
772.0 25674.66 18445.34 71.84
773.3 25762.96 18567.08 72.07
774.6 25839.71 18698.90 72.36
775.8 25921.43 18801.12 72.53
777.1 25948.26 18896.90 72.83
778.4 25918.05 18950.75 73.12
779.6 25945.86 19049.50 73.42
780.9 25904.00 19108.80 73.77
782.1 25811.51 19130.98 74.12
783.4 25819.04 19200.90 74.37
784.6 25849.06 19316.50 74.73
785.9 26028.56 19586.54 75.25
787.1 26416.14 19974.86 75.62
788.4 26716.91 20192.90 75.58
789.6 26732.54 20106.11 75.21
790.9 26499.75 19901.61 75.10
792.1 26215.36 19742.53 75.31
793.4 25939.41 19637.75 75.71
794.6 25766.06 19540.85 75.84
795.8 25608.38 19494.81 76.13
797.1 25427.85 19436.43 76.44
798.3 25301.10 19425.95 76.78
799.5 25235.55 19441.32 77.04
800.8 25155.70 19441.51 77.28
802.0 25074.70 19457.70 77.60
803.2 24986.56 19443.23 77.81
804.5 24925.76 19444.94 78.01
805.7 24855.66 19434.09 78.19
806.9 24776.64 19439.40 78.46
808.1 24708.89 19450.01 78.72
809.4 24677.19 19485.84 78.96
810.6 24617.78 19508.58 79.25
811.8 24606.91 19573.96 79.55
813.0 24601.75 19635.32 79.81
814.2 24620.30 19726.03 80.12
815.4 24684.78 19823.11 80.30
816.6 24715.54 19897.50 80.51
817.9 24752.29 19949.88 80.60
819.1 24717.85 19929.50 80.63
820.3 24615.89 19906.80 80.87
821.5 24558.22 19922.01 81.12
822.7 24525.20 19911.51 81.19
823.9 24512.51 19963.39 81.44
825.1 24512.73 19996.45 81.58
826.3 24527.23 20061.50 81.79
827.5 24554.23 20116.32 81.93
828.7 24585.24 20177.09 82.07
829.9 24620.63 20239.71 82.21
831.0 24677.45 20320.93 82.35
832.2 24735.00 20420.36 82.56
833.4 24800.15 20497.05 82.65
834.6 24827.34 20578.13 82.88
835.8 24886.58 20663.37 83.03
837.0 24941.18 20780.58 83.32
838.1 25036.55 20906.02 83.50
839.3 25073.20 21001.39 83.76
840.5 25138.07 21090.54 83.90
841.7 25214.76 21236.74 84.22
842.9 25311.78 21377.54 84.46
844.0 25352.29 21492.23 84.77
845.2 25454.19 21612.53 84.91
846.4 25527.43 21762.92 85.25
847.5 25656.16 21914.06 85.41
848.7 25745.00 22040.82 85.61
849.9 25879.71 22156.26 85.61
851.0 25913.04 22190.71 85.64
852.2 25966.07 22273.62 85.78
853.3 25941.98 22291.51 85.93
854.5 25934.86 22314.22 86.04
855.6 25916.94 22347.18 86.23
856.8 25944.85 22413.82 86.39
857.9 25943.54 22430.23 86.46
859.1 25996.60 22533.28 86.68
860.2 26027.46 22567.81 86.71
861.4 26023.97 22645.38 87.02
862.5 26059.24 22696.82 87.10
863.7 26115.12 22777.31 87.22
864.8 26101.25 22820.14 87.43
865.9 26082.46 22822.74 87.50
867.1 26099.25 22859.69 87.59
868.2 26099.69 22932.13 87.86
869.3 26128.19 22956.97 87.86
870.5 26099.47 22956.66 87.96
871.6 26087.08 22983.05 88.10
872.7 26136.21 23033.75 88.13
873.9 26148.82 23099.49 88.34
875.0 26142.73 23102.42 88.37
876.1 26142.29 23125.99 88.46
877.2 26184.05 23177.93 88.52
878.3 26169.01 23200.45 88.66
879.4 26191.11 23242.03 88.74
880.5 26214.48 23283.36 88.82
881.7 26220.35 23251.02 88.68
882.8 26271.44 23312.19 88.74
883.9 26272.50 23284.44 88.63
885.0 26275.91 23274.34 88.58
886.1 26278.81 23242.03 88.44
887.2 26194.66 23154.03 88.39
888.3 26154.69 23114.32 88.38
889.4 26083.75 23019.20 88.25
890.5 26060.47 22991.57 88.22
891.6 26043.45 22974.89 88.22
892.7 26025.13 22969.79 88.26
893.8 26046.70 22995.95 88.29
894.9 26070.72 23007.60 88.25
896.0 26059.51 23009.83 88.30
897.0 26054.12 23011.08 88.32
898.1 26079.30 23051.58 88.39
899.2 26095.96 23047.38 88.32
900.3 26052.56 23009.26 88.32
901.4 26029.33 22972.93 88.26
902.4 26018.83 22978.01 88.31
903.5 26017.27 22935.89 88.16
904.6 26012.16 22910.18 88.07
905.7 26050.43 22939.73 88.06
906.7 26024.14 22935.15 88.13
907.8 26076.86 22949.58 88.01
908.9 26057.48 22933.30 88.01
909.9 26017.06 22871.59 87.91
911.0 26009.49 22808.32 87.69
912.1 25979.15 22797.53 87.75
913.1 25944.88 22727.95 87.60
914.2 25856.17 22670.44 87.68
915.2 25844.13 22657.32 87.67
916.3 25883.78 22608.48 87.35
917.3 25847.25 22560.90 87.29
918.4 25819.06 22486.75 87.09
919.4 25792.96 22429.73 86.96
920.5 25804.34 22424.36 86.90
921.5 25824.68 22391.12 86.70
922.6 25820.42 22286.77 86.31
923.6 25802.74 22276.88 86.34
924.7 25837.63 22243.90 86.09
925.7 25830.51 22150.06 85.75
926.7 25889.20 22106.74 85.39
927.8 25949.67 22023.14 84.87
928.8 26061.51 22004.02 84.43
929.9 26114.55 22022.14 84.33
930.9 26214.58 22035.78 84.06
931.9 26363.30 22063.98 83.69
932.9 26568.63 22111.06 83.22
934.0 26604.58 22047.65 82.87
935.0 26610.78 21986.15 82.62
936.0 26639.41 21889.56 82.17
937.0 26632.91 21805.91 81.88
938.1 26589.57 21663.45 81.47
939.1 26594.73 21597.85 81.21
940.1 26647.30 21584.92 81.00
941.1 26757.94 21598.27 80.72
942.1 26950.86 21590.68 80.11
943.1 27064.46 21631.27 79.93
944.1 27200.04 21605.74 79.43
945.2 27250.86 21498.62 78.89
946.2 27341.46 21451.01 78.46
947.2 27385.31 21341.15 77.93
948.2 27528.14 21353.51 77.57
949.2 27562.84 21210.48 76.95
950.2 27601.23 21119.96 76.52
951.2 27696.06 21025.87 75.92
952.2 27776.58 20977.71 75.52
953.2 27874.44 20862.21 74.84
954.2 27994.28 20809.53 74.33
955.2 28013.52 20659.49 73.75
956.2 27975.49 20545.62 73.44
957.2 28074.45 20492.67 72.99
958.2 28163.05 20488.74 72.75
959.2 28188.45 20426.22 72.46
960.1 28244.69 20355.92 72.07
961.1 28322.00 20373.74 71.94
962.1 28304.06 20327.63 71.82
963.1 28357.97 20314.85 71.64
964.1 28464.51 20343.53 71.47
965.1 28543.56 20394.83 71.45
966.1 28584.14 20380.71 71.30
967.0 28655.80 20335.20 70.96
968.0 28697.14 20413.33 71.13
969.0 28718.80 20458.40 71.24
970.0 28760.47 20456.79 71.13
971.0 28834.42 20524.73 71.18
971.9 28848.78 20603.91 71.42
972.9 28890.31 20525.65 71.05
973.9 28948.56 20540.00 70.95
974.9 29046.70 20673.39 71.17
975.8 29063.68 20730.58 71.33
976.8 29052.58 20674.28 71.16
977.8 29165.54 20809.32 71.35
978.8 29197.88 20879.46 71.51
979.7 29189.32 20975.24 71.86
980.7 29306.81 21170.89 72.24
981.7 29477.75 21286.58 72.21
982.6 29574.16 21642.91 73.18
983.6 29987.80 21739.15 72.49
984.6 30188.75 22194.77 73.52
985.5 30563.82 22415.76 73.34
986.5 30946.12 22859.81 73.87
987.5 31666.80 23060.40 72.82
988.4 32276.75 23858.12 73.92
989.4 33081.94 24617.96 74.42
990.4 33865.04 24873.29 73.45
991.3 34680.98 25836.05 74.50
992.3 35996.38 25588.73 71.09
993.2 37249.57 26388.85 70.84
994.2 37192.84 26616.92 71.56
995.2 38468.72 27417.71 71.27
996.1 38815.33 27384.67 70.55
997.1 39248.66 26448.06 67.39
998.0 39056.40 26996.88 69.12
999.0 38843.24 26594.07 68.47
1000.0 39939.10 26851.07 67.23
1000.9 41119.71 26914.72 65.45
1001.9 38921.76 27569.58 70.83
1002.8 38260.04 26928.38 70.38
1003.8 38840.71 26883.01 69.21
1004.8 39018.78 26833.97 68.77
961.5 34611.80 20399.69 58.94
965.5 33947.81 19788.67 58.29
969.5 32673.62 19075.72 58.38
973.4 31329.21 18617.21 59.42
977.4 30182.73 18221.86 60.37
981.4 29653.05 18270.11 61.61
985.3 29580.67 18605.93 62.90
989.3 29694.74 19067.66 64.21
993.3 29811.28 19485.08 65.36
997.2 29873.76 19762.08 66.15
1001.2 29847.48 19994.78 66.99
1005.2 29766.32 20172.17 67.77
1009.1 29802.16 20405.88 68.47
1013.1 29912.80 20731.05 69.30
1017.1 29980.27 21083.31 70.32
1021.0 29997.45 21379.49 71.27
1025.0 29986.05 21622.07 72.11
1029.0 29874.56 21784.55 72.92
1032.9 29757.39 21943.61 73.74
1036.9 29719.10 22144.05 74.51
1040.9 29786.91 22437.29 75.33
1044.8 29914.06 22772.64 76.13
1048.8 30017.23 23061.84 76.83
1052.7 30081.05 23309.56 77.49
1056.7 30106.96 23482.38 78.00
1060.7 30124.55 23607.72 78.37
1064.6 30126.20 23710.86 78.71
1068.6 30068.46 23724.36 78.90
1072.5 30024.99 23693.10 78.91
1076.5 29992.38 23675.42 78.94
1080.4 29983.51 23641.59 78.85
1084.4 30049.89 23604.23 78.55
1088.3 30134.74 23538.17 78.11
1092.3 30115.74 23380.15 77.63
1096.2 30104.84 23205.90 77.08
1100.2 30142.18 23051.36 76.48
1104.1 30082.71 22815.86 75.84
1108.1 30052.27 22619.03 75.27
1112.0 29977.43 22363.92 74.60
1116.0 29868.35 22029.54 73.76
1119.9 29779.89 21673.36 72.78
1123.9 29822.35 21333.14 71.53
1127.8 29798.40 20812.80 69.85
1131.8 29786.58 20151.09 67.65
1135.7 29821.64 19395.08 65.04
1139.6 29831.38 18549.36 62.18
1143.6 29819.95 17705.83 59.38
1147.5 29803.64 16985.15 56.99
1151.4 29713.98 16361.80 55.06
1155.4 29731.43 15961.51 53.69
1159.3 29760.66 15736.61 52.88
1163.2 29674.15 15527.38 52.33
1167.2 29672.28 15416.70 51.96
1171.1 29681.80 15342.26 51.69
1175.0 29651.52 15258.89 51.46
1179.0 29638.87 15189.10 51.25
1182.9 29697.98 15157.15 51.04
1186.8 29706.14 15100.51 50.83
1190.7 29571.10 14971.78 50.63
1194.7 29411.94 14829.41 50.42
1198.6 29289.65 14722.79 50.27
1202.5 29196.66 14682.95 50.29
1206.4 29112.98 14683.70 50.44
1210.3 29056.59 14695.48 50.58
1214.2 29008.58 14721.53 50.75
1218.2 28915.95 14755.20 51.03
1222.1 28833.10 14803.00 51.34
1226.0 28785.60 14858.96 51.62
1229.9 28734.48 14923.74 51.94
1233.8 28673.70 14981.84 52.25
1237.7 28644.25 15038.08 52.50
1241.6 28596.57 15077.31 52.72
1245.5 28494.07 15086.87 52.95
1249.4 28422.55 15097.80 53.12
1253.3 28356.92 15115.18 53.30
1257.2 28323.43 15124.08 53.40
1261.1 28264.79 15096.13 53.41
1265.0 28184.91 15058.61 53.43
1268.9 28067.43 14990.53 53.41
1272.8 28106.70 14993.85 53.35
1276.7 28238.01 15035.42 53.25
1280.6 28297.17 15004.66 53.03
1284.5 28250.81 14885.83 52.69
1288.4 28234.52 14769.64 52.31
1292.3 28165.50 14597.00 51.83
1296.2 28076.33 14392.34 51.26
1300.1 27971.71 14158.59 50.62
1303.9 27830.79 13870.46 49.84
1307.8 27679.51 13561.47 48.99
1311.7 27513.83 13221.87 48.06
1315.6 27356.90 12873.38 47.06
1319.5 27190.78 12503.59 45.98
1323.3 27036.43 12121.43 44.83
1327.2 26898.46 11753.09 43.69
1331.1 26745.75 11364.84 42.49
1335.0 26551.82 10970.95 41.32
1338.8 26417.20 10628.96 40.23
1342.7 26306.22 10302.13 39.16
1346.5 26068.84 9933.90 38.11
1350.4 25867.11 9600.52 37.11
1354.3 25587.95 9267.41 36.22
1358.1 25293.52 8952.51 35.39
1362.0 25095.25 8678.49 34.58
1365.8 25024.00 8440.89 33.73
1369.7 25106.98 8228.82 32.78
1373.5 25078.13 7913.96 31.56
1377.4 24917.97 7471.55 29.98
1381.2 24782.40 6961.41 28.09
1385.1 24754.66 6468.27 26.13
1389.0 24692.16 5987.60 24.25
1392.8 24567.88 5504.15 22.40
1396.6 24460.52 5078.70 20.76
1400.5 24320.99 4715.22 19.39
1404.3 24225.89 4424.56 18.26
1408.2 24204.64 4212.15 17.40
1412.0 24174.50 4041.97 16.72
1415.8 24201.79 3926.62 16.22
1419.6 24176.54 3839.27 15.88
1423.5 24162.30 3758.58 15.56
1427.3 24156.22 3701.05 15.32
1431.1 24149.78 3675.83 15.22
1434.9 24082.82 3631.55 15.08
1438.8 24045.91 3597.51 14.96
1442.6 24021.66 3584.32 14.92
1446.4 23948.95 3568.14 14.90
1450.2 23899.20 3552.71 14.87
1454.0 23823.72 3549.96 14.90
1457.8 23805.13 3557.25 14.94
1461.6 23794.65 3558.95 14.96
1465.4 23719.51 3563.51 15.02
1469.2 23598.58 3567.20 15.12
1473.0 23505.47 3595.38 15.30
1476.8 23479.35 3633.41 15.47
1480.7 23444.07 3673.75 15.67
1484.4 23358.60 3720.96 15.93
1488.2 23294.76 3777.96 16.22
1492.0 23212.99 3836.24 16.53
1495.8 23134.48 3897.08 16.85
1499.6 23068.04 3947.23 17.11
1503.4 22989.82 3990.27 17.36
1507.2 22924.40 4043.17 17.64
1510.9 22832.54 4090.88 17.92
1514.7 22729.47 4130.71 18.17
1518.5 22650.58 4172.48 18.42
1522.3 22564.73 4214.45 18.68
1526.0 22502.83 4266.75 18.96
1529.8 22457.39 4327.53 19.27
1533.6 22379.96 4371.31 19.53
1537.3 22300.49 4417.84 19.81
1541.1 22218.14 4462.37 20.08
1544.8 22130.40 4504.80 20.36
1548.6 22049.49 4560.39 20.68
1552.4 21992.28 4614.05 20.98
1556.1 21940.64 4648.89 21.19
1559.9 21881.16 4675.48 21.37
1563.6 21806.79 4703.94 21.57
1567.3 21732.27 4748.93 21.85
1571.1 21585.13 4787.94 22.18
1574.8 21494.94 4840.84 22.52
1578.6 21441.85 4895.40 22.83
1582.3 21360.05 4926.12 23.06
1586.0 21278.88 4954.93 23.29
1589.8 21182.42 4982.83 23.52
1593.5 21087.16 5000.96 23.72
1597.2 21011.15 5022.89 23.91
1600.9 20910.91 5036.69 24.09
1604.7 20817.19 5055.91 24.29
1608.4 20751.75 5076.66 24.46
1612.1 20653.79 5096.76 24.68
1615.8 20554.46 5119.97 24.91
1619.5 20509.10 5154.99 25.14
1623.2 20415.20 5180.44 25.38
1626.9 20293.94 5183.08 25.54
1630.6 20187.64 5198.16 25.75
1634.3 20108.09 5208.37 25.90
1638.0 20016.12 5198.12 25.97
1641.7 19907.78 5188.32 26.06
1645.4 19793.59 5171.04 26.12
1649.1 19676.58 5154.87 26.20
1652.8 19573.89 5138.56 26.25
1656.4 19468.81 5116.29 26.28
1660.1 19373.12 5101.92 26.34
1663.8 19253.37 5086.99 26.42
1667.5 19154.03 5070.25 26.47
1671.1 19073.44 5050.43 26.48
1674.8 18955.63 5013.62 26.45
1678.5 18920.35 5001.18 26.43
1682.1 18926.99 4995.69 26.39
1685.8 18934.59 4983.65 26.32
1689.5 18875.64 4945.76 26.20
1693.1 18777.51 4894.05 26.06
1696.8 18693.63 4852.13 25.96
1700.4 18605.80 4794.97 25.77
1704.0 18533.22 4745.73 25.61
1707.7 18380.44 4675.70 25.44
1711.3 18186.09 4588.28 25.23
1715.0 18064.01 4509.43 24.96
1718.6 17962.81 4444.58 24.74
1722.2 17869.77 4380.15 24.51
1725.9 17778.98 4314.44 24.27
1729.5 17683.82 4267.10 24.13
1733.1 17615.86 4231.84 24.02
1736.7 17543.89 4195.85 23.92
1740.3 17426.02 4140.96 23.76
1744.0 17375.79 4092.37 23.55
1747.5 17289.32 4045.57 23.40
1751.2 17148.24 3975.30 23.18
1754.8 17043.21 3909.02 22.94
1758.4 16959.78 3852.54 22.72
1762.0 16844.84 3793.73 22.52
1765.5 16763.61 3753.12 22.39
1769.1 16735.20 3732.00 22.30
1772.7 16687.95 3701.71 22.18
1776.3 16608.65 3671.05 22.10
1779.9 16528.93 3638.77 22.01
1783.5 16504.40 3618.32 21.92
1787.0 16420.93 3586.07 21.84
1790.6 16313.97 3553.07 21.78
1794.2 16250.54 3534.93 21.75
1797.8 16183.76 3510.29 21.69
1801.3 16118.56 3499.41 21.71
1804.9 16020.38 3486.00 21.76
1808.4 15971.30 3475.04 21.76
1812.0 15882.75 3461.63 21.79
1815.5 15784.84 3438.86 21.79
1819.1 15650.89 3407.56 21.77
1822.6 15532.45 3385.28 21.79
1826.2 15446.30 3358.78 21.74
1829.7 15337.22 3323.21 21.67
1833.2 15178.78 3287.66 21.66
1836.8 15030.02 3258.26 21.68
1840.3 14950.04 3225.87 21.58
1843.8 14886.20 3203.62 21.52
1847.3 14837.06 3198.50 21.56
1850.8 14793.41 3173.18 21.45
1854.3 14722.56 3121.73 21.20
1857.8 14658.80 3057.60 20.86
1861.3 14629.20 2971.00 20.31
1864.8 14572.84 2818.17 19.34
1868.3 14425.58 2629.51 18.23
1871.8 14284.80 2465.28 17.26
1875.3 14255.61 2343.71 16.44
1878.8 14246.03 2219.66 15.58
1882.3 14193.40 2114.91 14.90
1885.8 14118.50 2023.81 14.33
1889.3 13979.52 1951.79 13.96
1892.7 13865.36 1912.46 13.79
1896.2 13804.86 1900.46 13.77
1899.7 13707.11 1867.66 13.63
1903.1 13634.54 1901.59 13.95
1906.6 13688.09 2037.97 14.89
1910.0 13884.77 2168.19 15.62
1913.5 14226.75 2282.96 16.05
1917.0 14474.60 2547.83 17.60
1920.4 14745.78 2819.73 19.12
1923.8 15062.87 2925.88 19.42
1871.2 12888.95 1865.81 14.48
1873.9 13047.08 1846.99 14.16
1876.7 13250.10 1837.24 13.87
1879.5 13307.88 1693.04 12.72
1882.3 13009.24 1650.97 12.69
1885.1 13033.44 1568.84 12.04
1887.8 13145.19 1492.65 11.36
1890.6 12997.04 1481.37 11.40
1893.4 12958.00 1422.67 10.98
1896.2 12845.61 1368.46 10.65
1898.9 12795.28 1387.44 10.84
1901.7 12697.20 1363.77 10.74
1904.5 12812.38 1322.50 10.32
1907.2 12777.50 1344.25 10.52
1910.0 12693.31 1374.82 10.83
1912.7 12674.55 1365.14 10.77
1915.5 12622.22 1366.09 10.82
1918.2 12592.16 1370.50 10.88
1921.0 12470.84 1337.51 10.73
1923.7 12502.92 1337.34 10.70
1926.5 12525.14 1351.52 10.79
1929.2 12499.59 1346.80 10.77
1932.0 12466.20 1355.64 10.87
1934.7 12450.39 1353.85 10.87
1937.4 12388.06 1308.90 10.57
1940.2 12333.29 1312.31 10.64
1942.9 12377.93 1339.80 10.82
1945.6 12406.16 1334.84 10.76
1948.3 12364.25 1347.73 10.90
1951.1 12353.04 1342.46 10.87
1953.8 12345.00 1326.00 10.74
1956.5 12249.55 1356.74 11.08
1959.2 12291.89 1360.45 11.07
1961.9 12307.40 1326.10 10.77
1964.6 12224.28 1338.75 10.95
1967.3 12284.97 1337.97 10.89
1970.0 12156.72 1311.28 10.79
1972.8 12093.19 1335.52 11.04
1975.5 12180.79 1369.68 11.24
1978.2 12109.24 1346.12 11.12
1980.9 12027.29 1346.73 11.20
1983.5 11996.88 1352.38 11.27
1986.2 11983.38 1341.51 11.19
1988.9 11983.38 1367.70 11.41
1991.6 11899.51 1349.85 11.34
1994.3 11798.84 1314.19 11.14
1997.0 11807.25 1346.52 11.40
1999.7 11770.96 1355.43 11.52
2002.3 11768.44 1346.28 11.44
2005.0 11742.55 1360.66 11.59
2007.7 11687.40 1376.00 11.77
2010.4 11651.26 1373.26 11.79
2013.0 11630.36 1348.53 11.59
2015.7 11528.64 1344.11 11.66
2018.4 11457.30 1364.44 11.91
2021.0 11452.33 1365.67 11.92
2023.7 11380.16 1342.67 11.80
2026.4 11323.00 1346.37 11.89
2029.0 11263.54 1377.72 12.23
2031.7 11193.43 1366.08 12.20
2034.3 11193.43 1343.55 12.00
2037.0 11130.51 1362.46 12.24
2039.6 11076.09 1372.91 12.40
2042.3 11047.98 1348.00 12.20
2044.9 11026.46 1340.79 12.16
2047.5 11001.21 1354.82 12.32
2050.2 10900.40 1335.60 12.25
2052.8 10894.80 1346.80 12.36
2055.4 10822.84 1358.81 12.56
2058.1 10738.00 1335.60 12.44
2060.7 10718.83 1347.19 12.57
2063.3 10653.43 1340.39 12.58
2065.9 10619.50 1328.83 12.51
2068.6 10577.63 1331.63 12.59
2071.2 10537.83 1330.83 12.63
2073.8 10490.95 1340.40 12.78
2076.4 10463.25 1335.97 12.77
2079.0 10439.15 1337.56 12.81
2081.6 10423.40 1339.15 12.85
2084.2 10414.77 1343.11 12.90
2086.8 10346.04 1340.63 12.96
2089.4 10282.92 1327.56 12.91
2092.1 10234.00 1328.83 12.98
2094.7 10195.43 1319.28 12.94
2097.2 10197.17 1337.33 13.11
2099.8 10202.45 1349.32 13.23
2102.4 10082.46 1327.84 13.17
2105.0 9986.40 1330.95 13.33
2107.6 9963.47 1304.54 13.09
2110.2 9945.83 1312.85 13.20
2112.8 9950.08 1334.31 13.41
2115.3 9950.34 1362.51 13.69
2117.9 9955.62 1357.98 13.64
2120.5 9928.49 1326.33 13.36
2123.1 9866.03 1316.25 13.34
2125.6 9842.13 1338.25 13.60
2128.2 9772.14 1372.61 14.05
2130.8 9719.78 1363.05 14.02
2133.3 9694.67 1340.53 13.83
2135.9 9628.08 1341.40 13.93
2138.4 9561.93 1337.79 13.99
2141.0 9493.76 1319.31 13.90
2143.6 9481.01 1328.05 14.01
2146.1 9385.04 1307.56 13.93
2148.7 9294.55 1286.26 13.84
2151.2 9319.20 1290.67 13.85
2153.8 9286.22 1324.50 14.26
2156.3 9196.68 1317.19 14.32
2158.8 9176.01 1296.51 14.13
2161.4 9166.37 1323.80 14.44
2163.9 9107.40 1320.85 14.50
2166.4 9056.27 1289.11 14.23
2169.0 9041.49 1286.15 14.22
2171.5 8982.35 1289.11 14.35
2174.0 8919.05 1288.18 14.44
2176.5 8910.20 1291.68 14.50
2179.1 8872.37 1267.91 14.29
2181.6 8820.83 1268.38 14.38
2184.1 8802.64 1299.76 14.77
2186.6 8815.58 1277.30 14.49
2189.1 8766.51 1197.33 13.66
2191.6 8725.27 1231.53 14.11
2194.1 8759.24 1295.45 14.79
2196.6 8743.02 1260.16 14.41
2199.2 8762.69 1273.24 14.53
2201.7 8728.52 1267.91 14.53
2204.1 8693.38 1227.78 14.12
2206.6 8724.47 1264.47 14.49
2209.1 8690.36 1279.33 14.72
2211.6 8648.75 1263.81 14.61
2214.1 8641.19 1277.36 14.78
2216.6 8629.81 1268.64 14.70
2219.1 8603.23 1253.45 14.57
2221.6 8565.00 1225.75 14.31
2224.0 8580.12 1211.58 14.12
2226.5 8553.64 1221.41 14.28
2229.0 8526.93 1221.94 14.33
2231.5 8456.64 1225.60 14.49
2233.9 8447.09 1200.68 14.21
2236.4 8434.10 1200.46 14.23
2238.9 8377.75 1185.75 14.15
2241.3 8418.52 1138.79 13.53
2243.8 8391.31 1158.23 13.80
2246.2 8272.81 1194.01 14.43
2248.7 8260.98 1180.14 14.29
2251.2 8270.85 1160.69 14.03
2253.6 8217.60 1132.80 13.79
2256.1 8198.40 1109.76 13.54
2258.5 8205.80 1156.34 14.09
2260.9 8176.22 1142.83 13.98
2263.4 8125.75 1093.93 13.46
2265.8 8124.16 1107.84 13.64
2268.3 8073.80 1092.93 13.54
2270.7 8110.40 1086.25 13.39
2273.1 8107.19 1085.31 13.39
2275.6 8037.12 1079.04 13.43
2278.0 8047.94 1064.60 13.23
2280.4 8050.71 1065.99 13.24
2282.8 7936.92 1056.97 13.32
2285.3 7936.09 1034.30 13.03
2287.7 8013.06 1042.64 13.01
2290.1 7946.20 1035.77 13.03
2292.5 7908.89 1039.70 13.15
2294.9 7966.56 1055.10 13.24
2297.3 7878.36 1016.44 12.90
2299.7 7782.17 979.19 12.58
2302.1 7817.38 989.94 12.66
2304.5 7722.40 948.64 12.28
2306.9 7647.92 944.72 12.35
2309.3 7632.91 956.07 12.53
2311.7 7536.00 930.23 12.34
2314.1 7439.51 897.94 12.07
2316.5 7426.90 918.02 12.36
2318.9 7433.98 934.18 12.57
2321.3 7420.20 923.07 12.44
2323.7 7439.58 954.41 12.83
2326.1 7403.11 951.08 12.85
2328.4 7412.50 943.85 12.73
2330.8 7505.15 952.97 12.70
2333.2 7417.12 938.98 12.66
2335.6 7356.75 929.97 12.64
2337.9 7411.84 922.31 12.44
2340.3 7376.47 906.84 12.29
2342.7 7282.70 914.04 12.55
2345.0 7270.29 913.03 12.56
2347.4 7284.50 918.00 12.60
2349.7 7133.68 892.78 12.51
2352.1 7080.04 874.82 12.36
2354.4 7143.83 881.16 12.33
2356.8 7126.82 863.33 12.11
2359.2 7067.67 888.33 12.57
2361.5 7038.06 872.67 12.40
2363.8 7031.06 825.63 11.74
2366.2 7039.27 856.19 12.16
2368.5 7035.45 854.40 12.14
2370.9 7023.13 836.51 11.91
2373.2 6987.82 858.86 12.29
2375.5 6900.63 850.70 12.33
2377.9 6892.20 811.38 11.77
2380.2 6890.83 820.12 11.90
2382.5 6864.93 831.70 12.12
2384.8 6830.08 798.08 11.68
2387.2 6784.02 829.84 12.23
2389.5 6780.31 816.85 12.05
2391.8 6787.76 789.05 11.62
2394.1 6727.26 815.72 12.13
2396.4 6676.90 812.84 12.17
2398.7 6732.64 833.06 12.37
2401.0 6690.59 830.76 12.42
2403.3 6603.48 781.86 11.84
2405.6 6572.81 774.74 11.79
2407.9 6583.14 791.58 12.02
2410.2 6542.40 762.03 11.65
2412.5 6479.13 741.92 11.45
2414.8 6475.24 729.17 11.26
2417.1 6452.08 758.77 11.76
2419.4 6434.35 765.87 11.90
2421.7 6386.85 725.42 11.36
2424.0 6345.28 744.95 11.74
2426.2 6355.80 749.00 11.78
2428.5 6327.75 708.49 11.20
2430.8 6349.25 719.40 11.33
2433.1 6300.57 757.84 12.03
2435.4 6204.86 749.73 12.08
2437.6 6227.24 738.54 11.86
2439.9 6165.27 696.26 11.29
2442.2 6149.09 665.54 10.82
2444.4 6162.60 712.17 11.56
2446.7 6079.44 718.32 11.82
2448.9 6081.55 704.68 11.59
2451.2 6103.04 727.12 11.91
2453.4 6038.72 693.07 11.48
2455.7 6026.93 699.39 11.60
2457.9 5958.48 708.18 11.89
2460.2 5949.23 659.66 11.09
2462.4 5977.92 636.48 10.65
2464.7 5891.98 668.68 11.35
2466.9 5829.36 693.36 11.89
2469.2 5872.39 680.58 11.59
2471.4 5796.90 649.94 11.21
2473.6 5737.62 595.86 10.39
2475.9 5730.24 623.15 10.87
2478.1 5663.45 676.34 11.94
2480.3 5645.91 647.44 11.47
2482.5 5682.93 643.35 11.32
2484.8 5614.17 677.20 12.06
2487.0 5547.59 636.97 11.48
2489.2 5555.75 678.45 12.21
2491.4 5471.72 707.02 12.92
2493.6 5479.00 587.88 10.73
2495.8 5550.75 617.63 11.13
2498.0 5512.53 689.07 12.50
2500.2 5509.95 615.03 11.16
2502.4 5736.48 630.48 10.99
2504.6 5803.02 685.47 11.81
2506.8 5806.03 691.66 11.91
