/*** Spectra Vista SIG Data ***/
name= \My Documents\HR1024_Data\RD5S9.
instrument= HR: 1091052
integration= 400, 60, 30, 500, 60, 30
scan time= 1, 1
scan settings= AD, AI, AD, AI
external data set1= 8224, 8224, 8224, 8224, 8224, 8224, 8224, 8224, 8224, 8224, 8224, 8224, 8224, 8224, 8224, 8224
external data set2= 8224, 8224, 8224, 8224, 8224, 8224, 8224, 8224, 8224, 8224, 8224, 8224, 8224, 8224, 8224, 8224
external data dark= 0,0,0,0,0,0,0,0
external data mask= 0
optic= LENS4 , LENS4 
temp= 32.34, 8.94, -5.37, 41.28, 8.88, -5.30
battery= 7.5, 7.0
error= 0, 0
units= Radiance, Radiance
time= 3/11/08 9:20:48 AM, 3/11/08 9:42:22 AM
longitude= , 
latitude= , 
gpstime= , 
comm= 
memory slot= 0, 0
factors= 
data= 
346.4 366.28 133.77 36.52
347.9 400.03 125.50 31.37
349.5 432.12 134.78 31.19
351.1 468.00 129.79 27.73
352.6 496.51 144.21 29.04
354.2 520.33 145.30 27.92
355.7 575.84 152.21 26.43
357.3 598.14 155.34 25.97
358.8 616.87 164.96 26.74
360.4 668.33 168.84 25.26
361.9 686.05 158.80 23.15
363.5 715.01 171.74 24.02
365.1 743.78 178.92 24.06
366.6 778.54 175.39 22.53
368.2 824.27 183.99 22.32
369.7 873.39 188.06 21.53
371.3 928.49 193.60 20.85
372.8 977.74 200.53 20.51
374.4 1016.27 208.26 20.49
375.9 1052.58 206.54 19.62
377.4 1084.71 213.36 19.67
379.0 1129.79 220.23 19.49
380.5 1157.14 212.96 18.40
382.1 1186.43 206.85 17.43
383.6 1234.64 222.26 18.00
385.2 1293.88 218.90 16.92
386.7 1345.63 222.02 16.50
388.3 1410.38 223.92 15.88
389.8 1464.46 231.68 15.82
391.3 1527.57 235.05 15.39
392.9 1567.60 244.67 15.61
394.4 1609.87 252.83 15.71
395.9 1662.63 265.02 15.94
397.5 1749.05 271.32 15.51
399.0 1827.74 275.63 15.08
400.6 1876.29 278.47 14.84
402.1 1904.04 277.61 14.58
403.6 1943.17 280.03 14.41
405.1 1994.81 276.03 13.84
406.7 2061.92 278.66 13.51
408.2 2135.06 286.90 13.44
409.7 2198.56 298.37 13.57
411.3 2272.05 305.69 13.45
412.8 2335.64 314.74 13.48
414.3 2399.77 318.18 13.26
415.8 2475.00 329.00 13.29
417.4 2547.71 338.01 13.27
418.9 2612.23 345.09 13.21
420.4 2658.25 351.94 13.24
421.9 2705.56 351.38 12.99
423.5 2743.63 354.92 12.94
425.0 2788.02 350.61 12.58
426.5 2844.45 365.50 12.85
428.0 2917.63 369.45 12.66
429.5 3009.90 371.30 12.34
431.1 3112.45 380.03 12.21
432.6 3227.88 390.65 12.10
434.1 3329.29 400.40 12.03
435.6 3423.98 410.99 12.00
437.1 3517.80 425.88 12.11
438.6 3607.74 432.30 11.98
440.1 3694.39 442.49 11.98
441.6 3790.73 454.97 12.00
443.1 3873.83 463.32 11.96
444.7 3959.99 460.32 11.62
446.2 4024.76 468.99 11.65
447.7 4101.41 478.10 11.66
449.2 4174.20 485.57 11.63
450.7 4238.00 488.38 11.52
452.2 4313.18 498.32 11.55
453.7 4393.64 502.13 11.43
455.2 4491.99 507.63 11.30
456.7 4618.24 518.14 11.22
458.2 4761.06 534.74 11.23
459.7 4899.13 546.00 11.14
461.2 5044.37 568.33 11.27
462.7 5165.05 575.66 11.15
464.2 5287.79 591.46 11.19
465.7 5408.14 600.05 11.10
467.2 5518.98 614.46 11.13
468.7 5631.00 632.00 11.22
470.2 5705.20 639.72 11.21
471.7 5821.13 655.50 11.26
473.2 6011.22 666.97 11.10
474.6 6153.75 693.38 11.27
476.1 6204.18 691.12 11.14
477.6 6220.94 694.52 11.16
479.1 6250.52 685.75 10.97
480.6 6293.37 685.63 10.89
482.1 6374.96 690.20 10.83
483.6 6474.12 697.31 10.77
485.1 6599.29 704.55 10.68
486.6 6739.10 718.97 10.67
488.0 6898.13 733.85 10.64
489.5 7058.36 750.65 10.63
491.0 7224.81 766.26 10.61
492.5 7392.87 787.97 10.66
494.0 7557.79 797.88 10.56
495.4 7702.20 817.08 10.61
496.9 7844.83 830.32 10.58
498.4 7990.29 844.90 10.57
499.9 8131.50 856.00 10.53
501.4 8263.45 878.08 10.63
502.8 8392.79 884.12 10.53
504.3 8499.60 893.52 10.51
505.8 8611.18 911.56 10.59
507.2 8674.01 921.53 10.62
508.7 8728.20 926.53 10.62
510.2 8764.92 928.45 10.59
511.6 8789.76 944.01 10.74
513.1 8840.43 947.72 10.72
514.6 8904.34 957.14 10.75
516.0 8958.85 960.41 10.72
517.5 9056.55 975.03 10.77
519.0 9171.31 987.29 10.76
520.5 9287.32 1002.37 10.79
521.9 9437.16 1015.88 10.76
523.4 9612.27 1039.94 10.82
524.8 9785.79 1056.24 10.79
526.3 9984.58 1085.22 10.87
527.8 10184.06 1109.30 10.89
529.2 10366.76 1131.98 10.92
530.7 10567.61 1162.63 11.00
532.1 10746.40 1183.04 11.01
533.6 10959.02 1212.94 11.07
535.0 11168.56 1241.86 11.12
536.5 11376.00 1273.40 11.19
538.0 11592.92 1294.62 11.17
539.4 11785.91 1318.47 11.19
540.9 12037.93 1351.91 11.23
542.3 12246.63 1366.71 11.16
543.8 12400.56 1394.50 11.25
545.2 12445.48 1402.64 11.27
546.6 12442.01 1404.76 11.29
548.1 12455.19 1405.67 11.29
549.5 12460.55 1414.11 11.35
551.0 12456.77 1409.27 11.31
552.4 12484.13 1417.18 11.35
553.9 12491.52 1420.54 11.37
555.3 12509.64 1431.38 11.44
556.8 12569.08 1446.21 11.51
558.2 12630.94 1453.95 11.51
559.6 12713.51 1468.74 11.55
561.1 12831.00 1493.70 11.64
562.5 12959.42 1517.25 11.71
564.0 13129.35 1544.42 11.76
565.4 13288.41 1580.05 11.89
566.8 13487.87 1612.08 11.95
568.3 13678.39 1651.13 12.07
569.7 13879.32 1693.91 12.20
571.1 14074.77 1733.61 12.32
572.6 14269.77 1778.76 12.47
574.0 14463.08 1822.26 12.60
575.4 14650.03 1873.13 12.79
576.9 14818.07 1919.61 12.95
578.3 14977.46 1972.69 13.17
579.7 15131.24 2018.98 13.34
581.1 15254.19 2073.19 13.59
582.6 15387.18 2126.86 13.82
584.0 15508.86 2181.90 14.07
585.4 15681.05 2245.00 14.32
586.8 15909.04 2319.56 14.58
588.3 16162.38 2392.42 14.80
589.7 16371.81 2458.87 15.02
591.1 16519.39 2532.71 15.33
592.5 16589.78 2603.69 15.69
594.0 16627.80 2656.90 15.98
595.4 16637.76 2718.90 16.34
596.8 16651.64 2780.78 16.70
598.2 16659.51 2852.72 17.12
599.6 16659.36 2921.18 17.53
601.0 16705.59 3000.70 17.96
602.4 16752.94 3077.05 18.37
603.9 16822.23 3170.78 18.85
605.3 16905.11 3259.54 19.28
606.7 16973.10 3361.68 19.81
608.1 17114.04 3486.77 20.37
609.5 17255.15 3611.32 20.93
610.9 17434.91 3743.90 21.47
612.3 17598.49 3882.41 22.06
613.7 17818.60 4038.99 22.67
615.1 17967.42 4182.19 23.28
616.5 18122.06 4328.36 23.88
617.9 18356.64 4506.87 24.55
619.3 18578.68 4688.53 25.24
620.7 18848.67 4885.70 25.92
622.1 19119.58 5088.58 26.61
623.5 19414.06 5306.26 27.33
624.9 19741.18 5532.35 28.02
626.3 19952.52 5747.81 28.81
627.7 19741.37 5834.48 29.55
629.1 19544.02 5925.95 30.32
630.5 19457.12 6055.22 31.12
631.9 19461.81 6199.26 31.85
633.3 19457.49 6330.93 32.54
634.7 19533.17 6473.78 33.14
636.1 19566.68 6542.76 33.44
637.5 19597.55 6598.75 33.67
638.9 19677.50 6643.84 33.76
640.2 19731.43 6705.60 33.98
641.6 19754.28 6784.13 34.34
643.0 19715.36 6850.60 34.75
644.4 19707.26 6964.66 35.34
645.8 19650.11 7083.39 36.05
647.2 19716.78 7261.80 36.83
648.5 19765.84 7447.05 37.68
649.9 19671.60 7624.27 38.76
651.3 19608.23 7833.60 39.95
652.7 19503.68 8010.06 41.07
654.1 19390.95 7955.64 41.03
655.5 19238.75 7831.94 40.71
656.8 19118.09 7726.98 40.42
658.2 19225.93 7728.17 40.20
659.6 19449.31 7813.18 40.17
660.9 19643.18 7883.90 40.14
662.3 19825.21 7947.49 40.09
663.7 20008.80 8007.72 40.02
665.0 20165.89 8058.44 39.96
666.4 20328.89 8122.06 39.95
667.8 20535.62 8211.78 39.99
669.1 20711.76 8288.79 40.02
670.5 20914.18 8393.86 40.13
671.9 21055.86 8494.56 40.34
673.2 21237.33 8650.35 40.73
674.6 21400.77 8818.42 41.21
676.0 21596.49 9028.64 41.81
677.3 21793.24 9272.47 42.55
678.7 21992.69 9553.15 43.44
680.0 22269.19 9908.77 44.50
681.4 22542.00 10328.23 45.82
682.8 22829.63 10806.25 47.33
684.1 23112.18 11323.73 48.99
685.5 23364.31 11866.43 50.79
686.8 23617.23 12423.00 52.60
688.2 23841.32 12938.93 54.27
689.5 23927.84 13375.53 55.90
690.9 23997.39 13774.25 57.40
692.2 24047.78 14119.86 58.72
693.6 24110.83 14453.97 59.95
694.9 24095.99 14703.56 61.02
696.2 24121.97 14957.82 62.01
697.6 24149.95 15155.64 62.76
698.9 24174.48 15369.02 63.58
700.3 24215.57 15565.03 64.28
701.6 24264.40 15749.09 64.91
703.0 24323.35 15912.99 65.42
704.3 24329.34 16025.82 65.87
705.6 24327.41 16151.87 66.39
707.0 24334.75 16250.21 66.78
708.3 24282.08 16304.13 67.14
709.6 24223.21 16350.49 67.50
711.0 24124.28 16367.80 67.85
712.3 24015.02 16397.38 68.28
713.6 23977.17 16456.94 68.64
714.9 23907.38 16489.28 68.97
716.3 23880.58 16549.56 69.30
717.6 23876.83 16628.44 69.64
718.9 23805.06 16638.50 69.89
720.2 23675.16 16586.30 70.06
721.6 23576.15 16578.95 70.32
722.9 23446.45 16539.73 70.54
724.2 23274.82 16490.74 70.85
725.5 23133.68 16469.77 71.19
726.8 23009.81 16436.43 71.43
728.1 22933.91 16434.75 71.66
729.5 22856.87 16444.01 71.94
730.8 22796.53 16465.52 72.23
732.1 22719.29 16477.88 72.53
733.4 22660.56 16500.46 72.82
734.7 22602.67 16521.40 73.09
736.0 22569.89 16567.77 73.41
737.3 22520.76 16602.29 73.72
738.6 22554.56 16703.13 74.06
739.9 22633.16 16843.20 74.42
741.2 22698.59 16957.67 74.71
742.5 22841.25 17145.95 75.07
743.8 23091.34 17417.40 75.43
745.1 23491.07 17795.05 75.75
746.4 23957.57 18225.84 76.08
747.7 24466.55 18645.26 76.21
749.0 24948.63 19033.95 76.29
750.3 25229.30 19247.37 76.29
751.6 25175.69 19212.94 76.32
752.9 24925.64 19069.18 76.50
754.2 24630.59 18927.17 76.84
755.4 24314.44 18772.95 77.21
756.7 24210.69 18772.75 77.54
758.0 24235.24 18876.22 77.89
759.3 24394.18 19102.30 78.31
760.6 24621.52 19376.90 78.70
761.9 24823.09 19639.00 79.12
763.1 24955.30 19803.84 79.36
764.4 25125.21 19998.97 79.60
765.7 25257.38 20166.90 79.85
767.0 25349.99 20320.94 80.16
768.2 25431.84 20448.96 80.41
769.5 25509.93 20582.92 80.69
770.8 25646.87 20744.56 80.89
772.0 25674.66 20841.76 81.18
773.3 25762.96 20979.78 81.43
774.6 25839.71 21108.06 81.69
775.8 25921.43 21220.03 81.86
777.1 25948.26 21289.44 82.05
778.4 25918.05 21323.85 82.27
779.6 25945.86 21398.06 82.47
780.9 25904.00 21446.40 82.79
782.1 25811.51 21455.56 83.12
783.4 25819.04 21527.17 83.38
784.6 25849.06 21617.42 83.63
785.9 26028.56 21891.46 84.11
787.1 26416.14 22272.12 84.31
788.4 26716.91 22554.15 84.42
789.6 26732.54 22497.70 84.16
790.9 26499.75 22259.79 84.00
792.1 26215.36 22079.07 84.22
793.4 25939.41 21932.40 84.55
794.6 25766.06 21829.91 84.72
795.8 25608.38 21760.40 84.97
797.1 25427.85 21674.52 85.24
798.3 25301.10 21638.43 85.52
799.5 25235.55 21641.07 85.76
800.8 25155.70 21637.02 86.01
802.0 25074.70 21614.64 86.20
803.2 24986.56 21585.71 86.39
804.5 24925.76 21595.84 86.64
805.7 24855.66 21561.47 86.75
806.9 24776.64 21558.91 87.01
808.1 24708.89 21550.12 87.22
809.4 24677.19 21574.91 87.43
810.6 24617.78 21570.64 87.62
811.8 24606.91 21605.98 87.80
813.0 24601.75 21664.47 88.06
814.2 24620.30 21736.99 88.29
815.4 24684.78 21851.90 88.52
816.6 24715.54 21892.94 88.58
817.9 24752.29 21952.27 88.69
819.1 24717.85 21941.76 88.77
820.3 24615.89 21897.48 88.96
821.5 24558.22 21881.64 89.10
822.7 24525.20 21882.75 89.23
823.9 24512.51 21924.39 89.44
825.1 24512.73 21924.13 89.44
826.3 24527.23 21976.62 89.60
827.5 24554.23 22028.09 89.71
828.7 24585.24 22084.99 89.83
829.9 24620.63 22158.34 90.00
831.0 24677.45 22208.55 90.00
832.2 24735.00 22287.85 90.11
833.4 24800.15 22358.05 90.15
834.6 24827.34 22432.50 90.35
835.8 24886.58 22502.34 90.42
837.0 24941.18 22597.95 90.60
838.1 25036.55 22700.06 90.67
839.3 25073.20 22787.70 90.88
840.5 25138.07 22869.28 90.97
841.7 25214.76 23010.97 91.26
842.9 25311.78 23150.89 91.46
844.0 25352.29 23238.74 91.66
845.2 25454.19 23374.85 91.83
846.4 25527.43 23471.38 91.95
847.5 25656.16 23635.09 92.12
848.7 25745.00 23762.03 92.30
849.9 25879.71 23872.22 92.24
851.0 25913.04 23921.16 92.31
852.2 25966.07 23991.15 92.39
853.3 25941.98 24000.57 92.52
854.5 25934.86 24012.27 92.59
855.6 25916.94 24042.82 92.77
856.8 25944.85 24088.78 92.85
857.9 25943.54 24115.44 92.95
859.1 25996.60 24207.28 93.12
860.2 26027.46 24233.26 93.11
861.4 26023.97 24300.93 93.38
862.5 26059.24 24339.61 93.40
863.7 26115.12 24408.20 93.46
864.8 26101.25 24466.68 93.74
865.9 26082.46 24452.94 93.75
867.1 26099.25 24503.09 93.88
868.2 26099.69 24533.98 94.00
869.3 26128.19 24557.04 93.99
870.5 26099.47 24553.10 94.08
871.6 26087.08 24573.90 94.20
872.7 26136.21 24625.13 94.22
873.9 26148.82 24654.81 94.29
875.0 26142.73 24653.31 94.30
876.1 26142.29 24660.32 94.33
877.2 26184.05 24697.44 94.32
878.3 26169.01 24707.43 94.41
879.4 26191.11 24742.14 94.47
880.5 26214.48 24757.20 94.44
881.7 26220.35 24778.78 94.50
882.8 26271.44 24790.52 94.36
883.9 26272.50 24780.22 94.32
885.0 26275.91 24775.57 94.29
886.1 26278.81 24748.79 94.18
887.2 26194.66 24651.90 94.11
888.3 26154.69 24560.32 93.90
889.4 26083.75 24494.79 93.91
890.5 26060.47 24475.59 93.92
891.6 26043.45 24418.49 93.76
892.7 26025.13 24431.87 93.88
893.8 26046.70 24442.28 93.84
894.9 26070.72 24431.88 93.71
896.0 26059.51 24408.48 93.66
897.0 26054.12 24432.89 93.78
898.1 26079.30 24452.13 93.76
899.2 26095.96 24422.23 93.59
900.3 26052.56 24391.46 93.62
901.4 26029.33 24338.03 93.50
902.4 26018.83 24349.26 93.58
903.5 26017.27 24274.55 93.30
904.6 26012.16 24285.02 93.36
905.7 26050.43 24267.67 93.16
906.7 26024.14 24268.64 93.25
907.8 26076.86 24278.36 93.10
908.9 26057.48 24212.12 92.92
909.9 26017.06 24191.48 92.98
911.0 26009.49 24126.45 92.76
912.1 25979.15 24060.34 92.61
913.1 25944.88 24032.11 92.63
914.2 25856.17 23941.16 92.59
915.2 25844.13 23924.05 92.57
916.3 25883.78 23886.84 92.28
917.3 25847.25 23821.70 92.16
918.4 25819.06 23732.17 91.92
919.4 25792.96 23688.12 91.84
920.5 25804.34 23626.78 91.56
921.5 25824.68 23605.18 91.41
922.6 25820.42 23512.75 91.06
923.6 25802.74 23485.87 91.02
924.7 25837.63 23430.70 90.68
925.7 25830.51 23379.41 90.51
926.7 25889.20 23273.95 89.90
927.8 25949.67 23228.92 89.52
928.8 26061.51 23243.87 89.19
929.9 26114.55 23220.47 88.92
930.9 26214.58 23227.76 88.61
931.9 26363.30 23244.91 88.17
932.9 26568.63 23306.88 87.72
934.0 26604.58 23186.59 87.15
935.0 26610.78 23131.40 86.92
936.0 26639.41 23045.63 86.51
937.0 26632.91 22914.53 86.04
938.1 26589.57 22824.51 85.84
939.1 26594.73 22751.53 85.55
940.1 26647.30 22653.24 85.01
941.1 26757.94 22690.73 84.80
942.1 26950.86 22660.47 84.08
943.1 27064.46 22666.16 83.75
944.1 27200.04 22685.77 83.40
945.2 27250.86 22535.02 82.69
946.2 27341.46 22490.57 82.26
947.2 27385.31 22421.85 81.88
948.2 27528.14 22370.61 81.26
949.2 27562.84 22265.75 80.78
950.2 27601.23 22103.46 80.08
951.2 27696.06 22036.90 79.57
952.2 27776.58 21924.90 78.93
953.2 27874.44 21885.50 78.51
954.2 27994.28 21774.33 77.78
955.2 28013.52 21648.84 77.28
956.2 27975.49 21541.28 77.00
957.2 28074.45 21463.35 76.45
958.2 28163.05 21447.62 76.16
959.2 28188.45 21345.30 75.72
960.1 28244.69 21356.70 75.61
961.1 28322.00 21369.45 75.45
962.1 28304.06 21296.63 75.24
963.1 28357.97 21248.86 74.93
964.1 28464.51 21292.35 74.80
965.1 28543.56 21338.61 74.76
966.1 28584.14 21340.73 74.66
967.0 28655.80 21370.97 74.58
968.0 28697.14 21377.87 74.49
969.0 28718.80 21391.44 74.49
970.0 28760.47 21427.98 74.50
971.0 28834.42 21463.47 74.44
971.9 28848.78 21548.61 74.70
972.9 28890.31 21568.16 74.66
973.9 28948.56 21608.08 74.64
974.9 29046.70 21642.96 74.51
975.8 29063.68 21661.52 74.53
976.8 29052.58 21778.19 74.96
977.8 29165.54 21803.27 74.76
978.8 29197.88 21928.20 75.10
979.7 29189.32 22104.68 75.73
980.7 29306.81 22284.31 76.04
981.7 29477.75 22260.48 75.52
982.6 29574.16 22545.50 76.23
983.6 29987.80 22875.41 76.28
984.6 30188.75 23257.41 77.04
985.5 30563.82 23680.94 77.48
986.5 30946.12 24029.68 77.65
987.5 31666.80 24490.22 77.34
988.4 32276.75 25010.48 77.49
989.4 33081.94 25766.46 77.89
990.4 33865.04 26391.38 77.93
991.3 34680.98 27063.09 78.03
992.3 35996.38 27701.56 76.96
993.2 37249.57 28273.77 75.90
994.2 37192.84 28843.43 77.55
995.2 38468.72 28872.52 75.05
996.1 38815.33 29585.23 76.22
997.1 39248.66 29705.21 75.68
998.0 39056.40 30148.80 77.19
999.0 38843.24 29918.33 77.02
1000.0 39939.10 29251.17 73.24
1000.9 41119.71 28960.86 70.43
1001.9 38921.76 29515.67 75.83
1002.8 38260.04 29437.23 76.94
1003.8 38840.71 29850.62 76.85
1004.8 39018.78 29754.67 76.26
961.5 34611.80 20979.78 60.61
965.5 33947.81 20726.93 61.06
969.5 32673.62 20106.84 61.54
973.4 31329.21 19608.93 62.59
977.4 30182.73 19344.12 64.09
981.4 29653.05 19417.97 65.48
985.3 29580.67 19681.11 66.53
989.3 29694.74 20131.36 67.79
993.3 29811.28 20554.43 68.95
997.2 29873.76 20831.09 69.73
1001.2 29847.48 21042.06 70.50
1005.2 29766.32 21222.04 71.30
1009.1 29802.16 21483.52 72.09
1013.1 29912.80 21818.68 72.94
1017.1 29980.27 22170.14 73.95
1021.0 29997.45 22461.64 74.88
1025.0 29986.05 22727.37 75.79
1029.0 29874.56 22894.62 76.64
1032.9 29757.39 23068.24 77.52
1036.9 29719.10 23300.99 78.40
1040.9 29786.91 23571.93 79.14
1044.8 29914.06 23921.26 79.97
1048.8 30017.23 24221.07 80.69
1052.7 30081.05 24467.08 81.34
1056.7 30106.96 24634.69 81.82
1060.7 30124.55 24760.23 82.19
1064.6 30126.20 24857.12 82.51
1068.6 30068.46 24862.11 82.69
1072.5 30024.99 24848.42 82.76
1076.5 29992.38 24819.16 82.75
1080.4 29983.51 24762.02 82.59
1084.4 30049.89 24725.40 82.28
1088.3 30134.74 24682.47 81.91
1092.3 30115.74 24525.75 81.44
1096.2 30104.84 24354.33 80.90
1100.2 30142.18 24184.90 80.24
1104.1 30082.71 23921.24 79.52
1108.1 30052.27 23694.20 78.84
1112.0 29977.43 23441.27 78.20
1116.0 29868.35 23108.02 77.37
1119.9 29779.89 22738.88 76.36
1123.9 29822.35 22407.34 75.14
1127.8 29798.40 21880.32 73.43
1131.8 29786.58 21206.46 71.19
1135.7 29821.64 20408.88 68.44
1139.6 29831.38 19500.90 65.37
1143.6 29819.95 18636.53 62.50
1147.5 29803.64 17895.67 60.05
1151.4 29713.98 17233.88 58.00
1155.4 29731.43 16820.52 56.57
1159.3 29760.66 16558.34 55.64
1163.2 29674.15 16316.30 54.98
1167.2 29672.28 16209.66 54.63
1171.1 29681.80 16134.61 54.36
1175.0 29651.52 16048.63 54.12
1179.0 29638.87 15970.07 53.88
1182.9 29697.98 15923.19 53.62
1186.8 29706.14 15863.72 53.40
1190.7 29571.10 15730.64 53.20
1194.7 29411.94 15597.82 53.03
1198.6 29289.65 15505.88 52.94
1202.5 29196.66 15449.74 52.92
1206.4 29112.98 15426.31 52.99
1210.3 29056.59 15435.89 53.12
1214.2 29008.58 15472.59 53.34
1218.2 28915.95 15512.39 53.65
1222.1 28833.10 15562.80 53.98
1226.0 28785.60 15639.65 54.33
1229.9 28734.48 15699.66 54.64
1233.8 28673.70 15748.93 54.92
1237.7 28644.25 15815.75 55.21
1241.6 28596.57 15854.80 55.44
1245.5 28494.07 15857.23 55.65
1249.4 28422.55 15873.50 55.85
1253.3 28356.92 15875.24 55.98
1257.2 28323.43 15889.26 56.10
1261.1 28264.79 15880.54 56.18
1265.0 28184.91 15843.69 56.21
1268.9 28067.43 15756.55 56.14
1272.8 28106.70 15743.40 56.01
1276.7 28238.01 15766.84 55.84
1280.6 28297.17 15737.63 55.62
1284.5 28250.81 15637.84 55.35
1288.4 28234.52 15529.12 55.00
1292.3 28165.50 15347.75 54.49
1296.2 28076.33 15122.41 53.86
1300.1 27971.71 14868.26 53.15
1303.9 27830.79 14568.22 52.35
1307.8 27679.51 14243.46 51.46
1311.7 27513.83 13887.76 50.48
1315.6 27356.90 13523.09 49.43
1319.5 27190.78 13129.66 48.29
1323.3 27036.43 12720.95 47.05
1327.2 26898.46 12330.13 45.84
1331.1 26745.75 11929.37 44.60
1335.0 26551.82 11513.73 43.36
1338.8 26417.20 11137.31 42.16
1342.7 26306.22 10788.29 41.01
1346.5 26068.84 10406.95 39.92
1350.4 25867.11 10052.16 38.86
1354.3 25587.95 9682.74 37.84
1358.1 25293.52 9328.29 36.88
1362.0 25095.25 9035.21 36.00
1365.8 25024.00 8792.69 35.14
1369.7 25106.98 8573.79 34.15
1373.5 25078.13 8237.29 32.85
1377.4 24917.97 7760.50 31.14
1381.2 24782.40 7217.32 29.12
1385.1 24754.66 6687.32 27.01
1389.0 24692.16 6163.48 24.96
1392.8 24567.88 5640.56 22.96
1396.6 24460.52 5181.53 21.18
1400.5 24320.99 4792.19 19.70
1404.3 24225.89 4481.00 18.50
1408.2 24204.64 4246.30 17.54
1412.0 24174.50 4070.96 16.84
1415.8 24201.79 3940.94 16.28
1419.6 24176.54 3829.81 15.84
1423.5 24162.30 3756.23 15.55
1427.3 24156.22 3703.39 15.33
1431.1 24149.78 3659.55 15.15
1434.9 24082.82 3619.96 15.03
1438.8 24045.91 3595.20 14.95
1442.6 24021.66 3579.71 14.90
1446.4 23948.95 3554.31 14.84
1450.2 23899.20 3543.52 14.83
1454.0 23823.72 3536.28 14.84
1457.8 23805.13 3534.52 14.85
1461.6 23794.65 3549.84 14.92
1465.4 23719.51 3558.95 15.00
1469.2 23598.58 3567.20 15.12
1473.0 23505.47 3588.55 15.27
1476.8 23479.35 3633.41 15.47
1480.7 23444.07 3680.59 15.70
1484.4 23358.60 3730.08 15.97
1488.2 23294.76 3793.92 16.29
1492.0 23212.99 3858.98 16.62
1495.8 23134.48 3924.38 16.96
1499.6 23068.04 3981.41 17.26
1503.4 22989.82 4036.03 17.56
1507.2 22924.40 4089.51 17.84
1510.9 22832.54 4137.74 18.12
1514.7 22729.47 4175.38 18.37
1518.5 22650.58 4219.60 18.63
1522.3 22564.73 4268.94 18.92
1526.0 22502.83 4321.52 19.20
1529.8 22457.39 4391.87 19.56
1533.6 22379.96 4447.79 19.87
1537.3 22300.49 4499.47 20.18
1541.1 22218.14 4553.69 20.50
1544.8 22130.40 4600.80 20.79
1548.6 22049.49 4649.34 21.09
1552.4 21992.28 4703.48 21.39
1556.1 21940.64 4745.29 21.63
1559.9 21881.16 4780.82 21.85
1563.6 21806.79 4830.56 22.15
1567.3 21732.27 4885.16 22.48
1571.1 21585.13 4914.50 22.77
1574.8 21494.94 4964.96 23.10
1578.6 21441.85 5021.96 23.42
1582.3 21360.05 5062.29 23.70
1586.0 21278.88 5098.69 23.96
1589.8 21182.42 5124.78 24.19
1593.5 21087.16 5145.08 24.40
1597.2 21011.15 5174.16 24.63
1600.9 20910.91 5200.09 24.87
1604.7 20817.19 5224.12 25.10
1608.4 20751.75 5249.89 25.30
1612.1 20653.79 5262.57 25.48
1615.8 20554.46 5281.17 25.69
1619.5 20509.10 5316.46 25.92
1623.2 20415.20 5342.18 26.17
1626.9 20293.94 5359.89 26.41
1630.6 20187.64 5367.56 26.59
1634.3 20108.09 5384.89 26.78
1638.0 20016.12 5386.17 26.91
1641.7 19907.78 5382.88 27.04
1645.4 19793.59 5381.71 27.19
1649.1 19676.58 5369.16 27.29
1652.8 19573.89 5358.78 27.38
1656.4 19468.81 5347.67 27.47
1660.1 19373.12 5338.12 27.55
1663.8 19253.37 5312.98 27.60
1667.5 19154.03 5295.18 27.65
1671.1 19073.44 5274.69 27.65
1674.8 18955.63 5232.92 27.61
1678.5 18920.35 5213.85 27.56
1682.1 18926.99 5192.34 27.43
1685.8 18934.59 5181.31 27.36
1689.5 18875.64 5144.25 27.25
1693.1 18777.51 5086.02 27.09
1696.8 18693.63 5039.75 26.96
1700.4 18605.80 4978.38 26.76
1704.0 18533.22 4917.95 26.54
1707.7 18380.44 4838.09 26.32
1711.3 18186.09 4740.98 26.07
1715.0 18064.01 4662.45 25.81
1718.6 17962.81 4595.53 25.58
1722.2 17869.77 4529.45 25.35
1725.9 17778.98 4464.05 25.11
1729.5 17683.82 4396.92 24.86
1733.1 17615.86 4358.98 24.74
1736.7 17543.89 4327.80 24.67
1740.3 17426.02 4270.29 24.51
1744.0 17375.79 4224.15 24.31
1747.5 17289.32 4165.12 24.09
1751.2 17148.24 4087.58 23.84
1754.8 17043.21 4021.11 23.59
1758.4 16959.78 3959.82 23.35
1762.0 16844.84 3894.07 23.12
1765.5 16763.61 3858.24 23.02
1769.1 16735.20 3830.40 22.89
1772.7 16687.95 3793.71 22.73
1776.3 16608.65 3763.62 22.66
1779.9 16528.93 3724.59 22.53
1783.5 16504.40 3697.68 22.40
1787.0 16420.93 3668.53 22.34
1790.6 16313.97 3640.95 22.32
1794.2 16250.54 3626.15 22.31
1797.8 16183.76 3602.66 22.26
1801.3 16118.56 3585.08 22.24
1804.9 16020.38 3564.75 22.25
1808.4 15971.30 3547.10 22.21
1812.0 15882.75 3526.79 22.21
1815.5 15784.84 3505.58 22.21
1819.1 15650.89 3484.29 22.26
1822.6 15532.45 3454.54 22.24
1826.2 15446.30 3429.25 22.20
1829.7 15337.22 3392.26 22.12
1833.2 15178.78 3340.13 22.01
1836.8 15030.02 3296.48 21.93
1840.3 14950.04 3262.01 21.82
1843.8 14886.20 3227.63 21.68
1847.3 14837.06 3194.83 21.53
1850.8 14793.41 3148.99 21.29
1854.3 14722.56 3071.74 20.86
1857.8 14658.80 2990.00 20.40
1861.3 14629.20 2887.81 19.74
1864.8 14572.84 2771.32 19.02
1868.3 14425.58 2636.86 18.28
1871.8 14284.80 2457.60 17.20
1875.3 14255.61 2320.50 16.28
1878.8 14246.03 2204.19 15.47
1882.3 14193.40 2099.24 14.79
1885.8 14118.50 1991.69 14.11
1889.3 13979.52 1910.09 13.66
1892.7 13865.36 1859.34 13.41
1896.2 13804.86 1813.64 13.14
1899.7 13707.11 1802.13 13.15
1903.1 13634.54 1836.91 13.47
1906.6 13688.09 1893.55 13.83
1910.0 13884.77 2001.41 14.41
1913.5 14226.75 2227.28 15.66
1917.0 14474.60 2584.75 17.86
1920.4 14745.78 2727.28 18.50
1923.8 15062.87 2871.70 19.06
1871.2 12888.95 1739.89 13.50
1873.9 13047.08 1750.35 13.42
1876.7 13250.10 1717.42 12.96
1879.5 13307.88 1664.67 12.51
1882.3 13009.24 1578.79 12.14
1885.1 13033.44 1465.40 11.24
1887.8 13145.19 1401.93 10.66
1890.6 12997.04 1465.77 11.28
1893.4 12958.00 1356.67 10.47
1896.2 12845.61 1265.31 9.85
1898.9 12795.28 1297.51 10.14
1901.7 12697.20 1263.84 9.95
1904.5 12812.38 1274.89 9.95
1907.2 12777.50 1287.25 10.07
1910.0 12693.31 1284.03 10.12
1912.7 12674.55 1289.07 10.17
1915.5 12622.22 1275.77 10.11
1918.2 12592.16 1252.42 9.95
1921.0 12470.84 1258.43 10.09
1923.7 12502.92 1283.98 10.27
1926.5 12525.14 1263.59 10.09
1929.2 12499.59 1276.25 10.21
1932.0 12466.20 1292.44 10.37
1934.7 12450.39 1275.68 10.25
1937.4 12388.06 1243.77 10.04
1940.2 12333.29 1266.21 10.27
1942.9 12377.93 1297.17 10.48
1945.6 12406.16 1280.48 10.32
1948.3 12364.25 1278.54 10.34
1951.1 12353.04 1306.34 10.58
1953.8 12345.00 1290.00 10.45
1956.5 12249.55 1266.89 10.34
1959.2 12291.89 1291.68 10.51
1961.9 12307.40 1299.28 10.56
1964.6 12224.28 1306.03 10.68
1967.3 12284.97 1293.47 10.53
1970.0 12156.72 1278.72 10.52
1972.8 12093.19 1282.57 10.61
1975.5 12180.79 1317.00 10.81
1978.2 12109.24 1305.24 10.78
1980.9 12027.29 1291.35 10.74
1983.5 11996.88 1294.21 10.79
1986.2 11983.38 1289.13 10.76
1988.9 11983.38 1318.23 11.00
1991.6 11899.51 1323.78 11.12
1994.3 11798.84 1299.75 11.02
1997.0 11807.25 1317.68 11.16
1999.7 11770.96 1326.71 11.27
2002.3 11768.44 1294.50 11.00
2005.0 11742.55 1308.88 11.15
2007.7 11687.40 1315.80 11.26
2010.4 11651.26 1307.59 11.22
2013.0 11630.36 1328.62 11.42
2015.7 11528.64 1341.27 11.63
2018.4 11457.30 1313.38 11.46
2021.0 11452.33 1334.50 11.65
2023.7 11380.16 1331.36 11.70
2026.4 11323.00 1315.38 11.62
2029.0 11263.54 1335.54 11.86
2031.7 11193.43 1326.65 11.85
2034.3 11193.43 1312.57 11.73
2037.0 11130.51 1308.98 11.76
2039.6 11076.09 1308.20 11.81
2042.3 11047.98 1311.49 11.87
2044.9 11026.46 1329.57 12.06
2047.5 11001.21 1349.21 12.26
2050.2 10900.40 1338.40 12.28
2052.8 10894.80 1318.80 12.10
2055.4 10822.84 1325.19 12.24
2058.1 10738.00 1310.40 12.20
2060.7 10718.83 1294.09 12.07
2063.3 10653.43 1312.52 12.32
2065.9 10619.50 1317.67 12.41
2068.6 10577.63 1306.50 12.35
2071.2 10537.83 1322.46 12.55
2073.8 10490.95 1320.81 12.59
2076.4 10463.25 1313.52 12.55
2079.0 10439.15 1326.32 12.71
2081.6 10423.40 1299.76 12.47
2084.2 10414.77 1309.25 12.57
2086.8 10346.04 1334.97 12.90
2089.4 10282.92 1338.91 13.02
2092.1 10234.00 1323.17 12.93
2094.7 10195.43 1313.63 12.88
2097.2 10197.17 1320.33 12.95
2099.8 10202.45 1329.39 13.03
2102.4 10082.46 1322.15 13.11
2105.0 9986.40 1305.30 13.07
2107.6 9963.47 1327.32 13.32
2110.2 9945.83 1321.38 13.29
2112.8 9950.08 1311.41 13.18
2115.3 9950.34 1333.64 13.40
2117.9 9955.62 1326.06 13.32
2120.5 9928.49 1329.24 13.39
2123.1 9866.03 1345.50 13.64
2125.6 9842.13 1332.39 13.54
2128.2 9772.14 1328.71 13.60
2130.8 9719.78 1330.88 13.69
2133.3 9694.67 1325.87 13.68
2135.9 9628.08 1329.63 13.81
2138.4 9561.93 1337.79 13.99
2141.0 9493.76 1325.19 13.96
2143.6 9481.01 1310.46 13.82
2146.1 9385.04 1319.31 14.06
2148.7 9294.55 1309.75 14.09
2151.2 9319.20 1308.27 14.04
2153.8 9286.22 1309.78 14.10
2156.3 9196.68 1299.47 14.13
2158.8 9176.01 1293.56 14.10
2161.4 9166.37 1288.42 14.06
2163.9 9107.40 1282.53 14.08
2166.4 9056.27 1268.41 14.01
2169.0 9041.49 1292.06 14.29
2171.5 8982.35 1286.15 14.32
2174.0 8919.05 1258.43 14.11
2176.5 8910.20 1285.70 14.43
2179.1 8872.37 1273.94 14.36
2181.6 8820.83 1259.25 14.28
2184.1 8802.64 1265.88 14.38
2186.6 8815.58 1261.61 14.31
2189.1 8766.51 1251.90 14.28
2191.6 8725.27 1267.47 14.53
2194.1 8759.24 1282.16 14.64
2196.6 8743.02 1263.56 14.45
2199.2 8762.69 1255.80 14.33
2201.7 8728.52 1275.07 14.61
2204.1 8693.38 1282.75 14.76
2206.6 8724.47 1264.47 14.49
2209.1 8690.36 1249.05 14.37
2211.6 8648.75 1237.17 14.30
2214.1 8641.19 1273.56 14.74
2216.6 8629.81 1283.84 14.88
2219.1 8603.23 1245.85 14.48
2221.6 8565.00 1248.59 14.58
2224.0 8580.12 1234.44 14.39
2226.5 8553.64 1217.60 14.23
2229.0 8526.93 1248.59 14.64
2231.5 8456.64 1237.09 14.63
2233.9 8447.09 1227.62 14.53
2236.4 8434.10 1231.34 14.60
2238.9 8377.75 1197.38 14.29
2241.3 8418.52 1166.00 13.85
2243.8 8391.31 1146.57 13.66
2246.2 8272.81 1128.11 13.64
2248.7 8260.98 1126.15 13.63
2251.2 8270.85 1145.31 13.85
2253.6 8217.60 1159.68 14.11
2256.1 8198.40 1121.28 13.68
2258.5 8205.80 1114.08 13.58
2260.9 8176.22 1123.66 13.74
2263.4 8125.75 1101.60 13.56
2265.8 8124.16 1100.15 13.54
2268.3 8073.80 1054.44 13.06
2270.7 8110.40 1040.19 12.83
2273.1 8107.19 1066.13 13.15
2275.6 8037.12 1071.36 13.33
2278.0 8047.94 1053.07 13.09
2280.4 8050.71 1054.44 13.10
2282.8 7936.92 1056.97 13.32
2285.3 7936.09 1018.74 12.84
2287.7 8013.06 1027.02 12.82
2290.1 7946.20 1019.96 12.84
2292.5 7908.89 1011.93 12.79
2294.9 7966.56 1047.19 13.14
2297.3 7878.36 1004.57 12.75
2299.7 7782.17 983.14 12.63
2302.1 7817.38 982.08 12.56
2304.5 7722.40 948.64 12.28
2306.9 7647.92 940.80 12.30
2309.3 7632.91 924.73 12.11
2311.7 7536.00 918.45 12.19
2314.1 7439.51 929.45 12.49
2316.5 7426.90 953.48 12.84
2318.9 7433.98 926.29 12.46
2321.3 7420.20 899.30 12.12
2323.7 7439.58 926.45 12.45
2326.1 7403.11 926.90 12.52
2328.4 7412.50 886.90 11.96
2330.8 7505.15 907.98 12.10
2333.2 7417.12 943.10 12.72
2335.6 7356.75 900.91 12.25
2337.9 7411.84 893.09 12.05
2340.3 7376.47 911.04 12.35
2342.7 7282.70 880.19 12.09
2345.0 7270.29 866.32 11.92
2347.4 7284.50 871.25 11.96
2349.7 7133.68 820.16 11.50
2352.1 7080.04 853.38 12.05
2354.4 7143.83 885.46 12.39
2356.8 7126.82 846.07 11.87
2359.2 7067.67 832.00 11.77
2361.5 7038.06 820.31 11.66
2363.8 7031.06 843.20 11.99
2366.2 7039.27 856.19 12.16
2368.5 7035.45 836.60 11.89
2370.9 7023.13 814.15 11.59
2373.2 6987.82 782.42 11.20
2375.5 6900.63 769.25 11.15
2377.9 6892.20 806.83 11.71
2380.2 6890.83 815.54 11.84
2382.5 6864.93 771.96 11.24
2384.8 6830.08 751.68 11.01
2387.2 6784.02 787.64 11.61
2389.5 6780.31 812.13 11.98
2391.8 6787.76 808.07 11.90
2394.1 6727.26 777.33 11.55
2396.4 6676.90 745.10 11.16
2398.7 6732.64 789.21 11.72
2401.0 6690.59 796.15 11.90
2403.3 6603.48 751.98 11.39
2405.6 6572.81 729.76 11.10
2407.9 6583.14 726.45 11.04
2410.2 6542.40 752.00 11.49
2412.5 6479.13 747.01 11.53
2414.8 6475.24 739.44 11.42
2417.1 6452.08 774.25 12.00
2419.4 6434.35 729.40 11.34
2421.7 6386.85 709.65 11.11
2424.0 6345.28 707.97 11.16
2426.2 6355.80 695.50 10.94
2428.5 6327.75 708.49 11.20
2430.8 6349.25 713.95 11.24
2433.1 6300.57 713.59 11.33
2435.4 6204.86 693.78 11.18
2437.6 6227.24 688.19 11.05
2439.9 6165.27 673.80 10.93
2442.2 6149.09 682.60 11.10
2444.4 6162.60 677.71 11.00
2446.7 6079.44 642.40 10.57
2448.9 6081.55 645.46 10.61
2451.2 6103.04 679.44 11.13
2453.4 6038.72 656.91 10.88
2455.7 6026.93 626.41 10.39
2457.9 5958.48 689.87 11.58
2460.2 5949.23 653.49 10.98
2462.4 5977.92 642.72 10.75
2464.7 5891.98 649.76 11.03
2466.9 5829.36 571.38 9.80
2469.2 5872.39 609.28 10.38
2471.4 5796.90 623.68 10.76
2473.6 5737.62 595.86 10.39
2475.9 5730.24 643.47 11.23
2478.1 5663.45 621.68 10.98
2480.3 5645.91 577.82 10.23
2482.5 5682.93 607.61 10.69
2484.8 5614.17 626.22 11.15
2487.0 5547.59 585.13 10.55
2489.2 5555.75 572.91 10.31
2491.4 5471.72 553.32 10.11
2493.6 5479.00 509.49 9.30
2495.8 5550.75 617.63 11.13
2498.0 5512.53 656.64 11.91
2500.2 5509.95 539.20 9.79
2502.4 5736.48 621.60 10.84
2504.6 5803.02 591.57 10.19
2506.8 5806.03 487.08 8.39
