/*** Spectra Vista SIG Data ***/
name= \My Documents\HR1024_Data\GD4S1.
instrument= HR: 1091052
integration= 0, 0, 0, 500, 60, 1
scan time= 0, 1
scan settings= , , AD, AI
external data set1= 0, 0, 0, 0, 0, 0, 0, 0, 0, 0, 0, 0, 0, 0, 0, 0
external data set2= 8224, 8224, 8224, 8224, 8224, 8224, 8224, 8224, 8224, 8224, 8224, 8224, 8224, 8224, 8224, 8224
external data dark= 0,0,0,0,0,0,0,0
external data mask= 0
optic= , LENS4 
temp= 0.00, 0.00, 0.00, 34.35, 8.94, -5.37
battery= 0.0, 6.2
error= 0, 0
units= Radiance, Radiance
time= , 2/3/08 10:06:21 AM
longitude= , 
latitude= , 
gpstime= , 
comm= 
memory slot= 2, 0
factors= 
data= 
346.4 1.00 98.10 9809.80
347.9 1.00 95.38 9538.00
349.5 1.00 99.84 9984.00
351.1 1.00 94.85 9484.80
352.6 1.00 105.00 10499.50
354.2 1.00 100.79 10079.30
355.7 1.00 102.37 10237.20
357.3 1.00 117.90 11789.50
358.8 1.00 114.64 11463.60
360.4 1.00 118.19 11818.80
361.9 1.00 125.37 12537.00
363.5 1.00 123.27 12326.50
365.1 1.00 123.44 12344.30
366.6 1.00 122.91 12290.90
368.2 1.00 127.59 12758.50
369.7 1.00 124.07 12407.00
371.3 1.00 134.33 13433.40
372.8 1.00 120.85 12084.80
374.4 1.00 132.17 13216.50
375.9 1.00 132.40 13240.00
377.4 1.00 145.71 14571.20
379.0 1.00 145.12 14512.20
380.5 1.00 145.26 14525.80
382.1 1.00 140.66 14065.80
383.6 1.00 149.69 14968.80
385.2 1.00 148.50 14850.00
386.7 1.00 161.37 16136.70
388.3 1.00 167.40 16739.80
389.8 1.00 177.88 17787.60
391.3 1.00 177.13 17712.60
392.9 1.00 193.46 19346.00
394.4 1.00 212.47 21247.30
395.9 1.00 224.82 22482.40
397.5 1.00 227.39 22739.20
399.0 1.00 236.08 23607.60
400.6 1.00 235.46 23545.60
402.1 1.00 238.39 23839.20
403.6 1.00 236.87 23687.30
405.1 1.00 240.38 24038.20
406.7 1.00 243.71 24371.20
408.2 1.00 252.15 25215.30
409.7 1.00 267.01 26700.80
411.3 1.00 277.24 27723.60
412.8 1.00 289.14 28914.00
414.3 1.00 306.43 30642.70
415.8 1.00 314.00 31400.00
417.4 1.00 320.80 32080.40
418.9 1.00 330.92 33092.40
420.4 1.00 336.99 33698.60
421.9 1.00 345.58 34557.60
423.5 1.00 347.45 34744.80
425.0 1.00 350.61 35061.00
426.5 1.00 355.18 35518.00
428.0 1.00 362.88 36288.20
429.5 1.00 371.30 37130.00
431.1 1.00 377.71 37771.20
432.6 1.00 392.96 39295.90
434.1 1.00 405.02 40502.00
435.6 1.00 420.28 42028.20
437.1 1.00 426.66 42666.00
438.6 1.00 443.30 44330.40
440.1 1.00 457.56 45756.10
441.6 1.00 474.19 47419.20
443.1 1.00 492.48 49248.00
444.7 1.00 521.15 52114.80
446.2 1.00 527.09 52709.20
447.7 1.00 554.05 55404.60
449.2 1.00 578.88 57888.00
450.7 1.00 594.05 59404.80
452.2 1.00 615.44 61543.80
453.7 1.00 639.96 63995.50
455.2 1.00 659.12 65912.40
456.7 1.00 689.92 68992.00
458.2 1.00 714.38 71437.80
459.7 1.00 747.60 74760.00
461.2 1.00 776.60 77660.00
462.7 1.00 805.50 80550.00
464.2 1.00 825.70 82569.60
465.7 1.00 853.14 85313.60
467.2 1.00 875.49 87549.00
468.7 1.00 900.00 90000.00
470.2 1.00 926.44 92643.60
471.7 1.00 946.20 94620.00
473.2 1.00 969.15 96915.00
474.6 1.00 999.78 99977.90
476.1 1.00 1012.51 101251.20
477.6 1.00 1021.82 102181.50
479.1 1.00 1035.34 103534.20
480.6 1.00 1049.80 104980.00
482.1 1.00 1070.19 107019.00
483.6 1.00 1094.39 109439.10
485.1 1.00 1123.93 112392.50
486.6 1.00 1163.14 116313.50
488.0 1.00 1203.80 120380.00
489.5 1.00 1255.18 125517.80
491.0 1.00 1316.45 131644.50
492.5 1.00 1372.46 137246.40
494.0 1.00 1445.99 144599.40
495.4 1.00 1509.42 150942.00
496.9 1.00 1590.51 159050.80
498.4 1.00 1675.58 167557.50
499.9 1.00 1764.90 176490.30
501.4 1.00 1855.98 185598.20
502.8 1.00 1956.13 195613.10
504.3 1.00 2055.60 205560.00
505.8 1.00 2167.42 216741.50
507.2 1.00 2263.56 226355.70
508.7 1.00 2370.04 237004.20
510.2 1.00 2471.35 247134.60
511.6 1.00 2568.12 256812.40
513.1 1.00 2676.34 267634.40
514.6 1.00 2789.20 278920.00
516.0 1.00 2896.21 289620.60
517.5 1.00 3020.58 302058.00
519.0 1.00 3153.01 315300.50
520.5 1.00 3284.59 328459.20
521.9 1.00 3424.31 342430.50
523.4 1.00 3575.35 357535.20
524.8 1.00 3718.41 371841.00
526.3 1.00 3870.96 387096.00
527.8 1.00 4020.59 402058.80
529.2 1.00 4159.61 415960.50
530.7 1.00 4300.73 430073.00
532.1 1.00 4436.22 443621.50
533.6 1.00 4567.69 456768.60
535.0 1.00 4708.24 470824.20
536.5 1.00 4842.62 484262.10
538.0 1.00 4978.30 497830.40
539.4 1.00 5104.39 510438.50
540.9 1.00 5252.63 525262.60
542.3 1.00 5376.47 537647.00
543.8 1.00 5481.14 548114.40
545.2 1.00 5540.43 554042.80
546.6 1.00 5579.73 557972.70
548.1 1.00 5614.32 561432.30
549.5 1.00 5650.46 565045.60
551.0 1.00 5672.56 567256.40
552.4 1.00 5710.26 571025.70
553.9 1.00 5731.58 573158.00
555.3 1.00 5764.82 576482.40
556.8 1.00 5806.20 580620.30
558.2 1.00 5836.73 583672.50
559.6 1.00 5883.56 588356.10
561.1 1.00 5949.45 594945.00
562.5 1.00 6013.86 601386.20
564.0 1.00 6100.35 610034.80
565.4 1.00 6176.15 617615.10
566.8 1.00 6265.56 626555.60
568.3 1.00 6347.87 634786.80
569.7 1.00 6424.95 642495.00
571.1 1.00 6488.41 648840.60
572.6 1.00 6559.70 655970.40
574.0 1.00 6618.48 661848.00
575.4 1.00 6679.80 667980.00
576.9 1.00 6734.57 673457.40
578.3 1.00 6777.49 677748.50
579.7 1.00 6826.40 682640.00
581.1 1.00 6853.42 685341.80
582.6 1.00 6898.34 689834.30
584.0 1.00 6928.16 692816.00
585.4 1.00 6981.58 698157.70
586.8 1.00 7056.08 705608.20
588.3 1.00 7143.55 714355.20
589.7 1.00 7215.62 721562.40
591.1 1.00 7257.55 725754.90
592.5 1.00 7267.15 726715.00
594.0 1.00 7275.38 727538.40
595.4 1.00 7262.02 726201.60
596.8 1.00 7249.24 724924.20
598.2 1.00 7239.83 723983.20
599.6 1.00 7206.91 720691.20
601.0 1.00 7210.60 721060.10
602.4 1.00 7205.59 720559.00
603.9 1.00 7209.80 720980.00
605.3 1.00 7210.07 721007.20
606.7 1.00 7204.32 720432.00
608.1 1.00 7216.09 721609.40
609.5 1.00 7224.70 722469.50
610.9 1.00 7254.94 725494.00
612.3 1.00 7268.81 726880.80
613.7 1.00 7298.66 729865.60
615.1 1.00 7292.59 729259.20
616.5 1.00 7285.42 728541.60
617.9 1.00 7336.89 733688.60
619.3 1.00 7388.78 738877.80
620.7 1.00 7476.16 747615.80
622.1 1.00 7412.09 741209.00
623.5 1.00 7296.89 729689.30
624.9 1.00 7236.81 723681.00
626.3 1.00 7228.13 722812.50
627.7 1.00 7143.17 714316.80
629.1 1.00 7123.75 712374.60
630.5 1.00 7153.59 715358.70
631.9 1.00 7218.93 721893.20
633.3 1.00 7270.88 727087.50
634.7 1.00 7323.92 732392.20
636.1 1.00 7329.36 732936.40
637.5 1.00 7341.84 734184.00
638.9 1.00 7356.62 735661.60
640.2 1.00 7348.00 734800.30
641.6 1.00 7313.90 731390.40
643.0 1.00 7249.29 724928.50
644.4 1.00 7200.33 720032.80
645.8 1.00 7132.81 713280.90
647.2 1.00 7109.65 710964.80
648.5 1.00 7084.25 708424.50
649.9 1.00 7028.03 702803.40
651.3 1.00 7000.26 700026.00
652.7 1.00 6933.96 693396.00
654.1 1.00 6698.09 669808.80
655.5 1.00 6403.51 640350.50
656.8 1.00 6148.42 614842.40
658.2 1.00 5984.23 598423.20
659.6 1.00 5859.67 585966.70
660.9 1.00 5733.83 573382.50
662.3 1.00 5600.85 560085.30
663.7 1.00 5459.16 545916.00
665.0 1.00 5312.87 531287.40
666.4 1.00 5198.84 519884.40
667.8 1.00 5110.37 511037.40
669.1 1.00 5015.98 501597.60
670.5 1.00 4956.74 495673.90
671.9 1.00 4897.63 489763.20
673.2 1.00 4877.73 487773.40
674.6 1.00 4890.08 489007.80
676.0 1.00 4924.26 492426.00
677.3 1.00 4986.10 498610.00
678.7 1.00 5078.75 507875.00
680.0 1.00 5241.90 524189.80
681.4 1.00 5458.60 545859.80
682.8 1.00 5760.30 576030.00
684.1 1.00 6131.74 613173.60
685.5 1.00 6579.97 657996.70
686.8 1.00 7096.61 709660.80
688.2 1.00 7681.67 768167.40
689.5 1.00 8270.99 827099.10
690.9 1.00 8909.94 890993.70
692.2 1.00 9546.18 954618.00
693.6 1.00 10210.56 1021056.30
694.9 1.00 10819.45 1081944.50
696.2 1.00 11413.98 1141398.00
697.6 1.00 11974.66 1197465.50
698.9 1.00 12515.71 1251571.20
700.3 1.00 13041.35 1304134.80
701.6 1.00 13522.23 1352222.90
703.0 1.00 13964.17 1396416.80
704.3 1.00 14323.01 1432301.00
705.6 1.00 14651.96 1465196.40
707.0 1.00 14966.56 1496656.00
708.3 1.00 15180.92 1518092.00
709.6 1.00 15392.74 1539274.00
711.0 1.00 15545.89 1554588.80
712.3 1.00 15687.89 1568789.00
713.6 1.00 15850.13 1585012.80
714.9 1.00 15979.73 1597972.50
716.3 1.00 16113.38 1611338.00
717.6 1.00 16269.65 1626965.20
718.9 1.00 16335.54 1633553.80
720.2 1.00 16356.34 1635634.00
721.6 1.00 16374.44 1637443.60
722.9 1.00 16390.79 1639079.40
724.2 1.00 16369.47 1636947.40
725.5 1.00 16370.95 1637095.20
726.8 1.00 16334.46 1633446.10
728.1 1.00 16336.28 1633628.10
729.5 1.00 16323.45 1632345.40
730.8 1.00 16324.26 1632426.00
732.1 1.00 16307.70 1630769.60
733.4 1.00 16312.16 1631216.00
734.7 1.00 16287.28 1628728.40
736.0 1.00 16302.34 1630233.80
737.3 1.00 16316.87 1631686.50
738.6 1.00 16372.80 1637280.40
739.9 1.00 16510.41 1651041.00
741.2 1.00 16586.39 1658638.80
742.5 1.00 16743.83 1674383.00
743.8 1.00 16980.81 1698081.00
745.1 1.00 17320.30 1732030.40
746.4 1.00 17670.38 1767038.00
747.7 1.00 18033.77 1803376.80
749.0 1.00 18370.88 1837088.40
750.3 1.00 18523.40 1852340.00
751.6 1.00 18483.71 1848370.70
752.9 1.00 18325.03 1832503.20
754.2 1.00 18149.88 1814988.00
755.4 1.00 17952.08 1795208.10
756.7 1.00 17929.52 1792951.50
758.0 1.00 17983.91 1798390.70
759.3 1.00 18160.14 1816014.20
760.6 1.00 18392.53 1839252.80
761.9 1.00 18587.78 1858778.20
763.1 1.00 18693.66 1869366.30
764.4 1.00 18828.14 1882813.80
765.7 1.00 18938.40 1893840.00
767.0 1.00 19013.15 1901315.30
768.2 1.00 19087.49 1908748.80
769.5 1.00 19165.34 1916534.00
770.8 1.00 19265.19 1926519.00
772.0 1.00 19308.91 1930890.60
773.3 1.00 19376.60 1937660.40
774.6 1.00 19456.91 1945690.50
775.8 1.00 19509.75 1950975.00
777.1 1.00 19526.60 1952659.80
778.4 1.00 19498.39 1949838.80
779.6 1.00 19524.24 1952424.00
780.9 1.00 19524.80 1952480.00
782.1 1.00 19469.81 1946980.80
783.4 1.00 19488.77 1948876.80
784.6 1.00 19533.92 1953392.00
785.9 1.00 19716.77 1971676.80
787.1 1.00 19999.34 1999934.30
788.4 1.00 20183.04 2018304.00
789.6 1.00 20060.05 2006004.50
790.9 1.00 19814.27 1981427.00
792.1 1.00 19590.27 1959027.20
793.4 1.00 19417.29 1941729.30
794.6 1.00 19262.02 1926201.60
795.8 1.00 19155.53 1915552.80
797.1 1.00 19042.98 1904298.00
798.3 1.00 18963.12 1896312.00
799.5 1.00 18923.95 1892394.90
800.8 1.00 18866.89 1886688.70
802.0 1.00 18812.24 1881224.00
803.2 1.00 18714.61 1871460.80
804.5 1.00 18650.79 1865079.00
805.7 1.00 18587.48 1858747.50
806.9 1.00 18512.68 1851268.00
808.1 1.00 18495.08 1849508.40
809.4 1.00 18489.41 1848940.50
810.6 1.00 18438.42 1843842.00
811.8 1.00 18430.83 1843083.30
813.0 1.00 18441.06 1844105.80
814.2 1.00 18459.87 1845986.80
815.4 1.00 18488.77 1848876.80
816.6 1.00 18489.52 1848951.50
817.9 1.00 18473.23 1847323.40
819.1 1.00 18390.50 1839049.50
820.3 1.00 18308.62 1830862.20
821.5 1.00 18239.66 1823966.10
822.7 1.00 18207.66 1820765.60
823.9 1.00 18180.00 1817999.90
825.1 1.00 18132.54 1813254.40
826.3 1.00 18111.86 1811185.60
827.5 1.00 18093.59 1809359.30
828.7 1.00 18053.95 1805395.20
829.9 1.00 18055.89 1805588.80
831.0 1.00 18069.38 1806937.80
832.2 1.00 18075.82 1807582.40
833.4 1.00 18074.03 1807403.20
834.6 1.00 18110.63 1811062.50
835.8 1.00 18136.44 1813644.00
837.0 1.00 18183.25 1818324.50
838.1 1.00 18244.84 1824483.60
839.3 1.00 18280.03 1828003.20
840.5 1.00 18341.57 1834157.20
841.7 1.00 18437.54 1843754.40
842.9 1.00 18530.86 1853085.70
844.0 1.00 18560.06 1856006.20
845.2 1.00 18632.58 1863258.00
846.4 1.00 18674.81 1867481.00
847.5 1.00 18773.12 1877311.80
848.7 1.00 18841.10 1884109.50
849.9 1.00 18903.04 1890304.10
851.0 1.00 18911.48 1891148.00
852.2 1.00 18918.68 1891868.00
853.3 1.00 18885.27 1888526.50
854.5 1.00 18879.79 1887978.50
855.6 1.00 18888.37 1888837.20
856.8 1.00 18939.92 1893992.10
857.9 1.00 18927.35 1892734.80
859.1 1.00 18984.40 1898440.00
860.2 1.00 18995.74 1899574.40
861.4 1.00 18987.89 1898788.50
862.5 1.00 19049.63 1904962.50
863.7 1.00 19085.54 1908553.80
864.8 1.00 19090.82 1909082.00
865.9 1.00 19073.83 1907383.30
867.1 1.00 19101.79 1910178.60
868.2 1.00 19083.22 1908322.20
869.3 1.00 19107.76 1910776.20
870.5 1.00 19062.84 1906284.30
871.6 1.00 19084.32 1908432.20
872.7 1.00 19123.08 1912308.30
873.9 1.00 19109.50 1910949.90
875.0 1.00 19099.26 1909925.50
876.1 1.00 19071.39 1907139.00
877.2 1.00 19079.97 1907997.00
878.3 1.00 19039.54 1903953.60
879.4 1.00 19053.40 1905339.60
880.5 1.00 19034.06 1903406.40
881.7 1.00 19022.64 1902264.00
882.8 1.00 19011.58 1901158.20
883.9 1.00 18993.27 1899326.60
885.0 1.00 18916.17 1891617.00
886.1 1.00 18879.23 1887922.50
887.2 1.00 18782.57 1878256.80
888.3 1.00 18704.40 1870440.00
889.4 1.00 18596.03 1859603.30
890.5 1.00 18561.11 1856110.60
891.6 1.00 18496.13 1849612.50
892.7 1.00 18467.76 1846775.70
893.8 1.00 18515.23 1851523.00
894.9 1.00 18493.73 1849372.80
896.0 1.00 18454.12 1845411.70
897.0 1.00 18453.92 1845392.10
898.1 1.00 18411.54 1841154.00
899.2 1.00 18407.27 1840727.20
900.3 1.00 18310.50 1831050.00
901.4 1.00 18229.01 1822901.40
902.4 1.00 18250.58 1825058.40
903.5 1.00 18189.75 1818974.90
904.6 1.00 18193.72 1819371.60
905.7 1.00 18134.55 1813455.00
906.7 1.00 18098.38 1809838.40
907.8 1.00 18110.95 1811095.00
908.9 1.00 18062.89 1806288.90
909.9 1.00 18013.77 1801376.50
911.0 1.00 17932.03 1793203.30
912.1 1.00 17880.03 1788003.00
913.1 1.00 17764.24 1776424.00
914.2 1.00 17698.75 1769874.70
915.2 1.00 17642.34 1764234.00
916.3 1.00 17623.68 1762368.00
917.3 1.00 17550.06 1755006.30
918.4 1.00 17427.74 1742774.00
919.4 1.00 17338.77 1733877.00
920.5 1.00 17296.55 1729655.20
921.5 1.00 17255.39 1725539.20
922.6 1.00 17176.40 1717640.10
923.6 1.00 17117.40 1711739.70
924.7 1.00 17023.70 1702370.00
925.7 1.00 16941.60 1694160.00
926.7 1.00 16880.64 1688063.60
927.8 1.00 16814.37 1681436.90
928.8 1.00 16785.00 1678500.00
929.9 1.00 16731.40 1673140.00
930.9 1.00 16774.59 1677459.10
931.9 1.00 16763.64 1676364.20
932.9 1.00 16829.90 1682990.10
934.0 1.00 16704.47 1670446.80
935.0 1.00 16622.75 1662275.10
936.0 1.00 16573.52 1657352.40
937.0 1.00 16424.62 1642461.60
938.1 1.00 16345.54 1634553.80
939.1 1.00 16257.27 1625727.40
940.1 1.00 16214.18 1621418.40
941.1 1.00 16180.25 1618024.80
942.1 1.00 16171.77 1617176.50
943.1 1.00 16147.36 1614735.90
944.1 1.00 16149.02 1614902.00
945.2 1.00 16061.47 1606147.20
946.2 1.00 16031.53 1603152.60
947.2 1.00 15910.90 1591090.00
948.2 1.00 15843.81 1584380.70
949.2 1.00 15740.73 1574072.50
950.2 1.00 15696.66 1569666.00
951.2 1.00 15548.06 1554806.40
952.2 1.00 15509.56 1550955.90
953.2 1.00 15491.39 1549138.50
954.2 1.00 15412.68 1541268.00
955.2 1.00 15307.20 1530719.50
956.2 1.00 15185.35 1518535.00
957.2 1.00 15166.75 1516675.00
958.2 1.00 15087.70 1508769.90
959.2 1.00 15078.24 1507824.00
960.1 1.00 15038.87 1503887.20
961.1 1.00 15074.90 1507489.50
962.1 1.00 14998.13 1499812.50
963.1 1.00 14951.55 1495155.30
964.1 1.00 14994.30 1499429.70
965.1 1.00 14993.04 1499304.20
966.1 1.00 15006.18 1500618.30
967.0 1.00 15010.66 1501066.00
968.0 1.00 15025.21 1502520.50
969.0 1.00 15031.36 1503136.00
970.0 1.00 15062.27 1506227.40
971.0 1.00 15065.44 1506544.20
971.9 1.00 15039.62 1503962.40
972.9 1.00 14949.20 1494920.00
973.9 1.00 15004.47 1500447.00
974.9 1.00 14931.38 1493137.80
975.8 1.00 14883.78 1488378.30
976.8 1.00 14878.76 1487876.00
977.8 1.00 14794.62 1479462.30
978.8 1.00 14873.04 1487304.00
979.7 1.00 14844.02 1484401.60
980.7 1.00 14983.45 1498345.20
981.7 1.00 15025.82 1502582.40
982.6 1.00 15017.53 1501752.80
983.6 1.00 15243.13 1524312.90
984.6 1.00 15408.34 1540833.80
985.5 1.00 15457.25 1545724.80
986.5 1.00 15935.47 1593547.20
987.5 1.00 15984.63 1598463.20
988.4 1.00 16303.76 1630376.00
989.4 1.00 16828.10 1682809.50
990.4 1.00 17341.24 1734123.60
991.3 1.00 17451.26 1745126.40
992.3 1.00 18702.47 1870246.70
993.2 1.00 18490.15 1849014.80
994.2 1.00 18520.52 1852051.50
995.2 1.00 18800.71 1880071.20
996.1 1.00 19927.24 1992723.90
997.1 1.00 19282.33 1928232.80
998.0 1.00 18911.52 1891152.00
999.0 1.00 18789.29 1878929.00
1000.0 1.00 18600.74 1860074.40
1000.9 1.00 20461.48 2046148.00
1001.9 1.00 18812.18 1881218.40
1002.8 1.00 19736.33 1973632.60
1003.8 1.00 18503.89 1850389.00
1004.8 1.00 18802.03 1880203.20
961.5 1.00 17305.90 1730589.90
965.5 1.00 17229.79 1722979.20
969.5 1.00 17013.48 1701348.00
973.4 1.00 16498.55 1649854.80
977.4 1.00 15888.75 1588875.40
981.4 1.00 15610.90 1561089.60
985.3 1.00 15498.38 1549838.40
989.3 1.00 15522.02 1552202.40
993.3 1.00 15656.63 1565663.40
997.2 1.00 15778.91 1577891.00
1001.2 1.00 15902.12 1590212.00
1005.2 1.00 16018.88 1601887.80
1009.1 1.00 16215.05 1621504.60
1013.1 1.00 16464.66 1646466.00
1017.1 1.00 16689.75 1668974.70
1021.0 1.00 16871.46 1687146.30
1025.0 1.00 17063.40 1706339.70
1029.0 1.00 17176.38 1717638.00
1032.9 1.00 17279.86 1727986.00
1036.9 1.00 17453.49 1745349.00
1040.9 1.00 17684.06 1768406.00
1044.8 1.00 17953.43 1795343.00
1048.8 1.00 18174.40 1817440.00
1052.7 1.00 18361.16 1836116.10
1056.7 1.00 18493.80 1849380.00
1060.7 1.00 18585.40 1858539.50
1064.6 1.00 18668.26 1866825.80
1068.6 1.00 18668.20 1866820.20
1072.5 1.00 18628.48 1862848.00
1076.5 1.00 18594.57 1859457.30
1080.4 1.00 18545.56 1854556.20
1084.4 1.00 18492.89 1849289.40
1088.3 1.00 18435.07 1843507.40
1092.3 1.00 18300.24 1830023.70
1096.2 1.00 18154.44 1815444.30
1100.2 1.00 18029.05 1802904.60
1104.1 1.00 17849.84 1784984.00
1108.1 1.00 17683.75 1768375.00
1112.0 1.00 17465.81 1746580.50
1116.0 1.00 17196.21 1719620.50
1119.9 1.00 16915.60 1691560.20
1123.9 1.00 16649.98 1664997.60
1127.8 1.00 16239.36 1623936.00
1131.8 1.00 15708.63 1570863.00
1135.7 1.00 15108.26 1510826.30
1139.6 1.00 14455.08 1445508.30
1143.6 1.00 13839.86 1383986.40
1147.5 1.00 13324.33 1332433.20
1151.4 1.00 12880.88 1288088.10
1155.4 1.00 12598.87 1259887.20
1159.3 1.00 12453.30 1245330.00
1163.2 1.00 12310.74 1231073.80
1167.2 1.00 12220.08 1222008.00
1171.1 1.00 12176.34 1217633.80
1175.0 1.00 12127.79 1212779.40
1179.0 1.00 12072.14 1207213.80
1182.9 1.00 12044.24 1204423.80
1186.8 1.00 12009.31 1200931.00
1190.7 1.00 11925.91 1192590.60
1194.7 1.00 11839.19 1183918.50
1198.6 1.00 11770.61 1177060.50
1202.5 1.00 11743.60 1174360.00
1206.4 1.00 11747.65 1174764.60
1210.3 1.00 11757.75 1175775.20
1214.2 1.00 11767.79 1176779.20
1218.2 1.00 11776.27 1177626.60
1222.1 1.00 11806.38 1180637.50
1226.0 1.00 11855.55 1185555.00
1229.9 1.00 11883.66 1188366.00
1233.8 1.00 11919.72 1191971.70
1237.7 1.00 11967.51 1196750.80
1241.6 1.00 11994.77 1199476.60
1245.5 1.00 11996.39 1199639.10
1249.4 1.00 11983.00 1198299.50
1253.3 1.00 11994.76 1199476.00
1257.2 1.00 12025.10 1202509.80
1261.1 1.00 12016.84 1201683.60
1265.0 1.00 11996.48 1199647.70
1268.9 1.00 11937.91 1193790.90
1272.8 1.00 11924.40 1192440.00
1276.7 1.00 11947.51 1194750.80
1280.6 1.00 11925.62 1192562.00
1284.5 1.00 11830.10 1183009.60
1288.4 1.00 11737.26 1173725.80
1292.3 1.00 11613.25 1161325.00
1296.2 1.00 11461.22 1146122.20
1300.1 1.00 11282.41 1128241.40
1303.9 1.00 11058.31 1105831.20
1307.8 1.00 10825.66 1082565.90
1311.7 1.00 10584.24 1058423.50
1315.6 1.00 10320.79 1032079.20
1319.5 1.00 10034.94 1003493.50
1323.3 1.00 9743.49 974349.20
1327.2 1.00 9459.93 945992.60
1331.1 1.00 9166.15 916615.20
1335.0 1.00 8861.25 886124.80
1338.8 1.00 8600.44 860043.60
1342.7 1.00 8372.16 837216.10
1346.5 1.00 8125.07 812506.50
1350.4 1.00 7905.00 790500.40
1354.3 1.00 7661.12 766112.40
1358.1 1.00 7411.34 741134.10
1362.0 1.00 7195.55 719555.20
1365.8 1.00 7005.81 700580.80
1369.7 1.00 6821.26 682126.20
1373.5 1.00 6557.50 655749.60
1377.4 1.00 6200.73 620072.50
1381.2 1.00 5772.31 577230.50
1385.1 1.00 5347.28 534727.50
1389.0 1.00 4927.22 492721.70
1392.8 1.00 4506.38 450638.40
1396.6 1.00 4118.14 411813.60
1400.5 1.00 3779.13 377912.60
1404.3 1.00 3514.13 351412.80
1408.2 1.00 3304.85 330484.50
1412.0 1.00 3140.80 314080.00
1415.8 1.00 3024.33 302432.90
1419.6 1.00 2932.71 293271.30
1423.5 1.00 2863.68 286368.00
1427.3 1.00 2800.92 280092.40
1431.1 1.00 2759.78 275977.50
1434.9 1.00 2722.51 272250.60
1438.8 1.00 2701.61 270160.50
1442.6 1.00 2684.20 268420.40
1446.4 1.00 2666.89 266688.50
1450.2 1.00 2651.89 265189.20
1454.0 1.00 2642.52 264252.00
1457.8 1.00 2652.59 265259.10
1461.6 1.00 2666.37 266636.70
1465.4 1.00 2686.86 268686.00
1469.2 1.00 2709.53 270952.50
1473.0 1.00 2736.95 273695.40
1476.8 1.00 2776.88 277688.20
1480.7 1.00 2830.52 283051.80
1484.4 1.00 2888.76 288876.00
1488.2 1.00 2957.16 295716.00
1492.0 1.00 3028.97 302896.80
1495.8 1.00 3098.55 309855.00
1499.6 1.00 3158.69 315869.40
1503.4 1.00 3205.49 320548.80
1507.2 1.00 3241.48 324148.30
1510.9 1.00 3282.54 328254.30
1514.7 1.00 3326.67 332666.50
1518.5 1.00 3376.15 337614.80
1522.3 1.00 3425.57 342557.40
1526.0 1.00 3464.36 346435.50
1529.8 1.00 3533.99 353398.90
1533.6 1.00 3604.12 360412.00
1537.3 1.00 3654.32 365432.20
1541.1 1.00 3712.64 371263.50
1544.8 1.00 3765.60 376560.00
1548.6 1.00 3817.55 381755.20
1552.4 1.00 3864.78 386478.30
1556.1 1.00 3906.61 390661.00
1559.9 1.00 3940.52 394052.40
1563.6 1.00 3977.69 397768.50
1567.3 1.00 4034.32 403432.00
1571.1 1.00 4071.54 407154.00
1574.8 1.00 4117.58 411757.50
1578.6 1.00 4162.28 416228.40
1582.3 1.00 4195.08 419508.40
1586.0 1.00 4219.36 421935.60
1589.8 1.00 4232.15 423215.40
1593.5 1.00 4256.34 425634.40
1597.2 1.00 4288.19 428818.60
1600.9 1.00 4306.18 430617.60
1604.7 1.00 4325.40 432540.00
1608.4 1.00 4347.64 434764.20
1612.1 1.00 4361.45 436144.50
1615.8 1.00 4376.51 437651.40
1619.5 1.00 4403.07 440307.00
1623.2 1.00 4422.45 442244.80
1626.9 1.00 4424.99 442499.40
1630.6 1.00 4433.44 443344.00
1634.3 1.00 4449.12 444912.00
1638.0 1.00 4441.06 444106.20
1641.7 1.00 4422.08 442208.20
1645.4 1.00 4414.54 441453.60
1649.1 1.00 4395.33 439532.60
1652.8 1.00 4380.80 438080.00
1656.4 1.00 4358.41 435840.60
1660.1 1.00 4336.63 433663.20
1663.8 1.00 4312.53 431252.80
1667.5 1.00 4287.69 428769.00
1671.1 1.00 4267.87 426787.20
1674.8 1.00 4236.73 423672.80
1678.5 1.00 4218.29 421828.50
1682.1 1.00 4204.44 420443.60
1685.8 1.00 4193.05 419304.60
1689.5 1.00 4170.70 417069.50
1693.1 1.00 4133.28 413328.00
1696.8 1.00 4092.13 409212.50
1700.4 1.00 4054.16 405416.40
1704.0 1.00 4008.99 400899.20
1707.7 1.00 3942.59 394258.80
1711.3 1.00 3867.71 386770.60
1715.0 1.00 3806.47 380647.20
1718.6 1.00 3761.72 376172.00
1722.2 1.00 3708.32 370832.00
1725.9 1.00 3653.28 365328.20
1729.5 1.00 3608.40 360840.40
1733.1 1.00 3567.31 356731.30
1736.7 1.00 3543.32 354332.30
1740.3 1.00 3508.68 350867.50
1744.0 1.00 3471.80 347180.40
1747.5 1.00 3423.91 342391.20
1751.2 1.00 3358.93 335893.40
1754.8 1.00 3310.38 331038.00
1758.4 1.00 3256.54 325654.40
1762.0 1.00 3198.87 319887.10
1765.5 1.00 3163.04 316303.60
1769.1 1.00 3141.60 314160.00
1772.7 1.00 3123.09 312309.00
1776.3 1.00 3096.16 309615.60
1779.9 1.00 3067.45 306745.20
1783.5 1.00 3042.96 304296.00
1787.0 1.00 3016.29 301629.30
1790.6 1.00 2993.11 299311.20
1794.2 1.00 2985.05 298505.20
1797.8 1.00 2973.99 297399.40
1801.3 1.00 2967.23 296722.80
1804.9 1.00 2958.38 295837.50
1808.4 1.00 2954.58 295458.30
1812.0 1.00 2940.35 294034.50
1815.5 1.00 2921.78 292178.00
1819.1 1.00 2898.84 289884.00
1822.6 1.00 2883.11 288311.40
1826.2 1.00 2871.41 287140.80
1829.7 1.00 2848.90 284889.80
1833.2 1.00 2812.26 281225.70
1836.8 1.00 2774.14 277413.50
1840.3 1.00 2752.83 275283.00
1843.8 1.00 2730.28 273028.00
1847.3 1.00 2725.32 272532.40
1850.8 1.00 2717.57 271756.80
1854.3 1.00 2680.96 268096.00
1857.8 1.00 2615.60 261560.00
1861.3 1.00 2519.41 251940.80
1864.8 1.00 2389.76 238975.80
1868.3 1.00 2232.88 223288.00
1871.8 1.00 2058.24 205824.00
1875.3 1.00 1887.34 188734.00
1878.8 1.00 1732.42 173241.60
1882.3 1.00 1629.26 162926.40
1885.8 1.00 1501.80 150179.70
1889.3 1.00 1367.92 136792.40
1892.7 1.00 1310.39 131039.20
1896.2 1.00 1254.11 125411.00
1899.7 1.00 1234.19 123418.60
1903.1 1.00 1254.79 125479.20
1906.6 1.00 1283.76 128376.00
1910.0 1.00 1355.12 135512.00
1913.5 1.00 1503.41 150341.40
1917.0 1.00 1809.33 180932.50
1920.4 1.00 1987.68 198767.50
1923.8 1.00 1896.41 189640.50
1871.2 1.00 343.40 34340.00
1873.9 1.00 966.45 96645.00
1876.7 1.00 1797.30 179730.00
1879.5 1.00 0.00 0.00
1882.3 1.00 541.30 54130.00
1885.1 1.00 1551.60 155160.00
1887.8 1.00 247.40 24740.00
1890.6 1.00 467.80 46780.00
1893.4 1.00 1100.00 110000.00
1896.2 1.00 0.00 0.00
1898.9 1.00 578.10 57810.00
1901.7 1.00 881.75 88175.00
1904.5 1.00 158.70 15870.00
1907.2 1.00 427.50 42750.00
1910.0 1.00 778.20 77820.00
1912.7 1.00 240.20 24020.00
1915.5 1.00 451.60 45160.00
1918.2 1.00 751.45 75145.00
1921.0 1.00 206.30 20630.00
1923.7 1.00 400.20 40020.00
1926.5 1.00 781.60 78160.00
1929.2 1.00 288.60 28860.00
1932.0 1.00 474.00 47400.00
1934.7 1.00 750.40 75040.00
1937.4 1.00 279.15 27915.00
1940.2 1.00 461.00 46100.00
1942.9 1.00 730.80 73080.00
1945.6 1.00 271.80 27180.00
1948.3 1.00 541.50 54150.00
1951.1 1.00 812.70 81270.00
1953.8 1.00 270.00 27000.00
1956.5 1.00 449.25 44925.00
1959.2 1.00 717.60 71760.00
1961.9 1.00 357.60 35760.00
1964.6 1.00 624.75 62475.00
1967.3 1.00 801.00 80100.00
1970.0 1.00 355.20 35520.00
1972.8 1.00 529.50 52950.00
1975.5 1.00 790.20 79020.00
1978.2 1.00 350.40 35040.00
1980.9 1.00 524.70 52470.00
1983.5 1.00 872.50 87250.00
1986.2 1.00 523.80 52380.00
1988.9 1.00 611.10 61110.00
1991.6 1.00 869.00 86900.00
1994.3 1.00 433.25 43325.00
1997.0 1.00 692.00 69200.00
1999.7 1.00 947.65 94765.00
2002.3 1.00 517.80 51780.00
2005.0 1.00 690.40 69040.00
2007.7 1.00 946.00 94600.00
2010.4 1.00 513.90 51390.00
2013.0 1.00 682.80 68280.00
2015.7 1.00 1023.00 102300.00
2018.4 1.00 595.70 59570.00
2021.0 1.00 680.00 68000.00
2023.7 1.00 1017.60 101760.00
2026.4 1.00 676.00 67600.00
2029.0 1.00 759.15 75915.00
2031.7 1.00 1014.00 101400.00
2034.3 1.00 591.50 59150.00
2037.0 1.00 760.05 76005.00
2039.6 1.00 1097.20 109720.00
2042.3 1.00 758.25 75825.00
2044.9 1.00 841.50 84150.00
2047.5 1.00 1009.80 100980.00
2050.2 1.00 588.00 58800.00
2052.8 1.00 840.00 84000.00
2055.4 1.00 1008.60 100860.00
2058.1 1.00 588.00 58800.00
2060.7 1.00 754.65 75465.00
2063.3 1.00 1003.20 100320.00
2065.9 1.00 586.25 58625.00
2068.6 1.00 753.75 75375.00
2071.2 1.00 1004.40 100440.00
2073.8 1.00 671.60 67160.00
2076.4 1.00 926.20 92620.00
2079.0 1.00 1095.90 109590.00
2081.6 1.00 590.80 59080.00
2084.2 1.00 846.50 84650.00
2086.8 1.00 1103.05 110305.00
2089.4 1.00 680.80 68080.00
2092.1 1.00 850.00 85000.00
2094.7 1.00 1101.75 110175.00
2097.2 1.00 680.00 68000.00
2099.8 1.00 768.60 76860.00
2102.4 1.00 1108.90 110890.00
2105.0 1.00 684.00 68400.00
2107.6 1.00 854.50 85450.00
2110.2 1.00 1108.25 110825.00
2112.8 1.00 687.20 68720.00
2115.3 1.00 952.60 95260.00
2117.9 1.00 1131.65 113165.00
2120.5 1.00 699.60 69960.00
2123.1 1.00 877.50 87750.00
2125.6 1.00 1142.05 114205.00
2128.2 1.00 702.40 70240.00
2130.8 1.00 877.50 87750.00
2133.3 1.00 1232.00 123200.00
2135.9 1.00 706.00 70600.00
2138.4 1.00 884.00 88400.00
2141.0 1.00 1145.95 114595.00
2143.6 1.00 791.55 79155.00
2146.1 1.00 881.50 88150.00
2148.7 1.00 1145.30 114530.00
2151.2 1.00 704.00 70400.00
2153.8 1.00 883.00 88300.00
2156.3 1.00 1151.80 115180.00
2158.8 1.00 708.80 70880.00
2161.4 1.00 972.95 97295.00
2163.9 1.00 1238.30 123830.00
2166.4 1.00 798.30 79830.00
2169.0 1.00 887.00 88700.00
2171.5 1.00 1241.80 124180.00
2174.0 1.00 803.25 80325.00
2176.5 1.00 897.00 89700.00
2179.1 1.00 1084.20 108420.00
2181.6 1.00 638.75 63875.00
2184.1 1.00 831.60 83160.00
2186.6 1.00 1223.95 122395.00
2189.1 1.00 770.40 77040.00
2191.6 1.00 882.00 88200.00
2194.1 1.00 1096.15 109615.00
2196.6 1.00 713.30 71330.00
2199.2 1.00 837.20 83720.00
2201.7 1.00 1074.50 107450.00
2204.1 1.00 659.70 65970.00
2206.6 1.00 895.20 89520.00
2209.1 1.00 1135.50 113550.00
2211.6 1.00 571.00 57100.00
2214.1 1.00 912.40 91240.00
2216.6 1.00 1253.45 125345.00
2219.1 1.00 683.70 68370.00
2221.6 1.00 913.60 91360.00
2224.0 1.00 1257.30 125730.00
2226.5 1.00 570.75 57075.00
2229.0 1.00 799.40 79940.00
2231.5 1.00 1034.10 103410.00
2233.9 1.00 577.25 57725.00
2236.4 1.00 694.80 69480.00
2238.9 1.00 1162.50 116250.00
2241.3 1.00 583.00 58300.00
2243.8 1.00 816.20 81620.00
2246.2 1.00 1163.00 116300.00
2248.7 1.00 462.80 46280.00
2251.2 1.00 691.80 69180.00
2253.6 1.00 1036.80 103680.00
2256.1 1.00 576.00 57600.00
2258.5 1.00 922.00 92200.00
2260.9 1.00 1150.50 115050.00
2263.4 1.00 460.60 46060.00
2265.8 1.00 577.00 57700.00
2268.3 1.00 923.60 92360.00
2270.7 1.00 460.60 46060.00
2273.1 1.00 690.30 69030.00
2275.6 1.00 921.60 92160.00
2278.0 1.00 345.90 34590.00
2280.4 1.00 577.25 57725.00
2282.8 1.00 1045.35 104535.00
2285.3 1.00 349.95 34995.00
2287.7 1.00 585.75 58575.00
2290.1 1.00 948.80 94880.00
2292.5 1.00 357.15 35715.00
2294.9 1.00 592.75 59275.00
2297.3 1.00 830.55 83055.00
2299.7 1.00 355.35 35535.00
2302.1 1.00 471.40 47140.00
2304.5 1.00 823.20 82320.00
2306.9 1.00 235.20 23520.00
2309.3 1.00 352.65 35265.00
2311.7 1.00 824.25 82425.00
2314.1 1.00 236.30 23630.00
2316.5 1.00 472.80 47280.00
2318.9 1.00 709.50 70950.00
2321.3 1.00 118.85 11885.00
2323.7 1.00 359.40 35940.00
2326.1 1.00 725.40 72540.00
2328.4 1.00 122.05 12205.00
2330.8 1.00 368.10 36810.00
2333.2 1.00 864.85 86485.00
2335.6 1.00 124.55 12455.00
2337.9 1.00 375.60 37560.00
2340.3 1.00 755.70 75570.00
2342.7 1.00 126.95 12695.00
2345.0 1.00 382.20 38220.00
2347.4 1.00 765.00 76500.00
2349.7 1.00 128.15 12815.00
2352.1 1.00 385.95 38595.00
2354.4 1.00 773.70 77370.00
2356.8 1.00 129.50 12950.00
2359.2 1.00 260.00 26000.00
2361.5 1.00 916.30 91630.00
2363.8 1.00 263.50 26350.00
2366.2 1.00 264.80 26480.00
2368.5 1.00 667.50 66750.00
2370.9 1.00 134.20 13420.00
2373.2 1.00 404.70 40470.00
2375.5 1.00 678.75 67875.00
2377.9 1.00 0.00 0.00
2380.2 1.00 274.90 27490.00
2382.5 1.00 827.10 82710.00
2384.8 1.00 139.20 13920.00
2387.2 1.00 421.95 42195.00
2389.5 1.00 708.25 70825.00
2391.8 1.00 0.00 0.00
2394.1 1.00 143.95 14395.00
2396.4 1.00 580.60 58060.00
2398.7 1.00 0.00 0.00
2401.0 1.00 148.35 14835.00
2403.3 1.00 747.00 74700.00
2405.6 1.00 149.95 14995.00
2407.9 1.00 300.60 30060.00
2410.2 1.00 601.60 60160.00
2412.5 1.00 0.00 0.00
2414.8 1.00 154.05 15405.00
2417.1 1.00 619.40 61940.00
2419.4 1.00 0.00 0.00
2421.7 1.00 157.70 15770.00
2424.0 1.00 634.00 63400.00
2426.2 1.00 0.00 0.00
2428.5 1.00 0.00 0.00
2430.8 1.00 654.00 65400.00
2433.1 1.00 0.00 0.00
2435.4 1.00 167.85 16785.00
2437.6 1.00 503.55 50355.00
2439.9 1.00 0.00 0.00
2442.2 1.00 0.00 0.00
2444.4 1.00 516.90 51690.00
2446.7 1.00 0.00 0.00
2448.9 1.00 177.65 17765.00
2451.2 1.00 536.40 53640.00
2453.4 1.00 0.00 0.00
2455.7 1.00 0.00 0.00
2457.9 1.00 549.45 54945.00
2460.2 1.00 0.00 0.00
2462.4 1.00 187.20 18720.00
2464.7 1.00 567.75 56775.00
2466.9 1.00 0.00 0.00
2469.2 1.00 0.00 0.00
2471.4 1.00 590.85 59085.00
2473.6 1.00 0.00 0.00
2475.9 1.00 0.00 0.00
2478.1 1.00 614.85 61485.00
2480.3 1.00 0.00 0.00
2482.5 1.00 0.00 0.00
2484.8 1.00 655.35 65535.00
2487.0 1.00 0.00 0.00
2489.2 1.00 0.00 0.00
2491.4 1.00 461.10 46110.00
2493.6 1.00 -235.15 -23515.00
2495.8 1.00 0.00 0.00
2498.0 1.00 486.40 48640.00
2500.2 1.00 -252.75 -25275.00
2502.4 1.00 0.00 0.00
2504.6 1.00 845.10 84510.00
2506.8 1.00 0.00 0.00
