/*** Spectra Vista SIG Data ***/
name= \My Documents\HR1024_Data\AODB5.
instrument= HR: 1091052
integration= 200, 60, 30, 500, 60, 30
scan time= 1, 1
scan settings= AD, AI, AD, AI
external data set1= 8224, 8224, 8224, 8224, 8224, 8224, 8224, 8224, 8224, 8224, 8224, 8224, 8224, 8224, 8224, 8224
external data set2= 8224, 8224, 8224, 8224, 8224, 8224, 8224, 8224, 8224, 8224, 8224, 8224, 8224, 8224, 8224, 8224
external data dark= 0,0,0,0,0,0,0,0
external data mask= 0
optic= LENS4 , LENS4 
temp= 33.31, 8.94, -5.30, 46.12, 8.88, -5.17
battery= 7.5, 6.6
error= 0, 0
units= Radiance, Radiance
time= 1/1/08 1:10:44 PM, 1/1/08 1:57:49 PM
longitude= , 
latitude= , 
gpstime= , 
comm= 
memory slot= 0, 0
factors= 
data= 
346.4 509.60 124.85 24.50
347.9 536.51 128.01 23.86
349.5 577.20 126.05 21.84
351.1 620.88 123.55 19.90
352.6 679.94 126.50 18.60
354.2 723.22 140.06 19.37
355.7 777.89 137.39 17.66
357.3 842.60 145.64 17.28
358.8 838.80 152.38 18.17
360.4 904.00 149.14 16.50
361.9 943.76 157.41 16.68
363.5 997.20 153.74 15.42
365.1 1040.25 151.18 14.53
366.6 1087.54 150.53 13.84
368.2 1161.70 153.10 13.18
369.7 1204.79 154.11 12.79
371.3 1287.37 150.14 11.66
372.8 1354.56 162.02 11.96
374.4 1435.13 158.87 11.07
375.9 1463.02 165.50 11.31
377.4 1512.41 165.23 10.92
379.0 1578.52 170.58 10.81
380.5 1618.77 162.49 10.04
382.1 1669.58 161.93 9.70
383.6 1726.52 161.03 9.33
385.2 1809.50 166.10 9.18
386.7 1900.67 171.11 9.00
388.3 1991.93 175.01 8.79
389.8 2077.97 163.60 7.87
391.3 2163.95 178.24 8.24
392.9 2236.17 183.22 8.19
394.4 2293.88 187.55 8.18
395.9 2364.42 199.70 8.45
397.5 2493.56 201.55 8.08
399.0 2617.23 212.59 8.12
400.6 2691.33 200.36 7.44
402.1 2739.96 199.18 7.27
403.6 2797.88 193.72 6.92
405.1 2865.39 197.42 6.89
406.7 2979.20 200.70 6.74
408.2 3089.54 198.69 6.43
409.7 3183.04 210.56 6.62
411.3 3295.62 220.32 6.69
412.8 3391.47 226.57 6.68
414.3 3507.27 232.02 6.62
415.8 3622.50 256.00 7.07
417.4 3739.34 253.00 6.77
418.9 3830.42 266.16 6.95
420.4 3913.23 264.21 6.75
421.9 3978.48 264.26 6.64
423.5 4044.22 271.79 6.72
425.0 4110.68 276.89 6.74
426.5 4198.95 280.36 6.68
428.0 4314.36 285.71 6.62
429.5 4445.73 293.88 6.61
431.1 4599.50 300.31 6.53
432.6 4769.72 312.21 6.55
434.1 4937.63 321.86 6.52
435.6 5085.18 333.59 6.56
437.1 5233.80 340.08 6.50
438.6 5364.45 352.13 6.56
440.1 5501.44 362.40 6.59
441.6 5653.06 374.87 6.63
443.1 5799.60 386.37 6.66
444.7 5941.01 392.92 6.61
446.2 6051.88 399.11 6.59
447.7 6161.82 413.38 6.71
449.2 6292.08 425.09 6.76
450.7 6396.00 425.98 6.66
452.2 6529.70 432.30 6.62
453.7 6647.26 441.04 6.63
455.2 6815.62 448.03 6.57
456.7 7013.60 459.01 6.54
458.2 7232.90 476.72 6.59
459.7 7456.75 490.00 6.57
461.2 7667.16 509.73 6.65
462.7 7858.10 519.10 6.61
464.2 8041.02 534.36 6.65
465.7 8240.35 556.49 6.75
467.2 8402.63 572.88 6.82
468.7 8584.00 592.80 6.91
470.2 8698.25 607.01 6.98
471.7 8877.75 627.95 7.07
473.2 9159.71 653.06 7.13
474.6 9386.40 666.21 7.10
476.1 9450.96 663.14 7.02
477.6 9499.75 665.55 7.01
479.1 9557.87 673.05 7.04
480.6 9632.82 672.60 6.98
482.1 9760.73 692.31 7.09
483.6 9935.74 705.55 7.10
485.1 10133.78 725.35 7.16
486.6 10366.07 743.35 7.17
488.0 10621.00 768.30 7.23
489.5 10873.80 795.23 7.31
491.0 11134.31 823.67 7.40
492.5 11404.80 859.25 7.53
494.0 11683.71 894.02 7.65
495.4 11917.95 926.64 7.78
496.9 12154.26 961.92 7.91
498.4 12387.41 1003.31 8.10
499.9 12623.63 1039.43 8.23
501.4 12839.71 1078.41 8.40
502.8 13042.06 1118.80 8.58
504.3 13226.40 1158.48 8.76
505.8 13406.54 1199.57 8.95
507.2 13518.16 1236.35 9.15
508.7 13603.31 1272.68 9.36
510.2 13672.60 1301.18 9.52
511.6 13715.26 1335.33 9.74
513.1 13806.21 1369.59 9.92
514.6 13898.29 1410.75 10.15
516.0 13992.63 1446.68 10.34
517.5 14151.40 1491.95 10.54
519.0 14339.95 1535.79 10.71
520.5 14520.56 1588.18 10.94
521.9 14760.83 1648.62 11.17
523.4 15031.28 1713.67 11.40
524.8 15295.25 1776.47 11.61
526.3 15594.01 1849.12 11.86
527.8 15909.50 1917.00 12.05
529.2 16189.50 2000.15 12.35
530.7 16509.28 2080.94 12.60
532.1 16791.25 2159.92 12.86
533.6 17121.20 2250.96 13.15
535.0 17454.94 2341.65 13.42
536.5 17789.22 2433.75 13.68
538.0 18136.88 2530.37 13.95
539.4 18461.69 2630.04 14.25
540.9 18864.39 2748.56 14.57
542.3 19206.33 2862.02 14.90
543.8 19460.81 2959.27 15.21
545.2 19544.37 3029.07 15.50
546.6 19566.05 3094.02 15.81
548.1 19604.97 3165.03 16.14
549.5 19640.65 3235.68 16.47
551.0 19664.79 3291.51 16.74
552.4 19724.92 3369.44 17.08
553.9 19761.60 3435.37 17.38
555.3 19812.20 3509.30 17.71
556.8 19934.49 3594.51 18.03
558.2 20047.50 3679.43 18.35
559.6 20200.16 3774.97 18.69
561.1 20397.00 3874.65 19.00
562.5 20617.77 3980.61 19.31
564.0 20901.40 4101.35 19.62
565.4 21161.13 4221.22 19.95
566.8 21482.31 4355.18 20.27
568.3 21793.28 4486.66 20.59
569.7 22118.60 4626.60 20.92
571.1 22425.71 4761.19 21.23
572.6 22741.56 4899.53 21.54
574.0 23030.70 5041.08 21.89
575.4 23309.44 5183.33 22.24
576.9 23581.06 5313.23 22.53
578.3 23822.01 5451.88 22.89
579.7 24048.22 5588.00 23.24
581.1 24227.75 5707.06 23.56
582.6 24429.78 5836.13 23.89
584.0 24600.48 5959.74 24.23
585.4 24853.74 6105.22 24.56
586.8 25196.68 6279.53 24.92
588.3 25573.86 6466.82 25.29
589.7 25896.78 6637.18 25.63
591.1 26104.75 6790.51 26.01
592.5 26211.06 6910.58 26.37
594.0 26269.26 7020.53 26.73
595.4 26286.44 7107.67 27.04
596.8 26295.56 7196.90 27.37
598.2 26315.92 7290.47 27.70
599.6 26317.98 7380.79 28.04
601.0 26398.05 7497.70 28.40
602.4 26470.93 7599.80 28.71
603.9 26597.64 7709.88 28.99
605.3 26727.57 7839.39 29.33
606.7 26857.80 7953.84 29.61
608.1 27088.39 8094.45 29.88
609.5 27333.21 8249.46 30.18
610.9 27623.29 8409.14 30.44
612.3 27891.32 8566.26 30.71
613.7 28252.28 8766.13 31.03
615.1 28513.62 8933.33 31.33
616.5 28776.05 9089.44 31.59
617.9 29165.50 9287.45 31.84
619.3 29543.24 9476.56 32.08
620.7 29990.55 9686.77 32.30
622.1 30437.05 9939.09 32.65
623.5 30934.60 10248.69 33.13
624.9 31494.75 10567.83 33.55
626.3 31867.36 10816.36 33.94
627.7 31569.69 10798.85 34.21
629.1 31287.59 10758.64 34.39
630.5 31184.65 10773.06 34.55
631.9 31222.21 10835.03 34.70
633.3 31256.33 10893.25 34.85
634.7 31400.48 10997.88 35.02
636.1 31461.82 11060.47 35.16
637.5 31554.77 11117.01 35.23
638.9 31702.82 11139.34 35.14
640.2 31825.04 11207.99 35.22
641.6 31863.78 11304.07 35.48
643.0 31847.61 11383.89 35.74
644.4 31829.55 11487.38 36.09
645.8 31751.71 11536.91 36.33
647.2 31867.94 11645.56 36.54
648.5 31926.34 11715.29 36.69
649.9 31776.23 11695.48 36.81
651.3 31648.05 11648.40 36.81
652.7 31449.15 11561.70 36.76
654.1 31244.46 11506.90 36.83
655.5 31005.95 11492.43 37.07
656.8 30780.41 11489.55 37.33
658.2 30925.42 11620.38 37.58
659.6 31264.45 11806.23 37.76
660.9 31536.04 11956.42 37.91
662.3 31822.64 12099.10 38.02
663.7 32096.40 12252.24 38.17
665.0 32332.90 12386.71 38.31
666.4 32562.99 12515.55 38.43
667.8 32863.56 12676.06 38.57
669.1 33114.69 12807.43 38.68
670.5 33405.09 12975.59 38.84
671.9 33586.56 13098.43 39.00
673.2 33844.75 13245.87 39.14
674.6 34082.18 13395.31 39.30
676.0 34372.41 13567.41 39.47
677.3 34659.68 13728.12 39.61
678.7 34979.63 13916.20 39.78
680.0 35399.92 14145.24 39.96
681.4 35845.89 14404.88 40.19
682.8 36270.33 14652.82 40.40
684.1 36705.24 14909.54 40.62
685.5 37104.21 15150.17 40.83
686.8 37507.62 15392.71 41.04
688.2 37862.83 15635.62 41.30
689.5 38000.96 15791.82 41.56
690.9 38124.79 15926.22 41.77
692.2 38229.60 16051.74 41.99
693.6 38334.37 16167.49 42.17
694.9 38335.34 16235.84 42.35
696.2 38393.33 16329.20 42.53
697.6 38453.39 16435.76 42.74
698.9 38522.88 16526.40 42.90
700.3 38613.54 16614.88 43.03
701.6 38716.02 16707.94 43.16
703.0 38828.83 16815.81 43.31
704.3 38882.19 16900.98 43.47
705.6 38895.39 16973.24 43.64
707.0 38949.12 17050.38 43.78
708.3 38885.46 17085.93 43.94
709.6 38817.35 17109.80 44.08
711.0 38702.88 17134.23 44.27
712.3 38573.15 17135.99 44.42
713.6 38531.64 17173.13 44.57
714.9 38462.14 17207.39 44.74
716.3 38461.08 17264.17 44.89
717.6 38479.84 17335.19 45.05
718.9 38424.85 17363.90 45.19
720.2 38251.08 17353.25 45.37
721.6 38113.53 17349.18 45.52
722.9 37945.16 17323.39 45.65
724.2 37714.27 17261.46 45.77
725.5 37534.96 17232.70 45.91
726.8 37360.68 17214.80 46.08
728.1 37271.09 17239.31 46.25
729.5 37167.13 17261.34 46.44
730.8 37093.13 17279.10 46.58
732.1 36996.92 17288.72 46.73
733.4 36936.39 17303.16 46.85
734.7 36864.47 17322.08 46.99
736.0 36851.62 17379.00 47.16
737.3 36774.45 17398.91 47.31
738.6 36845.76 17473.87 47.42
739.9 37000.34 17585.26 47.53
741.2 37119.81 17683.85 47.64
742.5 37372.03 17853.01 47.77
743.8 37768.50 18102.32 47.93
745.1 38387.22 18447.37 48.06
746.4 39127.73 18879.41 48.25
747.7 39918.22 19321.13 48.40
749.0 40672.12 19768.06 48.60
750.3 41122.66 20053.35 48.76
751.6 41047.35 20097.24 48.96
752.9 40630.59 19947.28 49.09
754.2 40176.47 19772.17 49.21
755.4 39652.21 19562.34 49.33
756.7 39478.17 19526.12 49.46
758.0 39495.60 19566.17 49.54
759.3 39730.28 19736.52 49.68
760.6 40061.56 19941.15 49.78
761.9 40384.10 20152.77 49.90
763.1 40567.56 20300.20 50.04
764.4 40796.65 20474.22 50.19
765.7 40953.25 20607.60 50.32
767.0 41079.80 20727.81 50.46
768.2 41207.04 20827.97 50.54
769.5 41279.98 20921.94 50.68
770.8 41469.61 21071.91 50.81
772.0 41501.32 21140.96 50.94
773.3 41583.65 21245.29 51.09
774.6 41708.58 21332.82 51.15
775.8 41815.15 21447.27 51.29
777.1 41846.51 21513.02 51.41
778.4 41799.94 21557.45 51.57
779.6 41775.90 21594.56 51.69
780.9 41704.00 21611.20 51.82
782.1 41523.21 21559.82 51.92
783.4 41558.40 21625.34 52.04
784.6 41567.36 21673.92 52.14
785.9 41861.56 21870.06 52.24
787.1 42409.87 22228.82 52.41
788.4 42854.47 22591.60 52.72
789.6 42849.18 22677.97 52.93
790.9 42483.96 22507.92 52.98
792.1 42011.92 22332.83 53.16
793.4 41570.15 22164.35 53.32
794.6 41283.15 22061.64 53.44
795.8 41024.39 21960.63 53.53
797.1 40758.68 21872.16 53.66
798.3 40551.64 21832.64 53.84
799.5 40444.72 21825.59 53.96
800.8 40323.21 21792.42 54.04
802.0 40187.32 21786.40 54.21
803.2 40033.64 21773.74 54.39
804.5 39942.72 21776.74 54.52
805.7 39829.66 21771.32 54.66
806.9 39715.93 21748.96 54.76
808.1 39632.97 21754.87 54.89
809.4 39553.39 21763.67 55.02
810.6 39489.45 21785.40 55.17
811.8 39474.39 21810.83 55.25
813.0 39504.71 21867.20 55.35
814.2 39525.61 21932.50 55.49
815.4 39644.33 22070.21 55.67
816.6 39709.73 22160.13 55.81
817.9 39791.57 22257.85 55.94
819.1 39719.87 22290.08 56.12
820.3 39621.11 22284.35 56.24
821.5 39546.25 22278.03 56.33
822.7 39480.04 22275.52 56.42
823.9 39499.25 22347.36 56.58
825.1 39541.96 22396.02 56.64
826.3 39583.35 22463.57 56.75
827.5 39640.56 22544.69 56.87
828.7 39708.48 22628.54 56.99
829.9 39767.03 22716.18 57.12
831.0 39870.82 22783.85 57.14
832.2 39993.87 22903.56 57.27
833.4 40076.64 22985.21 57.35
834.6 40148.44 23070.00 57.46
835.8 40238.10 23167.62 57.58
837.0 40328.28 23250.14 57.65
838.1 40500.72 23384.15 57.74
839.3 40601.19 23483.14 57.84
840.5 40716.87 23581.18 57.92
841.7 40854.11 23724.25 58.07
842.9 40980.73 23826.55 58.14
844.0 41100.82 23939.82 58.25
845.2 41245.09 24052.01 58.31
846.4 41368.25 24195.59 58.49
847.5 41564.18 24340.65 58.56
848.7 41743.64 24519.26 58.74
849.9 41936.76 24667.20 58.82
851.0 42020.98 24782.89 58.98
852.2 42107.61 24888.78 59.11
853.3 42066.96 24946.62 59.30
854.5 42098.11 24960.69 59.29
855.6 42095.43 24997.97 59.38
856.8 42111.00 25049.02 59.48
857.9 42111.88 25091.74 59.58
859.1 42240.60 25209.20 59.68
860.2 42245.56 25235.55 59.74
861.4 42273.83 25322.27 59.90
862.5 42309.54 25362.48 59.95
863.7 42384.63 25477.97 60.11
864.8 42387.10 25504.08 60.17
865.9 42333.82 25492.06 60.22
867.1 42372.33 25538.44 60.27
868.2 42368.54 25582.42 60.38
869.3 42393.50 25660.45 60.53
870.5 42342.80 25651.73 60.58
871.6 42318.48 25682.84 60.69
872.7 42385.23 25736.15 60.72
873.9 42404.90 25785.41 60.81
875.0 42391.36 25800.54 60.86
876.1 42363.75 25846.51 61.01
877.2 42397.32 25847.25 60.96
878.3 42381.77 25879.88 61.06
879.4 42397.70 25959.77 61.23
880.5 42451.56 26035.63 61.33
881.7 42410.55 26019.24 61.35
882.8 42454.72 26117.23 61.52
883.9 42482.63 26181.42 61.63
885.0 42446.04 26156.13 61.62
886.1 42420.10 26205.44 61.78
887.2 42295.80 26153.35 61.83
888.3 42201.80 26157.38 61.98
889.4 42117.30 26117.94 62.01
890.5 42026.34 26096.49 62.10
891.6 41981.69 26078.63 62.12
892.7 41962.31 26132.80 62.28
893.8 41981.79 26139.36 62.26
894.9 41952.35 26151.97 62.34
896.0 41968.71 26196.26 62.42
897.0 41952.48 26216.61 62.49
898.1 41951.64 26239.05 62.55
899.2 41983.30 26275.29 62.59
900.3 41907.57 26254.44 62.65
901.4 41820.39 26238.62 62.74
902.4 41828.99 26273.57 62.81
903.5 41775.96 26259.72 62.86
904.6 41798.96 26255.63 62.81
905.7 41805.42 26294.14 62.90
906.7 41815.90 26311.26 62.92
907.8 41839.20 26370.32 63.03
908.9 41746.38 26357.75 63.14
909.9 41734.69 26386.09 63.22
911.0 41681.88 26335.10 63.18
912.1 41602.05 26338.13 63.31
913.1 41535.52 26328.22 63.39
914.2 41457.24 26224.48 63.26
915.2 41368.59 26249.72 63.45
916.3 41436.15 26294.82 63.46
917.3 41410.15 26266.50 63.43
918.4 41310.50 26275.92 63.61
919.4 41328.17 26286.89 63.61
920.5 41309.67 26262.99 63.58
921.5 41323.66 26342.01 63.75
922.6 41255.80 26301.76 63.75
923.6 41303.54 26350.83 63.80
924.7 41344.50 26397.70 63.85
925.7 41333.16 26402.83 63.88
926.7 41356.90 26446.48 63.95
927.8 41415.30 26482.74 63.94
928.8 41570.85 26578.49 63.94
929.9 41658.93 26684.32 64.05
930.9 41879.39 26835.69 64.08
931.9 42070.56 26916.86 63.98
932.9 42412.10 27117.68 63.94
934.0 42452.50 27175.23 64.01
935.0 42440.57 27184.58 64.05
936.0 42488.02 27177.17 63.96
937.0 42429.47 27206.24 64.12
938.1 42380.86 27177.26 64.13
939.1 42337.65 27202.81 64.25
940.1 42429.30 27247.02 64.22
941.1 42615.86 27400.13 64.30
942.1 42903.92 27524.49 64.15
943.1 43057.09 27622.49 64.15
944.1 43342.63 27761.91 64.05
945.2 43356.60 27847.18 64.23
946.2 43482.48 27910.05 64.19
947.2 43549.00 27953.75 64.19
948.2 43743.16 28032.61 64.08
949.2 43840.88 28083.58 64.06
950.2 43906.25 28167.44 64.15
951.2 44010.96 28165.87 64.00
952.2 44061.91 28305.38 64.24
953.2 44318.14 28350.60 63.97
954.2 44380.80 28437.48 64.08
955.2 44428.35 28426.77 63.98
956.2 44460.20 28423.22 63.93
957.2 44542.35 28481.56 63.94
958.2 44649.94 28498.99 63.83
959.2 44705.25 28571.40 63.91
960.1 44813.66 28573.18 63.76
961.1 44928.76 28652.75 63.77
962.1 44958.75 28685.25 63.80
963.1 44986.01 28757.48 63.93
964.1 45106.16 28867.94 64.00
965.1 45270.70 28934.88 63.92
966.1 45207.41 28887.10 63.90
967.0 45355.66 29034.10 64.01
968.0 45441.48 29052.61 63.93
969.0 45453.60 29163.92 64.16
970.0 45557.64 29144.53 63.97
971.0 45615.57 29146.57 63.90
971.9 45699.86 29276.25 64.06
972.9 45781.93 29347.64 64.10
973.9 45829.88 29464.63 64.29
974.9 45973.78 29550.34 64.28
975.8 45979.65 29597.27 64.37
976.8 46106.16 29637.53 64.28
977.8 46097.80 29678.45 64.38
978.8 46103.70 29800.56 64.64
979.7 46387.55 29761.37 64.16
980.7 46405.76 29935.09 64.51
981.7 46694.84 30155.99 64.58
982.6 46857.76 30188.69 64.43
983.6 47433.79 30421.94 64.14
984.6 47818.98 30792.53 64.39
985.5 48063.24 31107.02 64.72
986.5 48770.77 31618.00 64.83
987.5 50043.63 32225.90 64.40
988.4 50895.90 32479.48 63.82
989.4 52431.75 33556.32 64.00
990.4 53425.02 34098.59 63.83
991.3 55387.31 35038.87 63.26
992.3 55950.90 35761.62 63.92
993.2 58118.31 37608.60 64.71
994.2 59457.94 37850.67 63.66
995.2 60710.63 39280.06 64.70
996.1 61737.77 39732.23 64.36
997.1 61885.85 39867.52 64.42
998.0 61668.00 40289.76 65.33
999.0 61787.86 39746.58 64.33
1000.0 62252.49 39301.57 63.13
1000.9 62564.91 40293.38 64.40
1001.9 61626.12 39894.80 64.74
1002.8 61885.09 40643.45 65.68
1003.8 61970.58 39800.82 64.23
1004.8 62064.96 39977.14 64.41
961.5 55881.62 30164.47 53.98
965.5 54589.44 29938.90 54.84
969.5 52393.79 29258.03 55.84
973.4 50126.74 28399.14 56.65
977.4 48345.52 27997.28 57.91
981.4 47464.01 28084.31 59.17
985.3 47176.98 28282.58 59.95
989.3 47304.75 28591.65 60.44
993.3 47508.66 28921.51 60.88
997.2 47541.75 29061.02 61.13
1001.2 47520.33 29144.70 61.33
1005.2 47455.76 29191.86 61.51
1009.1 47529.68 29323.21 61.69
1013.1 47663.39 29504.19 61.90
1017.1 47785.75 29673.87 62.10
1021.0 47816.50 29801.21 62.32
1025.0 47819.30 29876.07 62.48
1029.0 47652.00 29869.14 62.68
1032.9 47495.63 29863.99 62.88
1036.9 47497.16 29912.79 62.98
1040.9 47608.97 30042.46 63.10
1044.8 47827.54 30228.68 63.20
1048.8 48004.98 30385.63 63.30
1052.7 48133.54 30495.83 63.36
1056.7 48188.20 30547.96 63.39
1060.7 48194.60 30597.74 63.49
1064.6 48198.22 30653.10 63.60
1068.6 48113.17 30610.03 63.62
1072.5 48026.55 30571.31 63.66
1076.5 47975.49 30568.65 63.72
1080.4 47966.69 30571.84 63.74
1084.4 48069.59 30638.18 63.74
1088.3 48170.15 30702.69 63.74
1092.3 48152.58 30701.08 63.76
1096.2 48142.77 30683.21 63.73
1100.2 48183.64 30671.72 63.66
1104.1 48079.94 30573.99 63.59
1108.1 48035.13 30513.06 63.52
1112.0 47943.86 30413.97 63.44
1116.0 47742.57 30252.95 63.37
1119.9 47581.47 30092.13 63.24
1123.9 47666.30 30054.19 63.05
1127.8 47639.04 29936.64 62.84
1131.8 47617.38 29778.96 62.54
1135.7 47659.94 29605.21 62.12
1139.6 47675.62 29380.25 61.63
1143.6 47638.82 29088.96 61.06
1147.5 47616.88 28776.96 60.43
1151.4 47500.80 28429.97 59.85
1155.4 47513.75 28244.67 59.45
1159.3 47522.52 28117.19 59.17
1163.2 47363.89 27917.01 58.94
1167.2 47347.50 27835.02 58.79
1171.1 47369.57 27795.57 58.68
1175.0 47314.40 27713.71 58.57
1179.0 47268.08 27643.04 58.48
1182.9 47358.68 27657.53 58.40
1186.8 47350.70 27611.66 58.31
1190.7 47139.70 27433.76 58.20
1194.7 46883.87 27259.68 58.14
1198.6 46652.76 27117.09 58.13
1202.5 46480.48 27017.19 58.13
1206.4 46340.80 26957.36 58.17
1210.3 46236.01 26937.74 58.26
1214.2 46114.66 26920.42 58.38
1218.2 45952.68 26890.14 58.52
1222.1 45800.88 26874.65 58.68
1226.0 45686.61 26869.35 58.81
1229.9 45598.02 26886.90 58.97
1233.8 45484.04 26882.77 59.10
1237.7 45416.66 26885.23 59.20
1241.6 45332.53 26870.84 59.27
1245.5 45166.97 26808.35 59.35
1249.4 45023.84 26769.31 59.46
1253.3 44894.25 26726.94 59.53
1257.2 44816.00 26681.24 59.54
1261.1 44716.86 26608.50 59.50
1265.0 44587.73 26522.04 59.48
1268.9 44400.64 26397.67 59.45
1272.8 44460.00 26422.35 59.43
1276.7 44653.74 26519.03 59.39
1280.6 44733.81 26539.74 59.33
1284.5 44649.07 26452.16 59.24
1288.4 44631.63 26373.36 59.09
1292.3 44511.50 26221.25 58.91
1296.2 44360.33 26046.26 58.72
1300.1 44197.71 25850.73 58.49
1303.9 43963.66 25594.81 58.22
1307.8 43715.49 25312.13 57.90
1311.7 43464.03 25005.74 57.53
1315.6 43214.30 24681.05 57.11
1319.5 42962.15 24320.02 56.61
1323.3 42734.84 23950.65 56.04
1327.2 42525.95 23586.12 55.46
1331.1 42285.13 23205.07 54.88
1335.0 41985.32 22776.94 54.25
1338.8 41775.29 22367.49 53.54
1342.7 41609.18 21960.13 52.78
1346.5 41242.98 21416.84 51.93
1350.4 40931.78 20886.68 51.03
1354.3 40517.39 20316.24 50.14
1358.1 40047.65 19761.04 49.34
1362.0 39764.09 19341.87 48.64
1365.8 39670.89 19025.53 47.96
1369.7 39786.92 18781.76 47.21
1373.5 39741.56 18364.02 46.21
1377.4 39487.75 17702.11 44.83
1381.2 39276.49 16929.17 43.10
1385.1 39242.56 16155.21 41.17
1389.0 39129.70 15271.06 39.03
1392.8 38925.66 14297.16 36.73
1396.6 38773.68 13337.54 34.40
1400.5 38560.99 12407.55 32.18
1404.3 38397.74 11602.51 30.22
1408.2 38363.03 10951.11 28.55
1412.0 38325.01 10415.38 27.18
1415.8 38359.09 10018.24 26.12
1419.6 38319.36 9697.60 25.31
1423.5 38299.37 9441.20 24.65
1427.3 38266.05 9251.47 24.18
1431.1 38248.58 9116.33 23.83
1434.9 38159.15 8997.72 23.58
1438.8 38104.90 8931.27 23.44
1442.6 38084.31 8892.72 23.35
1446.4 37958.74 8851.20 23.32
1450.2 37871.04 8842.70 23.35
1454.0 37772.76 8837.28 23.40
1457.8 37752.26 8866.97 23.49
1461.6 37732.17 8916.73 23.63
1465.4 37609.21 8960.00 23.82
1469.2 37426.03 9022.65 24.11
1473.0 37290.43 9126.22 24.47
1476.8 37245.30 9273.74 24.90
1480.7 37186.44 9441.90 25.39
1484.4 37061.40 9605.64 25.92
1488.2 36961.08 9781.20 26.46
1492.0 36836.53 9966.94 27.06
1495.8 36720.78 10144.23 27.63
1499.6 36605.30 10312.48 28.17
1503.4 36479.87 10481.33 28.73
1507.2 36356.05 10641.98 29.27
1510.9 36204.04 10777.80 29.77
1514.7 36047.88 10906.29 30.26
1518.5 35919.58 11052.00 30.77
1522.3 35781.38 11181.68 31.25
1526.0 35674.52 11321.66 31.74
1529.8 35609.17 11481.29 32.24
1533.6 35484.33 11608.23 32.71
1537.3 35352.32 11716.88 33.14
1541.1 35225.58 11817.95 33.55
1544.8 35097.60 11906.40 33.92
1548.6 34949.35 11986.34 34.30
1552.4 34850.72 12089.83 34.69
1556.1 34790.76 12206.65 35.09
1559.9 34705.82 12331.49 35.53
1563.6 34578.39 12432.36 35.95
1567.3 34459.02 12506.87 36.29
1571.1 34243.92 12534.61 36.60
1574.8 34100.68 12596.20 36.94
1578.6 34000.34 12668.34 37.26
1582.3 33854.52 12702.31 37.52
1586.0 33716.51 12741.93 37.79
1589.8 33582.95 12778.27 38.05
1593.5 33431.04 12797.86 38.28
1597.2 33294.67 12835.75 38.55
1600.9 33154.19 12851.24 38.76
1604.7 33000.40 12853.65 38.95
1608.4 32856.34 12869.69 39.17
1612.1 32695.22 12870.47 39.36
1615.8 32545.96 12879.32 39.57
1619.5 32465.11 12900.73 39.74
1623.2 32316.22 12883.52 39.87
1626.9 32130.25 12855.98 40.01
1630.6 31953.68 12821.16 40.12
1634.3 31816.04 12800.89 40.23
1638.0 31668.49 12773.48 40.33
1641.7 31487.82 12745.01 40.48
1645.4 31299.16 12702.56 40.58
1649.1 31105.38 12645.49 40.65
1652.8 30949.76 12593.02 40.69
1656.4 30780.36 12525.11 40.69
1660.1 30613.88 12452.46 40.68
1663.8 30416.03 12360.85 40.64
1667.5 30257.50 12284.35 40.60
1671.1 30134.40 12221.95 40.56
1674.8 29937.06 12138.60 40.55
1678.5 29873.87 12100.99 40.51
1682.1 29892.23 12081.90 40.42
1685.8 29901.92 12052.07 40.31
1689.5 29795.07 11959.14 40.14
1693.1 29653.44 11847.63 39.95
1696.8 29511.75 11730.13 39.75
1700.4 29358.15 11602.72 39.52
1704.0 29237.42 11483.99 39.28
1707.7 28983.16 11304.79 39.00
1711.3 28689.26 11109.22 38.72
1715.0 28479.20 10950.78 38.45
1718.6 28311.14 10810.75 38.19
1722.2 28171.19 10689.11 37.94
1725.9 28024.58 10573.77 37.73
1729.5 27888.80 10474.23 37.56
1733.1 27770.82 10387.67 37.40
1736.7 27655.67 10310.90 37.28
1740.3 27487.42 10205.10 37.13
1744.0 27395.86 10118.31 36.93
1747.5 27255.01 10003.94 36.70
1751.2 27041.09 9859.40 36.46
1754.8 26881.34 9749.88 36.27
1758.4 26750.86 9648.05 36.07
1762.0 26572.85 9534.50 35.88
1765.5 26446.23 9448.50 35.73
1769.1 26402.40 9400.80 35.61
1772.7 26328.38 9340.22 35.48
1776.3 26208.92 9259.24 35.33
1779.9 26081.92 9180.29 35.20
1783.5 26027.60 9138.80 35.11
1787.0 25897.14 9063.87 35.00
1790.6 25747.79 8979.34 34.87
1794.2 25651.68 8929.82 34.81
1797.8 25552.23 8875.79 34.74
1801.3 25471.95 8834.19 34.68
1804.9 25318.13 8767.50 34.63
1808.4 25235.40 8716.95 34.54
1812.0 25102.89 8649.99 34.46
1815.5 24947.72 8567.96 34.34
1819.1 24745.29 8480.53 34.27
1822.6 24588.72 8421.35 34.25
1826.2 24468.62 8355.86 34.15
1829.7 24298.19 8252.50 33.96
1833.2 24066.25 8131.16 33.79
1836.8 23846.10 8019.83 33.63
1840.3 23701.28 7952.99 33.56
1843.8 23605.26 7906.15 33.49
1847.3 23552.23 7856.86 33.36
1850.8 23482.37 7777.73 33.12
1854.3 23328.90 7643.01 32.76
1857.8 23249.20 7477.60 32.16
1861.3 23245.10 7261.12 31.24
1864.8 23154.55 6901.51 29.81
1868.3 22923.75 6456.26 28.16
1871.8 22725.12 6021.12 26.50
1875.3 22663.55 5631.08 24.85
1878.8 22668.35 5235.92 23.10
1882.3 22613.87 4801.63 21.23
1885.8 22446.65 4352.80 19.39
1889.3 22245.45 3928.61 17.66
1892.7 22073.02 3594.72 16.29
1896.2 21956.57 3357.16 15.29
1899.7 21800.31 3221.99 14.78
1903.1 21719.54 3221.06 14.83
1906.6 21807.87 3369.87 15.45
1910.0 22098.88 3731.79 16.89
1913.5 22634.73 4203.99 18.57
1917.0 23151.98 4837.18 20.89
1920.4 23436.08 5593.23 23.87
1923.8 23677.97 6176.86 26.09
1871.2 20787.15 4635.90 22.30
1873.9 20907.54 4467.15 21.37
1876.7 21048.38 4243.63 20.16
1879.5 21252.88 3972.50 18.69
1882.3 20993.42 3680.84 17.53
1885.1 20851.78 3310.08 15.87
1887.8 20921.79 2985.29 14.27
1890.6 20723.54 2697.65 13.02
1893.4 20650.67 2412.67 11.68
1896.2 20581.86 2159.27 10.49
1898.9 20516.13 1946.27 9.49
1901.7 20380.18 1769.38 8.68
1904.5 20546.36 1650.48 8.03
1907.2 20463.00 1572.25 7.68
1910.0 20358.58 1530.46 7.52
1912.7 20364.96 1469.22 7.21
1915.5 20273.08 1452.65 7.17
1918.2 20210.43 1452.80 7.19
1921.0 20079.87 1402.84 6.99
1923.7 20126.73 1437.39 7.14
1926.5 20096.89 1439.45 7.16
1929.2 20080.15 1404.52 6.99
1932.0 20066.00 1422.00 7.09
1934.7 20016.92 1438.27 7.19
1937.4 19925.11 1445.38 7.25
1940.2 19881.39 1487.49 7.48
1942.9 19959.98 1528.59 7.66
1945.6 19965.22 1525.10 7.64
1948.3 19894.11 1549.29 7.79
1951.1 19862.99 1598.31 8.05
1953.8 19866.00 1614.00 8.12
1956.5 19752.03 1632.28 8.26
1959.2 19805.76 1668.42 8.42
1961.9 19837.86 1722.44 8.68
1964.6 19745.08 1764.18 8.93
1967.3 19784.70 1794.83 9.07
1970.0 19621.84 1826.32 9.31
1972.8 19538.55 1882.67 9.64
1975.5 19602.81 1937.45 9.88
1978.2 19540.64 1947.64 9.97
1980.9 19419.73 1979.29 10.19
1983.5 19352.05 2015.48 10.41
1986.2 19366.05 2086.47 10.77
1988.9 19348.59 2135.94 11.04
1991.6 19202.00 2129.05 11.09
1994.3 19065.89 2174.92 11.41
1997.0 19096.32 2231.70 11.69
1999.7 19065.00 2277.23 11.94
2002.3 19034.90 2324.35 12.21
2005.0 18965.86 2364.62 12.47
2007.7 18877.00 2419.47 12.82
2010.4 18811.60 2461.01 13.08
2013.0 18774.16 2486.53 13.24
2015.7 18678.28 2503.51 13.40
2018.4 18548.96 2533.14 13.66
2021.0 18504.50 2586.83 13.98
2023.7 18401.60 2637.28 14.33
2026.4 18333.68 2647.67 14.44
2029.0 18267.40 2679.52 14.67
2031.7 18144.97 2718.08 14.98
2034.3 18142.15 2737.80 15.09
2037.0 18035.71 2786.85 15.45
2039.6 17974.39 2802.08 15.59
2042.3 17908.74 2802.72 15.65
2044.9 17825.78 2852.69 16.00
2047.5 17820.17 2875.13 16.13
2050.2 17715.60 2872.80 16.22
2052.8 17679.20 2875.60 16.27
2055.4 17538.43 2888.52 16.47
2058.1 17416.00 2912.00 16.72
2060.7 17404.47 2937.55 16.88
2063.3 17299.63 2967.80 17.16
2065.9 17230.17 2970.33 17.24
2068.6 17165.96 2975.92 17.34
2071.2 17119.44 2993.67 17.49
2073.8 17041.85 2974.63 17.45
2076.4 16999.98 3011.55 17.72
2079.0 17011.74 3071.33 18.05
2081.6 16984.09 3080.60 18.14
2084.2 16930.00 3086.90 18.23
2086.8 16834.24 3099.85 18.41
2089.4 16742.01 3097.64 18.50
2092.1 16637.33 3096.83 18.61
2094.7 16574.28 3124.45 18.85
2097.2 16549.50 3139.33 18.97
2099.8 16541.98 3162.65 19.12
2102.4 16400.35 3164.63 19.30
2105.0 16267.80 3137.85 19.29
2107.6 16238.35 3150.26 19.40
2110.2 16217.39 3179.83 19.61
2112.8 16200.74 3172.57 19.58
2115.3 16182.65 3175.33 19.62
2117.9 16188.40 3223.75 19.91
2120.5 16181.17 3229.82 19.96
2123.1 16113.83 3249.68 20.17
2125.6 16056.05 3247.52 20.23
2128.2 15953.26 3228.11 20.23
2130.8 15859.35 3243.83 20.45
2133.3 15825.33 3235.47 20.44
2135.9 15723.21 3238.78 20.60
2138.4 15584.92 3247.23 20.84
2141.0 15487.96 3229.23 20.85
2143.6 15482.13 3233.63 20.89
2146.1 15358.67 3193.97 20.80
2148.7 15182.57 3162.79 20.83
2151.2 15188.80 3212.00 21.15
2153.8 15199.37 3231.78 21.26
2156.3 15064.95 3236.85 21.49
2158.8 14994.07 3222.09 21.49
2161.4 14983.43 3237.27 21.61
2163.9 14894.98 3225.48 21.65
2166.4 14806.99 3205.03 21.65
2169.0 14777.42 3231.64 21.87
2171.5 14688.72 3207.98 21.84
2174.0 14586.43 3198.13 21.93
2176.5 14576.25 3217.24 22.07
2179.1 14537.32 3201.40 22.02
2181.6 14435.75 3190.71 22.10
2184.1 14405.16 3218.60 22.34
2186.6 14458.30 3232.48 22.36
2189.1 14358.33 3206.79 22.33
2191.6 14308.00 3214.40 22.47
2194.1 14339.64 3222.02 22.47
2196.6 14340.73 3223.44 22.48
2199.2 14399.84 3244.15 22.53
2201.7 14323.09 3223.50 22.51
2204.1 14264.18 3236.20 22.69
2206.6 14278.44 3267.48 22.88
2209.1 14246.74 3266.46 22.93
2211.6 14236.93 3228.05 22.67
2214.1 14172.61 3223.81 22.75
2216.6 14103.21 3220.99 22.84
2219.1 14137.40 3217.19 22.76
2221.6 14080.86 3212.83 22.82
2224.0 14024.61 3188.97 22.74
2226.5 13983.38 3165.76 22.64
2229.0 13981.89 3148.11 22.52
2231.5 13918.22 3102.30 22.29
2233.9 13896.33 3109.45 22.38
2236.4 13868.98 3103.44 22.38
2238.9 13826.00 3053.50 22.09
2241.3 13828.76 3035.49 21.95
2243.8 13758.80 3016.05 21.92
2246.2 13610.98 2961.77 21.76
2248.7 13571.61 2927.21 21.57
2251.2 13563.12 2897.87 21.37
2253.6 13482.24 2849.28 21.13
2256.1 13474.56 2853.12 21.17
2258.5 13495.78 2827.47 20.95
2260.9 13407.16 2772.71 20.68
2263.4 13372.75 2755.92 20.61
2265.8 13367.17 2704.21 20.23
2268.3 13288.30 2647.65 19.92
2270.7 13342.05 2667.64 19.99
2273.1 13272.94 2653.82 19.99
2275.6 13194.24 2588.16 19.62
2278.0 13232.60 2555.82 19.31
2280.4 13249.81 2551.45 19.26
2282.8 13117.21 2474.00 18.86
2285.3 13103.68 2410.77 18.40
2287.7 13191.09 2440.63 18.50
2290.1 13097.39 2391.77 18.26
2292.5 13047.88 2329.41 17.85
2294.9 13056.31 2303.82 17.65
2297.3 12972.40 2270.17 17.50
2299.7 12875.52 2218.96 17.23
2302.1 12826.01 2192.01 17.09
2304.5 12696.88 2175.60 17.13
2306.9 12602.80 2159.92 17.14
2309.3 12519.08 2143.33 17.12
2311.7 12473.65 2115.58 16.96
2314.1 12315.17 2095.19 17.01
2316.5 12229.76 2076.38 16.98
2318.9 12290.12 2077.26 16.90
2321.3 12265.32 2071.95 16.89
2323.7 12235.57 2068.55 16.91
2326.1 12214.93 2043.21 16.73
2328.4 12270.09 2021.96 16.48
2330.8 12319.08 2024.55 16.43
2333.2 12235.57 2001.51 16.36
2335.6 12168.54 1951.28 16.04
2337.9 12202.83 1936.43 15.87
2340.3 12141.58 1906.04 15.70
2342.7 12039.09 1857.70 15.43
2345.0 12013.82 1843.05 15.34
2347.4 11993.50 1836.00 15.31
2349.7 11798.34 1811.19 15.35
2352.1 11775.76 1805.39 15.33
2354.4 11820.42 1775.21 15.02
2356.8 11728.38 1761.20 15.02
2359.2 11704.33 1794.00 15.33
2361.5 11645.74 1762.79 15.14
2363.8 11633.53 1699.58 14.61
2366.2 11660.03 1677.07 14.38
2368.5 11627.85 1677.65 14.43
2370.9 11603.83 1632.77 14.07
2373.2 11533.95 1623.30 14.07
2375.5 11398.48 1629.00 14.29
2377.9 11373.04 1609.09 14.15
2380.2 11408.35 1571.51 13.78
2382.5 11308.30 1507.16 13.33
2384.8 11261.28 1508.00 13.39
2387.2 11252.00 1500.27 13.33
2389.5 11242.29 1473.16 13.10
2391.8 11232.13 1478.29 13.16
2394.1 11132.13 1468.29 13.19
2396.4 11089.46 1407.96 12.70
2398.7 11160.99 1407.91 12.61
2401.0 11096.58 1389.55 12.52
2403.3 10926.12 1349.58 12.35
2405.6 10921.36 1334.56 12.22
2407.9 10891.74 1322.64 12.14
2410.2 10793.71 1303.47 12.08
2412.5 10752.81 1290.74 12.00
2414.8 10737.29 1283.75 11.96
2417.1 10694.97 1243.96 11.63
2419.4 10638.82 1229.56 11.56
2421.7 10597.44 1224.80 11.56
2424.0 10571.95 1178.18 11.14
2426.2 10576.95 1144.90 10.82
2428.5 10508.39 1168.20 11.12
2430.8 10485.80 1133.60 10.81
2433.1 10443.79 1128.46 10.81
2435.4 10361.94 1141.38 11.02
2437.6 10328.37 1107.81 10.73
2439.9 10224.92 1083.70 10.60
2442.2 10193.49 1040.97 10.21
2444.4 10223.13 1045.29 10.22
2446.7 10173.28 1027.84 10.10
2448.9 10197.11 1000.76 9.81
2451.2 10173.72 1001.28 9.84
2453.4 10028.37 976.32 9.74
2455.7 9998.26 979.15 9.79
2457.9 9908.42 940.17 9.49
2460.2 9870.17 906.26 9.18
2462.4 9896.64 892.32 9.02
2464.7 9834.69 870.55 8.85
2466.9 9751.98 853.86 8.76
2469.2 9722.50 862.06 8.87
2471.4 9624.29 879.71 9.14
2473.6 9553.77 836.88 8.76
2475.9 9536.85 785.71 8.24
2478.1 9427.70 826.63 8.77
2480.3 9377.37 793.63 8.46
2482.5 9321.43 750.58 8.05
2484.8 9240.44 808.27 8.75
2487.0 9258.33 785.11 8.48
2489.2 9302.30 708.60 7.62
2491.4 9183.58 714.71 7.78
2493.6 9147.34 728.97 7.97
2495.8 9177.35 712.65 7.77
2498.0 9103.79 705.28 7.75
2500.2 9132.70 674.00 7.38
2502.4 9403.92 781.44 8.31
2504.6 9512.07 816.93 8.59
2506.8 9585.80 730.63 7.62
