/*** Spectra Vista SIG Data ***/
name= \My Documents\HR1024_Data\AODB4.
instrument= HR: 1091052
integration= 200, 60, 30, 500, 60, 30
scan time= 1, 1
scan settings= AD, AI, AD, AI
external data set1= 8224, 8224, 8224, 8224, 8224, 8224, 8224, 8224, 8224, 8224, 8224, 8224, 8224, 8224, 8224, 8224
external data set2= 8224, 8224, 8224, 8224, 8224, 8224, 8224, 8224, 8224, 8224, 8224, 8224, 8224, 8224, 8224, 8224
external data dark= 0,0,0,0,0,0,0,0
external data mask= 0
optic= LENS4 , LENS4 
temp= 33.31, 8.94, -5.30, 45.79, 9.01, -5.17
battery= 7.5, 6.6
error= 0, 0
units= Radiance, Radiance
time= 1/1/08 1:10:44 PM, 1/1/08 1:56:32 PM
longitude= , 
latitude= , 
gpstime= , 
comm= 
memory slot= 0, 0
factors= 
data= 
346.4 509.60 135.04 26.50
347.9 536.51 135.54 25.26
349.5 577.20 134.78 23.35
351.1 620.88 136.03 21.91
352.6 679.94 144.21 21.21
354.2 723.22 146.61 20.27
355.7 777.89 168.38 21.65
357.3 842.60 165.05 19.59
358.8 838.80 164.96 19.67
360.4 904.00 181.50 20.08
361.9 943.76 179.70 19.04
363.5 997.20 180.05 18.06
365.1 1040.25 184.47 17.73
366.6 1087.54 180.91 16.63
368.2 1161.70 190.71 16.42
369.7 1204.79 186.76 15.50
371.3 1287.37 192.28 14.94
372.8 1354.56 191.23 14.12
374.4 1435.13 201.59 14.05
375.9 1463.02 203.90 13.94
377.4 1512.41 200.35 13.25
379.0 1578.52 215.14 13.63
380.5 1618.77 200.65 12.40
382.1 1669.58 203.30 12.18
383.6 1726.52 202.99 11.76
385.2 1809.50 199.10 11.00
386.7 1900.67 206.85 10.88
388.3 1991.93 210.88 10.59
389.8 2077.97 220.70 10.62
391.3 2163.95 223.91 10.35
392.9 2236.17 228.74 10.23
394.4 2293.88 229.09 9.99
395.9 2364.42 244.92 10.36
397.5 2493.56 264.86 10.62
399.0 2617.23 276.86 10.58
400.6 2691.33 263.76 9.80
402.1 2739.96 252.84 9.23
403.6 2797.88 248.38 8.88
405.1 2865.39 244.95 8.55
406.7 2979.20 251.78 8.45
408.2 3089.54 261.06 8.45
409.7 3183.04 272.38 8.56
411.3 3295.62 275.40 8.36
412.8 3391.47 284.40 8.39
414.3 3507.27 309.36 8.82
415.8 3622.50 308.00 8.50
417.4 3739.34 318.78 8.53
418.9 3830.42 330.92 8.64
420.4 3913.23 336.99 8.61
421.9 3978.48 343.64 8.64
423.5 4044.22 332.50 8.22
425.0 4110.68 348.81 8.49
426.5 4198.95 349.16 8.32
428.0 4314.36 353.03 8.18
429.5 4445.73 361.82 8.14
431.1 4599.50 373.84 8.13
432.6 4769.72 385.27 8.08
434.1 4937.63 402.71 8.16
435.6 5085.18 408.67 8.04
437.1 5233.80 422.76 8.08
438.6 5364.45 436.23 8.13
440.1 5501.44 446.46 8.12
441.6 5653.06 458.97 8.12
443.1 5799.60 468.18 8.07
444.7 5941.01 480.87 8.09
446.2 6051.88 499.31 8.25
447.7 6161.82 504.86 8.19
449.2 6292.08 518.40 8.24
450.7 6396.00 524.16 8.20
452.2 6529.70 524.26 8.03
453.7 6647.26 534.17 8.04
455.2 6815.62 548.55 8.05
456.7 7013.60 565.31 8.06
458.2 7232.90 578.07 7.99
459.7 7456.75 604.10 8.10
461.2 7667.16 616.34 8.04
462.7 7858.10 639.39 8.14
464.2 8041.02 653.68 8.13
465.7 8240.35 677.40 8.22
467.2 8402.63 696.08 8.28
468.7 8584.00 718.40 8.37
470.2 8698.25 730.99 8.40
471.7 8877.75 760.00 8.56
473.2 9159.71 790.23 8.63
474.6 9386.40 795.51 8.48
476.1 9450.96 791.18 8.37
477.6 9499.75 797.88 8.40
479.1 9557.87 805.27 8.43
480.6 9632.82 805.81 8.37
482.1 9760.73 825.56 8.46
483.6 9935.74 840.89 8.46
485.1 10133.78 861.56 8.50
486.6 10366.07 885.04 8.54
488.0 10621.00 913.90 8.60
489.5 10873.80 937.35 8.62
491.0 11134.31 972.02 8.73
492.5 11404.80 1003.75 8.80
494.0 11683.71 1039.21 8.89
495.4 11917.95 1074.48 9.02
496.9 12154.26 1112.89 9.16
498.4 12387.41 1150.22 9.29
499.9 12623.63 1188.51 9.41
501.4 12839.71 1225.69 9.55
502.8 13042.06 1276.20 9.79
504.3 13226.40 1311.84 9.92
505.8 13406.54 1353.81 10.10
507.2 13518.16 1391.54 10.29
508.7 13603.31 1428.59 10.50
510.2 13672.60 1456.30 10.65
511.6 13715.26 1492.17 10.88
513.1 13806.21 1528.91 11.07
514.6 13898.29 1568.56 11.29
516.0 13992.63 1600.69 11.44
517.5 14151.40 1646.27 11.63
519.0 14339.95 1695.96 11.83
520.5 14520.56 1744.96 12.02
521.9 14760.83 1808.58 12.25
523.4 15031.28 1873.17 12.46
524.8 15295.25 1940.67 12.69
526.3 15594.01 2018.03 12.94
527.8 15909.50 2097.84 13.19
529.2 16189.50 2178.81 13.46
530.7 16509.28 2262.37 13.70
532.1 16791.25 2341.47 13.94
533.6 17121.20 2439.44 14.25
535.0 17454.94 2534.99 14.52
536.5 17789.22 2635.68 14.82
538.0 18136.88 2739.39 15.10
539.4 18461.69 2848.64 15.43
540.9 18864.39 2969.08 15.74
542.3 19206.33 3090.76 16.09
543.8 19460.81 3199.76 16.44
545.2 19544.37 3272.56 16.74
546.6 19566.05 3332.26 17.03
548.1 19604.97 3410.95 17.40
549.5 19640.65 3477.61 17.71
551.0 19664.79 3558.29 18.09
552.4 19724.92 3639.17 18.45
553.9 19761.60 3711.74 18.78
555.3 19812.20 3795.71 19.16
556.8 19934.49 3888.03 19.50
558.2 20047.50 3981.15 19.86
559.6 20200.16 4078.37 20.19
561.1 20397.00 4191.85 20.55
562.5 20617.77 4308.16 20.90
564.0 20901.40 4440.54 21.25
565.4 21161.13 4570.31 21.60
566.8 21482.31 4710.63 21.93
568.3 21793.28 4855.25 22.28
569.7 22118.60 5008.30 22.64
571.1 22425.71 5158.01 23.00
572.6 22741.56 5308.42 23.34
574.0 23030.70 5462.82 23.72
575.4 23309.44 5613.30 24.08
576.9 23581.06 5766.45 24.45
578.3 23822.01 5914.48 24.83
579.7 24048.22 6065.11 25.22
581.1 24227.75 6191.73 25.56
582.6 24429.78 6339.32 25.95
584.0 24600.48 6478.72 26.34
585.4 24853.74 6643.63 26.73
586.8 25196.68 6838.28 27.14
588.3 25573.86 7035.91 27.51
589.7 25896.78 7232.47 27.93
591.1 26104.75 7396.00 28.33
592.5 26211.06 7525.98 28.71
594.0 26269.26 7643.02 29.09
595.4 26286.44 7747.72 29.47
596.8 26295.56 7853.27 29.87
598.2 26315.92 7951.32 30.21
599.6 26317.98 8058.10 30.62
601.0 26398.05 8178.12 30.98
602.4 26470.93 8288.68 31.31
603.9 26597.64 8415.52 31.64
605.3 26727.57 8550.44 31.99
606.7 26857.80 8685.36 32.34
608.1 27088.39 8836.81 32.62
609.5 27333.21 9004.33 32.94
610.9 27623.29 9183.09 33.24
612.3 27891.32 9355.10 33.54
613.7 28252.28 9570.38 33.87
615.1 28513.62 9756.29 34.22
616.5 28776.05 9935.59 34.53
617.9 29165.50 10161.13 34.84
619.3 29543.24 10377.29 35.13
620.7 29990.55 10615.72 35.40
622.1 30437.05 10876.74 35.74
623.5 30934.60 11170.82 36.11
624.9 31494.75 11487.32 36.47
626.3 31867.36 11727.68 36.80
627.7 31569.69 11703.54 37.07
629.1 31287.59 11698.68 37.39
630.5 31184.65 11738.91 37.64
631.9 31222.21 11826.51 37.88
633.3 31256.33 11941.94 38.21
634.7 31400.48 12099.98 38.53
636.1 31461.82 12239.50 38.90
637.5 31554.77 12389.36 39.26
638.9 31702.82 12522.23 39.50
640.2 31825.04 12631.26 39.69
641.6 31863.78 12688.42 39.82
643.0 31847.61 12707.79 39.90
644.4 31829.55 12690.63 39.87
645.8 31751.71 12581.50 39.62
647.2 31867.94 12561.43 39.42
648.5 31926.34 12534.36 39.26
649.9 31776.23 12475.24 39.26
651.3 31648.05 12442.98 39.32
652.7 31449.15 12412.38 39.47
654.1 31244.46 12460.39 39.88
655.5 31005.95 12521.89 40.39
656.8 30780.41 12551.83 40.78
658.2 30925.42 12719.13 41.13
659.6 31264.45 12940.28 41.39
660.9 31536.04 13125.52 41.62
662.3 31822.64 13312.32 41.83
663.7 32096.40 13487.04 42.02
665.0 32332.90 13647.04 42.21
666.4 32562.99 13788.42 42.34
667.8 32863.56 13962.49 42.49
669.1 33114.69 14125.22 42.66
670.5 33405.09 14303.22 42.82
671.9 33586.56 14435.04 42.98
673.2 33844.75 14608.66 43.16
674.6 34082.18 14774.63 43.35
676.0 34372.41 14967.60 43.55
677.3 34659.68 15152.72 43.72
678.7 34979.63 15363.75 43.92
680.0 35399.92 15624.37 44.14
681.4 35845.89 15891.49 44.33
682.8 36270.33 16165.24 44.57
684.1 36705.24 16446.46 44.81
685.5 37104.21 16707.95 45.03
686.8 37507.62 16983.84 45.28
688.2 37862.83 17240.22 45.53
689.5 38000.96 17399.31 45.79
690.9 38124.79 17537.15 46.00
692.2 38229.60 17667.42 46.21
693.6 38334.37 17788.95 46.40
694.9 38335.34 17841.04 46.54
696.2 38393.33 17944.83 46.74
697.6 38453.39 18038.79 46.91
698.9 38522.88 18145.25 47.10
700.3 38613.54 18244.64 47.25
701.6 38716.02 18360.79 47.42
703.0 38828.83 18487.00 47.61
704.3 38882.19 18577.26 47.78
705.6 38895.39 18660.64 47.98
707.0 38949.12 18765.68 48.18
708.3 38885.46 18804.31 48.36
709.6 38817.35 18829.15 48.51
711.0 38702.88 18847.42 48.70
712.3 38573.15 18847.37 48.86
713.6 38531.64 18899.50 49.05
714.9 38462.14 18924.45 49.20
716.3 38461.08 19005.28 49.41
717.6 38479.84 19082.20 49.59
718.9 38424.85 19117.67 49.75
720.2 38251.08 19106.28 49.95
721.6 38113.53 19125.24 50.18
722.9 37945.16 19112.94 50.37
724.2 37714.27 19046.61 50.50
725.5 37534.96 19026.29 50.69
726.8 37360.68 19001.54 50.86
728.1 37271.09 19017.41 51.02
729.5 37167.13 19049.74 51.25
730.8 37093.13 19066.14 51.40
732.1 36996.92 19065.39 51.53
733.4 36936.39 19091.47 51.69
734.7 36864.47 19112.65 51.85
736.0 36851.62 19168.81 52.02
737.3 36774.45 19178.52 52.15
738.6 36845.76 19284.76 52.34
739.9 37000.34 19415.08 52.47
741.2 37119.81 19524.96 52.60
742.5 37372.03 19700.53 52.71
743.8 37768.50 19959.56 52.85
745.1 38387.22 20342.72 52.99
746.4 39127.73 20818.43 53.21
747.7 39918.22 21320.56 53.41
749.0 40672.12 21831.10 53.68
750.3 41122.66 22174.35 53.92
751.6 41047.35 22224.87 54.14
752.9 40630.59 22057.96 54.29
754.2 40176.47 21854.07 54.40
755.4 39652.21 21615.77 54.51
756.7 39478.17 21552.35 54.59
758.0 39495.60 21588.49 54.66
759.3 39730.28 21771.15 54.80
760.6 40061.56 22019.54 54.96
761.9 40384.10 22236.50 55.06
763.1 40567.56 22404.36 55.23
764.4 40796.65 22581.47 55.35
765.7 40953.25 22727.90 55.50
767.0 41079.80 22858.58 55.64
768.2 41207.04 22983.74 55.78
769.5 41279.98 23079.06 55.91
770.8 41469.61 23249.17 56.06
772.0 41501.32 23334.61 56.23
773.3 41583.65 23445.86 56.38
774.6 41708.58 23583.33 56.54
775.8 41815.15 23713.69 56.71
777.1 41846.51 23780.84 56.83
778.4 41799.94 23817.61 56.98
779.6 41775.90 23884.97 57.17
780.9 41704.00 23896.00 57.30
782.1 41523.21 23858.33 57.46
783.4 41558.40 23916.67 57.55
784.6 41567.36 23959.44 57.64
785.9 41861.56 24162.50 57.72
787.1 42409.87 24575.03 57.95
788.4 42854.47 25006.08 58.35
789.6 42849.18 25163.69 58.73
790.9 42483.96 25009.02 58.87
792.1 42011.92 24794.30 59.02
793.4 41570.15 24598.94 59.17
794.6 41283.15 24505.19 59.36
795.8 41024.39 24417.18 59.52
797.1 40758.68 24311.55 59.65
798.3 40551.64 24239.33 59.77
799.5 40444.72 24242.41 59.94
800.8 40323.21 24231.87 60.09
802.0 40187.32 24238.05 60.31
803.2 40033.64 24194.66 60.44
804.5 39942.72 24200.80 60.59
805.7 39829.66 24218.89 60.81
806.9 39715.93 24214.18 60.97
808.1 39632.97 24208.32 61.08
809.4 39553.39 24242.96 61.29
810.6 39489.45 24246.04 61.40
811.8 39474.39 24285.46 61.52
813.0 39504.71 24358.93 61.66
814.2 39525.61 24431.30 61.81
815.4 39644.33 24582.68 62.01
816.6 39709.73 24682.38 62.16
817.9 39791.57 24795.47 62.31
819.1 39719.87 24821.02 62.49
820.3 39621.11 24814.01 62.63
821.5 39546.25 24820.16 62.76
822.7 39480.04 24846.06 62.93
823.9 39499.25 24894.28 63.02
825.1 39541.96 24975.98 63.16
826.3 39583.35 25050.98 63.29
827.5 39640.56 25129.49 63.39
828.7 39708.48 25235.04 63.55
829.9 39767.03 25317.02 63.66
831.0 39870.82 25417.70 63.75
832.2 39993.87 25514.35 63.80
833.4 40076.64 25640.86 63.98
834.6 40148.44 25726.88 64.08
835.8 40238.10 25830.63 64.19
837.0 40328.28 25958.08 64.37
838.1 40500.72 26095.43 64.43
839.3 40601.19 26171.38 64.46
840.5 40716.87 26278.87 64.54
841.7 40854.11 26415.56 64.66
842.9 40980.73 26539.32 64.76
844.0 41100.82 26655.47 64.85
845.2 41245.09 26773.29 64.91
846.4 41368.25 26918.37 65.07
847.5 41564.18 27096.94 65.19
848.7 41743.64 27280.83 65.35
849.9 41936.76 27469.09 65.50
851.0 42020.98 27589.33 65.66
852.2 42107.61 27690.07 65.76
853.3 42066.96 27730.08 65.92
854.5 42098.11 27805.95 66.05
855.6 42095.43 27856.19 66.17
856.8 42111.00 27893.29 66.24
857.9 42111.88 27939.67 66.35
859.1 42240.60 28063.68 66.44
860.2 42245.56 28126.86 66.58
861.4 42273.83 28200.38 66.71
862.5 42309.54 28250.27 66.77
863.7 42384.63 28364.80 66.92
864.8 42387.10 28411.46 67.03
865.9 42333.82 28425.87 67.15
867.1 42372.33 28482.86 67.22
868.2 42368.54 28510.81 67.29
869.3 42393.50 28589.68 67.44
870.5 42342.80 28575.67 67.49
871.6 42318.48 28611.97 67.61
872.7 42385.23 28697.89 67.71
873.9 42404.90 28764.45 67.83
875.0 42391.36 28753.59 67.83
876.1 42363.75 28822.76 68.04
877.2 42397.32 28867.46 68.09
878.3 42381.77 28887.46 68.16
879.4 42397.70 28956.75 68.30
880.5 42451.56 28999.87 68.31
881.7 42410.55 29007.16 68.40
882.8 42454.72 29108.36 68.56
883.9 42482.63 29204.51 68.74
885.0 42446.04 29226.02 68.85
886.1 42420.10 29265.48 68.99
887.2 42295.80 29253.25 69.16
888.3 42201.80 29250.80 69.31
889.4 42117.30 29216.68 69.37
890.5 42026.34 29194.21 69.47
891.6 41981.69 29178.77 69.50
892.7 41962.31 29180.00 69.54
893.8 41981.79 29246.43 69.66
894.9 41952.35 29270.78 69.77
896.0 41968.71 29294.58 69.80
897.0 41952.48 29326.11 69.90
898.1 41951.64 29381.94 70.04
899.2 41983.30 29402.32 70.03
900.3 41907.57 29371.92 70.09
901.4 41820.39 29361.01 70.21
902.4 41828.99 29398.67 70.28
903.5 41775.96 29378.18 70.32
904.6 41798.96 29394.84 70.32
905.7 41805.42 29464.33 70.48
906.7 41815.90 29479.25 70.50
907.8 41839.20 29539.25 70.60
908.9 41746.38 29498.44 70.66
909.9 41734.69 29521.80 70.74
911.0 41681.88 29508.81 70.80
912.1 41602.05 29469.59 70.84
913.1 41535.52 29462.16 70.93
914.2 41457.24 29389.37 70.89
915.2 41368.59 29442.53 71.17
916.3 41436.15 29454.54 71.08
917.3 41410.15 29475.05 71.18
918.4 41310.50 29446.45 71.28
919.4 41328.17 29447.22 71.25
920.5 41309.67 29465.29 71.33
921.5 41323.66 29504.38 71.40
922.6 41255.80 29486.79 71.47
923.6 41303.54 29556.35 71.56
924.7 41344.50 29566.80 71.51
925.7 41333.16 29600.02 71.61
926.7 41356.90 29649.72 71.69
927.8 41415.30 29736.56 71.80
928.8 41570.85 29828.06 71.75
929.9 41658.93 29922.07 71.83
930.9 41879.39 30046.29 71.74
931.9 42070.56 30224.38 71.84
932.9 42412.10 30439.93 71.77
934.0 42452.50 30493.62 71.83
935.0 42440.57 30497.82 71.86
936.0 42488.02 30512.72 71.81
937.0 42429.47 30522.57 71.94
938.1 42380.86 30517.09 72.01
939.1 42337.65 30481.19 72.00
940.1 42429.30 30558.81 72.02
941.1 42615.86 30697.20 72.03
942.1 42903.92 30888.82 72.00
943.1 43057.09 30985.88 71.96
944.1 43342.63 31171.72 71.92
945.2 43356.60 31232.38 72.04
946.2 43482.48 31329.55 72.05
947.2 43549.00 31324.25 71.93
948.2 43743.16 31459.18 71.92
949.2 43840.88 31525.65 71.91
950.2 43906.25 31595.64 71.96
951.2 44010.96 31638.77 71.89
952.2 44061.91 31710.63 71.97
953.2 44318.14 31816.79 71.79
954.2 44380.80 31910.76 71.90
955.2 44428.35 31954.00 71.92
956.2 44460.20 31923.68 71.80
957.2 44542.35 31987.47 71.81
958.2 44649.94 32086.64 71.86
959.2 44705.25 32127.84 71.87
960.1 44813.66 32167.80 71.78
961.1 44928.76 32210.84 71.69
962.1 44958.75 32233.50 71.70
963.1 44986.01 32267.33 71.73
964.1 45106.16 32356.90 71.73
965.1 45270.70 32495.16 71.78
966.1 45207.41 32498.97 71.89
967.0 45355.66 32578.39 71.83
968.0 45441.48 32611.43 71.77
969.0 45453.60 32716.32 71.98
970.0 45557.64 32693.79 71.76
971.0 45615.57 32755.72 71.81
971.9 45699.86 32847.22 71.88
972.9 45781.93 32966.92 72.01
973.9 45829.88 32925.62 71.84
974.9 45973.78 33083.88 71.96
975.8 45979.65 33150.76 72.10
976.8 46106.16 33261.23 72.14
977.8 46097.80 33208.26 72.04
978.8 46103.70 33396.24 72.44
979.7 46387.55 33428.37 72.06
980.7 46405.76 33513.94 72.22
981.7 46694.84 33564.63 71.88
982.6 46857.76 33626.20 71.76
983.6 47433.79 33937.94 71.55
984.6 47818.98 34246.12 71.62
985.5 48063.24 34545.02 71.87
986.5 48770.77 35095.98 71.96
987.5 50043.63 35562.14 71.06
988.4 50895.90 36576.76 71.87
989.4 52431.75 37101.71 70.76
990.4 53425.02 38010.59 71.15
991.3 55387.31 39401.68 71.14
992.3 55950.90 40065.54 71.61
993.2 58118.31 41468.20 71.35
994.2 59457.94 43012.13 72.34
995.2 60710.63 43420.69 71.52
996.1 61737.77 44744.60 72.48
997.1 61885.85 45600.10 73.68
998.0 61668.00 45360.24 73.56
999.0 61787.86 44805.23 72.51
1000.0 62252.49 45601.82 73.25
1000.9 62564.91 45487.44 72.70
1001.9 61626.12 44922.20 72.89
1002.8 61885.09 45828.42 74.05
1003.8 61970.58 45386.90 73.24
1004.8 62064.96 43810.56 70.59
961.5 55881.62 34611.80 61.94
965.5 54589.44 34118.40 62.50
969.5 52393.79 33511.40 63.96
973.4 50126.74 32681.55 65.20
977.4 48345.52 31925.17 66.04
981.4 47464.01 31910.51 67.23
985.3 47176.98 32058.84 67.95
989.3 47304.75 32334.27 68.35
993.3 47508.66 32603.02 68.63
997.2 47541.75 32743.98 68.87
1001.2 47520.33 32823.96 69.07
1005.2 47455.76 32876.34 69.28
1009.1 47529.68 33022.48 69.48
1013.1 47663.39 33211.74 69.68
1017.1 47785.75 33408.40 69.91
1021.0 47816.50 33529.86 70.12
1025.0 47819.30 33631.88 70.33
1029.0 47652.00 33621.74 70.56
1032.9 47495.63 33584.33 70.71
1036.9 47497.16 33655.82 70.86
1040.9 47608.97 33809.27 71.01
1044.8 47827.54 34004.15 71.10
1048.8 48004.98 34172.78 71.19
1052.7 48133.54 34320.47 71.30
1056.7 48188.20 34393.73 71.37
1060.7 48194.60 34430.07 71.44
1064.6 48198.22 34461.63 71.50
1068.6 48113.17 34437.42 71.58
1072.5 48026.55 34391.04 71.61
1076.5 47975.49 34391.38 71.69
1080.4 47966.69 34404.68 71.73
1084.4 48069.59 34462.09 71.69
1088.3 48170.15 34552.09 71.73
1092.3 48152.58 34543.42 71.74
1096.2 48142.77 34507.17 71.68
1100.2 48183.64 34519.13 71.64
1104.1 48079.94 34414.16 71.58
1108.1 48035.13 34344.87 71.50
1112.0 47943.86 34230.74 71.40
1116.0 47742.57 34039.53 71.30
1119.9 47581.47 33862.43 71.17
1123.9 47666.30 33829.32 70.97
1127.8 47639.04 33699.84 70.74
1131.8 47617.38 33524.19 70.40
1135.7 47659.94 33337.66 69.95
1139.6 47675.62 33084.06 69.39
1143.6 47638.82 32758.99 68.77
1147.5 47616.88 32437.78 68.12
1151.4 47500.80 32070.46 67.52
1155.4 47513.75 31849.60 67.03
1159.3 47522.52 31709.56 66.73
1163.2 47363.89 31503.01 66.51
1167.2 47347.50 31413.96 66.35
1171.1 47369.57 31371.69 66.23
1175.0 47314.40 31279.69 66.11
1179.0 47268.08 31193.88 65.99
1182.9 47358.68 31195.24 65.87
1186.8 47350.70 31152.42 65.79
1190.7 47139.70 30970.46 65.70
1194.7 46883.87 30785.36 65.66
1198.6 46652.76 30634.07 65.66
1202.5 46480.48 30519.54 65.66
1206.4 46340.80 30457.24 65.72
1210.3 46236.01 30421.39 65.80
1214.2 46114.66 30402.94 65.93
1218.2 45952.68 30380.51 66.11
1222.1 45800.88 30362.53 66.29
1226.0 45686.61 30359.89 66.45
1229.9 45598.02 30362.64 66.59
1233.8 45484.04 30355.05 66.74
1237.7 45416.66 30375.50 66.88
1241.6 45332.53 30361.94 66.98
1245.5 45166.97 30285.53 67.05
1249.4 45023.84 30231.53 67.15
1253.3 44894.25 30168.01 67.20
1257.2 44816.00 30118.66 67.21
1261.1 44716.86 30043.55 67.19
1265.0 44587.73 29949.19 67.17
1268.9 44400.64 29820.39 67.16
1272.8 44460.00 29842.35 67.12
1276.7 44653.74 29934.23 67.04
1280.6 44733.81 29952.72 66.96
1284.5 44649.07 29861.45 66.88
1288.4 44631.63 29789.66 66.75
1292.3 44511.50 29631.25 66.57
1296.2 44360.33 29433.33 66.35
1300.1 44197.71 29211.62 66.09
1303.9 43963.66 28932.92 65.81
1307.8 43715.49 28617.58 65.46
1311.7 43464.03 28267.81 65.04
1315.6 43214.30 27903.89 64.57
1319.5 42962.15 27508.91 64.03
1323.3 42734.84 27104.44 63.42
1327.2 42525.95 26693.63 62.77
1331.1 42285.13 26260.46 62.10
1335.0 41985.32 25775.72 61.39
1338.8 41775.29 25324.73 60.62
1342.7 41609.18 24881.96 59.80
1346.5 41242.98 24291.86 58.90
1350.4 40931.78 23702.67 57.91
1354.3 40517.39 23053.43 56.90
1358.1 40047.65 22419.37 55.98
1362.0 39764.09 21951.02 55.20
1365.8 39670.89 21609.68 54.47
1369.7 39786.92 21342.57 53.64
1373.5 39741.56 20869.81 52.51
1377.4 39487.75 20121.03 50.96
1381.2 39276.49 19245.33 49.00
1385.1 39242.56 18355.97 46.78
1389.0 39129.70 17366.34 44.38
1392.8 38925.66 16267.44 41.79
1396.6 38773.68 15175.91 39.14
1400.5 38560.99 14130.75 36.65
1404.3 38397.74 13236.88 34.47
1408.2 38363.03 12512.07 32.61
1412.0 38325.01 11908.46 31.07
1415.8 38359.09 11459.99 29.88
1419.6 38319.36 11094.13 28.95
1423.5 38299.37 10807.10 28.22
1427.3 38266.05 10593.48 27.68
1431.1 38248.58 10443.90 27.31
1434.9 38159.15 10319.55 27.04
1438.8 38104.90 10239.25 26.87
1442.6 38084.31 10192.13 26.76
1446.4 37958.74 10151.22 26.74
1450.2 37871.04 10143.37 26.78
1454.0 37772.76 10136.88 26.84
1457.8 37752.26 10169.40 26.94
1461.6 37732.17 10228.28 27.11
1465.4 37609.21 10280.66 27.34
1469.2 37426.03 10344.43 27.64
1473.0 37290.43 10453.71 28.03
1476.8 37245.30 10617.76 28.51
1480.7 37186.44 10797.90 29.04
1484.4 37061.40 10989.60 29.65
1488.2 36961.08 11199.36 30.30
1492.0 36836.53 11392.74 30.93
1495.8 36720.78 11588.85 31.56
1499.6 36605.30 11784.71 32.19
1503.4 36479.87 11970.82 32.81
1507.2 36356.05 12154.98 33.43
1510.9 36204.04 12317.15 34.02
1514.7 36047.88 12455.60 34.55
1518.5 35919.58 12621.09 35.14
1522.3 35781.38 12783.12 35.73
1526.0 35674.52 12938.35 36.27
1529.8 35609.17 13092.20 36.77
1533.6 35484.33 13204.75 37.21
1537.3 35352.32 13311.14 37.65
1541.1 35225.58 13415.95 38.09
1544.8 35097.60 13533.60 38.56
1548.6 34949.35 13681.16 39.15
1552.4 34850.72 13830.07 39.68
1556.1 34790.76 13946.67 40.09
1559.9 34705.82 14050.39 40.48
1563.6 34578.39 14133.32 40.87
1567.3 34459.02 14213.33 41.25
1571.1 34243.92 14249.20 41.61
1574.8 34100.68 14310.07 41.96
1578.6 34000.34 14382.92 42.30
1582.3 33854.52 14422.39 42.60
1586.0 33716.51 14464.65 42.90
1589.8 33582.95 14505.77 43.19
1593.5 33431.04 14527.30 43.45
1597.2 33294.67 14557.26 43.72
1600.9 33154.19 14583.81 43.99
1604.7 33000.40 14600.63 44.24
1608.4 32856.34 14616.45 44.49
1612.1 32695.22 14615.05 44.70
1615.8 32545.96 14614.04 44.90
1619.5 32465.11 14638.34 45.09
1623.2 32316.22 14621.60 45.25
1626.9 32130.25 14580.44 45.38
1630.6 31953.68 14536.94 45.49
1634.3 31816.04 14517.67 45.63
1638.0 31668.49 14494.93 45.77
1641.7 31487.82 14467.25 45.95
1645.4 31299.16 14421.46 46.08
1649.1 31105.38 14352.67 46.14
1652.8 30949.76 14288.51 46.17
1656.4 30780.36 14208.50 46.16
1660.1 30613.88 14124.76 46.14
1663.8 30416.03 14020.42 46.10
1667.5 30257.50 13936.16 46.06
1671.1 30134.40 13857.15 45.98
1674.8 29937.06 13750.70 45.93
1678.5 29873.87 13706.51 45.88
1682.1 29892.23 13692.51 45.81
1685.8 29901.92 13659.17 45.68
1689.5 29795.07 13558.89 45.51
1693.1 29653.44 13430.79 45.29
1696.8 29511.75 13297.63 45.06
1700.4 29358.15 13155.79 44.81
1704.0 29237.42 13026.83 44.56
1707.7 28983.16 12828.34 44.26
1711.3 28689.26 12602.85 43.93
1715.0 28479.20 12433.20 43.66
1718.6 28311.14 12277.10 43.36
1722.2 28171.19 12131.50 43.06
1725.9 28024.58 12002.26 42.83
1729.5 27888.80 11897.40 42.66
1733.1 27770.82 11805.48 42.51
1736.7 27655.67 11716.72 42.37
1740.3 27487.42 11594.20 42.18
1744.0 27395.86 11486.42 41.93
1747.5 27255.01 11364.42 41.70
1751.2 27041.09 11209.19 41.45
1754.8 26881.34 11078.33 41.21
1758.4 26750.86 10956.86 40.96
1762.0 26572.85 10834.12 40.77
1765.5 26446.23 10743.33 40.62
1769.1 26402.40 10684.80 40.47
1772.7 26328.38 10618.51 40.33
1776.3 26208.92 10535.70 40.20
1779.9 26081.92 10452.88 40.08
1783.5 26027.60 10396.16 39.94
1787.0 25897.14 10308.38 39.81
1790.6 25747.79 10217.26 39.68
1794.2 25651.68 10158.81 39.60
1797.8 25552.23 10097.21 39.52
1801.3 25471.95 10043.92 39.43
1804.9 25318.13 9977.63 39.41
1808.4 25235.40 9923.34 39.32
1812.0 25102.89 9839.16 39.20
1815.5 24947.72 9760.58 39.12
1819.1 24745.29 9657.12 39.03
1822.6 24588.72 9578.63 38.96
1826.2 24468.62 9509.70 38.86
1829.7 24298.19 9402.26 38.70
1833.2 24066.25 9267.17 38.51
1836.8 23846.10 9144.14 38.35
1840.3 23701.28 9069.89 38.27
1843.8 23605.26 8996.89 38.11
1847.3 23552.23 8938.92 37.95
1850.8 23482.37 8854.27 37.71
1854.3 23328.90 8710.85 37.34
1857.8 23249.20 8522.80 36.66
1861.3 23245.10 8253.44 35.51
1864.8 23154.55 7872.14 34.00
1868.3 22923.75 7411.11 32.33
1871.8 22725.12 6912.00 30.42
1875.3 22663.55 6458.73 28.50
1878.8 22668.35 6024.79 26.58
1882.3 22613.87 5522.27 24.42
1885.8 22446.65 5019.38 22.36
1889.3 22245.45 4562.53 20.51
1892.7 22073.02 4179.09 18.93
1896.2 21956.57 3926.33 17.88
1899.7 21800.31 3757.17 17.23
1903.1 21719.54 3738.50 17.21
1906.6 21807.87 3915.47 17.95
1910.0 22098.88 4315.54 19.53
1913.5 22634.73 4927.86 21.77
1917.0 23151.98 5649.53 24.40
1920.4 23436.08 6517.73 27.81
1923.8 23677.97 7206.34 30.43
1871.2 20787.15 5345.59 25.72
1873.9 20907.54 5079.23 24.29
1876.7 21048.38 4862.70 23.10
1879.5 21252.88 4577.83 21.54
1882.3 20993.42 4177.03 19.90
1885.1 20851.78 3810.04 18.27
1887.8 20921.79 3463.60 16.55
1890.6 20723.54 3157.65 15.24
1893.4 20650.67 2823.33 13.67
1896.2 20581.86 2523.74 12.26
1898.9 20516.13 2344.52 11.43
1901.7 20380.18 2127.96 10.44
1904.5 20546.36 1962.59 9.55
1907.2 20463.00 1914.25 9.35
1910.0 20358.58 1859.03 9.13
1912.7 20364.96 1781.48 8.75
1915.5 20273.08 1780.06 8.78
1918.2 20210.43 1789.17 8.85
1921.0 20079.87 1756.99 8.75
1923.7 20126.73 1754.21 8.72
1926.5 20096.89 1755.34 8.73
1929.2 20080.15 1773.29 8.83
1932.0 20066.00 1798.04 8.96
1934.7 20016.92 1791.58 8.95
1937.4 19925.11 1798.97 9.03
1940.2 19881.39 1825.56 9.18
1942.9 19959.98 1857.45 9.31
1945.6 19965.22 1875.42 9.39
1948.3 19894.11 1907.28 9.59
1951.1 19862.99 1935.43 9.74
1953.8 19866.00 1971.00 9.92
1956.5 19752.03 2012.64 10.19
1959.2 19805.76 2051.14 10.36
1961.9 19837.86 2100.90 10.59
1964.6 19745.08 2139.03 10.83
1967.3 19784.70 2168.63 10.96
1970.0 19621.84 2184.48 11.13
1972.8 19538.55 2250.38 11.52
1975.5 19602.81 2338.41 11.93
1978.2 19540.64 2333.08 11.94
1980.9 19419.73 2358.24 12.14
1983.5 19352.05 2454.63 12.68
1986.2 19366.05 2490.96 12.86
1988.9 19348.59 2534.61 13.10
1991.6 19202.00 2563.55 13.35
1994.3 19065.89 2599.50 13.63
1997.0 19096.32 2681.50 14.04
1999.7 19065.00 2716.60 14.25
2002.3 19034.90 2752.97 14.46
2005.0 18965.86 2813.38 14.83
2007.7 18877.00 2869.53 15.20
2010.4 18811.60 2897.83 15.40
2013.0 18774.16 2938.89 15.65
2015.7 18678.28 2972.38 15.91
2018.4 18548.96 2992.68 16.13
2021.0 18504.50 3062.83 16.55
2023.7 18401.60 3098.03 16.84
2026.4 18333.68 3120.87 17.02
2029.0 18267.40 3165.94 17.33
2031.7 18144.97 3182.83 17.54
2034.3 18142.15 3211.00 17.70
2037.0 18035.71 3240.07 17.96
2039.6 17974.39 3271.91 18.20
2042.3 17908.74 3282.94 18.33
2044.9 17825.78 3307.10 18.55
2047.5 17820.17 3335.15 18.72
2050.2 17715.60 3354.40 18.93
2052.8 17679.20 3410.40 19.29
2055.4 17538.43 3401.22 19.39
2058.1 17416.00 3390.80 19.47
2060.7 17404.47 3446.24 19.80
2063.3 17299.63 3441.53 19.89
2065.9 17230.17 3442.13 19.98
2068.6 17165.96 3461.67 20.17
2071.2 17119.44 3484.71 20.36
2073.8 17041.85 3517.51 20.64
2076.4 16999.98 3544.82 20.85
2079.0 17011.74 3560.27 20.93
2081.6 16984.09 3570.12 21.02
2084.2 16930.00 3589.16 21.20
2086.8 16834.24 3586.33 21.30
2089.4 16742.01 3591.22 21.45
2092.1 16637.33 3612.50 21.71
2094.7 16574.28 3621.65 21.85
2097.2 16549.50 3621.00 21.88
2099.8 16541.98 3666.51 22.16
2102.4 16400.35 3659.37 22.31
2105.0 16267.80 3650.85 22.44
2107.6 16238.35 3688.59 22.72
2110.2 16217.39 3694.17 22.78
2112.8 16200.74 3699.43 22.83
2115.3 16182.65 3720.91 22.99
2117.9 16188.40 3740.25 23.10
2120.5 16181.17 3742.86 23.13
2123.1 16113.83 3738.15 23.20
2125.6 16056.05 3754.12 23.38
2128.2 15953.26 3757.84 23.56
2130.8 15859.35 3746.93 23.63
2133.3 15825.33 3737.07 23.61
2135.9 15723.21 3753.57 23.87
2138.4 15584.92 3745.21 24.03
2141.0 15487.96 3731.68 24.09
2143.6 15482.13 3743.74 24.18
2146.1 15358.67 3716.99 24.20
2148.7 15182.57 3682.58 24.26
2151.2 15188.80 3710.67 24.43
2153.8 15199.37 3749.81 24.67
2156.3 15064.95 3724.15 24.72
2158.8 14994.07 3715.29 24.78
2161.4 14983.43 3735.54 24.93
2163.9 14894.98 3726.69 25.02
2166.4 14806.99 3701.75 25.00
2169.0 14777.42 3731.31 25.25
2171.5 14688.72 3719.49 25.32
2174.0 14586.43 3694.95 25.33
2176.5 14576.25 3710.59 25.46
2179.1 14537.32 3701.34 25.46
2181.6 14435.75 3713.88 25.73
2184.1 14405.16 3726.80 25.87
2186.6 14458.30 3722.06 25.74
2189.1 14358.33 3704.34 25.80
2191.6 14308.00 3714.20 25.96
2194.1 14339.64 3726.91 25.99
2196.6 14340.73 3729.54 26.01
2199.2 14399.84 3770.89 26.19
2201.7 14323.09 3750.01 26.18
2204.1 14264.18 3734.64 26.18
2206.6 14278.44 3741.19 26.20
2209.1 14246.74 3720.66 26.12
2211.6 14236.93 3760.99 26.42
2214.1 14172.61 3778.86 26.66
2216.6 14103.21 3733.76 26.47
2219.1 14137.40 3733.76 26.41
2221.6 14080.86 3696.27 26.25
2224.0 14024.61 3661.41 26.11
2226.5 13983.38 3656.61 26.15
2229.0 13981.89 3681.05 26.33
2231.5 13918.22 3638.50 26.14
2233.9 13896.33 3602.04 25.92
2236.4 13868.98 3605.24 25.99
2238.9 13826.00 3588.25 25.95
2241.3 13828.76 3529.09 25.52
2243.8 13758.80 3459.13 25.14
2246.2 13610.98 3450.23 25.35
2248.7 13571.61 3424.72 25.23
2251.2 13563.12 3362.92 24.79
2253.6 13482.24 3306.24 24.52
2256.1 13474.56 3267.84 24.25
2258.5 13495.78 3246.21 24.05
2260.9 13407.16 3202.23 23.88
2263.4 13372.75 3170.46 23.71
2265.8 13367.17 3146.57 23.54
2268.3 13288.30 3105.61 23.37
2270.7 13342.05 3082.18 23.10
2273.1 13272.94 3044.99 22.94
2275.6 13194.24 2991.36 22.67
2278.0 13232.60 2951.68 22.31
2280.4 13249.81 2947.82 22.25
2282.8 13117.21 2888.26 22.02
2285.3 13103.68 2857.93 21.81
2287.7 13191.09 2874.08 21.79
2290.1 13097.39 2798.96 21.37
2292.5 13047.88 2742.12 21.02
2294.9 13056.31 2726.65 20.88
2297.3 12972.40 2681.49 20.67
2299.7 12875.52 2621.69 20.36
2302.1 12826.01 2616.27 20.40
2304.5 12696.88 2579.36 20.31
2306.9 12602.80 2516.64 19.97
2309.3 12519.08 2503.82 20.00
2311.7 12473.65 2460.98 19.73
2314.1 12315.17 2426.01 19.70
2316.5 12229.76 2427.04 19.85
2318.9 12290.12 2443.83 19.88
2321.3 12265.32 2416.62 19.70
2323.7 12235.57 2407.98 19.68
2326.1 12214.93 2357.55 19.30
2328.4 12270.09 2331.16 19.00
2330.8 12319.08 2372.20 19.26
2333.2 12235.57 2318.62 18.95
2335.6 12168.54 2275.11 18.70
2337.9 12202.83 2286.99 18.74
2340.3 12141.58 2241.91 18.46
2342.7 12039.09 2179.31 18.10
2345.0 12013.82 2174.29 18.10
2347.4 11993.50 2171.75 18.11
2349.7 11798.34 2110.20 17.89
2352.1 11775.76 2084.13 17.70
2354.4 11820.42 2084.69 17.64
2356.8 11728.38 2037.47 17.37
2359.2 11704.33 2032.33 17.36
2361.5 11645.74 2007.13 17.23
2363.8 11633.53 1976.25 16.99
2366.2 11660.03 1990.41 17.07
2368.5 11627.85 1980.25 17.03
2370.9 11603.83 1950.37 16.81
2373.2 11533.95 1933.57 16.76
2375.5 11398.48 1900.50 16.67
2377.9 11373.04 1873.48 16.47
2380.2 11408.35 1873.90 16.43
2382.5 11308.30 1815.03 16.05
2384.8 11261.28 1758.56 15.62
2387.2 11252.00 1762.81 15.67
2389.5 11242.29 1784.79 15.88
2391.8 11232.13 1734.97 15.45
2394.1 11132.13 1693.81 15.22
2396.4 11089.46 1703.09 15.36
2398.7 11160.99 1661.24 14.88
2401.0 11096.58 1626.91 14.66
2403.3 10926.12 1608.54 14.72
2405.6 10921.36 1574.48 14.42
2407.9 10891.74 1578.15 14.49
2410.2 10793.71 1579.20 14.63
2412.5 10752.81 1494.01 13.89
2414.8 10737.29 1473.75 13.73
2417.1 10694.97 1496.88 14.00
2419.4 10638.82 1464.01 13.76
2421.7 10597.44 1461.35 13.79
2424.0 10571.95 1421.22 13.44
2426.2 10576.95 1374.95 13.00
2428.5 10508.39 1416.98 13.48
2430.8 10485.80 1389.75 13.25
2433.1 10443.79 1311.01 12.55
2435.4 10361.94 1314.83 12.69
2437.6 10328.37 1292.45 12.51
2439.9 10224.92 1235.30 12.08
2442.2 10193.49 1262.81 12.39
2444.4 10223.13 1269.28 12.42
2446.7 10173.28 1191.36 11.71
2448.9 10197.11 1178.41 11.56
2451.2 10173.72 1192.00 11.72
2453.4 10028.37 1108.91 11.06
2455.7 9998.26 1100.78 11.01
2457.9 9908.42 1147.74 11.58
2460.2 9870.17 1097.37 11.12
2462.4 9896.64 1079.52 10.91
2464.7 9834.69 1072.42 10.90
2466.9 9751.98 1020.78 10.47
2469.2 9722.50 1050.03 10.80
2471.4 9624.29 1030.71 10.71
2473.6 9553.77 990.86 10.37
2475.9 9536.85 995.68 10.44
2478.1 9427.70 929.11 9.86
2480.3 9377.37 946.79 10.10
2482.5 9321.43 965.03 10.35
2484.8 9240.44 932.05 10.09
2487.0 9258.33 925.83 10.00
2489.2 9302.30 897.06 9.64
2491.4 9183.58 899.15 9.79
2493.6 9147.34 870.06 9.51
2495.8 9177.35 839.34 9.15
2498.0 9103.79 843.09 9.26
2500.2 9132.70 867.78 9.50
2502.4 9403.92 879.12 9.35
2504.6 9512.07 863.88 9.08
2506.8 9585.80 867.01 9.04
