/*** Spectra Vista SIG Data ***/
name= \My Documents\HR1024_Data\AODF6.
instrument= HR: 1091052
integration= 200, 60, 30, 1000, 60, 30
scan time= 1, 1
scan settings= AD, AI, AD, AI
external data set1= 8224, 8224, 8224, 8224, 8224, 8224, 8224, 8224, 8224, 8224, 8224, 8224, 8224, 8224, 8224, 8224
external data set2= 8224, 8224, 8224, 8224, 8224, 8224, 8224, 8224, 8224, 8224, 8224, 8224, 8224, 8224, 8224, 8224
external data dark= 0,0,0,0,0,0,0,0
external data mask= 0
optic= LENS4 , LENS4 
temp= 33.31, 8.94, -5.30, 45.79, 8.94, -5.24
battery= 7.5, 6.7
error= 0, 0
units= Radiance, Radiance
time= 1/1/08 1:10:44 PM, 1/1/08 1:55:53 PM
longitude= , 
latitude= , 
gpstime= , 
comm= 
memory slot= 0, 0
factors= 
data= 
346.4 509.60 78.35 15.38
347.9 536.51 76.56 14.27
349.5 577.20 77.38 13.41
351.1 620.88 81.12 13.07
352.6 679.94 82.86 12.19
354.2 723.22 85.74 11.86
355.7 777.89 87.56 11.26
357.3 842.60 88.07 10.45
358.8 838.80 94.37 11.25
360.4 904.00 87.94 9.73
361.9 943.76 93.33 9.89
363.5 997.20 96.26 9.65
365.1 1040.25 95.70 9.20
366.6 1087.54 95.98 8.83
368.2 1161.70 92.67 7.98
369.7 1204.79 92.73 7.70
371.3 1287.37 92.85 7.21
372.8 1354.56 100.93 7.45
374.4 1435.13 101.46 7.07
375.9 1463.02 102.61 7.01
377.4 1512.41 100.18 6.62
379.0 1578.52 98.02 6.21
380.5 1618.77 97.25 6.01
382.1 1669.58 95.15 5.70
383.6 1726.52 95.26 5.52
385.2 1809.50 99.00 5.47
386.7 1900.67 98.01 5.16
388.3 1991.93 100.55 5.05
389.8 2077.97 101.02 4.86
391.3 2163.95 106.94 4.94
392.9 2236.17 106.97 4.78
394.4 2293.88 112.17 4.89
395.9 2364.42 114.30 4.83
397.5 2493.56 117.57 4.72
399.0 2617.23 120.51 4.60
400.6 2691.33 115.46 4.29
402.1 2739.96 114.04 4.16
403.6 2797.88 106.45 3.80
405.1 2865.39 111.51 3.89
406.7 2979.20 110.66 3.71
408.2 3089.54 109.15 3.53
409.7 3183.04 116.03 3.65
411.3 3295.62 118.88 3.61
412.8 3391.47 122.77 3.62
414.3 3507.27 124.82 3.56
415.8 3622.50 133.50 3.69
417.4 3739.34 135.10 3.61
418.9 3830.42 137.63 3.59
420.4 3913.23 137.09 3.50
421.9 3978.48 139.88 3.52
423.5 4044.22 137.30 3.39
425.0 4110.68 136.65 3.32
426.5 4198.95 138.89 3.31
428.0 4314.36 140.39 3.25
429.5 4445.73 142.99 3.22
431.1 4599.50 145.13 3.16
432.6 4769.72 148.80 3.12
434.1 4937.63 152.85 3.10
435.6 5085.18 157.51 3.10
437.1 5233.80 159.51 3.05
438.6 5364.45 166.63 3.11
440.1 5501.44 170.50 3.10
441.6 5653.06 173.42 3.07
443.1 5799.60 177.80 3.07
444.7 5941.01 183.31 3.09
446.2 6051.88 185.66 3.07
447.7 6161.82 192.02 3.12
449.2 6292.08 193.54 3.08
450.7 6396.00 193.86 3.03
452.2 6529.70 192.57 2.95
453.7 6647.26 197.43 2.97
455.2 6815.62 200.32 2.94
456.7 7013.60 204.16 2.91
458.2 7232.90 206.21 2.85
459.7 7456.75 213.50 2.86
461.2 7667.16 223.10 2.91
462.7 7858.10 228.05 2.90
464.2 8041.02 234.24 2.91
465.7 8240.35 238.82 2.90
467.2 8402.63 246.40 2.93
468.7 8584.00 250.80 2.92
470.2 8698.25 258.30 2.97
471.7 8877.75 270.75 3.05
473.2 9159.71 276.33 3.02
474.6 9386.40 278.29 2.96
476.1 9450.96 276.45 2.93
477.6 9499.75 274.44 2.89
479.1 9557.87 277.14 2.90
480.6 9632.82 279.10 2.90
482.1 9760.73 281.30 2.88
483.6 9935.74 285.79 2.88
485.1 10133.78 291.55 2.88
486.6 10366.07 297.87 2.87
488.0 10621.00 307.78 2.90
489.5 10873.80 314.93 2.90
491.0 11134.31 328.31 2.95
492.5 11404.80 337.28 2.96
494.0 11683.71 349.89 2.99
495.4 11917.95 364.32 3.06
496.9 12154.26 376.08 3.09
498.4 12387.41 389.95 3.15
499.9 12623.63 406.02 3.22
501.4 12839.71 420.89 3.28
502.8 13042.06 438.52 3.36
504.3 13226.40 452.52 3.42
505.8 13406.54 469.67 3.50
507.2 13518.16 485.52 3.59
508.7 13603.31 501.69 3.69
510.2 13672.60 514.30 3.76
511.6 13715.26 530.82 3.87
513.1 13806.21 547.54 3.97
514.6 13898.29 566.28 4.07
516.0 13992.63 581.81 4.16
517.5 14151.40 599.96 4.24
519.0 14339.95 622.19 4.34
520.5 14520.56 643.54 4.43
521.9 14760.83 668.22 4.53
523.4 15031.28 698.61 4.65
524.8 15295.25 729.42 4.77
526.3 15594.01 762.95 4.89
527.8 15909.50 799.39 5.02
529.2 16189.50 834.31 5.15
530.7 16509.28 876.72 5.31
532.1 16791.25 914.38 5.45
533.6 17121.20 957.68 5.59
535.0 17454.94 1001.73 5.74
536.5 17789.22 1053.35 5.92
538.0 18136.88 1099.22 6.06
539.4 18461.69 1146.28 6.21
540.9 18864.39 1212.88 6.43
542.3 19206.33 1272.28 6.62
543.8 19460.81 1329.13 6.83
545.2 19544.37 1369.15 7.01
546.6 19566.05 1402.06 7.17
548.1 19604.97 1439.44 7.34
549.5 19640.65 1476.28 7.52
551.0 19664.79 1515.32 7.71
552.4 19724.92 1556.78 7.89
553.9 19761.60 1597.40 8.08
555.3 19812.20 1639.52 8.28
556.8 19934.49 1686.67 8.46
558.2 20047.50 1736.78 8.66
559.6 20200.16 1786.68 8.84
561.1 20397.00 1844.05 9.04
562.5 20617.77 1904.41 9.24
564.0 20901.40 1973.01 9.44
565.4 21161.13 2039.22 9.64
566.8 21482.31 2114.48 9.84
568.3 21793.28 2188.92 10.04
569.7 22118.60 2268.36 10.26
571.1 22425.71 2344.81 10.46
572.6 22741.56 2427.08 10.67
574.0 23030.70 2508.33 10.89
575.4 23309.44 2590.31 11.11
576.9 23581.06 2672.21 11.33
578.3 23822.01 2752.04 11.55
579.7 24048.22 2831.10 11.77
581.1 24227.75 2903.77 11.99
582.6 24429.78 2984.00 12.21
584.0 24600.48 3061.28 12.44
585.4 24853.74 3158.61 12.71
586.8 25196.68 3271.18 12.98
588.3 25573.86 3391.60 13.26
589.7 25896.78 3502.98 13.53
591.1 26104.75 3596.93 13.78
592.5 26211.06 3678.37 14.03
594.0 26269.26 3739.81 14.24
595.4 26286.44 3804.97 14.48
596.8 26295.56 3867.44 14.71
598.2 26315.92 3928.82 14.93
599.6 26317.98 3992.20 15.17
601.0 26398.05 4065.54 15.40
602.4 26470.93 4136.05 15.62
603.9 26597.64 4220.80 15.87
605.3 26727.57 4303.08 16.10
606.7 26857.80 4381.20 16.31
608.1 27088.39 4475.53 16.52
609.5 27333.21 4575.46 16.74
610.9 27623.29 4682.06 16.95
612.3 27891.32 4788.10 17.17
613.7 28252.28 4910.82 17.38
615.1 28513.62 5001.59 17.54
616.5 28776.05 5104.54 17.74
617.9 29165.50 5233.44 17.94
619.3 29543.24 5365.52 18.16
620.7 29990.55 5516.52 18.39
622.1 30437.05 5671.12 18.63
623.5 30934.60 5827.27 18.84
624.9 31494.75 5952.03 18.90
626.3 31867.36 6051.96 18.99
627.7 31569.69 6056.92 19.19
629.1 31287.59 6068.79 19.40
630.5 31184.65 6093.84 19.54
631.9 31222.21 6129.21 19.63
633.3 31256.33 6178.77 19.77
634.7 31400.48 6271.10 19.97
636.1 31461.82 6342.62 20.16
637.5 31554.77 6417.87 20.34
638.9 31702.82 6480.40 20.44
640.2 31825.04 6519.61 20.49
641.6 31863.78 6554.81 20.57
643.0 31847.61 6598.22 20.72
644.4 31829.55 6667.20 20.95
645.8 31751.71 6764.10 21.30
647.2 31867.94 6931.31 21.75
648.5 31926.34 7100.33 22.24
649.9 31776.23 7256.69 22.84
651.3 31648.05 7446.00 23.53
652.7 31449.15 7605.63 24.18
654.1 31244.46 7540.39 24.13
655.5 31005.95 7409.43 23.90
656.8 30780.41 7282.78 23.66
658.2 30925.42 7287.35 23.56
659.6 31264.45 7368.69 23.57
660.9 31536.04 7448.82 23.62
662.3 31822.64 7529.36 23.66
663.7 32096.40 7612.50 23.72
665.0 32332.90 7699.00 23.81
666.4 32562.99 7787.94 23.92
667.8 32863.56 7901.06 24.04
669.1 33114.69 7999.63 24.16
670.5 33405.09 8109.54 24.28
671.9 33586.56 8193.86 24.40
673.2 33844.75 8302.70 24.53
674.6 34082.18 8407.83 24.67
676.0 34372.41 8531.24 24.82
677.3 34659.68 8657.38 24.98
678.7 34979.63 8777.95 25.09
680.0 35399.92 8922.40 25.20
681.4 35845.89 9079.78 25.33
682.8 36270.33 9242.87 25.48
684.1 36705.24 9416.16 25.65
685.5 37104.21 9578.77 25.82
686.8 37507.62 9728.81 25.94
688.2 37862.83 9868.86 26.06
689.5 38000.96 9957.84 26.20
690.9 38124.79 10044.40 26.35
692.2 38229.60 10113.81 26.46
693.6 38334.37 10194.20 26.59
694.9 38335.34 10258.70 26.76
696.2 38393.33 10324.13 26.89
697.6 38453.39 10379.46 26.99
698.9 38522.88 10452.82 27.13
700.3 38613.54 10532.08 27.28
701.6 38716.02 10611.10 27.41
703.0 38828.83 10674.78 27.49
704.3 38882.19 10721.82 27.58
705.6 38895.39 10769.40 27.69
707.0 38949.12 10819.20 27.78
708.3 38885.46 10860.50 27.93
709.6 38817.35 10875.85 28.02
711.0 38702.88 10875.07 28.10
712.3 38573.15 10884.60 28.22
713.6 38531.64 10909.16 28.31
714.9 38462.14 10931.03 28.42
716.3 38461.08 10970.10 28.52
717.6 38479.84 11028.64 28.66
718.9 38424.85 11047.07 28.75
720.2 38251.08 11030.45 28.84
721.6 38113.53 11017.55 28.91
722.9 37945.16 11004.42 29.00
724.2 37714.27 10993.05 29.15
725.5 37534.96 10987.31 29.27
726.8 37360.68 10968.57 29.36
728.1 37271.09 10981.87 29.46
729.5 37167.13 10988.11 29.56
730.8 37093.13 11010.77 29.68
732.1 36996.92 11028.07 29.81
733.4 36936.39 11058.59 29.94
734.7 36864.47 11076.44 30.05
736.0 36851.62 11117.85 30.17
737.3 36774.45 11151.62 30.32
738.6 36845.76 11214.34 30.44
739.9 37000.34 11307.96 30.56
741.2 37119.81 11383.55 30.67
742.5 37372.03 11496.16 30.76
743.8 37768.50 11668.97 30.90
745.1 38387.22 11919.34 31.05
746.4 39127.73 12201.10 31.18
747.7 39918.22 12486.72 31.28
749.0 40672.12 12750.83 31.35
750.3 41122.66 12918.30 31.41
751.6 41047.35 12927.84 31.49
752.9 40630.59 12856.21 31.64
754.2 40176.47 12760.25 31.76
755.4 39652.21 12669.95 31.95
756.7 39478.17 12657.76 32.06
758.0 39495.60 12716.00 32.20
759.3 39730.28 12854.22 32.35
760.6 40061.56 13020.39 32.50
761.9 40384.10 13182.66 32.64
763.1 40567.56 13299.39 32.78
764.4 40796.65 13413.35 32.88
765.7 40953.25 13518.05 33.01
767.0 41079.80 13617.53 33.15
768.2 41207.04 13705.44 33.26
769.5 41279.98 13774.58 33.37
770.8 41469.61 13879.16 33.47
772.0 41501.32 13945.32 33.60
773.3 41583.65 14019.47 33.71
774.6 41708.58 14095.06 33.79
775.8 41815.15 14167.37 33.88
777.1 41846.51 14209.18 33.96
778.4 41799.94 14239.36 34.07
779.6 41775.90 14281.62 34.19
780.9 41704.00 14304.00 34.30
782.1 41523.21 14309.95 34.46
783.4 41558.40 14338.69 34.50
784.6 41567.36 14385.08 34.61
785.9 41861.56 14535.14 34.72
787.1 42409.87 14791.91 34.88
788.4 42854.47 14973.69 34.94
789.6 42849.18 14953.40 34.90
790.9 42483.96 14802.15 34.84
792.1 42011.92 14699.54 34.99
793.4 41570.15 14593.16 35.10
794.6 41283.15 14504.92 35.14
795.8 41024.39 14446.37 35.21
797.1 40758.68 14400.27 35.33
798.3 40551.64 14382.97 35.47
799.5 40444.72 14371.60 35.53
800.8 40323.21 14365.65 35.63
802.0 40187.32 14356.42 35.72
803.2 40033.64 14337.44 35.81
804.5 39942.72 14330.90 35.88
805.7 39829.66 14321.85 35.96
806.9 39715.93 14323.44 36.06
808.1 39632.97 14325.67 36.15
809.4 39553.39 14346.67 36.27
810.6 39489.45 14363.44 36.37
811.8 39474.39 14400.63 36.48
813.0 39504.71 14454.65 36.59
814.2 39525.61 14512.43 36.72
815.4 39644.33 14585.50 36.79
816.6 39709.73 14648.35 36.89
817.9 39791.57 14684.83 36.90
819.1 39719.87 14701.04 37.01
820.3 39621.11 14712.25 37.13
821.5 39546.25 14711.21 37.20
822.7 39480.04 14726.18 37.30
823.9 39499.25 14777.09 37.41
825.1 39541.96 14821.97 37.48
826.3 39583.35 14873.05 37.57
827.5 39640.56 14927.62 37.66
828.7 39708.48 14991.46 37.75
829.9 39767.03 15048.10 37.84
831.0 39870.82 15137.77 37.97
832.2 39993.87 15221.89 38.06
833.4 40076.64 15293.70 38.16
834.6 40148.44 15373.13 38.29
835.8 40238.10 15458.31 38.42
837.0 40328.28 15543.96 38.54
838.1 40500.72 15635.68 38.61
839.3 40601.19 15729.13 38.74
840.5 40716.87 15814.45 38.84
841.7 40854.11 15915.07 38.96
842.9 40980.73 16048.38 39.16
844.0 41100.82 16145.46 39.28
845.2 41245.09 16255.14 39.41
846.4 41368.25 16358.19 39.54
847.5 41564.18 16483.90 39.66
848.7 41743.64 16601.96 39.77
849.9 41936.76 16687.64 39.79
851.0 42020.98 16744.35 39.85
852.2 42107.61 16782.97 39.86
853.3 42066.96 16814.90 39.97
854.5 42098.11 16853.62 40.03
855.6 42095.43 16886.41 40.11
856.8 42111.00 16933.13 40.21
857.9 42111.88 16985.80 40.33
859.1 42240.60 17054.96 40.38
860.2 42245.56 17089.14 40.45
861.4 42273.83 17159.14 40.59
862.5 42309.54 17202.78 40.66
863.7 42384.63 17248.83 40.70
864.8 42387.10 17304.63 40.83
865.9 42333.82 17310.04 40.89
867.1 42372.33 17350.20 40.95
868.2 42368.54 17386.81 41.04
869.3 42393.50 17418.80 41.09
870.5 42342.80 17436.36 41.18
871.6 42318.48 17468.80 41.28
872.7 42385.23 17546.44 41.40
873.9 42404.90 17588.58 41.48
875.0 42391.36 17604.52 41.53
876.1 42363.75 17629.48 41.61
877.2 42397.32 17666.99 41.67
878.3 42381.77 17691.86 41.74
879.4 42397.70 17728.62 41.82
880.5 42451.56 17763.91 41.85
881.7 42410.55 17795.70 41.96
882.8 42454.72 17826.16 41.99
883.9 42482.63 17853.04 42.02
885.0 42446.04 17844.37 42.04
886.1 42420.10 17827.00 42.02
887.2 42295.80 17769.62 42.01
888.3 42201.80 17731.41 42.02
889.4 42117.30 17696.28 42.02
890.5 42026.34 17689.42 42.09
891.6 41981.69 17685.90 42.13
892.7 41962.31 17678.82 42.13
893.8 41981.79 17726.65 42.22
894.9 41952.35 17766.98 42.35
896.0 41968.71 17793.34 42.40
897.0 41952.48 17787.33 42.40
898.1 41951.64 17809.71 42.45
899.2 41983.30 17841.27 42.50
900.3 41907.57 17854.15 42.60
901.4 41820.39 17825.52 42.62
902.4 41828.99 17849.06 42.67
903.5 41775.96 17839.87 42.70
904.6 41798.96 17872.92 42.76
905.7 41805.42 17906.19 42.83
906.7 41815.90 17921.10 42.86
907.8 41839.20 17955.99 42.92
908.9 41746.38 17932.67 42.96
909.9 41734.69 17927.86 42.96
911.0 41681.88 17926.15 43.01
912.1 41602.05 17905.60 43.04
913.1 41535.52 17890.70 43.07
914.2 41457.24 17871.49 43.11
915.2 41368.59 17898.08 43.26
916.3 41436.15 17907.09 43.22
917.3 41410.15 17927.90 43.29
918.4 41310.50 17910.04 43.35
919.4 41328.17 17894.18 43.30
920.5 41309.67 17897.76 43.33
921.5 41323.66 17912.48 43.35
922.6 41255.80 17917.89 43.43
923.6 41303.54 17947.51 43.45
924.7 41344.50 17946.05 43.41
925.7 41333.16 17966.78 43.47
926.7 41356.90 17997.38 43.52
927.8 41415.30 17989.11 43.44
928.8 41570.85 18049.47 43.42
929.9 41658.93 18103.83 43.46
930.9 41879.39 18185.79 43.42
931.9 42070.56 18309.00 43.52
932.9 42412.10 18435.19 43.47
934.0 42452.50 18466.78 43.50
935.0 42440.57 18505.59 43.60
936.0 42488.02 18466.36 43.46
937.0 42429.47 18489.59 43.58
938.1 42380.86 18493.25 43.64
939.1 42337.65 18521.37 43.75
940.1 42429.30 18566.92 43.76
941.1 42615.86 18660.43 43.79
942.1 42903.92 18753.75 43.71
943.1 43057.09 18838.59 43.75
944.1 43342.63 18949.38 43.72
945.2 43356.60 18972.74 43.76
946.2 43482.48 19010.39 43.72
947.2 43549.00 19051.35 43.75
948.2 43743.16 19112.65 43.69
949.2 43840.88 19168.99 43.72
950.2 43906.25 19189.49 43.71
951.2 44010.96 19229.45 43.69
952.2 44061.91 19295.43 43.79
953.2 44318.14 19303.60 43.56
954.2 44380.80 19374.39 43.65
955.2 44428.35 19365.97 43.59
956.2 44460.20 19374.63 43.58
957.2 44542.35 19381.51 43.51
958.2 44649.94 19402.66 43.46
959.2 44705.25 19447.20 43.50
960.1 44813.66 19484.50 43.48
961.1 44928.76 19555.59 43.53
962.1 44958.75 19543.88 43.47
963.1 44986.01 19592.45 43.55
964.1 45106.16 19644.99 43.55
965.1 45270.70 19719.61 43.56
966.1 45207.41 19747.26 43.68
967.0 45355.66 19809.22 43.68
968.0 45441.48 19839.59 43.66
969.0 45453.60 19872.04 43.72
970.0 45557.64 19891.74 43.66
971.0 45615.57 19968.77 43.78
971.9 45699.86 20013.47 43.79
972.9 45781.93 20033.90 43.76
973.9 45829.88 20031.64 43.71
974.9 45973.78 20064.71 43.64
975.8 45979.65 20072.10 43.65
976.8 46106.16 20140.32 43.68
977.8 46097.80 20184.91 43.79
978.8 46103.70 20218.89 43.86
979.7 46387.55 20300.51 43.76
980.7 46405.76 20351.73 43.86
981.7 46694.84 20460.51 43.82
982.6 46857.76 20490.67 43.73
983.6 47433.79 20710.07 43.66
984.6 47818.98 20926.84 43.76
985.5 48063.24 21191.83 44.09
986.5 48770.77 21373.77 43.82
987.5 50043.63 21758.90 43.48
988.4 50895.90 21958.86 43.14
989.4 52431.75 22246.04 42.43
990.4 53425.02 22625.35 42.35
991.3 55387.31 22904.78 41.35
992.3 55950.90 23319.39 41.68
993.2 58118.31 23606.35 40.62
994.2 59457.94 24339.80 40.94
995.2 60710.63 24228.30 39.91
996.1 61737.77 24511.73 39.70
997.1 61885.85 24102.91 38.95
998.0 61668.00 23982.00 38.89
999.0 61787.86 24064.74 38.95
1000.0 62252.49 24075.96 38.67
1000.9 62564.91 23373.31 37.36
1001.9 61626.12 23839.58 38.68
1002.8 61885.09 23415.98 37.84
1003.8 61970.58 23304.43 37.61
1004.8 62064.96 23548.18 37.94
961.5 55881.62 21656.54 38.75
965.5 54589.44 21579.89 39.53
969.5 52393.79 21717.97 41.45
973.4 50126.74 21366.97 42.63
977.4 48345.52 20761.70 42.94
981.4 47464.01 20604.09 43.41
985.3 47176.98 20494.06 43.44
989.3 47304.75 20387.43 43.10
993.3 47508.66 20325.87 42.78
997.2 47541.75 20208.72 42.51
1001.2 47520.33 20160.14 42.42
1005.2 47455.76 20218.39 42.60
1009.1 47529.68 20323.95 42.76
1013.1 47663.39 20466.65 42.94
1017.1 47785.75 20591.92 43.09
1021.0 47816.50 20622.55 43.13
1025.0 47819.30 20643.25 43.17
1029.0 47652.00 20614.91 43.26
1032.9 47495.63 20589.79 43.35
1036.9 47497.16 20641.61 43.46
1040.9 47608.97 20771.10 43.63
1044.8 47827.54 20924.86 43.75
1048.8 48004.98 21057.74 43.87
1052.7 48133.54 21163.32 43.97
1056.7 48188.20 21215.71 44.03
1060.7 48194.60 21265.22 44.12
1064.6 48198.22 21302.80 44.20
1068.6 48113.17 21289.58 44.25
1072.5 48026.55 21283.93 44.32
1076.5 47975.49 21295.56 44.39
1080.4 47966.69 21309.88 44.43
1084.4 48069.59 21344.84 44.40
1088.3 48170.15 21379.97 44.38
1092.3 48152.58 21335.64 44.31
1096.2 48142.77 21333.45 44.31
1100.2 48183.64 21359.33 44.33
1104.1 48079.94 21296.99 44.29
1108.1 48035.13 21256.88 44.25
1112.0 47943.86 21162.42 44.14
1116.0 47742.57 21014.50 44.02
1119.9 47581.47 20865.44 43.85
1123.9 47666.30 20799.91 43.64
1127.8 47639.04 20659.20 43.37
1131.8 47617.38 20482.56 43.01
1135.7 47659.94 20279.78 42.55
1139.6 47675.62 20005.11 41.96
1143.6 47638.82 19695.34 41.34
1147.5 47616.88 19413.21 40.77
1151.4 47500.80 19122.78 40.26
1155.4 47513.75 18960.72 39.91
1159.3 47522.52 18863.57 39.69
1163.2 47363.89 18729.68 39.54
1167.2 47347.50 18666.42 39.42
1171.1 47369.57 18609.85 39.29
1175.0 47314.40 18539.59 39.18
1179.0 47268.08 18490.02 39.12
1182.9 47358.68 18489.42 39.04
1186.8 47350.70 18449.59 38.96
1190.7 47139.70 18327.47 38.88
1194.7 46883.87 18195.14 38.81
1198.6 46652.76 18108.09 38.81
1202.5 46480.48 18071.33 38.88
1206.4 46340.80 18063.25 38.98
1210.3 46236.01 18066.54 39.07
1214.2 46114.66 18089.53 39.23
1218.2 45952.68 18109.41 39.41
1222.1 45800.88 18123.85 39.57
1226.0 45686.61 18149.48 39.73
1229.9 45598.02 18180.06 39.87
1233.8 45484.04 18184.85 39.98
1237.7 45416.66 18191.97 40.06
1241.6 45332.53 18199.48 40.15
1245.5 45166.97 18171.32 40.23
1249.4 45023.84 18143.71 40.30
1253.3 44894.25 18113.87 40.35
1257.2 44816.00 18093.56 40.37
1261.1 44716.86 18070.45 40.41
1265.0 44587.73 18036.72 40.45
1268.9 44400.64 17957.07 40.44
1272.8 44460.00 17963.55 40.40
1276.7 44653.74 18026.56 40.37
1280.6 44733.81 18032.76 40.31
1284.5 44649.07 17952.79 40.21
1288.4 44631.63 17882.70 40.07
1292.3 44511.50 17770.50 39.92
1296.2 44360.33 17630.14 39.74
1300.1 44197.71 17449.85 39.48
1303.9 43963.66 17219.15 39.17
1307.8 43715.49 16963.60 38.80
1311.7 43464.03 16704.18 38.43
1315.6 43214.30 16432.63 38.03
1319.5 42962.15 16117.49 37.52
1323.3 42734.84 15796.65 36.96
1327.2 42525.95 15470.11 36.38
1331.1 42285.13 15120.93 35.76
1335.0 41985.32 14740.91 35.11
1338.8 41775.29 14370.72 34.40
1342.7 41609.18 14008.16 33.67
1346.5 41242.98 13571.19 32.91
1350.4 40931.78 13129.76 32.08
1354.3 40517.39 12665.12 31.26
1358.1 40047.65 12232.90 30.55
1362.0 39764.09 11906.80 29.94
1365.8 39670.89 11655.26 29.38
1369.7 39786.92 11429.20 28.73
1373.5 39741.56 11025.99 27.74
1377.4 39487.75 10409.55 26.36
1381.2 39276.49 9696.34 24.69
1385.1 39242.56 8967.96 22.85
1389.0 39129.70 8195.04 20.94
1392.8 38925.66 7378.45 18.96
1396.6 38773.68 6588.52 16.99
1400.5 38560.99 5877.26 15.24
1404.3 38397.74 5283.46 13.76
1408.2 38363.03 4814.59 12.55
1412.0 38325.01 4445.44 11.60
1415.8 38359.09 4179.64 10.90
1419.6 38319.36 3969.46 10.36
1423.5 38299.37 3810.39 9.95
1427.3 38266.05 3701.05 9.67
1431.1 38248.58 3622.35 9.47
1434.9 38159.15 3559.67 9.33
1438.8 38104.90 3525.75 9.25
1442.6 38084.31 3503.54 9.20
1446.4 37958.74 3482.86 9.18
1450.2 37871.04 3483.77 9.20
1454.0 37772.76 3488.40 9.24
1457.8 37752.26 3504.97 9.28
1461.6 37732.17 3540.74 9.38
1465.4 37609.21 3593.11 9.55
1469.2 37426.03 3646.83 9.74
1473.0 37290.43 3722.90 9.98
1476.8 37245.30 3833.87 10.29
1480.7 37186.44 3951.79 10.63
1484.4 37061.40 4081.20 11.01
1488.2 36961.08 4215.72 11.41
1492.0 36836.53 4350.16 11.81
1495.8 36720.78 4493.13 12.24
1499.6 36605.30 4624.09 12.63
1503.4 36479.87 4731.58 12.97
1507.2 36356.05 4842.53 13.32
1510.9 36204.04 4950.76 13.67
1514.7 36047.88 5059.35 14.04
1518.5 35919.58 5192.62 14.46
1522.3 35781.38 5304.19 14.82
1526.0 35674.52 5419.16 15.19
1529.8 35609.17 5550.01 15.59
1533.6 35484.33 5671.47 15.98
1537.3 35352.32 5791.21 16.38
1541.1 35225.58 5894.56 16.73
1544.8 35097.60 6004.80 17.11
1548.6 34949.35 6120.58 17.51
1552.4 34850.72 6221.36 17.85
1556.1 34790.76 6306.97 18.13
1559.9 34705.82 6382.40 18.39
1563.6 34578.39 6457.47 18.67
1567.3 34459.02 6541.43 18.98
1571.1 34243.92 6598.04 19.27
1574.8 34100.68 6657.34 19.52
1578.6 34000.34 6727.00 19.79
1582.3 33854.52 6784.76 20.04
1586.0 33716.51 6826.20 20.25
1589.8 33582.95 6866.72 20.45
1593.5 33431.04 6905.75 20.66
1597.2 33294.67 6943.69 20.86
1600.9 33154.19 6980.72 21.06
1604.7 33000.40 7009.55 21.24
1608.4 32856.34 7037.55 21.42
1612.1 32695.22 7064.82 21.61
1615.8 32545.96 7083.26 21.76
1619.5 32465.11 7111.91 21.91
1623.2 32316.22 7123.71 22.04
1626.9 32130.25 7123.10 22.17
1630.6 31953.68 7122.06 22.29
1634.3 31816.04 7116.17 22.37
1638.0 31668.49 7102.81 22.43
1641.7 31487.82 7076.29 22.47
1645.4 31299.16 7038.36 22.49
1649.1 31105.38 6985.85 22.46
1652.8 30949.76 6935.87 22.41
1656.4 30780.36 6889.40 22.38
1660.1 30613.88 6823.82 22.29
1663.8 30416.03 6758.33 22.22
1667.5 30257.50 6717.38 22.20
1671.1 30134.40 6678.62 22.16
1674.8 29937.06 6630.39 22.15
1678.5 29873.87 6613.71 22.14
1682.1 29892.23 6606.30 22.10
1685.8 29901.92 6595.46 22.06
1689.5 29795.07 6550.24 21.98
1693.1 29653.44 6489.06 21.88
1696.8 29511.75 6410.13 21.72
1700.4 29358.15 6326.59 21.55
1704.0 29237.42 6259.86 21.41
1707.7 28983.16 6151.49 21.22
1711.3 28689.26 6024.65 21.00
1715.0 28479.20 5927.29 20.81
1718.6 28311.14 5843.84 20.64
1722.2 28171.19 5769.57 20.48
1725.9 28024.58 5704.33 20.35
1729.5 27888.80 5634.98 20.21
1733.1 27770.82 5572.88 20.07
1736.7 27655.67 5522.50 19.97
1740.3 27487.42 5446.23 19.81
1744.0 27395.86 5381.42 19.64
1747.5 27255.01 5296.07 19.43
1751.2 27041.09 5198.46 19.22
1754.8 26881.34 5122.98 19.06
1758.4 26750.86 5056.46 18.90
1762.0 26572.85 4988.23 18.77
1765.5 26446.23 4928.51 18.64
1769.1 26402.40 4893.60 18.53
1772.7 26328.38 4851.68 18.43
1776.3 26208.92 4796.48 18.30
1779.9 26081.92 4749.52 18.21
1783.5 26027.60 4714.48 18.11
1787.0 25897.14 4673.13 18.04
1790.6 25747.79 4632.80 17.99
1794.2 25651.68 4601.74 17.94
1797.8 25552.23 4575.18 17.91
1801.3 25471.95 4553.38 17.88
1804.9 25318.13 4515.00 17.83
1808.4 25235.40 4489.26 17.79
1812.0 25102.89 4452.60 17.74
1815.5 24947.72 4414.64 17.70
1819.1 24745.29 4376.68 17.69
1822.6 24588.72 4337.66 17.64
1826.2 24468.62 4301.24 17.58
1829.7 24298.19 4253.83 17.51
1833.2 24066.25 4189.06 17.41
1836.8 23846.10 4140.50 17.36
1840.3 23701.28 4093.11 17.27
1843.8 23605.26 4043.97 17.13
1847.3 23552.23 4023.80 17.08
1850.8 23482.37 3987.65 16.98
1854.3 23328.90 3907.84 16.75
1857.8 23249.20 3780.40 16.26
1861.3 23245.10 3577.08 15.39
1864.8 23154.55 3306.84 14.28
1868.3 22923.75 2989.42 13.04
1871.8 22725.12 2672.64 11.76
1875.3 22663.55 2390.12 10.55
1878.8 22668.35 2119.12 9.35
1882.3 22613.87 1832.92 8.11
1885.8 22446.65 1582.11 7.05
1889.3 22245.45 1417.97 6.37
1892.7 22073.02 1266.12 5.74
1896.2 21956.57 1167.29 5.32
1899.7 21800.31 1157.73 5.31
1903.1 21719.54 1151.30 5.30
1906.6 21807.87 1251.67 5.74
1910.0 22098.88 1480.21 6.70
1913.5 22634.73 1837.51 8.12
1917.0 23151.98 2326.28 10.05
1920.4 23436.08 2634.83 11.24
1923.8 23677.97 2925.88 12.36
1871.2 20787.15 1900.15 9.14
1873.9 20907.54 1761.09 8.42
1876.7 21048.38 1617.57 7.69
1879.5 21252.88 1399.83 6.59
1882.3 20993.42 1244.99 5.93
1885.1 20851.78 1008.54 4.84
1887.8 20921.79 816.42 3.90
1890.6 20723.54 740.68 3.57
1893.4 20650.67 638.00 3.09
1896.2 20581.86 536.38 2.61
1898.9 20516.13 462.48 2.25
1901.7 20380.18 387.97 1.90
1904.5 20546.36 365.01 1.78
1907.2 20463.00 332.50 1.62
1910.0 20358.58 311.28 1.53
1912.7 20364.96 320.27 1.57
1915.5 20273.08 319.88 1.58
1918.2 20210.43 350.68 1.74
1921.0 20079.87 354.15 1.76
1923.7 20126.73 330.17 1.64
1926.5 20096.89 345.21 1.72
1929.2 20080.15 349.53 1.74
1932.0 20066.00 344.44 1.72
1934.7 20016.92 328.30 1.64
1937.4 19925.11 334.98 1.68
1940.2 19881.39 347.29 1.75
1942.9 19959.98 338.00 1.69
1945.6 19965.22 341.26 1.71
1948.3 19894.11 361.00 1.81
1951.1 19862.99 376.25 1.89
1953.8 19866.00 354.00 1.78
1956.5 19752.03 365.39 1.85
1959.2 19805.76 385.71 1.95
1961.9 19837.86 375.48 1.89
1964.6 19745.08 428.40 2.17
1967.3 19784.70 442.03 2.23
1970.0 19621.84 420.32 2.14
1972.8 19538.55 444.19 2.27
1975.5 19602.81 444.85 2.27
1978.2 19540.64 467.20 2.39
1980.9 19419.73 501.38 2.58
1983.5 19352.05 503.14 2.60
1986.2 19366.05 494.70 2.55
1988.9 19348.59 529.62 2.74
1991.6 19202.00 553.26 2.88
1994.3 19065.89 566.11 2.97
1997.0 19096.32 593.97 3.11
1999.7 19065.00 591.56 3.10
2002.3 19034.90 609.85 3.20
2005.0 18965.86 624.24 3.29
2007.7 18877.00 630.67 3.34
2010.4 18811.60 650.94 3.46
2013.0 18774.16 685.65 3.65
2015.7 18678.28 716.10 3.83
2018.4 18548.96 737.53 3.98
2021.0 18504.50 753.67 4.07
2023.7 18401.60 760.37 4.13
2026.4 18333.68 766.13 4.18
2029.0 18267.40 790.08 4.33
2031.7 18144.97 814.02 4.49
2034.3 18142.15 830.92 4.58
2037.0 18035.71 833.24 4.62
2039.6 17974.39 829.93 4.62
2042.3 17908.74 834.08 4.66
2044.9 17825.78 863.94 4.85
2047.5 17820.17 866.75 4.86
2050.2 17715.60 898.80 5.07
2052.8 17679.20 940.80 5.32
2055.4 17538.43 910.54 5.19
2058.1 17416.00 901.60 5.18
2060.7 17404.47 933.53 5.36
2063.3 17299.63 964.19 5.57
2065.9 17230.17 940.79 5.46
2068.6 17165.96 963.13 5.61
2071.2 17119.44 990.45 5.79
2073.8 17041.85 979.42 5.75
2076.4 16999.98 996.37 5.86
2079.0 17011.74 1008.79 5.93
2081.6 16984.09 1038.12 6.11
2084.2 16930.00 1052.48 6.22
2086.8 16834.24 1018.20 6.05
2089.4 16742.01 1024.04 6.12
2092.1 16637.33 1059.67 6.37
2094.7 16574.28 1073.50 6.48
2097.2 16549.50 1079.50 6.52
2099.8 16541.98 1084.58 6.56
2102.4 16400.35 1080.47 6.59
2105.0 16267.80 1094.40 6.73
2107.6 16238.35 1076.67 6.63
2110.2 16217.39 1079.83 6.66
2112.8 16200.74 1125.29 6.95
2115.3 16182.65 1131.57 6.99
2117.9 16188.40 1117.14 6.90
2120.5 16181.17 1125.19 6.95
2123.1 16113.83 1158.30 7.19
2125.6 16056.05 1147.91 7.15
2128.2 15953.26 1144.33 7.17
2130.8 15859.35 1158.30 7.30
2133.3 15825.33 1164.53 7.36
2135.9 15723.21 1156.08 7.35
2138.4 15584.92 1146.25 7.35
2141.0 15487.96 1137.14 7.34
2143.6 15482.13 1160.94 7.50
2146.1 15358.67 1166.52 7.60
2148.7 15182.57 1148.24 7.56
2151.2 15188.80 1167.47 7.69
2153.8 15199.37 1200.88 7.90
2156.3 15064.95 1196.10 7.94
2158.8 14994.07 1190.19 7.94
2161.4 14983.43 1202.92 8.03
2163.9 14894.98 1194.08 8.02
2166.4 14806.99 1206.32 8.15
2169.0 14777.42 1235.89 8.36
2171.5 14688.72 1215.19 8.27
2174.0 14586.43 1195.95 8.20
2176.5 14576.25 1210.95 8.31
2179.1 14537.32 1222.74 8.41
2181.6 14435.75 1234.92 8.55
2184.1 14405.16 1244.32 8.64
2186.6 14458.30 1258.47 8.70
2189.1 14358.33 1242.27 8.65
2191.6 14308.00 1244.60 8.70
2194.1 14339.64 1235.66 8.62
2196.6 14340.73 1236.39 8.62
2199.2 14399.84 1280.22 8.89
2201.7 14323.09 1271.49 8.88
2204.1 14264.18 1249.77 8.76
2206.6 14278.44 1253.28 8.78
2209.1 14246.74 1283.12 9.01
2211.6 14236.93 1290.46 9.06
2214.1 14172.61 1269.76 8.96
2216.6 14103.21 1283.84 9.10
2219.1 14137.40 1291.43 9.13
2221.6 14080.86 1267.62 9.00
2224.0 14024.61 1257.30 8.96
2226.5 13983.38 1255.65 8.98
2229.0 13981.89 1267.62 9.07
2231.5 13918.22 1260.07 9.05
2233.9 13896.33 1200.68 8.64
2236.4 13868.98 1227.48 8.85
2238.9 13826.00 1228.38 8.88
2241.3 13828.76 1142.68 8.26
2243.8 13758.80 1162.11 8.45
2246.2 13610.98 1147.49 8.43
2248.7 13571.61 1122.29 8.27
2251.2 13563.12 1122.25 8.27
2253.6 13482.24 1040.64 7.72
2256.1 13474.56 1021.44 7.58
2258.5 13495.78 1067.98 7.91
2260.9 13407.16 1043.12 7.78
2263.4 13372.75 1009.48 7.55
2265.8 13367.17 1027.06 7.68
2268.3 13288.30 965.93 7.27
2270.7 13342.05 944.23 7.08
2273.1 13272.94 974.09 7.34
2275.6 13194.24 921.60 6.98
2278.0 13232.60 895.50 6.77
2280.4 13249.81 919.75 6.94
2282.8 13117.21 902.10 6.88
2285.3 13103.68 874.88 6.68
2287.7 13191.09 859.10 6.51
2290.1 13097.39 853.92 6.52
2292.5 13047.88 825.41 6.33
2294.9 13056.31 798.24 6.11
2297.3 12972.40 798.91 6.16
2299.7 12875.52 758.08 5.89
2302.1 12826.01 730.67 5.70
2304.5 12696.88 713.44 5.62
2306.9 12602.80 709.52 5.63
2309.3 12519.08 724.89 5.79
2311.7 12473.65 726.13 5.82
2314.1 12315.17 697.09 5.66
2316.5 12229.76 713.14 5.83
2318.9 12290.12 709.50 5.77
2321.3 12265.32 641.79 5.23
2323.7 12235.57 686.85 5.61
2326.1 12214.93 664.95 5.44
2328.4 12270.09 630.59 5.14
2330.8 12319.08 666.67 5.41
2333.2 12235.57 663.05 5.42
2335.6 12168.54 610.30 5.02
2337.9 12202.83 592.61 4.86
2340.3 12141.58 587.77 4.84
2342.7 12039.09 579.74 4.82
2345.0 12013.82 577.55 4.81
2347.4 11993.50 569.50 4.75
2349.7 11798.34 559.59 4.74
2352.1 11775.76 574.64 4.88
2354.4 11820.42 575.98 4.87
2356.8 11728.38 457.57 3.90
2359.2 11704.33 485.33 4.15
2361.5 11645.74 532.33 4.57
2363.8 11633.53 522.61 4.49
2366.2 11660.03 503.12 4.31
2368.5 11627.85 489.50 4.21
2370.9 11603.83 474.17 4.09
2373.2 11533.95 449.67 3.90
2375.5 11398.48 466.08 4.09
2377.9 11373.04 433.04 3.81
2380.2 11408.35 449.00 3.94
2382.5 11308.30 468.69 4.14
2384.8 11261.28 431.52 3.83
2387.2 11252.00 407.89 3.63
2389.5 11242.29 387.18 3.44
2391.8 11232.13 399.28 3.55
2394.1 11132.13 417.46 3.75
2396.4 11089.46 367.71 3.32
2398.7 11160.99 341.02 3.06
2401.0 11096.58 400.55 3.61
2403.3 10926.12 423.30 3.87
2405.6 10921.36 359.88 3.30
2407.9 10891.74 325.65 2.99
2410.2 10793.71 345.92 3.20
2412.5 10752.81 335.39 3.12
2414.8 10737.29 323.51 3.01
2417.1 10694.97 340.67 3.19
2419.4 10638.82 302.18 2.84
2421.7 10597.44 315.40 2.98
2424.0 10571.95 306.43 2.90
2426.2 10576.95 294.25 2.78
2428.5 10508.39 275.83 2.62
2430.8 10485.80 294.30 2.81
2433.1 10443.79 315.31 3.02
2435.4 10361.94 279.75 2.70
2437.6 10328.37 257.37 2.49
2439.9 10224.92 230.22 2.25
2442.2 10193.49 267.35 2.62
2444.4 10223.13 246.96 2.42
2446.7 10173.28 221.92 2.18
2448.9 10197.11 254.63 2.50
2451.2 10173.72 238.40 2.34
2453.4 10028.37 222.99 2.22
2455.7 9998.26 249.35 2.49
2457.9 9908.42 219.78 2.22
2460.2 9870.17 184.95 1.87
2462.4 9896.64 230.88 2.33
2464.7 9834.69 246.03 2.50
2466.9 9751.98 179.76 1.84
2469.2 9722.50 187.97 1.93
2471.4 9624.29 196.95 2.05
2473.6 9553.77 120.51 1.26
2475.9 9536.85 209.97 2.20
2478.1 9427.70 218.61 2.32
2480.3 9377.37 174.04 1.86
2482.5 9321.43 207.30 2.22
2484.8 9240.44 189.32 2.05
2487.0 9258.33 162.95 1.76
2489.2 9302.30 98.00 1.05
2491.4 9183.58 161.39 1.76
2493.6 9147.34 195.96 2.14
2495.8 9177.35 158.37 1.73
2498.0 9103.79 129.71 1.42
2500.2 9132.70 92.68 1.01
2502.4 9403.92 133.20 1.42
2504.6 9512.07 140.85 1.48
2506.8 9585.80 107.16 1.12
