/*** Spectra Vista SIG Data ***/
name= \My Documents\HR1024_Data\AODF4.
instrument= HR: 1091052
integration= 200, 60, 30, 500, 60, 30
scan time= 1, 1
scan settings= AD, AI, AD, AI
external data set1= 8224, 8224, 8224, 8224, 8224, 8224, 8224, 8224, 8224, 8224, 8224, 8224, 8224, 8224, 8224, 8224
external data set2= 8224, 8224, 8224, 8224, 8224, 8224, 8224, 8224, 8224, 8224, 8224, 8224, 8224, 8224, 8224, 8224
external data dark= 0,0,0,0,0,0,0,0
external data mask= 0
optic= LENS4 , LENS4 
temp= 33.31, 8.94, -5.30, 45.47, 9.01, -5.24
battery= 7.5, 6.7
error= 0, 0
units= Radiance, Radiance
time= 1/1/08 1:10:44 PM, 1/1/08 1:52:55 PM
longitude= , 
latitude= , 
gpstime= , 
comm= 
memory slot= 0, 0
factors= 
data= 
346.4 509.60 100.65 19.75
347.9 536.51 104.17 19.42
349.5 577.20 107.33 18.59
351.1 620.88 108.58 17.49
352.6 679.94 106.26 15.63
354.2 723.22 108.65 15.02
355.7 777.89 115.84 14.89
357.3 842.60 122.06 14.49
358.8 838.80 123.02 14.67
360.4 904.00 118.19 13.07
361.9 943.76 119.80 12.69
363.5 997.20 121.88 12.22
365.1 1040.25 128.99 12.40
366.6 1087.54 132.58 12.19
368.2 1161.70 118.18 10.17
369.7 1204.79 124.07 10.30
371.3 1287.37 122.48 9.51
372.8 1354.56 128.82 9.51
374.4 1435.13 126.83 8.84
375.9 1463.02 129.75 8.87
377.4 1512.41 134.00 8.86
379.0 1578.52 133.67 8.47
380.5 1618.77 135.41 8.37
382.1 1669.58 121.75 7.29
383.6 1726.52 124.74 7.22
385.2 1809.50 125.40 6.93
386.7 1900.67 123.46 6.50
388.3 1991.93 128.27 6.44
389.8 2077.97 135.05 6.50
391.3 2163.95 142.59 6.59
392.9 2236.17 137.70 6.16
394.4 2293.88 149.56 6.52
395.9 2364.42 151.98 6.43
397.5 2493.56 166.67 6.68
399.0 2617.23 158.21 6.04
400.6 2691.33 149.42 5.55
402.1 2739.96 152.74 5.57
403.6 2797.88 146.73 5.24
405.1 2865.39 149.90 5.23
406.7 2979.20 151.42 5.08
408.2 3089.54 154.14 4.99
409.7 3183.04 152.32 4.79
411.3 3295.62 151.47 4.60
412.8 3391.47 162.11 4.78
414.3 3507.27 169.37 4.83
415.8 3622.50 179.00 4.94
417.4 3739.34 179.12 4.79
418.9 3830.42 179.12 4.68
420.4 3913.23 182.45 4.66
421.9 3978.48 180.05 4.53
423.5 4044.22 184.00 4.55
425.0 4110.68 178.90 4.35
426.5 4198.95 184.04 4.38
428.0 4314.36 185.55 4.30
429.5 4445.73 186.44 4.19
431.1 4599.50 187.31 4.07
432.6 4769.72 196.10 4.11
434.1 4937.63 208.67 4.23
435.6 5085.18 209.75 4.12
437.1 5233.80 216.84 4.14
438.6 5364.45 220.87 4.12
440.1 5501.44 226.01 4.11
441.6 5653.06 229.89 4.07
443.1 5799.60 231.66 3.99
444.7 5941.01 242.49 4.08
446.2 6051.88 245.02 4.05
447.7 6161.82 252.86 4.10
449.2 6292.08 255.74 4.06
450.7 6396.00 256.26 4.01
452.2 6529.70 256.24 3.92
453.7 6647.26 258.52 3.89
455.2 6815.62 267.10 3.92
456.7 7013.60 268.93 3.83
458.2 7232.90 276.11 3.82
459.7 7456.75 282.80 3.79
461.2 7667.16 290.87 3.79
462.7 7858.10 304.30 3.87
464.2 8041.02 305.98 3.81
465.7 8240.35 312.42 3.79
467.2 8402.63 324.17 3.86
468.7 8584.00 333.60 3.89
470.2 8698.25 337.51 3.88
471.7 8877.75 356.25 4.01
473.2 9159.71 368.77 4.03
474.6 9386.40 367.30 3.91
476.1 9450.96 362.94 3.84
477.6 9499.75 357.05 3.76
479.1 9557.87 358.56 3.75
480.6 9632.82 368.52 3.83
482.1 9760.73 370.13 3.79
483.6 9935.74 376.48 3.79
485.1 10133.78 384.48 3.79
486.6 10366.07 396.72 3.83
488.0 10621.00 403.00 3.79
489.5 10873.80 415.38 3.82
491.0 11134.31 428.93 3.85
492.5 11404.80 447.77 3.93
494.0 11683.71 461.07 3.95
495.4 11917.95 481.14 4.04
496.9 12154.26 496.99 4.09
498.4 12387.41 514.52 4.15
499.9 12623.63 538.61 4.27
501.4 12839.71 557.70 4.34
502.8 13042.06 584.22 4.48
504.3 13226.40 604.80 4.57
505.8 13406.54 619.16 4.62
507.2 13518.16 648.84 4.80
508.7 13603.31 669.16 4.92
510.2 13672.60 685.98 5.02
511.6 13715.26 710.27 5.18
513.1 13806.21 736.03 5.33
514.6 13898.29 755.29 5.43
516.0 13992.63 782.87 5.59
517.5 14151.40 806.18 5.70
519.0 14339.95 833.85 5.81
520.5 14520.56 865.92 5.96
521.9 14760.83 899.78 6.10
523.4 15031.28 945.52 6.29
524.8 15295.25 982.70 6.42
526.3 15594.01 1029.34 6.60
527.8 15909.50 1081.19 6.80
529.2 16189.50 1139.72 7.04
530.7 16509.28 1186.86 7.19
532.1 16791.25 1240.23 7.39
533.6 17121.20 1300.40 7.60
535.0 17454.94 1363.82 7.81
536.5 17789.22 1430.53 8.04
538.0 18136.88 1491.87 8.23
539.4 18461.69 1561.61 8.46
540.9 18864.39 1644.34 8.72
542.3 19206.33 1723.24 8.97
543.8 19460.81 1792.35 9.21
545.2 19544.37 1847.86 9.45
546.6 19566.05 1892.81 9.67
548.1 19604.97 1942.28 9.91
549.5 19640.65 1987.10 10.12
551.0 19664.79 2032.99 10.34
552.4 19724.92 2090.77 10.60
553.9 19761.60 2141.56 10.84
555.3 19812.20 2195.86 11.08
556.8 19934.49 2252.34 11.30
558.2 20047.50 2314.58 11.55
559.6 20200.16 2376.96 11.77
561.1 20397.00 2450.50 12.01
562.5 20617.77 2527.46 12.26
564.0 20901.40 2612.08 12.50
565.4 21161.13 2694.01 12.73
566.8 21482.31 2792.09 13.00
568.3 21793.28 2881.45 13.22
569.7 22118.60 2982.06 13.48
571.1 22425.71 3077.42 13.72
572.6 22741.56 3179.09 13.98
574.0 23030.70 3282.84 14.25
575.4 23309.44 3384.45 14.52
576.9 23581.06 3493.41 14.81
578.3 23822.01 3585.73 15.05
579.7 24048.22 3684.03 15.32
581.1 24227.75 3782.29 15.61
582.6 24429.78 3885.63 15.91
584.0 24600.48 3980.51 16.18
585.4 24853.74 4101.49 16.50
586.8 25196.68 4234.75 16.81
588.3 25573.86 4388.90 17.16
589.7 25896.78 4523.69 17.47
591.1 26104.75 4637.15 17.76
592.5 26211.06 4732.25 18.05
594.0 26269.26 4817.40 18.34
595.4 26286.44 4907.62 18.67
596.8 26295.56 4979.83 18.94
598.2 26315.92 5057.25 19.22
599.6 26317.98 5145.19 19.55
601.0 26398.05 5237.44 19.84
602.4 26470.93 5335.66 20.16
603.9 26597.64 5436.50 20.44
605.3 26727.57 5547.24 20.75
606.7 26857.80 5648.40 21.03
608.1 27088.39 5775.54 21.32
609.5 27333.21 5899.91 21.59
610.9 27623.29 6043.54 21.88
612.3 27891.32 6182.50 22.17
613.7 28252.28 6331.06 22.41
615.1 28513.62 6459.26 22.65
616.5 28776.05 6588.85 22.90
617.9 29165.50 6757.42 23.17
619.3 29543.24 6924.61 23.44
620.7 29990.55 7122.15 23.75
622.1 30437.05 7287.74 23.94
623.5 30934.60 7477.42 24.17
624.9 31494.75 7630.77 24.23
626.3 31867.36 7720.79 24.23
627.7 31569.69 7700.44 24.39
629.1 31287.59 7728.63 24.70
630.5 31184.65 7810.49 25.05
631.9 31222.21 7916.12 25.35
633.3 31256.33 8004.29 25.61
634.7 31400.48 8127.79 25.88
636.1 31461.82 8211.23 26.10
637.5 31554.77 8289.86 26.27
638.9 31702.82 8374.48 26.42
640.2 31825.04 8462.06 26.59
641.6 31863.78 8529.77 26.77
643.0 31847.61 8574.14 26.92
644.4 31829.55 8646.91 27.17
645.8 31751.71 8726.81 27.48
647.2 31867.94 8905.83 27.95
648.5 31926.34 9092.24 28.48
649.9 31776.23 9236.53 29.07
651.3 31648.05 9430.92 29.80
652.7 31449.15 9612.48 30.57
654.1 31244.46 9553.66 30.58
655.5 31005.95 9422.23 30.39
656.8 30780.41 9290.21 30.18
658.2 30925.42 9304.22 30.09
659.6 31264.45 9411.27 30.10
660.9 31536.04 9531.46 30.22
662.3 31822.64 9642.09 30.30
663.7 32096.40 9753.24 30.39
665.0 32332.90 9863.55 30.51
666.4 32562.99 9973.95 30.63
667.8 32863.56 10116.35 30.78
669.1 33114.69 10243.81 30.93
670.5 33405.09 10379.17 31.07
671.9 33586.56 10492.13 31.24
673.2 33844.75 10629.09 31.41
674.6 34082.18 10764.09 31.58
676.0 34372.41 10921.25 31.77
677.3 34659.68 11070.82 31.94
678.7 34979.63 11227.65 32.10
680.0 35399.92 11422.54 32.27
681.4 35845.89 11613.49 32.40
682.8 36270.33 11819.99 32.59
684.1 36705.24 12029.47 32.77
685.5 37104.21 12225.84 32.95
686.8 37507.62 12423.98 33.12
688.2 37862.83 12592.58 33.26
689.5 38000.96 12701.19 33.42
690.9 38124.79 12799.96 33.57
692.2 38229.60 12889.74 33.72
693.6 38334.37 12985.96 33.88
694.9 38335.34 13052.14 34.05
696.2 38393.33 13140.36 34.23
697.6 38453.39 13204.62 34.34
698.9 38522.88 13284.48 34.48
700.3 38613.54 13383.11 34.66
701.6 38716.02 13480.07 34.82
703.0 38828.83 13576.15 34.96
704.3 38882.19 13641.23 35.08
705.6 38895.39 13701.13 35.23
707.0 38949.12 13747.15 35.30
708.3 38885.46 13782.32 35.44
709.6 38817.35 13807.59 35.57
711.0 38702.88 13799.17 35.65
712.3 38573.15 13822.73 35.84
713.6 38531.64 13859.16 35.97
714.9 38462.14 13879.91 36.09
716.3 38461.08 13928.92 36.22
717.6 38479.84 13996.50 36.37
718.9 38424.85 14012.06 36.47
720.2 38251.08 13988.07 36.57
721.6 38113.53 13975.26 36.67
722.9 37945.16 13947.60 36.76
724.2 37714.27 13922.04 36.91
725.5 37534.96 13924.73 37.10
726.8 37360.68 13899.64 37.20
728.1 37271.09 13906.93 37.31
729.5 37167.13 13917.90 37.45
730.8 37093.13 13934.97 37.57
732.1 36996.92 13953.25 37.71
733.4 36936.39 13983.70 37.86
734.7 36864.47 14016.73 38.02
736.0 36851.62 14057.34 38.15
737.3 36774.45 14095.28 38.33
738.6 36845.76 14167.46 38.45
739.9 37000.34 14282.10 38.60
741.2 37119.81 14380.55 38.74
742.5 37372.03 14529.94 38.88
743.8 37768.50 14730.87 39.00
745.1 38387.22 15057.72 39.23
746.4 39127.73 15386.10 39.32
747.7 39918.22 15751.39 39.46
749.0 40672.12 16089.15 39.56
750.3 41122.66 16279.38 39.59
751.6 41047.35 16287.62 39.68
752.9 40630.59 16169.70 39.80
754.2 40176.47 16035.43 39.91
755.4 39652.21 15904.95 40.11
756.7 39478.17 15916.83 40.32
758.0 39495.60 15970.12 40.44
759.3 39730.28 16127.96 40.59
760.6 40061.56 16340.02 40.79
761.9 40384.10 16538.96 40.95
763.1 40567.56 16690.55 41.14
764.4 40796.65 16831.06 41.26
765.7 40953.25 16946.80 41.38
767.0 41079.80 17050.15 41.50
768.2 41207.04 17161.54 41.65
769.5 41279.98 17246.07 41.78
770.8 41469.61 17373.50 41.89
772.0 41501.32 17442.82 42.03
773.3 41583.65 17538.22 42.18
774.6 41708.58 17617.72 42.24
775.8 41815.15 17708.28 42.35
777.1 41846.51 17788.10 42.51
778.4 41799.94 17787.41 42.55
779.6 41775.90 17828.05 42.68
780.9 41704.00 17864.00 42.84
782.1 41523.21 17871.76 43.04
783.4 41558.40 17912.96 43.10
784.6 41567.36 17952.03 43.19
785.9 41861.56 18143.28 43.34
787.1 42409.87 18453.40 43.51
788.4 42854.47 18685.08 43.60
789.6 42849.18 18669.96 43.57
790.9 42483.96 18466.46 43.47
792.1 42011.92 18317.57 43.60
793.4 41570.15 18178.91 43.73
794.6 41283.15 18073.21 43.78
795.8 41024.39 18026.44 43.94
797.1 40758.68 17932.17 44.00
798.3 40551.64 17912.24 44.17
799.5 40444.72 17892.82 44.24
800.8 40323.21 17871.23 44.32
802.0 40187.32 17864.85 44.45
803.2 40033.64 17825.07 44.53
804.5 39942.72 17811.41 44.59
805.7 39829.66 17805.99 44.71
806.9 39715.93 17801.35 44.82
808.1 39632.97 17811.96 44.94
809.4 39553.39 17830.56 45.08
810.6 39489.45 17830.54 45.15
811.8 39474.39 17878.48 45.29
813.0 39504.71 17939.76 45.41
814.2 39525.61 18007.40 45.56
815.4 39644.33 18104.84 45.67
816.6 39709.73 18161.68 45.74
817.9 39791.57 18207.51 45.76
819.1 39719.87 18189.84 45.80
820.3 39621.11 18184.67 45.90
821.5 39546.25 18196.86 46.01
822.7 39480.04 18220.56 46.15
823.9 39499.25 18264.23 46.24
825.1 39541.96 18316.57 46.32
826.3 39583.35 18369.87 46.41
827.5 39640.56 18435.57 46.51
828.7 39708.48 18497.18 46.58
829.9 39767.03 18560.69 46.67
831.0 39870.82 18674.08 46.84
832.2 39993.87 18759.95 46.91
833.4 40076.64 18840.76 47.01
834.6 40148.44 18946.88 47.19
835.8 40238.10 19020.96 47.27
837.0 40328.28 19110.05 47.39
838.1 40500.72 19219.90 47.46
839.3 40601.19 19312.47 47.57
840.5 40716.87 19410.40 47.67
841.7 40854.11 19530.45 47.81
842.9 40980.73 19669.13 48.00
844.0 41100.82 19778.70 48.12
845.2 41245.09 19911.20 48.28
846.4 41368.25 20011.49 48.37
847.5 41564.18 20168.85 48.52
848.7 41743.64 20306.14 48.64
849.9 41936.76 20392.19 48.63
851.0 42020.98 20455.61 48.68
852.2 42107.61 20501.91 48.69
853.3 42066.96 20542.03 48.83
854.5 42098.11 20553.89 48.82
855.6 42095.43 20600.89 48.94
856.8 42111.00 20673.22 49.09
857.9 42111.88 20700.87 49.16
859.1 42240.60 20797.28 49.24
860.2 42245.56 20806.90 49.25
861.4 42273.83 20877.76 49.39
862.5 42309.54 20924.88 49.46
863.7 42384.63 20983.87 49.51
864.8 42387.10 21024.64 49.60
865.9 42333.82 21041.40 49.70
867.1 42372.33 21076.61 49.74
868.2 42368.54 21110.57 49.83
869.3 42393.50 21145.25 49.88
870.5 42342.80 21157.10 49.97
871.6 42318.48 21212.22 50.13
872.7 42385.23 21280.29 50.21
873.9 42404.90 21313.87 50.26
875.0 42391.36 21323.91 50.30
876.1 42363.75 21351.33 50.40
877.2 42397.32 21388.99 50.45
878.3 42381.77 21419.48 50.54
879.4 42397.70 21443.19 50.58
880.5 42451.56 21488.26 50.62
881.7 42410.55 21503.56 50.70
882.8 42454.72 21537.50 50.73
883.9 42482.63 21560.97 50.75
885.0 42446.04 21542.43 50.75
886.1 42420.10 21531.26 50.76
887.2 42295.80 21472.98 50.77
888.3 42201.80 21438.12 50.80
889.4 42117.30 21388.86 50.78
890.5 42026.34 21345.45 50.79
891.6 41981.69 21340.02 50.83
892.7 41962.31 21370.20 50.93
893.8 41981.79 21400.63 50.98
894.9 41952.35 21411.68 51.04
896.0 41968.71 21442.31 51.09
897.0 41952.48 21441.56 51.11
898.1 41951.64 21498.71 51.25
899.2 41983.30 21474.53 51.15
900.3 41907.57 21473.05 51.24
901.4 41820.39 21483.39 51.37
902.4 41828.99 21462.81 51.31
903.5 41775.96 21471.74 51.40
904.6 41798.96 21489.51 51.41
905.7 41805.42 21527.34 51.49
906.7 41815.90 21520.74 51.47
907.8 41839.20 21566.56 51.55
908.9 41746.38 21541.75 51.60
909.9 41734.69 21567.32 51.68
911.0 41681.88 21533.35 51.66
912.1 41602.05 21522.91 51.74
913.1 41535.52 21471.22 51.69
914.2 41457.24 21455.31 51.75
915.2 41368.59 21458.52 51.87
916.3 41436.15 21486.90 51.86
917.3 41410.15 21457.71 51.82
918.4 41310.50 21477.39 51.99
919.4 41328.17 21429.57 51.85
920.5 41309.67 21449.21 51.92
921.5 41323.66 21477.46 51.97
922.6 41255.80 21444.17 51.98
923.6 41303.54 21489.34 52.03
924.7 41344.50 21495.70 51.99
925.7 41333.16 21515.83 52.05
926.7 41356.90 21536.30 52.07
927.8 41415.30 21557.68 52.05
928.8 41570.85 21592.22 51.94
929.9 41658.93 21651.34 51.97
930.9 41879.39 21780.02 52.01
931.9 42070.56 21888.69 52.03
932.9 42412.10 22041.26 51.97
934.0 42452.50 22066.40 51.98
935.0 42440.57 22089.83 52.05
936.0 42488.02 22088.56 51.99
937.0 42429.47 22091.39 52.07
938.1 42380.86 22098.25 52.14
939.1 42337.65 22097.78 52.19
940.1 42429.30 22094.80 52.07
941.1 42615.86 22242.92 52.19
942.1 42903.92 22310.54 52.00
943.1 43057.09 22463.24 52.17
944.1 43342.63 22562.34 52.06
945.2 43356.60 22618.34 52.17
946.2 43482.48 22580.28 51.93
947.2 43549.00 22646.55 52.00
948.2 43743.16 22762.22 52.04
949.2 43840.88 22763.00 51.92
950.2 43906.25 22783.48 51.89
951.2 44010.96 22808.02 51.82
952.2 44061.91 22843.04 51.84
953.2 44318.14 22979.78 51.85
954.2 44380.80 23022.54 51.88
955.2 44428.35 22988.45 51.74
956.2 44460.20 22994.06 51.72
957.2 44542.35 22976.83 51.58
958.2 44649.94 23039.24 51.60
959.2 44705.25 23043.60 51.55
960.1 44813.66 23058.70 51.45
961.1 44928.76 23172.86 51.58
962.1 44958.75 23142.00 51.47
963.1 44986.01 23255.54 51.70
964.1 45106.16 23234.81 51.51
965.1 45270.70 23318.25 51.51
966.1 45207.41 23402.41 51.77
967.0 45355.66 23410.16 51.61
968.0 45441.48 23464.93 51.64
969.0 45453.60 23471.52 51.64
970.0 45557.64 23511.63 51.61
971.0 45615.57 23577.92 51.69
971.9 45699.86 23626.95 51.70
972.9 45781.93 23623.67 51.60
973.9 45829.88 23692.89 51.70
974.9 45973.78 23722.15 51.60
975.8 45979.65 23761.83 51.68
976.8 46106.16 23734.02 51.48
977.8 46097.80 23714.72 51.44
978.8 46103.70 23739.66 51.49
979.7 46387.55 23879.50 51.48
980.7 46405.76 24018.06 51.76
981.7 46694.84 23964.80 51.32
982.6 46857.76 24331.47 51.93
983.6 47433.79 24376.14 51.39
984.6 47818.98 24706.47 51.67
985.5 48063.24 24616.08 51.22
986.5 48770.77 25231.16 51.73
987.5 50043.63 25590.08 51.14
988.4 50895.90 25949.44 50.99
989.4 52431.75 26215.88 50.00
990.4 53425.02 26800.09 50.16
991.3 55387.31 27472.11 49.60
992.3 55950.90 27779.82 49.65
993.2 58118.31 27914.74 48.03
994.2 59457.94 29551.86 49.70
995.2 60710.63 28648.70 47.19
996.1 61737.77 29707.48 48.12
997.1 61885.85 29835.49 48.21
998.0 61668.00 29052.48 47.11
999.0 61787.86 29340.20 47.49
1000.0 62252.49 28351.13 45.54
1000.9 62564.91 29590.45 47.30
1001.9 61626.12 28218.28 45.79
1002.8 61885.09 28099.18 45.41
1003.8 61970.58 28628.66 46.20
1004.8 62064.96 29389.58 47.35
961.5 55881.62 25137.06 44.98
965.5 54589.44 25247.62 46.25
969.5 52393.79 24940.22 47.60
973.4 50126.74 24387.20 48.65
977.4 48345.52 23862.66 49.36
981.4 47464.01 23645.92 49.82
985.3 47176.98 23509.82 49.83
989.3 47304.75 23450.47 49.57
993.3 47508.66 23403.32 49.26
997.2 47541.75 23313.25 49.04
1001.2 47520.33 23288.20 49.01
1005.2 47455.76 23315.19 49.13
1009.1 47529.68 23456.04 49.35
1013.1 47663.39 23633.40 49.58
1017.1 47785.75 23765.69 49.73
1021.0 47816.50 23812.93 49.80
1025.0 47819.30 23849.16 49.87
1029.0 47652.00 23820.59 49.99
1032.9 47495.63 23793.12 50.10
1036.9 47497.16 23871.60 50.26
1040.9 47608.97 24011.48 50.43
1044.8 47827.54 24175.95 50.55
1048.8 48004.98 24338.96 50.70
1052.7 48133.54 24462.26 50.82
1056.7 48188.20 24501.91 50.85
1060.7 48194.60 24544.72 50.93
1064.6 48198.22 24612.15 51.06
1068.6 48113.17 24598.16 51.13
1072.5 48026.55 24575.26 51.17
1076.5 47975.49 24572.81 51.22
1080.4 47966.69 24571.68 51.23
1084.4 48069.59 24610.30 51.20
1088.3 48170.15 24653.02 51.18
1092.3 48152.58 24605.19 51.10
1096.2 48142.77 24570.71 51.04
1100.2 48183.64 24590.33 51.03
1104.1 48079.94 24535.34 51.03
1108.1 48035.13 24490.48 50.98
1112.0 47943.86 24382.44 50.86
1116.0 47742.57 24174.61 50.64
1119.9 47581.47 23991.74 50.42
1123.9 47666.30 23922.02 50.19
1127.8 47639.04 23754.24 49.86
1131.8 47617.38 23534.37 49.42
1135.7 47659.94 23275.61 48.84
1139.6 47675.62 22958.30 48.16
1143.6 47638.82 22574.09 47.39
1147.5 47616.88 22215.96 46.66
1151.4 47500.80 21865.21 46.03
1155.4 47513.75 21647.89 45.56
1159.3 47522.52 21514.21 45.27
1163.2 47363.89 21340.29 45.06
1167.2 47347.50 21254.16 44.89
1171.1 47369.57 21200.78 44.76
1175.0 47314.40 21107.09 44.61
1179.0 47268.08 21034.26 44.50
1182.9 47358.68 21027.80 44.40
1186.8 47350.70 20972.73 44.29
1190.7 47139.70 20844.23 44.22
1194.7 46883.87 20709.01 44.17
1198.6 46652.76 20602.89 44.16
1202.5 46480.48 20551.30 44.21
1206.4 46340.80 20531.74 44.31
1210.3 46236.01 20547.06 44.44
1214.2 46114.66 20554.90 44.57
1218.2 45952.68 20560.31 44.74
1222.1 45800.88 20580.10 44.93
1226.0 45686.61 20614.14 45.12
1229.9 45598.02 20650.92 45.29
1233.8 45484.04 20667.73 45.44
1237.7 45416.66 20673.11 45.52
1241.6 45332.53 20669.17 45.59
1245.5 45166.97 20648.54 45.72
1249.4 45023.84 20608.60 45.77
1253.3 44894.25 20575.17 45.83
1257.2 44816.00 20568.63 45.90
1261.1 44716.86 20546.14 45.95
1265.0 44587.73 20499.17 45.97
1268.9 44400.64 20398.59 45.94
1272.8 44460.00 20400.30 45.88
1276.7 44653.74 20465.59 45.83
1280.6 44733.81 20466.56 45.75
1284.5 44649.07 20374.37 45.63
1288.4 44631.63 20297.47 45.48
1292.3 44511.50 20160.25 45.29
1296.2 44360.33 19985.90 45.05
1300.1 44197.71 19777.03 44.75
1303.9 43963.66 19515.91 44.39
1307.8 43715.49 19223.84 43.97
1311.7 43464.03 18914.30 43.52
1315.6 43214.30 18594.89 43.03
1319.5 42962.15 18234.93 42.44
1323.3 42734.84 17857.19 41.79
1327.2 42525.95 17471.01 41.08
1331.1 42285.13 17049.74 40.32
1335.0 41985.32 16597.65 39.53
1338.8 41775.29 16186.61 38.75
1342.7 41609.18 15786.67 37.94
1346.5 41242.98 15291.79 37.08
1350.4 40931.78 14798.13 36.15
1354.3 40517.39 14263.90 35.20
1358.1 40047.65 13763.92 34.37
1362.0 39764.09 13379.55 33.65
1365.8 39670.89 13077.68 32.97
1369.7 39786.92 12811.58 32.20
1373.5 39741.56 12354.67 31.09
1377.4 39487.75 11649.69 29.50
1381.2 39276.49 10823.40 27.56
1385.1 39242.56 9996.18 25.47
1389.0 39129.70 9125.42 23.32
1392.8 38925.66 8191.82 21.04
1396.6 38773.68 7288.25 18.80
1400.5 38560.99 6488.08 16.83
1404.3 38397.74 5823.34 15.17
1408.2 38363.03 5292.63 13.80
1412.0 38325.01 4873.07 12.72
1415.8 38359.09 4571.11 11.92
1419.6 38319.36 4331.61 11.30
1423.5 38299.37 4147.16 10.83
1427.3 38266.05 4009.67 10.48
1431.1 38248.58 3915.30 10.24
1434.9 38159.15 3840.26 10.06
1438.8 38104.90 3785.03 9.93
1442.6 38084.31 3759.73 9.87
1446.4 37958.74 3727.19 9.82
1450.2 37871.04 3713.57 9.81
1454.0 37772.76 3718.68 9.84
1457.8 37752.26 3732.27 9.89
1461.6 37732.17 3768.44 9.99
1465.4 37609.21 3813.98 10.14
1469.2 37426.03 3869.78 10.34
1473.0 37290.43 3952.87 10.60
1476.8 37245.30 4073.06 10.94
1480.7 37186.44 4202.48 11.30
1484.4 37061.40 4332.00 11.69
1488.2 36961.08 4482.48 12.13
1492.0 36836.53 4641.23 12.60
1495.8 36720.78 4797.98 13.07
1499.6 36605.30 4940.87 13.50
1503.4 36479.87 5074.78 13.91
1507.2 36356.05 5197.03 14.29
1510.9 36204.04 5313.92 14.68
1514.7 36047.88 5454.32 15.13
1518.5 35919.58 5607.28 15.61
1522.3 35781.38 5742.46 16.05
1526.0 35674.52 5873.93 16.47
1529.8 35609.17 6009.93 16.88
1533.6 35484.33 6142.30 17.31
1537.3 35352.32 6269.01 17.73
1541.1 35225.58 6391.98 18.15
1544.8 35097.60 6532.80 18.61
1548.6 34949.35 6678.31 19.11
1552.4 34850.72 6806.27 19.53
1556.1 34790.76 6904.65 19.85
1559.9 34705.82 6976.12 20.10
1563.6 34578.39 7049.94 20.39
1567.3 34459.02 7148.49 20.74
1571.1 34243.92 7223.70 21.09
1574.8 34100.68 7294.67 21.39
1578.6 34000.34 7376.53 21.70
1582.3 33854.52 7441.74 21.98
1586.0 33716.51 7501.88 22.25
1589.8 33582.95 7554.84 22.50
1593.5 33431.04 7595.12 22.72
1597.2 33294.67 7647.19 22.97
1600.9 33154.19 7694.41 23.21
1604.7 33000.40 7725.65 23.41
1608.4 32856.34 7771.38 23.65
1612.1 32695.22 7797.74 23.85
1615.8 32545.96 7819.50 24.03
1619.5 32465.11 7859.01 24.21
1623.2 32316.22 7867.23 24.34
1626.9 32130.25 7876.34 24.51
1630.6 31953.68 7879.52 24.66
1634.3 31816.04 7875.43 24.75
1638.0 31668.49 7867.09 24.84
1641.7 31487.82 7854.54 24.94
1645.4 31299.16 7828.38 25.01
1649.1 31105.38 7783.49 25.02
1652.8 30949.76 7731.52 24.98
1656.4 30780.36 7663.81 24.90
1660.1 30613.88 7603.28 24.84
1663.8 30416.03 7544.57 24.80
1667.5 30257.50 7497.60 24.78
1671.1 30134.40 7454.18 24.74
1674.8 29937.06 7404.94 24.74
1678.5 29873.87 7391.93 24.74
1682.1 29892.23 7378.83 24.68
1685.8 29901.92 7360.18 24.61
1689.5 29795.07 7311.12 24.54
1693.1 29653.44 7240.35 24.42
1696.8 29511.75 7163.00 24.27
1700.4 29358.15 7074.54 24.10
1704.0 29237.42 6989.42 23.91
1707.7 28983.16 6870.28 23.70
1711.3 28689.26 6738.06 23.49
1715.0 28479.20 6623.07 23.26
1718.6 28311.14 6529.10 23.06
1722.2 28171.19 6438.99 22.86
1725.9 28024.58 6353.43 22.67
1729.5 27888.80 6288.86 22.55
1733.1 27770.82 6223.01 22.41
1736.7 27655.67 6158.23 22.27
1740.3 27487.42 6068.93 22.08
1744.0 27395.86 5987.60 21.86
1747.5 27255.01 5896.21 21.63
1751.2 27041.09 5783.77 21.39
1754.8 26881.34 5695.38 21.19
1758.4 26750.86 5611.94 20.98
1762.0 26572.85 5523.37 20.79
1765.5 26446.23 5461.25 20.65
1769.1 26402.40 5419.20 20.53
1772.7 26328.38 5364.94 20.38
1776.3 26208.92 5300.74 20.22
1779.9 26081.92 5242.38 20.10
1783.5 26027.60 5203.04 19.99
1787.0 25897.14 5157.94 19.92
1790.6 25747.79 5112.40 19.86
1794.2 25651.68 5080.67 19.81
1797.8 25552.23 5042.19 19.73
1801.3 25471.95 5025.86 19.73
1804.9 25318.13 4992.75 19.72
1808.4 25235.40 4959.00 19.65
1812.0 25102.89 4922.30 19.61
1815.5 24947.72 4881.68 19.57
1819.1 24745.29 4839.93 19.56
1822.6 24588.72 4799.42 19.52
1826.2 24468.62 4759.26 19.45
1829.7 24298.19 4701.13 19.35
1833.2 24066.25 4624.33 19.21
1836.8 23846.10 4554.55 19.10
1840.3 23701.28 4507.02 19.02
1843.8 23605.26 4459.00 18.89
1847.3 23552.23 4419.94 18.77
1850.8 23482.37 4354.56 18.54
1854.3 23328.90 4253.18 18.23
1857.8 23249.20 4108.00 17.67
1861.3 23245.10 3886.07 16.72
1864.8 23154.55 3614.76 15.61
1868.3 22923.75 3261.18 14.23
1871.8 22725.12 2895.36 12.74
1875.3 22663.55 2552.55 11.26
1878.8 22668.35 2258.33 9.96
1882.3 22613.87 2013.08 8.90
1885.8 22446.65 1742.73 7.76
1889.3 22245.45 1518.06 6.82
1892.7 22073.02 1372.37 6.22
1896.2 21956.57 1283.05 5.84
1899.7 21800.31 1256.03 5.76
1903.1 21719.54 1293.60 5.96
1906.6 21807.87 1444.23 6.62
1910.0 22098.88 1751.23 7.92
1913.5 22634.73 2115.92 9.35
1917.0 23151.98 2584.75 11.16
1920.4 23436.08 3050.85 13.02
1923.8 23677.97 3359.35 14.19
1871.2 20787.15 2060.40 9.91
1873.9 20907.54 1889.95 9.04
1876.7 21048.38 1717.42 8.16
1879.5 21252.88 1522.79 7.17
1882.3 20993.42 1272.06 6.06
1885.1 20851.78 1111.98 5.33
1887.8 20921.79 981.35 4.69
1890.6 20723.54 818.65 3.95
1893.4 20650.67 696.67 3.37
1896.2 20581.86 570.76 2.77
1898.9 20516.13 501.02 2.44
1901.7 20380.18 458.51 2.25
1904.5 20546.36 444.36 2.16
1907.2 20463.00 427.50 2.09
1910.0 20358.58 384.78 1.89
1912.7 20364.96 388.32 1.91
1915.5 20273.08 387.62 1.91
1918.2 20210.43 375.73 1.86
1921.0 20079.87 371.34 1.85
1923.7 20126.73 353.51 1.76
1926.5 20096.89 328.92 1.64
1929.2 20080.15 343.11 1.71
1932.0 20066.00 363.40 1.81
1934.7 20016.92 365.82 1.83
1937.4 19925.11 372.20 1.87
1940.2 19881.39 374.95 1.89
1942.9 19959.98 368.45 1.85
1945.6 19965.22 377.50 1.89
1948.3 19894.11 385.07 1.94
1951.1 19862.99 379.26 1.91
1953.8 19866.00 390.00 1.96
1956.5 19752.03 398.34 2.02
1959.2 19805.76 421.59 2.13
1961.9 19837.86 444.02 2.24
1964.6 19745.08 428.40 2.17
1967.3 19784.70 445.00 2.25
1970.0 19621.84 455.84 2.32
1972.8 19538.55 447.13 2.29
1975.5 19602.81 471.19 2.40
1978.2 19540.64 499.32 2.56
1980.9 19419.73 510.13 2.63
1983.5 19352.05 517.68 2.68
1986.2 19366.05 529.62 2.73
1988.9 19348.59 544.17 2.81
1991.6 19202.00 564.85 2.94
1994.3 19065.89 574.78 3.01
1997.0 19096.32 579.55 3.03
1999.7 19065.00 603.05 3.16
2002.3 19034.90 632.87 3.32
2005.0 18965.86 650.13 3.43
2007.7 18877.00 676.53 3.58
2010.4 18811.60 685.20 3.64
2013.0 18774.16 702.72 3.74
2015.7 18678.28 721.78 3.86
2018.4 18548.96 737.53 3.98
2021.0 18504.50 762.17 4.12
2023.7 18401.60 785.81 4.27
2026.4 18333.68 797.12 4.35
2029.0 18267.40 795.70 4.36
2031.7 18144.97 805.57 4.44
2034.3 18142.15 816.83 4.50
2037.0 18035.71 850.13 4.71
2039.6 17974.39 889.01 4.95
2042.3 17908.74 901.48 5.03
2044.9 17825.78 897.60 5.04
2047.5 17820.17 906.02 5.08
2050.2 17715.60 935.20 5.28
2052.8 17679.20 946.40 5.35
2055.4 17538.43 958.17 5.46
2058.1 17416.00 966.00 5.55
2060.7 17404.47 983.84 5.65
2063.3 17299.63 978.12 5.65
2065.9 17230.17 1005.00 5.83
2068.6 17165.96 1030.13 6.00
2071.2 17119.44 1029.51 6.01
2073.8 17041.85 1057.77 6.21
2076.4 16999.98 1077.76 6.34
2079.0 17011.74 1087.47 6.39
2081.6 16984.09 1102.83 6.49
2084.2 16930.00 1100.45 6.50
2086.8 16834.24 1100.22 6.54
2089.4 16742.01 1123.32 6.71
2092.1 16637.33 1139.00 6.85
2094.7 16574.28 1155.43 6.97
2097.2 16549.50 1153.17 6.97
2099.8 16541.98 1155.75 6.99
2102.4 16400.35 1165.77 7.11
2105.0 16267.80 1179.90 7.25
2107.6 16238.35 1184.91 7.30
2110.2 16217.39 1182.13 7.29
2112.8 16200.74 1216.92 7.51
2115.3 16182.65 1209.51 7.47
2117.9 16188.40 1210.00 7.47
2120.5 16181.17 1227.22 7.58
2123.1 16113.83 1228.50 7.62
2125.6 16056.05 1247.47 7.77
2128.2 15953.26 1237.98 7.76
2130.8 15859.35 1222.65 7.71
2133.3 15825.33 1243.73 7.86
2135.9 15723.21 1256.09 7.99
2138.4 15584.92 1246.44 8.00
2141.0 15487.96 1254.67 8.10
2143.6 15482.13 1257.69 8.12
2146.1 15358.67 1228.22 8.00
2148.7 15182.57 1236.34 8.14
2151.2 15188.80 1290.67 8.50
2153.8 15199.37 1292.12 8.50
2156.3 15064.95 1287.65 8.55
2158.8 14994.07 1302.42 8.69
2161.4 14983.43 1300.22 8.68
2163.9 14894.98 1314.96 8.83
2166.4 14806.99 1321.63 8.93
2169.0 14777.42 1318.67 8.92
2171.5 14688.72 1315.72 8.96
2174.0 14586.43 1338.75 9.18
2176.5 14576.25 1321.58 9.07
2179.1 14537.32 1316.10 9.05
2181.6 14435.75 1356.58 9.40
2184.1 14405.16 1349.04 9.36
2186.6 14458.30 1340.07 9.27
2189.1 14358.33 1351.41 9.41
2191.6 14308.00 1329.53 9.29
2194.1 14339.64 1338.63 9.34
2196.6 14340.73 1379.05 9.62
2199.2 14399.84 1370.92 9.52
2201.7 14323.09 1371.78 9.58
2204.1 14264.18 1385.37 9.71
2206.6 14278.44 1380.10 9.67
2209.1 14246.74 1389.10 9.75
2211.6 14236.93 1385.63 9.73
2214.1 14172.61 1383.81 9.76
2216.6 14103.21 1401.59 9.94
2219.1 14137.40 1393.99 9.86
2221.6 14080.86 1381.82 9.81
2224.0 14024.61 1352.55 9.64
2226.5 13983.38 1335.56 9.55
2229.0 13981.89 1347.56 9.64
2231.5 13918.22 1321.35 9.49
2233.9 13896.33 1304.59 9.39
2236.4 13868.98 1300.82 9.38
2238.9 13826.00 1282.63 9.28
2241.3 13828.76 1294.26 9.36
2243.8 13758.80 1239.85 9.01
2246.2 13610.98 1221.15 8.97
2248.7 13571.61 1234.13 9.09
2251.2 13563.12 1172.22 8.64
2253.6 13482.24 1167.36 8.66
2256.1 13474.56 1186.56 8.81
2258.5 13495.78 1171.71 8.68
2260.9 13407.16 1131.33 8.44
2263.4 13372.75 1113.12 8.32
2265.8 13367.17 1100.15 8.23
2268.3 13288.30 1039.05 7.82
2270.7 13342.05 1047.87 7.85
2273.1 13272.94 1058.46 7.97
2275.6 13194.24 1017.60 7.71
2278.0 13232.60 1037.70 7.84
2280.4 13249.81 1000.57 7.55
2282.8 13117.21 956.30 7.29
2285.3 13103.68 960.42 7.33
2287.7 13191.09 917.68 6.96
2290.1 13097.39 889.50 6.79
2292.5 13047.88 873.03 6.69
2294.9 13056.31 845.66 6.48
2297.3 12972.40 830.55 6.40
2299.7 12875.52 837.05 6.50
2302.1 12826.01 813.17 6.34
2304.5 12696.88 776.16 6.11
2306.9 12602.80 764.40 6.07
2309.3 12519.08 752.32 6.01
2311.7 12473.65 773.23 6.20
2314.1 12315.17 752.22 6.11
2316.5 12229.76 736.78 6.02
2318.9 12290.12 772.57 6.29
2321.3 12265.32 748.76 6.10
2323.7 12235.57 702.83 5.74
2326.1 12214.93 701.22 5.74
2328.4 12270.09 716.03 5.84
2330.8 12319.08 711.66 5.78
2333.2 12235.57 683.64 5.59
2335.6 12168.54 668.42 5.49
2337.9 12202.83 646.87 5.30
2340.3 12141.58 638.15 5.26
2342.7 12039.09 643.21 5.34
2345.0 12013.82 620.01 5.16
2347.4 11993.50 595.00 4.96
2349.7 11798.34 572.40 4.85
2352.1 11775.76 578.93 4.92
2354.4 11820.42 580.28 4.91
2356.8 11728.38 578.43 4.93
2359.2 11704.33 563.33 4.81
2361.5 11645.74 554.14 4.76
2363.8 11633.53 557.74 4.79
2366.2 11660.03 547.25 4.69
2368.5 11627.85 516.20 4.44
2370.9 11603.83 496.54 4.28
2373.2 11533.95 481.14 4.17
2375.5 11398.48 493.23 4.33
2377.9 11373.04 487.74 4.29
2380.2 11408.35 430.68 3.78
2382.5 11308.30 454.91 4.02
2384.8 11261.28 450.08 4.00
2387.2 11252.00 421.95 3.75
2389.5 11242.29 429.67 3.82
2391.8 11232.13 423.05 3.77
2394.1 11132.13 407.86 3.66
2396.4 11089.46 396.74 3.58
2398.7 11160.99 418.96 3.75
2401.0 11096.58 405.49 3.65
2403.3 10926.12 418.32 3.83
2405.6 10921.36 414.86 3.80
2407.9 10891.74 380.76 3.50
2410.2 10793.71 386.03 3.58
2412.5 10752.81 370.96 3.45
2414.8 10737.29 369.72 3.44
2417.1 10694.97 345.83 3.23
2419.4 10638.82 317.81 2.99
2421.7 10597.44 352.20 3.32
2424.0 10571.95 343.42 3.25
2426.2 10576.95 304.95 2.88
2428.5 10508.39 286.64 2.73
2430.8 10485.80 310.65 2.96
2433.1 10443.79 287.65 2.75
2435.4 10361.94 262.97 2.54
2437.6 10328.37 279.75 2.71
2439.9 10224.92 269.52 2.64
2442.2 10193.49 278.73 2.73
2444.4 10223.13 269.94 2.64
2446.7 10173.28 292.00 2.87
2448.9 10197.11 254.63 2.50
2451.2 10173.72 208.60 2.05
2453.4 10028.37 216.96 2.16
2455.7 9998.26 218.94 2.19
2457.9 9908.42 244.20 2.46
2460.2 9870.17 246.60 2.50
2462.4 9896.64 212.16 2.14
2464.7 9834.69 145.09 1.48
2466.9 9751.98 173.34 1.78
2469.2 9722.50 213.90 2.20
2471.4 9624.29 177.26 1.84
2473.6 9553.77 167.38 1.75
2475.9 9536.85 203.20 2.13
2478.1 9427.70 225.45 2.39
2480.3 9377.37 194.93 2.08
2482.5 9321.43 142.97 1.53
2484.8 9240.44 167.48 1.81
2487.0 9258.33 170.35 1.84
2489.2 9302.30 113.08 1.22
2491.4 9183.58 207.50 2.26
2493.6 9147.34 242.99 2.66
2495.8 9177.35 158.37 1.73
2498.0 9103.79 145.92 1.60
2500.2 9132.70 185.35 2.03
2502.4 9403.92 222.00 2.36
2504.6 9512.07 169.02 1.78
2506.8 9585.80 107.16 1.12
