/*** Spectra Vista SIG Data ***/
name= \My Documents\HR1024_Data\AMB1.
instrument= HR: 1091052
integration= 200, 60, 30, 500, 60, 30
scan time= 1, 1
scan settings= AD, AI, AD, AI
external data set1= 8224, 8224, 8224, 8224, 8224, 8224, 8224, 8224, 8224, 8224, 8224, 8224, 8224, 8224, 8224, 8224
external data set2= 8224, 8224, 8224, 8224, 8224, 8224, 8224, 8224, 8224, 8224, 8224, 8224, 8224, 8224, 8224, 8224
external data dark= 0,0,0,0,0,0,0,0
external data mask= 0
optic= LENS4 , LENS4 
temp= 33.31, 8.94, -5.30, 41.04, 8.88, -5.30
battery= 7.5, 7.0
error= 0, 0
units= Radiance, Radiance
time= 1/1/08 1:10:44 PM, 1/1/08 1:30:11 PM
longitude= , 
latitude= , 
gpstime= , 
comm= 
memory slot= 0, 0
factors= 
data= 
346.4 509.60 113.39 22.25
347.9 536.51 114.21 21.29
349.5 577.20 107.33 18.59
351.1 620.88 119.81 19.30
352.6 679.94 129.03 18.98
354.2 723.22 126.97 17.56
355.7 777.89 132.01 16.97
357.3 842.60 137.31 16.30
358.8 838.80 139.80 16.67
360.4 904.00 140.70 15.56
361.9 943.76 133.73 14.17
363.5 997.20 145.43 14.58
365.1 1040.25 141.47 13.60
366.6 1087.54 145.01 13.33
368.2 1161.70 155.79 13.41
369.7 1204.79 144.97 12.03
371.3 1287.37 143.55 11.15
372.8 1354.56 158.03 11.67
374.4 1435.13 154.86 10.79
375.9 1463.02 165.50 11.31
377.4 1512.41 165.23 10.92
379.0 1578.52 166.76 10.56
380.5 1618.77 158.80 9.81
382.1 1669.58 167.84 10.05
383.6 1726.52 166.70 9.66
385.2 1809.50 167.20 9.24
386.7 1900.67 165.70 8.72
388.3 1991.93 169.57 8.51
389.8 2077.97 180.07 8.67
391.3 2163.95 186.04 8.60
392.9 2236.17 184.36 8.24
394.4 2293.88 202.98 8.85
395.9 2364.42 213.52 9.03
397.5 2493.56 228.68 9.17
399.0 2617.23 234.84 8.97
400.6 2691.33 227.53 8.45
402.1 2739.96 227.04 8.29
403.6 2797.88 226.32 8.09
405.1 2865.39 230.33 8.04
406.7 2979.20 238.34 8.00
408.2 3089.54 253.94 8.22
409.7 3183.04 262.53 8.25
411.3 3295.62 279.99 8.50
412.8 3391.47 291.04 8.58
414.3 3507.27 297.62 8.49
415.8 3622.50 313.00 8.64
417.4 3739.34 328.90 8.80
418.9 3830.42 335.98 8.77
420.4 3913.23 351.94 8.99
421.9 3978.48 348.48 8.76
423.5 4044.22 359.59 8.89
425.0 4110.68 367.69 8.94
426.5 4198.95 372.38 8.87
428.0 4314.36 376.84 8.73
429.5 4445.73 389.47 8.76
431.1 4599.50 400.16 8.70
432.6 4769.72 417.57 8.75
434.1 4937.63 424.27 8.59
435.6 5085.18 436.54 8.58
437.1 5233.80 456.30 8.72
438.6 5364.45 469.24 8.75
440.1 5501.44 486.11 8.84
441.6 5653.06 503.03 8.90
443.1 5799.60 524.07 9.04
444.7 5941.01 540.05 9.09
446.2 6051.88 565.82 9.35
447.7 6161.82 580.80 9.43
449.2 6292.08 607.39 9.65
450.7 6396.00 624.00 9.76
452.2 6529.70 646.09 9.89
453.7 6647.26 666.78 10.03
455.2 6815.62 684.97 10.05
456.7 7013.60 717.38 10.23
458.2 7232.90 746.53 10.32
459.7 7456.75 767.20 10.29
461.2 7667.16 794.25 10.36
462.7 7858.10 814.09 10.36
464.2 8041.02 835.21 10.39
465.7 8240.35 859.90 10.44
467.2 8402.63 881.65 10.49
468.7 8584.00 900.00 10.48
470.2 8698.25 914.38 10.51
471.7 8877.75 942.40 10.62
473.2 9159.71 969.15 10.58
474.6 9386.40 985.72 10.50
476.1 9450.96 990.46 10.48
477.6 9499.75 1001.46 10.54
479.1 9557.87 1010.69 10.57
480.6 9632.82 1020.12 10.59
482.1 9760.73 1032.83 10.58
483.6 9935.74 1061.42 10.68
485.1 10133.78 1086.35 10.72
486.6 10366.07 1126.23 10.86
488.0 10621.00 1158.30 10.91
489.5 10873.80 1206.08 11.09
491.0 11134.31 1255.17 11.27
492.5 11404.80 1309.61 11.48
494.0 11683.71 1371.44 11.74
495.4 11917.95 1438.80 12.07
496.9 12154.26 1507.01 12.40
498.4 12387.41 1586.89 12.81
499.9 12623.63 1676.28 13.28
501.4 12839.71 1761.05 13.72
502.8 13042.06 1859.71 14.26
504.3 13226.40 1965.60 14.86
505.8 13406.54 2070.92 15.45
507.2 13518.16 2184.48 16.16
508.7 13603.31 2291.71 16.85
510.2 13672.60 2403.58 17.58
511.6 13715.26 2518.36 18.36
513.1 13806.21 2641.19 19.13
514.6 13898.29 2775.99 19.97
516.0 13992.63 2909.04 20.79
517.5 14151.40 3061.41 21.63
519.0 14339.95 3218.29 22.44
520.5 14520.56 3380.37 23.28
521.9 14760.83 3548.79 24.04
523.4 15031.28 3724.64 24.78
524.8 15295.25 3900.37 25.50
526.3 15594.01 4077.97 26.15
527.8 15909.50 4251.27 26.72
529.2 16189.50 4407.29 27.22
530.7 16509.28 4568.63 27.67
532.1 16791.25 4716.85 28.09
533.6 17121.20 4859.23 28.38
535.0 17454.94 5004.85 28.67
536.5 17789.22 5135.55 28.87
538.0 18136.88 5269.76 29.06
539.4 18461.69 5388.18 29.19
540.9 18864.39 5518.69 29.25
542.3 19206.33 5637.76 29.35
543.8 19460.81 5739.38 29.49
545.2 19544.37 5775.25 29.55
546.6 19566.05 5798.69 29.64
548.1 19604.97 5824.57 29.71
549.5 19640.65 5841.45 29.74
551.0 19664.79 5861.75 29.81
552.4 19724.92 5875.01 29.78
553.9 19761.60 5879.79 29.75
555.3 19812.20 5882.76 29.69
556.8 19934.49 5895.77 29.58
558.2 20047.50 5902.88 29.44
559.6 20200.16 5902.73 29.22
561.1 20397.00 5913.05 28.99
562.5 20617.77 5926.69 28.75
564.0 20901.40 5951.36 28.47
565.4 21161.13 5954.11 28.14
566.8 21482.31 5971.65 27.80
568.3 21793.28 5973.61 27.41
569.7 22118.60 5976.15 27.02
571.1 22425.71 5974.01 26.64
572.6 22741.56 5952.53 26.17
574.0 23030.70 5937.36 25.78
575.4 23309.44 5922.45 25.41
576.9 23581.06 5905.05 25.04
578.3 23822.01 5882.31 24.69
579.7 24048.22 5870.70 24.41
581.1 24227.75 5846.20 24.13
582.6 24429.78 5823.99 23.84
584.0 24600.48 5803.71 23.59
585.4 24853.74 5809.85 23.38
586.8 25196.68 5828.30 23.13
588.3 25573.86 5855.62 22.90
589.7 25896.78 5886.50 22.73
591.1 26104.75 5886.89 22.55
592.5 26211.06 5871.64 22.40
594.0 26269.26 5857.25 22.30
595.4 26286.44 5830.19 22.18
596.8 26295.56 5799.22 22.05
598.2 26315.92 5771.27 21.93
599.6 26317.98 5741.35 21.82
601.0 26398.05 5728.09 21.70
602.4 26470.93 5706.17 21.56
603.9 26597.64 5694.21 21.41
605.3 26727.57 5672.06 21.22
606.7 26857.80 5640.48 21.00
608.1 27088.39 5622.72 20.76
609.5 27333.21 5606.04 20.51
610.9 27623.29 5604.74 20.29
612.3 27891.32 5582.91 20.02
613.7 28252.28 5582.56 19.76
615.1 28513.62 5552.06 19.47
616.5 28776.05 5529.55 19.22
617.9 29165.50 5534.39 18.98
619.3 29543.24 5546.88 18.78
620.7 29990.55 5581.44 18.61
622.1 30437.05 5611.27 18.44
623.5 30934.60 5648.49 18.26
624.9 31494.75 5714.63 18.14
626.3 31867.36 5749.35 18.04
627.7 31569.69 5678.85 17.99
629.1 31287.59 5609.94 17.93
630.5 31184.65 5582.87 17.90
631.9 31222.21 5573.37 17.85
633.3 31256.33 5563.80 17.80
634.7 31400.48 5557.65 17.70
636.1 31461.82 5499.21 17.48
637.5 31554.77 5388.77 17.08
638.9 31702.82 5344.49 16.86
640.2 31825.04 5289.71 16.62
641.6 31863.78 5218.20 16.38
643.0 31847.61 5131.79 16.11
644.4 31829.55 5051.53 15.87
645.8 31751.71 4950.62 15.59
647.2 31867.94 4880.72 15.32
648.5 31926.34 4806.92 15.06
649.9 31776.23 4712.06 14.83
651.3 31648.05 4626.72 14.62
652.7 31449.15 4536.96 14.43
654.1 31244.46 4399.46 14.08
655.5 31005.95 4266.49 13.76
656.8 30780.41 4134.69 13.43
658.2 30925.42 4049.55 13.09
659.6 31264.45 3981.76 12.74
660.9 31536.04 3911.03 12.40
662.3 31822.64 3839.18 12.06
663.7 32096.40 3766.56 11.74
665.0 32332.90 3686.86 11.40
666.4 32562.99 3613.75 11.10
667.8 32863.56 3567.48 10.86
669.1 33114.69 3532.12 10.67
670.5 33405.09 3509.02 10.50
671.9 33586.56 3497.38 10.41
673.2 33844.75 3503.49 10.35
674.6 34082.18 3523.91 10.34
676.0 34372.41 3566.36 10.38
677.3 34659.68 3631.05 10.48
678.7 34979.63 3713.65 10.62
680.0 35399.92 3843.31 10.86
681.4 35845.89 3997.71 11.15
682.8 36270.33 4205.11 11.59
684.1 36705.24 4469.40 12.18
685.5 37104.21 4775.21 12.87
686.8 37507.62 5170.92 13.79
688.2 37862.83 5602.60 14.80
689.5 38000.96 6075.10 15.99
690.9 38124.79 6593.21 17.29
692.2 38229.60 7151.22 18.71
693.6 38334.37 7746.16 20.21
694.9 38335.34 8341.29 21.76
696.2 38393.33 8973.45 23.37
697.6 38453.39 9592.06 24.94
698.9 38522.88 10230.53 26.56
700.3 38613.54 10855.15 28.11
701.6 38716.02 11466.17 29.62
703.0 38828.83 12075.46 31.10
704.3 38882.19 12631.26 32.49
705.6 38895.39 13165.45 33.85
707.0 38949.12 13689.67 35.15
708.3 38885.46 14161.27 36.42
709.6 38817.35 14599.02 37.61
711.0 38702.88 15033.78 38.84
712.3 38573.15 15409.46 39.95
713.6 38531.64 15825.43 41.07
714.9 38462.14 16191.84 42.10
716.3 38461.08 16584.21 43.12
717.6 38479.84 16973.99 44.11
718.9 38424.85 17301.14 45.03
720.2 38251.08 17560.34 45.91
721.6 38113.53 17818.01 46.75
722.9 37945.16 18043.23 47.55
724.2 37714.27 18226.91 48.33
725.5 37534.96 18426.51 49.09
726.8 37360.68 18594.80 49.77
728.1 37271.09 18786.89 50.41
729.5 37167.13 18952.42 50.99
730.8 37093.13 19125.27 51.56
732.1 36996.92 19263.76 52.07
733.4 36936.39 19417.50 52.57
734.7 36864.47 19538.11 53.00
736.0 36851.62 19680.49 53.40
737.3 36774.45 19774.92 53.77
738.6 36845.76 19937.92 54.11
739.9 37000.34 20132.36 54.41
741.2 37119.81 20301.37 54.69
742.5 37372.03 20524.88 54.92
743.8 37768.50 20837.36 55.17
745.1 38387.22 21264.42 55.39
746.4 39127.73 21743.36 55.57
747.7 39918.22 22219.03 55.66
749.0 40672.12 22693.36 55.80
750.3 41122.66 22967.60 55.85
751.6 41047.35 22951.31 55.91
752.9 40630.59 22765.58 56.03
754.2 40176.47 22550.64 56.13
755.4 39652.21 22308.22 56.26
756.7 39478.17 22236.78 56.33
758.0 39495.60 22279.66 56.41
759.3 39730.28 22467.69 56.55
760.6 40061.56 22681.12 56.62
761.9 40384.10 22884.94 56.67
763.1 40567.56 23013.12 56.73
764.4 40796.65 23152.79 56.75
765.7 40953.25 23249.20 56.77
767.0 41079.80 23338.11 56.81
768.2 41207.04 23424.58 56.85
769.5 41279.98 23454.99 56.82
770.8 41469.61 23593.24 56.89
772.0 41501.32 23615.37 56.90
773.3 41583.65 23663.76 56.91
774.6 41708.58 23730.23 56.90
775.8 41815.15 23786.95 56.89
777.1 41846.51 23802.13 56.88
778.4 41799.94 23774.30 56.88
779.6 41775.90 23767.07 56.89
780.9 41704.00 23739.20 56.92
782.1 41523.21 23643.31 56.94
783.4 41558.40 23655.42 56.92
784.6 41567.36 23666.69 56.94
785.9 41861.56 23830.67 56.93
787.1 42409.87 24170.19 56.99
788.4 42854.47 24434.49 57.02
789.6 42849.18 24386.53 56.91
790.9 42483.96 24125.69 56.79
792.1 42011.92 23849.54 56.77
793.4 41570.15 23636.61 56.86
794.6 41283.15 23446.38 56.79
795.8 41024.39 23301.07 56.80
797.1 40758.68 23156.82 56.81
798.3 40551.64 23070.47 56.89
799.5 40444.72 22994.20 56.85
800.8 40323.21 22945.29 56.90
802.0 40187.32 22860.35 56.88
803.2 40033.64 22778.99 56.90
804.5 39942.72 22728.28 56.90
805.7 39829.66 22659.53 56.89
806.9 39715.93 22588.80 56.88
808.1 39632.97 22539.47 56.87
809.4 39553.39 22520.52 56.94
810.6 39489.45 22473.36 56.91
811.8 39474.39 22478.41 56.94
813.0 39504.71 22501.19 56.96
814.2 39525.61 22532.06 57.01
815.4 39644.33 22606.58 57.02
816.6 39709.73 22635.78 57.00
817.9 39791.57 22673.51 56.98
819.1 39719.87 22636.49 56.99
820.3 39621.11 22552.90 56.92
821.5 39546.25 22512.52 56.93
822.7 39480.04 22482.05 56.95
823.9 39499.25 22499.33 56.96
825.1 39541.96 22499.88 56.90
826.3 39583.35 22554.42 56.98
827.5 39640.56 22584.70 56.97
828.7 39708.48 22604.83 56.93
829.9 39767.03 22666.80 57.00
831.0 39870.82 22706.65 56.95
832.2 39993.87 22787.08 56.98
833.4 40076.64 22836.33 56.98
834.6 40148.44 22893.75 57.02
835.8 40238.10 22935.15 57.00
837.0 40328.28 23002.23 57.04
838.1 40500.72 23102.80 57.04
839.3 40601.19 23167.56 57.06
840.5 40716.87 23230.16 57.05
841.7 40854.11 23322.65 57.09
842.9 40980.73 23408.57 57.12
844.0 41100.82 23490.30 57.15
845.2 41245.09 23572.53 57.15
846.4 41368.25 23666.94 57.21
847.5 41564.18 23806.54 57.28
848.7 41743.64 23896.85 57.25
849.9 41936.76 24005.10 57.24
851.0 42020.98 24049.25 57.23
852.2 42107.61 24073.61 57.17
853.3 42066.96 24067.13 57.21
854.5 42098.11 24048.20 57.12
855.6 42095.43 24062.11 57.16
856.8 42111.00 24081.49 57.19
857.9 42111.88 24076.20 57.17
859.1 42240.60 24147.76 57.17
860.2 42245.56 24170.46 57.21
861.4 42273.83 24191.41 57.23
862.5 42309.54 24189.80 57.17
863.7 42384.63 24232.52 57.17
864.8 42387.10 24243.24 57.19
865.9 42333.82 24223.53 57.22
867.1 42372.33 24242.89 57.21
868.2 42368.54 24247.54 57.23
869.3 42393.50 24229.69 57.15
870.5 42342.80 24198.34 57.15
871.6 42318.48 24196.51 57.18
872.7 42385.23 24233.18 57.17
873.9 42404.90 24254.02 57.20
875.0 42391.36 24222.34 57.14
876.1 42363.75 24216.66 57.16
877.2 42397.32 24246.29 57.19
878.3 42381.77 24210.41 57.12
879.4 42397.70 24235.61 57.16
880.5 42451.56 24230.59 57.08
881.7 42410.55 24217.70 57.10
882.8 42454.72 24235.72 57.09
883.9 42482.63 24258.28 57.10
885.0 42446.04 24221.93 57.07
886.1 42420.10 24197.62 57.04
887.2 42295.80 24102.32 56.99
888.3 42201.80 24056.74 57.00
889.4 42117.30 23958.54 56.89
890.5 42026.34 23928.09 56.94
891.6 41981.69 23877.14 56.88
892.7 41962.31 23878.16 56.90
893.8 41981.79 23879.01 56.88
894.9 41952.35 23873.12 56.91
896.0 41968.71 23890.87 56.93
897.0 41952.48 23882.63 56.93
898.1 41951.64 23891.17 56.95
899.2 41983.30 23861.83 56.84
900.3 41907.57 23805.53 56.80
901.4 41820.39 23776.16 56.85
902.4 41828.99 23781.06 56.85
903.5 41775.96 23768.75 56.90
904.6 41798.96 23731.27 56.77
905.7 41805.42 23776.41 56.87
906.7 41815.90 23740.64 56.77
907.8 41839.20 23790.23 56.86
908.9 41746.38 23726.25 56.83
909.9 41734.69 23715.07 56.82
911.0 41681.88 23671.38 56.79
912.1 41602.05 23623.67 56.78
913.1 41535.52 23597.39 56.81
914.2 41457.24 23532.15 56.76
915.2 41368.59 23544.43 56.91
916.3 41436.15 23529.06 56.78
917.3 41410.15 23486.29 56.72
918.4 41310.50 23451.34 56.77
919.4 41328.17 23446.28 56.73
920.5 41309.67 23449.10 56.76
921.5 41323.66 23454.98 56.76
922.6 41255.80 23386.36 56.69
923.6 41303.54 23426.27 56.72
924.7 41344.50 23426.40 56.66
925.7 41333.16 23401.13 56.62
926.7 41356.90 23401.20 56.58
927.8 41415.30 23428.41 56.57
928.8 41570.85 23499.00 56.53
929.9 41658.93 23555.10 56.54
930.9 41879.39 23620.52 56.40
931.9 42070.56 23724.66 56.39
932.9 42412.10 23911.77 56.38
934.0 42452.50 23950.57 56.42
935.0 42440.57 23946.75 56.42
936.0 42488.02 23955.33 56.38
937.0 42429.47 23927.98 56.39
938.1 42380.86 23885.22 56.36
939.1 42337.65 23914.83 56.49
940.1 42429.30 23920.66 56.38
941.1 42615.86 24019.40 56.36
942.1 42903.92 24110.18 56.20
943.1 43057.09 24218.50 56.25
944.1 43342.63 24357.25 56.20
945.2 43356.60 24404.69 56.29
946.2 43482.48 24406.13 56.13
947.2 43549.00 24465.55 56.18
948.2 43743.16 24491.82 55.99
949.2 43840.88 24542.05 55.98
950.2 43906.25 24604.36 56.04
951.2 44010.96 24601.58 55.90
952.2 44061.91 24615.40 55.87
953.2 44318.14 24760.19 55.87
954.2 44380.80 24813.45 55.91
955.2 44428.35 24739.77 55.68
956.2 44460.20 24766.21 55.70
957.2 44542.35 24803.22 55.68
958.2 44649.94 24833.06 55.62
959.2 44705.25 24875.10 55.64
960.1 44813.66 24937.70 55.65
961.1 44928.76 24962.36 55.56
962.1 44958.75 24951.75 55.50
963.1 44986.01 24955.74 55.47
964.1 45106.16 25027.85 55.49
965.1 45270.70 25090.71 55.42
966.1 45207.41 25149.32 55.63
967.0 45355.66 25166.12 55.49
968.0 45441.48 25152.88 55.35
969.0 45453.60 25269.12 55.59
970.0 45557.64 25295.09 55.52
971.0 45615.57 25273.12 55.40
971.9 45699.86 25317.96 55.40
972.9 45781.93 25374.30 55.42
973.9 45829.88 25397.71 55.42
974.9 45973.78 25402.73 55.25
975.8 45979.65 25510.19 55.48
976.8 46106.16 25425.88 55.15
977.8 46097.80 25447.77 55.20
978.8 46103.70 25510.26 55.33
979.7 46387.55 25478.32 54.92
980.7 46405.76 25688.19 55.36
981.7 46694.84 25669.12 54.97
982.6 46857.76 25867.79 55.20
983.6 47433.79 26198.46 55.23
984.6 47818.98 26155.53 54.70
985.5 48063.24 26623.87 55.39
986.5 48770.77 26717.21 54.78
987.5 50043.63 27166.54 54.29
988.4 50895.90 28126.12 55.26
989.4 52431.75 28462.95 54.29
990.4 53425.02 28843.67 53.99
991.3 55387.31 29380.84 53.05
992.3 55950.90 30283.91 54.13
993.2 58118.31 30786.99 52.97
994.2 59457.94 31171.14 52.43
995.2 60710.63 31558.34 51.98
996.1 61737.77 33008.31 53.47
997.1 61885.85 32441.21 52.42
998.0 61668.00 31930.32 51.78
999.0 61787.86 31652.73 51.23
1000.0 62252.49 32401.30 52.05
1000.9 62564.91 31479.20 50.31
1001.9 61626.12 31948.28 51.84
1002.8 61885.09 31611.57 51.08
1003.8 61970.58 30548.88 49.30
1004.8 62064.96 30484.85 49.12
961.5 55881.62 28037.49 50.17
965.5 54589.44 27721.20 50.78
969.5 52393.79 27002.46 51.54
973.4 50126.74 26100.16 52.07
977.4 48345.52 25398.38 52.54
981.4 47464.01 25176.40 53.04
985.3 47176.98 25227.49 53.47
989.3 47304.75 25361.18 53.61
993.3 47508.66 25533.86 53.75
997.2 47541.75 25597.71 53.84
1001.2 47520.33 25610.13 53.89
1005.2 47455.76 25593.23 53.93
1009.1 47529.68 25636.54 53.94
1013.1 47663.39 25790.63 54.11
1017.1 47785.75 25916.22 54.23
1021.0 47816.50 25943.59 54.26
1025.0 47819.30 25966.28 54.30
1029.0 47652.00 25899.95 54.35
1032.9 47495.63 25834.51 54.39
1036.9 47497.16 25866.14 54.46
1040.9 47608.97 25958.77 54.52
1044.8 47827.54 26098.64 54.57
1048.8 48004.98 26215.34 54.61
1052.7 48133.54 26299.82 54.64
1056.7 48188.20 26341.81 54.66
1060.7 48194.60 26362.50 54.70
1064.6 48198.22 26373.13 54.72
1068.6 48113.17 26332.09 54.73
1072.5 48026.55 26281.38 54.72
1076.5 47975.49 26270.83 54.76
1080.4 47966.69 26263.15 54.75
1084.4 48069.59 26285.66 54.68
1088.3 48170.15 26335.82 54.67
1092.3 48152.58 26302.67 54.62
1096.2 48142.77 26280.88 54.59
1100.2 48183.64 26294.77 54.57
1104.1 48079.94 26217.98 54.53
1108.1 48035.13 26159.82 54.46
1112.0 47943.86 26068.55 54.37
1116.0 47742.57 25911.28 54.27
1119.9 47581.47 25771.51 54.16
1123.9 47666.30 25741.97 54.00
1127.8 47639.04 25655.04 53.85
1131.8 47617.38 25534.62 53.62
1135.7 47659.94 25401.93 53.30
1139.6 47675.62 25225.31 52.91
1143.6 47638.82 24996.91 52.47
1147.5 47616.88 24767.67 52.01
1151.4 47500.80 24503.73 51.59
1155.4 47513.75 24386.45 51.33
1159.3 47522.52 24324.84 51.19
1163.2 47363.89 24194.74 51.08
1167.2 47347.50 24160.50 51.03
1171.1 47369.57 24145.82 50.97
1175.0 47314.40 24085.12 50.90
1179.0 47268.08 24050.56 50.88
1182.9 47358.68 24074.55 50.83
1186.8 47350.70 24046.50 50.78
1190.7 47139.70 23917.95 50.74
1194.7 46883.87 23768.77 50.70
1198.6 46652.76 23652.09 50.70
1202.5 46480.48 23580.46 50.73
1206.4 46340.80 23519.36 50.75
1210.3 46236.01 23474.56 50.77
1214.2 46114.66 23437.91 50.83
1218.2 45952.68 23376.52 50.87
1222.1 45800.88 23318.00 50.91
1226.0 45686.61 23294.95 50.99
1229.9 45598.02 23283.96 51.06
1233.8 45484.04 23244.54 51.10
1237.7 45416.66 23222.15 51.13
1241.6 45332.53 23187.65 51.15
1245.5 45166.97 23122.73 51.19
1249.4 45023.84 23058.51 51.21
1253.3 44894.25 22991.94 51.21
1257.2 44816.00 22949.51 51.21
1261.1 44716.86 22893.52 51.20
1265.0 44587.73 22822.57 51.19
1268.9 44400.64 22708.14 51.14
1272.8 44460.00 22717.35 51.10
1276.7 44653.74 22787.92 51.03
1280.6 44733.81 22804.14 50.98
1284.5 44649.07 22725.79 50.90
1288.4 44631.63 22659.39 50.77
1292.3 44511.50 22539.00 50.64
1296.2 44360.33 22395.93 50.49
1300.1 44197.71 22232.76 50.30
1303.9 43963.66 22024.12 50.10
1307.8 43715.49 21797.65 49.86
1311.7 43464.03 21546.76 49.57
1315.6 43214.30 21291.29 49.27
1319.5 42962.15 21003.89 48.89
1323.3 42734.84 20713.74 48.47
1327.2 42525.95 20426.15 48.03
1331.1 42285.13 20115.02 47.57
1335.0 41985.32 19760.98 47.07
1338.8 41775.29 19449.35 46.56
1342.7 41609.18 19148.23 46.02
1346.5 41242.98 18730.54 45.42
1350.4 40931.78 18337.24 44.80
1354.3 40517.39 17886.80 44.15
1358.1 40047.65 17442.93 43.56
1362.0 39764.09 17104.72 43.02
1365.8 39670.89 16848.87 42.47
1369.7 39786.92 16659.09 41.87
1373.5 39741.56 16312.91 41.05
1377.4 39487.75 15733.22 39.84
1381.2 39276.49 15052.46 38.32
1385.1 39242.56 14359.04 36.59
1389.0 39129.70 13588.72 34.73
1392.8 38925.66 12731.04 32.71
1396.6 38773.68 11875.38 30.63
1400.5 38560.99 11071.70 28.71
1404.3 38397.74 10382.87 27.04
1408.2 38363.03 9834.05 25.63
1412.0 38325.01 9393.41 24.51
1415.8 38359.09 9077.76 23.67
1419.6 38319.36 8826.54 23.03
1423.5 38299.37 8628.72 22.53
1427.3 38266.05 8472.91 22.14
1431.1 38248.58 8376.98 21.90
1434.9 38159.15 8295.06 21.74
1438.8 38104.90 8239.09 21.62
1442.6 38084.31 8209.56 21.56
1446.4 37958.74 8168.92 21.52
1450.2 37871.04 8162.50 21.55
1454.0 37772.76 8166.96 21.62
1457.8 37752.26 8200.98 21.72
1461.6 37732.17 8249.57 21.86
1465.4 37609.21 8295.11 22.06
1469.2 37426.03 8362.90 22.35
1473.0 37290.43 8468.16 22.71
1476.8 37245.30 8622.23 23.15
1480.7 37186.44 8785.55 23.63
1484.4 37061.40 8937.60 24.12
1488.2 36961.08 9110.88 24.65
1492.0 36836.53 9280.19 25.19
1495.8 36720.78 9454.90 25.75
1499.6 36605.30 9615.10 26.27
1503.4 36479.87 9746.88 26.72
1507.2 36356.05 9879.69 27.17
1510.9 36204.04 10002.27 27.63
1514.7 36047.88 10118.70 28.07
1518.5 35919.58 10258.02 28.56
1522.3 35781.38 10385.70 29.03
1526.0 35674.52 10526.40 29.51
1529.8 35609.17 10687.76 30.01
1533.6 35484.33 10795.63 30.42
1537.3 35352.32 10895.74 30.82
1541.1 35225.58 11010.55 31.26
1544.8 35097.60 11119.20 31.68
1548.6 34949.35 11212.26 32.08
1552.4 34850.72 11304.31 32.44
1556.1 34790.76 11401.71 32.77
1559.9 34705.82 11486.41 33.10
1563.6 34578.39 11555.59 33.42
1567.3 34459.02 11627.35 33.74
1571.1 34243.92 11665.38 34.07
1574.8 34100.68 11724.94 34.38
1578.6 34000.34 11780.00 34.65
1582.3 33854.52 11818.38 34.91
1586.0 33716.51 11845.82 35.13
1589.8 33582.95 11868.80 35.34
1593.5 33431.04 11892.30 35.57
1597.2 33294.67 11911.36 35.78
1600.9 33154.19 11928.49 35.98
1604.7 33000.40 11930.90 36.15
1608.4 32856.34 11945.79 36.36
1612.1 32695.22 11950.12 36.55
1615.8 32545.96 11945.79 36.70
1619.5 32465.11 11963.24 36.85
1623.2 32316.22 11956.54 37.00
1626.9 32130.25 11933.19 37.14
1630.6 31953.68 11906.40 37.26
1634.3 31816.04 11896.56 37.39
1638.0 31668.49 11871.76 37.49
1641.7 31487.82 11827.45 37.56
1645.4 31299.16 11768.90 37.60
1649.1 31105.38 11700.23 37.61
1652.8 30949.76 11645.82 37.63
1656.4 30780.36 11585.43 37.64
1660.1 30613.88 11526.56 37.65
1663.8 30416.03 11459.27 37.68
1667.5 30257.50 11408.07 37.70
1671.1 30134.40 11355.30 37.68
1674.8 29937.06 11282.39 37.69
1678.5 29873.87 11264.34 37.71
1682.1 29892.23 11246.16 37.62
1685.8 29901.92 11223.81 37.54
1689.5 29795.07 11165.18 37.47
1693.1 29653.44 11082.12 37.37
1696.8 29511.75 10989.13 37.24
1700.4 29358.15 10895.27 37.11
1704.0 29237.42 10809.45 36.97
1707.7 28983.16 10674.36 36.83
1711.3 28689.26 10524.65 36.68
1715.0 28479.20 10403.24 36.53
1718.6 28311.14 10290.82 36.35
1722.2 28171.19 10190.66 36.17
1725.9 28024.58 10093.58 36.02
1729.5 27888.80 9988.62 35.82
1733.1 27770.82 9895.88 35.63
1736.7 27655.67 9809.51 35.47
1740.3 27487.42 9694.96 35.27
1744.0 27395.86 9603.17 35.05
1747.5 27255.01 9489.88 34.82
1751.2 27041.09 9343.38 34.55
1754.8 26881.34 9215.64 34.28
1758.4 26750.86 9102.11 34.03
1762.0 26572.85 8975.47 33.78
1765.5 26446.23 8877.52 33.57
1769.1 26402.40 8803.20 33.34
1772.7 26328.38 8727.71 33.15
1776.3 26208.92 8647.80 33.00
1779.9 26081.92 8562.38 32.83
1783.5 26027.60 8508.88 32.69
1787.0 25897.14 8444.12 32.61
1790.6 25747.79 8366.65 32.49
1794.2 25651.68 8316.59 32.42
1797.8 25552.23 8272.78 32.38
1801.3 25471.95 8226.72 32.30
1804.9 25318.13 8166.38 32.26
1808.4 25235.40 8127.11 32.21
1812.0 25102.89 8063.55 32.12
1815.5 24947.72 7998.06 32.06
1819.1 24745.29 7920.65 32.01
1822.6 24588.72 7852.81 31.94
1826.2 24468.62 7786.27 31.82
1829.7 24298.19 7700.13 31.69
1833.2 24066.25 7590.93 31.54
1836.8 23846.10 7481.57 31.37
1840.3 23701.28 7397.82 31.21
1843.8 23605.26 7340.20 31.10
1847.3 23552.23 7299.32 30.99
1850.8 23482.37 7217.28 30.73
1854.3 23328.90 7061.38 30.27
1857.8 23249.20 6895.20 29.66
1861.3 23245.10 6690.69 28.78
1864.8 23154.55 6379.38 27.55
1868.3 22923.75 5956.80 25.99
1871.8 22725.12 5506.56 24.23
1875.3 22663.55 5089.63 22.46
1878.8 22668.35 4702.27 20.74
1882.3 22613.87 4300.32 19.02
1885.8 22446.65 3887.00 17.32
1889.3 22245.45 3553.27 15.97
1892.7 22073.02 3275.98 14.84
1896.2 21956.57 3058.10 13.93
1899.7 21800.31 2927.10 13.43
1903.1 21719.54 2923.54 13.46
1906.6 21807.87 3016.84 13.83
1910.0 22098.88 3335.68 15.09
1913.5 22634.73 3869.90 17.10
1917.0 23151.98 4504.85 19.46
1920.4 23436.08 5084.75 21.70
1923.8 23677.97 5635.03 23.80
1871.2 20787.15 4315.39 20.76
1873.9 20907.54 4155.74 19.88
1876.7 21048.38 3874.18 18.41
1879.5 21252.88 3650.92 17.18
1882.3 20993.42 3383.13 16.12
1885.1 20851.78 2973.90 14.26
1887.8 20921.79 2647.18 12.65
1890.6 20723.54 2448.15 11.81
1893.4 20650.67 2229.33 10.80
1896.2 20581.86 2007.99 9.76
1898.9 20516.13 1888.46 9.20
1901.7 20380.18 1751.74 8.60
1904.5 20546.36 1629.32 7.93
1907.2 20463.00 1572.25 7.68
1910.0 20358.58 1543.43 7.58
1912.7 20364.96 1485.24 7.29
1915.5 20273.08 1475.23 7.28
1918.2 20210.43 1449.23 7.17
1921.0 20079.87 1399.40 6.97
1923.7 20126.73 1434.05 7.13
1926.5 20096.89 1429.68 7.11
1929.2 20080.15 1398.11 6.96
1932.0 20066.00 1453.60 7.24
1934.7 20016.92 1463.28 7.31
1937.4 19925.11 1451.58 7.29
1940.2 19881.39 1502.86 7.56
1942.9 19959.98 1498.14 7.51
1945.6 19965.22 1494.90 7.49
1948.3 19894.11 1540.27 7.74
1951.1 19862.99 1580.25 7.96
1953.8 19866.00 1599.00 8.05
1956.5 19752.03 1623.29 8.22
1959.2 19805.76 1665.43 8.41
1961.9 19837.86 1698.60 8.56
1964.6 19745.08 1749.30 8.86
1967.3 19784.70 1780.00 9.00
1970.0 19621.84 1778.96 9.07
1972.8 19538.55 1832.66 9.38
1975.5 19602.81 1887.70 9.63
1978.2 19540.64 1909.68 9.77
1980.9 19419.73 1953.05 10.06
1983.5 19352.05 1980.58 10.23
1986.2 19366.05 2007.90 10.37
1988.9 19348.59 2069.01 10.69
1991.6 19202.00 2097.19 10.92
1994.3 19065.89 2114.26 11.09
1997.0 19096.32 2174.03 11.38
1999.7 19065.00 2214.06 11.61
2002.3 19034.90 2240.92 11.77
2005.0 18965.86 2269.69 11.97
2007.7 18877.00 2301.93 12.19
2010.4 18811.60 2375.36 12.63
2013.0 18774.16 2409.72 12.84
2015.7 18678.28 2409.73 12.90
2018.4 18548.96 2431.02 13.11
2021.0 18504.50 2476.33 13.38
2023.7 18401.60 2515.73 13.67
2026.4 18333.68 2549.08 13.90
2029.0 18267.40 2586.73 14.16
2031.7 18144.97 2588.52 14.27
2034.3 18142.15 2625.13 14.47
2037.0 18035.71 2646.10 14.67
2039.6 17974.39 2658.60 14.79
2042.3 17908.74 2693.19 15.04
2044.9 17825.78 2732.07 15.33
2047.5 17820.17 2751.71 15.44
2050.2 17715.60 2735.60 15.44
2052.8 17679.20 2772.00 15.68
2055.4 17538.43 2787.66 15.89
2058.1 17416.00 2788.80 16.01
2060.7 17404.47 2800.59 16.09
2063.3 17299.63 2795.03 16.16
2065.9 17230.17 2833.54 16.45
2068.6 17165.96 2867.04 16.70
2071.2 17119.44 2876.49 16.80
2073.8 17041.85 2879.49 16.90
2076.4 16999.98 2910.51 17.12
2079.0 17011.74 2944.88 17.31
2081.6 16984.09 2956.81 17.41
2084.2 16930.00 2982.50 17.62
2086.8 16834.24 2972.58 17.66
2089.4 16742.01 2972.83 17.76
2092.1 16637.33 2983.50 17.93
2094.7 16574.28 3002.98 18.12
2097.2 16549.50 3028.83 18.30
2099.8 16541.98 3051.63 18.45
2102.4 16400.35 3045.21 18.57
2105.0 16267.80 3035.25 18.66
2107.6 16238.35 3059.11 18.84
2110.2 16217.39 3103.10 19.13
2112.8 16200.74 3109.58 19.19
2115.3 16182.65 3103.17 19.18
2117.9 16188.40 3116.39 19.25
2120.5 16181.17 3136.54 19.38
2123.1 16113.83 3144.38 19.51
2125.6 16056.05 3142.10 19.57
2128.2 15953.26 3146.17 19.72
2130.8 15859.35 3150.23 19.86
2133.3 15825.33 3141.60 19.85
2135.9 15723.21 3132.88 19.93
2138.4 15584.92 3117.57 20.00
2141.0 15487.96 3120.51 20.15
2143.6 15482.13 3139.82 20.28
2146.1 15358.67 3117.57 20.30
2148.7 15182.57 3092.31 20.37
2151.2 15188.80 3097.60 20.39
2153.8 15199.37 3111.10 20.47
2156.3 15064.95 3101.00 20.58
2158.8 14994.07 3086.23 20.58
2161.4 14983.43 3086.91 20.60
2163.9 14894.98 3078.06 20.67
2166.4 14806.99 3054.24 20.63
2169.0 14777.42 3054.24 20.67
2171.5 14688.72 3048.32 20.75
2174.0 14586.43 3037.48 20.82
2176.5 14576.25 3049.80 20.92
2179.1 14537.32 3032.75 20.86
2181.6 14435.75 3005.17 20.82
2184.1 14405.16 3012.24 20.91
2186.6 14458.30 3015.94 20.86
2189.1 14358.33 2991.72 20.84
2191.6 14308.00 3005.33 21.00
2194.1 14339.64 3019.40 21.06
2196.6 14340.73 3016.24 21.03
2199.2 14399.84 3052.29 21.20
2201.7 14323.09 3019.35 21.08
2204.1 14264.18 2972.32 20.84
2206.6 14278.44 2998.92 21.00
2209.1 14246.74 3024.22 21.23
2211.6 14236.93 3026.30 21.26
2214.1 14172.61 3014.72 21.27
2216.6 14103.21 2974.10 21.09
2219.1 14137.40 2981.69 21.09
2221.6 14080.86 2988.23 21.22
2224.0 14024.61 2933.70 20.92
2226.5 13983.38 2929.85 20.95
2229.0 13981.89 2961.59 21.18
2231.5 13918.22 2922.29 21.00
2233.9 13896.33 2897.80 20.85
2236.4 13868.98 2898.86 20.90
2238.9 13826.00 2886.88 20.88
2241.3 13828.76 2833.38 20.49
2243.8 13758.80 2810.06 20.42
2246.2 13610.98 2787.32 20.48
2248.7 13571.61 2753.66 20.29
2251.2 13563.12 2740.30 20.20
2253.6 13482.24 2730.24 20.25
2256.1 13474.56 2699.52 20.03
2258.5 13495.78 2677.64 19.84
2260.9 13407.16 2657.66 19.82
2263.4 13372.75 2629.26 19.66
2265.8 13367.17 2608.04 19.51
2268.3 13288.30 2574.54 19.37
2270.7 13342.05 2556.33 19.16
2273.1 13272.94 2550.28 19.21
2275.6 13194.24 2519.04 19.09
2278.0 13232.60 2490.48 18.82
2280.4 13249.81 2493.72 18.82
2282.8 13117.21 2439.15 18.60
2285.3 13103.68 2406.88 18.37
2287.7 13191.09 2432.82 18.44
2290.1 13097.39 2415.49 18.44
2292.5 13047.88 2365.13 18.13
2294.9 13056.31 2347.29 17.98
2297.3 12972.40 2305.77 17.77
2299.7 12875.52 2274.24 17.66
2302.1 12826.01 2243.08 17.49
2304.5 12696.88 2203.04 17.35
2306.9 12602.80 2187.36 17.36
2309.3 12519.08 2143.33 17.12
2311.7 12473.65 2103.80 16.87
2314.1 12315.17 2087.32 16.95
2316.5 12229.76 2084.26 17.04
2318.9 12290.12 2065.43 16.81
2321.3 12265.32 2056.11 16.76
2323.7 12235.57 2044.59 16.71
2326.1 12214.93 2031.12 16.63
2328.4 12270.09 1997.55 16.28
2330.8 12319.08 2000.01 16.24
2333.2 12235.57 2005.63 16.39
2335.6 12168.54 1963.74 16.14
2337.9 12202.83 1957.29 16.04
2340.3 12141.58 1931.23 15.91
2342.7 12039.09 1883.09 15.64
2345.0 12013.82 1855.79 15.45
2347.4 11993.50 1848.75 15.41
2349.7 11798.34 1815.46 15.39
2352.1 11775.76 1801.10 15.29
2354.4 11820.42 1792.41 15.16
2356.8 11728.38 1718.03 14.65
2359.2 11704.33 1707.33 14.59
2361.5 11645.74 1714.79 14.72
2363.8 11633.53 1690.79 14.53
2366.2 11660.03 1668.24 14.31
2368.5 11627.85 1642.05 14.12
2370.9 11603.83 1655.13 14.26
2373.2 11533.95 1659.27 14.39
2375.5 11398.48 1619.95 14.21
2377.9 11373.04 1586.30 13.95
2380.2 11408.35 1562.35 13.69
2382.5 11308.30 1516.35 13.41
2384.8 11261.28 1512.64 13.43
2387.2 11252.00 1514.33 13.46
2389.5 11242.29 1454.27 12.94
2391.8 11232.13 1440.26 12.82
2394.1 11132.13 1458.69 13.10
2396.4 11089.46 1403.12 12.65
2398.7 11160.99 1388.43 12.44
2401.0 11096.58 1389.55 12.52
2403.3 10926.12 1349.58 12.35
2405.6 10921.36 1339.55 12.27
2407.9 10891.74 1347.69 12.37
2410.2 10793.71 1293.44 11.98
2412.5 10752.81 1250.09 11.63
2414.8 10737.29 1273.48 11.86
2417.1 10694.97 1254.29 11.73
2419.4 10638.82 1203.51 11.31
2421.7 10597.44 1203.78 11.36
2424.0 10571.95 1194.03 11.29
2426.2 10576.95 1128.85 10.67
2428.5 10508.39 1157.38 11.01
2430.8 10485.80 1122.70 10.71
2433.1 10443.79 1045.49 10.01
2435.4 10361.94 1091.03 10.53
2437.6 10328.37 1074.24 10.40
2439.9 10224.92 982.63 9.61
2442.2 10193.49 1018.21 9.99
2444.4 10223.13 1005.08 9.83
2446.7 10173.28 951.92 9.36
2448.9 10197.11 977.08 9.58
2451.2 10173.72 935.72 9.20
2453.4 10028.37 940.16 9.38
2455.7 9998.26 954.82 9.55
2457.9 9908.42 934.07 9.43
2460.2 9870.17 918.59 9.31
2462.4 9896.64 873.60 8.83
2464.7 9834.69 851.63 8.66
2466.9 9751.98 847.44 8.69
2469.2 9722.50 875.03 9.00
2471.4 9624.29 853.45 8.87
2473.6 9553.77 816.79 8.55
2475.9 9536.85 860.21 9.02
2478.1 9427.70 806.14 8.55
2480.3 9377.37 730.98 7.80
2482.5 9321.43 764.87 8.21
2484.8 9240.44 720.89 7.80
2487.0 9258.33 688.82 7.44
2489.2 9302.30 768.91 8.27
2491.4 9183.58 776.19 8.45
2493.6 9147.34 697.61 7.63
2495.8 9177.35 688.90 7.51
2498.0 9103.79 729.60 8.01
2500.2 9132.70 716.13 7.84
2502.4 9403.92 719.28 7.65
2504.6 9512.07 723.03 7.60
2506.8 9585.80 720.88 7.52
