/*** Spectra Vista SIG Data ***/
name= \My Documents\HR1024_Data\AMF2.
instrument= HR: 1091052
integration= 200, 60, 30, 500, 60, 30
scan time= 1, 1
scan settings= AD, AI, AD, AI
external data set1= 8224, 8224, 8224, 8224, 8224, 8224, 8224, 8224, 8224, 8224, 8224, 8224, 8224, 8224, 8224, 8224
external data set2= 8224, 8224, 8224, 8224, 8224, 8224, 8224, 8224, 8224, 8224, 8224, 8224, 8224, 8224, 8224, 8224
external data dark= 0,0,0,0,0,0,0,0
external data mask= 0
optic= LENS4 , LENS4 
temp= 33.31, 8.94, -5.30, 40.96, 8.94, -5.37
battery= 7.5, 7.1
error= 0, 0
units= Radiance, Radiance
time= 1/1/08 1:10:44 PM, 1/1/08 1:28:54 PM
longitude= , 
latitude= , 
gpstime= , 
comm= 
memory slot= 0, 0
factors= 
data= 
346.4 509.60 113.39 22.25
347.9 536.51 121.74 22.69
349.5 577.20 108.58 18.81
351.1 620.88 113.57 18.29
352.6 679.94 125.24 18.42
354.2 723.22 129.59 17.92
355.7 777.89 132.01 16.97
357.3 842.60 135.93 16.13
358.8 838.80 149.59 17.83
360.4 904.00 151.96 16.81
361.9 943.76 147.66 15.65
363.5 997.20 142.66 14.31
365.1 1040.25 151.18 14.53
366.6 1087.54 154.67 14.22
368.2 1161.70 154.45 13.29
369.7 1204.79 156.72 13.01
371.3 1287.37 150.14 11.66
372.8 1354.56 159.36 11.76
374.4 1435.13 162.87 11.35
375.9 1463.02 165.50 11.31
377.4 1512.41 161.32 10.67
379.0 1578.52 164.22 10.40
380.5 1618.77 172.34 10.65
382.1 1669.58 171.39 10.27
383.6 1726.52 161.03 9.33
385.2 1809.50 168.30 9.30
386.7 1900.67 174.36 9.17
388.3 1991.93 168.49 8.46
389.8 2077.97 171.29 8.24
391.3 2163.95 182.70 8.44
392.9 2236.17 188.91 8.45
394.4 2293.88 188.73 8.23
395.9 2364.42 204.73 8.66
397.5 2493.56 213.18 8.55
399.0 2617.23 215.06 8.22
400.6 2691.33 207.16 7.70
402.1 2739.96 204.34 7.46
403.6 2797.88 194.68 6.96
405.1 2865.39 199.25 6.95
406.7 2979.20 204.29 6.86
408.2 3089.54 207.60 6.72
409.7 3183.04 218.62 6.87
411.3 3295.62 224.91 6.82
412.8 3391.47 227.52 6.71
414.3 3507.27 234.96 6.70
415.8 3622.50 250.00 6.90
417.4 3739.34 264.13 7.06
418.9 3830.42 264.13 6.90
420.4 3913.23 270.19 6.90
421.9 3978.48 271.04 6.81
423.5 4044.22 281.13 6.95
425.0 4110.68 274.20 6.67
426.5 4198.95 281.22 6.70
428.0 4314.36 281.60 6.53
429.5 4445.73 289.93 6.52
431.1 4599.50 292.57 6.36
432.6 4769.72 306.06 6.42
434.1 4937.63 317.24 6.42
435.6 5085.18 318.11 6.26
437.1 5233.80 329.94 6.30
438.6 5364.45 337.19 6.29
440.1 5501.44 344.96 6.27
441.6 5653.06 357.25 6.32
443.1 5799.60 366.12 6.31
444.7 5941.01 380.59 6.41
446.2 6051.88 390.69 6.46
447.7 6161.82 401.30 6.51
449.2 6292.08 412.99 6.56
450.7 6396.00 416.83 6.52
452.2 6529.70 422.08 6.46
453.7 6647.26 426.14 6.41
455.2 6815.62 436.54 6.41
456.7 7013.60 449.15 6.40
458.2 7232.90 464.84 6.43
459.7 7456.75 475.30 6.37
461.2 7667.16 495.61 6.46
462.7 7858.10 501.92 6.39
464.2 8041.02 518.26 6.45
465.7 8240.35 532.46 6.46
467.2 8402.63 543.62 6.47
468.7 8584.00 556.80 6.49
470.2 8698.25 573.43 6.59
471.7 8877.75 587.10 6.61
473.2 9159.71 602.36 6.58
474.6 9386.40 600.62 6.40
476.1 9450.96 607.17 6.42
477.6 9499.75 599.78 6.31
479.1 9557.87 606.56 6.35
480.6 9632.82 607.44 6.31
482.1 9760.73 613.35 6.28
483.6 9935.74 624.48 6.29
485.1 10133.78 637.45 6.29
486.6 10366.07 651.09 6.28
488.0 10621.00 674.05 6.35
489.5 10873.80 695.10 6.39
491.0 11134.31 719.18 6.46
492.5 11404.80 751.03 6.59
494.0 11683.71 778.26 6.66
495.4 11917.95 807.84 6.78
496.9 12154.26 843.68 6.94
498.4 12387.41 883.49 7.13
499.9 12623.63 930.20 7.37
501.4 12839.71 980.69 7.64
502.8 13042.06 1030.89 7.90
504.3 13226.40 1088.64 8.23
505.8 13406.54 1152.06 8.59
507.2 13518.16 1223.05 9.05
508.7 13603.31 1291.33 9.49
510.2 13672.60 1372.72 10.04
511.6 13715.26 1447.68 10.56
513.1 13806.21 1545.37 11.19
514.6 13898.29 1648.56 11.86
516.0 13992.63 1751.84 12.52
517.5 14151.40 1878.09 13.27
519.0 14339.95 2008.91 14.01
520.5 14520.56 2148.40 14.80
521.9 14760.83 2300.72 15.59
523.4 15031.28 2458.21 16.35
524.8 15295.25 2608.91 17.06
526.3 15594.01 2767.33 17.75
527.8 15909.50 2924.70 18.38
529.2 16189.50 3071.49 18.97
530.7 16509.28 3221.29 19.51
532.1 16791.25 3347.61 19.94
533.6 17121.20 3476.11 20.30
535.0 17454.94 3612.61 20.70
536.5 17789.22 3727.77 20.96
538.0 18136.88 3839.71 21.17
539.4 18461.69 3946.22 21.38
540.9 18864.39 4060.52 21.52
542.3 19206.33 4161.98 21.67
543.8 19460.81 4238.36 21.78
545.2 19544.37 4281.20 21.91
546.6 19566.05 4310.66 22.03
548.1 19604.97 4342.24 22.15
549.5 19640.65 4359.93 22.20
551.0 19664.79 4384.49 22.30
552.4 19724.92 4405.35 22.33
553.9 19761.60 4408.41 22.31
555.3 19812.20 4403.65 22.23
556.8 19934.49 4410.29 22.12
558.2 20047.50 4398.98 21.94
559.6 20200.16 4389.70 21.73
561.1 20397.00 4382.30 21.49
562.5 20617.77 4367.13 21.18
564.0 20901.40 4353.04 20.83
565.4 21161.13 4331.29 20.47
566.8 21482.31 4309.96 20.06
568.3 21793.28 4275.94 19.62
569.7 22118.60 4238.57 19.16
571.1 22425.71 4195.67 18.71
572.6 22741.56 4140.07 18.20
574.0 23030.70 4101.90 17.81
575.4 23309.44 4051.35 17.38
576.9 23581.06 4009.01 17.00
578.3 23822.01 3963.96 16.64
579.7 24048.22 3919.99 16.30
581.1 24227.75 3875.05 15.99
582.6 24429.78 3842.75 15.73
584.0 24600.48 3800.74 15.45
585.4 24853.74 3785.72 15.23
586.8 25196.68 3781.69 15.01
588.3 25573.86 3788.93 14.82
589.7 25896.78 3786.12 14.62
591.1 26104.75 3779.69 14.48
592.5 26211.06 3756.66 14.33
594.0 26269.26 3737.59 14.23
595.4 26286.44 3716.46 14.14
596.8 26295.56 3691.97 14.04
598.2 26315.92 3668.02 13.94
599.6 26317.98 3647.34 13.86
601.0 26398.05 3626.79 13.74
602.4 26470.93 3600.03 13.60
603.9 26597.64 3581.12 13.46
605.3 26727.57 3545.60 13.27
606.7 26857.80 3510.72 13.07
608.1 27088.39 3479.76 12.85
609.5 27333.21 3450.35 12.62
610.9 27623.29 3410.76 12.35
612.3 27891.32 3383.08 12.13
613.7 28252.28 3350.85 11.86
615.1 28513.62 3315.82 11.63
616.5 28776.05 3279.98 11.40
617.9 29165.50 3263.97 11.19
619.3 29543.24 3256.22 11.02
620.7 29990.55 3254.55 10.85
622.1 30437.05 3280.45 10.78
623.5 30934.60 3342.81 10.81
624.9 31494.75 3416.28 10.85
626.3 31867.36 3471.04 10.89
627.7 31569.69 3442.68 10.91
629.1 31287.59 3407.46 10.89
630.5 31184.65 3370.70 10.81
631.9 31222.21 3336.73 10.69
633.3 31256.33 3289.39 10.52
634.7 31400.48 3228.32 10.28
636.1 31461.82 3165.63 10.06
637.5 31554.77 3138.99 9.95
638.9 31702.82 3104.45 9.79
640.2 31825.04 3053.28 9.59
641.6 31863.78 2995.20 9.40
643.0 31847.61 2922.44 9.18
644.4 31829.55 2855.80 8.97
645.8 31751.71 2776.19 8.74
647.2 31867.94 2720.95 8.54
648.5 31926.34 2650.19 8.30
649.9 31776.23 2551.22 8.03
651.3 31648.05 2450.04 7.74
652.7 31449.15 2358.24 7.50
654.1 31244.46 2298.62 7.36
655.5 31005.95 2249.93 7.26
656.8 30780.41 2193.03 7.12
658.2 30925.42 2163.22 6.99
659.6 31264.45 2139.48 6.84
660.9 31536.04 2101.97 6.67
662.3 31822.64 2069.01 6.50
663.7 32096.40 2036.16 6.34
665.0 32332.90 1995.87 6.17
666.4 32562.99 1975.79 6.07
667.8 32863.56 1962.11 5.97
669.1 33114.69 1943.57 5.87
670.5 33405.09 1947.73 5.83
671.9 33586.56 1949.42 5.80
673.2 33844.75 1963.20 5.80
674.6 34082.18 1978.55 5.81
676.0 34372.41 2004.52 5.83
677.3 34659.68 2043.88 5.90
678.7 34979.63 2093.55 5.99
680.0 35399.92 2162.40 6.11
681.4 35845.89 2252.98 6.29
682.8 36270.33 2361.45 6.51
684.1 36705.24 2497.25 6.80
685.5 37104.21 2671.58 7.20
686.8 37507.62 2889.02 7.70
688.2 37862.83 3152.15 8.33
689.5 38000.96 3454.59 9.09
690.9 38124.79 3811.72 10.00
692.2 38229.60 4222.80 11.05
693.6 38334.37 4699.66 12.26
694.9 38335.34 5214.08 13.60
696.2 38393.33 5796.00 15.10
697.6 38453.39 6413.17 16.68
698.9 38522.88 7064.64 18.34
700.3 38613.54 7729.12 20.02
701.6 38716.02 8432.88 21.78
703.0 38828.83 9137.48 23.53
704.3 38882.19 9823.45 25.26
705.6 38895.39 10503.79 27.01
707.0 38949.12 11171.95 28.68
708.3 38885.46 11820.41 30.40
709.6 38817.35 12439.22 32.05
711.0 38702.88 13036.21 33.68
712.3 38573.15 13611.86 35.29
713.6 38531.64 14189.62 36.83
714.9 38462.14 14742.59 38.33
716.3 38461.08 15317.51 39.83
717.6 38479.84 15871.13 41.25
718.9 38424.85 16372.96 42.61
720.2 38251.08 16818.68 43.97
721.6 38113.53 17247.52 45.25
722.9 37945.16 17644.90 46.50
724.2 37714.27 17964.56 47.63
725.5 37534.96 18290.93 48.73
726.8 37360.68 18602.73 49.79
728.1 37271.09 18918.93 50.76
729.5 37167.13 19203.48 51.67
730.8 37093.13 19476.77 52.51
732.1 36996.92 19719.04 53.30
733.4 36936.39 19941.51 53.99
734.7 36864.47 20144.24 54.64
736.0 36851.62 20377.66 55.30
737.3 36774.45 20524.68 55.81
738.6 36845.76 20751.43 56.32
739.9 37000.34 21010.12 56.78
741.2 37119.81 21217.56 57.16
742.5 37372.03 21489.96 57.50
743.8 37768.50 21851.45 57.86
745.1 38387.22 22322.63 58.15
746.4 39127.73 22864.48 58.44
747.7 39918.22 23424.59 58.68
749.0 40672.12 23966.57 58.93
750.3 41122.66 24320.80 59.14
751.6 41047.35 24363.68 59.36
752.9 40630.59 24178.11 59.51
754.2 40176.47 23960.71 59.64
755.4 39652.21 23709.49 59.79
756.7 39478.17 23651.20 59.91
758.0 39495.60 23701.02 60.01
759.3 39730.28 23891.32 60.13
760.6 40061.56 24113.94 60.19
761.9 40384.10 24317.75 60.22
763.1 40567.56 24464.31 60.31
764.4 40796.65 24613.13 60.33
765.7 40953.25 24731.20 60.39
767.0 41079.80 24833.48 60.45
768.2 41207.04 24916.42 60.47
769.5 41279.98 24975.09 60.50
770.8 41469.61 25097.68 60.52
772.0 41501.32 25119.87 60.53
773.3 41583.65 25181.79 60.56
774.6 41708.58 25249.17 60.54
775.8 41815.15 25334.27 60.59
777.1 41846.51 25350.51 60.58
778.4 41799.94 25318.20 60.57
779.6 41775.90 25331.21 60.64
780.9 41704.00 25273.60 60.60
782.1 41523.21 25184.34 60.65
783.4 41558.40 25181.31 60.59
784.6 41567.36 25210.91 60.65
785.9 41861.56 25373.83 60.61
787.1 42409.87 25738.73 60.69
788.4 42854.47 26021.14 60.72
789.6 42849.18 26032.99 60.75
790.9 42483.96 25824.85 60.79
792.1 42011.92 25534.11 60.78
793.4 41570.15 25294.82 60.85
794.6 41283.15 25113.72 60.83
795.8 41024.39 24964.11 60.85
797.1 40758.68 24805.65 60.86
798.3 40551.64 24696.71 60.90
799.5 40444.72 24627.73 60.89
800.8 40323.21 24557.13 60.90
802.0 40187.32 24483.94 60.92
803.2 40033.64 24408.00 60.97
804.5 39942.72 24359.99 60.99
805.7 39829.66 24293.06 60.99
806.9 39715.93 24230.47 61.01
808.1 39632.97 24161.21 60.96
809.4 39553.39 24137.69 61.03
810.6 39489.45 24087.70 61.00
811.8 39474.39 24075.13 60.99
813.0 39504.71 24097.23 61.00
814.2 39525.61 24127.80 61.04
815.4 39644.33 24219.46 61.09
816.6 39709.73 24259.79 61.09
817.9 39791.57 24309.58 61.09
819.1 39719.87 24285.30 61.14
820.3 39621.11 24209.30 61.10
821.5 39546.25 24161.36 61.10
822.7 39480.04 24149.02 61.17
823.9 39499.25 24143.57 61.12
825.1 39541.96 24167.01 61.12
826.3 39583.35 24186.09 61.10
827.5 39640.56 24207.25 61.07
828.7 39708.48 24262.85 61.10
829.9 39767.03 24290.95 61.08
831.0 39870.82 24366.37 61.11
832.2 39993.87 24430.84 61.09
833.4 40076.64 24466.57 61.05
834.6 40148.44 24523.13 61.08
835.8 40238.10 24571.89 61.07
837.0 40328.28 24636.53 61.09
838.1 40500.72 24729.19 61.06
839.3 40601.19 24799.99 61.08
840.5 40716.87 24835.37 61.00
841.7 40854.11 24933.04 61.03
842.9 40980.73 24997.28 61.00
844.0 41100.82 25069.80 61.00
845.2 41245.09 25179.22 61.05
846.4 41368.25 25246.45 61.03
847.5 41564.18 25378.11 61.06
848.7 41743.64 25489.97 61.06
849.9 41936.76 25622.54 61.10
851.0 42020.98 25693.53 61.14
852.2 42107.61 25725.16 61.09
853.3 42066.96 25750.04 61.21
854.5 42098.11 25724.70 61.11
855.6 42095.43 25707.10 61.07
856.8 42111.00 25732.14 61.11
857.9 42111.88 25719.71 61.07
859.1 42240.60 25804.40 61.09
860.2 42245.56 25820.85 61.12
861.4 42273.83 25826.58 61.09
862.5 42309.54 25863.58 61.13
863.7 42384.63 25897.49 61.10
864.8 42387.10 25900.42 61.10
865.9 42333.82 25867.22 61.10
867.1 42372.33 25891.77 61.11
868.2 42368.54 25893.89 61.12
869.3 42393.50 25903.14 61.10
870.5 42342.80 25877.75 61.11
871.6 42318.48 25827.99 61.03
872.7 42385.23 25880.55 61.06
873.9 42404.90 25869.16 61.01
875.0 42391.36 25846.06 60.97
876.1 42363.75 25852.67 61.03
877.2 42397.32 25850.38 60.97
878.3 42381.77 25819.34 60.92
879.4 42397.70 25849.37 60.97
880.5 42451.56 25860.10 60.92
881.7 42410.55 25843.48 60.94
882.8 42454.72 25889.80 60.98
883.9 42482.63 25897.68 60.96
885.0 42446.04 25861.56 60.93
886.1 42420.10 25861.85 60.97
887.2 42295.80 25769.01 60.93
888.3 42201.80 25732.94 60.98
889.4 42117.30 25653.67 60.91
890.5 42026.34 25635.43 61.00
891.6 41981.69 25573.37 60.92
892.7 41962.31 25528.43 60.84
893.8 41981.79 25543.39 60.84
894.9 41952.35 25542.09 60.88
896.0 41968.71 25539.15 60.85
897.0 41952.48 25533.40 60.86
898.1 41951.64 25536.91 60.87
899.2 41983.30 25539.30 60.83
900.3 41907.57 25488.22 60.82
901.4 41820.39 25458.02 60.87
902.4 41828.99 25459.15 60.86
903.5 41775.96 25385.03 60.76
904.6 41798.96 25407.81 60.79
905.7 41805.42 25407.56 60.78
906.7 41815.90 25394.01 60.73
907.8 41839.20 25421.19 60.76
908.9 41746.38 25366.56 60.76
909.9 41734.69 25382.50 60.82
911.0 41681.88 25315.12 60.73
912.1 41602.05 25279.88 60.77
913.1 41535.52 25265.14 60.83
914.2 41457.24 25156.29 60.68
915.2 41368.59 25134.84 60.76
916.3 41436.15 25141.08 60.67
917.3 41410.15 25130.98 60.69
918.4 41310.50 25087.48 60.73
919.4 41328.17 25069.48 60.66
920.5 41309.67 25031.66 60.60
921.5 41323.66 25082.06 60.70
922.6 41255.80 25033.65 60.68
923.6 41303.54 25031.16 60.60
924.7 41344.50 25051.80 60.59
925.7 41333.16 25017.10 60.53
926.7 41356.90 25024.76 60.51
927.8 41415.30 25064.18 60.52
928.8 41570.85 25119.31 60.43
929.9 41658.93 25201.11 60.49
930.9 41879.39 25296.61 60.40
931.9 42070.56 25399.18 60.37
932.9 42412.10 25535.66 60.21
934.0 42452.50 25576.96 60.25
935.0 42440.57 25601.02 60.32
936.0 42488.02 25542.56 60.12
937.0 42429.47 25521.91 60.15
938.1 42380.86 25490.63 60.15
939.1 42337.65 25429.03 60.06
940.1 42429.30 25498.86 60.10
941.1 42615.86 25594.12 60.06
942.1 42903.92 25674.86 59.84
943.1 43057.09 25796.21 59.91
944.1 43342.63 25941.29 59.85
945.2 43356.60 25977.50 59.92
946.2 43482.48 25947.01 59.67
947.2 43549.00 25990.30 59.68
948.2 43743.16 26036.49 59.52
949.2 43840.88 26072.48 59.47
950.2 43906.25 26104.90 59.46
951.2 44010.96 26109.55 59.33
952.2 44061.91 26166.93 59.39
953.2 44318.14 26156.13 59.02
954.2 44380.80 26290.80 59.24
955.2 44428.35 26251.44 59.09
956.2 44460.20 26200.21 58.93
957.2 44542.35 26233.69 58.90
958.2 44649.94 26281.17 58.86
959.2 44705.25 26360.28 58.96
960.1 44813.66 26306.11 58.70
961.1 44928.76 26375.84 58.71
962.1 44958.75 26369.63 58.65
963.1 44986.01 26422.44 58.73
964.1 45106.16 26447.34 58.63
965.1 45270.70 26548.58 58.64
966.1 45207.41 26573.61 58.78
967.0 45355.66 26638.86 58.73
968.0 45441.48 26624.63 58.59
969.0 45453.60 26664.40 58.66
970.0 45557.64 26698.90 58.60
971.0 45615.57 26704.02 58.54
971.9 45699.86 26772.80 58.58
972.9 45781.93 26869.22 58.69
973.9 45829.88 26886.86 58.67
974.9 45973.78 26900.18 58.51
975.8 45979.65 27008.79 58.74
976.8 46106.16 27045.75 58.66
977.8 46097.80 27104.36 58.80
978.8 46103.70 27185.52 58.97
979.7 46387.55 27194.47 58.62
980.7 46405.76 27246.98 58.71
981.7 46694.84 27512.56 58.92
982.6 46857.76 27615.35 58.93
983.6 47433.79 27613.43 58.21
984.6 47818.98 27894.41 58.33
985.5 48063.24 28191.60 58.66
986.5 48770.77 28867.23 59.19
987.5 50043.63 29402.92 58.75
988.4 50895.90 29491.88 57.95
989.4 52431.75 30759.96 58.67
990.4 53425.02 31295.97 58.58
991.3 55387.31 32243.94 58.22
992.3 55950.90 32396.74 57.90
993.2 58118.31 33569.49 57.76
994.2 59457.94 34713.32 58.38
995.2 60710.63 33908.43 55.85
996.1 61737.77 35575.62 57.62
997.1 61885.85 36219.51 58.53
998.0 61668.00 34945.20 56.67
999.0 61787.86 35844.18 58.01
1000.0 62252.49 35401.42 56.87
1000.9 62564.91 36988.06 59.12
1001.9 61626.12 35678.28 57.89
1002.8 61885.09 35960.26 58.11
1003.8 61970.58 36658.65 59.15
1004.8 62064.96 35230.99 56.76
961.5 55881.62 28424.21 50.87
965.5 54589.44 27977.09 51.25
969.5 52393.79 27389.13 52.28
973.4 50126.74 26776.33 53.42
977.4 48345.52 26225.30 54.25
981.4 47464.01 26266.86 55.34
985.3 47176.98 26486.24 56.14
989.3 47304.75 26779.43 56.61
993.3 47508.66 27060.35 56.96
997.2 47541.75 27186.59 57.18
1001.2 47520.33 27263.73 57.37
1005.2 47455.76 27296.80 57.52
1009.1 47529.68 27382.19 57.61
1013.1 47663.39 27539.25 57.78
1017.1 47785.75 27690.99 57.95
1021.0 47816.50 27760.26 58.06
1025.0 47819.30 27824.94 58.19
1029.0 47652.00 27778.95 58.30
1032.9 47495.63 27731.99 58.39
1036.9 47497.16 27782.15 58.49
1040.9 47608.97 27870.28 58.54
1044.8 47827.54 28016.34 58.58
1048.8 48004.98 28165.41 58.67
1052.7 48133.54 28267.60 58.73
1056.7 48188.20 28305.00 58.74
1060.7 48194.60 28320.83 58.76
1064.6 48198.22 28332.86 58.78
1068.6 48113.17 28275.36 58.77
1072.5 48026.55 28211.40 58.74
1076.5 47975.49 28184.39 58.75
1080.4 47966.69 28175.24 58.74
1084.4 48069.59 28216.80 58.70
1088.3 48170.15 28266.83 58.68
1092.3 48152.58 28246.84 58.66
1096.2 48142.77 28203.26 58.58
1100.2 48183.64 28177.11 58.48
1104.1 48079.94 28064.37 58.37
1108.1 48035.13 27990.85 58.27
1112.0 47943.86 27890.82 58.17
1116.0 47742.57 27731.21 58.08
1119.9 47581.47 27566.89 57.94
1123.9 47666.30 27523.27 57.74
1127.8 47639.04 27390.72 57.50
1131.8 47617.38 27211.02 57.15
1135.7 47659.94 27030.84 56.72
1139.6 47675.62 26753.09 56.11
1143.6 47638.82 26409.91 55.44
1147.5 47616.88 26090.36 54.79
1151.4 47500.80 25743.21 54.20
1155.4 47513.75 25542.82 53.76
1159.3 47522.52 25422.91 53.50
1163.2 47363.89 25249.03 53.31
1167.2 47347.50 25183.56 53.19
1171.1 47369.57 25159.06 53.11
1175.0 47314.40 25094.03 53.04
1179.0 47268.08 25053.68 53.00
1182.9 47358.68 25080.85 52.96
1186.8 47350.70 25039.73 52.88
1190.7 47139.70 24892.63 52.81
1194.7 46883.87 24742.33 52.77
1198.6 46652.76 24618.83 52.77
1202.5 46480.48 24533.76 52.78
1206.4 46340.80 24471.68 52.81
1210.3 46236.01 24446.98 52.87
1214.2 46114.66 24414.63 52.94
1218.2 45952.68 24362.86 53.02
1222.1 45800.88 24323.43 53.11
1226.0 45686.61 24301.46 53.19
1229.9 45598.02 24276.12 53.24
1233.8 45484.04 24246.46 53.31
1237.7 45416.66 24237.44 53.37
1241.6 45332.53 24209.06 53.40
1245.5 45166.97 24143.83 53.45
1249.4 45023.84 24091.78 53.51
1253.3 44894.25 24037.02 53.54
1257.2 44816.00 23991.34 53.53
1261.1 44716.86 23914.12 53.48
1265.0 44587.73 23822.03 53.43
1268.9 44400.64 23700.81 53.38
1272.8 44460.00 23714.85 53.34
1276.7 44653.74 23784.02 53.26
1280.6 44733.81 23769.17 53.13
1284.5 44649.07 23671.42 53.02
1288.4 44631.63 23591.36 52.86
1292.3 44511.50 23438.25 52.66
1296.2 44360.33 23261.69 52.44
1300.1 44197.71 23052.22 52.16
1303.9 43963.66 22795.88 51.85
1307.8 43715.49 22524.06 51.52
1311.7 43464.03 22202.28 51.08
1315.6 43214.30 21856.25 50.58
1319.5 42962.15 21500.16 50.04
1323.3 42734.84 21131.89 49.45
1327.2 42525.95 20755.88 48.81
1331.1 42285.13 20357.67 48.14
1335.0 41985.32 19925.53 47.46
1338.8 41775.29 19515.34 46.72
1342.7 41609.18 19114.03 45.94
1346.5 41242.98 18627.60 45.17
1350.4 40931.78 18162.01 44.37
1354.3 40517.39 17646.61 43.55
1358.1 40047.65 17125.56 42.76
1362.0 39764.09 16702.14 42.00
1365.8 39670.89 16335.07 41.18
1369.7 39786.92 15996.85 40.21
1373.5 39741.56 15502.06 39.01
1377.4 39487.75 14764.12 37.39
1381.2 39276.49 13863.36 35.30
1385.1 39242.56 12892.73 32.85
1389.0 39129.70 11824.81 30.22
1392.8 38925.66 10682.45 27.44
1396.6 38773.68 9583.07 24.72
1400.5 38560.99 8578.77 22.25
1404.3 38397.74 7730.10 20.13
1408.2 38363.03 7060.91 18.41
1412.0 38325.01 6532.86 17.05
1415.8 38359.09 6148.91 16.03
1419.6 38319.36 5848.86 15.26
1423.5 38299.37 5623.74 14.68
1427.3 38266.05 5459.23 14.27
1431.1 38248.58 5340.53 13.96
1434.9 38159.15 5252.54 13.76
1438.8 38104.90 5201.81 13.65
1442.6 38084.31 5169.92 13.57
1446.4 37958.74 5135.54 13.53
1450.2 37871.04 5129.14 13.54
1454.0 37772.76 5136.84 13.60
1457.8 37752.26 5168.80 13.69
1461.6 37732.17 5227.99 13.86
1465.4 37609.21 5294.03 14.08
1469.2 37426.03 5384.93 14.39
1473.0 37290.43 5514.89 14.79
1476.8 37245.30 5676.78 15.24
1480.7 37186.44 5868.43 15.78
1484.4 37061.40 6062.52 16.36
1488.2 36961.08 6281.40 16.99
1492.0 36836.53 6499.09 17.64
1495.8 36720.78 6724.90 18.31
1499.6 36605.30 6932.72 18.94
1503.4 36479.87 7127.12 19.54
1507.2 36356.05 7330.99 20.16
1510.9 36204.04 7511.66 20.75
1514.7 36047.88 7671.31 21.28
1518.5 35919.58 7847.84 21.85
1522.3 35781.38 8026.17 22.43
1526.0 35674.52 8209.69 23.01
1529.8 35609.17 8416.76 23.64
1533.6 35484.33 8601.61 24.24
1537.3 35352.32 8768.45 24.80
1541.1 35225.58 8934.35 25.36
1544.8 35097.60 9084.00 25.88
1548.6 34949.35 9228.96 26.41
1552.4 34850.72 9382.79 26.92
1556.1 34790.76 9538.78 27.42
1559.9 34705.82 9688.52 27.92
1563.6 34578.39 9806.85 28.36
1567.3 34459.02 9932.84 28.83
1571.1 34243.92 10024.82 29.27
1574.8 34100.68 10130.43 29.71
1578.6 34000.34 10239.74 30.12
1582.3 33854.52 10318.09 30.48
1586.0 33716.51 10381.87 30.79
1589.8 33582.95 10444.45 31.10
1593.5 33431.04 10503.95 31.42
1597.2 33294.67 10562.00 31.72
1600.9 33154.19 10609.25 32.00
1604.7 33000.40 10650.10 32.27
1608.4 32856.34 10701.89 32.57
1612.1 32695.22 10724.59 32.80
1615.8 32545.96 10750.01 33.03
1619.5 32465.11 10796.80 33.26
1623.2 32316.22 10809.89 33.45
1626.9 32130.25 10809.39 33.64
1630.6 31953.68 10805.30 33.82
1634.3 31816.04 10813.30 33.99
1638.0 31668.49 10815.75 34.15
1641.7 31487.82 10799.39 34.30
1645.4 31299.16 10768.21 34.40
1649.1 31105.38 10726.41 34.48
1652.8 30949.76 10689.15 34.54
1656.4 30780.36 10643.39 34.58
1660.1 30613.88 10600.66 34.63
1663.8 30416.03 10548.27 34.68
1667.5 30257.50 10510.70 34.74
1671.1 30134.40 10476.96 34.77
1674.8 29937.06 10409.85 34.77
1678.5 29873.87 10376.28 34.73
1682.1 29892.23 10354.24 34.64
1685.8 29901.92 10336.73 34.57
1689.5 29795.07 10262.51 34.44
1693.1 29653.44 10167.30 34.29
1696.8 29511.75 10081.88 34.16
1700.4 29358.15 9990.11 34.03
1704.0 29237.42 9905.27 33.88
1707.7 28983.16 9766.92 33.70
1711.3 28689.26 9606.04 33.48
1715.0 28479.20 9477.92 33.28
1718.6 28311.14 9363.57 33.07
1722.2 28171.19 9251.54 32.84
1725.9 28024.58 9130.79 32.58
1729.5 27888.80 9015.00 32.32
1733.1 27770.82 8914.68 32.10
1736.7 27655.67 8799.53 31.82
1740.3 27487.42 8662.72 31.52
1744.0 27395.86 8558.51 31.24
1747.5 27255.01 8423.49 30.91
1751.2 27041.09 8265.94 30.57
1754.8 26881.34 8125.70 30.23
1758.4 26750.86 7993.55 29.88
1762.0 26572.85 7852.64 29.55
1765.5 26446.23 7733.19 29.24
1769.1 26402.40 7646.40 28.96
1772.7 26328.38 7553.52 28.69
1776.3 26208.92 7461.47 28.47
1779.9 26081.92 7375.62 28.28
1783.5 26027.60 7301.12 28.05
1787.0 25897.14 7229.61 27.92
1790.6 25747.79 7161.37 27.81
1794.2 25651.68 7095.20 27.66
1797.8 25552.23 7048.80 27.59
1801.3 25471.95 7019.58 27.56
1804.9 25318.13 6974.63 27.55
1808.4 25235.40 6942.07 27.51
1812.0 25102.89 6877.10 27.40
1815.5 24947.72 6813.78 27.31
1819.1 24745.29 6755.43 27.30
1822.6 24588.72 6695.52 27.23
1826.2 24468.62 6635.36 27.12
1829.7 24298.19 6550.36 26.96
1833.2 24066.25 6433.31 26.73
1836.8 23846.10 6319.04 26.50
1840.3 23701.28 6221.79 26.25
1843.8 23605.26 6129.41 25.97
1847.3 23552.23 6015.52 25.54
1850.8 23482.37 5858.50 24.95
1854.3 23328.90 5670.91 24.31
1857.8 23249.20 5465.20 23.51
1861.3 23245.10 5181.42 22.29
1864.8 23154.55 4819.68 20.82
1868.3 22923.75 4407.00 19.22
1871.8 22725.12 3939.84 17.34
1875.3 22663.55 3480.75 15.36
1878.8 22668.35 3054.93 13.48
1882.3 22613.87 2663.22 11.78
1885.8 22446.65 2312.93 10.30
1889.3 22245.45 2010.18 9.04
1892.7 22073.02 1832.78 8.30
1896.2 21956.57 1707.52 7.78
1899.7 21800.31 1671.07 7.67
1903.1 21719.54 1759.30 8.10
1906.6 21807.87 1909.59 8.76
1910.0 22098.88 2230.74 10.09
1913.5 22634.73 2728.42 12.05
1917.0 23151.98 3434.03 14.83
1920.4 23436.08 4206.48 17.95
1923.8 23677.97 4551.37 19.22
1871.2 20787.15 2930.35 14.10
1873.9 20907.54 2684.58 12.84
1876.7 21048.38 2386.42 11.34
1879.5 21252.88 2090.29 9.84
1882.3 20993.42 1777.27 8.47
1885.1 20851.78 1465.40 7.03
1887.8 20921.79 1261.74 6.03
1890.6 20723.54 1107.13 5.34
1893.4 20650.67 946.00 4.58
1896.2 20581.86 770.19 3.74
1898.9 20516.13 700.14 3.41
1901.7 20380.18 628.98 3.09
1904.5 20546.36 576.61 2.81
1907.2 20463.00 584.25 2.86
1910.0 20358.58 562.03 2.76
1912.7 20364.96 532.44 2.61
1915.5 20273.08 530.63 2.62
1918.2 20210.43 515.28 2.55
1921.0 20079.87 491.68 2.45
1923.7 20126.73 516.93 2.57
1926.5 20096.89 514.55 2.56
1929.2 20080.15 493.83 2.46
1932.0 20066.00 505.60 2.52
1934.7 20016.92 515.90 2.58
1937.4 19925.11 508.67 2.55
1940.2 19881.39 513.25 2.58
1942.9 19959.98 535.92 2.68
1945.6 19965.22 531.52 2.66
1948.3 19894.11 541.50 2.72
1951.1 19862.99 586.95 2.95
1953.8 19866.00 591.00 2.97
1956.5 19752.03 578.04 2.93
1959.2 19805.76 598.00 3.02
1961.9 19837.86 607.92 3.06
1964.6 19745.08 633.68 3.21
1967.3 19784.70 646.73 3.27
1970.0 19621.84 642.32 3.27
1972.8 19538.55 682.47 3.49
1975.5 19602.81 711.18 3.63
1978.2 19540.64 724.16 3.71
1980.9 19419.73 743.33 3.83
1983.5 19352.05 785.25 4.06
1986.2 19366.05 814.80 4.21
1988.9 19348.59 814.80 4.21
1991.6 19202.00 828.45 4.31
1994.3 19065.89 854.95 4.48
1997.0 19096.32 896.72 4.70
1999.7 19065.00 916.06 4.80
2002.3 19034.90 937.79 4.93
2005.0 18965.86 983.82 5.19
2007.7 18877.00 991.87 5.25
2010.4 18811.60 1019.24 5.42
2013.0 18774.16 1075.41 5.73
2015.7 18678.28 1091.20 5.84
2018.4 18548.96 1109.14 5.98
2021.0 18504.50 1150.33 6.22
2023.7 18401.60 1190.03 6.47
2026.4 18333.68 1188.63 6.48
2029.0 18267.40 1220.26 6.68
2031.7 18144.97 1247.78 6.88
2034.3 18142.15 1244.97 6.86
2037.0 18035.71 1294.90 7.18
2039.6 17974.39 1330.71 7.40
2042.3 17908.74 1345.19 7.51
2044.9 17825.78 1357.62 7.62
2047.5 17820.17 1385.67 7.78
2050.2 17715.60 1400.00 7.90
2052.8 17679.20 1422.40 8.05
2055.4 17538.43 1470.88 8.39
2058.1 17416.00 1486.80 8.54
2060.7 17404.47 1506.51 8.66
2063.3 17299.63 1535.45 8.88
2065.9 17230.17 1560.54 9.06
2068.6 17165.96 1577.29 9.19
2071.2 17119.44 1587.51 9.27
2073.8 17041.85 1617.44 9.49
2076.4 16999.98 1644.71 9.67
2079.0 17011.74 1657.90 9.75
2081.6 16984.09 1690.81 9.96
2084.2 16930.00 1715.57 10.13
2086.8 16834.24 1725.28 10.25
2089.4 16742.01 1736.04 10.37
2092.1 16637.33 1751.00 10.52
2094.7 16574.28 1776.93 10.72
2097.2 16549.50 1802.00 10.89
2099.8 16541.98 1836.10 11.10
2102.4 16400.35 1839.64 11.22
2105.0 16267.80 1832.55 11.26
2107.6 16238.35 1865.66 11.49
2110.2 16217.39 1895.39 11.69
2112.8 16200.74 1904.12 11.75
2115.3 16182.65 1931.18 11.93
2117.9 16188.40 1944.12 12.01
2120.5 16181.17 1964.71 12.14
2123.1 16113.83 1971.45 12.23
2125.6 16056.05 1985.41 12.37
2128.2 15953.26 2007.69 12.58
2130.8 15859.35 2009.48 12.67
2133.3 15825.33 2024.00 12.79
2135.9 15723.21 2029.75 12.91
2138.4 15584.92 2018.47 12.95
2141.0 15487.96 2003.94 12.94
2143.6 15482.13 2016.99 13.03
2146.1 15358.67 2036.27 13.26
2148.7 15182.57 2032.17 13.38
2151.2 15188.80 2026.93 13.34
2153.8 15199.37 2036.79 13.40
2156.3 15064.95 2031.89 13.49
2158.8 14994.07 2034.85 13.57
2161.4 14983.43 2054.99 13.72
2163.9 14894.98 2043.20 13.72
2166.4 14806.99 2046.01 13.82
2169.0 14777.42 2063.75 13.97
2171.5 14688.72 2046.01 13.93
2174.0 14586.43 2031.93 13.93
2176.5 14576.25 2039.18 13.99
2179.1 14537.32 2041.91 14.05
2181.6 14435.75 2019.67 13.99
2184.1 14405.16 2029.72 14.09
2186.6 14458.30 2080.72 14.39
2189.1 14358.33 2031.93 14.15
2191.6 14308.00 2028.60 14.18
2194.1 14339.64 2056.11 14.34
2196.6 14340.73 2021.02 14.09
2199.2 14399.84 2072.07 14.39
2201.7 14323.09 2084.53 14.55
2204.1 14264.18 2063.40 14.47
2206.6 14278.44 2070.15 14.50
2209.1 14246.74 2055.26 14.43
2211.6 14236.93 2055.60 14.44
2214.1 14172.61 2075.71 14.65
2216.6 14103.21 2062.50 14.62
2219.1 14137.40 2047.30 14.48
2221.6 14080.86 2055.60 14.60
2224.0 14024.61 2049.78 14.62
2226.5 13983.38 2012.85 14.39
2229.0 13981.89 2025.15 14.48
2231.5 13918.22 1976.28 14.20
2233.9 13896.33 1974.20 14.21
2236.4 13868.98 1972.46 14.22
2238.9 13826.00 1914.25 13.85
2241.3 13828.76 1912.24 13.83
2243.8 13758.80 1912.24 13.90
2246.2 13610.98 1891.81 13.90
2248.7 13571.61 1866.63 13.75
2251.2 13563.12 1864.02 13.74
2253.6 13482.24 1835.52 13.61
2256.1 13474.56 1793.28 13.31
2258.5 13495.78 1759.48 13.04
2260.9 13407.16 1741.09 12.99
2263.4 13372.75 1727.25 12.92
2265.8 13367.17 1715.61 12.83
2268.3 13288.30 1689.42 12.71
2270.7 13342.05 1654.32 12.40
2273.1 13272.94 1660.56 12.51
2275.6 13194.24 1639.68 12.43
2278.0 13232.60 1602.67 12.11
2280.4 13249.81 1608.60 12.14
2282.8 13117.21 1540.92 11.75
2285.3 13103.68 1508.67 11.51
2287.7 13191.09 1519.05 11.52
2290.1 13097.39 1482.50 11.32
2292.5 13047.88 1468.28 11.25
2294.9 13056.31 1481.88 11.35
2297.3 12972.40 1467.31 11.31
2299.7 12875.52 1389.81 10.79
2302.1 12826.01 1386.70 10.81
2304.5 12696.88 1375.92 10.84
2306.9 12602.80 1301.44 10.33
2309.3 12519.08 1312.64 10.49
2311.7 12473.65 1287.40 10.32
2314.1 12315.17 1252.39 10.17
2316.5 12229.76 1260.80 10.31
2318.9 12290.12 1206.15 9.81
2321.3 12265.32 1196.42 9.75
2323.7 12235.57 1209.98 9.89
2326.1 12214.93 1192.88 9.77
2328.4 12270.09 1167.61 9.52
2330.8 12319.08 1153.38 9.36
2333.2 12235.57 1149.02 9.39
2335.6 12168.54 1091.89 8.97
2337.9 12202.83 1076.72 8.82
2340.3 12141.58 1070.58 8.82
2342.7 12039.09 1049.45 8.72
2345.0 12013.82 1036.19 8.62
2347.4 11993.50 1011.50 8.43
2349.7 11798.34 1008.11 8.54
2352.1 11775.76 973.45 8.27
2354.4 11820.42 949.93 8.04
2356.8 11728.38 941.03 8.02
2359.2 11704.33 966.33 8.26
2361.5 11645.74 938.12 8.06
2363.8 11633.53 887.12 7.63
2366.2 11660.03 873.84 7.49
2368.5 11627.85 863.30 7.42
2370.9 11603.83 863.35 7.44
2373.2 11533.95 836.38 7.25
2375.5 11398.48 805.45 7.07
2377.9 11373.04 784.03 6.89
2380.2 11408.35 792.63 6.95
2382.5 11308.30 748.99 6.62
2384.8 11261.28 733.12 6.51
2387.2 11252.00 759.51 6.75
2389.5 11242.29 736.58 6.55
2391.8 11232.13 717.75 6.39
2394.1 11132.13 700.56 6.29
2396.4 11089.46 691.88 6.24
2398.7 11160.99 686.91 6.15
2401.0 11096.58 628.02 5.66
2403.3 10926.12 592.62 5.42
2405.6 10921.36 584.81 5.35
2407.9 10891.74 606.21 5.57
2410.2 10793.71 606.61 5.62
2412.5 10752.81 564.07 5.25
2414.8 10737.29 580.26 5.40
2417.1 10694.97 567.78 5.31
2419.4 10638.82 541.84 5.09
2421.7 10597.44 551.95 5.21
2424.0 10571.95 544.18 5.15
2426.2 10576.95 486.85 4.60
2428.5 10508.39 465.12 4.43
2430.8 10485.80 474.15 4.52
2433.1 10443.79 470.19 4.50
2435.4 10361.94 486.77 4.70
2437.6 10328.37 453.20 4.39
2439.9 10224.92 415.51 4.06
2442.2 10193.49 432.31 4.24
2444.4 10223.13 436.49 4.27
2446.7 10173.28 402.96 3.96
2448.9 10197.11 402.67 3.95
2451.2 10173.72 369.52 3.63
2453.4 10028.37 331.47 3.31
2455.7 9998.26 358.82 3.59
2457.9 9908.42 347.99 3.51
2460.2 9870.17 339.08 3.44
2462.4 9896.64 355.68 3.59
2464.7 9834.69 321.73 3.27
2466.9 9751.98 295.32 3.03
2469.2 9722.50 304.64 3.13
2471.4 9624.29 275.73 2.86
2473.6 9553.77 267.80 2.80
2475.9 9536.85 311.57 3.27
2478.1 9427.70 286.93 3.04
2480.3 9377.37 250.62 2.67
2482.5 9321.43 300.23 3.22
2484.8 9240.44 298.55 3.23
2487.0 9258.33 259.23 2.80
2489.2 9302.30 278.92 3.00
2491.4 9183.58 253.61 2.76
2493.6 9147.34 203.80 2.23
2495.8 9177.35 237.55 2.59
2498.0 9103.79 251.31 2.76
2500.2 9132.70 210.63 2.31
2502.4 9403.92 275.28 2.93
2504.6 9512.07 253.53 2.67
2506.8 9585.80 185.09 1.93
