/*** Spectra Vista SIG Data ***/
name= \My Documents\HR1024_Data\DS2.
instrument= HR: 1091052
integration= 200, 60, 30, 1000, 60, 30
scan time= 1, 1
scan settings= AD, AI, AD, AI
external data set1= 8224, 8224, 8224, 8224, 8224, 8224, 8224, 8224, 8224, 8224, 8224, 8224, 8224, 8224, 8224, 8224
external data set2= 8224, 8224, 8224, 8224, 8224, 8224, 8224, 8224, 8224, 8224, 8224, 8224, 8224, 8224, 8224, 8224
external data dark= 0,0,0,0,0,0,0,0
external data mask= 0
optic= LENS4 , LENS4 
temp= 31.05, 8.88, -5.37, 35.80, 8.88, -5.37
battery= 7.7, 7.4
error= 0, 0
units= Radiance, Radiance
time= 1/12/08 9:49:29 AM, 1/12/08 9:56:21 AM
longitude= , 
latitude= , 
gpstime= , 
comm= 
memory slot= 0, 0
factors= 
data= 
346.4 468.20 36.31 7.76
347.9 473.76 35.77 7.55
349.5 521.04 38.69 7.43
351.1 558.48 41.81 7.49
352.6 585.06 41.11 7.03
354.2 625.05 42.54 6.81
355.7 673.50 45.12 6.70
357.3 724.71 46.46 6.41
358.8 751.43 44.04 5.86
360.4 798.47 46.43 5.81
361.9 821.87 41.79 5.08
363.5 851.78 46.40 5.45
365.1 887.68 47.16 5.31
366.6 918.37 46.26 5.04
368.2 973.68 45.66 4.69
369.7 1008.89 43.75 4.34
371.3 1073.36 45.44 4.23
372.8 1148.72 48.47 4.22
374.4 1191.49 48.73 4.09
375.9 1247.87 46.34 3.71
377.4 1278.23 50.09 3.92
379.0 1330.29 51.56 3.88
380.5 1360.26 46.16 3.39
382.1 1412.49 47.28 3.35
383.6 1460.03 45.36 3.11
385.2 1529.00 47.85 3.13
386.7 1608.26 47.65 2.96
388.3 1679.42 48.37 2.88
389.8 1759.55 50.51 2.87
391.3 1843.67 53.47 2.90
392.9 1897.62 48.93 2.58
394.4 1955.58 56.98 2.91
395.9 2019.02 56.52 2.80
397.5 2131.80 60.72 2.85
399.0 2240.25 61.80 2.76
400.6 2303.62 59.43 2.58
402.1 2342.64 51.60 2.20
403.6 2375.92 55.14 2.32
405.1 2451.81 52.10 2.12
406.7 2542.40 54.21 2.13
408.2 2650.73 55.24 2.08
409.7 2746.24 54.21 1.97
411.3 2843.51 59.21 2.08
412.8 2936.43 59.72 2.03
414.3 3034.90 64.12 2.11
415.8 3152.50 64.00 2.03
417.4 3253.58 62.74 1.93
418.9 3339.60 64.77 1.94
420.4 3424.70 66.30 1.94
421.9 3487.22 64.86 1.86
423.5 3546.87 64.91 1.83
425.0 3613.98 62.93 1.74
426.5 3695.85 62.35 1.69
428.0 3801.23 64.04 1.68
429.5 3926.30 63.99 1.63
431.1 4071.24 66.95 1.64
432.6 4225.66 64.21 1.52
434.1 4373.60 68.15 1.56
435.6 4514.36 68.50 1.52
437.1 4642.95 69.42 1.50
438.6 4769.06 69.56 1.46
440.1 4906.69 71.37 1.45
441.6 5042.30 74.09 1.47
443.1 5179.95 75.33 1.45
444.7 5318.34 79.73 1.50
446.2 5433.01 77.89 1.43
447.7 5551.25 82.85 1.49
449.2 5676.48 82.94 1.46
450.7 5788.64 82.37 1.42
452.2 5916.62 80.57 1.36
453.7 6028.91 81.58 1.35
455.2 6201.73 80.06 1.29
456.7 6390.56 84.13 1.32
458.2 6607.30 87.03 1.32
459.7 6823.25 89.25 1.31
461.2 7031.76 88.96 1.27
462.7 7219.07 92.36 1.28
464.2 7396.86 93.33 1.26
465.7 7583.22 96.13 1.27
467.2 7742.35 100.87 1.30
468.7 7912.00 102.00 1.29
470.2 8015.91 106.76 1.33
471.7 8177.13 111.15 1.36
473.2 8446.52 113.32 1.34
474.6 8688.33 111.50 1.28
476.1 8747.12 106.85 1.22
477.6 8779.39 106.88 1.22
479.1 8829.54 107.94 1.22
480.6 8916.06 107.15 1.20
482.1 9046.91 105.40 1.17
483.6 9204.08 108.89 1.18
485.1 9394.00 107.36 1.14
486.6 9626.34 111.70 1.16
488.0 9867.00 111.48 1.13
489.5 10130.90 112.73 1.11
491.0 10387.73 118.36 1.14
492.5 10649.88 120.85 1.13
494.0 10928.34 123.93 1.13
495.4 11158.95 127.38 1.14
496.9 11406.10 127.25 1.12
498.4 11649.48 130.66 1.12
499.9 11878.23 134.31 1.13
501.4 12101.58 135.06 1.12
502.8 12308.24 137.55 1.12
504.3 12497.40 139.32 1.11
505.8 12681.02 143.28 1.13
507.2 12808.72 142.26 1.11
508.7 12896.48 145.10 1.13
510.2 12964.78 146.08 1.13
511.6 13008.39 146.65 1.13
513.1 13093.74 144.74 1.11
514.6 13195.49 143.13 1.08
516.0 13281.41 147.59 1.11
517.5 13429.99 147.05 1.09
519.0 13603.01 146.71 1.08
520.5 13772.72 146.29 1.06
521.9 13993.28 150.61 1.08
523.4 14243.35 153.12 1.08
524.8 14493.24 154.38 1.07
526.3 14778.04 157.80 1.07
527.8 15074.01 160.39 1.06
529.2 15339.71 164.15 1.07
530.7 15629.94 167.68 1.07
532.1 15903.48 171.90 1.08
533.6 16214.37 173.57 1.07
535.0 16534.98 179.14 1.08
536.5 16856.03 183.79 1.09
538.0 17178.24 186.21 1.08
539.4 17501.02 192.13 1.10
540.9 17879.62 197.35 1.10
542.3 18237.67 199.02 1.09
543.8 18504.51 200.94 1.09
545.2 18600.74 203.30 1.09
546.6 18637.00 203.93 1.09
548.1 18690.38 203.03 1.09
549.5 18745.60 201.86 1.08
551.0 18790.92 205.81 1.10
552.4 18868.34 202.66 1.07
553.9 18922.09 206.21 1.09
555.3 18999.63 204.63 1.08
556.8 19143.87 207.04 1.08
558.2 19276.31 210.26 1.09
559.6 19441.66 211.85 1.09
561.1 19660.88 213.53 1.09
562.5 19883.82 216.34 1.09
564.0 20177.05 223.49 1.11
565.4 20444.07 224.55 1.10
566.8 20774.24 230.48 1.11
568.3 21077.79 234.62 1.11
569.7 21403.31 240.86 1.13
571.1 21706.83 248.57 1.15
572.6 22010.94 253.69 1.15
574.0 22299.75 262.68 1.18
575.4 22570.31 273.04 1.21
576.9 22820.49 282.05 1.24
578.3 23040.88 291.01 1.26
579.7 23243.15 300.51 1.29
581.1 23410.31 310.36 1.33
582.6 23592.46 322.39 1.37
584.0 23735.52 334.11 1.41
585.4 23971.18 351.25 1.47
586.8 24286.87 370.36 1.52
588.3 24642.54 390.31 1.58
589.7 24935.04 407.16 1.63
591.1 25126.37 423.20 1.68
592.5 25213.30 440.74 1.75
594.0 25248.06 459.54 1.82
595.4 25246.58 479.60 1.90
596.8 25248.80 498.50 1.97
598.2 25256.70 524.55 2.08
599.6 25254.00 543.58 2.15
601.0 25321.45 570.54 2.25
602.4 25392.58 601.98 2.37
603.9 25508.50 630.47 2.47
605.3 25652.08 664.24 2.59
606.7 25770.60 696.24 2.70
608.1 26003.60 733.60 2.82
609.5 26249.20 776.11 2.96
610.9 26543.12 816.69 3.08
612.3 26820.62 863.53 3.22
613.7 27191.20 911.51 3.35
615.1 27470.34 961.63 3.50
616.5 27748.85 1008.90 3.64
617.9 28163.94 1070.15 3.80
619.3 28559.37 1131.20 3.96
620.7 29021.55 1201.56 4.14
622.1 29524.34 1231.58 4.17
623.5 30070.32 1232.64 4.10
624.9 30686.25 1236.64 4.03
626.3 31117.56 1247.86 4.01
627.7 30854.43 1257.99 4.08
629.1 30617.27 1297.55 4.24
630.5 30534.25 1362.59 4.46
631.9 30583.88 1444.95 4.72
633.3 30636.73 1532.57 5.00
634.7 30802.72 1622.73 5.27
636.1 30887.16 1696.00 5.49
637.5 30991.21 1772.20 5.72
638.9 31137.59 1847.78 5.93
640.2 31275.86 1924.46 6.15
641.6 31334.94 1993.21 6.36
643.0 31307.82 2054.99 6.56
644.4 31297.86 2103.77 6.72
645.8 31223.60 2142.94 6.86
647.2 31327.01 2184.47 6.97
648.5 31378.61 2225.57 7.09
649.9 31215.99 2245.50 7.19
651.3 31061.55 2277.66 7.33
652.7 30880.50 2297.04 7.44
654.1 30705.72 2226.79 7.25
655.5 30448.41 2146.89 7.05
656.8 30219.54 2069.15 6.85
658.2 30347.48 2027.41 6.68
659.6 30667.01 1996.96 6.51
660.9 30915.41 1972.69 6.38
662.3 31175.28 1939.12 6.22
663.7 31418.10 1903.02 6.06
665.0 31622.76 1860.92 5.88
666.4 31821.65 1822.16 5.73
667.8 32088.83 1796.48 5.60
669.1 32304.87 1768.52 5.47
670.5 32567.66 1749.20 5.37
671.9 32723.64 1734.41 5.30
673.2 32957.22 1731.71 5.25
674.6 33165.65 1739.76 5.25
676.0 33416.99 1763.28 5.28
677.3 33670.84 1802.54 5.35
678.7 33959.63 1854.28 5.46
680.0 34360.72 1938.11 5.64
681.4 34770.40 2050.74 5.90
682.8 35166.95 2201.75 6.26
684.1 35575.02 2399.90 6.75
685.5 35948.61 2643.23 7.35
686.8 36307.14 2931.34 8.07
688.2 36654.12 3256.25 8.88
689.5 36792.82 3600.17 9.78
690.9 36894.22 3980.03 10.79
692.2 37000.50 4371.72 11.82
693.6 37086.31 4777.41 12.88
694.9 37102.94 5150.41 13.88
696.2 37172.03 5510.34 14.82
697.6 37238.58 5854.09 15.72
698.9 37321.68 6191.33 16.59
700.3 37412.04 6517.47 17.42
701.6 37521.51 6835.16 18.22
703.0 37648.39 7130.73 18.94
704.3 37727.46 7367.59 19.53
705.6 37779.39 7608.33 20.14
707.0 37853.11 7828.14 20.68
708.3 37804.36 7992.74 21.14
709.6 37779.31 8152.30 21.58
711.0 37700.05 8273.49 21.95
712.3 37603.29 8386.25 22.30
713.6 37599.66 8508.36 22.63
714.9 37564.50 8623.25 22.96
716.3 37606.65 8738.44 23.24
717.6 37655.10 8857.83 23.52
718.9 37643.31 8932.40 23.73
720.2 37519.65 8946.92 23.85
721.6 37437.79 8986.74 24.00
722.9 37295.06 9035.21 24.23
724.2 37099.21 9055.74 24.41
725.5 36957.59 9104.10 24.63
726.8 36833.83 9106.49 24.72
728.1 36764.75 9117.05 24.80
729.5 36694.32 9133.35 24.89
730.8 36660.60 9155.84 24.97
732.1 36590.42 9172.81 25.07
733.4 36549.03 9193.34 25.15
734.7 36509.02 9190.73 25.17
736.0 36510.50 9212.37 25.23
737.3 36452.29 9227.69 25.31
738.6 36538.42 9282.66 25.41
739.9 36706.85 9393.06 25.59
741.2 36841.35 9437.06 25.62
742.5 37078.82 9543.09 25.74
743.8 37494.19 9705.47 25.89
745.1 38118.44 9912.24 26.00
746.4 38876.11 10107.28 26.00
747.7 39639.96 10278.77 25.93
749.0 40400.48 10451.68 25.87
750.3 40850.46 10497.54 25.70
751.6 40764.46 10457.94 25.65
752.9 40356.61 10391.72 25.75
754.2 39863.99 10318.35 25.88
755.4 39350.05 10227.49 25.99
756.7 39155.03 10240.69 26.15
758.0 39142.09 10288.36 26.28
759.3 39351.46 10402.28 26.43
760.6 39645.76 10569.94 26.66
761.9 39928.94 10706.74 26.81
763.1 40078.15 10768.97 26.87
764.4 40287.45 10858.40 26.95
765.7 40433.25 10925.85 27.02
767.0 40515.07 10970.91 27.08
768.2 40595.52 11012.74 27.13
769.5 40644.33 11048.78 27.18
770.8 40787.04 11115.44 27.25
772.0 40799.41 11129.88 27.28
773.3 40833.29 11185.41 27.39
774.6 40907.98 11231.24 27.45
775.8 40955.53 11254.36 27.48
777.1 40964.33 11274.41 27.52
778.4 40867.87 11252.88 27.53
779.6 40816.98 11264.95 27.60
780.9 40688.00 11271.20 27.70
782.1 40484.72 11248.25 27.78
783.4 40464.32 11245.31 27.79
784.6 40463.12 11274.38 27.86
785.9 40670.74 11402.44 28.04
787.1 41171.80 11586.10 28.14
788.4 41528.97 11627.91 28.00
789.6 41482.13 11459.16 27.62
790.9 41134.16 11258.92 27.37
792.1 40655.28 11138.11 27.40
793.4 40180.32 11040.00 27.48
794.6 39846.60 10953.58 27.49
795.8 39587.54 10904.30 27.54
797.1 39290.10 10844.58 27.60
798.3 39054.26 10820.12 27.71
799.5 38943.25 10780.74 27.68
800.8 38778.22 10748.04 27.72
802.0 38618.88 10707.88 27.73
803.2 38465.20 10635.56 27.65
804.5 38332.71 10602.55 27.66
805.7 38219.65 10563.66 27.64
806.9 38073.35 10525.15 27.64
808.1 37984.05 10523.19 27.70
809.4 37906.28 10530.63 27.78
810.6 37824.15 10528.70 27.84
811.8 37796.29 10549.67 27.91
813.0 37827.58 10570.53 27.94
814.2 37840.50 10586.40 27.98
815.4 37955.24 10599.42 27.93
816.6 38027.91 10604.42 27.89
817.9 38102.35 10603.18 27.83
819.1 38072.96 10537.38 27.68
820.3 37949.69 10477.36 27.61
821.5 37894.61 10433.70 27.53
822.7 37866.54 10419.52 27.52
823.9 37906.28 10410.15 27.46
825.1 37943.15 10391.78 27.39
826.3 38020.73 10386.88 27.32
827.5 38108.05 10386.49 27.26
828.7 38176.32 10366.70 27.15
829.9 38262.68 10375.00 27.12
831.0 38386.63 10404.92 27.11
832.2 38533.16 10429.28 27.07
833.4 38634.36 10456.03 27.06
834.6 38746.88 10483.13 27.06
835.8 38872.58 10514.07 27.05
837.0 39026.76 10581.94 27.11
838.1 39200.00 10648.60 27.16
839.3 39334.99 10677.96 27.15
840.5 39499.16 10718.81 27.14
841.7 39675.29 10814.18 27.26
842.9 39834.34 10901.82 27.37
844.0 40002.80 10940.97 27.35
845.2 40188.33 10989.23 27.34
846.4 40315.24 11016.85 27.33
847.5 40575.08 11083.42 27.32
848.7 40794.29 11137.26 27.30
849.9 41043.27 11172.06 27.22
851.0 41176.72 11141.94 27.06
852.2 41283.01 11148.59 27.01
853.3 41336.03 11123.17 26.91
854.5 41385.60 11105.62 26.83
855.6 41408.01 11124.14 26.86
856.8 41491.09 11158.29 26.89
857.9 41535.42 11169.74 26.89
859.1 41657.80 11220.76 26.94
860.2 41711.76 11232.41 26.93
861.4 41789.90 11247.55 26.91
862.5 41857.52 11278.67 26.95
863.7 41978.22 11295.58 26.91
864.8 42001.40 11306.33 26.92
865.9 42003.19 11283.17 26.86
867.1 42077.89 11298.38 26.85
868.2 42118.25 11303.37 26.84
869.3 42153.63 11303.52 26.82
870.5 42092.46 11268.05 26.77
871.6 42122.53 11292.67 26.81
872.7 42223.14 11340.06 26.86
873.9 42262.83 11343.37 26.84
875.0 42247.20 11323.59 26.80
876.1 42225.11 11307.27 26.78
877.2 42279.84 11302.30 26.73
878.3 42302.12 11251.36 26.60
879.4 42284.06 11263.84 26.64
880.5 42343.92 11260.80 26.59
881.7 42326.05 11203.01 26.47
882.8 42351.34 11206.39 26.46
883.9 42430.09 11151.80 26.28
885.0 42357.32 11104.82 26.22
886.1 42357.47 11068.06 26.13
887.2 42241.92 10993.32 26.02
888.3 42147.85 10929.48 25.93
889.4 42045.32 10867.18 25.85
890.5 41945.29 10825.81 25.81
891.6 41864.40 10801.74 25.80
892.7 41844.69 10777.38 25.76
893.8 41881.85 10796.61 25.78
894.9 41879.31 10811.75 25.82
896.0 41812.69 10748.69 25.71
897.0 41850.92 10739.24 25.66
898.1 41821.61 10725.21 25.65
899.2 41852.54 10722.32 25.62
900.3 41747.94 10657.65 25.53
901.4 41622.41 10604.05 25.48
902.4 41658.53 10619.66 25.49
903.5 41604.82 10579.95 25.43
904.6 41550.72 10584.36 25.47
905.7 41565.54 10556.42 25.40
906.7 41536.49 10536.84 25.37
907.8 41558.34 10535.34 25.35
908.9 41493.73 10489.07 25.28
909.9 41451.58 10459.54 25.23
911.0 41358.23 10413.60 25.18
912.1 41297.17 10352.32 25.07
913.1 41189.72 10306.82 25.02
914.2 41099.85 10263.05 24.97
915.2 41068.89 10227.76 24.90
916.3 41034.15 10208.79 24.88
917.3 40975.74 10169.18 24.82
918.4 40862.80 10089.53 24.69
919.4 40836.29 10026.15 24.55
920.5 40782.84 10003.57 24.53
921.5 40833.45 9968.99 24.41
922.6 40729.18 9892.12 24.29
923.6 40739.49 9857.08 24.20
924.7 40774.75 9842.70 24.14
925.7 40746.72 9774.00 23.99
926.7 40808.40 9706.26 23.78
927.8 40839.01 9641.78 23.61
928.8 40966.59 9654.73 23.57
929.9 41048.46 9600.21 23.39
930.9 41217.18 9590.70 23.27
931.9 41378.61 9615.80 23.24
932.9 41679.25 9645.67 23.14
934.0 41702.58 9575.54 22.96
935.0 41757.18 9541.47 22.85
936.0 41670.71 9492.58 22.78
937.0 41632.50 9432.74 22.66
938.1 41580.55 9357.71 22.51
939.1 41508.45 9344.81 22.51
940.1 41591.64 9279.82 22.31
941.1 41779.29 9268.70 22.18
942.1 41991.60 9248.15 22.02
943.1 42156.63 9222.71 21.88
944.1 42391.18 9236.83 21.79
945.2 42445.20 9171.29 21.61
946.2 42493.04 9089.63 21.39
947.2 42572.63 9068.25 21.30
948.2 42750.54 9026.02 21.11
949.2 42846.38 8939.45 20.86
950.2 42880.60 8879.60 20.71
951.2 42968.52 8799.34 20.48
952.2 43001.40 8751.37 20.35
953.2 43164.71 8727.58 20.22
954.2 43310.48 8686.22 20.06
955.2 43368.34 8606.07 19.84
956.2 43301.73 8547.63 19.74
957.2 43392.87 8502.96 19.60
958.2 43492.10 8483.16 19.51
959.2 43506.45 8451.54 19.43
960.1 43588.22 8414.69 19.30
961.1 43692.83 8446.12 19.33
962.1 43658.44 8375.44 19.18
963.1 43782.00 8369.66 19.12
964.1 43817.42 8371.26 19.10
965.1 43908.74 8398.10 19.13
966.1 44007.38 8372.62 19.03
967.0 44141.86 8387.36 19.00
968.0 44131.86 8381.52 18.99
969.0 44255.20 8341.72 18.85
970.0 44255.36 8361.06 18.89
971.0 44316.83 8362.10 18.87
971.9 44400.90 8294.47 18.68
972.9 44577.14 8266.32 18.54
973.9 44494.78 8200.60 18.43
974.9 44573.29 8139.00 18.26
975.8 44702.44 8049.28 18.01
976.8 44666.28 7961.34 17.82
977.8 44950.93 7894.29 17.56
978.8 44877.90 7831.50 17.45
979.7 45104.10 7788.71 17.27
980.7 45212.81 7754.18 17.15
981.7 45433.99 7669.43 16.88
982.6 45657.51 7700.80 16.87
983.6 46147.45 7707.32 16.70
984.6 46551.05 7849.08 16.86
985.5 47031.84 7769.88 16.52
986.5 47664.14 7872.88 16.52
987.5 48852.12 7973.99 16.32
988.4 49722.20 7959.82 16.01
989.4 51183.38 8089.47 15.80
990.4 52549.20 8232.71 15.67
991.3 54023.93 8146.20 15.08
992.3 54777.10 8294.82 15.14
993.2 55874.36 8482.13 15.18
994.2 57686.85 8653.03 15.00
995.2 57633.14 8449.13 14.66
996.1 59292.71 8618.84 14.54
997.1 59931.56 7947.45 13.26
998.0 60640.20 8290.92 13.67
999.0 59258.53 8166.11 13.78
1000.0 60377.42 7950.32 13.17
1000.9 59810.48 7712.40 12.89
1001.9 59598.95 7703.27 12.93
1002.8 60212.52 7693.82 12.78
1003.8 59788.51 7331.73 12.26
1004.8 59326.80 7393.03 12.46
961.5 55398.21 10151.51 18.32
965.5 54418.85 10406.11 19.12
969.5 52458.23 10311.20 19.66
973.4 50487.36 9962.24 19.73
977.4 48611.32 9480.09 19.50
981.4 47578.80 9068.09 19.06
985.3 47203.20 8824.38 18.69
989.3 47137.31 8686.82 18.43
993.3 47133.16 8701.76 18.46
997.2 47029.21 8727.82 18.56
1001.2 46955.35 8798.53 18.74
1005.2 46914.32 8900.84 18.97
1009.1 47038.13 8999.26 19.13
1013.1 47236.75 9151.71 19.37
1017.1 47375.30 9278.51 19.59
1021.0 47429.61 9363.69 19.74
1025.0 47461.87 9474.78 19.96
1029.0 47354.18 9535.82 20.14
1032.9 47271.77 9604.66 20.32
1036.9 47308.70 9716.16 20.54
1040.9 47476.08 9874.45 20.80
1044.8 47747.63 10042.93 21.03
1048.8 47970.59 10172.75 21.21
1052.7 48104.60 10306.75 21.43
1056.7 48183.46 10399.21 21.58
1060.7 48250.82 10470.98 21.70
1064.6 48272.17 10542.78 21.84
1068.6 48190.54 10544.67 21.88
1072.5 48116.11 10527.78 21.88
1076.5 48076.67 10522.41 21.89
1080.4 48048.88 10503.53 21.86
1084.4 48150.59 10474.19 21.75
1088.3 48279.53 10429.15 21.60
1092.3 48252.92 10360.52 21.47
1096.2 48221.83 10281.83 21.32
1100.2 48245.69 10222.53 21.19
1104.1 48124.97 10120.37 21.03
1108.1 48059.38 10032.24 20.87
1112.0 47955.87 9912.38 20.67
1116.0 47754.46 9730.11 20.38
1119.9 47569.76 9527.22 20.03
1123.9 47623.80 9354.74 19.64
1127.8 47592.96 9100.80 19.12
1131.8 47556.42 8763.00 18.43
1135.7 47568.82 8376.18 17.61
1139.6 47554.30 7949.73 16.72
1143.6 47510.71 7551.07 15.89
1147.5 47481.98 7231.71 15.23
1151.4 47337.52 6961.84 14.71
1155.4 47322.86 6802.36 14.37
1159.3 47329.81 6708.42 14.17
1163.2 47159.49 6619.76 14.04
1167.2 47113.86 6573.78 13.95
1171.1 47117.13 6535.18 13.87
1175.0 47022.16 6488.34 13.80
1179.0 46962.63 6456.06 13.75
1182.9 47045.30 6431.25 13.67
1186.8 47019.62 6384.52 13.58
1190.7 46784.64 6331.94 13.53
1194.7 46508.35 6286.42 13.52
1198.6 46264.68 6261.26 13.53
1202.5 46100.54 6237.92 13.53
1206.4 45962.62 6226.22 13.55
1210.3 45829.98 6254.20 13.65
1214.2 45707.13 6274.58 13.73
1218.2 45554.16 6266.73 13.76
1222.1 45384.95 6294.55 13.87
1226.0 45257.55 6342.32 14.01
1229.9 45156.00 6372.72 14.11
1233.8 45033.17 6393.50 14.20
1237.7 44950.68 6415.79 14.27
1241.6 44841.64 6439.49 14.36
1245.5 44683.61 6431.71 14.39
1249.4 44538.65 6424.28 14.42
1253.3 44401.40 6430.85 14.48
1257.2 44324.52 6454.00 14.56
1261.1 44209.48 6464.77 14.62
1265.0 44086.55 6451.62 14.63
1268.9 43910.05 6412.22 14.60
1272.8 43969.80 6409.65 14.58
1276.7 44155.69 6414.88 14.53
1280.6 44249.88 6401.46 14.47
1284.5 44188.89 6344.37 14.36
1288.4 44167.03 6284.54 14.23
1292.3 44060.50 6209.50 14.09
1296.2 43934.23 6111.93 13.91
1300.1 43787.98 6006.75 13.72
1303.9 43564.57 5867.46 13.47
1307.8 43339.22 5714.63 13.19
1311.7 43109.06 5570.65 12.92
1315.6 42877.90 5418.48 12.64
1319.5 42633.84 5240.16 12.29
1323.3 42417.44 5058.15 11.92
1327.2 42218.70 4873.60 11.54
1331.1 42002.86 4677.16 11.14
1335.0 41739.72 4489.57 10.76
1338.8 41543.11 4330.77 10.42
1342.7 41389.31 4175.09 10.09
1346.5 41042.00 4012.29 9.78
1350.4 40741.74 3872.29 9.50
1354.3 40332.24 3715.47 9.21
1358.1 39895.31 3564.76 8.94
1362.0 39644.33 3434.70 8.66
1365.8 39567.12 3305.49 8.35
1369.7 39683.68 3190.31 8.04
1373.5 39615.26 3031.20 7.65
1377.4 39354.79 2812.70 7.15
1381.2 39167.92 2566.91 6.55
1385.1 39160.09 2303.84 5.88
1389.0 39060.88 2046.85 5.24
1392.8 38834.72 1803.56 4.64
1396.6 38680.88 1590.07 4.11
1400.5 38476.57 1422.76 3.70
1404.3 38299.58 1290.80 3.37
1408.2 38263.03 1187.79 3.10
1412.0 38218.70 1111.36 2.91
1415.8 38249.29 1052.67 2.75
1419.6 38208.11 1008.34 2.64
1423.5 38172.20 972.62 2.55
1427.3 38125.77 949.23 2.49
1431.1 38099.78 939.30 2.47
1434.9 38010.73 918.32 2.42
1438.8 37949.80 905.17 2.39
1442.6 37913.52 902.43 2.38
1446.4 37795.09 889.73 2.35
1450.2 37700.99 893.92 2.37
1454.0 37583.52 896.04 2.38
1457.8 37547.69 888.74 2.37
1461.6 37527.24 894.86 2.38
1465.4 37404.28 903.97 2.42
1469.2 37216.73 916.83 2.46
1473.0 37080.95 929.02 2.51
1476.8 37019.78 952.20 2.57
1480.7 36949.43 984.53 2.66
1484.4 36826.56 1000.92 2.72
1488.2 36723.96 1035.12 2.82
1492.0 36584.11 1071.05 2.93
1495.8 36452.33 1101.10 3.02
1499.6 36350.05 1128.11 3.10
1503.4 36216.75 1150.86 3.18
1507.2 36087.28 1151.55 3.19
1510.9 35929.91 1166.81 3.25
1514.7 35749.31 1187.26 3.32
1518.5 35615.65 1208.63 3.39
1522.3 35466.30 1246.09 3.51
1526.0 35355.47 1276.22 3.61
1529.8 35294.61 1305.88 3.70
1533.6 35159.29 1331.23 3.79
1537.3 35020.99 1361.37 3.89
1541.1 34889.16 1386.53 3.97
1544.8 34754.40 1406.40 4.05
1548.6 34607.98 1427.98 4.13
1552.4 34514.76 1462.29 4.24
1556.1 34455.77 1489.38 4.32
1559.9 34373.05 1513.01 4.40
1563.6 34243.93 1540.91 4.50
1567.3 34122.03 1567.84 4.59
1571.1 33904.82 1592.80 4.70
1574.8 33749.79 1608.84 4.77
1578.6 33637.37 1645.33 4.89
1582.3 33496.17 1669.91 4.99
1586.0 33359.51 1670.01 5.01
1589.8 33217.24 1684.20 5.07
1593.5 33051.52 1705.42 5.16
1597.2 32917.71 1716.72 5.22
1600.9 32767.31 1722.95 5.26
1604.7 32613.52 1746.98 5.36
1608.4 32493.03 1770.82 5.45
1612.1 32320.35 1778.22 5.50
1615.8 32161.00 1785.25 5.55
1619.5 32072.28 1807.50 5.64
1623.2 31915.49 1824.98 5.72
1626.9 31725.78 1828.61 5.76
1630.6 31537.44 1834.36 5.82
1634.3 31397.73 1844.93 5.88
1638.0 31241.74 1839.59 5.89
1641.7 31050.65 1832.73 5.90
1645.4 30870.63 1826.62 5.92
1649.1 30683.95 1821.47 5.94
1652.8 30504.58 1811.52 5.94
1656.4 30322.32 1789.64 5.90
1660.1 30158.02 1780.95 5.91
1663.8 29966.42 1774.92 5.92
1667.5 29809.99 1759.59 5.90
1671.1 29676.54 1747.33 5.89
1674.8 29472.79 1733.42 5.88
1678.5 29413.48 1722.37 5.86
1682.1 29419.35 1715.95 5.83
1685.8 29417.21 1712.98 5.82
1689.5 29310.65 1696.63 5.79
1693.1 29167.59 1675.59 5.74
1696.8 29020.13 1657.75 5.71
1700.4 28874.60 1631.67 5.65
1704.0 28754.23 1612.21 5.61
1707.7 28493.62 1578.47 5.54
1711.3 28200.13 1541.36 5.47
1715.0 27991.44 1518.29 5.42
1718.6 27822.35 1490.31 5.36
1722.2 27677.55 1459.25 5.27
1725.9 27527.50 1430.91 5.20
1729.5 27386.37 1408.74 5.14
1733.1 27262.24 1398.62 5.13
1736.7 27144.69 1384.22 5.10
1740.3 26982.07 1362.76 5.05
1744.0 26899.89 1348.95 5.01
1747.5 26760.07 1324.61 4.95
1751.2 26551.35 1304.39 4.91
1754.8 26397.18 1271.21 4.82
1758.4 26262.14 1234.91 4.70
1762.0 26085.49 1216.00 4.66
1765.5 25956.49 1211.22 4.67
1769.1 25915.20 1209.60 4.67
1772.7 25841.75 1188.71 4.60
1776.3 25724.16 1169.28 4.55
1779.9 25608.69 1159.80 4.53
1783.5 25553.92 1150.72 4.50
1787.0 25434.82 1147.04 4.51
1790.6 25293.30 1132.46 4.48
1794.2 25193.03 1127.63 4.48
1797.8 25095.48 1126.47 4.49
1801.3 25012.46 1124.07 4.49
1804.9 24871.88 1118.25 4.50
1808.4 24792.34 1112.97 4.49
1812.0 24660.35 1115.87 4.52
1815.5 24519.60 1106.44 4.51
1819.1 24324.68 1091.33 4.49
1822.6 24164.48 1090.91 4.51
1826.2 24042.90 1080.45 4.49
1829.7 23859.90 1071.71 4.49
1833.2 23612.46 1068.10 4.52
1836.8 23400.20 1047.87 4.48
1840.3 23257.80 1034.78 4.45
1843.8 23131.92 1035.86 4.48
1847.3 23013.03 1030.71 4.48
1850.8 22865.47 1024.13 4.48
1854.3 22692.74 1031.49 4.55
1857.8 22594.00 982.80 4.35
1861.3 22615.25 921.01 4.07
1864.8 22605.64 883.61 3.91
1868.3 22468.36 800.61 3.56
1871.8 22341.12 721.92 3.23
1875.3 22323.21 672.95 3.01
1878.8 22320.32 618.72 2.77
1882.3 22237.89 548.31 2.47
1885.8 22045.10 497.92 2.26
1889.3 21861.76 467.10 2.14
1892.7 21710.01 451.55 2.08
1896.2 21503.16 443.76 2.06
1899.7 21232.37 393.19 1.85
1903.1 21059.81 426.89 2.03
1906.6 21101.81 417.22 1.98
1910.0 21348.35 396.11 1.86
1913.5 21771.66 584.66 2.69
1917.0 22339.63 775.43 3.47
1920.4 22881.38 970.73 4.24
1923.8 23136.14 975.29 4.22
1871.2 20260.60 423.53 2.09
1873.9 20445.79 418.80 2.05
1876.7 20658.97 379.43 1.84
1879.5 20770.50 435.08 2.09
1882.3 20488.21 351.85 1.72
1885.1 20498.36 267.22 1.30
1887.8 20542.45 230.91 1.12
1890.6 20318.11 218.31 1.07
1893.4 20320.67 227.33 1.12
1896.2 20203.65 240.68 1.19
1898.9 20201.38 211.97 1.05
1901.7 20074.51 188.11 0.94
1904.5 20223.67 248.63 1.23
1907.2 20168.50 213.75 1.06
1910.0 20030.00 185.90 0.93
1912.7 20048.69 204.17 1.02
1915.5 19979.54 218.27 1.09
1918.2 19877.64 221.86 1.12
1921.0 19705.09 199.42 1.01
1923.7 19733.20 196.77 1.00
1926.5 19715.86 214.94 1.09
1929.2 19701.76 237.29 1.20
1932.0 19674.16 233.84 1.19
1934.7 19635.47 215.74 1.10
1937.4 19518.79 207.81 1.06
1940.2 19475.71 208.99 1.07
1942.9 19573.26 231.42 1.18
1945.6 19572.62 217.44 1.11
1948.3 19494.00 216.60 1.11
1951.1 19465.67 249.83 1.28
1953.8 19476.00 228.00 1.17
1956.5 19368.67 215.64 1.11
1959.2 19423.04 224.25 1.15
1961.9 19438.54 247.34 1.27
1964.6 19331.55 249.90 1.29
1967.3 19375.30 252.17 1.30
1970.0 19228.16 236.80 1.23
1972.8 19159.08 217.68 1.14
1975.5 19219.42 245.84 1.28
1978.2 19120.16 248.20 1.30
1980.9 19002.89 236.12 1.24
1983.5 18950.70 244.30 1.29
1986.2 18944.10 241.53 1.27
1988.9 18909.18 244.44 1.29
1991.6 18787.78 254.91 1.36
1994.3 18678.85 248.40 1.33
1997.0 18669.58 242.20 1.30
1999.7 18631.37 249.84 1.34
2002.3 18617.79 270.41 1.45
2005.0 18540.12 276.16 1.49
2007.7 18469.93 266.60 1.44
2010.4 18400.48 294.07 1.60
2013.0 18316.11 281.66 1.54
2015.7 18226.45 269.96 1.48
2018.4 18129.14 275.16 1.52
2021.0 18062.50 257.83 1.43
2023.7 17946.51 274.19 1.53
2026.4 17902.73 276.03 1.54
2029.0 17806.29 269.92 1.52
2031.7 17677.40 287.30 1.63
2034.3 17722.47 295.75 1.67
2037.0 17610.64 281.50 1.60
2039.6 17527.07 289.77 1.65
2042.3 17481.88 297.68 1.70
2044.9 17393.81 286.11 1.64
2047.5 17348.93 288.92 1.67
2050.2 17253.60 282.80 1.64
2052.8 17214.40 277.20 1.61
2055.4 17090.17 308.18 1.80
2058.1 16973.60 322.00 1.90
2060.7 16918.14 290.68 1.72
2063.3 16842.61 295.39 1.75
2065.9 16794.67 307.08 1.83
2068.6 16710.92 270.79 1.62
2071.2 16664.67 284.58 1.71
2073.8 16591.32 302.22 1.82
2076.4 16536.88 283.47 1.71
2079.0 16525.61 300.67 1.82
2081.6 16519.89 309.47 1.87
2084.2 16487.00 293.45 1.78
2086.8 16353.42 294.15 1.80
2089.4 16268.28 329.05 2.02
2092.1 16209.50 311.67 1.92
2094.7 16113.80 279.68 1.74
2097.2 16087.67 294.67 1.83
2099.8 16089.36 301.75 1.88
2102.4 15953.94 301.39 1.89
2105.0 15826.05 324.90 2.05
2107.6 15774.07 324.71 2.06
2110.2 15742.83 315.43 2.00
2112.8 15734.02 306.38 1.95
2115.3 15735.22 297.33 1.89
2117.9 15738.64 295.97 1.88
2120.5 15682.70 311.91 1.99
2123.1 15604.88 321.75 2.06
2125.6 15567.02 322.12 2.07
2128.2 15487.92 321.93 2.08
2130.8 15394.28 315.90 2.05
2133.3 15347.20 316.80 2.06
2135.9 15264.31 317.70 2.08
2138.4 15119.35 315.29 2.09
2141.0 15032.51 299.71 1.99
2143.6 14998.41 316.62 2.11
2146.1 14847.40 314.40 2.12
2148.7 14686.27 308.35 2.10
2151.2 14704.80 319.73 2.17
2153.8 14713.72 300.22 2.04
2156.3 14589.47 304.19 2.09
2158.8 14533.35 336.68 2.32
2161.4 14517.59 327.27 2.25
2163.9 14426.20 312.52 2.17
2166.4 14354.62 325.23 2.27
2169.0 14310.27 304.54 2.13
2171.5 14227.48 310.45 2.18
2174.0 14143.15 330.23 2.33
2176.5 14124.76 316.94 2.24
2179.1 14082.55 304.18 2.16
2181.6 13967.33 325.46 2.33
2184.1 13937.00 320.32 2.30
2186.6 13993.83 307.56 2.20
2189.1 13896.09 308.16 2.22
2191.6 13840.87 303.80 2.19
2194.1 13877.92 335.49 2.42
2196.6 13844.81 339.67 2.45
2199.2 13897.52 303.49 2.18
2201.7 13871.80 315.19 2.27
2204.1 13802.39 348.18 2.52
2206.6 13786.08 335.70 2.44
2209.1 13743.34 333.08 2.42
2211.6 13738.26 323.57 2.36
2214.1 13693.60 311.74 2.28
2216.6 13643.61 341.85 2.51
2219.1 13655.01 364.64 2.67
2221.6 13597.41 319.76 2.35
2224.0 13563.60 308.61 2.28
2226.5 13534.39 296.79 2.19
2229.0 13551.73 293.11 2.16
2231.5 13416.49 310.23 2.31
2233.9 13376.81 296.32 2.22
2236.4 13409.64 304.94 2.27
2238.9 13341.63 306.13 2.29
2241.3 13300.17 314.82 2.37
2243.8 13261.31 295.39 2.23
2246.2 13153.53 283.00 2.15
2248.7 13089.53 277.68 2.12
2251.2 13067.33 303.62 2.32
2253.6 13017.60 299.52 2.30
2256.1 12979.20 257.28 1.98
2258.5 12980.99 242.03 1.86
2260.9 12912.45 230.10 1.78
2263.4 12850.74 257.17 2.00
2265.8 12840.17 238.49 1.86
2268.3 12768.77 234.75 1.84
2270.7 12812.36 264.85 2.07
2273.1 12778.22 237.77 1.86
2275.6 12710.40 234.24 1.84
2278.0 12729.12 249.82 1.96
2280.4 12680.26 211.66 1.67
2282.8 12544.20 197.46 1.57
2285.3 12570.98 221.64 1.76
2287.7 12679.54 230.40 1.82
2290.1 12579.51 225.34 1.79
2292.5 12520.09 218.26 1.74
2294.9 12538.64 201.54 1.61
2297.3 12458.25 205.66 1.65
2299.7 12334.59 201.37 1.63
2302.1 12311.40 192.49 1.56
2304.5 12214.72 203.84 1.67
2306.9 12089.28 164.64 1.36
2309.3 11994.02 176.33 1.47
2311.7 11939.85 184.48 1.55
2314.1 11791.37 177.23 1.50
2316.5 11721.50 189.12 1.61
2318.9 11765.88 165.55 1.41
2321.3 11730.50 166.39 1.42
2323.7 11744.39 175.71 1.50
2326.1 11719.24 149.11 1.27
2328.4 11761.55 162.73 1.38
2330.8 11807.83 167.69 1.42
2333.2 11712.54 140.02 1.20
2335.6 11662.03 190.98 1.64
2337.9 11681.16 179.45 1.54
2340.3 11629.38 163.74 1.41
2342.7 11548.22 177.73 1.54
2345.0 11508.47 157.13 1.37
2347.4 11492.00 148.75 1.29
2349.7 11315.65 170.87 1.51
2352.1 11286.89 128.65 1.14
2354.4 11296.02 141.85 1.26
2356.8 11214.70 189.93 1.69
2359.2 11154.00 156.00 1.40
2361.5 11109.05 174.53 1.57
2363.8 11141.66 149.32 1.34
2366.2 11165.73 119.16 1.07
2368.5 11089.40 129.05 1.16
2370.9 11067.03 134.20 1.21
2373.2 11030.32 139.40 1.26
2375.5 10914.30 135.75 1.24
2377.9 10876.18 127.63 1.17
2380.2 10876.88 137.45 1.26
2382.5 10821.23 151.64 1.40
2384.8 10769.44 167.04 1.55
2387.2 10736.28 178.16 1.66
2389.5 10704.02 141.65 1.32
2391.8 10661.73 114.08 1.07
2394.1 10613.91 110.36 1.04
2396.4 10610.47 125.80 1.19
2398.7 10654.34 155.89 1.46
2401.0 10513.07 153.30 1.46
2403.3 10428.12 149.40 1.43
2405.6 10456.51 139.95 1.34
2407.9 10375.71 110.22 1.06
2410.2 10317.44 110.29 1.07
2412.5 10224.31 132.12 1.29
2414.8 10187.84 123.24 1.21
2417.1 10204.62 123.88 1.21
2419.4 10195.97 177.14 1.74
2421.7 10103.31 152.44 1.51
2424.0 10048.90 132.08 1.31
2426.2 10074.05 117.70 1.17
2428.5 10032.46 108.17 1.08
2430.8 10006.20 76.30 0.76
2433.1 9945.94 94.04 0.95
2435.4 9886.37 173.45 1.75
2437.6 9830.42 151.07 1.54
2439.9 9708.34 117.92 1.21
2442.2 9709.99 113.77 1.17
2444.4 9752.18 97.64 1.00
2446.7 9688.56 99.28 1.02
2448.9 9658.24 88.83 0.92
2451.2 9631.36 95.36 0.99
2453.4 9564.32 114.51 1.20
2455.7 9566.46 103.39 1.08
2457.9 9468.86 128.21 1.35
2460.2 9395.46 129.47 1.38
2462.4 9422.40 112.32 1.19
2464.7 9348.95 82.01 0.88
2466.9 9251.22 70.62 0.76
2469.2 9249.34 90.74 0.98
2471.4 9151.61 111.61 1.22
2473.6 9078.42 133.90 1.47
2475.9 9042.40 74.51 0.82
2478.1 8956.32 20.50 0.23
2480.3 8952.70 76.58 0.86
2482.5 8971.16 100.08 1.12
2484.8 8832.66 87.38 0.99
2487.0 8762.09 103.69 1.18
2489.2 8850.00 60.31 0.68
2491.4 8753.22 38.43 0.44
2493.6 8669.20 101.90 1.18
2495.8 8662.66 79.18 0.91
2498.0 8674.13 72.96 0.84
2500.2 8694.60 92.68 1.07
2502.4 8942.16 44.40 0.50
2504.6 9089.52 56.34 0.62
2506.8 9176.65 58.45 0.64
