/*** Spectra Vista SIG Data ***/
name= \My Documents\HR1024_Data\DS12.
instrument= HR: 1091052
integration= 200, 60, 30, 1000, 60, 30
scan time= 1, 1
scan settings= AD, AI, AD, AI
external data set1= 8224, 8224, 8224, 8224, 8224, 8224, 8224, 8224, 8224, 8224, 8224, 8224, 8224, 8224, 8224, 8224
external data set2= 8224, 8224, 8224, 8224, 8224, 8224, 8224, 8224, 8224, 8224, 8224, 8224, 8224, 8224, 8224, 8224
external data dark= 0,0,0,0,0,0,0,0
external data mask= 0
optic= LENS4 , LENS4 
temp= 31.05, 8.88, -5.37, 36.45, 8.88, -5.30
battery= 7.7, 7.4
error= 0, 0
units= Radiance, Radiance
time= 1/12/08 9:49:29 AM, 1/12/08 9:57:32 AM
longitude= , 
latitude= , 
gpstime= , 
comm= 
memory slot= 0, 0
factors= 
data= 
346.4 468.20 40.77 8.71
347.9 473.76 45.81 9.67
349.5 521.04 42.43 8.14
351.1 558.48 39.31 7.04
352.6 585.06 44.28 7.57
354.2 625.05 39.27 6.28
355.7 673.50 40.41 6.00
357.3 724.71 43.69 6.03
358.8 751.43 47.53 6.33
360.4 798.47 48.54 6.08
361.9 821.87 43.18 5.25
363.5 851.78 46.40 5.45
365.1 887.68 45.77 5.16
366.6 918.37 47.64 5.19
368.2 973.68 48.35 4.97
369.7 1008.89 44.40 4.40
371.3 1073.36 47.41 4.42
372.8 1148.72 47.14 4.10
374.4 1191.49 47.39 3.98
375.9 1247.87 43.69 3.50
377.4 1278.23 46.19 3.61
379.0 1330.29 50.28 3.78
380.5 1360.26 47.39 3.48
382.1 1412.49 43.73 3.10
383.6 1460.03 49.33 3.38
385.2 1529.00 47.30 3.09
386.7 1608.26 51.44 3.20
388.3 1679.42 50.55 3.01
389.8 1759.55 47.76 2.71
391.3 1843.67 52.36 2.84
392.9 1897.62 54.62 2.88
394.4 1955.58 59.94 3.07
395.9 2019.02 63.43 3.14
397.5 2131.80 61.37 2.88
399.0 2240.25 62.42 2.79
400.6 2303.62 63.39 2.75
402.1 2342.64 56.76 2.42
403.6 2375.92 54.18 2.28
405.1 2451.81 51.64 2.11
406.7 2542.40 53.31 2.10
408.2 2650.73 57.02 2.15
409.7 2746.24 58.24 2.12
411.3 2843.51 60.13 2.11
412.8 2936.43 57.83 1.97
414.3 3034.90 63.15 2.08
415.8 3152.50 63.50 2.01
417.4 3253.58 65.78 2.02
418.9 3339.60 67.80 2.03
420.4 3424.70 66.80 1.95
421.9 3487.22 66.31 1.90
423.5 3546.87 66.78 1.88
425.0 3613.98 64.28 1.78
426.5 3695.85 64.93 1.76
428.0 3801.23 67.32 1.77
429.5 3926.30 64.78 1.65
431.1 4071.24 66.95 1.64
432.6 4225.66 66.52 1.57
434.1 4373.60 68.53 1.57
435.6 4514.36 71.21 1.58
437.1 4642.95 68.25 1.47
438.6 4769.06 74.67 1.57
440.1 4906.69 75.73 1.54
441.6 5042.30 79.30 1.57
443.1 5179.95 79.79 1.54
444.7 5318.34 81.79 1.54
446.2 5433.01 84.62 1.56
447.7 5551.25 84.14 1.52
449.2 5676.48 85.10 1.50
450.7 5788.64 83.20 1.44
452.2 5916.62 82.53 1.39
453.7 6028.91 82.32 1.37
455.2 6201.73 86.88 1.40
456.7 6390.56 86.94 1.36
458.2 6607.30 89.12 1.35
459.7 6823.25 87.85 1.29
461.2 7031.76 90.37 1.29
462.7 7219.07 94.15 1.30
464.2 7396.86 97.72 1.32
465.7 7583.22 96.50 1.27
467.2 7742.35 100.49 1.30
468.7 7912.00 108.40 1.37
470.2 8015.91 110.64 1.38
471.7 8177.13 115.90 1.42
473.2 8446.52 116.30 1.38
474.6 8688.33 111.03 1.28
476.1 8747.12 108.12 1.24
477.6 8779.39 106.10 1.21
479.1 8829.54 106.82 1.21
480.6 8916.06 110.77 1.24
482.1 9046.91 108.22 1.20
483.6 9204.08 111.98 1.22
485.1 9394.00 108.37 1.15
486.6 9626.34 111.37 1.16
488.0 9867.00 115.05 1.17
489.5 10130.90 114.99 1.14
491.0 10387.73 119.00 1.15
492.5 10649.88 123.44 1.16
494.0 10928.34 126.22 1.15
495.4 11158.95 125.73 1.13
496.9 11406.10 130.59 1.14
498.4 11649.48 132.69 1.14
499.9 11878.23 134.31 1.13
501.4 12101.58 138.55 1.14
502.8 12308.24 139.67 1.13
504.3 12497.40 140.40 1.12
505.8 12681.02 144.01 1.14
507.2 12808.72 145.21 1.13
508.7 12896.48 145.84 1.13
510.2 12964.78 147.96 1.14
511.6 13008.39 150.05 1.15
513.1 13093.74 147.36 1.13
514.6 13195.49 148.64 1.13
516.0 13281.41 147.95 1.11
517.5 13429.99 148.43 1.11
519.0 13603.01 149.41 1.10
520.5 13772.72 150.55 1.09
521.9 13993.28 151.25 1.08
523.4 14243.35 153.44 1.08
524.8 14493.24 158.50 1.09
526.3 14778.04 160.34 1.08
527.8 15074.01 163.58 1.09
529.2 15339.71 165.77 1.08
530.7 15629.94 170.30 1.09
532.1 15903.48 172.57 1.09
533.6 16214.37 177.30 1.09
535.0 16534.98 178.79 1.08
536.5 16856.03 184.86 1.10
538.0 17178.24 188.05 1.09
539.4 17501.02 192.52 1.10
540.9 17879.62 196.55 1.10
542.3 18237.67 200.24 1.10
543.8 18504.51 201.35 1.09
545.2 18600.74 204.09 1.10
546.6 18637.00 202.39 1.09
548.1 18690.38 204.93 1.10
549.5 18745.60 207.10 1.10
551.0 18790.92 205.07 1.09
552.4 18868.34 206.67 1.10
553.9 18922.09 208.71 1.10
555.3 18999.63 210.60 1.11
556.8 19143.87 209.46 1.09
558.2 19276.31 211.28 1.10
559.6 19441.66 212.51 1.09
561.1 19660.88 215.80 1.10
562.5 19883.82 217.94 1.10
564.0 20177.05 222.85 1.10
565.4 20444.07 227.38 1.11
566.8 20774.24 235.50 1.13
568.3 21077.79 237.45 1.13
569.7 21403.31 244.65 1.14
571.1 21706.83 252.72 1.16
572.6 22010.94 257.90 1.17
574.0 22299.75 268.62 1.20
575.4 22570.31 273.71 1.21
576.9 22820.49 283.78 1.24
578.3 23040.88 294.94 1.28
579.7 23243.15 304.22 1.31
581.1 23410.31 317.70 1.36
582.6 23592.46 329.67 1.40
584.0 23735.52 340.47 1.43
585.4 23971.18 354.36 1.48
586.8 24286.87 373.11 1.54
588.3 24642.54 390.78 1.59
589.7 24935.04 410.44 1.65
591.1 25126.37 428.27 1.70
592.5 25213.30 446.17 1.77
594.0 25248.06 465.76 1.84
595.4 25246.58 485.27 1.92
596.8 25248.80 507.08 2.01
598.2 25256.70 529.61 2.10
599.6 25254.00 553.93 2.19
601.0 25321.45 580.27 2.29
602.4 25392.58 609.09 2.40
603.9 25508.50 635.84 2.49
605.3 25652.08 670.93 2.62
606.7 25770.60 704.52 2.73
608.1 26003.60 742.01 2.85
609.5 26249.20 784.67 2.99
610.9 26543.12 828.13 3.12
612.3 26820.62 873.49 3.26
613.7 27191.20 924.63 3.40
615.1 27470.34 971.68 3.54
616.5 27748.85 1022.39 3.68
617.9 28163.94 1081.69 3.84
619.3 28559.37 1146.93 4.02
620.7 29021.55 1217.39 4.19
622.1 29524.34 1245.21 4.22
623.5 30070.32 1245.89 4.14
624.9 30686.25 1249.50 4.07
626.3 31117.56 1260.59 4.05
627.7 30854.43 1273.32 4.13
629.1 30617.27 1315.50 4.30
630.5 30534.25 1378.44 4.51
631.9 30583.88 1463.60 4.79
633.3 30636.73 1548.59 5.05
634.7 30802.72 1641.16 5.33
636.1 30887.16 1720.47 5.57
637.5 30991.21 1798.93 5.80
638.9 31137.59 1874.57 6.02
640.2 31275.86 1951.22 6.24
641.6 31334.94 2022.23 6.45
643.0 31307.82 2085.29 6.66
644.4 31297.86 2137.30 6.83
645.8 31223.60 2170.56 6.95
647.2 31327.01 2211.64 7.06
648.5 31378.61 2252.71 7.18
649.9 31215.99 2278.46 7.30
651.3 31061.55 2306.22 7.42
652.7 30880.50 2325.60 7.53
654.1 30705.72 2257.79 7.35
655.5 30448.41 2173.71 7.14
656.8 30219.54 2098.43 6.94
658.2 30347.48 2056.86 6.78
659.6 30667.01 2029.98 6.62
660.9 30915.41 2001.90 6.48
662.3 31175.28 1966.28 6.31
663.7 31418.10 1929.90 6.14
665.0 31622.76 1885.08 5.96
666.4 31821.65 1850.65 5.82
667.8 32088.83 1823.20 5.68
669.1 32304.87 1791.42 5.55
670.5 32567.66 1772.48 5.44
671.9 32723.64 1758.48 5.37
673.2 32957.22 1757.88 5.33
674.6 33165.65 1768.12 5.33
676.0 33416.99 1791.05 5.36
677.3 33670.84 1826.84 5.43
678.7 33959.63 1883.18 5.55
680.0 34360.72 1964.52 5.72
681.4 34770.40 2080.46 5.98
682.8 35166.95 2235.87 6.36
684.1 35575.02 2437.34 6.85
685.5 35948.61 2678.79 7.45
686.8 36307.14 2973.16 8.19
688.2 36654.12 3301.30 9.01
689.5 36792.82 3654.26 9.93
690.9 36894.22 4035.46 10.94
692.2 37000.50 4430.88 11.98
693.6 37086.31 4844.93 13.06
694.9 37102.94 5226.40 14.09
696.2 37172.03 5593.14 15.05
697.6 37238.58 5939.78 15.95
698.9 37321.68 6279.50 16.83
700.3 37412.04 6613.59 17.68
701.6 37521.51 6935.16 18.48
703.0 37648.39 7230.74 19.21
704.3 37727.46 7474.22 19.81
705.6 37779.39 7722.16 20.44
707.0 37853.11 7945.91 20.99
708.3 37804.36 8111.66 21.46
709.6 37779.31 8275.61 21.91
711.0 37700.05 8395.45 22.27
712.3 37603.29 8512.66 22.64
713.6 37599.66 8632.43 22.96
714.9 37564.50 8754.78 23.31
716.3 37606.65 8868.10 23.58
717.6 37655.10 8997.49 23.89
718.9 37643.31 9069.40 24.09
720.2 37519.65 9085.38 24.22
721.6 37437.79 9125.48 24.38
722.9 37295.06 9172.32 24.59
724.2 37099.21 9192.74 24.78
725.5 36957.59 9243.13 25.01
726.8 36833.83 9248.11 25.11
728.1 36764.75 9259.17 25.18
729.5 36694.32 9277.13 25.28
730.8 36660.60 9299.84 25.37
732.1 36590.42 9321.32 25.47
733.4 36549.03 9339.68 25.55
734.7 36509.02 9333.97 25.57
736.0 36510.50 9361.08 25.64
737.3 36452.29 9378.92 25.73
738.6 36538.42 9431.79 25.81
739.9 36706.85 9544.37 26.00
741.2 36841.35 9593.22 26.04
742.5 37078.82 9697.24 26.15
743.8 37494.19 9861.39 26.30
745.1 38118.44 10081.36 26.45
746.4 38876.11 10272.90 26.42
747.7 39639.96 10450.41 26.36
749.0 40400.48 10624.41 26.30
750.3 40850.46 10674.29 26.13
751.6 40764.46 10630.47 26.08
752.9 40356.61 10560.84 26.17
754.2 39863.99 10488.91 26.31
755.4 39350.05 10384.86 26.39
756.7 39155.03 10404.41 26.57
758.0 39142.09 10458.41 26.72
759.3 39351.46 10577.63 26.88
760.6 39645.76 10738.73 27.09
761.9 39928.94 10887.56 27.27
763.1 40078.15 10946.42 27.31
764.4 40287.45 11037.74 27.40
765.7 40433.25 11102.00 27.46
767.0 40515.07 11148.58 27.52
768.2 40595.52 11202.91 27.60
769.5 40644.33 11231.27 27.63
770.8 40787.04 11296.53 27.70
772.0 40799.41 11314.93 27.73
773.3 40833.29 11360.02 27.82
774.6 40907.98 11422.21 27.92
775.8 40955.53 11437.50 27.93
777.1 40964.33 11456.17 27.97
778.4 40867.87 11434.65 27.98
779.6 40816.98 11448.88 28.05
780.9 40688.00 11451.20 28.14
782.1 40484.72 11422.55 28.21
783.4 40464.32 11431.68 28.25
784.6 40463.12 11449.86 28.30
785.9 40670.74 11588.86 28.49
787.1 41171.80 11771.57 28.59
788.4 41528.97 11812.20 28.44
789.6 41482.13 11648.45 28.08
790.9 41134.16 11435.59 27.80
792.1 40655.28 11316.72 27.84
793.4 40180.32 11212.53 27.91
794.6 39846.60 11129.73 27.93
795.8 39587.54 11076.72 27.98
797.1 39290.10 11015.69 28.04
798.3 39054.26 10989.83 28.14
799.5 38943.25 10965.25 28.16
800.8 38778.22 10931.45 28.19
802.0 38618.88 10888.68 28.20
803.2 38465.20 10815.46 28.12
804.5 38332.71 10777.12 28.11
805.7 38219.65 10731.89 28.08
806.9 38073.35 10698.91 28.10
808.1 37984.05 10696.24 28.16
809.4 37906.28 10698.52 28.22
810.6 37824.15 10699.78 28.29
811.8 37796.29 10722.51 28.37
813.0 37827.58 10737.32 28.38
814.2 37840.50 10760.50 28.44
815.4 37955.24 10779.16 28.40
816.6 38027.91 10787.29 28.37
817.9 38102.35 10774.95 28.28
819.1 38072.96 10716.27 28.15
820.3 37949.69 10653.89 28.07
821.5 37894.61 10611.42 28.00
822.7 37866.54 10597.47 27.99
823.9 37906.28 10586.84 27.93
825.1 37943.15 10568.51 27.85
826.3 38020.73 10564.95 27.79
827.5 38108.05 10562.02 27.72
828.7 38176.32 10549.10 27.63
829.9 38262.68 10550.59 27.57
831.0 38386.63 10572.18 27.54
832.2 38533.16 10609.56 27.53
833.4 38634.36 10636.55 27.53
834.6 38746.88 10673.44 27.55
835.8 38872.58 10695.51 27.51
837.0 39026.76 10755.48 27.56
838.1 39200.00 10830.70 27.63
839.3 39334.99 10861.07 27.61
840.5 39499.16 10908.12 27.62
841.7 39675.29 11006.98 27.74
842.9 39834.34 11092.54 27.85
844.0 40002.80 11134.80 27.84
845.2 40188.33 11180.60 27.82
846.4 40315.24 11210.26 27.81
847.5 40575.08 11277.94 27.80
848.7 40794.29 11338.36 27.79
849.9 41043.27 11358.78 27.68
851.0 41176.72 11337.57 27.53
852.2 41283.01 11340.61 27.47
853.3 41336.03 11314.52 27.37
854.5 41385.60 11306.80 27.32
855.6 41408.01 11319.52 27.34
856.8 41491.09 11364.93 27.39
857.9 41535.42 11364.75 27.36
859.1 41657.80 11415.44 27.40
860.2 41711.76 11420.81 27.38
861.4 41789.90 11444.94 27.39
862.5 41857.52 11460.77 27.38
863.7 41978.22 11493.54 27.38
864.8 42001.40 11513.81 27.41
865.9 42003.19 11489.64 27.35
867.1 42077.89 11488.74 27.30
868.2 42118.25 11489.70 27.28
869.3 42153.63 11496.83 27.27
870.5 42092.46 11474.04 27.26
871.6 42122.53 11492.98 27.28
872.7 42223.14 11528.66 27.30
873.9 42262.83 11528.81 27.28
875.0 42247.20 11507.20 27.24
876.1 42225.11 11502.91 27.24
877.2 42279.84 11496.54 27.19
878.3 42302.12 11468.01 27.11
879.4 42284.06 11450.55 27.08
880.5 42343.92 11437.99 27.01
881.7 42326.05 11400.74 26.94
882.8 42351.34 11389.03 26.89
883.9 42430.09 11365.48 26.79
885.0 42357.32 11307.11 26.69
886.1 42357.47 11261.32 26.59
887.2 42241.92 11174.71 26.45
888.3 42147.85 11121.92 26.39
889.4 42045.32 11059.73 26.30
890.5 41945.29 11011.31 26.25
891.6 41864.40 11000.23 26.28
892.7 41844.69 10954.71 26.18
893.8 41881.85 10980.13 26.22
894.9 41879.31 10988.87 26.24
896.0 41812.69 10930.40 26.14
897.0 41850.92 10916.51 26.08
898.1 41821.61 10903.53 26.07
899.2 41852.54 10894.18 26.03
900.3 41747.94 10841.69 25.97
901.4 41622.41 10785.06 25.91
902.4 41658.53 10803.38 25.93
903.5 41604.82 10760.59 25.86
904.6 41550.72 10761.94 25.90
905.7 41565.54 10731.05 25.82
906.7 41536.49 10717.97 25.80
907.8 41558.34 10703.86 25.76
908.9 41493.73 10658.15 25.69
909.9 41451.58 10643.08 25.68
911.0 41358.23 10590.14 25.61
912.1 41297.17 10525.42 25.49
913.1 41189.72 10484.66 25.45
914.2 41099.85 10415.93 25.34
915.2 41068.89 10395.59 25.31
916.3 41034.15 10381.65 25.30
917.3 40975.74 10332.84 25.22
918.4 40862.80 10262.51 25.11
919.4 40836.29 10186.02 24.94
920.5 40782.84 10166.79 24.93
921.5 40833.45 10131.70 24.81
922.6 40729.18 10056.43 24.69
923.6 40739.49 10040.13 24.64
924.7 40774.75 9986.75 24.49
925.7 40746.72 9945.59 24.41
926.7 40808.40 9857.64 24.16
927.8 40839.01 9819.10 24.04
928.8 40966.59 9802.44 23.93
929.9 41048.46 9776.56 23.82
930.9 41217.18 9755.11 23.67
931.9 41378.61 9765.72 23.60
932.9 41679.25 9799.22 23.51
934.0 41702.58 9739.59 23.35
935.0 41757.18 9706.42 23.24
936.0 41670.71 9646.57 23.15
937.0 41632.50 9577.85 23.01
938.1 41580.55 9532.11 22.92
939.1 41508.45 9493.83 22.87
940.1 41591.64 9425.50 22.66
941.1 41779.29 9438.48 22.59
942.1 41991.60 9390.62 22.36
943.1 42156.63 9385.05 22.26
944.1 42391.18 9373.12 22.11
945.2 42445.20 9306.70 21.93
946.2 42493.04 9258.50 21.79
947.2 42572.63 9191.30 21.59
948.2 42750.54 9175.59 21.46
949.2 42846.38 9096.91 21.23
950.2 42880.60 9022.91 21.04
951.2 42968.52 8979.26 20.90
952.2 43001.40 8887.92 20.67
953.2 43164.71 8869.54 20.55
954.2 43310.48 8827.92 20.38
955.2 43368.34 8762.77 20.21
956.2 43301.73 8691.66 20.07
957.2 43392.87 8669.00 19.98
958.2 43492.10 8633.19 19.85
959.2 43506.45 8608.05 19.79
960.1 43588.22 8578.08 19.68
961.1 43692.83 8574.93 19.63
962.1 43658.44 8553.56 19.59
963.1 43782.00 8522.90 19.47
964.1 43817.42 8531.88 19.47
965.1 43908.74 8524.70 19.41
966.1 44007.38 8526.06 19.37
967.0 44141.86 8545.15 19.36
968.0 44131.86 8502.09 19.27
969.0 44255.20 8495.80 19.20
970.0 44255.36 8480.25 19.16
971.0 44316.83 8503.36 19.19
971.9 44400.90 8445.62 19.02
972.9 44577.14 8399.09 18.84
973.9 44494.78 8282.76 18.62
974.9 44573.29 8252.12 18.51
975.8 44702.44 8117.40 18.16
976.8 44666.28 8117.32 18.17
977.8 44950.93 8047.20 17.90
978.8 44877.90 7940.46 17.69
979.7 45104.10 7950.06 17.63
980.7 45212.81 7857.56 17.38
981.7 45433.99 7825.95 17.22
982.6 45657.51 7864.04 17.22
983.6 46147.45 7868.11 17.05
984.6 46551.05 7909.45 16.99
985.5 47031.84 7879.90 16.75
986.5 47664.14 7967.74 16.72
987.5 48852.12 8083.97 16.55
988.4 49722.20 8130.54 16.35
989.4 51183.38 8314.18 16.24
990.4 52549.20 8407.87 16.00
991.3 54023.93 8350.70 15.46
992.3 54777.10 8412.20 15.36
993.2 55874.36 8437.25 15.10
994.2 57686.85 9159.05 15.88
995.2 57633.14 8672.95 15.05
996.1 59292.71 8802.22 14.85
997.1 59931.56 8533.73 14.24
998.0 60640.20 8359.44 13.79
999.0 59258.53 8166.11 13.78
1000.0 60377.42 8250.33 13.66
1000.9 59810.48 7791.10 13.03
1001.9 59598.95 7378.92 12.38
1002.8 60212.52 8028.34 13.33
1003.8 59788.51 7768.14 12.99
1004.8 59326.80 7301.76 12.31
961.5 55398.21 10151.51 18.32
965.5 54418.85 10576.70 19.44
969.5 52458.23 10504.54 20.02
973.4 50487.36 10052.39 19.91
977.4 48611.32 9598.23 19.74
981.4 47578.80 9182.88 19.30
985.3 47203.20 8994.83 19.06
989.3 47137.31 8923.19 18.93
993.3 47133.16 8905.83 18.90
997.2 47029.21 8932.84 18.99
1001.2 46955.35 8998.34 19.16
1005.2 46914.32 9085.73 19.37
1009.1 47038.13 9200.92 19.56
1013.1 47236.75 9368.03 19.83
1017.1 47375.30 9503.96 20.06
1021.0 47429.61 9587.97 20.22
1025.0 47461.87 9683.74 20.40
1029.0 47354.18 9747.00 20.58
1032.9 47271.77 9812.53 20.76
1036.9 47308.70 9941.27 21.01
1040.9 47476.08 10104.45 21.28
1044.8 47747.63 10257.68 21.48
1048.8 47970.59 10413.44 21.71
1052.7 48104.60 10557.55 21.95
1056.7 48183.46 10655.27 22.11
1060.7 48250.82 10709.91 22.20
1064.6 48272.17 10764.64 22.30
1068.6 48190.54 10781.32 22.37
1072.5 48116.11 10778.55 22.40
1076.5 48076.67 10777.55 22.42
1080.4 48048.88 10741.46 22.36
1084.4 48150.59 10700.13 22.22
1088.3 48279.53 10668.95 22.10
1092.3 48252.92 10598.84 21.97
1096.2 48221.83 10523.17 21.82
1100.2 48245.69 10450.06 21.66
1104.1 48124.97 10353.73 21.51
1108.1 48059.38 10266.68 21.36
1112.0 47955.87 10132.65 21.13
1116.0 47754.46 9952.15 20.84
1119.9 47569.76 9749.69 20.50
1123.9 47623.80 9571.13 20.10
1127.8 47592.96 9304.32 19.55
1131.8 47556.42 8964.93 18.85
1135.7 47568.82 8577.42 18.03
1139.6 47554.30 8135.49 17.11
1143.6 47510.71 7728.17 16.27
1147.5 47481.98 7404.07 15.59
1151.4 47337.52 7128.83 15.06
1155.4 47322.86 6960.22 14.71
1159.3 47329.81 6864.77 14.50
1163.2 47159.49 6770.37 14.36
1167.2 47113.86 6715.38 14.25
1171.1 47117.13 6671.92 14.16
1175.0 47022.16 6627.50 14.09
1179.0 46962.63 6591.43 14.04
1182.9 47045.30 6567.05 13.96
1186.8 47019.62 6534.38 13.90
1190.7 46784.64 6488.58 13.87
1194.7 46508.35 6432.45 13.83
1198.6 46264.68 6396.39 13.83
1202.5 46100.54 6389.90 13.86
1206.4 45962.62 6384.37 13.89
1210.3 45829.98 6404.32 13.97
1214.2 45707.13 6409.30 14.02
1218.2 45554.16 6412.85 14.08
1222.1 45384.95 6445.20 14.20
1226.0 45257.55 6477.81 14.31
1229.9 45156.00 6512.64 14.42
1233.8 45033.17 6531.27 14.50
1237.7 44950.68 6548.49 14.57
1241.6 44841.64 6585.84 14.69
1245.5 44683.61 6588.80 14.75
1249.4 44538.65 6568.04 14.75
1253.3 44401.40 6579.30 14.82
1257.2 44324.52 6609.98 14.91
1261.1 44209.48 6607.66 14.95
1265.0 44086.55 6596.47 14.96
1268.9 43910.05 6564.27 14.95
1272.8 43969.80 6552.15 14.90
1276.7 44155.69 6560.03 14.86
1280.6 44249.88 6540.13 14.78
1284.5 44188.89 6476.25 14.66
1288.4 44167.03 6415.29 14.53
1292.3 44060.50 6349.75 14.41
1296.2 43934.23 6261.20 14.25
1300.1 43787.98 6140.65 14.02
1303.9 43564.57 5999.61 13.77
1307.8 43339.22 5855.73 13.51
1311.7 43109.06 5695.02 13.21
1315.6 42877.90 5528.90 12.89
1319.5 42633.84 5352.14 12.55
1323.3 42417.44 5166.47 12.18
1327.2 42218.70 4981.01 11.80
1331.1 42002.86 4786.11 11.39
1335.0 41739.72 4592.72 11.00
1338.8 41543.11 4418.75 10.64
1342.7 41389.31 4267.92 10.31
1346.5 41042.00 4100.52 9.99
1350.4 40741.74 3958.67 9.72
1354.3 40332.24 3805.54 9.44
1358.1 39895.31 3648.54 9.15
1362.0 39644.33 3511.14 8.86
1365.8 39567.12 3383.95 8.55
1369.7 39683.68 3265.85 8.23
1373.5 39615.26 3096.88 7.82
1377.4 39354.79 2866.40 7.28
1381.2 39167.92 2605.68 6.65
1385.1 39160.09 2355.38 6.01
1389.0 39060.88 2095.28 5.36
1392.8 38834.72 1841.45 4.74
1396.6 38680.88 1635.22 4.23
1400.5 38476.57 1457.52 3.79
1404.3 38299.58 1310.44 3.42
1408.2 38263.03 1204.87 3.15
1412.0 38218.70 1140.35 2.98
1415.8 38249.29 1078.92 2.82
1419.6 38208.11 1027.28 2.69
1423.5 38172.20 998.52 2.62
1427.3 38125.77 970.27 2.54
1431.1 38099.78 950.93 2.50
1434.9 38010.73 932.24 2.45
1438.8 37949.80 921.37 2.43
1442.6 37913.52 918.58 2.42
1446.4 37795.09 912.78 2.42
1450.2 37700.99 910.01 2.41
1454.0 37583.52 909.72 2.42
1457.8 37547.69 911.47 2.43
1461.6 37527.24 915.35 2.44
1465.4 37404.28 922.19 2.47
1469.2 37216.73 930.48 2.50
1473.0 37080.95 940.40 2.54
1476.8 37019.78 970.43 2.62
1480.7 36949.43 998.20 2.70
1484.4 36826.56 1021.44 2.77
1488.2 36723.96 1060.20 2.89
1492.0 36584.11 1096.07 3.00
1495.8 36452.33 1128.40 3.10
1499.6 36350.05 1155.45 3.18
1503.4 36216.75 1162.30 3.21
1507.2 36087.28 1172.40 3.25
1510.9 35929.91 1192.59 3.32
1514.7 35749.31 1213.12 3.39
1518.5 35615.65 1243.97 3.49
1522.3 35466.30 1272.15 3.59
1526.0 35355.47 1290.50 3.65
1529.8 35294.61 1322.57 3.75
1533.6 35159.29 1362.30 3.87
1537.3 35020.99 1390.18 3.97
1541.1 34889.16 1415.37 4.06
1544.8 34754.40 1444.80 4.16
1548.6 34607.98 1476.06 4.27
1552.4 34514.76 1498.54 4.34
1556.1 34455.77 1525.53 4.43
1559.9 34373.05 1548.92 4.51
1563.6 34243.93 1571.96 4.59
1567.3 34122.03 1603.69 4.70
1571.1 33904.82 1628.62 4.80
1574.8 33749.79 1656.58 4.91
1578.6 33637.37 1690.70 5.03
1582.3 33496.17 1700.97 5.08
1586.0 33359.51 1710.74 5.13
1589.8 33217.24 1737.13 5.23
1593.5 33051.52 1743.85 5.28
1597.2 32917.71 1759.93 5.35
1600.9 32767.31 1773.41 5.41
1604.7 32613.52 1792.64 5.50
1608.4 32493.03 1804.50 5.55
1612.1 32320.35 1814.27 5.61
1615.8 32161.00 1830.97 5.69
1619.5 32072.28 1843.65 5.75
1623.2 31915.49 1861.19 5.83
1626.9 31725.78 1867.36 5.89
1630.6 31537.44 1873.08 5.94
1634.3 31397.73 1886.04 6.01
1638.0 31241.74 1878.17 6.01
1641.7 31050.65 1873.56 6.03
1645.4 30870.63 1864.93 6.04
1649.1 30683.95 1847.66 6.02
1652.8 30504.58 1842.30 6.04
1656.4 30322.32 1822.69 6.01
1660.1 30158.02 1814.02 6.02
1663.8 29966.42 1814.93 6.06
1667.5 29809.99 1804.11 6.05
1671.1 29676.54 1789.38 6.03
1674.8 29472.79 1773.08 6.02
1678.5 29413.48 1766.77 6.01
1682.1 29419.35 1758.09 5.98
1685.8 29417.21 1748.28 5.94
1689.5 29310.65 1736.81 5.93
1693.1 29167.59 1711.14 5.87
1696.8 29020.13 1688.63 5.82
1700.4 28874.60 1672.16 5.79
1704.0 28754.23 1652.87 5.75
1707.7 28493.62 1623.84 5.70
1711.3 28200.13 1586.69 5.63
1715.0 27991.44 1551.76 5.54
1718.6 27822.35 1516.67 5.45
1722.2 27677.55 1495.37 5.40
1725.9 27527.50 1471.93 5.35
1729.5 27386.37 1442.40 5.27
1733.1 27262.24 1425.01 5.23
1736.7 27144.69 1415.41 5.21
1740.3 26982.07 1398.68 5.18
1744.0 26899.89 1382.49 5.14
1747.5 26760.07 1353.31 5.06
1751.2 26551.35 1321.12 4.98
1754.8 26397.18 1297.44 4.92
1758.4 26262.14 1273.06 4.85
1762.0 26085.49 1251.84 4.80
1765.5 25956.49 1239.89 4.78
1769.1 25915.20 1228.80 4.74
1772.7 25841.75 1210.50 4.68
1776.3 25724.16 1193.64 4.64
1779.9 25608.69 1176.96 4.60
1783.5 25553.92 1178.00 4.61
1787.0 25434.82 1169.53 4.60
1790.6 25293.30 1157.57 4.58
1794.2 25193.03 1158.04 4.60
1797.8 25095.48 1159.83 4.62
1801.3 25012.46 1155.22 4.62
1804.9 24871.88 1141.88 4.59
1808.4 24792.34 1136.99 4.59
1812.0 24660.35 1126.73 4.57
1815.5 24519.60 1120.34 4.57
1819.1 24324.68 1125.43 4.63
1822.6 24164.48 1122.65 4.65
1826.2 24042.90 1109.81 4.62
1829.7 23859.90 1101.73 4.62
1833.2 23612.46 1098.97 4.65
1836.8 23400.20 1076.53 4.60
1840.3 23257.80 1061.06 4.56
1843.8 23131.92 1066.73 4.61
1847.3 23013.03 1060.05 4.61
1850.8 22865.47 1052.35 4.60
1854.3 22692.74 1045.12 4.61
1857.8 22594.00 1019.20 4.51
1861.3 22615.25 956.66 4.23
1864.8 22605.64 876.91 3.88
1868.3 22468.36 829.99 3.69
1871.8 22341.12 729.60 3.27
1875.3 22323.21 657.48 2.95
1878.8 22320.32 610.99 2.74
1882.3 22237.89 571.81 2.57
1885.8 22045.10 530.05 2.40
1889.3 21861.76 483.78 2.21
1892.7 21710.01 442.70 2.04
1896.2 21503.16 405.17 1.88
1899.7 21232.37 436.88 2.06
1903.1 21059.81 465.70 2.21
1906.6 21101.81 497.46 2.36
1910.0 21348.35 542.05 2.54
1913.5 21771.66 556.82 2.56
1917.0 22339.63 775.43 3.47
1920.4 22881.38 1016.95 4.44
1923.8 23136.14 866.93 3.75
1871.2 20260.60 377.74 1.86
1873.9 20445.79 493.96 2.42
1876.7 20658.97 389.42 1.88
1879.5 20770.50 274.29 1.32
1882.3 20488.21 351.85 1.72
1885.1 20498.36 301.70 1.47
1887.8 20542.45 280.39 1.36
1890.6 20318.11 343.05 1.69
1893.4 20320.67 249.33 1.23
1896.2 20203.65 247.56 1.23
1898.9 20201.38 250.51 1.24
1901.7 20074.51 211.62 1.05
1904.5 20223.67 216.89 1.07
1907.2 20168.50 204.25 1.01
1910.0 20030.00 216.17 1.08
1912.7 20048.69 208.17 1.04
1915.5 19979.54 206.98 1.04
1918.2 19877.64 225.44 1.13
1921.0 19705.09 220.05 1.12
1923.7 19733.20 223.45 1.13
1926.5 19715.86 218.20 1.11
1929.2 19701.76 195.61 0.99
1932.0 19674.16 199.08 1.01
1934.7 19635.47 228.25 1.16
1937.4 19518.79 226.42 1.16
1940.2 19475.71 221.28 1.14
1942.9 19573.26 216.20 1.10
1945.6 19572.62 223.48 1.14
1948.3 19494.00 255.71 1.31
1951.1 19465.67 228.76 1.18
1953.8 19476.00 216.00 1.11
1956.5 19368.67 251.58 1.30
1959.2 19423.04 236.21 1.22
1961.9 19438.54 241.38 1.24
1964.6 19331.55 246.93 1.28
1967.3 19375.30 246.23 1.27
1970.0 19228.16 242.72 1.26
1972.8 19159.08 238.28 1.24
1975.5 19219.42 251.69 1.31
1978.2 19120.16 224.84 1.18
1980.9 19002.89 236.12 1.24
1983.5 18950.70 258.84 1.37
1986.2 18944.10 282.27 1.49
1988.9 18909.18 276.45 1.46
1991.6 18787.78 225.94 1.20
1994.3 18678.85 225.29 1.21
1997.0 18669.58 250.85 1.34
1999.7 18631.37 261.32 1.40
2002.3 18617.79 279.04 1.50
2005.0 18540.12 264.65 1.43
2007.7 18469.93 266.60 1.44
2010.4 18400.48 288.36 1.57
2013.0 18316.11 295.88 1.62
2015.7 18226.45 284.17 1.56
2018.4 18129.14 260.97 1.44
2021.0 18062.50 289.00 1.60
2023.7 17946.51 277.01 1.54
2026.4 17902.73 292.93 1.64
2029.0 17806.29 309.28 1.74
2031.7 17677.40 273.22 1.55
2034.3 17722.47 295.75 1.67
2037.0 17610.64 301.21 1.71
2039.6 17527.07 281.33 1.61
2042.3 17481.88 306.11 1.75
2044.9 17393.81 319.77 1.84
2047.5 17348.93 305.75 1.76
2050.2 17253.60 288.40 1.67
2052.8 17214.40 299.60 1.74
2055.4 17090.17 310.99 1.82
2058.1 16973.60 296.80 1.75
2060.7 16918.14 307.45 1.82
2063.3 16842.61 292.60 1.74
2065.9 16794.67 295.92 1.76
2068.6 16710.92 293.13 1.75
2071.2 16664.67 281.79 1.69
2073.8 16591.32 268.64 1.62
2076.4 16536.88 303.12 1.83
2079.0 16525.61 328.77 1.99
2081.6 16519.89 301.03 1.82
2084.2 16487.00 299.10 1.81
2086.8 16353.42 299.80 1.83
2089.4 16268.28 303.52 1.87
2092.1 16209.50 303.17 1.87
2094.7 16113.80 285.33 1.77
2097.2 16087.67 291.83 1.81
2099.8 16089.36 330.21 2.05
2102.4 15953.94 341.20 2.14
2105.0 15826.05 327.75 2.07
2107.6 15774.07 313.32 1.99
2110.2 15742.83 315.43 2.00
2112.8 15734.02 326.42 2.07
2115.3 15735.22 337.74 2.15
2117.9 15738.64 298.87 1.90
2120.5 15682.70 308.99 1.97
2123.1 15604.88 336.38 2.16
2125.6 15567.02 304.55 1.96
2128.2 15487.92 313.15 2.02
2130.8 15394.28 330.53 2.15
2133.3 15347.20 310.93 2.03
2135.9 15264.31 311.82 2.04
2138.4 15119.35 309.40 2.05
2141.0 15032.51 305.59 2.03
2143.6 14998.41 313.69 2.09
2146.1 14847.40 320.28 2.16
2148.7 14686.27 314.22 2.14
2151.2 14704.80 328.53 2.23
2153.8 14713.72 347.31 2.36
2156.3 14589.47 336.68 2.31
2158.8 14533.35 324.87 2.24
2161.4 14517.59 327.27 2.25
2163.9 14426.20 333.16 2.31
2166.4 14354.62 340.02 2.37
2169.0 14310.27 345.93 2.42
2171.5 14227.48 325.23 2.29
2174.0 14143.15 321.30 2.27
2176.5 14124.76 337.87 2.39
2179.1 14082.55 319.24 2.27
2181.6 13967.33 352.83 2.53
2184.1 13937.00 388.08 2.78
2186.6 13993.83 323.25 2.31
2189.1 13896.09 311.37 2.24
2191.6 13840.87 346.27 2.50
2194.1 13877.92 348.78 2.51
2196.6 13844.81 326.08 2.36
2199.2 13897.52 320.93 2.31
2201.7 13871.80 336.68 2.43
2204.1 13802.39 315.19 2.28
2206.6 13786.08 339.43 2.46
2209.1 13743.34 355.79 2.59
2211.6 13738.26 304.53 2.22
2214.1 13693.60 334.55 2.44
2216.6 13643.61 341.85 2.51
2219.1 13655.01 326.66 2.39
2221.6 13597.41 338.79 2.49
2224.0 13563.60 316.23 2.33
2226.5 13534.39 323.43 2.39
2229.0 13551.73 338.79 2.50
2231.5 13416.49 337.04 2.51
2233.9 13376.81 300.17 2.24
2236.4 13409.64 316.52 2.36
2238.9 13341.63 325.50 2.44
2241.3 13300.17 283.73 2.13
2243.8 13261.31 268.18 2.02
2246.2 13153.53 251.98 1.92
2248.7 13089.53 258.40 1.97
2251.2 13067.33 265.19 2.03
2253.6 13017.60 245.76 1.89
2256.1 12979.20 268.80 2.07
2258.5 12980.99 276.60 2.13
2260.9 12912.45 241.61 1.87
2263.4 12850.74 261.01 2.03
2265.8 12840.17 257.73 2.01
2268.3 12768.77 253.99 1.99
2270.7 12812.36 230.30 1.80
2273.1 12778.22 253.11 1.98
2275.6 12710.40 257.28 2.02
2278.0 12729.12 188.32 1.48
2280.4 12680.26 242.45 1.91
2282.8 12544.20 232.30 1.85
2285.3 12570.98 206.08 1.64
2287.7 12679.54 238.21 1.88
2290.1 12579.51 217.43 1.73
2292.5 12520.09 202.39 1.62
2294.9 12538.64 225.25 1.80
2297.3 12458.25 233.35 1.87
2299.7 12334.59 189.52 1.54
2302.1 12311.40 180.70 1.47
2304.5 12214.72 192.08 1.57
2306.9 12089.28 207.76 1.72
2309.3 11994.02 188.08 1.57
2311.7 11939.85 164.85 1.38
2314.1 11791.37 165.41 1.40
2316.5 11721.50 193.06 1.65
2318.9 11765.88 224.68 1.91
2321.3 11730.50 213.93 1.82
2323.7 11744.39 195.67 1.67
2326.1 11719.24 157.17 1.34
2328.4 11761.55 162.73 1.38
2330.8 11807.83 192.23 1.63
2333.2 11712.54 172.97 1.48
2335.6 11662.03 137.01 1.17
2337.9 11681.16 187.80 1.61
2340.3 11629.38 222.51 1.91
2342.7 11548.22 169.27 1.47
2345.0 11508.47 131.65 1.14
2347.4 11492.00 144.50 1.26
2349.7 11315.65 128.15 1.13
2352.1 11286.89 124.36 1.10
2354.4 11296.02 141.85 1.26
2356.8 11214.70 151.08 1.35
2359.2 11154.00 186.33 1.67
2361.5 11109.05 170.17 1.53
2363.8 11141.66 118.58 1.06
2366.2 11165.73 176.53 1.58
2368.5 11089.40 182.45 1.65
2370.9 11067.03 152.09 1.37
2373.2 11030.32 188.86 1.71
2375.5 10914.30 144.80 1.33
2377.9 10876.18 118.52 1.09
2380.2 10876.88 137.45 1.26
2382.5 10821.23 137.85 1.27
2384.8 10769.44 153.12 1.42
2387.2 10736.28 164.09 1.53
2389.5 10704.02 141.65 1.32
2391.8 10661.73 137.85 1.29
2394.1 10613.91 139.15 1.31
2396.4 10610.47 125.80 1.19
2398.7 10654.34 116.92 1.10
2401.0 10513.07 128.57 1.22
2403.3 10428.12 124.50 1.19
2405.6 10456.51 109.96 1.05
2407.9 10375.71 155.31 1.50
2410.2 10317.44 145.39 1.41
2412.5 10224.31 106.72 1.04
2414.8 10187.84 128.38 1.26
2417.1 10204.62 98.07 0.96
2419.4 10195.97 78.15 0.77
2421.7 10103.31 120.90 1.20
2424.0 10048.90 116.23 1.16
2426.2 10074.05 69.55 0.69
2428.5 10032.46 59.49 0.59
2430.8 10006.20 59.95 0.60
2433.1 9945.94 88.51 0.89
2435.4 9886.37 134.28 1.36
2437.6 9830.42 83.93 0.85
2439.9 9708.34 89.84 0.93
2442.2 9709.99 125.14 1.29
2444.4 9752.18 80.41 0.82
2446.7 9688.56 64.24 0.66
2448.9 9658.24 136.20 1.41
2451.2 9631.36 149.00 1.55
2453.4 9564.32 84.37 0.88
2455.7 9566.46 109.47 1.14
2457.9 9468.86 91.58 0.97
2460.2 9395.46 80.15 0.85
2462.4 9422.40 118.56 1.26
2464.7 9348.95 126.17 1.35
2466.9 9251.22 109.14 1.18
2469.2 9249.34 71.30 0.77
2471.4 9151.61 85.35 0.93
2473.6 9078.42 87.04 0.96
2475.9 9042.40 74.51 0.82
2478.1 8956.32 81.98 0.92
2480.3 8952.70 41.77 0.47
2482.5 8971.16 35.74 0.40
2484.8 8832.66 101.94 1.15
2487.0 8762.09 96.29 1.10
2489.2 8850.00 45.23 0.51
2491.4 8753.22 76.85 0.88
2493.6 8669.20 70.55 0.81
2495.8 8662.66 63.35 0.73
2498.0 8674.13 89.17 1.03
2500.2 8694.60 25.28 0.29
2502.4 8942.16 35.52 0.40
2504.6 9089.52 131.46 1.45
2506.8 9176.65 165.61 1.80
