/*** Spectra Vista SIG Data ***/
name= \My Documents\HR1024_Data\D13.
instrument= HR: 1091052
integration= 200, 60, 30, 500, 60, 30
scan time= 1, 1
scan settings= AD, AI, AD, AI
external data set1= 8224, 8224, 8224, 8224, 8224, 8224, 8224, 8224, 8224, 8224, 8224, 8224, 8224, 8224, 8224, 8224
external data set2= 8224, 8224, 8224, 8224, 8224, 8224, 8224, 8224, 8224, 8224, 8224, 8224, 8224, 8224, 8224, 8224
external data dark= 0,0,0,0,0,0,0,0
external data mask= 0
optic= LENS4 , LENS4 
temp= 31.05, 8.88, -5.37, 34.19, 8.81, -5.37
battery= 7.7, 7.5
error= 0, 0
units= Radiance, Radiance
time= 1/12/08 9:49:29 AM, 1/12/08 9:53:13 AM
longitude= , 
latitude= , 
gpstime= , 
comm= 
memory slot= 0, 0
factors= 
data= 
346.4 468.20 80.26 17.14
347.9 473.76 74.05 15.63
349.5 521.04 79.87 15.33
351.1 558.48 91.10 16.31
352.6 585.06 86.02 14.70
354.2 625.05 82.47 13.19
355.7 673.50 80.82 12.00
357.3 724.71 92.93 12.82
358.8 751.43 90.87 12.09
360.4 798.47 105.53 13.22
361.9 821.87 90.55 11.02
363.5 851.78 94.18 11.06
365.1 887.68 90.16 10.16
366.6 918.37 96.67 10.53
368.2 973.68 92.67 9.52
369.7 1008.89 96.64 9.58
371.3 1073.36 98.78 9.20
372.8 1148.72 94.29 8.21
374.4 1191.49 94.79 7.96
375.9 1247.87 90.03 7.21
377.4 1278.23 94.97 7.43
379.0 1330.29 106.93 8.04
380.5 1360.26 92.33 6.79
382.1 1412.49 88.65 6.28
383.6 1460.03 100.93 6.91
385.2 1529.00 86.90 5.68
386.7 1608.26 96.39 5.99
388.3 1679.42 88.05 5.24
389.8 1759.55 99.92 5.68
391.3 1843.67 103.60 5.62
392.9 1897.62 109.25 5.76
394.4 1955.58 113.95 5.83
395.9 2019.02 114.30 5.66
397.5 2131.80 118.86 5.58
399.0 2240.25 118.66 5.30
400.6 2303.62 115.46 5.01
402.1 2342.64 109.39 4.67
403.6 2375.92 101.65 4.28
405.1 2451.81 95.97 3.91
406.7 2542.40 93.18 3.67
408.2 2650.73 98.01 3.70
409.7 2746.24 103.94 3.78
411.3 2843.51 109.24 3.84
412.8 2936.43 117.55 4.00
414.3 3034.90 113.56 3.74
415.8 3152.50 117.00 3.71
417.4 3253.58 130.55 4.01
418.9 3339.60 135.61 4.06
420.4 3424.70 126.62 3.70
421.9 3487.22 124.87 3.58
423.5 3546.87 118.62 3.34
425.0 3613.98 124.96 3.46
426.5 3695.85 124.70 3.37
428.0 3801.23 121.51 3.20
429.5 3926.30 112.97 2.88
431.1 4071.24 119.20 2.93
432.6 4225.66 127.65 3.02
434.1 4373.60 123.97 2.83
435.6 4514.36 129.26 2.86
437.1 4642.95 131.04 2.82
438.6 4769.06 136.76 2.87
440.1 4906.69 138.78 2.83
441.6 5042.30 138.57 2.75
443.1 5179.95 142.56 2.75
444.7 5318.34 153.71 2.89
446.2 5433.01 153.24 2.82
447.7 5551.25 156.20 2.81
449.2 5676.48 161.57 2.85
450.7 5788.64 158.91 2.75
452.2 5916.62 159.56 2.70
453.7 6028.91 155.71 2.58
455.2 6201.73 160.83 2.59
456.7 6390.56 164.03 2.57
458.2 6607.30 164.96 2.50
459.7 6823.25 171.50 2.51
461.2 7031.76 180.03 2.56
462.7 7219.07 176.14 2.44
464.2 7396.86 185.20 2.50
465.7 7583.22 185.50 2.45
467.2 7742.35 197.12 2.55
468.7 7912.00 198.40 2.51
470.2 8015.91 206.64 2.58
471.7 8177.13 217.55 2.66
473.2 8446.52 218.68 2.59
474.6 8688.33 211.76 2.44
476.1 8747.12 203.52 2.33
477.6 8779.39 207.50 2.36
479.1 8829.54 205.43 2.33
480.6 8916.06 204.17 2.29
482.1 9046.91 205.86 2.28
483.6 9204.08 206.79 2.25
485.1 9394.00 202.64 2.16
486.6 9626.34 208.90 2.17
488.0 9867.00 217.75 2.21
489.5 10130.90 222.22 2.19
491.0 10387.73 225.75 2.17
492.5 10649.88 228.74 2.15
494.0 10928.34 235.44 2.15
495.4 11158.95 242.22 2.17
496.9 11406.10 245.16 2.15
498.4 11649.48 247.78 2.13
499.9 11878.23 252.13 2.12
501.4 12101.58 261.75 2.16
502.8 12308.24 272.26 2.21
504.3 12497.40 270.72 2.17
505.8 12681.02 276.32 2.18
507.2 12808.72 281.56 2.20
508.7 12896.48 284.23 2.20
510.2 12964.78 293.67 2.27
511.6 13008.39 295.57 2.27
513.1 13093.74 296.21 2.26
514.6 13195.49 295.80 2.24
516.0 13281.41 295.90 2.23
517.5 13429.99 305.17 2.27
519.0 13603.01 300.16 2.21
520.5 13772.72 312.91 2.27
521.9 13993.28 312.83 2.24
523.4 14243.35 323.47 2.27
524.8 14493.24 329.05 2.27
526.3 14778.04 336.55 2.28
527.8 15074.01 339.31 2.25
529.2 15339.71 349.59 2.28
530.7 15629.94 358.94 2.30
532.1 15903.48 371.07 2.33
533.6 16214.37 372.22 2.30
535.0 16534.98 388.08 2.35
536.5 16856.03 392.47 2.33
538.0 17178.24 404.80 2.36
539.4 17501.02 418.02 2.39
540.9 17879.62 429.06 2.40
542.3 18237.67 436.30 2.39
543.8 18504.51 444.66 2.40
545.2 18600.74 436.55 2.35
546.6 18637.00 447.18 2.40
548.1 18690.38 451.61 2.42
549.5 18745.60 453.15 2.42
551.0 18790.92 461.14 2.45
552.4 18868.34 468.02 2.48
553.9 18922.09 468.98 2.48
555.3 18999.63 476.66 2.51
556.8 19143.87 486.43 2.54
558.2 19276.31 494.10 2.56
559.6 19441.66 499.06 2.57
561.1 19660.88 506.35 2.58
562.5 19883.82 521.13 2.62
564.0 20177.05 532.56 2.64
565.4 20444.07 547.86 2.68
566.8 20774.24 568.97 2.74
568.3 21077.79 584.34 2.77
569.7 21403.31 603.25 2.82
571.1 21706.83 624.94 2.88
572.6 22010.94 641.52 2.91
574.0 22299.75 669.24 3.00
575.4 22570.31 690.53 3.06
576.9 22820.49 720.72 3.16
578.3 23040.88 744.32 3.23
579.7 23243.15 771.68 3.32
581.1 23410.31 799.28 3.41
582.6 23592.46 831.65 3.53
584.0 23735.52 864.96 3.64
585.4 23971.18 898.53 3.75
586.8 24286.87 926.35 3.81
588.3 24642.54 974.38 3.95
589.7 24935.04 1010.88 4.05
591.1 25126.37 1049.45 4.18
592.5 25213.30 1083.29 4.30
594.0 25248.06 1126.87 4.46
595.4 25246.58 1172.84 4.65
596.8 25248.80 1211.50 4.80
598.2 25256.70 1255.03 4.97
599.6 25254.00 1299.96 5.15
601.0 25321.45 1348.69 5.33
602.4 25392.58 1395.93 5.50
603.9 25508.50 1445.03 5.66
605.3 25652.08 1505.32 5.87
606.7 25770.60 1560.24 6.05
608.1 26003.60 1627.72 6.26
609.5 26249.20 1694.69 6.46
610.9 26543.12 1765.28 6.65
612.3 26820.62 1843.26 6.87
613.7 27191.20 1927.33 7.09
615.1 27470.34 2011.39 7.32
616.5 27748.85 2094.85 7.55
617.9 28163.94 2181.32 7.75
619.3 28559.37 2268.83 7.94
620.7 29021.55 2366.30 8.15
622.1 29524.34 2432.57 8.24
623.5 30070.32 2484.81 8.26
624.9 30686.25 2544.57 8.29
626.3 31117.56 2594.42 8.34
627.7 30854.43 2634.67 8.54
629.1 30617.27 2713.20 8.86
630.5 30534.25 2804.04 9.18
631.9 30583.88 2899.01 9.48
633.3 30636.73 3009.51 9.82
634.7 30802.72 3117.77 10.12
636.1 30887.16 3208.45 10.39
637.5 30991.21 3297.59 10.64
638.9 31137.59 3402.28 10.93
640.2 31275.86 3490.79 11.16
641.6 31334.94 3555.86 11.35
643.0 31307.82 3607.12 11.52
644.4 31297.86 3632.74 11.61
645.8 31223.60 3628.91 11.62
647.2 31327.01 3619.04 11.55
648.5 31378.61 3569.76 11.38
649.9 31215.99 3467.88 11.11
651.3 31061.55 3326.22 10.71
652.7 30880.50 3162.00 10.24
654.1 30705.72 3093.70 10.08
655.5 30448.41 3070.48 10.08
656.8 30219.54 3034.57 10.04
658.2 30347.48 3029.03 9.98
659.6 30667.01 3018.91 9.84
660.9 30915.41 2985.88 9.66
662.3 31175.28 2946.03 9.45
663.7 31418.10 2903.88 9.24
665.0 31622.76 2839.70 8.98
666.4 31821.65 2785.27 8.75
667.8 32088.83 2737.26 8.53
669.1 32304.87 2689.58 8.33
670.5 32567.66 2665.05 8.18
671.9 32723.64 2634.05 8.05
673.2 32957.22 2638.05 8.00
674.6 33165.65 2641.09 7.96
676.0 33416.99 2676.01 8.01
677.3 33670.84 2720.99 8.08
678.7 33959.63 2803.30 8.25
680.0 34360.72 2927.95 8.52
681.4 34770.40 3096.52 8.91
682.8 35166.95 3320.59 9.44
684.1 35575.02 3614.83 10.16
685.5 35948.61 3985.27 11.09
686.8 36307.14 4433.90 12.21
688.2 36654.12 4961.96 13.54
689.5 36792.82 5542.30 15.06
690.9 36894.22 6181.33 16.75
692.2 37000.50 6876.84 18.59
693.6 37086.31 7590.66 20.47
694.9 37102.94 8284.81 22.33
696.2 37172.03 8974.49 24.14
697.6 37238.58 9644.31 25.90
698.9 37321.68 10301.28 27.60
700.3 37412.04 10929.91 29.21
701.6 37521.51 11547.24 30.77
703.0 37648.39 12137.77 32.24
704.3 37727.46 12658.88 33.55
705.6 37779.39 13147.60 34.80
707.0 37853.11 13627.68 36.00
708.3 37804.36 13984.88 36.99
709.6 37779.31 14331.77 37.94
711.0 37700.05 14619.93 38.78
712.3 37603.29 14880.55 39.57
713.6 37599.66 15175.10 40.36
714.9 37564.50 15416.85 41.04
716.3 37606.65 15684.38 41.71
717.6 37655.10 15933.74 42.31
718.9 37643.31 16120.69 42.82
720.2 37519.65 16211.86 43.21
721.6 37437.79 16350.52 43.67
722.9 37295.06 16474.72 44.17
724.2 37099.21 16502.40 44.48
725.5 36957.59 16592.71 44.90
726.8 36833.83 16632.44 45.16
728.1 36764.75 16697.72 45.42
729.5 36694.32 16751.48 45.65
730.8 36660.60 16810.44 45.85
732.1 36590.42 16825.85 45.98
733.4 36549.03 16849.08 46.10
734.7 36509.02 16852.79 46.16
736.0 36510.50 16883.31 46.24
737.3 36452.29 16889.84 46.33
738.6 36538.42 16977.86 46.47
739.9 36706.85 17144.76 46.71
741.2 36841.35 17255.78 46.84
742.5 37078.82 17422.97 46.99
743.8 37494.19 17694.60 47.19
745.1 38118.44 18063.22 47.39
746.4 38876.11 18414.40 47.37
747.7 39639.96 18757.91 47.32
749.0 40400.48 19113.35 47.31
750.3 40850.46 19294.03 47.23
751.6 40764.46 19249.26 47.22
752.9 40356.61 19092.18 47.31
754.2 39863.99 18920.66 47.46
755.4 39350.05 18691.11 47.50
756.7 39155.03 18674.27 47.69
758.0 39142.09 18733.59 47.86
759.3 39351.46 18899.45 48.03
760.6 39645.76 19126.80 48.24
761.9 39928.94 19322.27 48.39
763.1 40078.15 19417.36 48.45
764.4 40287.45 19565.99 48.57
765.7 40433.25 19670.30 48.65
767.0 40515.07 19751.59 48.75
768.2 40595.52 19809.22 48.80
769.5 40644.33 19866.61 48.88
770.8 40787.04 19961.69 48.94
772.0 40799.41 19971.11 48.95
773.3 40833.29 20030.28 49.05
774.6 40907.98 20115.02 49.17
775.8 40955.53 20197.45 49.32
777.1 40964.33 20218.65 49.36
778.4 40867.87 20205.37 49.44
779.6 40816.98 20203.34 49.50
780.9 40688.00 20187.20 49.61
782.1 40484.72 20106.75 49.67
783.4 40464.32 20134.40 49.76
784.6 40463.12 20160.51 49.82
785.9 40670.74 20375.06 50.10
787.1 41171.80 20694.17 50.26
788.4 41528.97 20855.15 50.22
789.6 41482.13 20733.05 49.98
790.9 41134.16 20453.44 49.72
792.1 40655.28 20236.38 49.78
793.4 40180.32 20038.40 49.87
794.6 39846.60 19915.76 49.98
795.8 39587.54 19832.24 50.10
797.1 39290.10 19703.61 50.15
798.3 39054.26 19654.64 50.33
799.5 38943.25 19611.37 50.36
800.8 38778.22 19558.97 50.44
802.0 38618.88 19483.01 50.45
803.2 38465.20 19390.80 50.41
804.5 38332.71 19349.06 50.48
805.7 38219.65 19294.79 50.48
806.9 38073.35 19218.58 50.48
808.1 37984.05 19223.51 50.61
809.4 37906.28 19220.85 50.71
810.6 37824.15 19180.98 50.71
811.8 37796.29 19208.16 50.82
813.0 37827.58 19233.55 50.85
814.2 37840.50 19243.77 50.85
815.4 37955.24 19298.03 50.84
816.6 38027.91 19298.68 50.75
817.9 38102.35 19319.74 50.70
819.1 38072.96 19248.02 50.56
820.3 37949.69 19121.80 50.39
821.5 37894.61 19025.00 50.21
822.7 37866.54 18993.20 50.16
823.9 37906.28 18958.17 50.01
825.1 37943.15 18912.36 49.84
826.3 38020.73 18916.79 49.75
827.5 38108.05 18903.05 49.60
828.7 38176.32 18882.05 49.46
829.9 38262.68 18862.48 49.30
831.0 38386.63 18879.94 49.18
832.2 38533.16 18900.48 49.05
833.4 38634.36 18918.93 48.97
834.6 38746.88 18943.13 48.89
835.8 38872.58 18971.82 48.81
837.0 39026.76 19033.77 48.77
838.1 39200.00 19129.33 48.80
839.3 39334.99 19178.06 48.76
840.5 39499.16 19240.80 48.71
841.7 39675.29 19340.64 48.75
842.9 39834.34 19431.73 48.78
844.0 40002.80 19477.65 48.69
845.2 40188.33 19549.49 48.64
846.4 40315.24 19568.79 48.54
847.5 40575.08 19661.11 48.46
848.7 40794.29 19753.38 48.42
849.9 41043.27 19824.02 48.30
851.0 41176.72 19829.11 48.16
852.2 41283.01 19849.30 48.08
853.3 41336.03 19831.31 47.98
854.5 41385.60 19840.18 47.94
855.6 41408.01 19816.99 47.86
856.8 41491.09 19863.70 47.87
857.9 41535.42 19876.66 47.85
859.1 41657.80 19981.36 47.97
860.2 41711.76 19977.94 47.90
861.4 41789.90 19983.76 47.82
862.5 41857.52 20005.34 47.79
863.7 41978.22 20087.14 47.85
864.8 42001.40 20080.34 47.81
865.9 42003.19 20013.09 47.65
867.1 42077.89 20022.09 47.58
868.2 42118.25 20025.98 47.55
869.3 42153.63 20041.84 47.54
870.5 42092.46 19981.22 47.47
871.6 42122.53 19966.83 47.40
872.7 42223.14 20033.71 47.45
873.9 42262.83 20033.72 47.40
875.0 42247.20 20000.65 47.34
876.1 42225.11 19964.88 47.28
877.2 42279.84 19957.21 47.20
878.3 42302.12 19925.24 47.10
879.4 42284.06 19894.37 47.05
880.5 42343.92 19875.31 46.94
881.7 42326.05 19800.04 46.78
882.8 42351.34 19773.15 46.69
883.9 42430.09 19753.42 46.56
885.0 42357.32 19689.85 46.49
886.1 42357.47 19655.87 46.40
887.2 42241.92 19565.62 46.32
888.3 42147.85 19488.55 46.24
889.4 42045.32 19398.61 46.14
890.5 41945.29 19321.13 46.06
891.6 41864.40 19293.71 46.09
892.7 41844.69 19231.37 45.96
893.8 41881.85 19223.86 45.90
894.9 41879.31 19213.17 45.88
896.0 41812.69 19147.94 45.79
897.0 41850.92 19111.28 45.67
898.1 41821.61 19087.67 45.64
899.2 41852.54 19057.34 45.53
900.3 41747.94 18990.34 45.49
901.4 41622.41 18873.86 45.35
902.4 41658.53 18875.60 45.31
903.5 41604.82 18805.84 45.20
904.6 41550.72 18762.75 45.16
905.7 41565.54 18763.98 45.14
906.7 41536.49 18703.46 45.03
907.8 41558.34 18680.43 44.95
908.9 41493.73 18610.96 44.85
909.9 41451.58 18583.90 44.83
911.0 41358.23 18461.64 44.64
912.1 41297.17 18371.78 44.49
913.1 41189.72 18285.90 44.39
914.2 41099.85 18143.50 44.14
915.2 41068.89 18113.87 44.11
916.3 41034.15 18053.82 44.00
917.3 40975.74 17986.49 43.90
918.4 40862.80 17814.39 43.60
919.4 40836.29 17765.07 43.50
920.5 40782.84 17680.83 43.35
921.5 40833.45 17647.56 43.22
922.6 40729.18 17479.74 42.92
923.6 40739.49 17440.93 42.81
924.7 40774.75 17363.40 42.58
925.7 40746.72 17215.27 42.25
926.7 40808.40 17157.08 42.04
927.8 40839.01 17067.05 41.79
928.8 40966.59 17004.32 41.51
929.9 41048.46 16962.02 41.32
930.9 41217.18 16893.33 40.99
931.9 41378.61 16915.87 40.88
932.9 41679.25 16983.45 40.75
934.0 41702.58 16873.20 40.46
935.0 41757.18 16754.72 40.12
936.0 41670.71 16620.90 39.89
937.0 41632.50 16524.53 39.69
938.1 41580.55 16364.65 39.36
939.1 41508.45 16266.89 39.19
940.1 41591.64 16141.34 38.81
941.1 41779.29 16096.59 38.53
942.1 41991.60 16026.79 38.17
943.1 42156.63 15985.02 37.92
944.1 42391.18 15938.16 37.60
945.2 42445.20 15853.15 37.35
946.2 42493.04 15720.18 36.99
947.2 42572.63 15643.40 36.75
948.2 42750.54 15539.22 36.35
949.2 42846.38 15414.75 35.98
950.2 42880.60 15247.06 35.56
951.2 42968.52 15153.94 35.27
952.2 43001.40 15056.30 35.01
953.2 43164.71 14970.87 34.68
954.2 43310.48 14845.86 34.28
955.2 43368.34 14772.58 34.06
956.2 43301.73 14640.56 33.81
957.2 43392.87 14508.99 33.44
958.2 43492.10 14454.97 33.24
959.2 43506.45 14412.24 33.13
960.1 43588.22 14358.07 32.94
961.1 43692.83 14267.19 32.65
962.1 43658.44 14285.63 32.72
963.1 43782.00 14221.85 32.48
964.1 43817.42 14224.78 32.46
965.1 43908.74 14241.09 32.43
966.1 44007.38 14156.33 32.17
967.0 44141.86 14217.64 32.21
968.0 44131.86 14102.24 31.95
969.0 44255.20 14098.32 31.86
970.0 44255.36 14108.74 31.88
971.0 44316.83 13999.10 31.59
971.9 44400.90 13943.77 31.40
972.9 44577.14 13906.69 31.20
973.9 44494.78 13813.15 31.04
974.9 44573.29 13681.71 30.69
975.8 44702.44 13566.84 30.35
976.8 44666.28 13486.88 30.19
977.8 44950.93 13431.12 29.88
978.8 44877.90 13279.50 29.59
979.7 45104.10 13245.20 29.37
980.7 45212.81 13186.07 29.16
981.7 45433.99 12991.08 28.59
982.6 45657.51 13001.11 28.48
983.6 46147.45 13099.23 28.39
984.6 46551.05 13138.14 28.22
985.5 47031.84 13091.90 27.84
986.5 47664.14 13216.32 27.73
987.5 48852.12 13601.60 27.84
988.4 49722.20 13785.64 27.73
989.4 51183.38 14181.54 27.71
990.4 52549.20 14013.12 26.67
991.3 54023.93 14860.84 27.51
992.3 54777.10 14946.32 27.29
993.2 55874.36 15617.89 27.95
994.2 57686.85 15787.98 27.37
995.2 57633.14 15667.26 27.18
996.1 59292.71 17359.93 29.28
997.1 59931.56 16416.04 27.39
998.0 60640.20 16855.92 27.80
999.0 59258.53 16476.76 27.80
1000.0 60377.42 16800.67 27.83
1000.9 59810.48 16054.39 26.84
1001.9 59598.95 16217.40 27.21
1002.8 60212.52 17060.21 28.33
1003.8 59788.51 15361.72 25.69
1004.8 59326.80 14786.06 24.92
961.5 55398.21 18176.03 32.81
965.5 54418.85 17826.86 32.76
969.5 52458.23 17206.82 32.80
973.4 50487.36 16633.78 32.95
977.4 48611.32 15770.62 32.44
981.4 47578.80 15247.41 32.05
985.3 47203.20 15026.35 31.83
989.3 47137.31 15118.22 32.07
993.3 47133.16 15444.40 32.77
997.2 47029.21 15727.66 33.44
1001.2 46955.35 15943.46 33.95
1005.2 46914.32 16124.53 34.37
1009.1 47038.13 16353.69 34.77
1013.1 47236.75 16626.90 35.20
1017.1 47375.30 16903.64 35.68
1021.0 47429.61 17146.21 36.15
1025.0 47461.87 17387.84 36.64
1029.0 47354.18 17577.09 37.12
1032.9 47271.77 17759.56 37.57
1036.9 47308.70 17987.46 38.02
1040.9 47476.08 18266.71 38.48
1044.8 47747.63 18567.69 38.89
1048.8 47970.59 18857.17 39.31
1052.7 48104.60 19113.55 39.73
1056.7 48183.46 19314.17 40.08
1060.7 48250.82 19470.86 40.35
1064.6 48272.17 19560.30 40.52
1068.6 48190.54 19569.30 40.61
1072.5 48116.11 19555.43 40.64
1076.5 48076.67 19544.76 40.65
1080.4 48048.88 19488.63 40.56
1084.4 48150.59 19430.75 40.35
1088.3 48279.53 19377.44 40.14
1092.3 48252.92 19232.60 39.86
1096.2 48221.83 19074.02 39.55
1100.2 48245.69 18926.78 39.23
1104.1 48124.97 18717.77 38.89
1108.1 48059.38 18528.53 38.55
1112.0 47955.87 18286.83 38.13
1116.0 47754.46 17973.35 37.64
1119.9 47569.76 17629.85 37.06
1123.9 47623.80 17306.86 36.34
1127.8 47592.96 16842.24 35.39
1131.8 47556.42 16249.65 34.17
1135.7 47568.82 15560.11 32.71
1139.6 47554.30 14796.27 31.11
1143.6 47510.71 14047.10 29.57
1147.5 47481.98 13414.26 28.25
1151.4 47337.52 12877.17 27.20
1155.4 47322.86 12510.77 26.44
1159.3 47329.81 12260.59 25.90
1163.2 47159.49 12056.13 25.56
1167.2 47113.86 11954.58 25.37
1171.1 47117.13 11871.32 25.20
1175.0 47022.16 11776.42 25.04
1179.0 46962.63 11721.57 24.96
1182.9 47045.30 11685.59 24.84
1186.8 47019.62 11601.57 24.67
1190.7 46784.64 11483.82 24.55
1194.7 46508.35 11380.22 24.47
1198.6 46264.68 11316.69 24.46
1202.5 46100.54 11273.86 24.45
1206.4 45962.62 11235.38 24.44
1210.3 45829.98 11239.13 24.52
1214.2 45707.13 11262.59 24.64
1218.2 45554.16 11264.83 24.73
1222.1 45384.95 11298.75 24.90
1226.0 45257.55 11352.29 25.08
1229.9 45156.00 11384.40 25.21
1233.8 45033.17 11418.76 25.36
1237.7 44950.68 11470.66 25.52
1241.6 44841.64 11506.93 25.66
1245.5 44683.61 11519.07 25.78
1249.4 44538.65 11512.78 25.85
1253.3 44401.40 11519.72 25.94
1257.2 44324.52 11533.62 26.02
1261.1 44209.48 11526.95 26.07
1265.0 44086.55 11503.99 26.09
1268.9 43910.05 11435.83 26.04
1272.8 43969.80 11434.20 26.00
1276.7 44155.69 11455.15 25.94
1280.6 44249.88 11413.39 25.79
1284.5 44188.89 11308.18 25.59
1288.4 44167.03 11217.02 25.40
1292.3 44060.50 11077.00 25.14
1296.2 43934.23 10921.14 24.86
1300.1 43787.98 10730.75 24.51
1303.9 43564.57 10508.57 24.12
1307.8 43339.22 10282.16 23.72
1311.7 43109.06 10011.62 23.22
1315.6 42877.90 9727.58 22.69
1319.5 42633.84 9421.59 22.10
1323.3 42417.44 9118.78 21.50
1327.2 42218.70 8800.45 20.84
1331.1 42002.86 8467.92 20.16
1335.0 41739.72 8144.10 19.51
1338.8 41543.11 7857.46 18.91
1342.7 41389.31 7605.06 18.37
1346.5 41042.00 7333.39 17.87
1350.4 40741.74 7100.44 17.43
1354.3 40332.24 6855.48 17.00
1358.1 39895.31 6598.86 16.54
1362.0 39644.33 6352.16 16.02
1365.8 39567.12 6112.37 15.45
1369.7 39683.68 5902.19 14.87
1373.5 39615.26 5645.61 14.25
1377.4 39354.79 5310.89 13.49
1381.2 39167.92 4888.24 12.48
1385.1 39160.09 4432.44 11.32
1389.0 39060.88 3986.64 10.21
1392.8 38834.72 3554.08 9.15
1396.6 38680.88 3160.08 8.17
1400.5 38476.57 2808.27 7.30
1404.3 38299.58 2527.62 6.60
1408.2 38263.03 2314.61 6.05
1412.0 38218.70 2140.58 5.60
1415.8 38249.29 2021.79 5.29
1419.6 38208.11 1924.37 5.04
1423.5 38172.20 1848.68 4.84
1427.3 38125.77 1793.25 4.70
1431.1 38099.78 1750.73 4.60
1434.9 38010.73 1711.42 4.50
1438.8 37949.80 1685.32 4.44
1442.6 37913.52 1677.92 4.43
1446.4 37795.09 1666.52 4.41
1450.2 37700.99 1654.56 4.39
1454.0 37583.52 1648.44 4.39
1457.8 37547.69 1654.74 4.41
1461.6 37527.24 1664.49 4.44
1465.4 37404.28 1675.87 4.48
1469.2 37216.73 1690.33 4.54
1473.0 37080.95 1714.58 4.62
1476.8 37019.78 1754.06 4.74
1480.7 36949.43 1802.69 4.88
1484.4 36826.56 1853.64 5.03
1488.2 36723.96 1919.76 5.23
1492.0 36584.11 1992.02 5.45
1495.8 36452.33 2056.60 5.64
1499.6 36350.05 2114.91 5.82
1503.4 36216.75 2146.14 5.93
1507.2 36087.28 2164.08 6.00
1510.9 35929.91 2183.68 6.08
1514.7 35749.31 2219.34 6.21
1518.5 35615.65 2268.83 6.37
1522.3 35466.30 2321.62 6.55
1526.0 35355.47 2381.00 6.73
1529.8 35294.61 2449.72 6.94
1533.6 35159.29 2507.11 7.13
1537.3 35020.99 2545.06 7.27
1541.1 34889.16 2583.23 7.40
1544.8 34754.40 2618.40 7.53
1548.6 34607.98 2649.21 7.65
1552.4 34514.76 2692.54 7.80
1556.1 34455.77 2752.22 7.99
1559.9 34373.05 2812.95 8.18
1563.6 34243.93 2857.24 8.34
1567.3 34122.03 2903.85 8.51
1571.1 33904.82 2949.18 8.70
1574.8 33749.79 3005.23 8.90
1578.6 33637.37 3049.48 9.07
1582.3 33496.17 3077.03 9.19
1586.0 33359.51 3110.01 9.32
1589.8 33217.24 3137.42 9.45
1593.5 33051.52 3158.63 9.56
1597.2 32917.71 3174.12 9.64
1600.9 32767.31 3200.80 9.77
1604.7 32613.52 3229.63 9.90
1608.4 32493.03 3260.13 10.03
1612.1 32320.35 3287.30 10.17
1615.8 32161.00 3310.66 10.29
1619.5 32072.28 3335.44 10.40
1623.2 31915.49 3345.80 10.48
1626.9 31725.78 3356.89 10.58
1630.6 31537.44 3368.64 10.68
1634.3 31397.73 3385.20 10.78
1638.0 31241.74 3394.69 10.87
1641.7 31050.65 3386.82 10.91
1645.4 30870.63 3389.90 10.98
1649.1 30683.95 3381.02 11.02
1652.8 30504.58 3357.82 11.01
1656.4 30322.32 3336.09 11.00
1660.1 30158.02 3325.70 11.03
1663.8 29966.42 3312.08 11.05
1667.5 29809.99 3298.94 11.07
1671.1 29676.54 3282.08 11.06
1674.8 29472.79 3252.20 11.03
1678.5 29413.48 3246.09 11.04
1682.1 29419.35 3230.58 10.98
1685.8 29417.21 3221.26 10.95
1689.5 29310.65 3192.41 10.89
1693.1 29167.59 3152.10 10.81
1696.8 29020.13 3123.13 10.76
1700.4 28874.60 3082.31 10.67
1704.0 28754.23 3033.06 10.55
1707.7 28493.62 2975.45 10.44
1711.3 28200.13 2915.69 10.34
1715.0 27991.44 2862.03 10.22
1718.6 27822.35 2808.11 10.09
1722.2 27677.55 2754.75 9.95
1725.9 27527.50 2702.56 9.82
1729.5 27386.37 2649.21 9.67
1733.1 27262.24 2614.91 9.59
1736.7 27144.69 2593.32 9.55
1740.3 26982.07 2562.65 9.50
1744.0 26899.89 2542.16 9.45
1747.5 26760.07 2505.77 9.36
1751.2 26551.35 2446.34 9.21
1754.8 26397.18 2396.93 9.08
1758.4 26262.14 2353.01 8.96
1762.0 26085.49 2312.55 8.87
1765.5 25956.49 2279.11 8.78
1769.1 25915.20 2258.40 8.71
1772.7 25841.75 2241.85 8.68
1776.3 25724.16 2221.63 8.64
1779.9 25608.69 2199.44 8.59
1783.5 25553.92 2182.40 8.54
1787.0 25434.82 2156.64 8.48
1790.6 25293.30 2141.88 8.47
1794.2 25193.03 2133.63 8.47
1797.8 25095.48 2129.78 8.49
1801.3 25012.46 2126.12 8.50
1804.9 24871.88 2115.75 8.51
1808.4 24792.34 2111.18 8.52
1812.0 24660.35 2101.41 8.52
1815.5 24519.60 2093.34 8.54
1819.1 24324.68 2074.66 8.53
1822.6 24164.48 2066.38 8.55
1826.2 24042.90 2061.07 8.57
1829.7 23859.90 2044.36 8.57
1833.2 23612.46 2021.99 8.56
1836.8 23400.20 1997.00 8.53
1840.3 23257.80 1961.15 8.43
1843.8 23131.92 1948.24 8.42
1847.3 23013.03 1947.71 8.46
1850.8 22865.47 1927.30 8.43
1854.3 22692.74 1899.39 8.37
1857.8 22594.00 1830.40 8.10
1861.3 22615.25 1746.95 7.72
1864.8 22605.64 1653.42 7.31
1868.3 22468.36 1513.07 6.73
1871.8 22341.12 1374.72 6.15
1875.3 22323.21 1245.34 5.58
1878.8 22320.32 1129.16 5.06
1882.3 22237.89 1033.96 4.65
1885.8 22045.10 923.57 4.19
1889.3 21861.76 842.44 3.85
1892.7 21710.01 779.15 3.59
1896.2 21503.16 742.82 3.45
1899.7 21232.37 764.54 3.60
1903.1 21059.81 776.16 3.69
1906.6 21101.81 802.35 3.80
1910.0 21348.35 896.46 4.20
1913.5 21771.66 1057.96 4.86
1917.0 22339.63 1329.30 5.95
1920.4 22881.38 1525.43 6.67
1923.8 23136.14 1571.31 6.79
1871.2 20260.60 881.39 4.35
1873.9 20445.79 773.16 3.78
1876.7 20658.97 758.86 3.67
1879.5 20770.50 728.29 3.51
1882.3 20488.21 577.39 2.82
1885.1 20498.36 534.44 2.61
1887.8 20542.45 503.05 2.45
1890.6 20318.11 421.02 2.07
1893.4 20320.67 432.67 2.13
1896.2 20203.65 398.85 1.97
1898.9 20201.38 359.71 1.78
1901.7 20074.51 346.82 1.73
1904.5 20223.67 327.98 1.62
1907.2 20168.50 318.25 1.58
1910.0 20030.00 319.93 1.60
1912.7 20048.69 312.26 1.56
1915.5 19979.54 308.59 1.54
1918.2 19877.64 314.89 1.58
1921.0 19705.09 319.77 1.62
1923.7 19733.20 300.15 1.52
1926.5 19715.86 286.59 1.45
1929.2 19701.76 307.84 1.56
1932.0 19674.16 297.04 1.51
1934.7 19635.47 300.16 1.53
1937.4 19518.79 319.47 1.64
1940.2 19475.71 319.63 1.64
1942.9 19573.26 310.59 1.59
1945.6 19572.62 305.02 1.56
1948.3 19494.00 309.86 1.59
1951.1 19465.67 316.05 1.62
1953.8 19476.00 321.00 1.65
1956.5 19368.67 329.45 1.70
1959.2 19423.04 328.90 1.69
1961.9 19438.54 327.80 1.69
1964.6 19331.55 333.20 1.72
1967.3 19375.30 344.13 1.78
1970.0 19228.16 343.36 1.79
1972.8 19159.08 344.18 1.80
1975.5 19219.42 368.76 1.92
1978.2 19120.16 376.68 1.97
1980.9 19002.89 361.46 1.90
1983.5 18950.70 363.54 1.92
1986.2 18944.10 392.85 2.07
1988.9 18909.18 375.39 1.99
1991.6 18787.78 373.67 1.99
1994.3 18678.85 407.26 2.18
1997.0 18669.58 409.43 2.19
1999.7 18631.37 410.65 2.20
2002.3 18617.79 402.73 2.16
2005.0 18540.12 379.72 2.05
2007.7 18469.93 401.33 2.17
2010.4 18400.48 425.40 2.31
2013.0 18316.11 432.44 2.36
2015.7 18226.45 451.83 2.48
2018.4 18129.14 451.03 2.49
2021.0 18062.50 456.17 2.53
2023.7 17946.51 452.27 2.52
2026.4 17902.73 453.48 2.53
2029.0 17806.29 466.74 2.62
2031.7 17677.40 461.93 2.61
2034.3 17722.47 470.38 2.65
2037.0 17610.64 472.92 2.69
2039.6 17527.07 483.89 2.76
2042.3 17481.88 505.50 2.89
2044.9 17393.81 490.88 2.82
2047.5 17348.93 479.66 2.76
2050.2 17253.60 478.80 2.78
2052.8 17214.40 478.80 2.78
2055.4 17090.17 493.09 2.89
2058.1 16973.60 501.20 2.95
2060.7 16918.14 491.92 2.91
2063.3 16842.61 498.81 2.96
2065.9 16794.67 499.71 2.98
2068.6 16710.92 499.71 2.99
2071.2 16664.67 518.94 3.11
2073.8 16591.32 520.49 3.14
2076.4 16536.88 527.65 3.19
2079.0 16525.61 525.47 3.18
2081.6 16519.89 531.72 3.22
2084.2 16487.00 524.83 3.18
2086.8 16353.42 528.90 3.23
2089.4 16268.28 536.13 3.30
2092.1 16209.50 535.50 3.30
2094.7 16113.80 559.35 3.47
2097.2 16087.67 561.00 3.49
2099.8 16089.36 546.56 3.40
2102.4 15953.94 551.61 3.46
2105.0 15826.05 555.75 3.51
2107.6 15774.07 566.82 3.59
2110.2 15742.83 574.02 3.65
2112.8 15734.02 569.80 3.62
2115.3 15735.22 574.45 3.65
2117.9 15738.64 571.63 3.63
2120.5 15682.70 591.75 3.77
2123.1 15604.88 590.85 3.79
2125.6 15567.02 594.45 3.82
2128.2 15487.92 605.82 3.91
2130.8 15394.28 579.15 3.76
2133.3 15347.20 566.13 3.69
2135.9 15264.31 588.33 3.85
2138.4 15119.35 574.60 3.80
2141.0 15032.51 578.85 3.85
2143.6 14998.41 612.72 4.09
2146.1 14847.40 593.54 4.00
2148.7 14686.27 593.21 4.04
2151.2 14704.80 616.00 4.19
2153.8 14713.72 615.16 4.18
2156.3 14589.47 602.48 4.13
2158.8 14533.35 611.34 4.21
2161.4 14517.59 610.31 4.20
2163.9 14426.20 601.46 4.17
2166.4 14354.62 623.86 4.35
2169.0 14310.27 617.94 4.32
2171.5 14227.48 620.90 4.36
2174.0 14143.15 630.70 4.46
2176.5 14124.76 609.96 4.32
2179.1 14082.55 608.36 4.32
2181.6 13967.33 614.42 4.40
2184.1 13937.00 616.00 4.42
2186.6 13993.83 611.98 4.37
2189.1 13896.09 661.26 4.76
2191.6 13840.87 640.27 4.63
2194.1 13877.92 614.51 4.43
2196.6 13844.81 631.78 4.56
2199.2 13897.52 606.97 4.37
2201.7 13871.80 616.05 4.44
2204.1 13802.39 626.72 4.54
2206.6 13786.08 637.83 4.63
2209.1 13743.34 628.31 4.57
2211.6 13738.26 605.26 4.41
2214.1 13693.60 634.88 4.64
2216.6 13643.61 649.52 4.76
2219.1 13655.01 630.52 4.62
2221.6 13597.41 593.84 4.37
2224.0 13563.60 598.17 4.41
2226.5 13534.39 624.02 4.61
2229.0 13551.73 590.03 4.35
2231.5 13416.49 574.50 4.28
2233.9 13376.81 581.10 4.34
2236.4 13409.64 563.56 4.20
2238.9 13341.63 558.00 4.18
2241.3 13300.17 559.68 4.21
2243.8 13261.31 536.36 4.04
2246.2 13153.53 538.86 4.10
2248.7 13089.53 543.79 4.15
2251.2 13067.33 522.69 4.00
2253.6 13017.60 495.36 3.81
2256.1 12979.20 506.88 3.91
2258.5 12980.99 499.42 3.85
2260.9 12912.45 487.05 3.77
2263.4 12850.74 483.63 3.76
2265.8 12840.17 465.45 3.62
2268.3 12768.77 469.50 3.68
2270.7 12812.36 456.76 3.57
2273.1 12778.22 444.86 3.48
2275.6 12710.40 437.76 3.44
2278.0 12729.12 434.30 3.41
2280.4 12680.26 431.01 3.40
2282.8 12544.20 429.76 3.43
2285.3 12570.98 416.05 3.31
2287.7 12679.54 394.41 3.11
2290.1 12579.51 387.43 3.08
2292.5 12520.09 416.68 3.33
2294.9 12538.64 395.17 3.15
2297.3 12458.25 379.68 3.05
2299.7 12334.59 390.89 3.17
2302.1 12311.40 341.77 2.78
2304.5 12214.72 364.56 2.98
2306.9 12089.28 360.64 2.98
2309.3 11994.02 297.79 2.48
2311.7 11939.85 341.48 2.86
2314.1 11791.37 338.70 2.87
2316.5 11721.50 299.44 2.55
2318.9 11765.88 338.98 2.88
2321.3 11730.50 352.59 3.01
2323.7 11744.39 335.44 2.86
2326.1 11719.24 322.40 2.75
2328.4 11761.55 325.47 2.77
2330.8 11807.83 319.02 2.70
2333.2 11712.54 304.76 2.60
2335.6 11662.03 319.68 2.74
2337.9 11681.16 296.31 2.54
2340.3 11629.38 314.88 2.71
2342.7 11548.22 338.53 2.93
2345.0 11508.47 288.77 2.51
2347.4 11492.00 284.75 2.48
2349.7 11315.65 299.02 2.64
2352.1 11286.89 295.90 2.62
2354.4 11296.02 296.59 2.63
2356.8 11214.70 289.22 2.58
2359.2 11154.00 273.00 2.45
2361.5 11109.05 235.62 2.12
2363.8 11141.66 267.89 2.40
2366.2 11165.73 273.63 2.45
2368.5 11089.40 253.65 2.29
2370.9 11067.03 263.93 2.38
2373.2 11030.32 247.32 2.24
2375.5 10914.30 248.88 2.28
2377.9 10876.18 282.62 2.60
2380.2 10876.88 242.83 2.23
2382.5 10821.23 225.16 2.08
2384.8 10769.44 259.84 2.41
2387.2 10736.28 253.17 2.36
2389.5 10704.02 236.08 2.21
2391.8 10661.73 251.93 2.36
2394.1 10613.91 254.31 2.40
2396.4 10610.47 212.89 2.01
2398.7 10654.34 199.74 1.87
2401.0 10513.07 178.02 1.69
2403.3 10428.12 234.06 2.24
2405.6 10456.51 284.91 2.72
2407.9 10375.71 230.46 2.22
2410.2 10317.44 235.63 2.28
2412.5 10224.31 233.76 2.29
2414.8 10187.84 184.86 1.81
2417.1 10204.62 180.66 1.77
2419.4 10195.97 203.19 1.99
2421.7 10103.31 210.27 2.08
2424.0 10048.90 206.05 2.05
2426.2 10074.05 171.20 1.70
2428.5 10032.46 194.70 1.94
2430.8 10006.20 196.20 1.96
2433.1 9945.94 193.61 1.95
2435.4 9886.37 195.83 1.98
2437.6 9830.42 167.85 1.71
2439.9 9708.34 196.53 2.02
2442.2 9709.99 176.34 1.82
2444.4 9752.18 149.33 1.53
2446.7 9688.56 181.04 1.87
2448.9 9658.24 177.65 1.84
2451.2 9631.36 190.72 1.98
2453.4 9564.32 180.80 1.89
2455.7 9566.46 170.29 1.78
2457.9 9468.86 170.94 1.81
2460.2 9395.46 147.96 1.57
2462.4 9422.40 149.76 1.59
2464.7 9348.95 145.09 1.55
2466.9 9251.22 147.66 1.60
2469.2 9249.34 90.74 0.98
2471.4 9151.61 118.17 1.29
2473.6 9078.42 147.29 1.62
2475.9 9042.40 115.15 1.27
2478.1 8956.32 129.80 1.45
2480.3 8952.70 153.16 1.71
2482.5 8971.16 114.37 1.27
2484.8 8832.66 123.79 1.40
2487.0 8762.09 170.35 1.94
2489.2 8850.00 128.15 1.45
2491.4 8753.22 69.17 0.79
2493.6 8669.20 133.25 1.54
2495.8 8662.66 174.20 2.01
2498.0 8674.13 186.45 2.15
2500.2 8694.60 219.05 2.52
2502.4 8942.16 150.96 1.69
2504.6 9089.52 103.29 1.14
2506.8 9176.65 107.16 1.17
