/*** Spectra Vista SIG Data ***/
name= \My Documents\HR1024_Data\AOB2.
instrument= HR: 1091052
integration= 200, 60, 30, 500, 60, 30
scan time= 1, 1
scan settings= AD, AI, AD, AI
external data set1= 8224, 8224, 8224, 8224, 8224, 8224, 8224, 8224, 8224, 8224, 8224, 8224, 8224, 8224, 8224, 8224
external data set2= 8224, 8224, 8224, 8224, 8224, 8224, 8224, 8224, 8224, 8224, 8224, 8224, 8224, 8224, 8224, 8224
external data dark= 0,0,0,0,0,0,0,0
external data mask= 0
optic= LENS4 , LENS4 
temp= 33.31, 8.94, -5.30, 37.50, 8.94, -5.37
battery= 7.5, 7.3
error= 0, 0
units= Radiance, Radiance
time= 1/1/08 1:10:44 PM, 1/1/08 1:16:43 PM
longitude= , 
latitude= , 
gpstime= , 
comm= 
memory slot= 0, 0
factors= 
data= 
346.4 509.60 100.65 19.75
347.9 536.51 96.64 18.01
349.5 577.20 107.33 18.59
351.1 620.88 103.58 16.68
352.6 679.94 105.00 15.44
354.2 723.22 109.96 15.20
355.7 777.89 106.41 13.68
357.3 842.60 126.22 14.98
358.8 838.80 120.23 14.33
360.4 904.00 123.82 13.70
361.9 943.76 125.37 13.28
363.5 997.20 128.81 12.92
365.1 1040.25 131.77 12.67
366.6 1087.54 125.67 11.56
368.2 1161.70 139.67 12.02
369.7 1204.79 126.68 10.51
371.3 1287.37 135.65 10.54
372.8 1354.56 135.46 10.00
374.4 1435.13 134.84 9.40
375.9 1463.02 142.99 9.77
377.4 1512.41 137.91 9.12
379.0 1578.52 140.03 8.87
380.5 1618.77 139.10 8.59
382.1 1669.58 144.20 8.64
383.6 1726.52 134.95 7.82
385.2 1809.50 136.40 7.54
386.7 1900.67 142.96 7.52
388.3 1991.93 147.83 7.42
389.8 2077.97 152.62 7.34
391.3 2163.95 162.64 7.52
392.9 2236.17 163.87 7.33
394.4 2293.88 169.74 7.40
395.9 2364.42 177.10 7.49
397.5 2493.56 188.63 7.56
399.0 2617.23 195.29 7.46
400.6 2691.33 191.31 7.11
402.1 2739.96 184.73 6.74
403.6 2797.88 185.09 6.62
405.1 2865.39 190.11 6.63
406.7 2979.20 194.43 6.53
408.2 3089.54 197.80 6.40
409.7 3183.04 213.25 6.70
411.3 3295.62 221.24 6.71
412.8 3391.47 233.21 6.88
414.3 3507.27 240.83 6.87
415.8 3622.50 252.00 6.96
417.4 3739.34 265.14 7.09
418.9 3830.42 267.17 6.97
420.4 3913.23 270.19 6.90
421.9 3978.48 271.04 6.81
423.5 4044.22 278.33 6.88
425.0 4110.68 284.98 6.93
426.5 4198.95 287.24 6.84
428.0 4314.36 293.10 6.79
429.5 4445.73 302.57 6.81
431.1 4599.50 306.50 6.66
432.6 4769.72 316.06 6.63
434.1 4937.63 325.71 6.60
435.6 5085.18 338.24 6.65
437.1 5233.80 346.32 6.62
438.6 5364.45 364.70 6.80
440.1 5501.44 374.30 6.80
441.6 5653.06 386.88 6.84
443.1 5799.60 406.62 7.01
444.7 5941.01 415.93 7.00
446.2 6051.88 437.84 7.23
447.7 6161.82 454.80 7.38
449.2 6292.08 471.74 7.50
450.7 6396.00 476.74 7.45
452.2 6529.70 496.75 7.61
453.7 6647.26 512.56 7.71
455.2 6815.62 529.88 7.77
456.7 7013.60 544.19 7.76
458.2 7232.90 564.79 7.81
459.7 7456.75 587.30 7.88
461.2 7667.16 604.34 7.88
462.7 7858.10 617.91 7.86
464.2 8041.02 639.77 7.96
465.7 8240.35 647.36 7.86
467.2 8402.63 669.13 7.96
468.7 8584.00 692.80 8.07
470.2 8698.25 711.19 8.18
471.7 8877.75 733.40 8.26
473.2 9159.71 749.48 8.18
474.6 9386.40 762.72 8.13
476.1 9450.96 772.53 8.17
477.6 9499.75 778.30 8.19
479.1 9557.87 789.58 8.26
480.6 9632.82 791.33 8.21
482.1 9760.73 810.05 8.30
483.6 9935.74 823.03 8.28
485.1 10133.78 848.82 8.38
486.6 10366.07 871.86 8.41
488.0 10621.00 898.30 8.46
489.5 10873.80 936.05 8.61
491.0 11134.31 962.99 8.65
492.5 11404.80 1009.58 8.85
494.0 11683.71 1062.75 9.10
495.4 11917.95 1102.20 9.25
496.9 12154.26 1150.96 9.47
498.4 12387.41 1211.83 9.78
499.9 12623.63 1262.71 10.00
501.4 12839.71 1329.69 10.36
502.8 13042.06 1393.89 10.69
504.3 13226.40 1469.52 11.11
505.8 13406.54 1546.80 11.54
507.2 13518.16 1624.32 12.02
508.7 13603.31 1702.37 12.51
510.2 13672.60 1784.61 13.05
511.6 13715.26 1869.17 13.63
513.1 13806.21 1961.26 14.21
514.6 13898.29 2060.34 14.82
516.0 13992.63 2158.96 15.43
517.5 14151.40 2274.60 16.07
519.0 14339.95 2391.84 16.68
520.5 14520.56 2516.42 17.33
521.9 14760.83 2648.37 17.94
523.4 15031.28 2786.78 18.54
524.8 15295.25 2921.47 19.10
526.3 15594.01 3063.24 19.64
527.8 15909.50 3199.47 20.11
529.2 16189.50 3328.20 20.56
530.7 16509.28 3458.40 20.95
532.1 16791.25 3573.05 21.28
533.6 17121.20 3695.10 21.58
535.0 17454.94 3820.51 21.89
536.5 17789.22 3936.81 22.13
538.0 18136.88 4053.89 22.35
539.4 18461.69 4160.98 22.54
540.9 18864.39 4285.84 22.72
542.3 19206.33 4385.83 22.84
543.8 19460.81 4467.55 22.96
545.2 19544.37 4520.76 23.13
546.6 19566.05 4558.92 23.30
548.1 19604.97 4597.26 23.45
549.5 19640.65 4640.80 23.63
551.0 19664.79 4661.61 23.71
552.4 19724.92 4696.95 23.81
553.9 19761.60 4719.16 23.88
555.3 19812.20 4735.69 23.90
556.8 19934.49 4763.06 23.89
558.2 20047.50 4777.65 23.83
559.6 20200.16 4804.81 23.79
561.1 20397.00 4832.10 23.69
562.5 20617.77 4853.65 23.54
564.0 20901.40 4892.58 23.41
565.4 21161.13 4917.52 23.24
566.8 21482.31 4951.78 23.05
568.3 21793.28 4979.79 22.85
569.7 22118.60 4999.43 22.60
571.1 22425.71 5004.65 22.32
572.6 22741.56 5016.17 22.06
574.0 23030.70 5023.92 21.81
575.4 23309.44 5026.05 21.56
576.9 23581.06 5027.72 21.32
578.3 23822.01 5027.17 21.10
579.7 24048.22 5028.53 20.91
581.1 24227.75 5027.59 20.75
582.6 24429.78 5028.74 20.58
584.0 24600.48 5026.10 20.43
585.4 24853.74 5039.93 20.28
586.8 25196.68 5075.64 20.14
588.3 25573.86 5121.79 20.03
589.7 25896.78 5158.30 19.92
591.1 26104.75 5183.57 19.86
592.5 26211.06 5188.37 19.79
594.0 26269.26 5196.58 19.78
595.4 26286.44 5201.48 19.79
596.8 26295.56 5199.48 19.77
598.2 26315.92 5195.66 19.74
599.6 26317.98 5194.04 19.74
601.0 26398.05 5194.46 19.68
602.4 26470.93 5194.25 19.62
603.9 26597.64 5201.03 19.55
605.3 26727.57 5203.23 19.47
606.7 26857.80 5194.08 19.34
608.1 27088.39 5200.02 19.20
609.5 27333.21 5201.89 19.03
610.9 27623.29 5209.02 18.86
612.3 27891.32 5210.41 18.68
613.7 28252.28 5223.73 18.49
615.1 28513.62 5211.86 18.28
616.5 28776.05 5205.98 18.09
617.9 29165.50 5230.56 17.93
619.3 29543.24 5255.41 17.79
620.7 29990.55 5297.20 17.66
622.1 30437.05 5343.28 17.56
623.5 30934.60 5417.78 17.51
624.9 31494.75 5497.80 17.46
626.3 31867.36 5548.12 17.41
627.7 31569.69 5474.49 17.34
629.1 31287.59 5402.46 17.27
630.5 31184.65 5361.74 17.19
631.9 31222.21 5349.54 17.13
633.3 31256.33 5332.82 17.06
634.7 31400.48 5321.11 16.95
636.1 31461.82 5265.85 16.74
637.5 31554.77 5165.13 16.37
638.9 31702.82 5178.32 16.33
640.2 31825.04 5181.72 16.28
641.6 31863.78 5133.02 16.11
643.0 31847.61 5051.30 15.86
644.4 31829.55 4975.85 15.63
645.8 31751.71 4881.82 15.37
647.2 31867.94 4802.67 15.07
648.5 31926.34 4730.54 14.82
649.9 31776.23 4621.81 14.54
651.3 31648.05 4514.52 14.26
652.7 31449.15 4397.22 13.98
654.1 31244.46 4296.14 13.75
655.5 31005.95 4192.16 13.52
656.8 30780.41 4079.73 13.25
658.2 30925.42 4018.79 13.00
659.6 31264.45 3973.07 12.71
660.9 31536.04 3905.87 12.39
662.3 31822.64 3846.82 12.09
663.7 32096.40 3774.96 11.76
665.0 32332.90 3715.18 11.49
666.4 32562.99 3650.09 11.21
667.8 32863.56 3602.83 10.96
669.1 33114.69 3567.30 10.77
670.5 33405.09 3549.87 10.63
671.9 33586.56 3532.46 10.52
673.2 33844.75 3530.49 10.43
674.6 34082.18 3551.04 10.42
676.0 34372.41 3585.43 10.43
677.3 34659.68 3626.86 10.46
678.7 34979.63 3700.90 10.58
680.0 35399.92 3816.46 10.78
681.4 35845.89 3964.00 11.06
682.8 36270.33 4150.51 11.44
684.1 36705.24 4389.84 11.96
685.5 37104.21 4682.95 12.62
686.8 37507.62 5044.97 13.45
688.2 37862.83 5457.45 14.41
689.5 38000.96 5908.28 15.55
690.9 38124.79 6393.88 16.77
692.2 38229.60 6925.80 18.12
693.6 38334.37 7483.25 19.52
694.9 38335.34 8039.36 20.97
696.2 38393.33 8622.59 22.46
697.6 38453.39 9194.96 23.91
698.9 38522.88 9771.17 25.36
700.3 38613.54 10319.02 26.72
701.6 38716.02 10869.46 28.07
703.0 38828.83 11403.27 29.37
704.3 38882.19 11903.06 30.61
705.6 38895.39 12355.24 31.77
707.0 38949.12 12802.72 32.87
708.3 38885.46 13188.28 33.92
709.6 38817.35 13558.69 34.93
711.0 38702.88 13897.43 35.91
712.3 38573.15 14204.85 36.83
713.6 38531.64 14523.60 37.69
714.9 38462.14 14798.28 38.47
716.3 38461.08 15107.19 39.28
717.6 38479.84 15412.40 40.05
718.9 38424.85 15660.83 40.76
720.2 38251.08 15830.19 41.38
721.6 38113.53 16026.40 42.05
722.9 37945.16 16186.31 42.66
724.2 37714.27 16300.68 43.22
725.5 37534.96 16431.85 43.78
726.8 37360.68 16547.47 44.29
728.1 37271.09 16682.05 44.76
729.5 37167.13 16806.78 45.22
730.8 37093.13 16908.99 45.59
732.1 36996.92 17006.88 45.97
733.4 36936.39 17110.55 46.32
734.7 36864.47 17213.04 46.69
736.0 36851.62 17292.65 46.93
737.3 36774.45 17347.79 47.17
738.6 36845.76 17469.60 47.41
739.9 37000.34 17620.80 47.62
741.2 37119.81 17779.94 47.90
742.5 37372.03 17959.13 48.05
743.8 37768.50 18222.44 48.25
745.1 38387.22 18579.04 48.40
746.4 39127.73 18996.61 48.55
747.7 39918.22 19421.70 48.65
749.0 40672.12 19833.53 48.76
750.3 41122.66 20094.35 48.86
751.6 41047.35 20081.88 48.92
752.9 40630.59 19893.16 48.96
754.2 40176.47 19705.77 49.05
755.4 39652.21 19498.13 49.17
756.7 39478.17 19447.34 49.26
758.0 39495.60 19480.84 49.32
759.3 39730.28 19642.43 49.44
760.6 40061.56 19856.14 49.56
761.9 40384.10 20024.33 49.58
763.1 40567.56 20146.11 49.66
764.4 40796.65 20273.11 49.69
765.7 40953.25 20359.30 49.71
767.0 41079.80 20453.04 49.79
768.2 41207.04 20533.63 49.83
769.5 41279.98 20591.12 49.88
770.8 41469.61 20706.95 49.93
772.0 41501.32 20741.09 49.98
773.3 41583.65 20771.99 49.95
774.6 41708.58 20842.17 49.97
775.8 41815.15 20925.52 50.04
777.1 41846.51 20951.78 50.07
778.4 41799.94 20929.36 50.07
779.6 41775.90 20953.19 50.16
780.9 41704.00 20926.40 50.18
782.1 41523.21 20846.31 50.20
783.4 41558.40 20873.22 50.23
784.6 41567.36 20903.52 50.29
785.9 41861.56 21040.50 50.26
787.1 42409.87 21351.34 50.35
788.4 42854.47 21568.65 50.33
789.6 42849.18 21576.32 50.35
790.9 42483.96 21400.29 50.37
792.1 42011.92 21171.39 50.39
793.4 41570.15 20964.31 50.43
794.6 41283.15 20823.85 50.44
795.8 41024.39 20711.03 50.48
797.1 40758.68 20578.35 50.49
798.3 40551.64 20489.54 50.53
799.5 40444.72 20434.46 50.52
800.8 40323.21 20393.80 50.58
802.0 40187.32 20338.19 50.61
803.2 40033.64 20273.10 50.64
804.5 39942.72 20233.67 50.66
805.7 39829.66 20183.01 50.67
806.9 39715.93 20112.72 50.64
808.1 39632.97 20049.78 50.59
809.4 39553.39 20052.12 50.70
810.6 39489.45 20032.74 50.73
811.8 39474.39 20025.72 50.73
813.0 39504.71 20029.72 50.70
814.2 39525.61 20061.19 50.75
815.4 39644.33 20129.87 50.78
816.6 39709.73 20164.70 50.78
817.9 39791.57 20200.41 50.77
819.1 39719.87 20177.49 50.80
820.3 39621.11 20107.75 50.75
821.5 39546.25 20065.30 50.74
822.7 39480.04 20060.88 50.81
823.9 39499.25 20062.27 50.79
825.1 39541.96 20067.51 50.75
826.3 39583.35 20101.47 50.78
827.5 39640.56 20132.69 50.79
828.7 39708.48 20153.38 50.75
829.9 39767.03 20179.36 50.74
831.0 39870.82 20227.19 50.73
832.2 39993.87 20292.78 50.74
833.4 40076.64 20333.29 50.74
834.6 40148.44 20370.00 50.74
835.8 40238.10 20415.78 50.74
837.0 40328.28 20465.92 50.75
838.1 40500.72 20551.46 50.74
839.3 40601.19 20607.89 50.76
840.5 40716.87 20648.81 50.71
841.7 40854.11 20707.27 50.69
842.9 40980.73 20783.05 50.71
844.0 41100.82 20834.45 50.69
845.2 41245.09 20914.34 50.71
846.4 41368.25 20961.35 50.67
847.5 41564.18 21078.82 50.71
848.7 41743.64 21162.25 50.70
849.9 41936.76 21278.81 50.74
851.0 42020.98 21322.00 50.74
852.2 42107.61 21335.94 50.67
853.3 42066.96 21309.81 50.66
854.5 42098.11 21313.11 50.63
855.6 42095.43 21312.43 50.63
856.8 42111.00 21341.75 50.68
857.9 42111.88 21341.10 50.68
859.1 42240.60 21394.96 50.65
860.2 42245.56 21382.14 50.61
861.4 42273.83 21402.44 50.63
862.5 42309.54 21418.24 50.62
863.7 42384.63 21487.29 50.70
864.8 42387.10 21479.50 50.67
865.9 42333.82 21430.06 50.62
867.1 42372.33 21449.11 50.62
868.2 42368.54 21474.88 50.69
869.3 42393.50 21444.38 50.58
870.5 42342.80 21414.59 50.57
871.6 42318.48 21398.01 50.56
872.7 42385.23 21427.64 50.55
873.9 42404.90 21460.43 50.61
875.0 42391.36 21418.00 50.52
876.1 42363.75 21403.71 50.52
877.2 42397.32 21442.25 50.57
878.3 42381.77 21451.34 50.61
879.4 42397.70 21452.93 50.60
880.5 42451.56 21481.63 50.60
881.7 42410.55 21456.24 50.59
882.8 42454.72 21485.81 50.61
883.9 42482.63 21469.89 50.54
885.0 42446.04 21439.51 50.51
886.1 42420.10 21438.21 50.54
887.2 42295.80 21375.99 50.54
888.3 42201.80 21341.00 50.57
889.4 42117.30 21259.29 50.48
890.5 42026.34 21240.99 50.54
891.6 41981.69 21224.53 50.56
892.7 41962.31 21189.25 50.50
893.8 41981.79 21211.66 50.53
894.9 41952.35 21196.21 50.52
896.0 41968.71 21185.34 50.48
897.0 41952.48 21183.05 50.49
898.1 41951.64 21197.79 50.53
899.2 41983.30 21168.18 50.42
900.3 41907.57 21157.55 50.49
901.4 41820.39 21117.60 50.50
902.4 41828.99 21099.16 50.44
903.5 41775.96 21057.21 50.41
904.6 41798.96 21073.24 50.42
905.7 41805.42 21066.78 50.39
906.7 41815.90 21073.67 50.40
907.8 41839.20 21082.31 50.39
908.9 41746.38 21032.56 50.38
909.9 41734.69 21036.24 50.40
911.0 41681.88 21011.59 50.41
912.1 41602.05 20972.15 50.41
913.1 41535.52 20941.65 50.42
914.2 41457.24 20875.55 50.35
915.2 41368.59 20863.12 50.43
916.3 41436.15 20835.66 50.28
917.3 41410.15 20843.48 50.33
918.4 41310.50 20789.56 50.33
919.4 41328.17 20806.52 50.34
920.5 41309.67 20792.22 50.33
921.5 41323.66 20793.25 50.32
922.6 41255.80 20778.52 50.37
923.6 41303.54 20769.90 50.29
924.7 41344.50 20743.20 50.17
925.7 41333.16 20759.98 50.23
926.7 41356.90 20755.24 50.19
927.8 41415.30 20812.94 50.25
928.8 41570.85 20853.68 50.16
929.9 41658.93 20900.68 50.17
930.9 41879.39 20999.07 50.14
931.9 42070.56 21053.73 50.04
932.9 42412.10 21213.03 50.02
934.0 42452.50 21180.55 49.89
935.0 42440.57 21227.35 50.02
936.0 42488.02 21193.07 49.88
937.0 42429.47 21182.62 49.92
938.1 42380.86 21133.09 49.86
939.1 42337.65 21093.12 49.82
940.1 42429.30 21147.88 49.84
941.1 42615.86 21219.35 49.79
942.1 42903.92 21325.73 49.71
943.1 43057.09 21367.48 49.63
944.1 43342.63 21477.17 49.55
945.2 43356.60 21503.83 49.60
946.2 43482.48 21472.11 49.38
947.2 43549.00 21490.95 49.35
948.2 43743.16 21560.20 49.29
949.2 43840.88 21547.50 49.15
950.2 43906.25 21513.36 49.00
951.2 44010.96 21557.09 48.98
952.2 44061.91 21593.68 49.01
953.2 44318.14 21648.90 48.85
954.2 44380.80 21647.70 48.78
955.2 44428.35 21611.97 48.64
956.2 44460.20 21603.90 48.59
957.2 44542.35 21571.91 48.43
958.2 44649.94 21675.93 48.55
959.2 44705.25 21671.64 48.48
960.1 44813.66 21676.67 48.37
961.1 44928.76 21668.86 48.23
962.1 44958.75 21717.00 48.30
963.1 44986.01 21745.06 48.34
964.1 45106.16 21763.02 48.25
965.1 45270.70 21791.32 48.14
966.1 45207.41 21781.39 48.18
967.0 45355.66 21824.12 48.12
968.0 45441.48 21793.62 47.96
969.0 45453.60 21870.80 48.12
970.0 45557.64 21913.58 48.10
971.0 45615.57 21937.40 48.09
971.9 45699.86 21935.93 48.00
972.9 45781.93 21941.89 47.93
973.9 45829.88 21998.34 48.00
974.9 45973.78 22084.65 48.04
975.8 45979.65 22127.00 48.12
976.8 46106.16 22066.16 47.86
977.8 46097.80 22121.85 47.99
978.8 46103.70 22186.98 48.12
979.7 46387.55 22251.36 47.97
980.7 46405.76 22395.65 48.26
981.7 46694.84 22434.39 48.04
982.6 46857.76 22507.09 48.03
983.6 47433.79 22703.90 47.86
984.6 47818.98 22895.15 47.88
985.5 48063.24 23350.90 48.58
986.5 48770.77 23681.88 48.56
987.5 50043.63 23720.31 47.40
988.4 50895.90 24284.92 47.71
989.4 52431.75 25017.44 47.71
990.4 53425.02 25340.39 47.43
991.3 55387.31 25972.39 46.89
992.3 55950.90 26840.78 47.97
993.2 58118.31 27376.19 47.10
994.2 59457.94 28438.61 47.83
995.2 60710.63 28760.61 47.37
996.1 61737.77 28973.96 46.93
997.1 61885.85 28662.92 46.32
998.0 61668.00 28915.44 46.89
999.0 61787.86 28906.60 46.78
1000.0 62252.49 29101.16 46.75
1000.9 62564.91 29433.05 47.04
1001.9 61626.12 29191.32 47.37
1002.8 61885.09 29771.75 48.11
1003.8 61970.58 28104.97 45.35
1004.8 62064.96 29024.50 46.76
961.5 55881.62 21173.14 37.89
965.5 54589.44 20982.82 38.44
969.5 52393.79 20300.18 38.75
973.4 50126.74 19654.01 39.21
977.4 48345.52 19225.98 39.77
981.4 47464.01 19207.52 40.47
985.3 47176.98 19405.76 41.13
989.3 47304.75 19757.09 41.77
993.3 47508.66 20138.12 42.39
997.2 47541.75 20391.77 42.89
1001.2 47520.33 20539.09 43.22
1005.2 47455.76 20588.15 43.38
1009.1 47529.68 20670.56 43.49
1013.1 47663.39 20827.19 43.70
1017.1 47785.75 20973.47 43.89
1021.0 47816.50 21087.93 44.10
1025.0 47819.30 21193.15 44.32
1029.0 47652.00 21210.56 44.51
1032.9 47495.63 21197.41 44.63
1036.9 47497.16 21243.63 44.73
1040.9 47608.97 21353.76 44.85
1044.8 47827.54 21509.16 44.97
1048.8 48004.98 21647.18 45.09
1052.7 48133.54 21771.02 45.23
1056.7 48188.20 21822.68 45.29
1060.7 48194.60 21864.90 45.37
1064.6 48198.22 21922.15 45.48
1068.6 48113.17 21903.96 45.53
1072.5 48026.55 21870.55 45.54
1076.5 47975.49 21858.63 45.56
1080.4 47966.69 21850.63 45.55
1084.4 48069.59 21894.77 45.55
1088.3 48170.15 21947.92 45.56
1092.3 48152.58 21933.53 45.55
1096.2 48142.77 21891.02 45.47
1100.2 48183.64 21864.05 45.38
1104.1 48079.94 21780.08 45.30
1108.1 48035.13 21693.41 45.16
1112.0 47943.86 21590.96 45.03
1116.0 47742.57 21418.93 44.86
1119.9 47581.47 21247.93 44.66
1123.9 47666.30 21159.26 44.39
1127.8 47639.04 20947.20 43.97
1131.8 47617.38 20684.49 43.44
1135.7 47659.94 20389.89 42.78
1139.6 47675.62 20035.44 42.02
1143.6 47638.82 19661.42 41.27
1147.5 47616.88 19308.29 40.55
1151.4 47500.80 18944.66 39.88
1155.4 47513.75 18725.77 39.41
1159.3 47522.52 18587.23 39.11
1163.2 47363.89 18410.52 38.87
1167.2 47347.50 18315.96 38.68
1171.1 47369.57 18266.26 38.56
1175.0 47314.40 18202.13 38.47
1179.0 47268.08 18139.45 38.38
1182.9 47358.68 18116.85 38.25
1186.8 47350.70 18090.64 38.21
1190.7 47139.70 17975.88 38.13
1194.7 46883.87 17843.96 38.06
1198.6 46652.76 17751.20 38.05
1202.5 46480.48 17691.39 38.06
1206.4 46340.80 17664.44 38.12
1210.3 46236.01 17657.10 38.19
1214.2 46114.66 17661.79 38.30
1218.2 45952.68 17661.08 38.43
1222.1 45800.88 17658.80 38.56
1226.0 45686.61 17681.71 38.70
1229.9 45598.02 17725.32 38.87
1233.8 45484.04 17740.25 39.00
1237.7 45416.66 17753.76 39.09
1241.6 45332.53 17778.72 39.22
1245.5 45166.97 17754.42 39.31
1249.4 45023.84 17727.41 39.37
1253.3 44894.25 17710.09 39.45
1257.2 44816.00 17693.32 39.48
1261.1 44716.86 17644.72 39.46
1265.0 44587.73 17581.89 39.43
1268.9 44400.64 17498.03 39.41
1272.8 44460.00 17510.40 39.38
1276.7 44653.74 17562.67 39.33
1280.6 44733.81 17557.32 39.25
1284.5 44649.07 17467.35 39.12
1288.4 44631.63 17395.85 38.98
1292.3 44511.50 17270.00 38.80
1296.2 44360.33 17130.77 38.62
1300.1 44197.71 16965.13 38.38
1303.9 43963.66 16753.98 38.11
1307.8 43715.49 16524.61 37.80
1311.7 43464.03 16274.07 37.44
1315.6 43214.30 16003.78 37.03
1319.5 42962.15 15705.20 36.56
1323.3 42734.84 15408.72 36.06
1327.2 42525.95 15110.40 35.53
1331.1 42285.13 14794.10 34.99
1335.0 41985.32 14453.56 34.43
1338.8 41775.29 14138.54 33.84
1342.7 41609.18 13849.37 33.28
1346.5 41242.98 13509.91 32.76
1350.4 40931.78 13203.80 32.26
1354.3 40517.39 12872.79 31.77
1358.1 40047.65 12529.97 31.29
1362.0 39764.09 12212.56 30.71
1365.8 39670.89 11933.67 30.08
1369.7 39786.92 11716.25 29.45
1373.5 39741.56 11402.36 28.69
1377.4 39487.75 10956.75 27.75
1381.2 39276.49 10407.21 26.50
1385.1 39242.56 9818.37 25.02
1389.0 39129.70 9181.50 23.46
1392.8 38925.66 8505.04 21.85
1396.6 38773.68 7850.04 20.25
1400.5 38560.99 7220.56 18.73
1404.3 38397.74 6674.88 17.38
1408.2 38363.03 6234.08 16.25
1412.0 38325.01 5873.30 15.32
1415.8 38359.09 5604.68 14.61
1419.6 38319.36 5373.09 14.02
1423.5 38299.37 5202.20 13.58
1427.3 38266.05 5080.47 13.28
1431.1 38248.58 4984.80 13.03
1434.9 38159.15 4902.37 12.85
1438.8 38104.90 4852.24 12.73
1442.6 38084.31 4816.80 12.65
1446.4 37958.74 4778.27 12.59
1450.2 37871.04 4772.95 12.60
1454.0 37772.76 4765.20 12.62
1457.8 37752.26 4775.57 12.65
1461.6 37732.17 4797.64 12.71
1465.4 37609.21 4820.41 12.82
1469.2 37426.03 4859.40 12.98
1473.0 37290.43 4918.32 13.19
1476.8 37245.30 5004.77 13.44
1480.7 37186.44 5104.96 13.73
1484.4 37061.40 5205.24 14.04
1488.2 36961.08 5316.96 14.39
1492.0 36836.53 5437.13 14.76
1495.8 36720.78 5553.28 15.12
1499.6 36605.30 5661.04 15.47
1503.4 36479.87 5768.05 15.81
1507.2 36356.05 5878.23 16.17
1510.9 36204.04 5972.31 16.50
1514.7 36047.88 6049.12 16.78
1518.5 35919.58 6137.38 17.09
1522.3 35781.38 6220.99 17.39
1526.0 35674.52 6323.94 17.73
1529.8 35609.17 6441.25 18.09
1533.6 35484.33 6524.70 18.39
1537.3 35352.32 6588.34 18.64
1541.1 35225.58 6653.91 18.89
1544.8 35097.60 6715.20 19.13
1548.6 34949.35 6769.66 19.37
1552.4 34850.72 6835.28 19.61
1556.1 34790.76 6909.47 19.86
1559.9 34705.82 6983.30 20.12
1563.6 34578.39 7049.94 20.39
1567.3 34459.02 7115.03 20.65
1571.1 34243.92 7152.06 20.89
1574.8 34100.68 7203.97 21.13
1578.6 34000.34 7264.30 21.37
1582.3 33854.52 7303.17 21.57
1586.0 33716.51 7331.76 21.75
1589.8 33582.95 7352.74 21.89
1593.5 33431.04 7378.94 22.07
1597.2 33294.67 7404.68 22.24
1600.9 33154.19 7427.67 22.40
1604.7 33000.40 7451.70 22.58
1608.4 32856.34 7473.04 22.74
1612.1 32695.22 7485.35 22.89
1615.8 32545.96 7492.28 23.02
1619.5 32465.11 7519.20 23.16
1623.2 32316.22 7519.61 23.27
1626.9 32130.25 7510.62 23.38
1630.6 31953.68 7504.42 23.49
1634.3 31816.04 7503.05 23.58
1638.0 31668.49 7500.62 23.68
1641.7 31487.82 7487.03 23.78
1645.4 31299.16 7466.89 23.86
1649.1 31105.38 7431.10 23.89
1652.8 30949.76 7400.00 23.91
1656.4 30780.36 7354.52 23.89
1660.1 30613.88 7310.39 23.88
1663.8 30416.03 7259.74 23.87
1667.5 30257.50 7216.44 23.85
1671.1 30134.40 7183.20 23.84
1674.8 29937.06 7138.98 23.85
1678.5 29873.87 7127.85 23.86
1682.1 29892.23 7114.30 23.80
1685.8 29901.92 7087.24 23.70
1689.5 29795.07 7051.19 23.67
1693.1 29653.44 7003.35 23.62
1696.8 29511.75 6930.25 23.48
1700.4 29358.15 6855.40 23.35
1704.0 29237.42 6790.89 23.23
1707.7 28983.16 6681.62 23.05
1711.3 28689.26 6559.11 22.86
1715.0 28479.20 6455.70 22.67
1718.6 28311.14 6366.17 22.49
1722.2 28171.19 6282.47 22.30
1725.9 28024.58 6203.82 22.14
1729.5 27888.80 6137.41 22.01
1733.1 27770.82 6083.86 21.91
1736.7 27655.67 6033.49 21.82
1740.3 27487.42 5970.74 21.72
1744.0 27395.86 5913.33 21.58
1747.5 27255.01 5841.21 21.43
1751.2 27041.09 5750.32 21.27
1754.8 26881.34 5676.30 21.12
1758.4 26750.86 5614.32 20.99
1762.0 26572.85 5544.87 20.87
1765.5 26446.23 5497.09 20.79
1769.1 26402.40 5457.60 20.67
1772.7 26328.38 5418.20 20.58
1776.3 26208.92 5368.94 20.49
1779.9 26081.92 5320.84 20.40
1783.5 26027.60 5289.84 20.32
1787.0 25897.14 5245.40 20.25
1790.6 25747.79 5202.79 20.21
1794.2 25651.68 5174.43 20.17
1797.8 25552.23 5149.96 20.15
1801.3 25471.95 5137.48 20.17
1804.9 25318.13 5110.88 20.19
1808.4 25235.40 5092.45 20.18
1812.0 25102.89 5068.91 20.19
1815.5 24947.72 5034.58 20.18
1819.1 24745.29 4996.24 20.19
1822.6 24588.72 4966.81 20.20
1826.2 24468.62 4929.54 20.15
1829.7 24298.19 4890.26 20.13
1833.2 24066.25 4831.16 20.07
1836.8 23846.10 4764.76 19.98
1840.3 23701.28 4713.98 19.89
1843.8 23605.26 4657.94 19.73
1847.3 23552.23 4607.01 19.56
1850.8 23482.37 4544.06 19.35
1854.3 23328.90 4448.58 19.07
1857.8 23249.20 4305.60 18.52
1861.3 23245.10 4177.23 17.97
1864.8 23154.55 4023.09 17.37
1868.3 22923.75 3775.33 16.47
1871.8 22725.12 3471.36 15.28
1875.3 22663.55 3186.82 14.06
1878.8 22668.35 2931.19 12.93
1882.3 22613.87 2671.05 11.81
1885.8 22446.65 2417.33 10.77
1889.3 22245.45 2202.02 9.90
1892.7 22073.02 2027.57 9.19
1896.2 21956.57 1881.17 8.57
1899.7 21800.31 1791.21 8.22
1903.1 21719.54 1785.17 8.22
1906.6 21807.87 1877.50 8.61
1910.0 22098.88 2147.34 9.72
1913.5 22634.73 2422.17 10.70
1917.0 23151.98 2880.15 12.44
1920.4 23436.08 3328.20 14.20
1923.8 23677.97 3630.26 15.33
1871.2 20787.15 2781.54 13.38
1873.9 20907.54 2716.80 12.99
1876.7 21048.38 2516.22 11.95
1879.5 21252.88 2251.08 10.59
1882.3 20993.42 2084.01 9.93
1885.1 20851.78 1887.78 9.05
1887.8 20921.79 1665.83 7.96
1890.6 20723.54 1528.15 7.37
1893.4 20650.67 1400.67 6.78
1896.2 20581.86 1237.80 6.01
1898.9 20516.13 1143.35 5.57
1901.7 20380.18 1034.59 5.08
1904.5 20546.36 962.78 4.69
1907.2 20463.00 964.25 4.71
1910.0 20358.58 916.55 4.50
1912.7 20364.96 856.71 4.21
1915.5 20273.08 854.28 4.21
1918.2 20210.43 858.80 4.25
1921.0 20079.87 811.45 4.04
1923.7 20126.73 813.74 4.04
1926.5 20096.89 833.71 4.15
1929.2 20080.15 817.70 4.07
1932.0 20066.00 831.08 4.14
1934.7 20016.92 819.19 4.09
1937.4 19925.11 784.72 3.94
1940.2 19881.39 826.73 4.16
1942.9 19959.98 870.87 4.36
1945.6 19965.22 860.70 4.31
1948.3 19894.11 872.42 4.39
1951.1 19862.99 878.92 4.42
1953.8 19866.00 906.00 4.56
1956.5 19752.03 937.44 4.75
1959.2 19805.76 941.85 4.76
1961.9 19837.86 935.72 4.72
1964.6 19745.08 960.93 4.87
1967.3 19784.70 996.80 5.04
1970.0 19621.84 1000.48 5.10
1972.8 19538.55 1032.53 5.28
1975.5 19602.81 1038.97 5.30
1978.2 19540.64 1057.04 5.41
1980.9 19419.73 1096.04 5.64
1983.5 19352.05 1108.08 5.73
1986.2 19366.05 1129.08 5.83
1988.9 19348.59 1155.27 5.97
1991.6 19202.00 1176.05 6.12
1994.3 19065.89 1181.33 6.20
1997.0 19096.32 1219.65 6.39
1999.7 19065.00 1252.05 6.57
2002.3 19034.90 1262.86 6.63
2005.0 18965.86 1311.76 6.92
2007.7 18877.00 1321.53 7.00
2010.4 18811.60 1330.43 7.07
2013.0 18774.16 1376.98 7.33
2015.7 18678.28 1383.89 7.41
2018.4 18548.96 1378.62 7.43
2021.0 18504.50 1399.67 7.56
2023.7 18401.60 1438.77 7.82
2026.4 18333.68 1453.40 7.93
2029.0 18267.40 1445.20 7.91
2031.7 18144.97 1459.03 8.04
2034.3 18142.15 1475.93 8.14
2037.0 18035.71 1497.58 8.30
2039.6 17974.39 1530.45 8.51
2042.3 17908.74 1524.93 8.51
2044.9 17825.78 1545.56 8.67
2047.5 17820.17 1556.78 8.74
2050.2 17715.60 1542.80 8.71
2052.8 17679.20 1587.60 8.98
2055.4 17538.43 1613.76 9.20
2058.1 17416.00 1604.40 9.21
2060.7 17404.47 1623.90 9.33
2063.3 17299.63 1610.69 9.31
2065.9 17230.17 1596.83 9.27
2068.6 17165.96 1644.29 9.58
2071.2 17119.44 1660.05 9.70
2073.8 17041.85 1634.23 9.59
2076.4 16999.98 1653.13 9.72
2079.0 17011.74 1683.19 9.89
2081.6 16984.09 1688.00 9.94
2084.2 16930.00 1721.22 10.17
2086.8 16834.24 1716.80 10.20
2089.4 16742.01 1702.00 10.17
2092.1 16637.33 1719.83 10.34
2094.7 16574.28 1731.73 10.45
2097.2 16549.50 1739.67 10.51
2099.8 16541.98 1747.85 10.57
2102.4 16400.35 1751.49 10.68
2105.0 16267.80 1747.05 10.74
2107.6 16238.35 1757.42 10.82
2110.2 16217.39 1773.20 10.93
2112.8 16200.74 1780.99 10.99
2115.3 16182.65 1792.62 11.08
2117.9 16188.40 1790.33 11.06
2120.5 16181.17 1798.56 11.12
2123.1 16113.83 1819.35 11.29
2125.6 16056.05 1836.07 11.44
2128.2 15953.26 1808.68 11.34
2130.8 15859.35 1804.73 11.38
2133.3 15825.33 1809.87 11.44
2135.9 15723.21 1785.59 11.36
2138.4 15584.92 1818.09 11.67
2141.0 15487.96 1801.20 11.63
2143.6 15482.13 1785.39 11.53
2146.1 15358.67 1807.08 11.77
2148.7 15182.57 1788.43 11.78
2151.2 15188.80 1786.40 11.76
2153.8 15199.37 1818.98 11.97
2156.3 15064.95 1807.44 12.00
2158.8 14994.07 1810.39 12.07
2161.4 14983.43 1830.92 12.22
2163.9 14894.98 1807.33 12.13
2166.4 14806.99 1800.61 12.16
2169.0 14777.42 1818.35 12.30
2171.5 14688.72 1812.44 12.34
2174.0 14586.43 1802.85 12.36
2176.5 14576.25 1814.93 12.45
2179.1 14537.32 1822.06 12.53
2181.6 14435.75 1800.67 12.47
2184.1 14405.16 1798.72 12.49
2186.6 14458.30 1829.65 12.65
2189.1 14358.33 1823.28 12.70
2191.6 14308.00 1816.27 12.69
2194.1 14339.64 1833.56 12.79
2196.6 14340.73 1840.99 12.84
2199.2 14399.84 1845.33 12.81
2201.7 14323.09 1826.65 12.75
2204.1 14264.18 1799.52 12.62
2206.6 14278.44 1846.35 12.93
2209.1 14246.74 1858.44 13.04
2211.6 14236.93 1815.78 12.75
2214.1 14172.61 1847.61 13.04
2216.6 14103.21 1868.78 13.25
2219.1 14137.40 1849.79 13.08
2221.6 14080.86 1834.81 13.03
2224.0 14024.61 1817.37 12.96
2226.5 13983.38 1788.35 12.79
2229.0 13981.89 1800.55 12.88
2231.5 13918.22 1796.27 12.91
2233.9 13896.33 1781.78 12.82
2236.4 13868.98 1783.32 12.86
2238.9 13826.00 1747.63 12.64
2241.3 13828.76 1717.91 12.42
2243.8 13758.80 1721.79 12.51
2246.2 13610.98 1709.61 12.56
2248.7 13571.61 1681.51 12.39
2251.2 13563.12 1660.32 12.24
2253.6 13482.24 1616.64 11.99
2256.1 13474.56 1620.48 12.03
2258.5 13495.78 1605.82 11.90
2260.9 13407.16 1564.68 11.67
2263.4 13372.75 1566.04 11.71
2265.8 13367.17 1557.90 11.65
2268.3 13288.30 1527.79 11.50
2270.7 13342.05 1493.11 11.19
2273.1 13272.94 1476.48 11.12
2275.6 13194.24 1459.20 11.06
2278.0 13232.60 1422.03 10.75
2280.4 13249.81 1446.97 10.92
2282.8 13117.21 1432.52 10.92
2285.3 13103.68 1380.36 10.53
2287.7 13191.09 1397.99 10.60
2290.1 13097.39 1375.76 10.50
2292.5 13047.88 1321.46 10.13
2294.9 13056.31 1343.57 10.29
2297.3 12972.40 1301.20 10.03
2299.7 12875.52 1243.73 9.66
2302.1 12826.01 1272.78 9.92
2304.5 12696.88 1262.24 9.94
2306.9 12602.80 1199.52 9.52
2309.3 12519.08 1183.34 9.45
2311.7 12473.65 1204.98 9.66
2314.1 12315.17 1197.25 9.72
2316.5 12229.76 1201.70 9.83
2318.9 12290.12 1170.68 9.53
2321.3 12265.32 1160.77 9.46
2323.7 12235.57 1174.04 9.60
2326.1 12214.93 1148.55 9.40
2328.4 12270.09 1155.41 9.42
2330.8 12319.08 1161.56 9.43
2333.2 12235.57 1144.90 9.36
2335.6 12168.54 1108.50 9.11
2337.9 12202.83 1089.24 8.93
2340.3 12141.58 1078.97 8.89
2342.7 12039.09 1049.45 8.72
2345.0 12013.82 1053.17 8.77
2347.4 11993.50 1011.50 8.43
2349.7 11798.34 973.94 8.25
2352.1 11775.76 1007.76 8.56
2354.4 11820.42 1018.71 8.62
2356.8 11728.38 975.57 8.32
2359.2 11704.33 975.00 8.33
2361.5 11645.74 981.75 8.43
2363.8 11633.53 944.21 8.12
2366.2 11660.03 926.80 7.95
2368.5 11627.85 938.95 8.08
2370.9 11603.83 890.19 7.67
2373.2 11533.95 894.84 7.76
2375.5 11398.48 900.48 7.90
2377.9 11373.04 856.97 7.54
2380.2 11408.35 879.68 7.71
2382.5 11308.30 877.65 7.76
2384.8 11261.28 858.40 7.62
2387.2 11252.00 848.59 7.54
2389.5 11242.29 835.74 7.43
2391.8 11232.13 779.55 6.94
2394.1 11132.13 820.52 7.37
2396.4 11089.46 827.36 7.46
2398.7 11160.99 774.60 6.94
2401.0 11096.58 806.04 7.26
2403.3 10926.12 781.86 7.16
2405.6 10921.36 739.75 6.77
2407.9 10891.74 746.49 6.85
2410.2 10793.71 706.88 6.55
2412.5 10752.81 716.52 6.66
2414.8 10737.29 729.17 6.79
2417.1 10694.97 696.83 6.52
2419.4 10638.82 708.56 6.66
2421.7 10597.44 725.42 6.85
2424.0 10571.95 686.83 6.50
2426.2 10576.95 652.70 6.17
2428.5 10508.39 686.86 6.54
2430.8 10485.80 670.35 6.39
2433.1 10443.79 636.14 6.09
2435.4 10361.94 637.83 6.16
2437.6 10328.37 632.24 6.12
2439.9 10224.92 555.89 5.44
2442.2 10193.49 580.21 5.69
2444.4 10223.13 626.02 6.12
2446.7 10173.28 531.44 5.22
2448.9 10197.11 568.48 5.57
2451.2 10173.72 619.84 6.09
2453.4 10028.37 554.45 5.53
2455.7 9998.26 516.94 5.17
2457.9 9908.42 506.72 5.11
2460.2 9870.17 511.70 5.18
2462.4 9896.64 505.44 5.11
2464.7 9834.69 492.05 5.00
2466.9 9751.98 481.50 4.94
2469.2 9722.50 505.57 5.20
2471.4 9624.29 459.55 4.77
2473.6 9553.77 441.87 4.63
2475.9 9536.85 487.68 5.11
2478.1 9427.70 430.40 4.57
2480.3 9377.37 362.01 3.86
2482.5 9321.43 443.20 4.75
2484.8 9240.44 473.31 5.12
2487.0 9258.33 451.81 4.88
2489.2 9302.30 497.53 5.35
2491.4 9183.58 422.68 4.60
2493.6 9147.34 313.53 3.43
2495.8 9177.35 411.75 4.49
2498.0 9103.79 421.55 4.63
2500.2 9132.70 421.25 4.61
2502.4 9403.92 470.64 5.00
2504.6 9512.07 366.21 3.85
2506.8 9585.80 321.48 3.35
