/*** Spectra Vista SIG Data ***/
name= \My Documents\HR1024_Data\AOB3.
instrument= HR: 1091052
integration= 200, 60, 30, 500, 60, 30
scan time= 1, 1
scan settings= AD, AI, AD, AI
external data set1= 8224, 8224, 8224, 8224, 8224, 8224, 8224, 8224, 8224, 8224, 8224, 8224, 8224, 8224, 8224, 8224
external data set2= 8224, 8224, 8224, 8224, 8224, 8224, 8224, 8224, 8224, 8224, 8224, 8224, 8224, 8224, 8224, 8224
external data dark= 0,0,0,0,0,0,0,0
external data mask= 0
optic= LENS4 , LENS4 
temp= 33.31, 8.94, -5.30, 37.98, 8.88, -5.37
battery= 7.5, 7.3
error= 0, 0
units= Radiance, Radiance
time= 1/1/08 1:10:44 PM, 1/1/08 1:17:36 PM
longitude= , 
latitude= , 
gpstime= , 
comm= 
memory slot= 0, 0
factors= 
data= 
346.4 509.60 129.95 25.50
347.9 536.51 130.52 24.33
349.5 577.20 122.30 21.19
351.1 620.88 123.55 19.90
352.6 679.94 130.30 19.16
354.2 723.22 130.90 18.10
355.7 777.89 137.39 17.66
357.3 842.60 153.96 18.27
358.8 838.80 149.59 17.83
360.4 904.00 153.36 16.96
361.9 943.76 154.62 16.38
363.5 997.20 150.97 15.14
365.1 1040.25 160.89 15.47
366.6 1087.54 153.29 14.10
368.2 1161.70 158.47 13.64
369.7 1204.79 158.03 13.12
371.3 1287.37 167.26 12.99
372.8 1354.56 167.33 12.35
374.4 1435.13 172.22 12.00
375.9 1463.02 160.20 10.95
377.4 1512.41 170.43 11.27
379.0 1578.52 166.76 10.56
380.5 1618.77 157.57 9.73
382.1 1669.58 165.48 9.91
383.6 1726.52 166.70 9.66
385.2 1809.50 161.70 8.94
386.7 1900.67 175.45 9.23
388.3 1991.93 170.66 8.57
389.8 2077.97 177.88 8.56
391.3 2163.95 191.61 8.85
392.9 2236.17 201.43 9.01
394.4 2293.88 210.10 9.16
395.9 2364.42 223.57 9.46
397.5 2493.56 227.39 9.12
399.0 2617.23 236.08 9.02
400.6 2691.33 229.80 8.54
402.1 2739.96 224.98 8.21
403.6 2797.88 223.45 7.99
405.1 2865.39 227.59 7.94
406.7 2979.20 233.86 7.85
408.2 3089.54 242.35 7.84
409.7 3183.04 249.98 7.85
411.3 3295.62 265.30 8.05
412.8 3391.47 277.76 8.19
414.3 3507.27 289.78 8.26
415.8 3622.50 307.00 8.47
417.4 3739.34 313.72 8.39
418.9 3830.42 322.83 8.43
420.4 3913.23 331.00 8.46
421.9 3978.48 334.93 8.42
423.5 4044.22 339.04 8.38
425.0 4110.68 344.32 8.38
426.5 4198.95 350.88 8.36
428.0 4314.36 355.49 8.24
429.5 4445.73 361.82 8.14
431.1 4599.50 375.39 8.16
432.6 4769.72 384.50 8.06
434.1 4937.63 397.32 8.05
435.6 5085.18 407.90 8.02
437.1 5233.80 422.76 8.08
438.6 5364.45 440.16 8.21
440.1 5501.44 455.18 8.27
441.6 5653.06 463.78 8.20
443.1 5799.60 478.71 8.25
444.7 5941.01 504.71 8.50
446.2 6051.88 521.20 8.61
447.7 6161.82 546.28 8.87
449.2 6292.08 563.33 8.95
450.7 6396.00 578.24 9.04
452.2 6529.70 591.86 9.06
453.7 6647.26 613.88 9.24
455.2 6815.62 635.43 9.32
456.7 7013.60 653.31 9.31
458.2 7232.90 672.44 9.30
459.7 7456.75 700.00 9.39
461.2 7667.16 725.06 9.46
462.7 7858.10 745.36 9.49
464.2 8041.02 760.55 9.46
465.7 8240.35 786.30 9.54
467.2 8402.63 801.57 9.54
468.7 8584.00 820.00 9.55
470.2 8698.25 854.97 9.83
471.7 8877.75 879.70 9.91
473.2 9159.71 900.56 9.83
474.6 9386.40 911.70 9.71
476.1 9450.96 920.93 9.74
477.6 9499.75 928.64 9.78
479.1 9557.87 935.99 9.79
480.6 9632.82 950.61 9.87
482.1 9760.73 965.85 9.90
483.6 9935.74 988.59 9.95
485.1 10133.78 1008.51 9.95
486.6 10366.07 1045.17 10.08
488.0 10621.00 1080.95 10.18
489.5 10873.80 1118.87 10.29
491.0 11134.31 1158.42 10.40
492.5 11404.80 1211.76 10.63
494.0 11683.71 1265.49 10.83
495.4 11917.95 1316.70 11.05
496.9 12154.26 1387.44 11.42
498.4 12387.41 1450.13 11.71
499.9 12623.63 1528.58 12.11
501.4 12839.71 1604.70 12.50
502.8 13042.06 1691.67 12.97
504.3 13226.40 1781.28 13.47
505.8 13406.54 1882.33 14.04
507.2 13518.16 1984.95 14.68
508.7 13603.31 2086.56 15.34
510.2 13672.60 2188.97 16.01
511.6 13715.26 2296.68 16.75
513.1 13806.21 2424.27 17.56
514.6 13898.29 2544.78 18.31
516.0 13992.63 2675.18 19.12
517.5 14151.40 2815.75 19.90
519.0 14339.95 2976.68 20.76
520.5 14520.56 3135.02 21.59
521.9 14760.83 3306.92 22.40
523.4 15031.28 3479.01 23.15
524.8 15295.25 3653.74 23.89
526.3 15594.01 3832.86 24.58
527.8 15909.50 4013.56 25.23
529.2 16189.50 4171.86 25.77
530.7 16509.28 4343.96 26.31
532.1 16791.25 4488.09 26.73
533.6 17121.20 4644.30 27.13
535.0 17454.94 4799.72 27.50
536.5 17789.22 4951.40 27.83
538.0 18136.88 5101.95 28.13
539.4 18461.69 5241.68 28.39
540.9 18864.39 5401.24 28.63
542.3 19206.33 5540.08 28.85
543.8 19460.81 5651.42 29.04
545.2 19544.37 5714.58 29.24
546.6 19566.05 5768.62 29.48
548.1 19604.97 5826.08 29.72
549.5 19640.65 5869.16 29.88
551.0 19664.79 5914.22 30.08
552.4 19724.92 5959.58 30.21
553.9 19761.60 5983.61 30.28
555.3 19812.20 6013.33 30.35
556.8 19934.49 6043.22 30.32
558.2 20047.50 6072.98 30.29
559.6 20200.16 6098.39 30.19
561.1 20397.00 6137.95 30.09
562.5 20617.77 6168.34 29.92
564.0 20901.40 6222.08 29.77
565.4 21161.13 6252.26 29.55
566.8 21482.31 6297.58 29.32
568.3 21793.28 6324.60 29.02
569.7 22118.60 6354.05 28.73
571.1 22425.71 6367.00 28.39
572.6 22741.56 6377.62 28.04
574.0 23030.70 6388.80 27.74
575.4 23309.44 6384.83 27.39
576.9 23581.06 6393.62 27.11
578.3 23822.01 6383.52 26.80
579.7 24048.22 6381.94 26.54
581.1 24227.75 6360.24 26.25
582.6 24429.78 6353.08 26.01
584.0 24600.48 6344.74 25.79
585.4 24853.74 6351.81 25.56
586.8 25196.68 6384.29 25.34
588.3 25573.86 6427.51 25.13
589.7 25896.78 6449.04 24.90
591.1 26104.75 6469.31 24.78
592.5 26211.06 6468.94 24.68
594.0 26269.26 6449.54 24.55
595.4 26286.44 6429.26 24.46
596.8 26295.56 6417.84 24.41
598.2 26315.92 6398.36 24.31
599.6 26317.98 6373.94 24.22
601.0 26398.05 6364.73 24.11
602.4 26470.93 6353.18 24.00
603.9 26597.64 6343.09 23.85
605.3 26727.57 6331.10 23.69
606.7 26857.80 6311.52 23.50
608.1 27088.39 6298.49 23.25
609.5 27333.21 6294.47 23.03
610.9 27623.29 6290.53 22.77
612.3 27891.32 6272.14 22.49
613.7 28252.28 6283.17 22.24
615.1 28513.62 6255.14 21.94
616.5 28776.05 6234.46 21.67
617.9 29165.50 6249.11 21.43
619.3 29543.24 6263.99 21.20
620.7 29990.55 6304.31 21.02
622.1 30437.05 6344.77 20.85
623.5 30934.60 6404.73 20.70
624.9 31494.75 6471.68 20.55
626.3 31867.36 6521.89 20.47
627.7 31569.69 6429.48 20.37
629.1 31287.59 6319.36 20.20
630.5 31184.65 6218.64 19.94
631.9 31222.21 6250.66 20.02
633.3 31256.33 6314.07 20.20
634.7 31400.48 6363.23 20.26
636.1 31461.82 6330.38 20.12
637.5 31554.77 6286.01 19.92
638.9 31702.82 6227.97 19.64
640.2 31825.04 6150.87 19.33
641.6 31863.78 6054.98 19.00
643.0 31847.61 5923.49 18.60
644.4 31829.55 5792.07 18.20
645.8 31751.71 5633.77 17.74
647.2 31867.94 5508.10 17.28
648.5 31926.34 5372.73 16.83
649.9 31776.23 5195.74 16.35
651.3 31648.05 5036.76 15.91
652.7 31449.15 4868.46 15.48
654.1 31244.46 4755.67 15.22
655.5 31005.95 4657.01 15.02
656.8 30780.41 4540.14 14.75
658.2 30925.42 4467.08 14.44
659.6 31264.45 4398.01 14.07
660.9 31536.04 4296.72 13.62
662.3 31822.64 4206.80 13.22
663.7 32096.40 4122.72 12.84
665.0 32332.90 4030.05 12.46
666.4 32562.99 3929.28 12.07
667.8 32863.56 3867.51 11.77
669.1 33114.69 3811.88 11.51
670.5 33405.09 3770.46 11.29
671.9 33586.56 3732.38 11.11
673.2 33844.75 3727.63 11.01
674.6 34082.18 3742.57 10.98
676.0 34372.41 3769.46 10.97
677.3 34659.68 3820.44 11.02
678.7 34979.63 3904.90 11.16
680.0 35399.92 4039.02 11.41
681.4 35845.89 4215.02 11.76
682.8 36270.33 4448.08 12.26
684.1 36705.24 4749.26 12.94
685.5 37104.21 5115.40 13.79
686.8 37507.62 5577.31 14.87
688.2 37862.83 6102.10 16.12
689.5 38000.96 6682.71 17.59
690.9 38124.79 7317.32 19.19
692.2 38229.60 8003.94 20.94
693.6 38334.37 8742.56 22.81
694.9 38335.34 9459.70 24.68
696.2 38393.33 10203.03 26.58
697.6 38453.39 10952.65 28.48
698.9 38522.88 11693.09 30.35
700.3 38613.54 12420.84 32.17
701.6 38716.02 13122.26 33.89
703.0 38828.83 13812.24 35.57
704.3 38882.19 14465.56 37.20
705.6 38895.39 15080.51 38.77
707.0 38949.12 15665.30 40.22
708.3 38885.46 16173.26 41.59
709.6 38817.35 16641.82 42.87
711.0 38702.88 17075.28 44.12
712.3 38573.15 17478.50 45.31
713.6 38531.64 17896.37 46.45
714.9 38462.14 18267.96 47.50
716.3 38461.08 18675.46 48.56
717.6 38479.84 19066.54 49.55
718.9 38424.85 19407.35 50.51
720.2 38251.08 19681.79 51.45
721.6 38113.53 19939.71 52.32
722.9 37945.16 20150.74 53.10
724.2 37714.27 20308.22 53.85
725.5 37534.96 20449.90 54.48
726.8 37360.68 20620.60 55.19
728.1 37271.09 20825.71 55.88
729.5 37167.13 20988.56 56.47
730.8 37093.13 21141.17 56.99
732.1 36996.92 21252.90 57.45
733.4 36936.39 21373.66 57.87
734.7 36864.47 21505.07 58.34
736.0 36851.62 21646.20 58.74
737.3 36774.45 21721.74 59.07
738.6 36845.76 21880.29 59.38
739.9 37000.34 22077.42 59.67
741.2 37119.81 22239.67 59.91
742.5 37372.03 22493.03 60.19
743.8 37768.50 22820.49 60.42
745.1 38387.22 23285.41 60.66
746.4 39127.73 23776.66 60.77
747.7 39918.22 24277.46 60.82
749.0 40672.12 24839.98 61.07
750.3 41122.66 25177.68 61.23
751.6 41047.35 25175.34 61.33
752.9 40630.59 24962.85 61.44
754.2 40176.47 24758.83 61.63
755.4 39652.21 24490.07 61.76
756.7 39478.17 24398.42 61.80
758.0 39495.60 24443.39 61.89
759.3 39730.28 24614.75 61.95
760.6 40061.56 24819.87 61.95
761.9 40384.10 25048.49 62.03
763.1 40567.56 25196.85 62.11
764.4 40796.65 25381.73 62.22
765.7 40953.25 25503.40 62.27
767.0 41079.80 25602.30 62.32
768.2 41207.04 25658.30 62.27
769.5 41279.98 25713.27 62.29
770.8 41469.61 25870.80 62.38
772.0 41501.32 25879.92 62.36
773.3 41583.65 25939.37 62.38
774.6 41708.58 26049.78 62.46
775.8 41815.15 26129.61 62.49
777.1 41846.51 26165.76 62.53
778.4 41799.94 26150.49 62.56
779.6 41775.90 26154.94 62.61
780.9 41704.00 26100.80 62.59
782.1 41523.21 25984.18 62.58
783.4 41558.40 26008.32 62.58
784.6 41567.36 26032.67 62.63
785.9 41861.56 26223.02 62.64
787.1 42409.87 26580.43 62.68
788.4 42854.47 26870.64 62.70
789.6 42849.18 26900.29 62.78
790.9 42483.96 26704.21 62.86
792.1 42011.92 26416.42 62.88
793.4 41570.15 26134.46 62.87
794.6 41283.15 25965.29 62.90
795.8 41024.39 25839.20 62.98
797.1 40758.68 25660.26 62.96
798.3 40551.64 25564.28 63.04
799.5 40444.72 25510.52 63.08
800.8 40323.21 25453.40 63.12
802.0 40187.32 25357.20 63.10
803.2 40033.64 25270.42 63.12
804.5 39942.72 25219.27 63.14
805.7 39829.66 25174.04 63.20
806.9 39715.93 25108.32 63.22
808.1 39632.97 25058.15 63.23
809.4 39553.39 25030.67 63.28
810.6 39489.45 25021.36 63.36
811.8 39474.39 25006.09 63.35
813.0 39504.71 25024.25 63.34
814.2 39525.61 25047.62 63.37
815.4 39644.33 25141.64 63.42
816.6 39709.73 25171.29 63.39
817.9 39791.57 25224.42 63.39
819.1 39719.87 25209.08 63.47
820.3 39621.11 25138.91 63.45
821.5 39546.25 25097.45 63.46
822.7 39480.04 25078.40 63.52
823.9 39499.25 25082.87 63.50
825.1 39541.96 25118.09 63.52
826.3 39583.35 25150.91 63.54
827.5 39640.56 25193.15 63.55
828.7 39708.48 25249.63 63.59
829.9 39767.03 25287.75 63.59
831.0 39870.82 25347.86 63.57
832.2 39993.87 25423.75 63.57
833.4 40076.64 25491.98 63.61
834.6 40148.44 25546.88 63.63
835.8 40238.10 25613.28 63.65
837.0 40328.28 25679.66 63.68
838.1 40500.72 25763.99 63.61
839.3 40601.19 25836.32 63.63
840.5 40716.87 25914.05 63.64
841.7 40854.11 26015.96 63.68
842.9 40980.73 26092.94 63.67
844.0 41100.82 26150.28 63.62
845.2 41245.09 26258.06 63.66
846.4 41368.25 26344.59 63.68
847.5 41564.18 26483.70 63.72
848.7 41743.64 26573.02 63.66
849.9 41936.76 26708.48 63.69
851.0 42020.98 26783.50 63.74
852.2 42107.61 26858.40 63.79
853.3 42066.96 26824.45 63.77
854.5 42098.11 26843.16 63.76
855.6 42095.43 26840.74 63.76
856.8 42111.00 26877.14 63.82
857.9 42111.88 26875.07 63.82
859.1 42240.60 26967.52 63.84
860.2 42245.56 26963.81 63.83
861.4 42273.83 26998.20 63.87
862.5 42309.54 27010.43 63.84
863.7 42384.63 27077.39 63.88
864.8 42387.10 27065.50 63.85
865.9 42333.82 27022.39 63.83
867.1 42372.33 27066.80 63.88
868.2 42368.54 27061.91 63.87
869.3 42393.50 27091.20 63.90
870.5 42342.80 27030.73 63.84
871.6 42318.48 27041.45 63.90
872.7 42385.23 27091.77 63.92
873.9 42404.90 27119.40 63.95
875.0 42391.36 27081.31 63.88
876.1 42363.75 27069.67 63.90
877.2 42397.32 27091.05 63.90
878.3 42381.77 27071.44 63.88
879.4 42397.70 27044.26 63.79
880.5 42451.56 27121.97 63.89
881.7 42410.55 27077.18 63.85
882.8 42454.72 27089.01 63.81
883.9 42482.63 27158.76 63.93
885.0 42446.04 27114.36 63.88
886.1 42420.10 27071.56 63.82
887.2 42295.80 27062.13 63.98
888.3 42201.80 26999.08 63.98
889.4 42117.30 26888.13 63.84
890.5 42026.34 26860.11 63.91
891.6 41981.69 26840.13 63.93
892.7 41962.31 26824.03 63.92
893.8 41981.79 26811.65 63.86
894.9 41952.35 26816.64 63.92
896.0 41968.71 26787.29 63.83
897.0 41952.48 26822.26 63.93
898.1 41951.64 26833.45 63.96
899.2 41983.30 26798.33 63.83
900.3 41907.57 26723.94 63.77
901.4 41820.39 26687.37 63.81
902.4 41828.99 26720.55 63.88
903.5 41775.96 26659.03 63.81
904.6 41798.96 26668.08 63.80
905.7 41805.42 26681.78 63.82
906.7 41815.90 26677.39 63.80
907.8 41839.20 26687.99 63.79
908.9 41746.38 26633.72 63.80
909.9 41734.69 26616.48 63.78
911.0 41681.88 26590.09 63.79
912.1 41602.05 26554.50 63.83
913.1 41535.52 26510.02 63.82
914.2 41457.24 26399.21 63.68
915.2 41368.59 26397.58 63.81
916.3 41436.15 26435.52 63.80
917.3 41410.15 26383.69 63.71
918.4 41310.50 26312.55 63.69
919.4 41328.17 26299.18 63.64
920.5 41309.67 26287.78 63.64
921.5 41323.66 26296.12 63.63
922.6 41255.80 26234.35 63.59
923.6 41303.54 26248.66 63.55
924.7 41344.50 26251.50 63.49
925.7 41333.16 26237.76 63.48
926.7 41356.90 26279.73 63.54
927.8 41415.30 26305.42 63.52
928.8 41570.85 26372.59 63.44
929.9 41658.93 26422.05 63.42
930.9 41879.39 26566.24 63.44
931.9 42070.56 26653.91 63.36
932.9 42412.10 26917.61 63.47
934.0 42452.50 26875.26 63.31
935.0 42440.57 26882.95 63.34
936.0 42488.02 26840.77 63.17
937.0 42429.47 26787.54 63.13
938.1 42380.86 26752.02 63.12
939.1 42337.65 26712.50 63.09
940.1 42429.30 26746.85 63.04
941.1 42615.86 26888.34 63.09
942.1 42903.92 26989.60 62.91
943.1 43057.09 27069.53 62.87
944.1 43342.63 27206.47 62.77
945.2 43356.60 27232.63 62.81
946.2 43482.48 27245.15 62.66
947.2 43549.00 27279.65 62.64
948.2 43743.16 27358.17 62.54
949.2 43840.88 27348.75 62.38
950.2 43906.25 27335.68 62.26
951.2 44010.96 27389.04 62.23
952.2 44061.91 27468.60 62.34
953.2 44318.14 27463.35 61.97
954.2 44380.80 27526.95 62.02
955.2 44428.35 27529.60 61.96
956.2 44460.20 27496.44 61.85
957.2 44542.35 27472.57 61.68
958.2 44649.94 27500.97 61.59
959.2 44705.25 27559.08 61.65
960.1 44813.66 27545.17 61.47
961.1 44928.76 27615.26 61.46
962.1 44958.75 27531.00 61.24
963.1 44986.01 27611.85 61.38
964.1 45106.16 27709.94 61.43
965.1 45270.70 27699.53 61.19
966.1 45207.41 27722.49 61.32
967.0 45355.66 27796.02 61.28
968.0 45441.48 27722.21 61.01
969.0 45453.60 27768.64 61.09
970.0 45557.64 27758.38 60.93
971.0 45615.57 27843.27 61.04
971.9 45699.86 27878.10 61.00
972.9 45781.93 27931.40 61.01
973.9 45829.88 27841.97 60.75
974.9 45973.78 27934.39 60.76
975.8 45979.65 27894.32 60.67
976.8 46106.16 27969.67 60.66
977.8 46097.80 27919.91 60.57
978.8 46103.70 27907.38 60.53
979.7 46387.55 28074.55 60.52
980.7 46405.76 27962.75 60.26
981.7 46694.84 27964.73 59.89
982.6 46857.76 28153.06 60.08
983.6 47433.79 28363.80 59.80
984.6 47818.98 28667.24 59.95
985.5 48063.24 28879.20 60.09
986.5 48770.77 29215.03 59.90
987.5 50043.63 29916.19 59.78
988.4 50895.90 30217.44 59.37
989.4 52431.75 30660.09 58.48
990.4 53425.02 31879.85 59.67
991.3 55387.31 32721.12 59.08
992.3 55950.90 33414.03 59.72
993.2 58118.31 34197.80 58.84
994.2 59457.94 35219.34 59.23
995.2 60710.63 34356.06 56.59
996.1 61737.77 35575.62 57.62
997.1 61885.85 35958.94 58.11
998.0 61668.00 35767.44 58.00
999.0 61787.86 36566.85 59.18
1000.0 62252.49 36451.46 58.55
1000.9 62564.91 35414.10 56.60
1001.9 61626.12 36651.32 59.47
1002.8 61885.09 37298.31 60.27
1003.8 61970.58 35262.13 56.90
1004.8 62064.96 36508.80 58.82
961.5 55881.62 30454.52 54.50
965.5 54589.44 30109.49 55.16
969.5 52393.79 29386.92 56.09
973.4 50126.74 28444.22 56.74
977.4 48345.52 27731.49 57.36
981.4 47464.01 27567.77 58.08
985.3 47176.98 27679.43 58.67
989.3 47304.75 28030.25 59.25
993.3 47508.66 28390.91 59.76
997.2 47541.75 28614.38 60.19
1001.2 47520.33 28738.19 60.48
1005.2 47455.76 28782.48 60.65
1009.1 47529.68 28888.37 60.78
1013.1 47663.39 29053.52 60.96
1017.1 47785.75 29228.74 61.17
1021.0 47816.50 29335.82 61.35
1025.0 47819.30 29414.15 61.51
1029.0 47652.00 29370.96 61.64
1032.9 47495.63 29320.33 61.73
1036.9 47497.16 29373.59 61.84
1040.9 47608.97 29485.36 61.93
1044.8 47827.54 29644.38 61.98
1048.8 48004.98 29796.19 62.07
1052.7 48133.54 29921.89 62.16
1056.7 48188.20 29978.92 62.21
1060.7 48194.60 29998.06 62.24
1064.6 48198.22 30024.51 62.29
1068.6 48113.17 29981.99 62.32
1072.5 48026.55 29926.47 62.31
1076.5 47975.49 29904.40 62.33
1080.4 47966.69 29892.66 62.32
1084.4 48069.59 29947.58 62.30
1088.3 48170.15 30008.53 62.30
1092.3 48152.58 29973.59 62.25
1096.2 48142.77 29917.59 62.14
1100.2 48183.64 29910.51 62.08
1104.1 48079.94 29828.88 62.04
1108.1 48035.13 29736.99 61.91
1112.0 47943.86 29620.98 61.78
1116.0 47742.57 29452.02 61.69
1119.9 47581.47 29268.60 61.51
1123.9 47666.30 29200.25 61.26
1127.8 47639.04 29057.28 60.99
1131.8 47617.38 28872.18 60.63
1135.7 47659.94 28659.76 60.13
1139.6 47675.62 28364.26 59.49
1143.6 47638.82 28003.78 58.78
1147.5 47616.88 27656.61 58.08
1151.4 47500.80 27275.85 57.42
1155.4 47513.75 27036.92 56.90
1159.3 47522.52 26877.31 56.56
1163.2 47363.89 26661.91 56.29
1167.2 47347.50 26560.62 56.10
1171.1 47369.57 26498.35 55.94
1175.0 47314.40 26409.09 55.82
1179.0 47268.08 26344.89 55.74
1182.9 47358.68 26348.29 55.64
1186.8 47350.70 26290.84 55.52
1190.7 47139.70 26107.50 55.38
1194.7 46883.87 25934.94 55.32
1198.6 46652.76 25800.39 55.30
1202.5 46480.48 25690.85 55.27
1206.4 46340.80 25619.98 55.29
1210.3 46236.01 25590.00 55.35
1214.2 46114.66 25569.86 55.45
1218.2 45952.68 25531.85 55.56
1222.1 45800.88 25518.80 55.72
1226.0 45686.61 25527.34 55.87
1229.9 45598.02 25551.30 56.04
1233.8 45484.04 25552.09 56.18
1237.7 45416.66 25555.17 56.27
1241.6 45332.53 25556.72 56.38
1245.5 45166.97 25503.28 56.46
1249.4 45023.84 25451.51 56.53
1253.3 44894.25 25399.80 56.58
1257.2 44816.00 25356.89 56.58
1261.1 44716.86 25302.13 56.58
1265.0 44587.73 25224.18 56.57
1268.9 44400.64 25109.49 56.55
1272.8 44460.00 25119.90 56.50
1276.7 44653.74 25195.64 56.42
1280.6 44733.81 25206.81 56.35
1284.5 44649.07 25102.48 56.22
1288.4 44631.63 25026.87 56.07
1292.3 44511.50 24884.75 55.91
1296.2 44360.33 24710.97 55.71
1300.1 44197.71 24506.38 55.45
1303.9 43963.66 24254.81 55.17
1307.8 43715.49 23976.89 54.85
1311.7 43464.03 23663.60 54.44
1315.6 43214.30 23332.85 53.99
1319.5 42962.15 22966.08 53.46
1323.3 42734.84 22587.87 52.86
1327.2 42525.95 22209.72 52.23
1331.1 42285.13 21791.28 51.53
1335.0 41985.32 21340.18 50.83
1338.8 41775.29 20932.86 50.11
1342.7 41609.18 20552.96 49.40
1346.5 41242.98 20093.30 48.72
1350.4 40931.78 19669.96 48.06
1354.3 40517.39 19195.34 47.38
1358.1 40047.65 18692.12 46.67
1362.0 39764.09 18264.06 45.93
1365.8 39670.89 17899.23 45.12
1369.7 39786.92 17603.34 44.24
1373.5 39741.56 17164.17 43.19
1377.4 39487.75 16520.78 41.84
1381.2 39276.49 15734.90 40.06
1385.1 39242.56 14889.91 37.94
1389.0 39129.70 13955.78 35.67
1392.8 38925.66 12938.17 33.24
1396.6 38773.68 11953.13 30.83
1400.5 38560.99 11012.11 28.56
1404.3 38397.74 10196.37 26.55
1408.2 38363.03 9534.05 24.85
1412.0 38325.01 8992.35 23.46
1415.8 38359.09 8586.04 22.38
1419.6 38319.36 8244.26 21.51
1423.5 38299.37 7985.81 20.85
1427.3 38266.05 7790.22 20.36
1431.1 38248.58 7653.90 20.01
1434.9 38159.15 7543.71 19.77
1438.8 38104.90 7468.19 19.60
1442.6 38084.31 7424.84 19.50
1446.4 37958.74 7371.39 19.42
1450.2 37871.04 7349.00 19.41
1454.0 37772.76 7343.88 19.44
1457.8 37752.26 7369.07 19.52
1461.6 37732.17 7411.64 19.64
1465.4 37609.21 7457.18 19.83
1469.2 37426.03 7509.78 20.07
1473.0 37290.43 7591.52 20.36
1476.8 37245.30 7731.53 20.76
1480.7 37186.44 7889.90 21.22
1484.4 37061.40 8041.56 21.70
1488.2 36961.08 8212.56 22.22
1492.0 36836.53 8393.33 22.79
1495.8 36720.78 8574.48 23.35
1499.6 36605.30 8733.13 23.86
1503.4 36479.87 8882.02 24.35
1507.2 36356.05 9027.03 24.83
1510.9 36204.04 9158.79 25.30
1514.7 36047.88 9286.45 25.76
1518.5 35919.58 9442.85 26.29
1522.3 35781.38 9608.66 26.85
1526.0 35674.52 9743.05 27.31
1529.8 35609.17 9879.92 27.75
1533.6 35484.33 9999.76 28.18
1537.3 35352.32 10108.21 28.59
1541.1 35225.58 10215.15 29.00
1544.8 35097.60 10305.60 29.36
1548.6 34949.35 10397.30 29.75
1552.4 34850.72 10501.87 30.13
1556.1 34790.76 10623.28 30.53
1559.9 34705.82 10746.67 30.97
1563.6 34578.39 10846.06 31.37
1567.3 34459.02 10939.03 31.75
1571.1 34243.92 10980.02 32.06
1574.8 34100.68 11051.81 32.41
1578.6 34000.34 11132.86 32.74
1582.3 33854.52 11182.91 33.03
1586.0 33716.51 11234.84 33.32
1589.8 33582.95 11272.11 33.56
1593.5 33431.04 11287.00 33.76
1597.2 33294.67 11323.12 34.01
1600.9 33154.19 11368.59 34.29
1604.7 33000.40 11399.83 34.54
1608.4 32856.34 11423.69 34.77
1612.1 32695.22 11438.28 34.98
1615.8 32545.96 11454.97 35.20
1619.5 32465.11 11478.83 35.36
1623.2 32316.22 11483.40 35.53
1626.9 32130.25 11465.75 35.69
1630.6 31953.68 11444.18 35.81
1634.3 31816.04 11441.98 35.96
1638.0 31668.49 11432.96 36.10
1641.7 31487.82 11402.29 36.21
1645.4 31299.16 11366.71 36.32
1649.1 31105.38 11321.66 36.40
1652.8 30949.76 11271.68 36.42
1656.4 30780.36 11202.95 36.40
1660.1 30613.88 11132.11 36.36
1663.8 30416.03 11049.68 36.33
1667.5 30257.50 10983.98 36.30
1671.1 30134.40 10932.48 36.28
1674.8 29937.06 10860.12 36.28
1678.5 29873.87 10836.67 36.27
1682.1 29892.23 10834.15 36.24
1685.8 29901.92 10823.80 36.20
1689.5 29795.07 10758.74 36.11
1693.1 29653.44 10669.74 35.98
1696.8 29511.75 10575.88 35.84
1700.4 29358.15 10466.51 35.65
1704.0 29237.42 10350.18 35.40
1707.7 28983.16 10184.82 35.14
1711.3 28689.26 10002.11 34.86
1715.0 28479.20 9853.31 34.60
1718.6 28311.14 9722.97 34.34
1722.2 28171.19 9598.29 34.07
1725.9 28024.58 9483.09 33.84
1729.5 27888.80 9385.22 33.65
1733.1 27770.82 9300.92 33.49
1736.7 27655.67 9228.95 33.37
1740.3 27487.42 9132.14 33.22
1744.0 27395.86 9047.30 33.02
1747.5 27255.01 8942.34 32.81
1751.2 27041.09 8803.47 32.56
1754.8 26881.34 8688.56 32.32
1758.4 26750.86 8591.94 32.12
1762.0 26572.85 8485.73 31.93
1765.5 26446.23 8399.72 31.76
1769.1 26402.40 8349.60 31.62
1772.7 26328.38 8296.77 31.51
1776.3 26208.92 8221.50 31.37
1779.9 26081.92 8145.54 31.23
1783.5 26027.60 8102.16 31.13
1787.0 25897.14 8036.78 31.03
1790.6 25747.79 7969.91 30.95
1794.2 25651.68 7931.42 30.92
1797.8 25552.23 7893.02 30.89
1801.3 25471.95 7871.07 30.90
1804.9 25318.13 7833.00 30.94
1808.4 25235.40 7806.83 30.94
1812.0 25102.89 7759.47 30.91
1815.5 24947.72 7703.38 30.88
1819.1 24745.29 7642.14 30.88
1822.6 24588.72 7601.72 30.92
1826.2 24468.62 7554.33 30.87
1829.7 24298.19 7486.99 30.81
1833.2 24066.25 7390.28 30.71
1836.8 23846.10 7287.28 30.56
1840.3 23701.28 7213.86 30.44
1843.8 23605.26 7134.40 30.22
1847.3 23552.23 7046.23 29.92
1850.8 23482.37 6939.07 29.55
1854.3 23328.90 6784.19 29.08
1857.8 23249.20 6630.00 28.52
1861.3 23245.10 6429.24 27.66
1864.8 23154.55 6138.40 26.51
1868.3 22923.75 5773.17 25.18
1871.8 22725.12 5337.60 23.49
1875.3 22663.55 4942.67 21.81
1878.8 22668.35 4555.33 20.10
1882.3 22613.87 4120.16 18.22
1885.8 22446.65 3726.38 16.60
1889.3 22245.45 3378.11 15.19
1892.7 22073.02 3090.05 14.00
1896.2 21956.57 2923.04 13.31
1899.7 21800.31 2806.95 12.88
1903.1 21719.54 2820.05 12.98
1906.6 21807.87 2904.51 13.32
1910.0 22098.88 3148.05 14.25
1913.5 22634.73 3647.17 16.11
1917.0 23151.98 4394.08 18.98
1920.4 23436.08 5084.75 21.70
1923.8 23677.97 5364.12 22.65
1871.2 20787.15 4223.82 20.32
1873.9 20907.54 3994.66 19.11
1876.7 21048.38 3714.42 17.65
1879.5 21252.88 3423.92 16.11
1882.3 20993.42 3058.35 14.57
1885.1 20851.78 2784.26 13.35
1887.8 20921.79 2581.21 12.34
1890.6 20723.54 2261.03 10.91
1893.4 20650.67 1965.33 9.52
1896.2 20581.86 1856.70 9.02
1898.9 20516.13 1740.72 8.48
1901.7 20380.18 1569.52 7.70
1904.5 20546.36 1512.94 7.36
1907.2 20463.00 1420.25 6.94
1910.0 20358.58 1335.91 6.56
1912.7 20364.96 1333.11 6.55
1915.5 20273.08 1309.64 6.46
1918.2 20210.43 1291.78 6.39
1921.0 20079.87 1272.18 6.34
1923.7 20126.73 1243.96 6.18
1926.5 20096.89 1253.82 6.24
1929.2 20080.15 1260.22 6.28
1932.0 20066.00 1241.88 6.19
1934.7 20016.92 1266.30 6.33
1937.4 19925.11 1271.68 6.38
1940.2 19881.39 1275.43 6.42
1942.9 19959.98 1309.35 6.56
1945.6 19965.22 1319.74 6.61
1948.3 19894.11 1308.63 6.58
1951.1 19862.99 1333.43 6.71
1953.8 19866.00 1374.00 6.92
1956.5 19752.03 1398.67 7.08
1959.2 19805.76 1423.24 7.19
1961.9 19837.86 1433.38 7.23
1964.6 19745.08 1463.70 7.41
1967.3 19784.70 1527.83 7.72
1970.0 19621.84 1551.04 7.90
1972.8 19538.55 1550.26 7.93
1975.5 19602.81 1606.74 8.20
1978.2 19540.64 1629.36 8.34
1980.9 19419.73 1652.81 8.51
1983.5 19352.05 1686.83 8.72
1986.2 19366.05 1713.99 8.85
1988.9 19348.59 1757.64 9.08
1991.6 19202.00 1766.97 9.20
1994.3 19065.89 1799.43 9.44
1997.0 19096.32 1859.75 9.74
1999.7 19065.00 1883.81 9.88
2002.3 19034.90 1918.74 10.08
2005.0 18965.86 1953.26 10.30
2007.7 18877.00 1992.33 10.55
2010.4 18811.60 2029.91 10.79
2013.0 18774.16 2056.94 10.96
2015.7 18678.28 2088.63 11.18
2018.4 18548.96 2101.97 11.33
2021.0 18504.50 2119.33 11.45
2023.7 18401.60 2162.40 11.75
2026.4 18333.68 2197.00 11.98
2029.0 18267.40 2215.59 12.13
2031.7 18144.97 2233.62 12.31
2034.3 18142.15 2258.97 12.45
2037.0 18035.71 2280.15 12.64
2039.6 17974.39 2301.31 12.80
2042.3 17908.74 2319.68 12.95
2044.9 17825.78 2342.18 13.14
2047.5 17820.17 2378.64 13.35
2050.2 17715.60 2382.80 13.45
2052.8 17679.20 2394.00 13.54
2055.4 17538.43 2395.43 13.66
2058.1 17416.00 2399.60 13.78
2060.7 17404.47 2423.27 13.92
2063.3 17299.63 2438.33 14.09
2065.9 17230.17 2459.46 14.27
2068.6 17165.96 2470.63 14.39
2071.2 17119.44 2497.05 14.59
2073.8 17041.85 2512.90 14.75
2076.4 16999.98 2520.39 14.83
2079.0 17011.74 2529.00 14.87
2081.6 16984.09 2579.83 15.19
2084.2 16930.00 2581.83 15.25
2086.8 16834.24 2553.99 15.17
2089.4 16742.01 2564.35 15.32
2092.1 16637.33 2586.83 15.55
2094.7 16574.28 2607.48 15.73
2097.2 16549.50 2632.17 15.90
2099.8 16541.98 2653.09 16.04
2102.4 16400.35 2644.30 16.12
2105.0 16267.80 2647.65 16.28
2107.6 16238.35 2646.10 16.30
2110.2 16217.39 2665.48 16.44
2112.8 16200.74 2682.94 16.56
2115.3 16182.65 2704.81 16.71
2117.9 16188.40 2721.76 16.81
2120.5 16181.17 2731.36 16.88
2123.1 16113.83 2723.18 16.90
2125.6 16056.05 2723.35 16.96
2128.2 15953.26 2727.65 17.10
2130.8 15859.35 2723.18 17.17
2133.3 15825.33 2742.67 17.33
2135.9 15723.21 2750.46 17.49
2138.4 15584.92 2725.67 17.49
2141.0 15487.96 2700.33 17.44
2143.6 15482.13 2717.66 17.55
2146.1 15358.67 2709.14 17.64
2148.7 15182.57 2689.99 17.72
2151.2 15188.80 2716.27 17.88
2153.8 15199.37 2737.30 18.01
2156.3 15064.95 2717.07 18.04
2158.8 14994.07 2696.39 17.98
2161.4 14983.43 2709.52 18.08
2163.9 14894.98 2730.16 18.33
2166.4 14806.99 2743.79 18.53
2169.0 14777.42 2729.00 18.47
2171.5 14688.72 2702.39 18.40
2174.0 14586.43 2725.10 18.68
2176.5 14576.25 2723.89 18.69
2179.1 14537.32 2722.55 18.73
2181.6 14435.75 2719.25 18.84
2184.1 14405.16 2710.40 18.82
2186.6 14458.30 2752.32 19.04
2189.1 14358.33 2722.08 18.96
2191.6 14308.00 2711.33 18.95
2194.1 14339.64 2747.02 19.16
2196.6 14340.73 2754.70 19.21
2199.2 14399.84 2769.74 19.23
2201.7 14323.09 2772.21 19.35
2204.1 14264.18 2767.08 19.40
2206.6 14278.44 2771.39 19.41
2209.1 14246.74 2781.98 19.53
2211.6 14236.93 2752.22 19.33
2214.1 14172.61 2752.41 19.42
2216.6 14103.21 2776.58 19.69
2219.1 14137.40 2772.78 19.61
2221.6 14080.86 2752.22 19.55
2224.0 14024.61 2739.39 19.53
2226.5 13983.38 2705.36 19.35
2229.0 13981.89 2698.93 19.30
2231.5 13918.22 2703.98 19.43
2233.9 13896.33 2709.23 19.50
2236.4 13868.98 2690.42 19.40
2238.9 13826.00 2654.38 19.20
2241.3 13828.76 2639.05 19.08
2243.8 13758.80 2596.29 18.87
2246.2 13610.98 2570.23 18.88
2248.7 13571.61 2549.26 18.78
2251.2 13563.12 2528.91 18.65
2253.6 13482.24 2472.96 18.34
2256.1 13474.56 2453.76 18.21
2258.5 13495.78 2443.30 18.10
2260.9 13407.16 2408.38 17.96
2263.4 13372.75 2364.41 17.68
2265.8 13367.17 2342.62 17.53
2268.3 13288.30 2332.09 17.55
2270.7 13342.05 2314.52 17.35
2273.1 13272.94 2266.49 17.08
2275.6 13194.24 2223.36 16.85
2278.0 13232.60 2229.13 16.85
2280.4 13249.81 2208.94 16.67
2282.8 13117.21 2152.65 16.41
2285.3 13103.68 2130.81 16.26
2287.7 13191.09 2132.13 16.16
2290.1 13097.39 2071.55 15.82
2292.5 13047.88 2039.72 15.63
2294.9 13056.31 2015.35 15.44
2297.3 12972.40 1965.64 15.15
2299.7 12875.52 1950.48 15.15
2302.1 12826.01 1932.74 15.07
2304.5 12696.88 1889.44 14.88
2306.9 12602.80 1834.56 14.56
2309.3 12519.08 1825.94 14.59
2311.7 12473.65 1844.75 14.79
2314.1 12315.17 1823.45 14.81
2316.5 12229.76 1788.76 14.63
2318.9 12290.12 1777.69 14.46
2321.3 12265.32 1794.64 14.63
2323.7 12235.57 1777.03 14.52
2326.1 12214.93 1773.20 14.52
2328.4 12270.09 1769.73 14.42
2330.8 12319.08 1717.80 13.94
2333.2 12235.57 1700.87 13.90
2335.6 12168.54 1685.58 13.85
2337.9 12202.83 1652.64 13.54
2340.3 12141.58 1649.95 13.59
2342.7 12039.09 1646.12 13.67
2345.0 12013.82 1596.75 13.29
2347.4 11993.50 1593.75 13.29
2349.7 11798.34 1542.07 13.07
2352.1 11775.76 1492.34 12.67
2354.4 11820.42 1538.80 13.02
2356.8 11728.38 1532.42 13.07
2359.2 11704.33 1503.67 12.85
2361.5 11645.74 1509.71 12.96
2363.8 11633.53 1475.60 12.68
2366.2 11660.03 1456.40 12.49
2368.5 11627.85 1432.90 12.32
2370.9 11603.83 1422.52 12.26
2373.2 11533.95 1402.96 12.16
2375.5 11398.48 1362.03 11.95
2377.9 11373.04 1353.83 11.90
2380.2 11408.35 1337.85 11.73
2382.5 11308.30 1337.15 11.82
2384.8 11261.28 1313.12 11.66
2387.2 11252.00 1293.98 11.50
2389.5 11242.29 1255.96 11.17
2391.8 11232.13 1254.88 11.17
2394.1 11132.13 1233.17 11.08
2396.4 11089.46 1199.91 10.82
2398.7 11160.99 1203.30 10.78
2401.0 11096.58 1152.19 10.38
2403.3 10926.12 1155.36 10.57
2405.6 10921.36 1169.61 10.71
2407.9 10891.74 1132.26 10.40
2410.2 10793.71 1112.96 10.31
2412.5 10752.81 1128.13 10.49
2414.8 10737.29 1129.70 10.52
2417.1 10694.97 1089.11 10.18
2419.4 10638.82 1062.84 9.99
2421.7 10597.44 1061.85 10.02
2424.0 10571.95 1040.82 9.85
2426.2 10576.95 1043.25 9.86
2428.5 10508.39 1038.40 9.88
2430.8 10485.80 991.90 9.46
2433.1 10443.79 962.51 9.22
2435.4 10361.94 906.39 8.75
2437.6 10328.37 895.20 8.67
2439.9 10224.92 892.79 8.73
2442.2 10193.49 870.32 8.54
2444.4 10223.13 832.78 8.15
2446.7 10173.28 876.00 8.61
2448.9 10197.11 882.33 8.65
2451.2 10173.72 870.16 8.55
2453.4 10028.37 879.89 8.77
2455.7 9998.26 839.27 8.39
2457.9 9908.42 860.81 8.69
2460.2 9870.17 838.44 8.49
2462.4 9896.64 780.00 7.88
2464.7 9834.69 775.93 7.89
2466.9 9751.98 757.56 7.77
2469.2 9722.50 732.43 7.53
2471.4 9624.29 761.54 7.91
2473.6 9553.77 790.01 8.27
2475.9 9536.85 717.97 7.53
2478.1 9427.70 655.84 6.96
2480.3 9377.37 696.17 7.42
2482.5 9321.43 729.13 7.82
2484.8 9240.44 735.45 7.96
2487.0 9258.33 696.23 7.52
2489.2 9302.30 701.07 7.54
2491.4 9183.58 699.34 7.62
2493.6 9147.34 627.07 6.86
2495.8 9177.35 641.39 6.99
2498.0 9103.79 664.75 7.30
2500.2 9132.70 631.88 6.92
2502.4 9403.92 577.20 6.14
2504.6 9512.07 666.69 7.01
2506.8 9585.80 779.33 8.13
