/*** Spectra Vista SIG Data ***/
name= \My Documents\HR1024_Data\AOF2.
instrument= HR: 1091052
integration= 200, 60, 30, 500, 60, 30
scan time= 1, 1
scan settings= AD, AI, AD, AI
external data set1= 8224, 8224, 8224, 8224, 8224, 8224, 8224, 8224, 8224, 8224, 8224, 8224, 8224, 8224, 8224, 8224
external data set2= 8224, 8224, 8224, 8224, 8224, 8224, 8224, 8224, 8224, 8224, 8224, 8224, 8224, 8224, 8224, 8224
external data dark= 0,0,0,0,0,0,0,0
external data mask= 0
optic= LENS4 , LENS4 
temp= 33.31, 8.94, -5.30, 36.04, 8.94, -5.37
battery= 7.5, 7.4
error= 0, 0
units= Radiance, Radiance
time= 1/1/08 1:10:44 PM, 1/1/08 1:13:52 PM
longitude= , 
latitude= , 
gpstime= , 
comm= 
memory slot= 0, 0
factors= 
data= 
346.4 509.60 96.82 19.00
347.9 536.51 85.34 15.91
349.5 577.20 97.34 16.86
351.1 620.88 86.11 13.87
352.6 679.94 89.82 13.21
354.2 723.22 87.70 12.13
355.7 777.89 95.64 12.29
357.3 842.60 105.41 12.51
358.8 838.80 96.46 11.50
360.4 904.00 109.75 12.14
361.9 943.76 97.51 10.33
363.5 997.20 103.88 10.42
365.1 1040.25 102.64 9.87
366.6 1087.54 98.05 9.02
368.2 1161.70 108.78 9.36
369.7 1204.79 99.26 8.24
371.3 1287.37 104.04 8.08
372.8 1354.56 102.26 7.55
374.4 1435.13 117.48 8.19
375.9 1463.02 100.62 6.88
377.4 1512.41 109.28 7.23
379.0 1578.52 103.11 6.53
380.5 1618.77 99.71 6.16
382.1 1669.58 104.02 6.23
383.6 1726.52 100.93 5.85
385.2 1809.50 103.40 5.71
386.7 1900.67 105.05 5.53
388.3 1991.93 103.27 5.18
389.8 2077.97 104.31 5.02
391.3 2163.95 108.06 4.99
392.9 2236.17 113.80 5.09
394.4 2293.88 103.27 4.50
395.9 2364.42 118.06 4.99
397.5 2493.56 112.40 4.51
399.0 2617.23 126.07 4.82
400.6 2691.33 125.65 4.67
402.1 2739.96 108.36 3.95
403.6 2797.88 104.53 3.74
405.1 2865.39 104.20 3.64
406.7 2979.20 100.35 3.37
408.2 3089.54 106.03 3.43
409.7 3183.04 111.10 3.49
411.3 3295.62 109.24 3.31
412.8 3391.47 114.71 3.38
414.3 3507.27 124.33 3.55
415.8 3622.50 119.00 3.29
417.4 3739.34 135.61 3.63
418.9 3830.42 134.60 3.51
420.4 3913.23 127.62 3.26
421.9 3978.48 135.52 3.41
423.5 4044.22 133.56 3.30
425.0 4110.68 133.05 3.24
426.5 4198.95 135.02 3.22
428.0 4314.36 130.54 3.03
429.5 4445.73 129.56 2.91
431.1 4599.50 141.64 3.08
432.6 4769.72 136.88 2.87
434.1 4937.63 143.99 2.92
435.6 5085.18 150.93 2.97
437.1 5233.80 149.76 2.86
438.6 5364.45 157.20 2.93
440.1 5501.44 164.15 2.98
441.6 5653.06 165.01 2.92
443.1 5799.60 168.48 2.91
444.7 5941.01 172.62 2.91
446.2 6051.88 172.61 2.85
447.7 6161.82 178.64 2.90
449.2 6292.08 191.81 3.05
450.7 6396.00 187.20 2.93
452.2 6529.70 185.50 2.84
453.7 6647.26 190.72 2.87
455.2 6815.62 190.27 2.79
456.7 7013.60 199.94 2.85
458.2 7232.90 200.61 2.77
459.7 7456.75 207.90 2.79
461.2 7667.16 210.39 2.74
462.7 7858.10 214.80 2.73
464.2 8041.02 220.33 2.74
465.7 8240.35 229.81 2.79
467.2 8402.63 230.23 2.74
468.7 8584.00 239.20 2.79
470.2 8698.25 250.55 2.88
471.7 8877.75 250.80 2.83
473.2 9159.71 267.39 2.92
474.6 9386.40 267.05 2.85
476.1 9450.96 261.18 2.76
477.6 9499.75 259.17 2.73
479.1 9557.87 257.72 2.70
480.6 9632.82 259.92 2.70
482.1 9760.73 263.67 2.70
483.6 9935.74 264.50 2.66
485.1 10133.78 267.73 2.64
486.6 10366.07 275.46 2.66
488.0 10621.00 282.75 2.66
489.5 10873.80 291.35 2.68
491.0 11134.31 301.86 2.71
492.5 11404.80 309.74 2.72
494.0 11683.71 322.42 2.76
495.4 11917.95 332.64 2.79
496.9 12154.26 342.68 2.82
498.4 12387.41 359.49 2.90
499.9 12623.63 375.10 2.97
501.4 12839.71 395.77 3.08
502.8 13042.06 412.64 3.16
504.3 13226.40 431.28 3.26
505.8 13406.54 459.07 3.42
507.2 13518.16 489.96 3.62
508.7 13603.31 518.47 3.81
510.2 13672.60 551.95 4.04
511.6 13715.26 587.37 4.28
513.1 13806.21 632.06 4.58
514.6 13898.29 685.56 4.93
516.0 13992.63 739.38 5.28
517.5 14151.40 811.02 5.73
519.0 14339.95 874.90 6.10
520.5 14520.56 951.86 6.56
521.9 14760.83 1039.10 7.04
523.4 15031.28 1129.26 7.51
524.8 15295.25 1222.99 8.00
526.3 15594.01 1317.63 8.45
527.8 15909.50 1419.22 8.92
529.2 16189.50 1502.21 9.28
530.7 16509.28 1591.65 9.64
532.1 16791.25 1679.79 10.00
533.6 17121.20 1765.51 10.31
535.0 17454.94 1844.07 10.56
536.5 17789.22 1921.83 10.80
538.0 18136.88 1996.77 11.01
539.4 18461.69 2061.70 11.17
540.9 18864.39 2141.32 11.35
542.3 19206.33 2214.89 11.53
543.8 19460.81 2273.32 11.68
545.2 19544.37 2318.30 11.86
546.6 19566.05 2344.61 11.98
548.1 19604.97 2368.84 12.08
549.5 19640.65 2392.31 12.18
551.0 19664.79 2419.49 12.30
552.4 19724.92 2442.88 12.38
553.9 19761.60 2450.87 12.40
555.3 19812.20 2458.40 12.41
556.8 19934.49 2463.18 12.36
558.2 20047.50 2456.33 12.25
559.6 20200.16 2453.63 12.15
561.1 20397.00 2442.05 11.97
562.5 20617.77 2434.52 11.81
564.0 20901.40 2424.42 11.60
565.4 21161.13 2410.96 11.39
566.8 21482.31 2400.84 11.18
568.3 21793.28 2366.30 10.86
569.7 22118.60 2340.83 10.58
571.1 22425.71 2307.43 10.29
572.6 22741.56 2271.89 9.99
574.0 23030.70 2230.14 9.68
575.4 23309.44 2195.78 9.42
576.9 23581.06 2160.77 9.16
578.3 23822.01 2130.70 8.94
579.7 24048.22 2096.89 8.72
581.1 24227.75 2067.78 8.53
582.6 24429.78 2045.15 8.37
584.0 24600.48 2014.00 8.19
585.4 24853.74 1997.52 8.04
586.8 25196.68 1986.88 7.89
588.3 25573.86 1993.68 7.80
589.7 25896.78 1982.45 7.66
591.1 26104.75 1973.37 7.56
592.5 26211.06 1957.52 7.47
594.0 26269.26 1941.17 7.39
595.4 26286.44 1922.76 7.31
596.8 26295.56 1914.20 7.28
598.2 26315.92 1899.84 7.22
599.6 26317.98 1874.59 7.12
601.0 26398.05 1866.92 7.07
602.4 26470.93 1854.92 7.01
603.9 26597.64 1836.97 6.91
605.3 26727.57 1818.12 6.80
606.7 26857.80 1789.20 6.66
608.1 27088.39 1771.43 6.54
609.5 27333.21 1746.75 6.39
610.9 27623.29 1725.57 6.25
612.3 27891.32 1701.83 6.10
613.7 28252.28 1677.39 5.94
615.1 28513.62 1647.86 5.78
616.5 28776.05 1624.26 5.64
617.9 29165.50 1606.35 5.51
619.3 29543.24 1598.58 5.41
620.7 29990.55 1593.68 5.31
622.1 30437.05 1603.32 5.27
623.5 30934.60 1615.65 5.22
624.9 31494.75 1644.20 5.22
626.3 31867.36 1651.48 5.18
627.7 31569.69 1601.87 5.07
629.1 31287.59 1567.27 5.01
630.5 31184.65 1548.77 4.97
631.9 31222.21 1545.26 4.95
633.3 31256.33 1535.10 4.91
634.7 31400.48 1524.60 4.86
636.1 31461.82 1508.52 4.79
637.5 31554.77 1482.62 4.70
638.9 31702.82 1467.33 4.63
640.2 31825.04 1438.03 4.52
641.6 31863.78 1400.26 4.39
643.0 31847.61 1375.99 4.32
644.4 31829.55 1329.70 4.18
645.8 31751.71 1288.77 4.06
647.2 31867.94 1257.72 3.95
648.5 31926.34 1236.15 3.87
649.9 31776.23 1205.65 3.79
651.3 31648.05 1182.18 3.74
652.7 31449.15 1152.60 3.66
654.1 31244.46 1123.73 3.60
655.5 31005.95 1080.27 3.48
656.8 30780.41 1038.85 3.38
658.2 30925.42 1020.52 3.30
659.6 31264.45 999.35 3.20
660.9 31536.04 980.98 3.11
662.3 31822.64 957.67 3.01
663.7 32096.40 939.12 2.93
665.0 32332.90 932.96 2.89
666.4 32562.99 920.16 2.83
667.8 32863.56 917.35 2.79
669.1 33114.69 912.07 2.75
670.5 33405.09 922.39 2.76
671.9 33586.56 924.53 2.75
673.2 33844.75 938.25 2.77
674.6 34082.18 958.45 2.81
676.0 34372.41 979.05 2.85
677.3 34659.68 1000.57 2.89
678.7 34979.63 1037.00 2.96
680.0 35399.92 1078.17 3.05
681.4 35845.89 1134.47 3.16
682.8 36270.33 1200.29 3.31
684.1 36705.24 1281.38 3.49
685.5 37104.21 1383.84 3.73
686.8 37507.62 1504.54 4.01
688.2 37862.83 1660.66 4.39
689.5 38000.96 1847.10 4.86
690.9 38124.79 2084.85 5.47
692.2 38229.60 2368.44 6.20
693.6 38334.37 2700.72 7.05
694.9 38335.34 3092.30 8.07
696.2 38393.33 3543.84 9.23
697.6 38453.39 4038.93 10.50
698.9 38522.88 4568.26 11.86
700.3 38613.54 5134.94 13.30
701.6 38716.02 5722.81 14.78
703.0 38828.83 6324.10 16.29
704.3 38882.19 6919.51 17.80
705.6 38895.39 7520.72 19.34
707.0 38949.12 8120.04 20.85
708.3 38885.46 8695.46 22.36
709.6 38817.35 9255.14 23.84
711.0 38702.88 9807.50 25.34
712.3 38573.15 10342.87 26.81
713.6 38531.64 10870.94 28.21
714.9 38462.14 11378.37 29.58
716.3 38461.08 11901.01 30.94
717.6 38479.84 12416.85 32.27
718.9 38424.85 12889.55 33.54
720.2 38251.08 13303.00 34.78
721.6 38113.53 13722.90 36.01
722.9 37945.16 14087.08 37.12
724.2 37714.27 14402.43 38.19
725.5 37534.96 14733.63 39.25
726.8 37360.68 15024.71 40.22
728.1 37271.09 15326.94 41.12
729.5 37167.13 15612.30 42.01
730.8 37093.13 15877.50 42.80
732.1 36996.92 16113.66 43.55
733.4 36936.39 16335.83 44.23
734.7 36864.47 16535.29 44.85
736.0 36851.62 16753.26 45.46
737.3 36774.45 16914.33 45.99
738.6 36845.76 17136.07 46.51
739.9 37000.34 17366.63 46.94
741.2 37119.81 17571.37 47.34
742.5 37372.03 17826.20 47.70
743.8 37768.50 18140.43 48.03
745.1 38387.22 18556.09 48.34
746.4 39127.73 19011.90 48.59
747.7 39918.22 19480.71 48.80
749.0 40672.12 19939.40 49.02
750.3 41122.66 20221.61 49.17
751.6 41047.35 20243.93 49.32
752.9 40630.59 20128.58 49.54
754.2 40176.47 19959.66 49.68
755.4 39652.21 19788.96 49.91
756.7 39478.17 19755.09 50.04
758.0 39495.60 19823.38 50.19
759.3 39730.28 20001.70 50.34
760.6 40061.56 20197.41 50.42
761.9 40384.10 20392.19 50.50
763.1 40567.56 20527.54 50.60
764.4 40796.65 20667.65 50.66
765.7 40953.25 20775.30 50.73
767.0 41079.80 20869.16 50.80
768.2 41207.04 20948.93 50.84
769.5 41279.98 21008.06 50.89
770.8 41469.61 21116.49 50.92
772.0 41501.32 21153.72 50.97
773.3 41583.65 21203.44 50.99
774.6 41708.58 21269.65 51.00
775.8 41815.15 21327.67 51.00
777.1 41846.51 21347.24 51.01
778.4 41799.94 21334.68 51.04
779.6 41775.90 21339.90 51.08
780.9 41704.00 21305.60 51.09
782.1 41523.21 21245.42 51.17
783.4 41558.40 21239.30 51.11
784.6 41567.36 21271.60 51.17
785.9 41861.56 21434.76 51.20
787.1 42409.87 21718.52 51.21
788.4 42854.47 21927.38 51.17
789.6 42849.18 21894.79 51.10
790.9 42483.96 21678.19 51.03
792.1 42011.92 21472.00 51.11
793.4 41570.15 21249.95 51.12
794.6 41283.15 21106.45 51.13
795.8 41024.39 20987.28 51.16
797.1 40758.68 20838.21 51.13
798.3 40551.64 20761.79 51.20
799.5 40444.72 20702.20 51.19
800.8 40323.21 20648.59 51.21
802.0 40187.32 20587.70 51.23
803.2 40033.64 20518.99 51.25
804.5 39942.72 20468.84 51.25
805.7 39829.66 20427.23 51.29
806.9 39715.93 20355.26 51.25
808.1 39632.97 20317.96 51.27
809.4 39553.39 20291.70 51.30
810.6 39489.45 20263.88 51.31
811.8 39474.39 20261.66 51.33
813.0 39504.71 20284.06 51.35
814.2 39525.61 20310.70 51.39
815.4 39644.33 20387.71 51.43
816.6 39709.73 20412.94 51.41
817.9 39791.57 20439.56 51.37
819.1 39719.87 20416.01 51.40
820.3 39621.11 20368.79 51.41
821.5 39546.25 20350.04 51.46
822.7 39480.04 20333.79 51.50
823.9 39499.25 20329.59 51.47
825.1 39541.96 20357.21 51.48
826.3 39583.35 20383.11 51.49
827.5 39640.56 20425.55 51.53
828.7 39708.48 20454.34 51.51
829.9 39767.03 20486.63 51.52
831.0 39870.82 20574.57 51.60
832.2 39993.87 20618.20 51.55
833.4 40076.64 20666.41 51.57
834.6 40148.44 20733.75 51.64
835.8 40238.10 20776.77 51.63
837.0 40328.28 20847.32 51.69
838.1 40500.72 20933.00 51.69
839.3 40601.19 20985.80 51.69
840.5 40716.87 21062.93 51.73
841.7 40854.11 21146.83 51.76
842.9 40980.73 21249.72 51.85
844.0 41100.82 21312.83 51.86
845.2 41245.09 21410.64 51.91
846.4 41368.25 21487.85 51.94
847.5 41564.18 21621.73 52.02
848.7 41743.64 21715.01 52.02
849.9 41936.76 21810.32 52.01
851.0 42020.98 21855.34 52.01
852.2 42107.61 21896.66 52.00
853.3 42066.96 21885.04 52.02
854.5 42098.11 21895.09 52.01
855.6 42095.43 21910.61 52.05
856.8 42111.00 21908.17 52.02
857.9 42111.88 21927.37 52.07
859.1 42240.60 21982.72 52.04
860.2 42245.56 21992.56 52.06
861.4 42273.83 22031.55 52.12
862.5 42309.54 22053.65 52.12
863.7 42384.63 22082.48 52.10
864.8 42387.10 22078.00 52.09
865.9 42333.82 22083.22 52.16
867.1 42372.33 22070.86 52.09
868.2 42368.54 22075.58 52.10
869.3 42393.50 22070.86 52.06
870.5 42342.80 22055.45 52.09
871.6 42318.48 22056.99 52.12
872.7 42385.23 22084.82 52.10
873.9 42404.90 22085.54 52.08
875.0 42391.36 22091.77 52.11
876.1 42363.75 22087.69 52.14
877.2 42397.32 22103.32 52.13
878.3 42381.77 22094.91 52.13
879.4 42397.70 22105.58 52.14
880.5 42451.56 22120.85 52.11
881.7 42410.55 22095.06 52.10
882.8 42454.72 22112.98 52.09
883.9 42482.63 22142.46 52.12
885.0 42446.04 22085.43 52.03
886.1 42420.10 22086.01 52.06
887.2 42295.80 21939.94 51.87
888.3 42201.80 21927.31 51.96
889.4 42117.30 21856.73 51.89
890.5 42026.34 21817.31 51.91
891.6 41981.69 21798.36 51.92
892.7 41962.31 21761.05 51.86
893.8 41981.79 21785.83 51.89
894.9 41952.35 21747.66 51.84
896.0 41968.71 21747.00 51.82
897.0 41952.48 21751.77 51.85
898.1 41951.64 21769.90 51.89
899.2 41983.30 21747.26 51.80
900.3 41907.57 21724.70 51.84
901.4 41820.39 21687.02 51.86
902.4 41828.99 21678.72 51.83
903.5 41775.96 21639.07 51.80
904.6 41798.96 21630.82 51.75
905.7 41805.42 21604.10 51.68
906.7 41815.90 21617.09 51.70
907.8 41839.20 21605.30 51.64
908.9 41746.38 21600.06 51.74
909.9 41734.69 21586.84 51.72
911.0 41681.88 21541.19 51.68
912.1 41602.05 21515.05 51.72
913.1 41535.52 21443.55 51.63
914.2 41457.24 21399.72 51.62
915.2 41368.59 21406.57 51.75
916.3 41436.15 21374.34 51.58
917.3 41410.15 21324.36 51.50
918.4 41310.50 21290.17 51.54
919.4 41328.17 21323.00 51.59
920.5 41309.67 21325.25 51.62
921.5 41323.66 21281.37 51.50
922.6 41255.80 21284.08 51.59
923.6 41303.54 21272.23 51.50
924.7 41344.50 21276.40 51.46
925.7 41333.16 21255.19 51.42
926.7 41356.90 21303.74 51.51
927.8 41415.30 21309.43 51.45
928.8 41570.85 21328.14 51.31
929.9 41658.93 21402.63 51.38
930.9 41879.39 21464.90 51.25
931.9 42070.56 21542.71 51.21
932.9 42412.10 21734.16 51.25
934.0 42452.50 21724.25 51.17
935.0 42440.57 21698.65 51.13
936.0 42488.02 21685.83 51.04
937.0 42429.47 21658.42 51.05
938.1 42380.86 21630.01 51.04
939.1 42337.65 21617.08 51.06
940.1 42429.30 21580.06 50.86
941.1 42615.86 21750.82 51.04
942.1 42903.92 21865.63 50.96
943.1 43057.09 21920.43 50.91
944.1 43342.63 21981.18 50.71
945.2 43356.60 22003.80 50.75
946.2 43482.48 21983.98 50.56
947.2 43549.00 22068.75 50.68
948.2 43743.16 22082.34 50.48
949.2 43840.88 22127.63 50.47
950.2 43906.25 22109.08 50.36
951.2 44010.96 22168.27 50.37
952.2 44061.91 22105.04 50.17
953.2 44318.14 22175.34 50.04
954.2 44380.80 22202.46 50.03
955.2 44428.35 22146.58 49.85
956.2 44460.20 22129.91 49.77
957.2 44542.35 22165.81 49.76
958.2 44649.94 22132.54 49.57
959.2 44705.25 22191.12 49.64
960.1 44813.66 22248.54 49.65
961.1 44928.76 22177.16 49.36
962.1 44958.75 22180.13 49.33
963.1 44986.01 22219.37 49.39
964.1 45106.16 22256.11 49.34
965.1 45270.70 22267.05 49.19
966.1 45207.41 22340.09 49.42
967.0 45355.66 22358.20 49.30
968.0 45441.48 22359.04 49.20
969.0 45453.60 22418.64 49.32
970.0 45557.64 22408.00 49.19
971.0 45615.57 22438.67 49.19
971.9 45699.86 22540.54 49.32
972.9 45781.93 22482.81 49.11
973.9 45829.88 22522.11 49.14
974.9 45973.78 22558.66 49.07
975.8 45979.65 22683.29 49.33
976.8 46106.16 22774.10 49.39
977.8 46097.80 22784.48 49.43
978.8 46103.70 22854.36 49.57
979.7 46387.55 22808.74 49.17
980.7 46405.76 22920.55 49.39
981.7 46694.84 23182.20 49.65
982.6 46857.76 23217.64 49.55
983.6 47433.79 23540.02 49.63
984.6 47818.98 23667.98 49.49
985.5 48063.24 24093.50 50.13
986.5 48770.77 24187.77 49.59
987.5 50043.63 24783.51 49.52
988.4 50895.90 25437.28 49.98
989.4 52431.75 25866.33 49.33
990.4 53425.02 26332.99 49.29
991.3 55387.31 26722.25 48.25
992.3 55950.90 26840.78 47.97
993.2 58118.31 28004.50 48.19
994.2 59457.94 28641.02 48.17
995.2 60710.63 28536.80 47.00
996.1 61737.77 29585.23 47.92
997.1 61885.85 29053.78 46.95
998.0 61668.00 28504.32 46.22
999.0 61787.86 28762.07 46.55
1000.0 62252.49 29251.17 46.99
1000.9 62564.91 28488.68 45.53
1001.9 61626.12 28704.80 46.58
1002.8 61885.09 28600.95 46.22
1003.8 61970.58 28454.10 45.92
1004.8 62064.96 27381.60 44.12
961.5 55881.62 23880.21 42.73
965.5 54589.44 23626.99 43.28
969.5 52393.79 23329.09 44.53
973.4 50126.74 22989.78 45.86
977.4 48345.52 22740.41 47.04
981.4 47464.01 22746.76 47.92
985.3 47176.98 22814.88 48.36
989.3 47304.75 23046.66 48.72
993.3 47508.66 23223.74 48.88
997.2 47541.75 23269.32 48.95
1001.2 47520.33 23288.20 49.01
1005.2 47455.76 23315.19 49.13
1009.1 47529.68 23430.84 49.30
1013.1 47663.39 23597.34 49.51
1017.1 47785.75 23754.13 49.71
1021.0 47816.50 23840.96 49.86
1025.0 47819.30 23887.66 49.95
1029.0 47652.00 23842.25 50.03
1032.9 47495.63 23819.77 50.15
1036.9 47497.16 23892.54 50.30
1040.9 47608.97 24026.81 50.47
1044.8 47827.54 24170.96 50.54
1048.8 48004.98 24294.75 50.61
1052.7 48133.54 24394.73 50.68
1056.7 48188.20 24449.75 50.74
1060.7 48194.60 24483.81 50.80
1064.6 48198.22 24510.47 50.85
1068.6 48113.17 24466.18 50.85
1072.5 48026.55 24423.01 50.85
1076.5 47975.49 24405.65 50.87
1080.4 47966.69 24389.99 50.85
1084.4 48069.59 24418.46 50.80
1088.3 48170.15 24455.29 50.77
1092.3 48152.58 24417.04 50.71
1096.2 48142.77 24366.82 50.61
1100.2 48183.64 24350.38 50.54
1104.1 48079.94 24256.95 50.45
1108.1 48035.13 24191.37 50.36
1112.0 47943.86 24098.09 50.26
1116.0 47742.57 23924.81 50.11
1119.9 47581.47 23749.76 49.91
1123.9 47666.30 23667.00 49.65
1127.8 47639.04 23481.60 49.29
1131.8 47617.38 23252.43 48.83
1135.7 47659.94 22998.43 48.26
1139.6 47675.62 22647.43 47.50
1143.6 47638.82 22253.81 46.71
1147.5 47616.88 21860.00 45.91
1151.4 47500.80 21457.00 45.17
1155.4 47513.75 21192.68 44.60
1159.3 47522.52 21012.44 44.22
1163.2 47363.89 20805.97 43.93
1167.2 47347.50 20691.30 43.70
1171.1 47369.57 20618.79 43.53
1175.0 47314.40 20526.10 43.38
1179.0 47268.08 20447.66 43.26
1182.9 47358.68 20414.97 43.11
1186.8 47350.70 20352.40 42.98
1190.7 47139.70 20210.69 42.87
1194.7 46883.87 20051.86 42.77
1198.6 46652.76 19927.22 42.71
1202.5 46480.48 19857.05 42.72
1206.4 46340.80 19816.63 42.76
1210.3 46236.01 19816.90 42.86
1214.2 46114.66 19820.68 42.98
1218.2 45952.68 19829.69 43.15
1222.1 45800.88 19849.78 43.34
1226.0 45686.61 19881.84 43.52
1229.9 45598.02 19922.70 43.69
1233.8 45484.04 19941.34 43.84
1237.7 45416.66 19969.51 43.97
1241.6 45332.53 19958.75 44.03
1245.5 45166.97 19929.54 44.12
1249.4 45023.84 19910.76 44.22
1253.3 44894.25 19880.42 44.28
1257.2 44816.00 19859.36 44.31
1261.1 44716.86 19817.14 44.32
1265.0 44587.73 19757.54 44.31
1268.9 44400.64 19661.26 44.28
1272.8 44460.00 19667.85 44.24
1276.7 44653.74 19731.32 44.19
1280.6 44733.81 19725.10 44.09
1284.5 44649.07 19636.39 43.98
1288.4 44631.63 19563.02 43.83
1292.3 44511.50 19428.75 43.65
1296.2 44360.33 19253.12 43.40
1300.1 44197.71 19056.65 43.12
1303.9 43963.66 18807.59 42.78
1307.8 43715.49 18523.56 42.37
1311.7 43464.03 18214.73 41.91
1315.6 43214.30 17891.26 41.40
1319.5 42962.15 17529.96 40.80
1323.3 42734.84 17144.31 40.12
1327.2 42525.95 16764.08 39.42
1331.1 42285.13 16366.36 38.70
1335.0 41985.32 15927.16 37.94
1338.8 41775.29 15519.40 37.15
1342.7 41609.18 15134.39 36.37
1346.5 41242.98 14688.84 35.62
1350.4 40931.78 14289.72 34.91
1354.3 40517.39 13858.58 34.20
1358.1 40047.65 13421.15 33.51
1362.0 39764.09 13038.12 32.79
1365.8 39670.89 12687.90 31.98
1369.7 39786.92 12360.86 31.07
1373.5 39741.56 11887.36 29.91
1377.4 39487.75 11235.46 28.45
1381.2 39276.49 10445.99 26.60
1385.1 39242.56 9604.48 24.47
1389.0 39129.70 8692.09 22.21
1392.8 38925.66 7737.14 19.88
1396.6 38773.68 6841.82 17.65
1400.5 38560.99 6023.76 15.62
1404.3 38397.74 5330.09 13.88
1408.2 38363.03 4780.44 12.46
1412.0 38325.01 4336.72 11.32
1415.8 38359.09 4003.00 10.44
1419.6 38319.36 3735.13 9.75
1423.5 38299.37 3537.21 9.24
1427.3 38266.05 3392.44 8.87
1431.1 38248.58 3282.90 8.58
1434.9 38159.15 3200.22 8.39
1438.8 38104.90 3136.83 8.23
1442.6 38084.31 3101.95 8.14
1446.4 37958.74 3072.57 8.09
1450.2 37871.04 3054.04 8.06
1454.0 37772.76 3052.92 8.08
1457.8 37752.26 3066.28 8.12
1461.6 37732.17 3096.72 8.21
1465.4 37609.21 3133.15 8.33
1469.2 37426.03 3182.73 8.50
1473.0 37290.43 3256.11 8.73
1476.8 37245.30 3357.77 9.02
1480.7 37186.44 3480.03 9.36
1484.4 37061.40 3611.52 9.74
1488.2 36961.08 3757.44 10.17
1492.0 36836.53 3897.64 10.58
1495.8 36720.78 4047.23 11.02
1499.6 36605.30 4186.52 11.44
1503.4 36479.87 4312.88 11.82
1507.2 36356.05 4439.37 12.21
1510.9 36204.04 4557.14 12.59
1514.7 36047.88 4669.09 12.95
1518.5 35919.58 4789.75 13.33
1522.3 35781.38 4906.20 13.71
1526.0 35674.52 5035.82 14.12
1529.8 35609.17 5180.64 14.55
1533.6 35484.33 5305.80 14.95
1537.3 35352.32 5416.66 15.32
1541.1 35225.58 5534.11 15.71
1544.8 35097.60 5647.20 16.09
1548.6 34949.35 5759.98 16.48
1552.4 34850.72 5873.31 16.85
1556.1 34790.76 5991.26 17.22
1559.9 34705.82 6087.94 17.54
1563.6 34578.39 6173.18 17.85
1567.3 34459.02 6268.97 18.19
1571.1 34243.92 6344.92 18.53
1574.8 34100.68 6432.97 18.86
1578.6 34000.34 6521.63 19.18
1582.3 33854.52 6584.08 19.45
1586.0 33716.51 6644.11 19.71
1589.8 33582.95 6705.52 19.97
1593.5 33431.04 6749.62 20.19
1597.2 33294.67 6794.83 20.41
1600.9 33154.19 6843.74 20.64
1604.7 33000.40 6887.00 20.87
1608.4 32856.34 6929.28 21.09
1612.1 32695.22 6963.89 21.30
1615.8 32545.96 6994.24 21.49
1619.5 32465.11 7042.02 21.69
1623.2 32316.22 7060.95 21.85
1626.9 32130.25 7069.82 22.00
1630.6 31953.68 7085.76 22.18
1634.3 31816.04 7089.58 22.28
1638.0 31668.49 7088.34 22.38
1641.7 31487.82 7076.29 22.47
1645.4 31299.16 7062.30 22.56
1649.1 31105.38 7028.71 22.60
1652.8 30949.76 6992.70 22.59
1656.4 30780.36 6943.70 22.56
1660.1 30613.88 6885.23 22.49
1663.8 30416.03 6836.02 22.48
1667.5 30257.50 6794.70 22.46
1671.1 30134.40 6758.05 22.43
1674.8 29937.06 6723.71 22.46
1678.5 29873.87 6718.88 22.49
1682.1 29892.23 6706.97 22.44
1685.8 29901.92 6689.58 22.37
1689.5 29795.07 6642.39 22.29
1693.1 29653.44 6583.86 22.20
1696.8 29511.75 6512.25 22.07
1700.4 29358.15 6426.64 21.89
1704.0 29237.42 6345.98 21.70
1707.7 28983.16 6225.52 21.48
1711.3 28689.26 6096.23 21.25
1715.0 28479.20 5991.85 21.04
1718.6 28311.14 5891.76 20.81
1722.2 28171.19 5800.87 20.59
1725.9 28024.58 5716.40 20.40
1729.5 27888.80 5637.38 20.21
1733.1 27770.82 5572.88 20.07
1736.7 27655.67 5517.70 19.95
1740.3 27487.42 5443.84 19.80
1744.0 27395.86 5376.62 19.63
1747.5 27255.01 5286.50 19.40
1751.2 27041.09 5179.35 19.15
1754.8 26881.34 5101.52 18.98
1758.4 26750.86 5020.70 18.77
1762.0 26572.85 4942.84 18.60
1765.5 26446.23 4883.12 18.46
1769.1 26402.40 4843.20 18.34
1772.7 26328.38 4798.42 18.23
1776.3 26208.92 4742.89 18.10
1779.9 26081.92 4688.22 17.97
1783.5 26027.60 4647.52 17.86
1787.0 25897.14 4613.15 17.81
1790.6 25747.79 4570.02 17.75
1794.2 25651.68 4538.39 17.69
1797.8 25552.23 4521.29 17.69
1801.3 25471.95 4511.85 17.71
1804.9 25318.13 4494.00 17.75
1808.4 25235.40 4486.59 17.78
1812.0 25102.89 4463.46 17.78
1815.5 24947.72 4431.32 17.76
1819.1 24745.29 4407.94 17.81
1822.6 24588.72 4386.72 17.84
1826.2 24468.62 4351.15 17.78
1829.7 24298.19 4307.87 17.73
1833.2 24066.25 4250.80 17.66
1836.8 23846.10 4194.65 17.59
1840.3 23701.28 4129.25 17.42
1843.8 23605.26 4067.98 17.23
1847.3 23552.23 3994.45 16.96
1850.8 23482.37 3890.88 16.57
1854.3 23328.90 3762.43 16.13
1857.8 23249.20 3588.00 15.43
1861.3 23245.10 3416.65 14.70
1864.8 23154.55 3206.43 13.85
1868.3 22923.75 2893.93 12.62
1871.8 22725.12 2580.48 11.36
1875.3 22663.55 2266.36 10.00
1878.8 22668.35 1972.17 8.70
1882.3 22613.87 1707.59 7.55
1885.8 22446.65 1453.61 6.48
1889.3 22245.45 1242.81 5.59
1892.7 22073.02 1106.75 5.01
1896.2 21956.57 1032.23 4.70
1899.7 21800.31 1026.67 4.71
1903.1 21719.54 1073.69 4.94
1906.6 21807.87 1171.43 5.37
1910.0 22098.88 1396.82 6.32
1913.5 22634.73 1753.98 7.75
1917.0 23151.98 2326.28 10.05
1920.4 23436.08 2865.95 12.23
1923.8 23677.97 3034.25 12.81
1871.2 20787.15 1945.93 9.36
1873.9 20907.54 1782.56 8.53
1876.7 21048.38 1597.60 7.59
1879.5 21252.88 1343.08 6.32
1882.3 20993.42 1064.56 5.07
1885.1 20851.78 879.24 4.22
1887.8 20921.79 725.71 3.47
1890.6 20723.54 623.73 3.01
1893.4 20650.67 506.00 2.45
1896.2 20581.86 419.48 2.04
1898.9 20516.13 423.94 2.07
1901.7 20380.18 364.46 1.79
1904.5 20546.36 280.37 1.36
1907.2 20463.00 299.25 1.46
1910.0 20358.58 315.60 1.55
1912.7 20364.96 264.22 1.30
1915.5 20273.08 229.56 1.13
1918.2 20210.43 232.59 1.15
1921.0 20079.87 240.68 1.20
1923.7 20126.73 253.46 1.26
1926.5 20096.89 240.99 1.20
1929.2 20080.15 240.50 1.20
1932.0 20066.00 249.64 1.24
1934.7 20016.92 250.13 1.25
1937.4 19925.11 248.13 1.25
1940.2 19881.39 258.16 1.30
1942.9 19959.98 252.74 1.27
1945.6 19965.22 253.68 1.27
1948.3 19894.11 267.74 1.35
1951.1 19862.99 267.89 1.35
1953.8 19866.00 276.00 1.39
1956.5 19752.03 260.57 1.32
1959.2 19805.76 263.12 1.33
1961.9 19837.86 277.14 1.40
1964.6 19745.08 288.58 1.46
1967.3 19784.70 314.47 1.59
1970.0 19621.84 316.72 1.61
1972.8 19538.55 329.47 1.69
1975.5 19602.81 336.57 1.72
1978.2 19540.64 318.28 1.63
1980.9 19419.73 346.89 1.79
1983.5 19352.05 378.08 1.95
1986.2 19366.05 375.39 1.94
1988.9 19348.59 384.12 1.99
1991.6 19202.00 405.53 2.11
1994.3 19065.89 415.92 2.18
1997.0 19096.32 418.08 2.19
1999.7 19065.00 439.37 2.30
2002.3 19034.90 466.02 2.45
2005.0 18965.86 497.66 2.62
2007.7 18877.00 510.27 2.70
2010.4 18811.60 499.63 2.66
2013.0 18774.16 520.64 2.77
2015.7 18678.28 525.71 2.81
2018.4 18548.96 530.46 2.86
2021.0 18504.50 586.50 3.17
2023.7 18401.60 607.73 3.30
2026.4 18333.68 597.13 3.26
2029.0 18267.40 618.57 3.39
2031.7 18144.97 625.30 3.45
2034.3 18142.15 642.20 3.54
2037.0 18035.71 672.79 3.73
2039.6 17974.39 672.39 3.74
2042.3 17908.74 674.00 3.76
2044.9 17825.78 706.86 3.97
2047.5 17820.17 715.28 4.01
2050.2 17715.60 705.60 3.98
2052.8 17679.20 719.60 4.07
2055.4 17538.43 734.04 4.19
2058.1 17416.00 739.20 4.24
2060.7 17404.47 768.63 4.42
2063.3 17299.63 777.48 4.49
2065.9 17230.17 778.88 4.52
2068.6 17165.96 795.63 4.63
2071.2 17119.44 803.52 4.69
2073.8 17041.85 819.91 4.81
2076.4 16999.98 842.00 4.95
2079.0 17011.74 859.86 5.05
2081.6 16984.09 863.69 5.09
2084.2 16930.00 857.79 5.07
2086.8 16834.24 876.78 5.21
2089.4 16742.01 893.55 5.34
2092.1 16637.33 878.33 5.28
2094.7 16574.28 915.30 5.52
2097.2 16549.50 926.50 5.60
2099.8 16541.98 919.47 5.56
2102.4 16400.35 921.24 5.62
2105.0 16267.80 926.25 5.69
2107.6 16238.35 928.56 5.72
2110.2 16217.39 943.43 5.82
2112.8 16200.74 962.08 5.94
2115.3 16182.65 969.92 5.99
2117.9 16188.40 992.37 6.13
2120.5 16181.17 982.36 6.07
2123.1 16113.83 985.73 6.12
2125.6 16056.05 1001.49 6.24
2128.2 15953.26 995.07 6.24
2130.8 15859.35 988.65 6.23
2133.3 15825.33 1014.93 6.41
2135.9 15723.21 1006.05 6.40
2138.4 15584.92 998.92 6.41
2141.0 15487.96 1007.85 6.51
2143.6 15482.13 999.70 6.46
2146.1 15358.67 1004.91 6.54
2148.7 15182.57 1013.15 6.67
2151.2 15188.80 1020.80 6.72
2153.8 15199.37 1041.94 6.86
2156.3 15064.95 1039.57 6.90
2158.8 14994.07 1039.57 6.93
2161.4 14983.43 1058.45 7.06
2163.9 14894.98 1067.30 7.17
2166.4 14806.99 1058.49 7.15
2169.0 14777.42 1064.40 7.20
2171.5 14688.72 1070.31 7.29
2174.0 14586.43 1082.90 7.42
2176.5 14576.25 1106.30 7.59
2179.1 14537.32 1087.21 7.48
2181.6 14435.75 1076.75 7.46
2184.1 14405.16 1111.88 7.72
2186.6 14458.30 1110.97 7.68
2189.1 14358.33 1081.77 7.53
2191.6 14308.00 1123.73 7.85
2194.1 14339.64 1136.01 7.92
2196.6 14340.73 1127.69 7.86
2199.2 14399.84 1140.69 7.92
2201.7 14323.09 1124.64 7.85
2204.1 14264.18 1139.82 7.99
2206.6 14278.44 1167.49 8.18
2209.1 14246.74 1143.07 8.02
2211.6 14236.93 1138.19 7.99
2214.1 14172.61 1186.12 8.37
2216.6 14103.21 1166.09 8.27
2219.1 14137.40 1135.70 8.03
2221.6 14080.86 1153.42 8.19
2224.0 14024.61 1154.43 8.23
2226.5 13983.38 1130.09 8.08
2229.0 13981.89 1142.00 8.17
2231.5 13918.22 1118.36 8.04
2233.9 13896.33 1096.78 7.89
2236.4 13868.98 1119.40 8.07
2238.9 13826.00 1116.00 8.07
2241.3 13828.76 1099.93 7.95
2243.8 13758.80 1084.38 7.88
2246.2 13610.98 1046.70 7.69
2248.7 13571.61 1010.45 7.45
2251.2 13563.12 1022.33 7.54
2253.6 13482.24 994.56 7.38
2256.1 13474.56 979.20 7.27
2258.5 13495.78 964.26 7.14
2260.9 13407.16 924.24 6.89
2263.4 13372.75 902.01 6.75
2265.8 13367.17 884.73 6.62
2268.3 13288.30 881.27 6.63
2270.7 13342.05 875.14 6.56
2273.1 13272.94 866.71 6.53
2275.6 13194.24 814.08 6.17
2278.0 13232.60 795.57 6.01
2280.4 13249.81 800.45 6.04
2282.8 13117.21 778.21 5.93
2285.3 13103.68 766.00 5.85
2287.7 13191.09 769.29 5.83
2290.1 13097.39 759.04 5.80
2292.5 13047.88 730.17 5.60
2294.9 13056.31 707.35 5.42
2297.3 12972.40 684.22 5.27
2299.7 12875.52 694.91 5.40
2302.1 12826.01 675.67 5.27
2304.5 12696.88 662.48 5.22
2306.9 12602.80 615.44 4.88
2309.3 12519.08 591.67 4.73
2311.7 12473.65 624.08 5.00
2314.1 12315.17 606.50 4.92
2316.5 12229.76 594.94 4.86
2318.9 12290.12 595.19 4.84
2321.3 12265.32 574.44 4.68
2323.7 12235.57 559.07 4.57
2326.1 12214.93 576.29 4.72
2328.4 12270.09 549.23 4.48
2330.8 12319.08 564.42 4.58
2333.2 12235.57 535.38 4.38
2335.6 12168.54 498.20 4.09
2337.9 12202.83 534.19 4.38
2340.3 12141.58 495.40 4.08
2342.7 12039.09 473.95 3.94
2345.0 12013.82 475.63 3.96
2347.4 11993.50 454.75 3.79
2349.7 11798.34 448.53 3.80
2352.1 11775.76 454.56 3.86
2354.4 11820.42 429.83 3.64
2356.8 11728.38 440.30 3.75
2359.2 11704.33 472.33 4.04
2361.5 11645.74 436.33 3.75
2363.8 11633.53 408.43 3.51
2366.2 11660.03 414.85 3.56
2368.5 11627.85 427.20 3.67
2370.9 11603.83 389.18 3.35
2373.2 11533.95 404.70 3.51
2375.5 11398.48 380.10 3.33
2377.9 11373.04 337.32 2.97
2380.2 11408.35 357.37 3.13
2382.5 11308.30 372.20 3.29
2384.8 11261.28 348.00 3.09
2387.2 11252.00 342.25 3.04
2389.5 11242.29 344.68 3.07
2391.8 11232.13 318.47 2.84
2394.1 11132.13 326.29 2.93
2396.4 11089.46 314.49 2.84
2398.7 11160.99 297.17 2.66
2401.0 11096.58 291.76 2.63
2403.3 10926.12 293.82 2.69
2405.6 10921.36 284.91 2.61
2407.9 10891.74 270.54 2.48
2410.2 10793.71 260.69 2.42
2412.5 10752.81 254.08 2.36
2414.8 10737.29 225.94 2.10
2417.1 10694.97 221.95 2.08
2419.4 10638.82 250.08 2.35
2421.7 10597.44 252.32 2.38
2424.0 10571.95 253.60 2.40
2426.2 10576.95 224.70 2.12
2428.5 10508.39 200.11 1.90
2430.8 10485.80 239.80 2.29
2433.1 10443.79 232.33 2.22
2435.4 10361.94 223.80 2.16
2437.6 10328.37 190.23 1.84
2439.9 10224.92 179.68 1.76
2442.2 10193.49 238.91 2.34
2444.4 10223.13 189.53 1.85
2446.7 10173.28 157.68 1.55
2448.9 10197.11 165.81 1.63
2451.2 10173.72 125.16 1.23
2453.4 10028.37 132.59 1.32
2455.7 9998.26 152.04 1.52
2457.9 9908.42 134.31 1.36
2460.2 9870.17 129.47 1.31
2462.4 9896.64 143.52 1.45
2464.7 9834.69 113.55 1.15
2466.9 9751.98 115.56 1.18
2469.2 9722.50 142.60 1.47
2471.4 9624.29 131.30 1.36
2473.6 9553.77 113.82 1.19
2475.9 9536.85 142.24 1.49
2478.1 9427.70 177.62 1.88
2480.3 9377.37 139.23 1.48
2482.5 9321.43 135.82 1.46
2484.8 9240.44 101.94 1.10
2487.0 9258.33 81.47 0.88
2489.2 9302.30 128.15 1.38
2491.4 9183.58 161.39 1.76
2493.6 9147.34 62.71 0.69
2495.8 9177.35 55.43 0.60
2498.0 9103.79 145.92 1.60
2500.2 9132.70 117.95 1.29
2502.4 9403.92 159.84 1.70
2504.6 9512.07 150.24 1.58
2506.8 9585.80 97.42 1.02
