/*** Spectra Vista SIG Data ***/
name= \My Documents\HR1024_Data\GT2.
instrument= HR: 1091052
integration= 200, 60, 30, 200, 60, 30
scan time= 1, 1
scan settings= AD, AI, AD, AI
external data set1= 8224, 8224, 8224, 8224, 8224, 8224, 8224, 8224, 8224, 8224, 8224, 8224, 8224, 8224, 8224, 8224
external data set2= 8224, 8224, 8224, 8224, 8224, 8224, 8224, 8224, 8224, 8224, 8224, 8224, 8224, 8224, 8224, 8224
external data dark= 0,0,0,0,0,0,0,0
external data mask= 0
optic= LENS4 , LENS4 
temp= 31.05, 8.88, -5.37, 40.56, 8.88, -5.30
battery= 7.7, 7.1
error= 0, 0
units= Radiance, Radiance
time= 1/12/08 9:49:29 AM, 1/12/08 10:15:05 AM
longitude= , 
latitude= , 
gpstime= , 
comm= 
memory slot= 0, 0
factors= 
data= 
346.4 468.20 178.36 38.10
347.9 473.76 181.98 38.41
349.5 521.04 174.72 33.53
351.1 558.48 187.20 33.52
352.6 585.06 183.43 31.35
354.2 625.05 202.90 32.46
355.7 673.50 205.42 30.50
357.3 724.71 218.45 30.14
358.8 751.43 220.19 29.30
360.4 798.47 235.67 29.52
361.9 821.87 233.33 28.39
363.5 851.78 225.06 26.42
365.1 887.68 218.45 24.61
366.6 918.37 227.87 24.81
368.2 973.68 228.31 23.45
369.7 1008.89 238.35 23.62
371.3 1073.36 243.65 22.70
372.8 1148.72 239.04 20.81
374.4 1191.49 240.30 20.17
375.9 1247.87 251.56 20.16
377.4 1278.23 253.70 19.85
379.0 1330.29 248.24 18.66
380.5 1360.26 252.36 18.55
382.1 1412.49 239.36 16.95
383.6 1460.03 246.65 16.89
385.2 1529.00 244.75 16.01
386.7 1608.26 249.09 15.49
388.3 1679.42 269.03 16.02
389.8 1759.55 260.78 14.82
391.3 1843.67 281.29 15.26
392.9 1897.62 287.35 15.14
394.4 1955.58 296.75 15.17
395.9 2019.02 320.28 15.86
397.5 2131.80 339.15 15.91
399.0 2240.25 358.44 16.00
400.6 2303.62 319.79 13.88
402.1 2342.64 325.08 13.88
403.6 2375.92 323.66 13.62
405.1 2451.81 326.76 13.33
406.7 2542.40 331.52 13.04
408.2 2650.73 347.49 13.11
409.7 2746.24 362.88 13.21
411.3 2843.51 367.20 12.91
412.8 2936.43 388.68 13.24
414.3 3034.90 401.39 13.23
415.8 3152.50 430.00 13.64
417.4 3253.58 442.75 13.61
418.9 3339.60 447.81 13.41
420.4 3424.70 463.61 13.54
421.9 3487.22 459.80 13.19
423.5 3546.87 467.00 13.17
425.0 3613.98 469.73 13.00
426.5 3695.85 481.60 13.03
428.0 3801.23 484.39 12.74
429.5 3926.30 495.73 12.63
431.1 4071.24 508.91 12.50
432.6 4225.66 526.77 12.47
434.1 4373.60 546.70 12.50
435.6 4514.36 555.35 12.30
437.1 4642.95 583.05 12.56
438.6 4769.06 591.47 12.40
440.1 4906.69 608.63 12.40
441.6 5042.30 636.80 12.63
443.1 5179.95 656.10 12.67
444.7 5318.34 682.26 12.83
446.2 5433.01 703.07 12.94
447.7 5551.25 737.87 13.29
449.2 5676.48 758.16 13.36
450.7 5788.64 773.76 13.37
452.2 5916.62 789.93 13.35
453.7 6028.91 812.05 13.47
455.2 6201.73 836.47 13.49
456.7 6390.56 865.92 13.55
458.2 6607.30 896.47 13.57
459.7 6823.25 931.00 13.64
461.2 7031.76 961.93 13.68
462.7 7219.07 997.03 13.81
464.2 7396.86 1015.65 13.73
465.7 7583.22 1049.52 13.84
467.2 7742.35 1068.38 13.80
468.7 7912.00 1094.00 13.83
470.2 8015.91 1132.22 14.12
471.7 8177.13 1168.50 14.29
473.2 8446.52 1210.20 14.33
474.6 8688.33 1220.44 14.05
476.1 8747.12 1212.64 13.86
477.6 8779.39 1211.69 13.80
479.1 8829.54 1226.95 13.90
480.6 8916.06 1247.09 13.99
482.1 9046.91 1270.76 14.05
483.6 9204.08 1301.87 14.14
485.1 9394.00 1338.65 14.25
486.6 9626.34 1375.66 14.29
488.0 9867.00 1415.38 14.34
489.5 10130.90 1469.65 14.51
491.0 10387.73 1520.59 14.64
492.5 10649.88 1585.98 14.89
494.0 10928.34 1661.16 15.20
495.4 11158.95 1729.20 15.50
496.9 11406.10 1808.61 15.86
498.4 11649.48 1897.29 16.29
499.9 11878.23 1990.58 16.76
501.4 12101.58 2094.00 17.30
502.8 12308.24 2204.99 17.91
504.3 12497.40 2331.00 18.65
505.8 12681.02 2456.16 19.37
507.2 12808.72 2580.96 20.15
508.7 12896.48 2719.17 21.08
510.2 12964.78 2870.81 22.14
511.6 13008.39 3008.46 23.13
513.1 13093.74 3175.26 24.25
514.6 13195.49 3334.20 25.27
516.0 13281.41 3515.09 26.47
517.5 13429.99 3716.04 27.67
519.0 13603.01 3933.69 28.92
520.5 13772.72 4155.76 30.17
521.9 13993.28 4386.00 31.34
523.4 14243.35 4627.10 32.49
524.8 14493.24 4875.46 33.64
526.3 14778.04 5119.69 34.64
527.8 15074.01 5361.21 35.57
529.2 15339.71 5595.38 36.48
530.7 15629.94 5821.31 37.24
532.1 15903.48 6031.55 37.93
533.6 16214.37 6246.08 38.52
535.0 16534.98 6458.76 39.06
536.5 16856.03 6663.85 39.53
538.0 17178.24 6859.52 39.93
539.4 17501.02 7052.57 40.30
540.9 17879.62 7254.92 40.58
542.3 18237.67 7433.86 40.76
543.8 18504.51 7559.57 40.85
545.2 18600.74 7651.48 41.14
546.6 18637.00 7719.64 41.42
548.1 18690.38 7787.34 41.66
549.5 18745.60 7862.63 41.94
551.0 18790.92 7907.30 42.08
552.4 18868.34 7969.79 42.24
553.9 18922.09 7997.72 42.27
555.3 18999.63 8029.13 42.26
556.8 19143.87 8080.25 42.21
558.2 19276.31 8113.50 42.09
559.6 19441.66 8143.52 41.89
561.1 19660.88 8186.75 41.64
562.5 19883.82 8233.65 41.41
564.0 20177.05 8287.97 41.08
565.4 20444.07 8316.95 40.68
566.8 20774.24 8355.54 40.22
568.3 21077.79 8375.14 39.73
569.7 21403.31 8379.34 39.15
571.1 21706.83 8380.49 38.61
572.6 22010.94 8370.54 38.03
574.0 22299.75 8353.95 37.46
575.4 22570.31 8336.25 36.93
576.9 22820.49 8317.73 36.45
578.3 23040.88 8285.06 35.96
579.7 23243.15 8267.74 35.57
581.1 23410.31 8232.45 35.17
582.6 23592.46 8205.28 34.78
584.0 23735.52 8159.88 34.38
585.4 23971.18 8158.18 34.03
586.8 24286.87 8169.91 33.64
588.3 24642.54 8199.36 33.27
589.7 24935.04 8227.44 33.00
591.1 25126.37 8230.85 32.76
592.5 25213.30 8212.88 32.57
594.0 25248.06 8182.92 32.41
595.4 25246.58 8153.20 32.29
596.8 25248.80 8118.83 32.16
598.2 25256.70 8098.18 32.06
599.6 25254.00 8064.72 31.93
601.0 25321.45 8049.18 31.79
602.4 25392.58 8018.50 31.58
603.9 25508.50 8009.40 31.40
605.3 25652.08 7996.54 31.17
606.7 25770.60 7965.00 30.91
608.1 26003.60 7961.61 30.62
609.5 26249.20 7956.28 30.31
610.9 26543.12 7948.13 29.94
612.3 26820.62 7944.76 29.62
613.7 27191.20 7960.56 29.28
615.1 27470.34 7942.86 28.91
616.5 27748.85 7938.33 28.61
617.9 28163.94 7961.22 28.27
619.3 28559.37 7984.88 27.96
620.7 29021.55 8020.09 27.63
622.1 29524.34 8136.28 27.56
623.5 30070.32 8327.41 27.69
624.9 30686.25 8562.75 27.90
626.3 31117.56 8752.78 28.13
627.7 30854.43 8730.50 28.30
629.1 30617.27 8694.21 28.40
630.5 30534.25 8668.61 28.39
631.9 30583.88 8644.40 28.26
633.3 30636.73 8604.92 28.09
634.7 30802.72 8542.15 27.73
636.1 30887.16 8477.80 27.45
637.5 30991.21 8375.40 27.03
638.9 31137.59 8255.99 26.51
640.2 31275.86 8092.40 25.87
641.6 31334.94 7864.74 25.10
643.0 31307.82 7613.88 24.32
644.4 31297.86 7367.02 23.54
645.8 31223.60 7056.74 22.60
647.2 31327.01 6812.26 21.75
648.5 31378.61 6587.78 20.99
649.9 31215.99 6223.43 19.94
651.3 31061.55 5857.35 18.86
652.7 30880.50 5620.20 18.20
654.1 30705.72 5603.88 18.25
655.5 30448.41 5629.53 18.49
656.8 30219.54 5624.49 18.61
658.2 30347.48 5627.80 18.54
659.6 30667.01 5607.22 18.28
660.9 30915.41 5568.47 18.01
662.3 31175.28 5512.13 17.68
663.7 31418.10 5445.30 17.33
665.0 31622.76 5374.93 17.00
666.4 31821.65 5298.79 16.65
667.8 32088.83 5258.75 16.39
669.1 32304.87 5224.98 16.17
670.5 32567.66 5206.33 15.99
671.9 32723.64 5187.72 15.85
673.2 32957.22 5206.57 15.80
674.6 33165.65 5240.25 15.80
676.0 33416.99 5295.24 15.85
677.3 33670.84 5377.87 15.97
678.7 33959.63 5512.25 16.23
680.0 34360.72 5689.62 16.56
681.4 34770.40 5934.03 17.07
682.8 35166.95 6219.85 17.69
684.1 35575.02 6596.46 18.54
685.5 35948.61 7075.36 19.68
686.8 36307.14 7653.06 21.08
688.2 36654.12 8355.85 22.80
689.5 36792.82 9134.39 24.83
690.9 36894.22 10004.74 27.12
692.2 37000.50 10967.55 29.64
693.6 37086.31 12004.91 32.37
694.9 37102.94 13089.12 35.28
696.2 37172.03 14236.43 38.30
697.6 37238.58 15429.43 41.43
698.9 37321.68 16624.08 44.54
700.3 37412.04 17819.58 47.63
701.6 37521.51 19003.98 50.65
703.0 37648.39 20182.25 53.61
704.3 37727.46 21290.59 56.43
705.6 37779.39 22336.74 59.12
707.0 37853.11 23340.17 61.66
708.3 37804.36 24247.94 64.14
709.6 37779.31 25107.83 66.46
711.0 37700.05 25885.73 68.66
712.3 37603.29 26591.13 70.71
713.6 37599.66 27347.88 72.73
714.9 37564.50 28025.25 74.61
716.3 37606.65 28730.79 76.40
717.6 37655.10 29416.73 78.12
718.9 37643.31 29996.97 79.69
720.2 37519.65 30479.26 81.24
721.6 37437.79 30940.52 82.65
722.9 37295.06 31290.50 83.90
724.2 37099.21 31519.90 84.96
725.5 36957.59 31781.34 85.99
726.8 36833.83 32029.91 86.96
728.1 36764.75 32302.73 87.86
729.5 36694.32 32516.40 88.61
730.8 36660.60 32707.65 89.22
732.1 36590.42 32850.62 89.78
733.4 36549.03 33014.37 90.33
734.7 36509.02 33128.31 90.74
736.0 36510.50 33283.19 91.16
737.3 36452.29 33369.11 91.54
738.6 36538.42 33596.00 91.95
739.9 36706.85 33863.57 92.25
741.2 36841.35 34114.08 92.60
742.5 37078.82 34442.70 92.89
743.8 37494.19 34912.76 93.12
745.1 38118.44 35581.64 93.34
746.4 38876.11 36382.26 93.59
747.7 39639.96 37256.33 93.99
749.0 40400.48 38126.41 94.37
750.3 40850.46 38687.04 94.70
751.6 40764.46 38728.33 95.01
752.9 40356.61 38381.23 95.11
754.2 39863.99 37976.09 95.26
755.4 39350.05 37489.87 95.27
756.7 39155.03 37345.46 95.38
758.0 39142.09 37365.40 95.46
759.3 39351.46 37610.11 95.57
760.6 39645.76 37902.48 95.60
761.9 39928.94 38217.43 95.71
763.1 40078.15 38398.36 95.81
764.4 40287.45 38641.37 95.91
765.7 40433.25 38814.75 96.00
767.0 40515.07 38969.50 96.19
768.2 40595.52 39103.68 96.33
769.5 40644.33 39181.64 96.40
770.8 40787.04 39373.15 96.53
772.0 40799.41 39413.31 96.60
773.3 40833.29 39502.13 96.74
774.6 40907.98 39644.64 96.91
775.8 40955.53 39781.95 97.13
777.1 40964.33 39842.60 97.26
778.4 40867.87 39831.38 97.46
779.6 40816.98 39806.97 97.53
780.9 40688.00 39732.00 97.65
782.1 40484.72 39588.77 97.79
783.4 40464.32 39632.32 97.94
784.6 40463.12 39662.76 98.02
785.9 40670.74 39925.92 98.17
787.1 41171.80 40465.67 98.28
788.4 41528.97 41026.37 98.79
789.6 41482.13 41226.75 99.38
790.9 41134.16 40965.44 99.59
792.1 40655.28 40523.52 99.68
793.4 40180.32 40108.43 99.82
794.6 39846.60 39870.15 100.06
795.8 39587.54 39680.24 100.23
797.1 39290.10 39422.78 100.34
798.3 39054.26 39267.53 100.55
799.5 38943.25 39205.55 100.67
800.8 38778.22 39126.07 100.90
802.0 38618.88 39039.24 101.09
803.2 38465.20 38926.24 101.20
804.5 38332.71 38866.37 101.39
805.7 38219.65 38789.48 101.49
806.9 38073.35 38702.33 101.65
808.1 37984.05 38640.90 101.73
809.4 37906.28 38605.05 101.84
810.6 37824.15 38543.05 101.90
811.8 37796.29 38518.74 101.91
813.0 37827.58 38541.74 101.89
814.2 37840.50 38575.99 101.94
815.4 37955.24 38736.27 102.06
816.6 38027.91 38809.60 102.06
817.9 38102.35 38885.28 102.05
819.1 38072.96 38858.56 102.06
820.3 37949.69 38738.45 102.08
821.5 37894.61 38666.93 102.04
822.7 37866.54 38585.70 101.90
823.9 37906.28 38570.02 101.75
825.1 37943.15 38558.08 101.62
826.3 38020.73 38538.57 101.36
827.5 38108.05 38521.87 101.09
828.7 38176.32 38522.88 100.91
829.9 38262.68 38491.31 100.60
831.0 38386.63 38533.67 100.38
832.2 38533.16 38542.41 100.02
833.4 38634.36 38569.23 99.83
834.6 38746.88 38615.63 99.66
835.8 38872.58 38650.50 99.43
837.0 39026.76 38693.03 99.14
838.1 39200.00 38824.23 99.04
839.3 39334.99 38921.04 98.95
840.5 39499.16 39016.02 98.78
841.7 39675.29 39120.84 98.60
842.9 39834.34 39230.72 98.48
844.0 40002.80 39332.65 98.32
845.2 40188.33 39478.57 98.23
846.4 40315.24 39595.33 98.21
847.5 40575.08 39811.28 98.12
848.7 40794.29 40041.54 98.15
849.9 41043.27 40252.87 98.07
851.0 41176.72 40390.68 98.09
852.2 41283.01 40493.75 98.09
853.3 41336.03 40527.85 98.04
854.5 41385.60 40565.31 98.02
855.6 41408.01 40545.72 97.92
856.8 41491.09 40549.08 97.73
857.9 41535.42 40597.15 97.74
859.1 41657.80 40709.20 97.72
860.2 41711.76 40688.12 97.55
861.4 41789.90 40732.90 97.47
862.5 41857.52 40792.03 97.45
863.7 41978.22 40850.76 97.31
864.8 42001.40 40850.95 97.26
865.9 42003.19 40788.64 97.11
867.1 42077.89 40838.49 97.05
868.2 42118.25 40832.03 96.95
869.3 42153.63 40862.56 96.94
870.5 42092.46 40754.95 96.82
871.6 42122.53 40729.09 96.69
872.7 42223.14 40771.75 96.56
873.9 42262.83 40752.38 96.43
875.0 42247.20 40699.35 96.34
876.1 42225.11 40622.99 96.21
877.2 42279.84 40611.51 96.05
878.3 42302.12 40597.61 95.97
879.4 42284.06 40538.80 95.87
880.5 42343.92 40555.44 95.78
881.7 42326.05 40483.95 95.65
882.8 42351.34 40559.42 95.77
883.9 42430.09 40547.23 95.56
885.0 42357.32 40529.58 95.68
886.1 42357.47 40451.65 95.50
887.2 42241.92 40302.24 95.41
888.3 42147.85 40214.46 95.41
889.4 42045.32 40038.88 95.23
890.5 41945.29 39937.18 95.21
891.6 41864.40 39816.29 95.11
892.7 41844.69 39754.72 95.01
893.8 41881.85 39701.45 94.79
894.9 41879.31 39624.20 94.62
896.0 41812.69 39582.56 94.67
897.0 41850.92 39515.10 94.42
898.1 41821.61 39490.45 94.43
899.2 41852.54 39452.16 94.26
900.3 41747.94 39306.54 94.15
901.4 41622.41 39171.26 94.11
902.4 41658.53 39158.45 94.00
903.5 41604.82 39009.27 93.76
904.6 41550.72 38982.44 93.82
905.7 41565.54 38917.32 93.63
906.7 41536.49 38819.42 93.46
907.8 41558.34 38788.43 93.33
908.9 41493.73 38656.22 93.16
909.9 41451.58 38552.11 93.01
911.0 41358.23 38435.59 92.93
912.1 41297.17 38297.49 92.74
913.1 41189.72 38156.56 92.64
914.2 41099.85 37932.98 92.29
915.2 41068.89 37832.13 92.12
916.3 41034.15 37747.80 91.99
917.3 40975.74 37631.81 91.84
918.4 40862.80 37413.48 91.56
919.4 40836.29 37290.65 91.32
920.5 40782.84 37177.67 91.16
921.5 40833.45 37047.36 90.73
922.6 40729.18 36842.69 90.46
923.6 40739.49 36716.63 90.13
924.7 40774.75 36560.75 89.67
925.7 40746.72 36359.28 89.23
926.7 40808.40 36211.97 88.74
927.8 40839.01 36106.79 88.41
928.8 40966.59 36031.80 87.95
929.9 41048.46 35927.29 87.52
930.9 41217.18 35873.79 87.04
931.9 41378.61 35819.95 86.57
932.9 41679.25 35886.26 86.10
934.0 41702.58 35679.79 85.56
935.0 41757.18 35453.54 84.90
936.0 41670.71 35250.72 84.59
937.0 41632.50 34947.51 83.94
938.1 41580.55 34676.34 83.40
939.1 41508.45 34454.17 83.01
940.1 41591.64 34259.08 82.37
941.1 41779.29 34225.56 81.92
942.1 41991.60 34155.67 81.34
943.1 42156.63 34077.88 80.84
944.1 42391.18 33943.80 80.07
945.2 42445.20 33760.86 79.54
946.2 42493.04 33627.68 79.14
947.2 42572.63 33437.50 78.54
948.2 42750.54 33273.08 77.83
949.2 42846.38 33039.50 77.11
950.2 42880.60 32792.70 76.47
951.2 42968.52 32558.40 75.77
952.2 43001.40 32367.27 75.27
953.2 43164.71 32281.11 74.79
954.2 43310.48 32079.60 74.07
955.2 43368.34 31846.46 73.43
956.2 43301.73 31591.79 72.96
957.2 43392.87 31530.88 72.66
958.2 43492.10 31391.94 72.18
959.2 43506.45 31302.00 71.95
960.1 43588.22 31197.66 71.57
961.1 43692.83 31107.20 71.20
962.1 43658.44 30975.94 70.95
963.1 43782.00 30939.28 70.67
964.1 43817.42 30855.23 70.42
965.1 43908.74 30998.92 70.60
966.1 44007.38 30925.17 70.27
967.0 44141.86 30870.98 69.94
968.0 44131.86 30869.44 69.95
969.0 44255.20 30987.20 70.02
970.0 44255.36 31033.94 70.12
971.0 44316.83 30987.60 69.92
971.9 44400.90 30962.54 69.73
972.9 44577.14 31078.60 69.72
973.9 44494.78 31169.45 70.05
974.9 44573.29 31214.77 70.03
975.8 44702.44 31391.05 70.22
976.8 44666.28 31437.38 70.38
977.8 44950.93 31443.35 69.95
978.8 44877.90 31564.35 70.33
979.7 45104.10 31792.89 70.49
980.7 45212.81 31891.53 70.54
981.7 45433.99 32086.40 70.62
982.6 45657.51 32358.74 70.87
983.6 46147.45 32372.89 70.15
984.6 46551.05 33147.25 71.21
985.5 47031.84 33692.40 71.64
986.5 47664.14 34226.49 71.81
987.5 48852.12 34828.90 71.29
988.4 49722.20 36064.60 72.53
989.4 51183.38 36951.90 72.20
990.4 52549.20 38536.08 73.33
991.3 54023.93 40390.13 74.76
992.3 54777.10 41082.83 75.00
993.2 55874.36 42410.66 75.90
994.2 57686.85 43771.16 75.88
995.2 57633.14 45602.92 79.13
996.1 59292.71 46150.51 77.84
997.1 59931.56 46251.53 77.17
998.0 60640.20 47621.40 78.53
999.0 59258.53 47334.56 79.88
1000.0 60377.42 48001.92 79.50
1000.9 59810.48 48792.76 81.58
1001.9 59598.95 49463.07 82.99
1002.8 60212.52 47250.10 78.47
1003.8 59788.51 48441.79 81.02
1004.8 59326.80 47461.44 80.00
961.5 55398.21 32388.14 58.46
965.5 54418.85 31986.00 58.78
969.5 52458.23 31449.16 59.95
973.4 50487.36 30743.20 60.89
977.4 48611.32 30182.73 62.09
981.4 47578.80 30265.24 63.61
985.3 47203.20 30682.08 65.00
989.3 47137.31 31290.27 66.38
993.3 47133.16 31884.68 67.65
997.2 47029.21 32326.63 68.74
1001.2 46955.35 32734.39 69.71
1005.2 46914.32 33133.85 70.63
1009.1 47038.13 33621.17 71.48
1013.1 47236.75 34233.27 72.47
1017.1 47375.30 34882.55 73.63
1021.0 47429.61 35447.45 74.74
1025.0 47461.87 36001.95 75.85
1029.0 47354.18 36432.12 76.94
1032.9 47271.77 36867.61 77.99
1036.9 47308.70 37377.90 79.01
1040.9 47476.08 37933.84 79.90
1044.8 47747.63 38523.72 80.68
1048.8 47970.59 39084.78 81.48
1052.7 48104.60 39558.25 82.23
1056.7 48183.46 39856.51 82.72
1060.7 48250.82 40094.23 83.10
1064.6 48272.17 40280.73 83.45
1068.6 48190.54 40308.21 83.64
1072.5 48116.11 40261.70 83.68
1076.5 48076.67 40189.26 83.59
1080.4 48048.88 40067.41 83.39
1084.4 48150.59 39982.68 83.04
1088.3 48279.53 39857.12 82.55
1092.3 48252.92 39543.90 81.95
1096.2 48221.83 39192.46 81.28
1100.2 48245.69 38871.25 80.57
1104.1 48124.97 38405.81 79.80
1108.1 48059.38 37994.80 79.06
1112.0 47955.87 37526.85 78.25
1116.0 47754.46 36945.87 77.37
1119.9 47569.76 36325.22 76.36
1123.9 47623.80 35711.09 74.99
1127.8 47592.96 34790.40 73.10
1131.8 47556.42 33592.77 70.64
1135.7 47568.82 32228.94 67.75
1139.6 47554.30 30745.01 64.65
1143.6 47510.71 29299.97 61.67
1147.5 47481.98 28076.27 59.13
1151.4 47337.52 27023.50 57.09
1155.4 47322.86 26343.10 55.67
1159.3 47329.81 25910.14 54.74
1163.2 47159.49 25525.15 54.13
1167.2 47113.86 25325.16 53.75
1171.1 47117.13 25194.12 53.47
1175.0 47022.16 25024.45 53.22
1179.0 46962.63 24890.54 53.00
1182.9 47045.30 24826.66 52.77
1186.8 47019.62 24712.14 52.56
1190.7 46784.64 24516.68 52.40
1194.7 46508.35 24321.62 52.30
1198.6 46264.68 24192.63 52.29
1202.5 46100.54 24102.01 52.28
1206.4 45962.62 24045.37 52.32
1210.3 45829.98 24044.36 52.46
1214.2 45707.13 24071.10 52.66
1218.2 45554.16 24093.86 52.89
1222.1 45384.95 24140.03 53.19
1226.0 45257.55 24214.36 53.50
1229.9 45156.00 24285.66 53.78
1233.8 45033.17 24334.13 54.04
1237.7 44950.68 24404.09 54.29
1241.6 44841.64 24446.88 54.52
1245.5 44683.61 24455.00 54.73
1249.4 44538.65 24451.18 54.90
1253.3 44401.40 24437.84 55.04
1257.2 44324.52 24429.84 55.12
1261.1 44209.48 24380.68 55.15
1265.0 44086.55 24308.73 55.14
1268.9 43910.05 24185.67 55.08
1272.8 43969.80 24182.25 55.00
1276.7 44155.69 24202.38 54.81
1280.6 44249.88 24131.41 54.53
1284.5 44188.89 23943.60 54.18
1288.4 44167.03 23747.15 53.77
1292.3 44060.50 23474.00 53.28
1296.2 43934.23 23144.99 52.68
1300.1 43787.98 22763.00 51.98
1303.9 43564.57 22306.92 51.20
1307.8 43339.22 21829.00 50.37
1311.7 43109.06 21298.02 49.40
1315.6 42877.90 20723.76 48.33
1319.5 42633.84 20123.32 47.20
1323.3 42417.44 19524.77 46.03
1327.2 42218.70 18937.34 44.86
1331.1 42002.86 18344.68 43.67
1335.0 41739.72 17751.97 42.53
1338.8 41543.11 17210.65 41.43
1342.7 41389.31 16707.68 40.37
1346.5 41042.00 16156.99 39.37
1350.4 40741.74 15684.14 38.50
1354.3 40332.24 15204.65 37.70
1358.1 39895.31 14708.43 36.87
1362.0 39644.33 14268.80 35.99
1365.8 39567.12 13847.10 35.00
1369.7 39683.68 13446.12 33.88
1373.5 39615.26 12948.28 32.69
1377.4 39354.79 12304.28 31.27
1381.2 39167.92 11565.29 29.53
1385.1 39160.09 10782.17 27.53
1389.0 39060.88 9974.24 25.54
1392.8 38834.72 9199.69 23.69
1396.6 38680.88 8527.20 22.04
1400.5 38476.57 7930.70 20.61
1404.3 38299.58 7440.53 19.43
1408.2 38263.03 7070.66 18.48
1412.0 38218.70 6767.22 17.71
1415.8 38249.29 6552.32 17.13
1419.6 38208.11 6388.53 16.72
1423.5 38172.20 6254.88 16.39
1427.3 38125.77 6169.98 16.18
1431.1 38099.78 6114.75 16.05
1434.9 38010.73 6043.31 15.90
1438.8 37949.80 5993.54 15.79
1442.6 37913.52 5954.64 15.71
1446.4 37795.09 5923.85 15.67
1450.2 37700.99 5921.95 15.71
1454.0 37583.52 5914.32 15.74
1457.8 37547.69 5921.17 15.77
1461.6 37527.24 5945.25 15.84
1465.4 37404.28 5968.02 15.96
1469.2 37216.73 5990.08 16.10
1473.0 37080.95 6040.88 16.29
1476.8 37019.78 6120.99 16.53
1480.7 36949.43 6214.83 16.82
1484.4 36826.56 6320.16 17.16
1488.2 36723.96 6445.56 17.55
1492.0 36584.11 6569.59 17.96
1495.8 36452.33 6688.50 18.35
1499.6 36350.05 6789.14 18.68
1503.4 36216.75 6877.73 18.99
1507.2 36087.28 6971.85 19.32
1510.9 35929.91 7052.43 19.63
1514.7 35749.31 7123.53 19.93
1518.5 35615.65 7181.09 20.16
1522.3 35466.30 7230.19 20.39
1526.0 35355.47 7314.43 20.69
1529.8 35294.61 7411.13 21.00
1533.6 35159.29 7490.26 21.30
1537.3 35020.99 7575.16 21.63
1541.1 34889.16 7653.56 21.94
1544.8 34754.40 7665.60 22.06
1548.6 34607.98 7611.06 21.99
1552.4 34514.76 7623.22 22.09
1556.1 34455.77 7815.63 22.68
1559.9 34373.05 8031.87 23.37
1563.6 34243.93 8132.16 23.75
1567.3 34122.03 8202.48 24.04
1571.1 33904.82 8281.58 24.43
1574.8 33749.79 8378.37 24.82
1578.6 33637.37 8453.52 25.13
1582.3 33496.17 8490.51 25.35
1586.0 33359.51 8524.97 25.55
1589.8 33217.24 8572.58 25.81
1593.5 33051.52 8615.97 26.07
1597.2 32917.71 8662.81 26.32
1600.9 32767.31 8689.25 26.52
1604.7 32613.52 8715.68 26.72
1608.4 32493.03 8745.81 26.92
1612.1 32320.35 8763.74 27.12
1615.8 32161.00 8793.93 27.34
1619.5 32072.28 8827.83 27.52
1623.2 31915.49 8840.07 27.70
1626.9 31725.78 8845.14 27.88
1630.6 31537.44 8852.36 28.07
1634.3 31397.73 8876.48 28.27
1638.0 31241.74 8889.36 28.45
1641.7 31050.65 8889.80 28.63
1645.4 30870.63 8881.74 28.77
1649.1 30683.95 8864.46 28.89
1652.8 30504.58 8849.22 29.01
1656.4 30322.32 8830.14 29.12
1660.1 30158.02 8812.62 29.22
1663.8 29966.42 8763.94 29.25
1667.5 29809.99 8727.68 29.28
1671.1 29676.54 8692.26 29.29
1674.8 29472.79 8620.44 29.25
1678.5 29413.48 8581.46 29.18
1682.1 29419.35 8549.33 29.06
1685.8 29417.21 8510.80 28.93
1689.5 29310.65 8438.27 28.79
1693.1 29167.59 8347.14 28.62
1696.8 29020.13 8262.63 28.47
1700.4 28874.60 8165.50 28.28
1704.0 28754.23 8061.04 28.03
1707.7 28493.62 7921.00 27.80
1711.3 28200.13 7778.36 27.58
1715.0 27991.44 7651.20 27.33
1718.6 27822.35 7528.23 27.06
1722.2 27677.55 7416.64 26.80
1725.9 27527.50 7306.56 26.54
1729.5 27386.37 7209.60 26.33
1733.1 27262.24 7139.42 26.19
1736.7 27144.69 7081.85 26.09
1740.3 26982.07 7012.56 25.99
1744.0 26899.89 6950.80 25.84
1747.5 26760.07 6855.00 25.62
1751.2 26551.35 6741.76 25.39
1754.8 26397.18 6637.46 25.14
1758.4 26262.14 6548.85 24.94
1762.0 26085.49 6459.86 24.76
1765.5 25956.49 6392.96 24.63
1769.1 25915.20 6352.80 24.51
1772.7 25841.75 6306.71 24.41
1776.3 25724.16 6243.47 24.27
1779.9 25608.69 6179.04 24.13
1783.5 25553.92 6140.48 24.03
1787.0 25434.82 6095.06 23.96
1790.6 25293.30 6043.98 23.90
1794.2 25193.03 6008.11 23.85
1797.8 25095.48 5983.91 23.84
1801.3 25012.46 5968.20 23.86
1804.9 24871.88 5932.50 23.85
1808.4 24792.34 5914.50 23.86
1812.0 24660.35 5877.98 23.84
1815.5 24519.60 5840.78 23.82
1819.1 24324.68 5789.15 23.80
1822.6 24164.48 5748.91 23.79
1826.2 24042.90 5707.58 23.74
1829.7 23859.90 5643.76 23.65
1833.2 23612.46 5578.21 23.62
1836.8 23400.20 5506.87 23.53
1840.3 23257.80 5436.68 23.38
1843.8 23131.92 5361.09 23.18
1847.3 23013.03 5270.92 22.90
1850.8 22865.47 5173.06 22.62
1854.3 22692.74 5057.47 22.29
1857.8 22594.00 4950.40 21.91
1861.3 22615.25 4860.56 21.49
1864.8 22605.64 4759.43 21.05
1868.3 22468.36 4561.25 20.30
1871.8 22341.12 4339.20 19.42
1875.3 22323.21 4122.76 18.47
1878.8 22320.32 3913.40 17.53
1882.3 22237.89 3705.01 16.66
1885.8 22045.10 3509.55 15.92
1889.3 21861.76 3328.06 15.22
1892.7 21710.01 3187.44 14.68
1896.2 21503.16 3067.75 14.27
1899.7 21232.37 3003.55 14.15
1903.1 21059.81 3001.15 14.25
1906.6 21101.81 3048.93 14.45
1910.0 21348.35 3314.83 15.53
1913.5 21771.66 3730.69 17.14
1917.0 22339.63 4246.38 19.01
1920.4 22881.38 4761.18 20.81
1923.8 23136.14 5039.02 21.78
1871.2 20260.60 2689.97 13.28
1873.9 20445.79 2673.85 13.08
1876.7 20658.97 2636.04 12.76
1879.5 20770.50 2411.88 11.61
1882.3 20488.21 2255.42 11.01
1885.1 20498.36 2172.24 10.60
1887.8 20542.45 1987.45 9.67
1890.6 20318.11 1894.59 9.32
1893.4 20320.67 1877.33 9.24
1896.2 20203.65 1746.67 8.65
1898.9 20201.38 1663.64 8.24
1901.7 20074.51 1616.54 8.05
1904.5 20223.67 1608.16 7.95
1907.2 20168.50 1615.00 8.01
1910.0 20030.00 1582.34 7.90
1912.7 20048.69 1565.30 7.81
1915.5 19979.54 1580.60 7.91
1918.2 19877.64 1578.05 7.94
1921.0 19705.09 1557.57 7.90
1923.7 19733.20 1570.79 7.96
1926.5 19715.86 1576.23 7.99
1929.2 19701.76 1568.06 7.96
1932.0 19674.16 1570.52 7.98
1934.7 19635.47 1575.84 8.03
1937.4 19518.79 1563.24 8.01
1940.2 19475.71 1570.47 8.06
1942.9 19573.26 1595.58 8.15
1945.6 19572.62 1603.62 8.19
1948.3 19494.00 1612.47 8.27
1951.1 19465.67 1610.35 8.27
1953.8 19476.00 1629.00 8.36
1956.5 19368.67 1644.26 8.49
1959.2 19423.04 1653.47 8.51
1961.9 19438.54 1674.76 8.62
1964.6 19331.55 1671.95 8.65
1967.3 19375.30 1702.87 8.79
1970.0 19228.16 1719.76 8.94
1972.8 19159.08 1714.99 8.95
1975.5 19219.42 1747.22 9.09
1978.2 19120.16 1749.08 9.15
1980.9 19002.89 1751.92 9.22
1983.5 18950.70 1776.99 9.38
1986.2 18944.10 1778.01 9.39
1988.9 18909.18 1807.11 9.56
1991.6 18787.78 1807.52 9.62
1994.3 18678.85 1810.99 9.70
1997.0 18669.58 1856.87 9.95
1999.7 18631.37 1857.97 9.97
2002.3 18617.79 1866.96 10.03
2005.0 18540.12 1898.60 10.24
2007.7 18469.93 1903.47 10.31
2010.4 18400.48 1918.56 10.43
2013.0 18316.11 1928.91 10.53
2015.7 18226.45 1912.44 10.49
2018.4 18129.14 1937.44 10.69
2021.0 18062.50 1969.17 10.90
2023.7 17946.51 1961.71 10.93
2026.4 17902.73 1963.22 10.97
2029.0 17806.29 1987.85 11.16
2031.7 17677.40 1997.02 11.30
2034.3 17722.47 2002.65 11.30
2037.0 17610.64 2009.91 11.41
2039.6 17527.07 2011.53 11.48
2042.3 17481.88 2007.96 11.49
2044.9 17393.81 2022.41 11.63
2047.5 17348.93 2056.07 11.85
2050.2 17253.60 2041.20 11.83
2052.8 17214.40 2055.20 11.94
2055.4 17090.17 2067.63 12.10
2058.1 16973.60 2046.80 12.06
2060.7 16918.14 2073.89 12.26
2063.3 16842.61 2067.71 12.28
2065.9 16794.67 2068.63 12.32
2068.6 16710.92 2090.96 12.51
2071.2 16664.67 2075.76 12.46
2073.8 16591.32 2073.57 12.50
2076.4 16536.88 2105.00 12.73
2079.0 16525.61 2115.93 12.80
2081.6 16519.89 2121.25 12.84
2084.2 16487.00 2136.00 12.96
2086.8 16353.42 2138.22 13.08
2089.4 16268.28 2133.17 13.11
2092.1 16209.50 2136.33 13.18
2094.7 16113.80 2158.30 13.39
2097.2 16087.67 2164.67 13.46
2099.8 16089.36 2169.16 13.48
2102.4 15953.94 2177.99 13.65
2105.0 15826.05 2163.15 13.67
2107.6 15774.07 2164.73 13.72
2110.2 15742.83 2188.08 13.90
2112.8 15734.02 2196.18 13.96
2115.3 15735.22 2219.85 14.11
2117.9 15738.64 2225.58 14.14
2120.5 15682.70 2224.15 14.18
2123.1 15604.88 2237.63 14.34
2125.6 15567.02 2240.18 14.39
2128.2 15487.92 2238.90 14.46
2130.8 15394.28 2240.55 14.55
2133.3 15347.20 2258.67 14.72
2135.9 15264.31 2241.55 14.68
2138.4 15119.35 2242.41 14.83
2141.0 15032.51 2241.95 14.91
2143.6 14998.41 2228.07 14.86
2146.1 14847.40 2218.44 14.94
2148.7 14686.27 2217.18 15.10
2151.2 14704.80 2217.60 15.08
2153.8 14713.72 2225.16 15.12
2156.3 14589.47 2212.05 15.16
2158.8 14533.35 2188.42 15.06
2161.4 14517.59 2220.10 15.29
2163.9 14426.20 2223.04 15.41
2166.4 14354.62 2202.72 15.35
2169.0 14310.27 2205.67 15.41
2171.5 14227.48 2179.06 15.32
2174.0 14143.15 2186.63 15.46
2176.5 14124.76 2200.64 15.58
2179.1 14082.55 2192.49 15.57
2181.6 13967.33 2174.79 15.57
2184.1 13937.00 2183.72 15.67
2186.6 13993.83 2203.11 15.74
2189.1 13896.09 2160.33 15.55
2191.6 13840.87 2146.20 15.51
2194.1 13877.92 2162.41 15.58
2196.6 13844.81 2150.09 15.53
2199.2 13897.52 2155.79 15.51
2201.7 13871.80 2159.75 15.57
2204.1 13802.39 2151.36 15.59
2206.6 13786.08 2178.32 15.80
2209.1 13743.34 2183.95 15.89
2211.6 13738.26 2169.80 15.79
2214.1 13693.60 2163.15 15.80
2216.6 13643.61 2138.46 15.67
2219.1 13655.01 2127.07 15.58
2221.6 13597.41 2143.15 15.76
2224.0 13563.60 2129.79 15.70
2226.5 13534.39 2092.75 15.46
2229.0 13551.73 2055.60 15.17
2231.5 13416.49 2049.05 15.27
2233.9 13376.81 2074.25 15.51
2236.4 13409.64 2053.52 15.31
2238.9 13341.63 2011.13 15.07
2241.3 13300.17 2001.63 15.05
2243.8 13261.31 1993.86 15.04
2246.2 13153.53 1949.96 14.82
2248.7 13089.53 1947.62 14.88
2251.2 13067.33 1948.57 14.91
2253.6 13017.60 1896.96 14.57
2256.1 12979.20 1893.12 14.59
2258.5 12980.99 1909.31 14.71
2260.9 12912.45 1879.15 14.55
2263.4 12850.74 1838.56 14.31
2265.8 12840.17 1842.55 14.35
2268.3 12768.77 1824.11 14.29
2270.7 12812.36 1800.18 14.05
2273.1 12778.22 1798.62 14.08
2275.6 12710.40 1781.76 14.02
2278.0 12729.12 1775.62 13.95
2280.4 12680.26 1735.60 13.69
2282.8 12544.20 1730.64 13.80
2285.3 12570.98 1718.64 13.67
2287.7 12679.54 1686.96 13.30
2290.1 12579.51 1676.21 13.32
2292.5 12520.09 1619.08 12.93
2294.9 12538.64 1612.28 12.86
2297.3 12458.25 1617.60 12.98
2299.7 12334.59 1563.54 12.68
2302.1 12311.40 1579.19 12.83
2304.5 12214.72 1587.60 13.00
2306.9 12089.28 1528.80 12.65
2309.3 11994.02 1504.64 12.54
2311.7 11939.85 1487.58 12.46
2314.1 11791.37 1445.37 12.26
2316.5 11721.50 1457.80 12.44
2318.9 11765.88 1489.95 12.66
2321.3 11730.50 1497.51 12.77
2323.7 11744.39 1501.49 12.78
2326.1 11719.24 1474.98 12.59
2328.4 11761.55 1472.74 12.52
2330.8 11807.83 1488.76 12.61
2333.2 11712.54 1449.65 12.38
2335.6 11662.03 1415.72 12.14
2337.9 11681.16 1406.41 12.04
2340.3 11629.38 1393.85 11.99
2342.7 11548.22 1417.61 12.28
2345.0 11508.47 1401.40 12.18
2347.4 11492.00 1355.75 11.80
2349.7 11315.65 1362.66 12.04
2352.1 11286.89 1359.40 12.04
2354.4 11296.02 1328.19 11.76
2356.8 11214.70 1316.58 11.74
2359.2 11154.00 1330.33 11.93
2361.5 11109.05 1317.73 11.86
2363.8 11141.66 1295.54 11.63
2366.2 11165.73 1275.45 11.42
2368.5 11089.40 1281.60 11.56
2370.9 11067.03 1274.90 11.52
2373.2 11030.32 1250.07 11.33
2375.5 10914.30 1267.00 11.61
2377.9 10876.18 1239.87 11.40
2380.2 10876.88 1227.89 11.29
2382.5 10821.23 1240.65 11.46
2384.8 10769.44 1211.04 11.25
2387.2 10736.28 1223.66 11.40
2389.5 10704.02 1204.03 11.25
2391.8 10661.73 1169.32 10.97
2394.1 10613.91 1175.59 11.08
2396.4 10610.47 1195.07 11.26
2398.7 10654.34 1178.94 11.07
2401.0 10513.07 1171.97 11.15
2403.3 10428.12 1130.46 10.84
2405.6 10456.51 1104.63 10.56
2407.9 10375.71 1152.30 11.11
2410.2 10317.44 1107.95 10.74
2412.5 10224.31 1082.40 10.59
2414.8 10187.84 1088.62 10.69
2417.1 10204.62 1068.47 10.47
2419.4 10195.97 1068.05 10.48
2421.7 10103.31 1093.39 10.82
2424.0 10048.90 1067.23 10.62
2426.2 10074.05 1032.55 10.25
2428.5 10032.46 1043.81 10.40
2430.8 10006.20 1051.85 10.51
2433.1 9945.94 1028.89 10.34
2435.4 9886.37 1029.48 10.41
2437.6 9830.42 1023.89 10.42
2439.9 9708.34 999.47 10.29
2442.2 9709.99 1018.21 10.49
2444.4 9752.18 976.37 10.01
2446.7 9688.56 957.76 9.89
2448.9 9658.24 994.84 10.30
2451.2 9631.36 959.56 9.96
2453.4 9564.32 940.16 9.83
2455.7 9566.46 960.90 10.04
2457.9 9468.86 958.49 10.12
2460.2 9395.46 943.25 10.04
2462.4 9422.40 936.00 9.93
2464.7 9348.95 902.09 9.65
2466.9 9251.22 918.06 9.92
2469.2 9249.34 907.43 9.81
2471.4 9151.61 886.28 9.68
2473.6 9078.42 910.52 10.03
2475.9 9042.40 833.12 9.21
2478.1 8956.32 874.45 9.76
2480.3 8952.70 911.98 10.19
2482.5 8971.16 814.91 9.08
2484.8 8832.66 873.80 9.89
2487.0 8762.09 859.17 9.81
2489.2 8850.00 806.60 9.11
2491.4 8753.22 837.67 9.57
2493.6 8669.20 768.16 8.86
2495.8 8662.66 791.83 9.14
2498.0 8674.13 762.03 8.79
2500.2 8694.60 716.13 8.24
2502.4 8942.16 763.68 8.54
2504.6 9089.52 751.20 8.26
2506.8 9176.65 740.37 8.07
