/*** Spectra Vista SIG Data ***/
name= \My Documents\HR1024_Data\GT3.
instrument= HR: 1091052
integration= 200, 60, 30, 200, 60, 30
scan time= 1, 1
scan settings= AD, AI, AD, AI
external data set1= 8224, 8224, 8224, 8224, 8224, 8224, 8224, 8224, 8224, 8224, 8224, 8224, 8224, 8224, 8224, 8224
external data set2= 8224, 8224, 8224, 8224, 8224, 8224, 8224, 8224, 8224, 8224, 8224, 8224, 8224, 8224, 8224, 8224
external data dark= 0,0,0,0,0,0,0,0
external data mask= 0
optic= LENS4 , LENS4 
temp= 31.05, 8.88, -5.37, 40.56, 8.94, -5.24
battery= 7.7, 7.1
error= 0, 0
units= Radiance, Radiance
time= 1/12/08 9:49:29 AM, 1/12/08 10:15:32 AM
longitude= , 
latitude= , 
gpstime= , 
comm= 
memory slot= 0, 0
factors= 
data= 
346.4 468.20 171.99 36.73
347.9 473.76 181.98 38.41
349.5 521.04 177.84 34.13
351.1 558.48 187.20 33.52
352.6 585.06 205.56 35.14
354.2 625.05 189.81 30.37
355.7 673.50 208.79 31.00
357.3 724.71 221.92 30.62
358.8 751.43 206.21 27.44
360.4 798.47 218.09 27.31
361.9 821.87 222.88 27.12
363.5 851.78 231.99 27.24
365.1 887.68 242.73 27.34
366.6 918.37 238.22 25.94
368.2 973.68 231.67 23.79
369.7 1008.89 222.02 22.01
371.3 1073.36 240.35 22.39
372.8 1148.72 249.00 21.68
374.4 1191.49 243.64 20.45
375.9 1247.87 254.87 20.42
377.4 1278.23 256.95 20.10
379.0 1330.29 260.97 19.62
380.5 1360.26 252.36 18.55
382.1 1412.49 263.00 18.62
383.6 1460.03 255.15 17.48
385.2 1529.00 258.50 16.91
386.7 1608.26 265.34 16.50
388.3 1679.42 263.60 15.70
389.8 1759.55 279.99 15.91
391.3 1843.67 298.00 16.16
392.9 1897.62 304.42 16.04
394.4 1955.58 308.62 15.78
395.9 2019.02 326.56 16.17
397.5 2131.80 342.38 16.06
399.0 2240.25 342.99 15.31
400.6 2303.62 336.77 14.62
402.1 2342.64 337.98 14.43
403.6 2375.92 328.46 13.82
405.1 2451.81 326.76 13.33
406.7 2542.40 342.72 13.48
408.2 2650.73 345.26 13.03
409.7 2746.24 365.12 13.30
411.3 2843.51 376.38 13.24
412.8 2936.43 402.90 13.72
414.3 3034.90 406.29 13.39
415.8 3152.50 427.50 13.56
417.4 3253.58 445.28 13.69
418.9 3339.60 460.46 13.79
420.4 3424.70 471.08 13.76
421.9 3487.22 469.48 13.46
423.5 3546.87 478.68 13.50
425.0 3613.98 478.72 13.25
426.5 3695.85 488.05 13.21
428.0 3801.23 492.60 12.96
429.5 3926.30 503.63 12.83
431.1 4071.24 520.52 12.79
432.6 4225.66 532.53 12.60
434.1 4373.60 554.40 12.68
435.6 4514.36 572.76 12.69
437.1 4642.95 585.00 12.60
438.6 4769.06 601.29 12.61
440.1 4906.69 618.54 12.61
441.6 5042.30 638.80 12.67
443.1 5179.95 662.18 12.78
444.7 5318.34 686.37 12.91
446.2 5433.01 717.81 13.21
447.7 5551.25 733.55 13.21
449.2 5676.48 766.80 13.51
450.7 5788.64 792.48 13.69
452.2 5916.62 807.62 13.65
453.7 6028.91 832.54 13.81
455.2 6201.73 849.04 13.69
456.7 6390.56 872.96 13.66
458.2 6607.30 913.94 13.83
459.7 6823.25 941.50 13.80
461.2 7031.76 967.22 13.76
462.7 7219.07 1000.61 13.86
464.2 7396.86 1024.80 13.85
465.7 7583.22 1057.03 13.94
467.2 7742.35 1072.23 13.85
468.7 7912.00 1110.00 14.03
470.2 8015.91 1140.83 14.23
471.7 8177.13 1178.00 14.41
473.2 8446.52 1222.62 14.47
474.6 8688.33 1241.53 14.29
476.1 8747.12 1238.08 14.15
477.6 8779.39 1235.18 14.07
479.1 8829.54 1245.62 14.11
480.6 8916.06 1268.81 14.23
482.1 9046.91 1283.10 14.18
483.6 9204.08 1317.32 14.31
485.1 9394.00 1352.07 14.39
486.6 9626.34 1385.55 14.39
488.0 9867.00 1431.63 14.51
489.5 10130.90 1489.03 14.70
491.0 10387.73 1549.61 14.92
492.5 10649.88 1613.52 15.15
494.0 10928.34 1684.05 15.41
495.4 11158.95 1758.90 15.76
496.9 11406.10 1838.67 16.12
498.4 11649.48 1936.22 16.62
499.9 11878.23 2035.24 17.13
501.4 12101.58 2134.14 17.64
502.8 12308.24 2254.62 18.32
504.3 12497.40 2383.20 19.07
505.8 12681.02 2521.95 19.89
507.2 12808.72 2647.47 20.67
508.7 12896.48 2793.77 21.66
510.2 12964.78 2940.47 22.68
511.6 13008.39 3095.17 23.79
513.1 13093.74 3268.76 24.96
514.6 13195.49 3451.64 26.16
516.0 13281.41 3630.95 27.34
517.5 13429.99 3842.33 28.61
519.0 13603.01 4066.60 29.89
520.5 13772.72 4291.88 31.16
521.9 13993.28 4540.80 32.45
523.4 14243.35 4786.60 33.61
524.8 14493.24 5048.23 34.83
526.3 14778.04 5294.31 35.83
527.8 15074.01 5548.12 36.81
529.2 15339.71 5787.26 37.73
530.7 15629.94 6016.18 38.49
532.1 15903.48 6234.38 39.20
533.6 16214.37 6463.04 39.86
535.0 16534.98 6678.79 40.39
536.5 16856.03 6882.48 40.83
538.0 17178.24 7084.00 41.24
539.4 17501.02 7286.50 41.63
540.9 17879.62 7508.60 42.00
542.3 18237.67 7694.34 42.19
543.8 18504.51 7837.99 42.36
545.2 18600.74 7921.37 42.59
546.6 18637.00 7981.78 42.83
548.1 18690.38 8058.68 43.12
549.5 18745.60 8132.27 43.38
551.0 18790.92 8173.34 43.50
552.4 18868.34 8239.52 43.67
553.9 18922.09 8269.80 43.70
555.3 18999.63 8301.15 43.69
556.8 19143.87 8345.51 43.59
558.2 19276.31 8378.44 43.46
559.6 19441.66 8404.62 43.23
561.1 19660.88 8450.00 42.98
562.5 19883.82 8493.25 42.71
564.0 20177.05 8547.91 42.36
565.4 20444.07 8574.84 41.94
566.8 20774.24 8620.87 41.50
568.3 21077.79 8633.03 40.96
569.7 21403.31 8643.62 40.38
571.1 21706.83 8637.68 39.79
572.6 22010.94 8629.74 39.21
574.0 22299.75 8617.95 38.65
575.4 22570.31 8591.06 38.06
576.9 22820.49 8567.21 37.54
578.3 23040.88 8542.46 37.08
579.7 23243.15 8508.89 36.61
581.1 23410.31 8468.22 36.17
582.6 23592.46 8431.80 35.74
584.0 23735.52 8397.32 35.38
585.4 23971.18 8393.24 35.01
586.8 24286.87 8408.85 34.62
588.3 24642.54 8452.08 34.30
589.7 24935.04 8477.82 34.00
591.1 25126.37 8477.76 33.74
592.5 25213.30 8457.23 33.54
594.0 25248.06 8433.78 33.40
595.4 25246.58 8384.28 33.21
596.8 25248.80 8356.92 33.10
598.2 25256.70 8323.95 32.96
599.6 25254.00 8290.35 32.83
601.0 25321.45 8272.20 32.67
602.4 25392.58 8249.58 32.49
603.9 25508.50 8233.75 32.28
605.3 25652.08 8217.58 32.03
606.7 25770.60 8181.00 31.75
608.1 26003.60 8166.65 31.41
609.5 26249.20 8168.63 31.12
610.9 26543.12 8160.13 30.74
612.3 26820.62 8137.32 30.34
613.7 27191.20 8144.24 29.95
615.1 27470.34 8114.58 29.54
616.5 27748.85 8095.62 29.17
617.9 28163.94 8129.48 28.86
619.3 28559.37 8153.40 28.55
620.7 29021.55 8199.36 28.25
622.1 29524.34 8324.14 28.19
623.5 30070.32 8522.57 28.34
624.9 30686.25 8761.20 28.55
626.3 31117.56 8955.17 28.78
627.7 30854.43 8934.86 28.96
629.1 30617.27 8889.72 29.03
630.5 30534.25 8839.34 28.95
631.9 30583.88 8830.92 28.87
633.3 30636.73 8750.34 28.56
634.7 30802.72 8696.41 28.23
636.1 30887.16 8611.09 27.88
637.5 30991.21 8489.00 27.39
638.9 31137.59 8308.20 26.68
640.2 31275.86 8122.40 25.97
641.6 31334.94 7876.44 25.14
643.0 31307.82 7623.35 24.35
644.4 31297.86 7355.05 23.50
645.8 31223.60 7044.63 22.56
647.2 31327.01 6804.85 21.72
648.5 31378.61 6572.70 20.95
649.9 31215.99 6266.52 20.07
651.3 31061.55 6038.40 19.44
652.7 30880.50 5910.90 19.14
654.1 30705.72 5867.10 19.11
655.5 30448.41 5834.20 19.16
656.8 30219.54 5755.14 19.04
658.2 30347.48 5713.50 18.83
659.6 30667.01 5672.40 18.50
660.9 30915.41 5602.83 18.12
662.3 31175.28 5529.11 17.74
663.7 31418.10 5443.20 17.33
665.0 31622.76 5349.94 16.92
666.4 31821.65 5276.08 16.58
667.8 32088.83 5221.76 16.27
669.1 32304.87 5173.85 16.02
670.5 32567.66 5147.10 15.80
671.9 32723.64 5118.36 15.64
673.2 32957.22 5141.13 15.60
674.6 33165.65 5176.55 15.61
676.0 33416.99 5230.99 15.65
677.3 33670.84 5310.83 15.77
678.7 33959.63 5435.75 16.01
680.0 34360.72 5624.67 16.37
681.4 34770.40 5856.42 16.84
682.8 35166.95 6158.43 17.51
684.1 35575.02 6552.00 18.42
685.5 35948.61 7053.74 19.62
686.8 36307.14 7657.98 21.09
688.2 36654.12 8388.38 22.89
689.5 36792.82 9197.57 25.00
690.9 36894.22 10114.07 27.41
692.2 37000.50 11120.55 30.06
693.6 37086.31 12201.83 32.90
694.9 37102.94 13340.73 35.96
696.2 37172.03 14523.64 39.07
697.6 37238.58 15758.60 42.32
698.9 37321.68 16991.04 45.53
700.3 37412.04 18238.77 48.75
701.6 37521.51 19460.70 51.87
703.0 37648.39 20654.97 54.86
704.3 37727.46 21782.31 57.74
705.6 37779.39 22847.31 60.48
707.0 37853.11 23867.04 63.05
708.3 37804.36 24802.71 65.61
709.6 37779.31 25664.13 67.93
711.0 37700.05 26449.28 70.16
712.3 37603.29 27179.45 72.28
713.6 37599.66 27947.64 74.33
714.9 37564.50 28608.86 76.16
716.3 37606.65 29343.23 78.03
717.6 37655.10 30033.78 79.76
718.9 37643.31 30615.56 81.33
720.2 37519.65 31093.30 82.87
721.6 37437.79 31538.52 84.24
722.9 37295.06 31896.27 85.52
724.2 37099.21 32143.71 86.64
725.5 36957.59 32401.80 87.67
726.8 36833.83 32641.73 88.62
728.1 36764.75 32909.79 89.51
729.5 36694.32 33133.00 90.29
730.8 36660.60 33315.38 90.88
732.1 36590.42 33465.79 91.46
733.4 36549.03 33598.10 91.93
734.7 36509.02 33721.61 92.37
736.0 36510.50 33888.14 92.82
737.3 36452.29 33976.16 93.21
738.6 36538.42 34208.00 93.62
739.9 36706.85 34485.54 93.95
741.2 36841.35 34725.60 94.26
742.5 37078.82 35048.67 94.52
743.8 37494.19 35542.24 94.79
745.1 38118.44 36218.86 95.02
746.4 38876.11 37035.18 95.26
747.7 39639.96 37910.07 95.64
749.0 40400.48 38788.09 96.01
750.3 40850.46 39348.09 96.32
751.6 40764.46 39395.40 96.64
752.9 40356.61 39064.49 96.80
754.2 39863.99 38630.34 96.91
755.4 39350.05 38154.00 96.96
756.7 39155.03 38004.05 97.06
758.0 39142.09 38032.80 97.17
759.3 39351.46 38282.21 97.28
760.6 39645.76 38592.40 97.34
761.9 39928.94 38900.17 97.42
763.1 40078.15 39115.11 97.60
764.4 40287.45 39365.13 97.71
765.7 40433.25 39546.00 97.81
767.0 40515.07 39699.35 97.99
768.2 40595.52 39826.08 98.10
769.5 40644.33 39916.40 98.21
770.8 40787.04 40118.40 98.36
772.0 40799.41 40171.94 98.46
773.3 40833.29 40270.52 98.62
774.6 40907.98 40382.81 98.72
775.8 40955.53 40514.50 98.92
777.1 40964.33 40580.28 99.06
778.4 40867.87 40535.27 99.19
779.6 40816.98 40534.02 99.31
780.9 40688.00 40464.00 99.45
782.1 40484.72 40309.61 99.57
783.4 40464.32 40352.00 99.72
784.6 40463.12 40403.20 99.85
785.9 40670.74 40666.28 99.99
787.1 41171.80 41204.75 100.08
788.4 41528.97 41775.35 100.59
789.6 41482.13 41932.81 101.09
790.9 41134.16 41650.26 101.25
792.1 40655.28 41211.60 101.37
793.4 40180.32 40774.59 101.48
794.6 39846.60 40538.97 101.74
795.8 39587.54 40338.41 101.90
797.1 39290.10 40099.88 102.06
798.3 39054.26 39920.93 102.22
799.5 38943.25 39847.75 102.32
800.8 38778.22 39749.48 102.50
802.0 38618.88 39658.48 102.69
803.2 38465.20 39540.96 102.80
804.5 38332.71 39499.52 103.04
805.7 38219.65 39400.02 103.09
806.9 38073.35 39322.25 103.28
808.1 37984.05 39261.51 103.36
809.4 37906.28 39199.46 103.41
810.6 37824.15 39134.55 103.46
811.8 37796.29 39117.74 103.50
813.0 37827.58 39149.93 103.50
814.2 37840.50 39162.52 103.49
815.4 37955.24 39300.87 103.55
816.6 38027.91 39373.36 103.54
817.9 38102.35 39478.40 103.61
819.1 38072.96 39421.73 103.54
820.3 37949.69 39320.63 103.61
821.5 37894.61 39229.88 103.52
822.7 37866.54 39166.56 103.43
823.9 37906.28 39155.94 103.30
825.1 37943.15 39132.01 103.13
826.3 38020.73 39124.55 102.90
827.5 38108.05 39113.05 102.64
828.7 38176.32 39129.36 102.50
829.9 38262.68 39085.73 102.15
831.0 38386.63 39112.64 101.89
832.2 38533.16 39138.71 101.57
833.4 38634.36 39169.40 101.38
834.6 38746.88 39196.88 101.16
835.8 38872.58 39245.85 100.96
837.0 39026.76 39298.50 100.70
838.1 39200.00 39431.24 100.59
839.3 39334.99 39529.79 100.50
840.5 39499.16 39627.34 100.32
841.7 39675.29 39750.21 100.19
842.9 39834.34 39874.92 100.10
844.0 40002.80 39971.87 99.92
845.2 40188.33 40146.27 99.90
846.4 40315.24 40245.40 99.83
847.5 40575.08 40481.67 99.77
848.7 40794.29 40704.41 99.78
849.9 41043.27 40922.99 99.71
851.0 41176.72 41025.34 99.63
852.2 41283.01 41165.21 99.71
853.3 41336.03 41169.64 99.60
854.5 41385.60 41170.05 99.48
855.6 41408.01 41178.87 99.45
856.8 41491.09 41235.84 99.38
857.9 41535.42 41228.80 99.26
859.1 41657.80 41341.60 99.24
860.2 41711.76 41328.68 99.08
861.4 41789.90 41401.49 99.07
862.5 41857.52 41431.32 98.98
863.7 41978.22 41480.04 98.81
864.8 42001.40 41502.65 98.81
865.9 42003.19 41456.64 98.70
867.1 42077.89 41509.55 98.65
868.2 42118.25 41499.47 98.53
869.3 42153.63 41490.46 98.43
870.5 42092.46 41405.82 98.37
871.6 42122.53 41375.01 98.23
872.7 42223.14 41397.98 98.05
873.9 42262.83 41417.87 98.00
875.0 42247.20 41359.46 97.90
876.1 42225.11 41308.51 97.83
877.2 42279.84 41261.61 97.59
878.3 42302.12 41226.84 97.46
879.4 42284.06 41196.31 97.43
880.5 42343.92 41209.56 97.32
881.7 42326.05 41168.40 97.26
882.8 42351.34 41179.70 97.23
883.9 42430.09 41186.52 97.07
885.0 42357.32 41106.29 97.05
886.1 42357.47 41086.92 97.00
887.2 42241.92 40876.96 96.77
888.3 42147.85 40754.01 96.69
889.4 42045.32 40605.72 96.58
890.5 41945.29 40495.49 96.54
891.6 41864.40 40384.71 96.47
892.7 41844.69 40288.52 96.28
893.8 41881.85 40282.89 96.18
894.9 41879.31 40190.26 95.97
896.0 41812.69 40105.68 95.92
897.0 41850.92 40087.52 95.79
898.1 41821.61 40010.55 95.67
899.2 41852.54 39975.20 95.51
900.3 41747.94 39832.38 95.41
901.4 41622.41 39699.20 95.38
902.4 41658.53 39698.24 95.29
903.5 41604.82 39551.20 95.06
904.6 41550.72 39517.10 95.11
905.7 41565.54 39425.86 94.85
906.7 41536.49 39320.44 94.66
907.8 41558.34 39301.73 94.57
908.9 41493.73 39161.53 94.38
909.9 41451.58 39069.53 94.25
911.0 41358.23 38965.20 94.21
912.1 41297.17 38818.75 94.00
913.1 41189.72 38670.32 93.88
914.2 41099.85 38449.21 93.55
915.2 41068.89 38351.61 93.38
916.3 41034.15 38270.40 93.26
917.3 40975.74 38116.73 93.02
918.4 40862.80 37942.58 92.85
919.4 40836.29 37803.03 92.57
920.5 40782.84 37652.85 92.33
921.5 40833.45 37548.00 91.95
922.6 40729.18 37327.18 91.65
923.6 40739.49 37184.90 91.27
924.7 40774.75 37033.75 90.83
925.7 40746.72 36815.40 90.35
926.7 40808.40 36705.62 89.95
927.8 40839.01 36594.42 89.61
928.8 40966.59 36490.59 89.07
929.9 41048.46 36413.41 88.71
930.9 41217.18 36387.57 88.28
931.9 41378.61 36235.12 87.57
932.9 41679.25 36328.30 87.16
934.0 41702.58 36183.64 86.77
935.0 41757.18 35995.54 86.20
936.0 41670.71 35760.06 85.82
937.0 41632.50 35447.10 85.14
938.1 41580.55 35166.08 84.57
939.1 41508.45 34946.89 84.19
940.1 41591.64 34768.96 83.60
941.1 41779.29 34717.66 83.10
942.1 41991.60 34655.57 82.53
943.1 42156.63 34534.45 81.92
944.1 42391.18 34458.10 81.29
945.2 42445.20 34294.68 80.80
946.2 42493.04 34049.84 80.13
947.2 42572.63 33878.88 79.58
948.2 42750.54 33789.79 79.04
949.2 42846.38 33536.75 78.27
950.2 42880.60 33270.40 77.59
951.2 42968.52 33058.20 76.94
952.2 43001.40 32904.79 76.52
953.2 43164.71 32754.31 75.88
954.2 43310.48 32546.93 75.15
955.2 43368.34 32338.06 74.57
956.2 43301.73 32139.72 74.22
957.2 43392.87 31993.86 73.73
958.2 43492.10 31783.32 73.08
959.2 43506.45 31701.60 72.87
960.1 43588.22 31589.12 72.47
961.1 43692.83 31577.21 72.27
962.1 43658.44 31456.88 72.05
963.1 43782.00 31431.83 71.79
964.1 43817.42 31452.91 71.78
965.1 43908.74 31516.85 71.78
966.1 44007.38 31416.98 71.39
967.0 44141.86 31417.19 71.17
968.0 44131.86 31409.91 71.17
969.0 44255.20 31522.20 71.23
970.0 44255.36 31453.31 71.07
971.0 44316.83 31534.44 71.16
971.9 44400.90 31505.75 70.96
972.9 44577.14 31668.70 71.04
973.9 44494.78 31631.60 71.09
974.9 44573.29 31861.15 71.48
975.8 44702.44 31958.70 71.49
976.8 44666.28 32067.33 71.79
977.8 44950.93 32176.08 71.58
978.8 44877.90 32279.40 71.93
979.7 45104.10 32416.28 71.87
980.7 45212.81 32607.30 72.12
981.7 45433.99 32738.56 72.06
982.6 45657.51 33174.91 72.66
983.6 46147.45 33391.24 72.36
984.6 46551.05 33871.78 72.76
985.5 47031.84 34517.52 73.39
986.5 47664.14 35016.94 73.47
987.5 48852.12 35928.76 73.55
988.4 49722.20 36918.20 74.25
989.4 51183.38 38200.28 74.63
990.4 52549.20 39265.93 74.72
991.3 54023.93 39878.87 73.82
992.3 54777.10 41474.09 75.71
993.2 55874.36 43532.63 77.91
994.2 57686.85 43771.16 75.88
995.2 57633.14 45043.37 78.16
996.1 59292.71 46761.77 78.87
997.1 59931.56 46251.53 77.17
998.0 60640.20 46936.20 77.40
999.0 59258.53 48057.22 81.10
1000.0 60377.42 48376.94 80.12
1000.9 59810.48 48005.78 80.26
1001.9 59598.95 49463.07 82.99
1002.8 60212.52 46831.96 77.78
1003.8 59788.51 48005.38 80.29
1004.8 59326.80 48830.52 82.31
961.5 55398.21 32774.86 59.16
965.5 54418.85 32497.78 59.72
969.5 52458.23 31771.39 60.57
973.4 50487.36 31193.98 61.79
977.4 48611.32 30743.85 63.24
981.4 47578.80 30839.17 64.82
985.3 47203.20 31285.23 66.28
989.3 47137.31 31851.67 67.57
993.3 47133.16 32390.78 68.72
997.2 47029.21 32802.56 69.75
1001.2 46955.35 33175.35 70.65
1005.2 46914.32 33582.86 71.58
1009.1 47038.13 34112.73 72.52
1013.1 47236.75 34732.02 73.53
1017.1 47375.30 35373.94 74.67
1021.0 47429.61 35940.87 75.78
1025.0 47461.87 36480.37 76.86
1029.0 47354.18 36914.06 77.95
1032.9 47271.77 37352.64 79.02
1036.9 47308.70 37869.99 80.05
1040.9 47476.08 38455.16 81.00
1044.8 47747.63 39048.09 81.78
1048.8 47970.59 39571.07 82.49
1052.7 48104.60 40035.72 83.23
1056.7 48183.46 40359.16 83.76
1060.7 48250.82 40600.21 84.14
1064.6 48272.17 40784.53 84.49
1068.6 48190.54 40813.37 84.69
1072.5 48116.11 40758.76 84.71
1076.5 48076.67 40695.15 84.65
1080.4 48048.88 40573.55 84.44
1084.4 48150.59 40464.40 84.04
1088.3 48279.53 40328.30 83.53
1092.3 48252.92 40028.89 82.96
1096.2 48221.83 39679.30 82.28
1100.2 48245.69 39342.87 81.55
1104.1 48124.97 38872.53 80.77
1108.1 48059.38 38435.38 79.97
1112.0 47955.87 37975.41 79.19
1116.0 47754.46 37405.81 78.33
1119.9 47569.76 36750.65 77.26
1123.9 47623.80 36124.54 75.85
1127.8 47592.96 35178.24 73.91
1131.8 47556.42 33954.72 71.40
1135.7 47568.82 32559.28 68.45
1139.6 47554.30 31044.50 65.28
1143.6 47510.71 29586.34 62.27
1147.5 47481.98 28331.07 59.67
1151.4 47337.52 27261.01 57.59
1155.4 47322.86 26585.38 56.18
1159.3 47329.81 26153.75 55.26
1163.2 47159.49 25772.58 54.65
1167.2 47113.86 25565.88 54.26
1171.1 47117.13 25418.50 53.95
1175.0 47022.16 25267.98 53.74
1179.0 46962.63 25140.45 53.53
1182.9 47045.30 25070.40 53.29
1186.8 47019.62 24966.54 53.10
1190.7 46784.64 24760.35 52.92
1194.7 46508.35 24565.01 52.82
1198.6 46264.68 24414.39 52.77
1202.5 46100.54 24323.07 52.76
1206.4 45962.62 24279.16 52.82
1210.3 45829.98 24276.38 52.97
1214.2 45707.13 24303.49 53.17
1218.2 45554.16 24326.33 53.40
1222.1 45384.95 24375.83 53.71
1226.0 45257.55 24446.63 54.02
1229.9 45156.00 24514.62 54.29
1233.8 45033.17 24572.09 54.56
1237.7 44950.68 24638.62 54.81
1241.6 44841.64 24681.66 55.04
1245.5 44683.61 24678.55 55.23
1249.4 44538.65 24678.80 55.41
1253.3 44401.40 24666.45 55.55
1257.2 44324.52 24659.40 55.63
1261.1 44209.48 24616.87 55.68
1265.0 44086.55 24546.28 55.68
1268.9 43910.05 24415.19 55.60
1272.8 43969.80 24401.70 55.50
1276.7 44155.69 24421.53 55.31
1280.6 44249.88 24343.66 55.01
1284.5 44188.89 24165.27 54.69
1288.4 44167.03 23966.93 54.26
1292.3 44060.50 23683.00 53.75
1296.2 43934.23 23345.83 53.14
1300.1 43787.98 22963.85 52.44
1303.9 43564.57 22505.15 51.66
1307.8 43339.22 21991.01 50.74
1311.7 43109.06 21445.71 49.75
1315.6 42877.90 20877.84 48.69
1319.5 42633.84 20268.38 47.54
1323.3 42417.44 19658.28 46.34
1327.2 42218.70 19067.23 45.16
1331.1 42002.86 18461.06 43.95
1335.0 41739.72 17845.30 42.75
1338.8 41543.11 17291.30 41.62
1342.7 41389.31 16776.08 40.53
1346.5 41042.00 16223.17 39.53
1350.4 40741.74 15740.90 38.64
1354.3 40332.24 15247.19 37.80
1358.1 39895.31 14736.36 36.94
1362.0 39644.33 14296.83 36.06
1365.8 39567.12 13887.60 35.10
1369.7 39683.68 13486.41 33.98
1373.5 39615.26 12960.91 32.72
1377.4 39354.79 12299.17 31.25
1381.2 39167.92 11547.20 29.48
1385.1 39160.09 10753.82 27.46
1389.0 39060.88 9933.45 25.43
1392.8 38834.72 9146.65 23.55
1396.6 38680.88 8459.48 21.87
1400.5 38476.57 7848.76 20.40
1404.3 38299.58 7347.28 19.18
1408.2 38263.03 6970.66 18.22
1412.0 38218.70 6672.99 17.46
1415.8 38249.29 6449.67 16.86
1419.6 38208.11 6274.92 16.42
1423.5 38172.20 6151.26 16.11
1427.3 38125.77 6055.42 15.88
1431.1 38099.78 5986.88 15.71
1434.9 38010.73 5918.09 15.57
1438.8 37949.80 5863.90 15.45
1442.6 37913.52 5839.24 15.40
1446.4 37795.09 5817.82 15.39
1450.2 37700.99 5804.75 15.40
1454.0 37583.52 5788.92 15.40
1457.8 37547.69 5798.42 15.44
1461.6 37527.24 5826.84 15.53
1465.4 37404.28 5842.78 15.62
1469.2 37216.73 5867.23 15.77
1473.0 37080.95 5915.65 15.95
1476.8 37019.78 6004.81 16.22
1480.7 36949.43 6107.72 16.53
1484.4 36826.56 6203.88 16.85
1488.2 36723.96 6331.56 17.24
1492.0 36584.11 6474.08 17.70
1495.8 36452.33 6597.50 18.10
1499.6 36350.05 6695.70 18.42
1503.4 36216.75 6781.63 18.73
1507.2 36087.28 6879.17 19.06
1510.9 35929.91 6968.08 19.39
1514.7 35749.31 7027.14 19.66
1518.5 35615.65 7077.42 19.87
1522.3 35466.30 7135.43 20.12
1526.0 35355.47 7221.57 20.43
1529.8 35294.61 7320.58 20.74
1533.6 35159.29 7409.00 21.07
1537.3 35020.99 7493.52 21.40
1541.1 34889.16 7538.21 21.61
1544.8 34754.40 7536.00 21.68
1548.6 34607.98 7529.33 21.76
1552.4 34514.76 7625.64 22.09
1556.1 34455.77 7822.86 22.70
1559.9 34373.05 7983.99 23.23
1563.6 34243.93 8072.43 23.57
1567.3 34122.03 8157.07 23.91
1571.1 33904.82 8226.66 24.26
1574.8 33749.79 8318.70 24.65
1578.6 33637.37 8400.98 24.98
1582.3 33496.17 8449.89 25.23
1586.0 33359.51 8484.24 25.43
1589.8 33217.24 8524.46 25.66
1593.5 33051.52 8570.34 25.93
1597.2 32917.71 8607.59 26.15
1600.9 32767.31 8638.79 26.36
1604.7 32613.52 8670.02 26.58
1608.4 32493.03 8700.10 26.78
1612.1 32320.35 8720.49 26.98
1615.8 32161.00 8743.40 27.19
1619.5 32072.28 8784.45 27.39
1623.2 31915.49 8799.03 27.57
1626.9 31725.78 8801.55 27.74
1630.6 31537.44 8808.80 27.93
1634.3 31397.73 8820.86 28.09
1638.0 31241.74 8833.90 28.28
1641.7 31050.65 8836.96 28.46
1645.4 30870.63 8831.47 28.61
1649.1 30683.95 8816.84 28.73
1652.8 30504.58 8804.22 28.86
1656.4 30322.32 8780.56 28.96
1660.1 30158.02 8758.30 29.04
1663.8 29966.42 8714.51 29.08
1667.5 29809.99 8678.47 29.11
1671.1 29676.54 8636.19 29.10
1674.8 29472.79 8566.78 29.07
1678.5 29413.48 8532.39 29.01
1682.1 29419.35 8500.17 28.89
1685.8 29417.21 8459.04 28.76
1689.5 29310.65 8386.29 28.61
1693.1 29167.59 8302.11 28.46
1696.8 29020.13 8205.63 28.28
1700.4 28874.60 8096.42 28.04
1704.0 28754.23 8006.02 27.84
1707.7 28493.62 7878.01 27.65
1711.3 28200.13 7718.71 27.37
1715.0 27991.44 7589.03 27.11
1718.6 27822.35 7470.73 26.85
1722.2 27677.55 7351.62 26.56
1725.9 27527.50 7241.41 26.31
1729.5 27386.37 7144.69 26.09
1733.1 27262.24 7074.65 25.95
1736.7 27144.69 7021.87 25.87
1740.3 26982.07 6950.29 25.76
1744.0 26899.89 6876.52 25.56
1747.5 26760.07 6773.70 25.31
1751.2 26551.35 6660.53 25.09
1754.8 26397.18 6563.52 24.86
1758.4 26262.14 6472.56 24.65
1762.0 26085.49 6376.24 24.44
1765.5 25956.49 6299.79 24.27
1769.1 25915.20 6259.20 24.15
1772.7 25841.75 6217.13 24.06
1776.3 25724.16 6150.90 23.91
1779.9 25608.69 6080.96 23.75
1783.5 25553.92 6046.24 23.66
1787.0 25434.82 6000.10 23.59
1790.6 25293.30 5951.07 23.53
1794.2 25193.03 5924.49 23.52
1797.8 25095.48 5891.54 23.48
1801.3 25012.46 5874.75 23.49
1804.9 24871.88 5848.50 23.51
1808.4 24792.34 5818.42 23.47
1812.0 24660.35 5780.24 23.44
1815.5 24519.60 5740.70 23.41
1819.1 24324.68 5686.84 23.38
1822.6 24164.48 5645.02 23.36
1826.2 24042.90 5604.82 23.31
1829.7 23859.90 5541.69 23.23
1833.2 23612.46 5467.08 23.15
1836.8 23400.20 5392.21 23.04
1840.3 23257.80 5321.70 22.88
1843.8 23131.92 5244.47 22.67
1847.3 23013.03 5153.54 22.39
1850.8 22865.47 5044.03 22.06
1854.3 22692.74 4934.78 21.75
1857.8 22594.00 4841.20 21.43
1861.3 22615.25 4729.83 20.91
1864.8 22605.64 4585.39 20.28
1868.3 22468.36 4399.66 19.58
1871.8 22341.12 4200.96 18.80
1875.3 22323.21 3968.06 17.78
1878.8 22320.32 3743.26 16.77
1882.3 22237.89 3517.02 15.82
1885.8 22045.10 3300.74 14.97
1889.3 21861.76 3127.88 14.31
1892.7 21710.01 2957.24 13.62
1896.2 21503.16 2845.87 13.23
1899.7 21232.37 2796.03 13.17
1903.1 21059.81 2832.98 13.45
1906.6 21101.81 2936.60 13.92
1910.0 21348.35 3148.05 14.75
1913.5 21771.66 3480.13 15.98
1917.0 22339.63 3987.90 17.85
1920.4 22881.38 4483.83 19.60
1923.8 23136.14 4984.84 21.55
1871.2 20260.60 2815.88 13.90
1873.9 20445.79 2630.89 12.87
1876.7 20658.97 2546.18 12.32
1879.5 20770.50 2440.25 11.75
1882.3 20488.21 2237.37 10.92
1885.1 20498.36 2094.66 10.22
1887.8 20542.45 1979.20 9.63
1890.6 20318.11 1793.23 8.83
1893.4 20320.67 1760.00 8.66
1896.2 20203.65 1705.41 8.44
1898.9 20201.38 1592.99 7.89
1901.7 20074.51 1546.00 7.70
1904.5 20223.67 1544.68 7.64
1907.2 20168.50 1486.75 7.37
1910.0 20030.00 1465.61 7.32
1912.7 20048.69 1517.26 7.57
1915.5 19979.54 1516.62 7.59
1918.2 19877.64 1517.21 7.63
1921.0 19705.09 1475.05 7.49
1923.7 19733.20 1474.07 7.47
1926.5 19715.86 1485.04 7.53
1929.2 19701.76 1507.13 7.65
1932.0 19674.16 1523.12 7.74
1934.7 19635.47 1488.29 7.58
1937.4 19518.79 1473.29 7.55
1940.2 19475.71 1505.93 7.73
1942.9 19573.26 1510.32 7.72
1945.6 19572.62 1519.06 7.76
1948.3 19494.00 1519.21 7.79
1951.1 19465.67 1523.06 7.82
1953.8 19476.00 1578.00 8.10
1956.5 19368.67 1551.41 8.01
1959.2 19423.04 1563.77 8.05
1961.9 19438.54 1594.30 8.20
1964.6 19331.55 1582.70 8.19
1967.3 19375.30 1622.77 8.38
1970.0 19228.16 1628.00 8.47
1972.8 19159.08 1612.03 8.41
1975.5 19219.42 1659.42 8.63
1978.2 19120.16 1690.68 8.84
1980.9 19002.89 1670.30 8.79
1983.5 18950.70 1689.74 8.92
1986.2 18944.10 1725.63 9.11
1988.9 18909.18 1716.90 9.08
1991.6 18787.78 1732.21 9.22
1994.3 18678.85 1753.22 9.39
1997.0 18669.58 1758.83 9.42
1999.7 18631.37 1789.05 9.60
2002.3 18617.79 1803.67 9.69
2005.0 18540.12 1806.55 9.74
2007.7 18469.93 1834.67 9.93
2010.4 18400.48 1835.77 9.98
2013.0 18316.11 1846.41 10.08
2015.7 18226.45 1861.29 10.21
2018.4 18129.14 1860.85 10.26
2021.0 18062.50 1872.83 10.37
2023.7 17946.51 1879.73 10.47
2026.4 17902.73 1892.80 10.57
2029.0 17806.29 1895.06 10.64
2031.7 17677.40 1884.35 10.66
2034.3 17722.47 1932.23 10.90
2037.0 17610.64 1950.80 11.08
2039.6 17527.07 1935.57 11.04
2042.3 17481.88 1965.83 11.24
2044.9 17393.81 1960.70 11.27
2047.5 17348.93 1977.53 11.40
2050.2 17253.60 1996.40 11.57
2052.8 17214.40 1979.60 11.50
2055.4 17090.17 2005.99 11.74
2058.1 16973.60 2021.60 11.91
2060.7 16918.14 2001.22 11.83
2063.3 16842.61 2003.61 11.90
2065.9 16794.67 2021.17 12.03
2068.6 16710.92 2018.38 12.08
2071.2 16664.67 2022.75 12.14
2073.8 16591.32 2031.59 12.24
2076.4 16536.88 2037.64 12.32
2079.0 16525.61 2068.16 12.51
2081.6 16519.89 2076.24 12.57
2084.2 16487.00 2073.93 12.58
2086.8 16353.42 2073.17 12.68
2089.4 16268.28 2087.79 12.83
2092.1 16209.50 2091.00 12.90
2094.7 16113.80 2084.85 12.94
2097.2 16087.67 2099.50 13.05
2099.8 16089.36 2132.15 13.25
2102.4 15953.94 2141.03 13.42
2105.0 15826.05 2131.80 13.47
2107.6 15774.07 2127.71 13.49
2110.2 15742.83 2148.30 13.65
2112.8 15734.02 2164.68 13.76
2115.3 15735.22 2147.68 13.65
2117.9 15738.64 2161.74 13.74
2120.5 15682.70 2186.25 13.94
2123.1 15604.88 2179.13 13.96
2125.6 15567.02 2184.54 14.03
2128.2 15487.92 2197.93 14.19
2130.8 15394.28 2184.98 14.19
2133.3 15347.20 2185.33 14.24
2135.9 15264.31 2209.19 14.47
2138.4 15119.35 2218.84 14.68
2141.0 15032.51 2194.94 14.60
2143.6 14998.41 2189.96 14.60
2146.1 14847.40 2186.12 14.72
2148.7 14686.27 2158.45 14.70
2151.2 14704.80 2188.27 14.88
2153.8 14713.72 2175.12 14.78
2156.3 14589.47 2155.93 14.78
2158.8 14533.35 2182.51 15.02
2161.4 14517.59 2167.03 14.93
2163.9 14426.20 2155.23 14.94
2166.4 14354.62 2152.45 14.99
2169.0 14310.27 2152.45 15.04
2171.5 14227.48 2143.58 15.07
2174.0 14143.15 2139.03 15.12
2176.5 14124.76 2146.82 15.20
2179.1 14082.55 2153.34 15.29
2181.6 13967.33 2129.17 15.24
2184.1 13937.00 2115.96 15.18
2186.6 13993.83 2127.79 15.21
2189.1 13896.09 2121.81 15.27
2191.6 13840.87 2110.27 15.25
2194.1 13877.92 2095.97 15.10
2196.6 13844.81 2116.12 15.28
2199.2 13897.52 2134.86 15.36
2201.7 13871.80 2120.35 15.29
2204.1 13802.39 2122.04 15.37
2206.6 13786.08 2107.45 15.29
2209.1 13743.34 2093.11 15.23
2211.6 13738.26 2105.09 15.32
2214.1 13693.60 2090.92 15.27
2216.6 13643.61 2130.87 15.62
2219.1 13655.01 2130.87 15.61
2221.6 13597.41 2044.18 15.03
2224.0 13563.60 2045.97 15.08
2226.5 13534.39 2066.12 15.27
2229.0 13551.73 2028.95 14.97
2231.5 13416.49 2003.09 14.93
2233.9 13376.81 2001.13 14.96
2236.4 13409.64 1995.62 14.88
2238.9 13341.63 1984.00 14.87
2241.3 13300.17 1978.31 14.87
2243.8 13261.31 1951.11 14.71
2246.2 13153.53 1911.20 14.53
2248.7 13089.53 1893.62 14.47
2251.2 13067.33 1898.61 14.53
2253.6 13017.60 1866.24 14.34
2256.1 12979.20 1835.52 14.14
2258.5 12980.99 1874.73 14.44
2260.9 12912.45 1825.46 14.14
2263.4 12850.74 1780.99 13.86
2265.8 12840.17 1773.31 13.81
2268.3 12768.77 1743.30 13.65
2270.7 12812.36 1746.44 13.63
2273.1 12778.22 1737.26 13.60
2275.6 12710.40 1708.80 13.44
2278.0 12729.12 1694.91 13.32
2280.4 12680.26 1685.57 13.29
2282.8 12544.20 1645.46 13.12
2285.3 12570.98 1644.77 13.08
2287.7 12679.54 1636.20 12.90
2290.1 12579.51 1601.10 12.73
2292.5 12520.09 1627.02 13.00
2294.9 12538.64 1596.47 12.73
2297.3 12458.25 1550.36 12.44
2299.7 12334.59 1528.01 12.39
2302.1 12311.40 1480.98 12.03
2304.5 12214.72 1497.44 12.26
2306.9 12089.28 1485.68 12.29
2309.3 11994.02 1418.44 11.83
2311.7 11939.85 1424.78 11.93
2314.1 11791.37 1409.92 11.96
2316.5 11721.50 1375.06 11.73
2318.9 11765.88 1407.18 11.96
2321.3 11730.50 1438.09 12.26
2323.7 11744.39 1453.57 12.38
2326.1 11719.24 1442.74 12.31
2328.4 11761.55 1436.12 12.21
2330.8 11807.83 1398.78 11.85
2333.2 11712.54 1400.23 11.95
2335.6 11662.03 1407.42 12.07
2337.9 11681.16 1389.72 11.90
2340.3 11629.38 1377.05 11.84
2342.7 11548.22 1332.98 11.54
2345.0 11508.47 1316.47 11.44
2347.4 11492.00 1313.25 11.43
2349.7 11315.65 1260.14 11.14
2352.1 11286.89 1256.48 11.13
2354.4 11296.02 1268.01 11.23
2356.8 11214.70 1269.10 11.32
2359.2 11154.00 1265.33 11.34
2361.5 11109.05 1243.55 11.19
2363.8 11141.66 1229.67 11.04
2366.2 11165.73 1200.43 10.75
2368.5 11089.40 1228.20 11.08
2370.9 11067.03 1248.06 11.28
2373.2 11030.32 1200.61 10.88
2375.5 10914.30 1171.98 10.74
2377.9 10876.18 1189.73 10.94
2380.2 10876.88 1204.98 11.08
2382.5 10821.23 1185.51 10.96
2384.8 10769.44 1150.72 10.69
2387.2 10736.28 1125.20 10.48
2389.5 10704.02 1114.31 10.41
2391.8 10661.73 1121.79 10.52
2394.1 10613.91 1118.01 10.53
2396.4 10610.47 1088.63 10.26
2398.7 10654.34 1135.10 10.65
2401.0 10513.07 1127.46 10.72
2403.3 10428.12 1070.70 10.27
2405.6 10456.51 1074.64 10.28
2407.9 10375.71 1052.10 10.14
2410.2 10317.44 1057.81 10.25
2412.5 10224.31 1077.31 10.54
2414.8 10187.84 1073.22 10.53
2417.1 10204.62 1037.50 10.17
2419.4 10195.97 1031.58 10.12
2421.7 10103.31 1025.05 10.15
2424.0 10048.90 1019.68 10.15
2426.2 10074.05 1027.20 10.20
2428.5 10032.46 978.91 9.76
2430.8 10006.20 986.45 9.86
2433.1 9945.94 990.17 9.96
2435.4 9886.37 962.34 9.73
2437.6 9830.42 962.34 9.79
2439.9 9708.34 932.09 9.60
2442.2 9709.99 938.58 9.67
2444.4 9752.18 930.42 9.54
2446.7 9688.56 899.36 9.28
2448.9 9658.24 894.17 9.26
2451.2 9631.36 894.00 9.28
2453.4 9564.32 928.11 9.70
2455.7 9566.46 924.41 9.66
2457.9 9468.86 897.44 9.48
2460.2 9395.46 900.09 9.58
2462.4 9422.40 873.60 9.27
2464.7 9348.95 889.48 9.51
2466.9 9251.22 898.80 9.72
2469.2 9249.34 849.10 9.18
2471.4 9151.61 827.19 9.04
2473.6 9078.42 816.79 9.00
2475.9 9042.40 799.25 8.84
2478.1 8956.32 792.47 8.85
2480.3 8952.70 849.32 9.49
2482.5 8971.16 843.50 9.40
2484.8 8832.66 786.42 8.90
2487.0 8762.09 792.51 9.04
2489.2 8850.00 761.37 8.60
2491.4 8753.22 768.50 8.78
2493.6 8669.20 815.19 9.40
2495.8 8662.66 728.49 8.41
2498.0 8674.13 770.13 8.88
2500.2 8694.60 825.65 9.50
2502.4 8942.16 799.20 8.94
2504.6 9089.52 788.76 8.68
2506.8 9176.65 769.59 8.39
