/*** Spectra Vista SIG Data ***/
name= \My Documents\HR1024_Data\RD6S5.
instrument= HR: 1091052
integration= 400, 60, 30, 1000, 60, 30
scan time= 1, 1
scan settings= AD, AI, AD, AI
external data set1= 8224, 8224, 8224, 8224, 8224, 8224, 8224, 8224, 8224, 8224, 8224, 8224, 8224, 8224, 8224, 8224
external data set2= 8224, 8224, 8224, 8224, 8224, 8224, 8224, 8224, 8224, 8224, 8224, 8224, 8224, 8224, 8224, 8224
external data dark= 0,0,0,0,0,0,0,0
external data mask= 0
optic= LENS4 , LENS4 
temp= 32.98, 8.94, -5.37, 39.67, 9.01, -5.30
battery= 7.1, 6.9
error= 0, 0
units= Radiance, Radiance
time= 4/7/08 10:35:00 AM, 4/7/08 10:53:29 AM
longitude= , 
latitude= , 
gpstime= , 
comm= 
memory slot= 0, 0
factors= 
data= 
346.4 350.35 41.41 11.82
347.9 381.21 38.28 10.04
349.5 410.28 43.68 10.65
351.1 433.68 41.18 9.50
352.6 475.96 42.38 8.90
354.2 499.06 48.43 9.70
355.7 540.48 46.47 8.60
357.3 582.54 49.93 8.57
358.8 588.91 48.93 8.31
360.4 636.67 49.25 7.73
361.9 668.64 50.84 7.60
363.5 692.50 49.17 7.10
365.1 712.57 51.32 7.20
366.6 747.47 52.48 7.02
368.2 792.37 49.69 6.27
369.7 840.74 48.98 5.83
371.3 898.85 50.70 5.64
372.8 941.22 49.80 5.29
374.4 986.23 56.74 5.75
375.9 1017.83 51.64 5.07
377.4 1052.18 53.34 5.07
379.0 1086.82 49.65 4.57
380.5 1123.29 50.47 4.49
382.1 1153.93 47.87 4.15
383.6 1194.95 47.06 3.94
385.2 1251.25 47.30 3.78
386.7 1299.60 47.11 3.63
388.3 1372.34 48.37 3.52
389.8 1424.66 50.51 3.55
391.3 1483.01 52.36 3.53
392.9 1530.61 52.35 3.42
394.4 1562.39 54.60 3.49
395.9 1621.81 54.64 3.37
397.5 1711.90 62.66 3.66
399.0 1784.48 61.18 3.43
400.6 1838.09 57.17 3.11
402.1 1856.31 51.60 2.78
403.6 1888.03 50.83 2.69
405.1 1944.54 49.81 2.56
406.7 2010.40 50.18 2.50
408.2 2079.37 52.12 2.51
409.7 2148.16 52.42 2.44
411.3 2213.53 53.24 2.41
412.8 2271.65 53.56 2.36
414.3 2341.03 58.74 2.51
415.8 2417.50 57.50 2.38
417.4 2490.79 58.19 2.34
418.9 2548.98 57.18 2.24
420.4 2593.45 59.32 2.29
421.9 2640.22 61.47 2.33
423.5 2679.41 56.04 2.09
425.0 2722.85 59.78 2.20
426.5 2778.88 57.19 2.06
428.0 2849.90 55.01 1.93
429.5 2939.79 58.86 2.00
431.1 3042.79 57.66 1.90
432.6 3149.06 58.44 1.86
434.1 3259.99 63.14 1.94
435.6 3346.58 61.53 1.84
437.1 3441.75 65.13 1.89
438.6 3531.11 62.88 1.78
440.1 3611.12 65.82 1.82
441.6 3703.62 63.68 1.72
443.1 3787.76 66.42 1.75
444.7 3873.68 69.05 1.78
446.2 3941.61 72.83 1.85
447.7 4009.71 74.65 1.86
449.2 4084.56 72.58 1.78
450.7 4145.44 75.30 1.82
452.2 4210.01 75.06 1.78
453.7 4291.20 73.38 1.71
455.2 4393.26 73.24 1.67
456.7 4515.28 75.68 1.68
458.2 4654.47 78.29 1.68
459.7 4795.00 78.40 1.64
461.2 4934.06 83.31 1.69
462.7 5054.96 83.41 1.65
464.2 5177.07 86.74 1.68
465.7 5301.12 87.12 1.64
467.2 5404.44 89.32 1.65
468.7 5508.00 91.60 1.66
470.2 5586.81 98.58 1.76
471.7 5702.38 102.13 1.79
473.2 5885.72 105.86 1.80
474.6 6027.25 102.60 1.70
476.1 6074.86 104.30 1.72
477.6 6093.70 104.53 1.72
479.1 6122.60 102.34 1.67
480.6 6163.05 105.34 1.71
482.1 6243.66 103.28 1.65
483.6 6332.42 105.45 1.67
485.1 6458.38 105.01 1.63
486.6 6604.00 108.74 1.65
488.0 6753.50 112.13 1.66
489.5 6913.82 113.37 1.64
491.0 7075.65 115.46 1.63
492.5 7238.97 119.23 1.65
494.0 7404.10 122.30 1.65
495.4 7549.58 126.72 1.68
496.9 7695.36 128.59 1.67
498.4 7836.28 135.40 1.73
499.9 7979.51 135.68 1.70
501.4 8103.78 141.69 1.75
502.8 8223.51 143.93 1.75
504.3 8333.10 146.52 1.76
505.8 8444.88 152.78 1.81
507.2 8514.20 156.30 1.84
508.7 8565.01 157.41 1.84
510.2 8590.79 160.77 1.87
511.6 8618.22 160.60 1.86
513.1 8670.26 166.43 1.92
514.6 8732.77 166.25 1.90
516.0 8783.27 167.91 1.91
517.5 8880.96 173.35 1.95
519.0 8994.65 176.66 1.96
520.5 9112.66 182.04 2.00
521.9 9263.01 184.47 1.99
523.4 9434.43 191.72 2.03
524.8 9608.27 196.86 2.05
526.3 9802.81 203.84 2.08
527.8 10000.35 210.87 2.11
529.2 10181.33 219.95 2.16
530.7 10383.39 223.03 2.15
532.1 10567.68 231.75 2.19
533.6 10773.42 242.05 2.25
535.0 10980.59 246.71 2.25
536.5 11186.70 257.38 2.30
538.0 11401.56 267.17 2.34
539.4 11601.83 276.89 2.39
540.9 11838.18 287.24 2.43
542.3 12056.36 297.52 2.47
543.8 12205.88 304.64 2.50
545.2 12241.58 310.47 2.54
546.6 12248.30 315.34 2.57
548.1 12260.70 320.68 2.62
549.5 12261.13 324.32 2.65
551.0 12260.01 327.38 2.67
552.4 12274.54 337.53 2.75
553.9 12279.40 344.04 2.80
555.3 12300.80 348.54 2.83
556.8 12360.66 355.18 2.87
558.2 12414.09 363.49 2.93
559.6 12499.51 374.13 2.99
561.1 12612.44 382.53 3.03
562.5 12742.28 393.25 3.09
564.0 12915.37 405.76 3.14
565.4 13070.62 419.23 3.21
566.8 13269.64 433.01 3.26
568.3 13461.39 448.48 3.33
569.7 13659.35 465.57 3.41
571.1 13859.91 482.13 3.48
572.6 14064.03 501.23 3.56
574.0 14250.23 515.79 3.62
575.4 14437.41 535.61 3.71
576.9 14612.77 553.36 3.79
578.3 14771.90 573.43 3.88
579.7 14927.19 593.60 3.98
581.1 15049.34 610.28 4.06
582.6 15179.87 631.02 4.16
584.0 15306.40 649.57 4.24
585.4 15471.50 671.46 4.34
586.8 15703.41 697.98 4.44
588.3 15959.97 721.19 4.52
589.7 16164.72 745.52 4.61
591.1 16308.26 768.40 4.71
592.5 16380.50 785.09 4.79
594.0 16416.90 803.64 4.90
595.4 16426.30 817.06 4.97
596.8 16438.21 836.55 5.09
598.2 16446.40 850.75 5.17
599.6 16446.15 867.33 5.27
601.0 16488.64 886.42 5.38
602.4 16524.83 904.55 5.47
603.9 16595.00 927.30 5.59
605.3 16677.56 951.04 5.70
606.7 16748.10 973.08 5.81
608.1 16880.08 1001.73 5.93
609.5 17023.96 1030.93 6.06
610.9 17200.20 1062.67 6.18
612.3 17363.60 1096.26 6.31
613.7 17583.26 1132.58 6.44
615.1 17730.09 1165.75 6.57
616.5 17885.32 1204.71 6.74
617.9 18120.27 1246.10 6.88
619.3 18343.55 1291.38 7.04
620.7 18613.68 1340.13 7.20
622.1 18877.69 1389.52 7.36
623.5 19168.37 1437.56 7.50
624.9 19495.88 1492.79 7.66
626.3 19705.80 1533.90 7.78
627.7 19502.63 1544.10 7.92
629.1 19316.59 1560.09 8.08
630.5 19234.56 1591.04 8.27
631.9 19243.16 1623.18 8.44
633.3 19227.78 1656.92 8.62
634.7 19307.14 1693.43 8.77
636.1 19335.07 1724.40 8.92
637.5 19378.14 1753.49 9.05
638.9 19457.31 1786.49 9.18
640.2 19514.53 1822.93 9.34
641.6 19531.98 1849.54 9.47
643.0 19504.65 1875.53 9.62
644.4 19507.28 1904.98 9.77
645.8 19449.04 1927.83 9.91
647.2 19526.59 1970.57 10.09
648.5 19579.91 1996.94 10.20
649.9 19492.88 2014.82 10.34
651.3 19428.45 2040.00 10.50
652.7 19344.30 2061.42 10.66
654.1 19217.52 2058.04 10.71
655.5 19076.42 2041.97 10.70
656.8 18936.77 2026.80 10.70
658.2 19052.33 2037.08 10.69
659.6 19274.42 2065.61 10.72
660.9 19463.87 2092.09 10.75
662.3 19650.11 2119.10 10.78
663.7 19826.10 2150.40 10.85
665.0 19986.79 2174.55 10.88
666.4 20146.14 2206.66 10.95
667.8 20346.56 2251.46 11.07
669.1 20529.76 2294.08 11.17
670.5 20738.52 2349.28 11.33
671.9 20872.26 2399.86 11.50
673.2 21059.41 2469.95 11.73
674.6 21230.21 2541.21 11.97
676.0 21420.32 2629.59 12.28
677.3 21614.12 2722.66 12.60
678.7 21817.38 2824.13 12.94
680.0 22089.50 2938.34 13.30
681.4 22373.47 3063.25 13.69
682.8 22657.86 3185.00 14.06
684.1 22942.53 3320.46 14.47
685.5 23200.94 3440.38 14.83
686.8 23448.72 3564.54 15.20
688.2 23672.40 3674.67 15.52
689.5 23749.65 3769.01 15.87
690.9 23825.77 3860.53 16.20
692.2 23869.28 3937.71 16.50
693.6 23926.69 4018.34 16.79
694.9 23920.11 4086.43 17.08
696.2 23942.14 4158.63 17.37
697.6 23961.85 4226.50 17.64
698.9 23992.32 4298.98 17.92
700.3 24038.01 4370.26 18.18
701.6 24084.68 4447.23 18.46
703.0 24137.54 4522.83 18.74
704.3 24141.49 4586.30 19.00
705.6 24144.66 4648.70 19.25
707.0 24151.61 4710.86 19.51
708.3 24094.31 4765.38 19.78
709.6 24038.25 4816.83 20.04
711.0 23936.43 4856.93 20.29
712.3 23827.16 4893.00 20.54
713.6 23789.01 4945.08 20.79
714.9 23716.29 4994.78 21.06
716.3 23686.39 5047.68 21.31
717.6 23672.15 5105.56 21.57
718.9 23614.96 5151.48 21.81
720.2 23494.56 5177.80 22.04
721.6 23399.74 5212.77 22.28
722.9 23270.63 5245.13 22.54
724.2 23091.17 5256.91 22.77
725.5 22957.02 5288.27 23.04
726.8 22832.78 5310.94 23.26
728.1 22750.67 5346.58 23.50
729.5 22685.44 5385.67 23.74
730.8 22628.18 5426.27 23.98
732.1 22547.20 5460.65 24.22
733.4 22493.78 5496.75 24.44
734.7 22430.29 5536.35 24.68
736.0 22412.65 5582.11 24.91
737.3 22354.35 5627.46 25.17
738.6 22392.88 5686.55 25.39
739.9 22486.41 5771.10 25.66
741.2 22557.99 5843.29 25.90
742.5 22690.46 5944.12 26.20
743.8 22954.18 6077.61 26.48
745.1 23356.68 6243.55 26.73
746.4 23838.13 6433.06 26.99
747.7 24340.83 6631.92 27.25
749.0 24845.90 6817.34 27.44
750.3 25109.11 6939.21 27.64
751.6 25056.94 6978.02 27.85
752.9 24812.33 6965.24 28.07
754.2 24511.78 6946.17 28.34
755.4 24190.11 6922.61 28.62
756.7 24095.29 6957.00 28.87
758.0 24119.44 7026.93 29.13
759.3 24282.67 7141.98 29.41
760.6 24509.10 7276.19 29.69
761.9 24709.31 7400.32 29.95
763.1 24854.26 7507.90 30.21
764.4 25021.13 7622.59 30.46
765.7 25148.50 7715.50 30.68
767.0 25255.87 7815.70 30.95
768.2 25351.20 7906.75 31.19
769.5 25424.49 7988.75 31.42
770.8 25570.26 8091.94 31.65
772.0 25587.81 8170.52 31.93
773.3 25669.17 8256.85 32.17
774.6 25760.75 8349.80 32.41
775.8 25826.13 8430.31 32.64
777.1 25851.30 8497.07 32.87
778.4 25836.83 8555.68 33.11
779.6 25861.37 8627.92 33.36
780.9 25820.00 8670.40 33.58
782.1 25728.02 8708.63 33.85
783.4 25750.40 8780.10 34.10
784.6 25767.74 8845.90 34.33
785.9 25975.04 8997.60 34.64
787.1 26352.59 9185.27 34.86
788.4 26662.70 9334.66 35.01
789.6 26677.46 9363.02 35.10
790.9 26422.83 9322.55 35.28
792.1 26144.60 9283.71 35.51
793.4 25865.12 9260.07 35.80
794.6 25676.57 9242.90 36.00
795.8 25513.36 9248.68 36.25
797.1 25350.08 9238.76 36.44
798.3 25228.50 9261.04 36.71
799.5 25169.97 9288.31 36.90
800.8 25099.23 9307.86 37.08
802.0 25011.42 9340.13 37.34
803.2 24918.76 9358.21 37.55
804.5 24860.18 9378.76 37.73
805.7 24781.04 9406.80 37.96
806.9 24699.71 9414.72 38.12
808.1 24647.73 9449.58 38.34
809.4 24609.13 9474.30 38.50
810.6 24558.63 9506.77 38.71
811.8 24538.32 9546.47 38.90
813.0 24560.28 9601.11 39.09
814.2 24583.06 9644.23 39.23
815.4 24644.79 9713.00 39.41
816.6 24675.27 9762.09 39.56
817.9 24704.84 9806.97 39.70
819.1 24672.89 9818.04 39.79
820.3 24583.02 9819.12 39.94
821.5 24511.70 9816.78 40.05
822.7 24474.49 9842.35 40.21
823.9 24466.74 9862.68 40.31
825.1 24483.13 9880.71 40.36
826.3 24493.16 9907.19 40.45
827.5 24511.03 9929.92 40.51
828.7 24560.16 9950.83 40.52
829.9 24556.61 9966.22 40.58
831.0 24631.50 9993.21 40.57
832.2 24684.15 10028.98 40.63
833.4 24732.69 10057.77 40.67
834.6 24771.09 10090.31 40.73
835.8 24806.25 10134.18 40.85
837.0 24848.21 10177.66 40.96
838.1 24942.61 10237.19 41.04
839.3 24987.97 10283.49 41.15
840.5 25056.73 10332.29 41.24
841.7 25139.84 10404.59 41.39
842.9 25202.72 10460.51 41.51
844.0 25272.39 10521.36 41.63
845.2 25356.92 10579.14 41.72
846.4 25406.55 10626.81 41.83
847.5 25535.27 10711.95 41.95
848.7 25649.51 10774.37 42.01
849.9 25759.43 10854.76 42.14
851.0 25787.85 10876.43 42.18
852.2 25836.49 10915.35 42.25
853.3 25835.02 10930.63 42.31
854.5 25803.13 10948.74 42.43
855.6 25784.28 10973.39 42.56
856.8 25811.14 11011.21 42.66
857.9 25796.36 11011.52 42.69
859.1 25866.40 11076.92 42.82
860.2 25870.46 11103.04 42.92
861.4 25883.89 11138.03 43.03
862.5 25913.95 11163.73 43.08
863.7 25967.63 11206.43 43.16
864.8 25978.23 11237.17 43.26
865.9 25934.02 11235.94 43.33
867.1 25972.57 11250.44 43.32
868.2 25960.64 11279.74 43.45
869.3 25983.57 11289.41 43.45
870.5 25945.69 11283.78 43.49
871.6 25952.82 11301.38 43.55
872.7 25988.86 11334.16 43.61
873.9 26010.48 11344.86 43.62
875.0 25998.57 11338.76 43.61
876.1 25976.68 11338.08 43.65
877.2 25992.15 11346.16 43.65
878.3 25997.76 11348.53 43.65
879.4 26016.59 11359.63 43.66
880.5 26032.32 11366.78 43.66
881.7 26038.68 11360.18 43.63
882.8 26051.76 11371.80 43.65
883.9 26088.59 11375.99 43.61
885.0 26049.66 11346.15 43.56
886.1 26068.54 11327.54 43.45
887.2 25979.14 11278.88 43.42
888.3 25929.87 11247.82 43.38
889.4 25867.81 11201.89 43.30
890.5 25830.84 11171.60 43.25
891.6 25777.28 11160.83 43.30
892.7 25812.52 11141.09 43.16
893.8 25792.32 11143.66 43.21
894.9 25833.34 11136.77 43.11
896.0 25797.95 11110.28 43.07
897.0 25823.30 11108.54 43.02
898.1 25837.83 11096.71 42.95
899.2 25853.12 11101.52 42.94
900.3 25827.20 11063.30 42.84
901.4 25755.93 11024.52 42.80
902.4 25796.28 11013.61 42.69
903.5 25760.57 10981.16 42.63
904.6 25773.48 10968.17 42.56
905.7 25786.56 10953.65 42.48
906.7 25778.44 10916.46 42.35
907.8 25791.16 10913.06 42.31
908.9 25756.23 10887.49 42.27
909.9 25738.83 10848.09 42.15
911.0 25715.27 10809.83 42.04
912.1 25708.69 10769.33 41.89
913.1 25683.06 10715.85 41.72
914.2 25568.28 10638.31 41.61
915.2 25594.38 10613.38 41.47
916.3 25582.28 10584.66 41.37
917.3 25579.53 10504.58 41.07
918.4 25529.08 10443.62 40.91
919.4 25526.52 10380.72 40.67
920.5 25540.93 10319.67 40.40
921.5 25532.64 10250.60 40.15
922.6 25509.72 10168.08 39.86
923.6 25552.64 10108.25 39.56
924.7 25558.13 10038.35 39.28
925.7 25559.01 9949.93 38.93
926.7 25571.07 9868.61 38.59
927.8 25622.74 9779.20 38.17
928.8 25737.00 9717.40 37.76
929.9 25798.01 9640.90 37.37
930.9 25912.02 9583.85 36.99
931.9 26063.45 9532.76 36.58
932.9 26272.00 9475.83 36.07
934.0 26311.65 9385.72 35.67
935.0 26328.00 9284.61 35.27
936.0 26313.67 9172.77 34.86
937.0 26305.79 9049.72 34.40
938.1 26273.03 8942.03 34.04
939.1 26282.27 8806.42 33.51
940.1 26307.38 8733.52 33.20
941.1 26474.98 8651.12 32.68
942.1 26613.43 8590.78 32.28
943.1 26709.35 8527.71 31.93
944.1 26891.46 8447.38 31.41
945.2 26931.87 8298.95 30.81
946.2 27005.05 8213.65 30.42
947.2 27050.94 8107.93 29.97
948.2 27161.01 7989.89 29.42
949.2 27258.97 7884.18 28.92
950.2 27257.00 7761.22 28.47
951.2 27381.90 7665.50 27.99
952.2 27427.92 7542.68 27.50
953.2 27549.11 7435.16 26.99
954.2 27670.16 7365.65 26.62
955.2 27683.23 7248.03 26.18
956.2 27678.04 7151.20 25.84
957.2 27683.31 7072.50 25.55
958.2 27771.67 7018.75 25.27
959.2 27855.45 6983.01 25.07
960.1 27895.78 6927.14 24.83
961.1 27947.74 6879.44 24.62
962.1 27921.09 6832.88 24.47
963.1 28038.72 6822.70 24.33
964.1 28081.62 6813.55 24.26
965.1 28159.91 6775.26 24.06
966.1 28230.04 6787.01 24.04
967.0 28291.66 6764.91 23.91
968.0 28354.15 6743.47 23.78
969.0 28355.00 6796.64 23.97
970.0 28440.42 6767.43 23.80
971.0 28447.07 6789.93 23.87
971.9 28529.94 6768.78 23.73
972.9 28619.85 6751.73 23.59
973.9 28640.46 6757.66 23.59
974.9 28629.25 6749.28 23.57
975.8 28737.28 6755.04 23.51
976.8 28722.61 6779.44 23.60
977.8 28846.97 6785.65 23.52
978.8 28789.28 6823.62 23.70
979.7 28914.30 6813.29 23.56
980.7 28909.16 6855.49 23.71
981.7 29108.19 6921.62 23.78
982.6 29310.11 6971.05 23.78
983.6 29612.62 7031.99 23.75
984.6 29886.86 7076.24 23.68
985.5 30220.02 7288.56 24.12
986.5 30590.42 7303.76 23.88
987.5 31346.01 7570.70 24.15
988.4 31956.65 7831.78 24.51
989.4 32957.10 7989.60 24.24
990.4 33646.09 8174.32 24.30
991.3 34254.92 8623.38 25.17
992.3 35605.12 8646.96 24.29
993.2 35791.00 8796.28 24.58
994.2 37066.33 9513.27 25.67
995.2 37769.29 9680.13 25.63
996.1 38356.88 9780.24 25.50
997.1 37945.80 9771.45 25.75
998.0 38542.50 9661.32 25.07
999.0 38301.25 9900.51 25.85
1000.0 38064.02 10125.41 26.60
1000.9 38955.51 9679.85 24.85
1001.9 38313.61 9973.70 26.03
1002.8 38469.11 9951.79 25.87
1003.8 38840.71 9775.64 25.17
1004.8 39018.78 10039.92 25.73
961.5 34418.44 6767.67 19.66
965.5 34203.70 6567.79 19.20
969.5 33124.73 6573.39 19.84
973.4 31599.68 6491.23 20.54
977.4 30418.99 6467.73 21.26
981.4 29806.10 6523.67 21.89
985.3 29606.90 6529.78 22.05
989.3 29665.19 6628.38 22.34
993.3 29713.32 6791.62 22.86
997.2 29668.74 6919.29 23.32
1001.2 29627.00 7055.36 23.81
1005.2 29568.23 7197.27 24.34
1009.1 29600.49 7373.34 24.91
1013.1 29702.49 7595.38 25.57
1017.1 29789.49 7827.47 26.28
1021.0 29789.99 8012.40 26.90
1025.0 29760.59 8248.50 27.72
1029.0 29636.30 8490.72 28.65
1032.9 29533.53 8666.58 29.34
1036.9 29509.70 8899.50 30.16
1040.9 29556.91 9169.13 31.02
1044.8 29679.34 9418.68 31.73
1048.8 29786.37 9666.82 32.45
1052.7 29868.84 9872.68 33.05
1056.7 29898.31 10029.33 33.54
1060.7 29913.73 10157.08 33.95
1064.6 29918.21 10228.49 34.19
1068.6 29859.11 10257.95 34.35
1072.5 29814.52 10254.62 34.39
1076.5 29798.83 10210.08 34.26
1080.4 29797.49 10127.17 33.99
1084.4 29858.05 10026.58 33.58
1088.3 29928.60 9907.49 33.10
1092.3 29919.24 9737.55 32.55
1096.2 29930.07 9537.01 31.86
1100.2 29956.02 9337.21 31.17
1104.1 29873.92 9121.43 30.53
1108.1 29858.25 8900.48 29.81
1112.0 29809.22 8670.83 29.09
1116.0 29674.06 8397.87 28.30
1119.9 29580.84 8087.02 27.34
1123.9 29636.88 7758.91 26.18
1127.8 29621.76 7319.04 24.71
1131.8 29615.13 6804.66 22.98
1135.7 29658.37 6253.66 21.09
1139.6 29649.41 5697.87 19.22
1143.6 29635.32 5233.75 17.66
1147.5 29635.02 4878.59 16.46
1151.4 29535.85 4597.93 15.57
1155.4 29547.88 4427.23 14.98
1159.3 29582.50 4319.57 14.60
1163.2 29498.44 4245.82 14.39
1167.2 29505.90 4194.90 14.22
1171.1 29517.01 4154.61 14.08
1175.0 29484.53 4115.66 13.96
1179.0 29486.15 4081.90 13.84
1182.9 29537.81 4049.57 13.71
1186.8 29538.86 4032.15 13.65
1190.7 29410.97 3985.75 13.55
1194.7 29255.48 3939.44 13.47
1198.6 29133.72 3915.45 13.44
1202.5 29044.69 3903.02 13.44
1206.4 28972.03 3884.94 13.41
1210.3 28920.11 3872.62 13.39
1214.2 28863.76 3890.04 13.48
1218.2 28763.18 3898.85 13.56
1222.1 28692.28 3900.53 13.59
1226.0 28656.56 3922.82 13.69
1229.9 28600.92 3933.66 13.75
1233.8 28545.33 3932.54 13.78
1237.7 28520.81 3943.91 13.83
1241.6 28465.46 3951.50 13.88
1245.5 28370.21 3945.43 13.91
1249.4 28299.76 3959.39 13.99
1253.3 28232.22 3963.62 14.04
1257.2 28191.00 3949.51 14.01
1261.1 28130.65 3939.52 14.00
1265.0 28057.45 3928.33 14.00
1268.9 27949.80 3898.97 13.95
1272.8 27989.85 3895.95 13.92
1276.7 28109.94 3890.48 13.84
1280.6 28175.48 3868.61 13.73
1284.5 28132.96 3818.97 13.57
1288.4 28112.11 3766.83 13.40
1292.3 28036.25 3709.75 13.23
1296.2 27954.20 3642.19 13.03
1300.1 27848.52 3564.42 12.80
1303.9 27706.57 3478.19 12.55
1307.8 27559.31 3386.45 12.29
1311.7 27397.23 3285.39 11.99
1315.6 27238.78 3189.46 11.71
1319.5 27066.08 3076.91 11.37
1323.3 26913.00 2967.38 11.03
1327.2 26776.06 2877.70 10.75
1331.1 26621.95 2792.93 10.49
1335.0 26429.02 2699.14 10.21
1338.8 26290.11 2612.64 9.94
1342.7 26169.42 2535.83 9.69
1346.5 25929.13 2455.90 9.47
1350.4 25728.90 2381.62 9.26
1354.3 25457.85 2294.33 9.01
1358.1 25158.95 2224.16 8.84
1362.0 24980.59 2158.16 8.64
1365.8 24927.82 2105.79 8.45
1369.7 24996.19 2059.72 8.24
1373.5 24961.93 1990.49 7.97
1377.4 24802.90 1892.18 7.63
1381.2 24660.90 1765.56 7.16
1385.1 24643.85 1664.74 6.76
1389.0 24592.75 1552.34 6.31
1392.8 24461.78 1429.72 5.84
1396.6 24365.22 1319.21 5.41
1400.5 24231.60 1216.67 5.02
1404.3 24125.27 1141.11 4.73
1408.2 24097.32 1068.28 4.43
1412.0 24070.61 1005.06 4.18
1415.8 24101.54 969.12 4.02
1419.6 24084.23 946.80 3.93
1423.5 24070.46 927.87 3.85
1427.3 24053.34 904.81 3.76
1431.1 24042.83 881.18 3.67
1434.9 23983.10 867.31 3.62
1438.8 23944.05 868.13 3.63
1442.6 23927.04 849.34 3.55
1446.4 23856.75 834.41 3.50
1450.2 23800.39 843.37 3.54
1454.0 23730.24 836.76 3.53
1457.8 23714.21 827.37 3.49
1461.6 23699.02 840.21 3.55
1465.4 23623.88 842.49 3.57
1469.2 23507.58 850.85 3.62
1473.0 23416.67 851.60 3.64
1476.8 23385.95 858.81 3.67
1480.7 23341.52 886.53 3.80
1484.4 23269.68 905.16 3.89
1488.2 23205.84 923.40 3.98
1492.0 23119.76 939.16 4.06
1495.8 23050.30 964.60 4.18
1499.6 22974.60 982.25 4.28
1503.4 22886.86 981.55 4.29
1507.2 22817.82 993.99 4.36
1510.9 22736.47 1005.15 4.42
1514.7 22640.13 1006.23 4.44
1518.5 22563.41 1017.79 4.51
1522.3 22469.97 1035.25 4.61
1526.0 22400.45 1047.64 4.68
1529.8 22366.84 1053.29 4.71
1533.6 22289.14 1068.33 4.79
1537.3 22206.85 1082.85 4.88
1541.1 22117.21 1095.77 4.95
1544.8 22039.20 1106.40 5.02
1548.6 21965.35 1113.05 5.07
1552.4 21895.60 1126.32 5.14
1556.1 21841.83 1137.52 5.21
1559.9 21787.79 1141.94 5.24
1563.6 21716.01 1153.89 5.31
1567.3 21641.45 1168.71 5.40
1571.1 21503.94 1170.12 5.44
1574.8 21413.78 1181.57 5.52
1578.6 21355.88 1194.00 5.59
1582.3 21274.05 1194.50 5.61
1586.0 21183.04 1202.79 5.68
1589.8 21100.62 1212.62 5.75
1593.5 21000.69 1205.80 5.74
1597.2 20929.52 1205.30 5.76
1600.9 20843.62 1208.71 5.80
1604.7 20745.10 1213.52 5.85
1608.4 20669.95 1219.84 5.90
1612.1 20567.28 1215.92 5.91
1615.8 20477.47 1215.03 5.93
1619.5 20422.34 1219.46 5.97
1623.2 20328.29 1228.73 6.04
1626.9 20221.28 1232.80 6.10
1630.6 20112.62 1226.94 6.10
1634.3 20025.88 1221.09 6.10
1638.0 19934.15 1215.14 6.10
1641.7 19830.91 1210.61 6.10
1645.4 19716.98 1208.97 6.13
1649.1 19602.77 1202.41 6.13
1652.8 19509.95 1195.84 6.13
1656.4 19395.62 1189.94 6.14
1660.1 19295.18 1183.36 6.13
1663.8 19185.10 1174.65 6.12
1667.5 19083.74 1169.16 6.13
1671.1 18996.35 1160.99 6.11
1674.8 18876.30 1145.50 6.07
1678.5 18838.56 1138.12 6.04
1682.1 18849.73 1130.70 6.00
1685.8 18859.30 1129.44 5.99
1689.5 18795.30 1127.15 6.00
1693.1 18706.41 1113.90 5.95
1696.8 18615.25 1099.63 5.91
1700.4 18529.58 1083.81 5.85
1704.0 18456.67 1071.62 5.81
1707.7 18296.86 1053.11 5.76
1711.3 18114.51 1028.37 5.68
1715.0 17992.28 1011.39 5.62
1718.6 17886.14 1001.53 5.60
1722.2 17799.94 987.28 5.55
1725.9 17706.59 965.20 5.45
1729.5 17604.49 949.58 5.39
1733.1 17541.49 945.21 5.39
1736.7 17471.92 945.21 5.41
1740.3 17366.15 934.05 5.38
1744.0 17315.89 920.06 5.31
1747.5 17227.16 913.36 5.30
1751.2 17088.52 895.88 5.24
1754.8 16976.43 877.68 5.17
1758.4 16893.02 870.16 5.15
1762.0 16789.89 857.65 5.11
1765.5 16699.11 850.48 5.09
1769.1 16665.60 844.80 5.07
1772.7 16620.17 837.67 5.04
1776.3 16550.18 830.68 5.02
1779.9 16477.44 823.87 5.00
1783.5 16434.96 820.88 4.99
1787.0 16345.96 812.18 4.97
1790.6 16243.66 803.52 4.95
1794.2 16171.99 795.68 4.92
1797.8 16109.35 792.89 4.92
1801.3 16053.66 786.59 4.90
1804.9 15954.75 784.88 4.92
1808.4 15901.90 784.69 4.93
1812.0 15801.30 773.78 4.90
1815.5 15695.88 767.28 4.89
1819.1 15574.16 770.18 4.95
1822.6 15471.85 767.68 4.96
1826.2 15387.58 748.68 4.87
1829.7 15274.18 741.49 4.85
1833.2 15120.13 747.05 4.94
1836.8 14969.50 742.11 4.96
1840.3 14877.77 725.99 4.88
1843.8 14800.45 716.87 4.84
1847.3 14738.02 718.93 4.88
1850.8 14668.42 717.70 4.89
1854.3 14577.15 713.41 4.89
1857.8 14534.00 702.00 4.83
1861.3 14522.25 671.45 4.62
1864.8 14459.04 622.54 4.31
1868.3 14308.06 587.60 4.11
1871.8 14215.68 552.96 3.89
1875.3 14201.46 518.25 3.65
1878.8 14176.42 471.77 3.33
1882.3 14122.90 438.65 3.11
1885.8 14014.10 433.67 3.09
1889.3 13904.45 350.32 2.52
1892.7 13776.82 301.04 2.19
1896.2 13660.15 289.41 2.12
1899.7 13554.20 294.89 2.18
1903.1 13466.38 323.40 2.40
1906.6 13511.57 336.99 2.49
1910.0 13676.29 333.57 2.44
1913.5 13920.50 278.41 2.00
1917.0 14289.98 443.10 3.10
1920.4 14838.23 600.93 4.05
1923.8 14900.33 487.65 3.27
1871.2 12934.73 309.06 2.39
1873.9 13036.34 354.37 2.72
1876.7 13080.35 399.40 3.05
1879.5 13184.92 321.58 2.44
1882.3 12973.16 261.63 2.02
1885.1 12955.86 258.60 2.00
1887.8 13054.47 197.92 1.52
1890.6 12965.86 218.31 1.68
1893.4 12899.33 198.00 1.53
1896.2 12776.85 192.55 1.51
1898.9 12763.16 237.66 1.86
1901.7 12667.81 246.89 1.95
1904.5 12785.93 238.05 1.86
1907.2 12706.25 218.50 1.72
1910.0 12637.10 203.20 1.61
1912.7 12646.53 204.17 1.61
1915.5 12573.30 206.98 1.65
1918.2 12524.17 218.28 1.74
1921.0 12429.58 226.93 1.83
1923.7 12476.24 186.76 1.50
1926.5 12456.75 185.63 1.49
1929.2 12429.04 195.61 1.57
1932.0 12425.12 192.76 1.55
1934.7 12406.61 218.87 1.76
1937.4 12332.23 179.90 1.46
1940.2 12287.19 187.47 1.53
1942.9 12341.39 216.20 1.75
1945.6 12357.84 172.14 1.39
1948.3 12310.10 192.53 1.56
1951.1 12286.82 183.61 1.49
1953.8 12285.00 195.00 1.59
1956.5 12213.61 224.63 1.84
1959.2 12244.05 197.34 1.61
1961.9 12277.60 196.68 1.60
1964.6 12227.25 217.18 1.78
1967.3 12243.43 228.43 1.87
1970.0 12130.08 210.16 1.73
1972.8 12063.78 220.63 1.83
1975.5 12116.40 234.13 1.93
1978.2 12077.12 224.84 1.86
1980.9 11995.23 230.29 1.92
1983.5 11947.43 244.30 2.04
1986.2 11960.10 226.98 1.90
1988.9 11951.37 224.07 1.87
1991.6 11858.95 243.32 2.05
1994.3 11764.18 242.62 2.06
1997.0 11766.88 242.20 2.06
1999.7 11773.83 241.22 2.05
2002.3 11759.81 227.26 1.93
2005.0 11690.77 256.02 2.19
2007.7 11638.67 269.47 2.32
2010.4 11594.16 245.53 2.12
2013.0 11562.08 261.74 2.26
2015.7 11497.38 244.38 2.13
2018.4 11428.93 252.46 2.21
2021.0 11415.50 269.17 2.36
2023.7 11337.76 268.53 2.37
2026.4 11289.20 264.77 2.35
2029.0 11241.04 258.67 2.30
2031.7 11159.63 256.32 2.30
2034.3 11170.90 264.77 2.37
2037.0 11088.29 273.06 2.46
2039.6 11036.71 275.71 2.50
2042.3 11025.52 269.60 2.45
2044.9 10984.38 277.70 2.53
2047.5 10945.11 286.11 2.61
2050.2 10866.80 268.80 2.47
2052.8 10875.20 274.40 2.52
2055.4 10794.82 252.15 2.34
2058.1 10693.20 263.20 2.46
2060.7 10690.88 276.71 2.59
2063.3 10636.71 281.45 2.65
2065.9 10588.79 287.54 2.72
2068.6 10527.38 284.75 2.70
2071.2 10509.93 290.16 2.76
2073.8 10479.76 265.84 2.54
2076.4 10429.57 297.51 2.85
2079.0 10413.86 292.24 2.81
2081.6 10426.21 253.20 2.43
2084.2 10409.13 270.88 2.60
2086.8 10317.76 268.69 2.60
2089.4 10237.53 275.16 2.69
2092.1 10185.83 306.00 3.00
2094.7 10161.53 296.63 2.92
2097.2 10134.83 289.00 2.85
2099.8 10154.06 298.90 2.94
2102.4 10079.62 290.02 2.88
2105.0 9975.00 296.40 2.97
2107.6 9943.53 313.32 3.15
2110.2 9903.21 312.58 3.16
2112.8 9887.09 292.06 2.95
2115.3 9921.47 291.55 2.94
2117.9 9932.41 310.48 3.13
2120.5 9899.34 282.76 2.86
2123.1 9860.18 266.18 2.70
2125.6 9830.42 286.98 2.92
2128.2 9760.43 278.03 2.85
2130.8 9696.38 298.35 3.08
2133.3 9680.00 293.33 3.03
2135.9 9631.02 282.40 2.93
2138.4 9558.99 321.19 3.36
2141.0 9487.88 308.53 3.25
2143.6 9445.83 284.37 3.01
2146.1 9343.90 293.83 3.14
2148.7 9250.50 290.73 3.14
2151.2 9289.87 287.47 3.09
2153.8 9283.27 300.22 3.23
2156.3 9196.68 298.29 3.24
2158.8 9167.15 265.80 2.90
2161.4 9136.89 283.04 3.10
2163.9 9080.87 297.78 3.28
2166.4 9038.53 289.75 3.21
2169.0 9026.70 289.75 3.21
2171.5 8964.61 277.93 3.10
2174.0 8877.40 282.63 3.18
2176.5 8859.37 313.95 3.54
2179.1 8821.17 298.16 3.38
2181.6 8799.54 258.54 2.94
2184.1 8784.16 289.52 3.30
2186.6 8784.20 288.73 3.29
2189.1 8744.04 285.69 3.27
2191.6 8708.93 297.27 3.41
2194.1 8706.09 292.31 3.36
2196.6 8712.45 295.51 3.39
2199.2 8755.72 282.56 3.23
2201.7 8703.45 268.63 3.09
2204.1 8678.72 249.22 2.87
2206.6 8675.98 279.75 3.22
2209.1 8675.22 283.88 3.27
2211.6 8663.97 281.69 3.25
2214.1 8610.78 296.53 3.44
2216.6 8633.61 273.48 3.17
2219.1 8660.20 269.68 3.11
2221.6 8580.23 258.85 3.02
2224.0 8522.97 259.08 3.04
2226.5 8511.79 243.52 2.86
2229.0 8530.74 281.69 3.30
2231.5 8441.32 279.59 3.31
2233.9 8443.24 257.84 3.05
2236.4 8476.56 285.64 3.37
2238.9 8385.50 248.00 2.96
2241.3 8391.31 244.86 2.92
2243.8 8383.54 279.84 3.34
2246.2 8253.42 255.86 3.10
2248.7 8237.84 231.40 2.81
2251.2 8236.26 249.82 3.03
2253.6 8194.56 253.44 3.09
2256.1 8190.72 238.08 2.91
2258.5 8190.43 242.03 2.95
2260.9 8134.04 264.62 3.25
2263.4 8110.40 241.82 2.98
2265.8 8131.85 226.95 2.79
2268.3 8069.96 215.51 2.67
2270.7 8098.88 211.11 2.61
2273.1 8065.01 233.94 2.90
2275.6 8029.44 222.72 2.77
2278.0 8032.57 196.01 2.44
2280.4 8050.71 200.11 2.49
2282.8 7960.15 193.58 2.43
2285.3 7901.09 202.19 2.56
2287.7 7985.73 226.49 2.84
2290.1 7946.20 181.85 2.29
2292.5 7920.79 166.67 2.10
2294.9 7927.04 193.63 2.44
2297.3 7846.72 193.80 2.47
2299.7 7809.80 197.42 2.53
2302.1 7774.17 204.27 2.63
2304.5 7698.88 180.32 2.34
2306.9 7651.84 141.12 1.84
2309.3 7605.49 195.92 2.58
2311.7 7551.70 180.55 2.39
2314.1 7431.64 145.72 1.96
2316.5 7403.26 193.06 2.61
2318.9 7422.16 201.03 2.71
2321.3 7384.55 166.39 2.25
2323.7 7411.63 167.72 2.26
2326.1 7407.14 173.29 2.34
2328.4 7416.57 162.73 2.19
2330.8 7456.07 175.87 2.36
2333.2 7380.05 164.73 2.23
2335.6 7348.45 166.07 2.26
2337.9 7374.28 183.63 2.49
2340.3 7351.28 151.14 2.06
2342.7 7303.86 173.50 2.38
2345.0 7304.27 186.85 2.56
2347.4 7310.00 144.50 1.98
2349.7 7167.86 145.24 2.03
2352.1 7105.77 162.96 2.29
2354.4 7122.34 146.14 2.05
2356.8 7109.55 116.55 1.64
2359.2 7054.67 147.33 2.09
2361.5 7016.24 152.72 2.18
2363.8 7061.80 136.14 1.93
2366.2 7030.44 141.23 2.01
2368.5 6995.40 151.30 2.16
2370.9 6987.35 125.25 1.79
2373.2 6974.33 125.91 1.81
2375.5 6914.20 140.28 2.03
2377.9 6855.73 159.54 2.33
2380.2 6895.41 174.10 2.52
2382.5 6832.77 119.47 1.75
2384.8 6779.04 129.92 1.92
2387.2 6826.21 154.72 2.27
2389.5 6803.92 113.32 1.67
2391.8 6773.50 142.60 2.11
2394.1 6708.07 167.94 2.50
2396.4 6696.25 135.47 2.02
2398.7 6727.77 116.92 1.74
2401.0 6675.75 158.24 2.37
2403.3 6633.36 104.58 1.58
2405.6 6587.80 59.98 0.91
2407.9 6548.07 105.21 1.61
2410.2 6522.35 115.31 1.77
2412.5 6494.37 137.21 2.11
2414.8 6495.78 159.19 2.45
2417.1 6477.89 180.66 2.79
2419.4 6418.72 109.41 1.70
2421.7 6381.59 110.39 1.73
2424.0 6340.00 174.35 2.75
2426.2 6377.20 85.60 1.34
2428.5 6376.43 75.72 1.19
2430.8 6305.65 141.70 2.25
2433.1 6272.91 110.63 1.76
2435.4 6216.05 100.71 1.62
2437.6 6193.67 128.69 2.08
2439.9 6131.58 112.30 1.83
2442.2 6143.40 45.51 0.74
2444.4 6156.85 57.43 0.93
2446.7 6096.96 140.16 2.30
2448.9 6140.77 106.59 1.74
2451.2 6097.08 29.80 0.49
2453.4 6044.75 90.40 1.50
2455.7 6045.18 115.55 1.91
2457.9 5958.48 79.37 1.33
2460.2 5967.72 98.64 1.65
2462.4 5959.20 93.60 1.57
2464.7 5866.75 25.23 0.43
2466.9 5842.20 19.26 0.33
2469.2 5878.87 129.63 2.21
2471.4 5796.90 98.48 1.70
2473.6 5704.14 33.48 0.59
2475.9 5730.24 60.96 1.06
2478.1 5690.78 27.33 0.48
2480.3 5611.10 69.62 1.24
2482.5 5590.00 121.52 2.17
2484.8 5592.32 72.82 1.30
2487.0 5577.22 29.63 0.53
2489.2 5540.68 30.15 0.54
2491.4 5525.52 107.59 1.95
2493.6 5479.00 109.74 2.00
2495.8 5487.41 63.35 1.15
2498.0 5504.43 56.75 1.03
2500.2 5484.68 25.28 0.46
2502.4 5700.96 115.44 2.02
2504.6 5765.46 131.46 2.28
2506.8 5747.58 58.45 1.02
