/*** Spectra Vista SIG Data ***/
name= \My Documents\HR1024_Data\RD4S2.
instrument= HR: 1091052
integration= 400, 60, 30, 500, 60, 30
scan time= 1, 1
scan settings= AD, AI, AD, AI
external data set1= 8224, 8224, 8224, 8224, 8224, 8224, 8224, 8224, 8224, 8224, 8224, 8224, 8224, 8224, 8224, 8224
external data set2= 8224, 8224, 8224, 8224, 8224, 8224, 8224, 8224, 8224, 8224, 8224, 8224, 8224, 8224, 8224, 8224
external data dark= 0,0,0,0,0,0,0,0
external data mask= 0
optic= LENS4 , LENS4 
temp= 33.87, 8.81, -5.37, 34.35, 8.81, -5.30
battery= 7.1, 7.1
error= 0, 0
units= Radiance, Radiance
time= 2/3/08 11:48:15 AM, 2/3/08 11:49:32 AM
longitude= , 
latitude= , 
gpstime= , 
comm= 
memory slot= 0, 0
factors= 
data= 
346.4 300.98 123.58 41.06
347.9 318.46 128.01 40.20
349.5 343.20 122.30 35.64
351.1 374.40 127.30 34.00
352.6 409.54 135.36 33.05
354.2 435.24 145.30 33.38
355.7 456.30 146.82 32.18
357.3 495.85 158.12 31.89
358.8 506.78 164.96 32.55
360.4 548.73 164.62 30.00
361.9 565.91 167.16 29.54
363.5 593.82 171.74 28.92
365.1 620.68 178.92 28.83
366.6 647.34 178.15 27.52
368.2 683.25 185.33 27.13
369.7 726.46 177.62 24.45
371.3 772.09 187.01 24.22
372.8 813.40 189.90 23.35
374.4 856.07 201.59 23.55
375.9 883.77 202.57 22.92
377.4 909.07 209.46 23.04
379.0 945.20 213.86 22.63
380.5 966.34 209.27 21.66
382.1 1004.70 205.67 20.47
383.6 1031.94 210.92 20.44
385.2 1082.13 221.10 20.43
386.7 1134.44 224.18 19.76
388.3 1183.47 234.79 19.84
389.8 1236.62 229.48 18.56
391.3 1283.89 246.19 19.18
392.9 1324.35 254.91 19.25
394.4 1356.15 264.70 19.52
395.9 1406.72 276.32 19.64
397.5 1480.96 279.07 18.84
399.0 1545.00 284.28 18.40
400.6 1586.22 288.66 18.20
402.1 1624.11 283.80 17.47
403.6 1645.88 287.70 17.48
405.1 1688.62 279.68 16.56
406.7 1751.68 296.58 16.93
408.2 1815.41 302.05 16.64
409.7 1871.52 314.50 16.80
411.3 1932.39 318.55 16.48
412.8 1975.40 334.64 16.94
414.3 2044.89 340.69 16.66
415.8 2106.25 340.00 16.14
417.4 2169.48 364.32 16.79
418.9 2222.61 364.32 16.39
420.4 2266.93 364.90 16.10
421.9 2296.58 367.84 16.02
423.5 2335.00 371.73 15.92
425.0 2376.73 373.09 15.70
426.5 2428.43 373.24 15.37
428.0 2489.68 375.20 15.07
429.5 2574.41 381.57 14.82
431.1 2658.69 397.06 14.93
432.6 2748.21 414.49 15.08
434.1 2843.23 424.27 14.92
435.6 2926.69 436.54 14.92
437.1 3007.88 447.72 14.88
438.6 3080.14 458.24 14.88
440.1 3160.11 463.11 14.65
441.6 3238.04 478.20 14.77
443.1 3312.90 485.19 14.65
444.7 3389.72 494.84 14.60
446.2 3441.68 508.57 14.78
447.7 3501.62 516.94 14.76
449.2 3564.00 520.99 14.62
450.7 3621.28 515.84 14.24
452.2 3682.41 517.97 14.07
453.7 3758.53 522.25 13.89
455.2 3840.40 542.09 14.12
456.7 3952.96 552.64 13.98
458.2 4072.55 569.69 13.99
459.7 4195.63 583.80 13.91
461.2 4317.19 596.57 13.82
462.7 4419.51 617.19 13.97
464.2 4528.34 634.64 14.01
465.7 4636.49 644.36 13.90
467.2 4730.69 662.97 14.01
468.7 4831.00 680.80 14.09
470.2 4904.47 706.88 14.41
471.7 4994.63 719.15 14.40
473.2 5152.65 711.70 13.81
474.6 5277.65 701.81 13.30
476.1 5315.90 711.47 13.38
477.6 5339.08 723.49 13.55
479.1 5368.13 734.30 13.68
480.6 5404.66 733.41 13.57
482.1 5475.21 734.61 13.42
483.6 5562.12 741.96 13.34
485.1 5668.27 754.20 13.31
486.6 5791.79 773.01 13.35
488.0 5923.94 784.55 13.24
489.5 6066.75 807.50 13.31
491.0 6201.68 826.89 13.33
492.5 6345.54 847.58 13.36
494.0 6492.59 871.13 13.42
495.4 6616.50 885.06 13.38
496.9 6746.80 907.81 13.46
498.4 6868.17 926.81 13.49
499.9 6989.37 946.69 13.54
501.4 7101.28 965.33 13.59
502.8 7211.42 989.06 13.72
504.3 7308.90 999.36 13.67
505.8 7405.94 1021.94 13.80
507.2 7465.75 1032.38 13.83
508.7 7504.76 1045.15 13.93
510.2 7549.77 1052.69 13.94
511.6 7573.93 1054.09 13.92
513.1 7619.32 1065.90 13.99
514.6 7684.06 1069.44 13.92
516.0 7736.05 1077.34 13.93
517.5 7828.25 1090.59 13.93
519.0 7931.31 1103.05 13.91
520.5 8033.54 1131.60 14.09
521.9 8170.54 1153.91 14.12
523.4 8322.71 1179.02 14.17
524.8 8476.58 1205.87 14.23
526.3 8648.70 1238.25 14.32
527.8 8824.59 1269.69 14.39
529.2 8983.24 1297.10 14.44
530.7 9161.81 1325.72 14.47
532.1 9325.79 1356.60 14.55
533.6 9502.17 1386.51 14.59
535.0 9689.01 1419.96 14.66
536.5 9867.79 1453.28 14.73
538.0 10049.16 1484.51 14.77
539.4 10231.78 1526.33 14.92
540.9 10443.93 1560.45 14.94
542.3 10618.63 1582.42 14.90
543.8 10743.19 1593.83 14.84
545.2 10787.72 1598.85 14.82
546.6 10787.25 1619.87 15.02
548.1 10798.67 1631.09 15.10
549.5 10797.77 1644.06 15.23
551.0 10799.56 1646.49 15.25
552.4 10821.09 1657.75 15.32
553.9 10825.03 1668.28 15.41
555.3 10846.78 1682.69 15.51
556.8 10905.15 1705.96 15.64
558.2 10950.19 1731.38 15.81
559.6 11027.13 1757.60 15.94
561.1 11132.88 1795.95 16.13
562.5 11245.54 1837.75 16.34
564.0 11402.49 1887.42 16.55
565.4 11543.72 1937.95 16.79
566.8 11723.98 2003.95 17.09
568.3 11891.25 2070.67 17.41
569.7 12076.06 2140.17 17.72
571.1 12249.63 2216.05 18.09
572.6 12426.21 2291.98 18.44
574.0 12599.40 2370.72 18.82
575.4 12769.31 2455.65 19.23
576.9 12924.45 2537.07 19.63
578.3 13072.88 2634.78 20.15
579.7 13214.09 2729.08 20.65
581.1 13332.32 2826.86 21.20
582.6 13457.72 2930.20 21.77
584.0 13568.00 3027.36 22.31
585.4 13711.91 3137.32 22.88
586.8 13919.40 3253.26 23.37
588.3 14140.62 3378.96 23.90
589.7 14327.82 3495.02 24.39
591.1 14447.26 3610.78 24.99
592.5 14518.46 3728.60 25.68
594.0 14547.66 3830.83 26.33
595.4 14566.76 3932.72 27.00
596.8 14575.28 4043.75 27.74
598.2 14586.43 4155.86 28.49
599.6 14584.19 4263.37 29.23
601.0 14621.32 4382.64 29.97
602.4 14656.48 4508.53 30.76
603.9 14720.65 4645.72 31.56
605.3 14787.56 4787.15 32.37
606.7 14850.90 4935.60 33.23
608.1 14956.71 5096.27 34.07
609.5 15087.13 5273.13 34.95
610.9 15240.09 5461.40 35.84
612.3 15378.24 5656.62 36.78
613.7 15565.24 5857.42 37.63
615.1 15698.61 6045.84 38.51
616.5 15834.13 6235.75 39.38
617.9 16040.22 6458.08 40.26
619.3 16231.37 6687.71 41.20
620.7 16465.73 6942.56 42.16
622.1 16702.31 7172.69 42.94
623.5 16967.59 7383.32 43.51
624.9 17268.83 7595.49 43.98
626.3 17464.11 7705.37 44.12
627.7 17297.90 7626.56 44.09
629.1 17131.07 7577.01 44.23
630.5 17065.89 7626.75 44.69
631.9 17068.07 7800.89 45.70
633.3 17072.86 8020.30 46.98
634.7 17143.21 8258.91 48.18
636.1 17175.19 8426.23 49.06
637.5 17214.12 8567.86 49.77
638.9 17282.65 8705.00 50.37
640.2 17345.48 8827.57 50.89
641.6 17368.65 8913.53 51.32
643.0 17347.86 8976.61 51.74
644.4 17346.99 9046.39 52.15
645.8 17303.92 9079.53 52.47
647.2 17371.51 9161.72 52.74
648.5 17405.34 9229.92 53.03
649.9 17326.73 9251.74 53.40
651.3 17269.88 9296.28 53.83
652.7 17194.65 9349.32 54.37
654.1 17110.53 9195.48 53.74
655.5 17000.34 8967.73 52.75
656.8 16892.62 8752.31 51.81
658.2 16993.27 8657.27 50.95
659.6 17201.86 8631.78 50.18
660.9 17374.35 8570.24 49.33
662.3 17542.46 8517.17 48.55
663.7 17706.15 8447.88 47.71
665.0 17850.15 8368.32 46.88
666.4 17993.38 8302.13 46.14
667.8 18172.37 8257.81 45.44
669.1 18340.58 8217.63 44.81
670.5 18513.22 8204.31 44.32
671.9 18629.28 8187.74 43.95
673.2 18784.35 8228.26 43.80
674.6 18934.77 8284.94 43.76
676.0 19107.41 8382.85 43.87
677.3 19274.00 8534.19 44.28
678.7 19460.75 8748.20 44.95
680.0 19693.92 9063.56 46.02
681.4 19949.74 9468.73 47.46
682.8 20190.63 9995.44 49.51
684.1 20434.05 10631.09 52.03
685.5 20661.50 11357.10 54.97
686.8 20876.79 12159.29 58.24
688.2 21063.54 12992.98 61.68
689.5 21136.22 13792.06 65.25
690.9 21189.20 14571.58 68.77
692.2 21241.50 15321.42 72.13
693.6 21283.52 16044.73 75.39
694.9 21276.87 16674.37 78.37
696.2 21306.77 17277.26 81.09
697.6 21332.37 17815.16 83.51
698.9 21357.60 18296.26 85.67
700.3 21390.71 18731.65 87.57
701.6 21429.47 19140.19 89.32
703.0 21471.99 19513.33 90.88
704.3 21485.34 19810.44 92.20
705.6 21483.00 20066.80 93.41
707.0 21491.89 20299.52 94.45
708.3 21438.50 20458.96 95.43
709.6 21384.38 20589.80 96.28
711.0 21305.08 20649.63 96.92
712.3 21214.65 20710.21 97.62
713.6 21181.23 20789.33 98.15
714.9 21115.22 20833.49 98.67
716.3 21103.70 20904.14 99.05
717.6 21104.62 21003.78 99.52
718.9 21048.57 21023.53 99.88
720.2 20942.08 20962.84 100.10
721.6 20841.80 20906.08 100.31
722.9 20742.62 20850.48 100.52
724.2 20595.93 20748.97 100.74
725.5 20483.80 20699.24 101.05
726.8 20382.67 20618.33 101.16
728.1 20319.64 20573.93 101.25
729.5 20266.07 20527.36 101.29
730.8 20224.65 20472.12 101.22
732.1 20162.40 20418.22 101.27
733.4 20118.51 20380.52 101.30
734.7 20079.83 20339.86 101.30
736.0 20072.78 20343.54 101.35
737.3 20029.99 20318.07 101.44
738.6 20078.49 20383.69 101.52
739.9 20158.75 20501.77 101.70
741.2 20237.49 20595.12 101.77
742.5 20374.08 20768.38 101.94
743.8 20609.53 21064.89 102.21
745.1 20972.39 21470.99 102.38
746.4 21401.61 21919.17 102.42
747.7 21849.92 22347.77 102.28
749.0 22279.29 22732.37 102.03
750.3 22537.39 22895.49 101.59
751.6 22489.95 22789.26 101.33
752.9 22268.69 22558.57 101.30
754.2 22020.08 22333.21 101.42
755.4 21752.37 22139.52 101.78
756.7 21671.76 22109.99 102.02
758.0 21695.15 22196.77 102.31
759.3 21840.20 22400.48 102.57
760.6 22048.18 22661.41 102.78
761.9 22241.80 22914.87 103.03
763.1 22361.42 23069.96 103.17
764.4 22495.96 23251.43 103.36
765.7 22607.00 23390.90 103.47
767.0 22707.99 23508.52 103.53
768.2 22787.52 23607.36 103.60
769.5 22847.70 23688.74 103.68
770.8 22968.83 23834.23 103.77
772.0 23007.05 23876.28 103.78
773.3 23073.57 23971.12 103.89
774.6 23142.26 24090.13 104.10
775.8 23217.35 24162.19 104.07
777.1 23250.39 24200.63 104.09
778.4 23228.21 24195.08 104.16
779.6 23232.20 24233.95 104.31
780.9 23206.00 24227.20 104.40
782.1 23123.66 24189.02 104.61
783.4 23129.60 24204.54 104.65
784.6 23156.94 24272.74 104.82
785.9 23323.57 24515.73 105.11
787.1 23657.54 24913.97 105.31
788.4 23905.77 25118.42 105.07
789.6 23910.81 24965.39 104.41
790.9 23703.38 24643.78 103.97
792.1 23443.52 24403.90 104.10
793.4 23200.49 24179.12 104.22
794.6 23038.97 24007.81 104.21
795.8 22887.63 23875.81 104.32
797.1 22746.90 23746.08 104.39
798.3 22633.05 23663.97 104.55
799.5 22585.37 23627.35 104.61
800.8 22510.70 23570.51 104.71
802.0 22435.02 23491.34 104.71
803.2 22355.92 23399.14 104.67
804.5 22286.88 23337.91 104.72
805.7 22221.30 23251.08 104.63
806.9 22163.45 23169.81 104.54
808.1 22106.40 23119.31 104.58
809.4 22068.13 23099.51 104.67
810.6 22012.90 23061.22 104.76
811.8 21998.30 23060.03 104.83
813.0 22023.85 23100.16 104.89
814.2 22034.44 23116.73 104.91
815.4 22094.68 23156.13 104.80
816.6 22117.02 23166.38 104.74
817.9 22159.15 23155.60 104.50
819.1 22110.24 23069.99 104.34
820.3 22040.68 22960.43 104.17
821.5 21976.08 22873.55 104.08
822.7 21945.91 22817.66 103.97
823.9 21946.82 22783.13 103.81
825.1 21950.55 22760.42 103.69
826.3 21976.62 22719.77 103.38
827.5 21980.34 22722.95 103.38
828.7 22017.96 22679.62 103.01
829.9 22041.74 22650.34 102.76
831.0 22083.57 22664.38 102.63
832.2 22125.60 22676.14 102.49
833.4 22169.16 22693.03 102.36
834.6 22207.03 22730.63 102.36
835.8 22252.39 22736.70 102.18
837.0 22278.53 22779.12 102.25
838.1 22362.84 22848.44 102.17
839.3 22423.92 22869.52 101.99
840.5 22463.55 22948.16 102.16
841.7 22539.94 23026.95 102.16
842.9 22590.38 23144.80 102.45
844.0 22640.76 23205.75 102.50
845.2 22733.43 23284.42 102.42
846.4 22779.40 23351.03 102.51
847.5 22894.92 23465.85 102.49
848.7 22986.81 23530.58 102.37
849.9 23090.42 23597.30 102.20
851.0 23115.33 23599.76 102.10
852.2 23147.70 23607.12 101.98
853.3 23146.04 23572.71 101.84
854.5 23138.69 23540.46 101.74
855.6 23131.08 23509.76 101.64
856.8 23140.08 23551.53 101.78
857.9 23125.66 23543.89 101.81
859.1 23200.40 23609.60 101.76
860.2 23210.88 23605.26 101.70
861.4 23238.19 23625.97 101.67
862.5 23256.69 23649.95 101.69
863.7 23299.75 23684.53 101.65
864.8 23308.25 23695.28 101.66
865.9 23278.88 23651.34 101.60
867.1 23298.62 23678.66 101.63
868.2 23308.26 23657.97 101.50
869.3 23327.36 23645.54 101.36
870.5 23292.12 23614.69 101.38
871.6 23289.32 23607.20 101.36
872.7 23336.56 23620.21 101.22
873.9 23363.45 23640.86 101.19
875.0 23323.98 23639.62 101.35
876.1 23338.58 23625.11 101.23
877.2 23352.60 23604.02 101.08
878.3 23349.40 23579.59 100.99
879.4 23378.40 23556.99 100.76
880.5 23403.42 23561.57 100.68
881.7 23389.60 23534.94 100.62
882.8 23432.80 23529.29 100.41
883.9 23448.21 23508.63 100.26
885.0 23450.02 23426.95 99.90
886.1 23424.56 23370.87 99.77
887.2 23365.96 23240.24 99.46
888.3 23308.56 23125.11 99.21
889.4 23276.53 23051.60 99.03
890.5 23201.38 22962.75 98.97
891.6 23192.34 22909.93 98.78
892.7 23215.89 22893.79 98.61
893.8 23203.09 22883.30 98.62
894.9 23213.03 22894.39 98.63
896.0 23219.08 22851.98 98.42
897.0 23233.59 22826.43 98.25
898.1 23265.19 22791.53 97.96
899.2 23265.94 22800.81 98.00
900.3 23202.69 22701.26 97.84
901.4 23182.22 22648.63 97.70
902.4 23192.03 22610.57 97.49
903.5 23179.29 22563.20 97.34
904.6 23181.33 22524.46 97.17
905.7 23181.52 22517.55 97.14
906.7 23201.08 22491.94 96.94
907.8 23205.26 22480.82 96.88
908.9 23171.38 22408.56 96.71
909.9 23142.01 22332.70 96.50
911.0 23135.89 22298.33 96.38
912.1 23112.25 22219.23 96.14
913.1 23069.80 22127.25 95.91
914.2 23011.95 22054.93 95.84
915.2 23006.97 22009.97 95.67
916.3 23024.55 21949.20 95.33
917.3 23013.50 21865.85 95.01
918.4 22970.06 21807.06 94.94
919.4 22959.52 21696.01 94.50
920.5 22948.10 21631.02 94.26
921.5 22992.94 21606.79 93.97
922.6 22908.19 21461.02 93.68
923.6 22998.44 21463.79 93.33
924.7 22983.50 21345.20 92.87
925.7 22963.47 21268.22 92.62
926.7 22993.12 21202.82 92.21
927.8 23046.06 21118.81 91.64
928.8 23129.73 21108.82 91.26
929.9 23214.82 21054.43 90.69
930.9 23325.95 21035.60 90.18
931.9 23422.51 21081.41 90.00
932.9 23590.71 21115.31 89.51
934.0 23628.34 21068.07 89.16
935.0 23647.48 20996.42 88.79
936.0 23654.47 20908.79 88.39
937.0 23611.58 20730.61 87.80
938.1 23603.32 20626.63 87.39
939.1 23584.34 20559.54 87.17
940.1 23673.00 20448.62 86.38
941.1 23749.98 20441.83 86.07
942.1 23913.97 20480.90 85.64
943.1 24007.97 20439.12 85.13
944.1 24139.96 20422.85 84.60
945.2 24191.16 20347.66 84.11
946.2 24274.20 20226.74 83.33
947.2 24295.69 20164.15 82.99
948.2 24407.51 20097.11 82.34
949.2 24434.31 20017.08 81.92
950.2 24503.20 19911.66 81.26
951.2 24568.74 19797.79 80.58
952.2 24624.11 19710.91 80.05
953.2 24717.31 19631.89 79.43
954.2 24858.68 19585.44 78.79
955.2 24833.48 19467.36 78.39
956.2 24781.87 19324.53 77.98
957.2 24889.44 19285.72 77.49
958.2 24934.17 19177.62 76.91
959.2 25016.63 19147.50 76.54
960.1 25036.42 19103.25 76.30
961.1 25110.32 19127.36 76.17
962.1 25088.91 19087.88 76.08
963.1 25119.92 19067.06 75.90
964.1 25214.63 19073.46 75.64
965.1 25330.49 19082.75 75.34
966.1 25308.67 19105.93 75.49
967.0 25429.11 19089.03 75.07
968.0 25412.72 19124.50 75.26
969.0 25476.70 19071.68 74.86
970.0 25548.92 19114.79 74.82
971.0 25553.38 19175.86 75.04
971.9 25577.75 19082.94 74.61
972.9 25632.47 19227.43 75.01
973.9 25687.84 19194.63 74.72
974.9 25707.07 19143.62 74.47
975.8 25785.50 19152.51 74.28
976.8 25887.84 19270.39 74.44
977.8 25820.50 19254.67 74.57
978.8 25860.98 19435.74 75.15
979.7 25944.03 19449.77 74.97
980.7 26085.84 19628.00 75.24
981.7 26216.93 19512.70 74.43
982.6 26357.49 19741.71 74.90
983.6 26637.96 20109.78 75.49
984.6 26867.99 20262.69 75.42
985.5 27228.96 20710.51 76.06
986.5 27586.71 20836.26 75.53
987.5 28229.74 21190.64 75.06
988.4 29129.10 21382.68 73.41
989.4 29461.65 22121.21 75.08
990.4 30215.79 22712.93 75.17
991.3 31016.90 23177.46 74.73
992.3 32083.73 23554.15 73.41
993.2 32873.87 24414.18 74.27
994.2 33903.68 24188.00 71.34
995.2 33992.36 24843.80 73.09
996.1 34230.84 25550.88 74.64
997.1 34851.51 24754.34 71.03
998.0 34260.00 24393.12 71.20
999.0 34687.92 25004.21 72.08
1000.0 34688.89 25351.01 73.08
1000.9 35217.36 24868.57 70.61
1001.9 35272.85 24812.62 70.34
1002.8 34914.90 24419.52 69.94
1003.8 33603.76 24439.10 72.73
1004.8 35367.90 24278.35 68.65
961.5 31131.28 19239.52 61.80
965.5 30535.97 19447.49 63.69
969.5 29322.48 19075.72 65.05
973.4 27903.28 18256.59 65.43
977.4 26904.56 17778.87 66.08
981.4 26534.70 17619.65 66.40
985.3 26407.57 17661.86 66.88
989.3 26474.11 17954.73 67.82
993.3 26619.54 18317.77 68.81
997.2 26659.40 18553.95 69.60
1001.2 26636.74 18713.24 70.25
1005.2 26603.49 18858.17 70.89
1009.1 26619.65 19063.55 71.61
1013.1 26716.01 19367.01 72.49
1017.1 26794.94 19701.65 73.53
1021.0 26801.46 19944.10 74.41
1025.0 26791.13 20164.83 75.27
1029.0 26701.37 20311.67 76.07
1032.9 26612.69 20451.21 76.85
1036.9 26609.51 20657.31 77.63
1040.9 26674.31 20909.10 78.39
1044.8 26787.82 21219.51 79.21
1048.8 26888.29 21504.74 79.98
1052.7 26960.57 21751.73 80.68
1056.7 26977.24 21912.78 81.23
1060.7 26985.60 22005.45 81.55
1064.6 27010.97 22111.65 81.86
1068.6 26982.88 22113.31 81.95
1072.5 26926.21 22063.11 81.94
1076.5 26904.28 22043.39 81.93
1080.4 26907.72 21997.71 81.75
1084.4 26967.74 21967.24 81.46
1088.3 27046.80 21910.06 81.01
1092.3 27030.17 21737.02 80.42
1096.2 27021.53 21574.79 79.84
1100.2 27064.25 21450.35 79.26
1104.1 26999.93 21235.58 78.65
1108.1 26976.31 21050.74 78.03
1112.0 26929.62 20826.00 77.33
1116.0 26827.19 20514.91 76.47
1119.9 26743.36 20170.70 75.42
1123.9 26789.11 19864.82 74.15
1127.8 26776.32 19388.16 72.41
1131.8 26765.25 18764.25 70.11
1135.7 26806.82 18058.53 67.37
1139.6 26802.37 17256.63 64.38
1143.6 26782.94 16473.70 61.51
1147.5 26783.56 15808.59 59.02
1151.4 26689.51 15255.92 57.16
1155.4 26684.50 14907.93 55.87
1159.3 26717.33 14685.80 54.97
1163.2 26640.39 14480.27 54.35
1167.2 26631.42 14368.86 53.95
1171.1 26649.11 14300.97 53.66
1175.0 26624.79 14222.15 53.42
1179.0 26612.16 14144.33 53.15
1182.9 26679.08 14105.58 52.87
1186.8 26688.13 14048.04 52.64
1190.7 26563.51 13927.48 52.43
1194.7 26418.25 13817.60 52.30
1198.6 26292.42 13735.26 52.24
1202.5 26222.77 13677.84 52.16
1206.4 26156.30 13662.61 52.23
1210.3 26101.80 13671.88 52.38
1214.2 26061.58 13704.39 52.58
1218.2 25980.18 13732.34 52.86
1222.1 25898.70 13768.10 53.16
1226.0 25846.71 13826.64 53.49
1229.9 25808.88 13880.70 53.78
1233.8 25765.00 13923.56 54.04
1237.7 25743.41 13964.15 54.24
1241.6 25703.07 14007.11 54.50
1245.5 25624.12 14026.50 54.74
1249.4 25550.35 14037.57 54.94
1253.3 25491.83 14043.37 55.09
1257.2 25468.72 14046.94 55.15
1261.1 25410.02 14043.46 55.27
1265.0 25340.06 14035.97 55.39
1268.9 25238.59 13989.24 55.43
1272.8 25273.80 13987.80 55.35
1276.7 25394.86 14002.32 55.14
1280.6 25450.19 13971.71 54.90
1284.5 25408.33 13878.48 54.62
1288.4 25396.88 13773.68 54.23
1292.3 25335.75 13618.00 53.75
1296.2 25253.77 13439.73 53.22
1300.1 25154.45 13229.32 52.59
1303.9 25021.28 12969.20 51.83
1307.8 24888.83 12696.57 51.01
1311.7 24744.05 12397.94 50.10
1315.6 24606.58 12082.44 49.10
1319.5 24454.91 11747.72 48.04
1323.3 24310.87 11406.03 46.92
1327.2 24198.13 11073.63 45.76
1331.1 24066.72 10728.51 44.58
1335.0 23889.51 10369.23 43.40
1338.8 23760.57 10044.84 42.28
1342.7 23672.67 9759.79 41.23
1346.5 23478.13 9473.12 40.35
1350.4 23310.26 9232.79 39.61
1354.3 23083.45 8972.17 38.87
1358.1 22838.31 8696.08 38.08
1362.0 22679.75 8441.52 37.22
1365.8 22617.02 8202.97 36.27
1369.7 22674.59 7994.65 35.26
1373.5 22638.01 7716.93 34.09
1377.4 22496.49 7333.48 32.60
1381.2 22378.35 6858.01 30.65
1385.1 22350.32 6378.08 28.54
1389.0 22288.46 5908.58 26.51
1392.8 22173.23 5448.58 24.57
1396.6 22085.45 5031.05 22.78
1400.5 21959.65 4650.66 21.18
1404.3 21857.78 4353.40 19.92
1408.2 21838.81 4136.54 18.94
1412.0 21801.98 3952.58 18.13
1415.8 21812.41 3833.52 17.57
1419.6 21792.97 3725.66 17.10
1423.5 21771.98 3638.48 16.71
1427.3 21755.09 3577.14 16.44
1431.1 21750.38 3531.68 16.24
1434.9 21698.88 3497.05 16.12
1438.8 21663.77 3472.50 16.03
1442.6 21637.50 3455.08 15.97
1446.4 21563.28 3432.15 15.92
1450.2 21516.17 3412.53 15.86
1454.0 21457.08 3404.04 15.86
1457.8 21441.21 3409.50 15.90
1461.6 21431.12 3415.50 15.94
1465.4 21362.81 3424.61 16.03
1469.2 21250.78 3439.80 16.19
1473.0 21169.27 3461.04 16.35
1476.8 21139.84 3501.29 16.56
1480.7 21105.82 3555.24 16.84
1484.4 21030.72 3606.96 17.15
1488.2 20973.72 3673.08 17.51
1492.0 20900.33 3738.46 17.89
1495.8 20827.63 3803.80 18.26
1499.6 20757.13 3867.46 18.63
1503.4 20685.81 3917.06 18.94
1507.2 20635.20 3955.12 19.17
1510.9 20559.83 3990.13 19.41
1514.7 20479.56 4024.91 19.65
1518.5 20410.03 4066.46 19.92
1522.3 20318.91 4105.48 20.21
1526.0 20257.55 4159.61 20.53
1529.8 20222.14 4215.53 20.85
1533.6 20145.31 4261.37 21.15
1537.3 20069.96 4307.39 21.46
1541.1 19997.77 4366.25 21.83
1544.8 19920.00 4423.20 22.20
1548.6 19840.21 4466.63 22.51
1552.4 19790.40 4512.54 22.80
1556.1 19745.13 4533.21 22.96
1559.9 19688.26 4555.78 23.14
1563.6 19618.47 4605.99 23.48
1567.3 19559.76 4667.67 23.86
1571.1 19433.54 4699.58 24.18
1574.8 19353.80 4747.74 24.53
1578.6 19306.98 4797.49 24.85
1582.3 19224.28 4828.17 25.11
1586.0 19146.44 4849.50 25.33
1589.8 19074.77 4867.34 25.52
1593.5 18983.01 4880.86 25.71
1597.2 18910.28 4895.64 25.89
1600.9 18837.12 4916.54 26.10
1604.7 18753.01 4942.97 26.36
1608.4 18685.00 4975.61 26.63
1612.1 18589.61 4991.03 26.85
1615.8 18506.95 5002.07 27.03
1619.5 18470.24 5034.49 27.26
1623.2 18382.61 5054.92 27.50
1626.9 18281.26 5057.14 27.66
1630.6 18186.30 5067.48 27.86
1634.3 18110.82 5080.22 28.05
1638.0 18019.81 5082.39 28.20
1641.7 17928.53 5073.02 28.30
1645.4 17837.69 5053.73 28.33
1649.1 17719.40 5028.67 28.38
1652.8 17632.13 5013.06 28.43
1656.4 17542.23 4988.79 28.44
1660.1 17452.82 4967.29 28.46
1663.8 17351.33 4938.69 28.46
1667.5 17263.22 4920.30 28.50
1671.1 17190.62 4898.59 28.50
1674.8 17086.89 4868.97 28.50
1678.5 17055.43 4860.96 28.50
1682.1 17058.87 4852.89 28.45
1685.8 17063.96 4840.12 28.36
1689.5 17004.15 4808.71 28.28
1693.1 16926.54 4773.18 28.20
1696.8 16843.50 4731.00 28.09
1700.4 16752.61 4687.78 27.98
1704.0 16684.20 4642.87 27.83
1707.7 16548.84 4563.47 27.58
1711.3 16387.05 4478.52 27.33
1715.0 16263.58 4409.00 27.11
1718.6 16168.21 4351.14 26.91
1722.2 16083.03 4298.28 26.73
1725.9 15998.19 4239.64 26.50
1729.5 15924.10 4190.17 26.31
1733.1 15857.39 4150.27 26.17
1736.7 15790.22 4126.28 26.13
1740.3 15689.65 4085.87 26.04
1744.0 15648.28 4049.24 25.88
1747.5 15570.19 4000.14 25.69
1751.2 15444.89 3927.52 25.43
1754.8 15352.25 3870.86 25.21
1758.4 15274.29 3823.94 25.04
1762.0 15165.37 3769.84 24.86
1765.5 15091.31 3731.62 24.73
1769.1 15074.40 3710.40 24.61
1772.7 15027.15 3687.18 24.54
1776.3 14954.60 3654.00 24.43
1779.9 14886.09 3621.60 24.33
1783.5 14852.72 3603.44 24.26
1787.0 14774.09 3578.57 24.22
1790.6 14686.84 3553.07 24.19
1794.2 14626.25 3542.53 24.22
1797.8 14572.31 3538.51 24.28
1801.3 14527.22 3527.96 24.29
1804.9 14445.38 3509.63 24.30
1808.4 14404.59 3512.40 24.38
1812.0 14321.63 3502.35 24.45
1815.5 14236.38 3480.56 24.45
1819.1 14124.74 3458.71 24.49
1822.6 14025.96 3440.11 24.53
1826.2 13954.81 3432.18 24.59
1829.7 13857.23 3407.27 24.59
1833.2 13724.80 3371.00 24.56
1836.8 13596.77 3337.88 24.55
1840.3 13507.92 3311.28 24.51
1843.8 13431.88 3296.23 24.54
1847.3 13384.53 3293.86 24.61
1850.8 13325.76 3278.02 24.60
1854.3 13223.04 3239.87 24.50
1857.8 13161.20 3177.20 24.14
1861.3 13149.65 3060.13 23.27
1864.8 13113.55 2925.28 22.31
1868.3 13008.00 2732.34 21.01
1871.8 12902.40 2534.40 19.64
1875.3 12863.31 2366.91 18.40
1878.8 12861.64 2211.92 17.20
1882.3 12814.79 2099.24 16.38
1885.8 12721.10 1999.72 15.72
1889.3 12603.25 1868.38 14.82
1892.7 12484.14 1823.92 14.61
1896.2 12425.34 1823.28 14.67
1899.7 12309.09 1802.13 14.64
1903.1 12237.46 1849.85 15.12
1906.6 12275.96 1989.83 16.21
1910.0 12425.41 2105.65 16.95
1913.5 12695.50 2227.28 17.54
1917.0 13071.45 2547.83 19.49
1920.4 13359.03 2773.50 20.76
1923.8 13383.20 2925.88 21.86
1871.2 11709.94 1659.77 14.17
1873.9 11844.38 1675.18 14.14
1876.7 11942.06 1647.53 13.80
1879.5 11955.33 1447.13 12.10
1882.3 11773.28 1371.29 11.65
1885.1 11714.58 1336.10 11.41
1887.8 11825.72 1245.25 10.53
1890.6 11726.19 1185.09 10.11
1893.4 11711.33 1180.67 10.08
1896.2 11690.33 1127.77 9.65
1898.9 11600.54 1053.43 9.08
1901.7 11509.78 1040.47 9.04
1904.5 11595.68 1047.42 9.03
1907.2 11575.75 1002.25 8.66
1910.0 11534.65 990.04 8.58
1912.7 11509.58 988.82 8.59
1915.5 11429.24 982.23 8.59
1918.2 11379.10 976.89 8.58
1921.0 11291.49 973.05 8.62
1923.7 11305.65 1000.50 8.85
1926.5 11284.35 973.74 8.63
1929.2 11297.09 939.55 8.32
1932.0 11293.84 954.32 8.45
1934.7 11256.00 953.63 8.47
1937.4 11153.59 930.50 8.34
1940.2 11119.32 955.81 8.60
1942.9 11202.56 974.40 8.70
1945.6 11207.22 945.26 8.43
1948.3 11145.88 950.63 8.53
1951.1 11140.01 972.23 8.73
1953.8 11145.00 972.00 8.72
1956.5 11045.56 952.41 8.62
1959.2 11104.86 953.81 8.59
1961.9 11124.34 974.46 8.76
1964.6 11058.08 975.80 8.82
1967.3 11092.37 964.17 8.69
1970.0 10987.52 956.08 8.70
1972.8 10943.00 982.52 8.98
1975.5 10983.78 986.29 8.98
1978.2 10935.40 966.52 8.84
1980.9 10858.38 994.02 9.15
1983.5 10836.45 1023.73 9.45
1986.2 10831.02 998.13 9.22
1988.9 10819.38 1001.04 9.25
1991.6 10735.05 999.35 9.31
1994.3 10649.29 999.36 9.38
1997.0 10665.45 1049.53 9.84
1999.7 10628.04 1033.80 9.73
2002.3 10626.41 1021.22 9.61
2005.0 10577.50 1070.12 10.12
2007.7 10537.87 1052.07 9.98
2010.4 10503.55 1016.38 9.68
2013.0 10469.60 1029.89 9.84
2015.7 10417.55 1048.58 10.07
2018.4 10373.69 1058.08 10.20
2021.0 10341.67 1062.50 10.27
2023.7 10246.67 1054.35 10.29
2026.4 10218.87 1044.98 10.23
2029.0 10197.92 1065.62 10.45
2031.7 10117.47 1061.88 10.50
2034.3 10100.57 1073.15 10.62
2037.0 10052.37 1083.78 10.78
2039.6 10015.47 1066.25 10.65
2042.3 10000.48 1078.40 10.78
2044.9 9966.17 1074.32 10.78
2047.5 9926.90 1068.71 10.77
2050.2 9839.20 1078.00 10.96
2052.8 9839.20 1083.60 11.01
2055.4 9775.02 1084.25 11.09
2058.1 9676.80 1094.80 11.31
2060.7 9656.73 1098.44 11.37
2063.3 9627.93 1075.65 11.17
2065.9 9594.96 1069.21 11.14
2068.6 9550.29 1080.38 11.31
2071.2 9522.27 1099.26 11.54
2073.8 9469.56 1091.35 11.52
2076.4 9438.82 1094.60 11.60
2079.0 9427.55 1095.90 11.62
2081.6 9427.48 1097.20 11.64
2084.2 9413.08 1106.09 11.75
2086.8 9327.84 1105.88 11.86
2089.4 9281.57 1120.48 12.07
2092.1 9228.17 1113.50 12.07
2094.7 9209.50 1113.05 12.09
2097.2 9211.17 1102.17 11.97
2099.8 9177.65 1107.35 12.07
2102.4 9110.04 1128.80 12.39
2105.0 9037.35 1108.65 12.27
2107.6 9009.28 1119.40 12.42
2110.2 9002.40 1125.30 12.50
2112.8 8990.87 1122.43 12.48
2115.3 8991.97 1128.69 12.55
2117.9 8986.46 1131.65 12.59
2120.5 8943.22 1145.60 12.81
2123.1 8918.33 1137.83 12.76
2125.6 8905.06 1139.12 12.79
2128.2 8835.61 1135.55 12.85
2130.8 8804.25 1143.68 12.99
2133.3 8785.33 1149.87 13.09
2135.9 8707.33 1126.66 12.94
2138.4 8648.47 1128.57 13.05
2141.0 8594.63 1134.20 13.20
2143.6 8560.47 1116.97 13.05
2146.1 8482.97 1128.32 13.30
2148.7 8378.31 1139.43 13.60
2151.2 8395.20 1138.13 13.56
2153.8 8409.10 1139.07 13.55
2156.3 8334.31 1137.03 13.64
2158.8 8295.91 1139.99 13.74
2161.4 8278.92 1129.21 13.64
2163.9 8211.11 1105.63 13.46
2166.4 8178.14 1123.53 13.74
2169.0 8184.05 1144.23 13.98
2171.5 8127.88 1123.53 13.82
2174.0 8074.15 1124.55 13.93
2176.5 8046.09 1109.29 13.79
2179.1 8026.09 1102.27 13.73
2181.6 7963.08 1113.25 13.98
2184.1 7927.92 1118.04 14.10
2186.6 7968.23 1129.80 14.18
2189.1 7928.70 1091.40 13.77
2191.6 7879.20 1094.33 13.89
2194.1 7902.25 1122.72 14.21
2196.6 7910.84 1124.30 14.21
2199.2 7922.01 1147.66 14.49
2201.7 7911.90 1121.06 14.17
2204.1 7872.42 1106.83 14.06
2206.6 7859.11 1141.38 14.52
2209.1 7834.95 1139.29 14.54
2211.6 7811.28 1122.97 14.38
2214.1 7823.83 1113.89 14.24
2216.6 7801.78 1101.52 14.12
2219.1 7778.99 1109.11 14.26
2221.6 7769.41 1100.13 14.16
2224.0 7730.49 1089.66 14.10
2226.5 7705.13 1080.62 14.02
2229.0 7700.89 1100.13 14.29
2231.5 7614.04 1110.70 14.59
2233.9 7619.70 1054.44 13.84
2236.4 7646.66 1019.04 13.33
2238.9 7587.25 1038.50 13.69
2241.3 7617.87 1041.63 13.67
2243.8 7590.66 1049.40 13.82
2246.2 7466.46 1058.33 14.17
2248.7 7485.79 1029.73 13.76
2251.2 7456.07 1014.64 13.61
2253.6 7388.16 1002.24 13.57
2256.1 7392.00 979.20 13.25
2258.5 7429.78 991.15 13.34
2260.9 7370.87 974.09 13.22
2263.4 7335.06 932.72 12.72
2265.8 7324.05 934.74 12.76
2268.3 7284.90 942.84 12.94
2270.7 7335.06 944.23 12.87
2273.1 7298.01 939.58 12.87
2275.6 7249.92 952.32 13.14
2278.0 7263.90 953.15 13.12
2280.4 7254.11 950.54 13.10
2282.8 7154.84 902.10 12.61
2285.3 7173.98 894.32 12.47
2287.7 7228.16 909.87 12.59
2290.1 7183.21 857.87 11.94
2292.5 7174.75 857.16 11.95
2294.9 7172.28 893.08 12.45
2297.3 7095.27 854.28 12.04
2299.7 7055.67 813.36 11.53
2302.1 7047.43 828.88 11.76
2304.5 6969.76 831.04 11.92
2306.9 6871.76 787.92 11.47
2309.3 6829.66 775.83 11.36
2311.7 6841.28 781.08 11.42
2314.1 6762.12 775.85 11.47
2316.5 6698.00 795.88 11.88
2318.9 6708.72 800.16 11.93
2321.3 6699.18 804.22 12.00
2323.7 6692.83 814.64 12.17
2326.1 6669.65 801.97 12.02
2328.4 6684.27 805.53 12.05
2330.8 6719.87 809.82 12.05
2333.2 6684.06 803.08 12.01
2335.6 6626.06 788.82 11.90
2337.9 6656.47 780.41 11.72
2340.3 6637.57 789.29 11.89
2342.7 6554.85 778.63 11.88
2345.0 6590.83 777.14 11.79
2347.4 6579.00 760.75 11.56
2349.7 6450.22 721.91 11.19
2352.1 6436.79 750.46 11.66
2354.4 6443.20 730.72 11.34
2356.8 6410.25 729.52 11.38
2359.2 6387.33 736.67 11.53
2361.5 6370.47 706.86 11.10
2363.8 6359.13 698.28 10.98
2366.2 6364.03 679.65 10.68
2368.5 6327.90 689.75 10.90
2370.9 6289.51 720.21 11.45
2373.2 6299.83 741.95 11.78
2375.5 6271.65 719.48 11.47
2377.9 6231.24 692.87 11.12
2380.2 6231.07 714.74 11.47
2382.5 6226.23 707.63 11.37
2384.8 6166.56 696.00 11.29
2387.2 6137.03 698.56 11.38
2389.5 6105.12 670.48 10.98
2391.8 6108.03 693.99 11.36
2394.1 6113.08 705.36 11.54
2396.4 6043.08 648.34 10.73
2398.7 6045.74 638.19 10.56
2401.0 6037.85 682.41 11.30
2403.3 5976.00 667.32 11.17
2405.6 5958.01 659.78 11.07
2407.9 5961.90 646.29 10.84
2410.2 5895.68 616.64 10.46
2412.5 5854.08 645.37 11.02
2414.8 5884.71 647.01 10.99
2417.1 5832.68 640.05 10.97
2419.4 5803.94 614.78 10.59
2421.7 5771.82 615.03 10.66
2424.0 5758.83 644.57 11.19
2426.2 5767.30 599.20 10.39
2428.5 5732.83 621.96 10.85
2430.8 5706.15 626.75 10.98
2433.1 5636.77 636.14 11.29
2435.4 5600.60 615.45 10.99
2437.6 5600.60 525.93 9.39
2439.9 5575.70 533.43 9.57
2442.2 5563.19 585.90 10.53
2444.4 5553.80 562.85 10.13
2446.7 5507.12 595.68 10.82
2448.9 5507.15 621.78 11.29
2451.2 5507.04 524.48 9.52
2453.4 5448.11 506.24 9.29
2455.7 5430.93 553.43 10.19
2457.9 5354.09 525.03 9.81
2460.2 5363.55 530.19 9.89
2462.4 5410.08 580.32 10.73
2464.7 5343.16 580.37 10.86
2466.9 5296.50 539.28 10.18
2469.2 5269.60 518.53 9.84
2471.4 5219.18 577.72 11.07
2473.6 5235.49 589.16 11.25
2475.9 5195.15 582.51 11.21
2478.1 5116.92 532.87 10.41
2480.3 5082.02 529.09 10.41
2482.5 5118.21 550.42 10.75
2484.8 5046.20 531.56 10.53
2487.0 4999.50 496.25 9.93
2489.2 5095.91 520.15 10.21
2491.4 4987.57 537.95 10.79
2493.6 4938.15 493.82 10.00
2495.8 4972.71 522.61 10.51
2498.0 4904.53 526.93 10.74
2500.2 4920.20 522.35 10.62
2502.4 5079.36 568.32 11.19
2504.6 5192.67 619.74 11.93
2506.8 5279.98 652.69 12.36
