/*** Spectra Vista SIG Data ***/
name= \My Documents\HR1024_Data\GB6.
instrument= HR: 1091052
integration= 200, 60, 30, 400, 60, 30
scan time= 1, 1
scan settings= AD, AI, AD, AI
external data set1= 8224, 8224, 8224, 8224, 8224, 8224, 8224, 8224, 8224, 8224, 8224, 8224, 8224, 8224, 8224, 8224
external data set2= 8224, 8224, 8224, 8224, 8224, 8224, 8224, 8224, 8224, 8224, 8224, 8224, 8224, 8224, 8224, 8224
external data dark= 0,0,0,0,0,0,0,0
external data mask= 0
optic= LENS4 , LENS4 
temp= 31.05, 8.88, -5.37, 43.22, 8.88, -5.24
battery= 7.7, 6.9
error= 0, 0
units= Radiance, Radiance
time= 1/12/08 9:49:29 AM, 1/12/08 10:30:50 AM
longitude= , 
latitude= , 
gpstime= , 
comm= 
memory slot= 0, 0
factors= 
data= 
346.4 468.20 165.62 35.37
347.9 473.76 158.44 33.44
349.5 521.04 163.80 31.44
351.1 558.48 168.48 30.17
352.6 585.06 170.78 29.19
354.2 625.05 173.44 27.75
355.7 673.50 185.21 27.50
357.3 724.71 190.71 26.32
358.8 751.43 192.23 25.58
360.4 798.47 198.74 24.89
361.9 821.87 198.50 24.15
363.5 851.78 195.63 22.97
365.1 887.68 204.58 23.05
366.6 918.37 201.97 21.99
368.2 973.68 206.49 21.21
369.7 1008.89 199.17 19.74
371.3 1073.36 202.49 18.87
372.8 1148.72 212.48 18.50
374.4 1191.49 213.60 17.93
375.9 1247.87 215.15 17.24
377.4 1278.23 224.42 17.56
379.0 1330.29 211.64 15.91
380.5 1360.26 212.35 15.61
382.1 1412.49 220.15 15.59
383.6 1460.03 209.79 14.37
385.2 1529.00 210.38 13.76
386.7 1608.26 219.31 13.64
388.3 1679.42 221.48 13.19
389.8 1759.55 227.84 12.95
391.3 1843.67 245.08 13.29
392.9 1897.62 244.67 12.89
394.4 1955.58 256.69 13.13
395.9 2019.02 279.46 13.84
397.5 2131.80 289.09 13.56
399.0 2240.25 288.92 12.90
400.6 2303.62 292.91 12.71
402.1 2342.64 285.09 12.17
403.6 2375.92 273.32 11.50
405.1 2451.81 278.77 11.37
406.7 2542.40 286.72 11.28
408.2 2650.73 300.71 11.34
409.7 2746.24 308.00 11.22
411.3 2843.51 325.89 11.46
412.8 2936.43 341.28 11.62
414.3 3034.90 353.66 11.65
415.8 3152.50 371.25 11.78
417.4 3253.58 379.50 11.66
418.9 3339.60 395.95 11.86
420.4 3424.70 398.80 11.64
421.9 3487.22 410.19 11.76
423.5 3546.87 409.79 11.55
425.0 3613.98 416.91 11.54
426.5 3695.85 426.78 11.55
428.0 3801.23 428.97 11.29
429.5 3926.30 437.46 11.14
431.1 4071.24 448.92 11.03
432.6 4225.66 469.09 11.10
434.1 4373.60 477.40 10.92
435.6 4514.36 496.33 10.99
437.1 4642.95 512.85 11.05
438.6 4769.06 526.62 11.04
440.1 4906.69 550.14 11.21
441.6 5042.30 568.71 11.28
443.1 5179.95 589.28 11.38
444.7 5318.34 609.31 11.46
446.2 5433.01 635.71 11.70
447.7 5551.25 656.96 11.83
449.2 5676.48 682.56 12.02
450.7 5788.64 704.08 12.16
452.2 5916.62 719.19 12.16
453.7 6028.91 737.55 12.23
455.2 6201.73 764.67 12.33
456.7 6390.56 795.52 12.45
458.2 6607.30 822.20 12.44
459.7 6823.25 859.25 12.59
461.2 7031.76 891.33 12.68
462.7 7219.07 914.69 12.67
464.2 7396.86 934.22 12.63
465.7 7583.22 970.67 12.80
467.2 7742.35 992.34 12.82
468.7 7912.00 1017.00 12.85
470.2 8015.91 1049.34 13.09
471.7 8177.13 1093.69 13.37
473.2 8446.52 1134.40 13.43
474.6 8688.33 1138.46 13.10
476.1 8747.12 1123.60 12.85
477.6 8779.39 1119.69 12.75
479.1 8829.54 1143.84 12.95
480.6 8916.06 1159.31 13.00
482.1 9046.91 1183.52 13.08
483.6 9204.08 1217.71 13.23
485.1 9394.00 1246.38 13.27
486.6 9626.34 1280.11 13.30
488.0 9867.00 1331.69 13.50
489.5 10130.90 1383.25 13.65
491.0 10387.73 1441.58 13.88
492.5 10649.88 1505.79 14.14
494.0 10928.34 1578.59 14.44
495.4 11158.95 1656.60 14.85
496.9 11406.10 1744.32 15.29
498.4 11649.48 1832.13 15.73
499.9 11878.23 1934.76 16.29
501.4 12101.58 2050.38 16.94
502.8 12308.24 2166.00 17.60
504.3 12497.40 2296.80 18.38
505.8 12681.02 2436.06 19.21
507.2 12808.72 2581.88 20.16
508.7 12896.48 2726.63 21.14
510.2 12964.78 2883.05 22.24
511.6 13008.39 3042.39 23.39
513.1 13093.74 3206.12 24.49
514.6 13195.49 3385.58 25.66
516.0 13281.41 3564.11 26.84
517.5 13429.99 3769.67 28.07
519.0 13603.01 3988.37 29.32
520.5 13772.72 4214.80 30.60
521.9 13993.28 4452.11 31.82
523.4 14243.35 4702.86 33.02
524.8 14493.24 4945.20 34.12
526.3 14778.04 5194.30 35.15
527.8 15074.01 5441.88 36.10
529.2 15339.71 5663.10 36.92
530.7 15629.94 5899.91 37.75
532.1 15903.48 6109.69 38.42
533.6 16214.37 6330.83 39.04
535.0 16534.98 6545.39 39.59
536.5 16856.03 6757.17 40.09
538.0 17178.24 6973.60 40.60
539.4 17501.02 7174.33 40.99
540.9 17879.62 7377.77 41.26
542.3 18237.67 7538.66 41.34
543.8 18504.51 7661.46 41.40
545.2 18600.74 7746.04 41.64
546.6 18637.00 7823.72 41.98
548.1 18690.38 7911.63 42.33
549.5 18745.60 7979.66 42.57
551.0 18790.92 8033.85 42.75
552.4 18868.34 8099.19 42.92
553.9 18922.09 8130.18 42.97
555.3 18999.63 8163.38 42.97
556.8 19143.87 8212.02 42.90
558.2 19276.31 8242.59 42.76
559.6 19441.66 8286.46 42.62
561.1 19660.88 8340.31 42.42
562.5 19883.82 8401.11 42.25
564.0 20177.05 8483.71 42.05
565.4 20444.07 8541.82 41.78
566.8 20774.24 8613.02 41.46
568.3 21077.79 8672.34 41.14
569.7 21403.31 8717.20 40.73
571.1 21706.83 8746.31 40.29
572.6 22010.94 8768.25 39.84
574.0 22299.75 8786.25 39.40
575.4 22570.31 8796.94 38.98
576.9 22820.49 8801.10 38.57
578.3 23040.88 8807.01 38.22
579.7 23243.15 8805.69 37.89
581.1 23410.31 8792.88 37.56
582.6 23592.46 8785.74 37.24
584.0 23735.52 8774.68 36.97
585.4 23971.18 8771.32 36.59
586.8 24286.87 8793.68 36.21
588.3 24642.54 8822.97 35.80
589.7 24935.04 8851.05 35.50
591.1 25126.37 8860.80 35.26
592.5 25213.30 8862.21 35.15
594.0 25248.06 8847.81 35.04
595.4 25246.58 8831.18 34.98
596.8 25248.80 8817.02 34.92
598.2 25256.70 8792.37 34.81
599.6 25254.00 8757.14 34.68
601.0 25321.45 8750.69 34.56
602.4 25392.58 8730.49 34.38
603.9 25508.50 8715.04 34.17
605.3 25652.08 8703.32 33.93
606.7 25770.60 8677.80 33.67
608.1 26003.60 8674.00 33.36
609.5 26249.20 8674.67 33.05
610.9 26543.12 8676.65 32.69
612.3 26820.62 8661.88 32.30
613.7 27191.20 8685.44 31.94
615.1 27470.34 8675.91 31.58
616.5 27748.85 8651.75 31.18
617.9 28163.94 8679.94 30.82
619.3 28559.37 8692.68 30.44
620.7 29021.55 8738.77 30.11
622.1 29524.34 8797.12 29.80
623.5 30070.32 8891.11 29.57
624.9 30686.25 9033.15 29.44
626.3 31117.56 9155.63 29.42
627.7 30854.43 9085.18 29.45
629.1 30617.27 9032.36 29.50
630.5 30534.25 9031.41 29.58
631.9 30583.88 9065.12 29.64
633.3 30636.73 9067.52 29.60
634.7 30802.72 9068.13 29.44
636.1 30887.16 9001.11 29.14
637.5 30991.21 8872.13 28.63
638.9 31137.59 8784.90 28.21
640.2 31275.86 8713.12 27.86
641.6 31334.94 8579.61 27.38
643.0 31307.82 8373.85 26.75
644.4 31297.86 8116.66 25.93
645.8 31223.60 7896.14 25.29
647.2 31327.01 7674.29 24.50
648.5 31378.61 7354.09 23.44
649.9 31215.99 6959.84 22.30
651.3 31061.55 6570.08 21.15
652.7 30880.50 6137.85 19.88
654.1 30705.72 5988.87 19.50
655.5 30448.41 5951.83 19.55
656.8 30219.54 5916.19 19.58
658.2 30347.48 5907.98 19.47
659.6 30667.01 5875.53 19.16
660.9 30915.41 5784.29 18.71
662.3 31175.28 5680.87 18.22
663.7 31418.10 5570.25 17.73
665.0 31622.76 5451.99 17.24
666.4 31821.65 5323.57 16.73
667.8 32088.83 5225.87 16.29
669.1 32304.87 5145.22 15.93
670.5 32567.66 5097.06 15.65
671.9 32723.64 5043.90 15.41
673.2 32957.22 5026.61 15.25
674.6 33165.65 5033.72 15.18
676.0 33416.99 5077.63 15.19
677.3 33670.84 5145.32 15.28
678.7 33959.63 5254.06 15.47
680.0 34360.72 5439.56 15.83
681.4 34770.40 5694.54 16.38
682.8 35166.95 6023.06 17.13
684.1 35575.02 6443.19 18.11
685.5 35948.61 6976.86 19.41
686.8 36307.14 7644.45 21.05
688.2 36654.12 8450.94 23.06
689.5 36792.82 9323.95 25.34
690.9 36894.22 10307.30 27.94
692.2 37000.50 11379.38 30.75
693.6 37086.31 12488.27 33.67
694.9 37102.94 13587.21 36.62
696.2 37172.03 14724.17 39.61
697.6 37238.58 15869.63 42.62
698.9 37321.68 16983.12 45.50
700.3 37412.04 18057.21 48.27
701.6 37521.51 19117.49 50.95
703.0 37648.39 20120.76 53.44
704.3 37727.46 21069.59 55.85
705.6 37779.39 21922.43 58.03
707.0 37853.11 22747.09 60.09
708.3 37804.36 23424.31 61.96
709.6 37779.31 24069.80 63.71
711.0 37700.05 24650.26 65.39
712.3 37603.29 25158.18 66.90
713.6 37599.66 25692.66 68.33
714.9 37564.50 26151.47 69.62
716.3 37606.65 26639.54 70.84
717.6 37655.10 27102.04 71.97
718.9 37643.31 27469.81 72.97
720.2 37519.65 27735.65 73.92
721.6 37437.79 28002.85 74.80
722.9 37295.06 28201.04 75.62
724.2 37099.21 28298.82 76.28
725.5 36957.59 28429.13 76.92
726.8 36833.83 28538.85 77.48
728.1 36764.75 28693.96 78.05
729.5 36694.32 28789.18 78.46
730.8 36660.60 28886.10 78.79
732.1 36590.42 28915.70 79.03
733.4 36549.03 28967.27 79.26
734.7 36509.02 29027.36 79.51
736.0 36510.50 29096.47 79.69
737.3 36452.29 29102.46 79.84
738.6 36538.42 29259.87 80.08
739.9 36706.85 29453.26 80.24
741.2 36841.35 29646.44 80.47
742.5 37078.82 29917.45 80.69
743.8 37494.19 30328.86 80.89
745.1 38118.44 30914.23 81.10
746.4 38876.11 31569.72 81.21
747.7 39639.96 32279.55 81.43
749.0 40400.48 32977.53 81.63
750.3 40850.46 33451.71 81.89
751.6 40764.46 33470.37 82.11
752.9 40356.61 33129.90 82.09
754.2 39863.99 32794.13 82.27
755.4 39350.05 32386.20 82.30
756.7 39155.03 32267.59 82.41
758.0 39142.09 32311.12 82.55
759.3 39351.46 32526.59 82.66
760.6 39645.76 32837.42 82.83
761.9 39928.94 33129.67 82.97
763.1 40078.15 33317.94 83.13
764.4 40287.45 33536.58 83.24
765.7 40433.25 33702.50 83.35
767.0 40515.07 33847.32 83.54
768.2 40595.52 33969.60 83.68
769.5 40644.33 34040.01 83.75
770.8 40787.04 34252.13 83.98
772.0 40799.41 34322.69 84.13
773.3 40833.29 34410.14 84.27
774.6 40907.98 34541.70 84.44
775.8 40955.53 34698.95 84.72
777.1 40964.33 34762.46 84.86
778.4 40867.87 34761.09 85.06
779.6 40816.98 34780.50 85.21
780.9 40688.00 34742.00 85.39
782.1 40484.72 34632.54 85.54
783.4 40464.32 34679.84 85.70
784.6 40463.12 34742.90 85.86
785.9 40670.74 35013.23 86.09
787.1 41171.80 35548.69 86.34
788.4 41528.97 36054.52 86.82
789.6 41482.13 36149.14 87.14
790.9 41134.16 35916.09 87.31
792.1 40655.28 35545.92 87.43
793.4 40180.32 35210.50 87.63
794.6 39846.60 35028.27 87.91
795.8 39587.54 34878.38 88.10
797.1 39290.10 34687.65 88.29
798.3 39054.26 34555.33 88.48
799.5 38943.25 34527.03 88.66
800.8 38778.22 34470.78 88.89
802.0 38618.88 34392.68 89.06
803.2 38465.20 34331.66 89.25
804.5 38332.71 34282.81 89.43
805.7 38219.65 34248.89 89.61
806.9 38073.35 34172.80 89.76
808.1 37984.05 34119.96 89.83
809.4 37906.28 34083.43 89.92
810.6 37824.15 34038.55 89.99
811.8 37796.29 34051.41 90.09
813.0 37827.58 34072.46 90.07
814.2 37840.50 34114.17 90.15
815.4 37955.24 34254.75 90.25
816.6 38027.91 34316.08 90.24
817.9 38102.35 34398.88 90.28
819.1 38072.96 34365.05 90.26
820.3 37949.69 34242.98 90.23
821.5 37894.61 34151.68 90.12
822.7 37866.54 34077.12 89.99
823.9 37906.28 34065.76 89.87
825.1 37943.15 34048.63 89.74
826.3 38020.73 34036.95 89.52
827.5 38108.05 34017.57 89.27
828.7 38176.32 34029.00 89.14
829.9 38262.68 33989.68 88.83
831.0 38386.63 33993.81 88.56
832.2 38533.16 34019.29 88.29
833.4 38634.36 34033.04 88.09
834.6 38746.88 34057.03 87.90
835.8 38872.58 34086.15 87.69
837.0 39026.76 34140.07 87.48
838.1 39200.00 34262.06 87.40
839.3 39334.99 34331.07 87.28
840.5 39499.16 34413.87 87.13
841.7 39675.29 34512.95 86.99
842.9 39834.34 34591.91 86.84
844.0 40002.80 34669.95 86.67
845.2 40188.33 34788.88 86.56
846.4 40315.24 34889.02 86.54
847.5 40575.08 35077.33 86.45
848.7 40794.29 35232.96 86.37
849.9 41043.27 35438.91 86.35
851.0 41176.72 35537.63 86.31
852.2 41283.01 35619.78 86.28
853.3 41336.03 35657.97 86.26
854.5 41385.60 35640.59 86.12
855.6 41408.01 35637.30 86.06
856.8 41491.09 35677.96 85.99
857.9 41535.42 35685.02 85.91
859.1 41657.80 35780.20 85.89
860.2 41711.76 35789.72 85.80
861.4 41789.90 35826.74 85.73
862.5 41857.52 35858.50 85.67
863.7 41978.22 35954.18 85.65
864.8 42001.40 35953.23 85.60
865.9 42003.19 35900.07 85.47
867.1 42077.89 35921.99 85.37
868.2 42118.25 35934.00 85.32
869.3 42153.63 35927.59 85.23
870.5 42092.46 35862.64 85.20
871.6 42122.53 35841.16 85.09
872.7 42223.14 35872.36 84.96
873.9 42262.83 35877.05 84.89
875.0 42247.20 35820.59 84.79
876.1 42225.11 35785.82 84.75
877.2 42279.84 35771.03 84.61
878.3 42302.12 35727.01 84.46
879.4 42284.06 35729.18 84.50
880.5 42343.92 35728.20 84.38
881.7 42326.05 35667.45 84.27
882.8 42351.34 35670.41 84.22
883.9 42430.09 35704.33 84.15
885.0 42357.32 35658.58 84.19
886.1 42357.47 35620.00 84.09
887.2 42241.92 35488.96 84.01
888.3 42147.85 35398.98 83.99
889.4 42045.32 35301.69 83.96
890.5 41945.29 35200.55 83.92
891.6 41864.40 35093.01 83.83
892.7 41844.69 35072.63 83.82
893.8 41881.85 35022.68 83.62
894.9 41879.31 34935.95 83.42
896.0 41812.69 34911.21 83.49
897.0 41850.92 34880.39 83.34
898.1 41821.61 34823.48 83.27
899.2 41852.54 34810.18 83.17
900.3 41747.94 34686.66 83.09
901.4 41622.41 34584.78 83.09
902.4 41658.53 34551.30 82.94
903.5 41604.82 34445.67 82.79
904.6 41550.72 34399.64 82.79
905.7 41565.54 34354.90 82.65
906.7 41536.49 34290.97 82.56
907.8 41558.34 34270.37 82.46
908.9 41493.73 34118.14 82.22
909.9 41451.58 34090.65 82.24
911.0 41358.23 33943.76 82.07
912.1 41297.17 33842.24 81.95
913.1 41189.72 33750.08 81.94
914.2 41099.85 33549.99 81.63
915.2 41068.89 33446.52 81.44
916.3 41034.15 33340.88 81.25
917.3 40975.74 33247.33 81.14
918.4 40862.80 33048.40 80.88
919.4 40836.29 32950.84 80.69
920.5 40782.84 32833.91 80.51
921.5 40833.45 32698.05 80.08
922.6 40729.18 32545.43 79.91
923.6 40739.49 32411.73 79.56
924.7 40774.75 32282.25 79.17
925.7 40746.72 32080.44 78.73
926.7 40808.40 31961.10 78.32
927.8 40839.01 31900.98 78.11
928.8 40966.59 31801.98 77.63
929.9 41048.46 31687.92 77.20
930.9 41217.18 31609.35 76.69
931.9 41378.61 31518.32 76.17
932.9 41679.25 31611.32 75.84
934.0 41702.58 31414.62 75.33
935.0 41757.18 31205.95 74.73
936.0 41670.71 31010.21 74.42
937.0 41632.50 30748.58 73.86
938.1 41580.55 30507.53 73.37
939.1 41508.45 30278.09 72.94
940.1 41591.64 30155.76 72.50
941.1 41779.29 30024.25 71.86
942.1 41991.60 29944.01 71.31
943.1 42156.63 29835.58 70.77
944.1 42391.18 29758.68 70.20
945.2 42445.20 29555.40 69.63
946.2 42493.04 29425.87 69.25
947.2 42572.63 29184.25 68.55
948.2 42750.54 29044.26 67.94
949.2 42846.38 28805.97 67.23
950.2 42880.60 28584.73 66.66
951.2 42968.52 28395.78 66.09
952.2 43001.40 28212.41 65.61
953.2 43164.71 28037.10 64.95
954.2 43310.48 27881.21 64.38
955.2 43368.34 27660.18 63.78
956.2 43301.73 27419.73 63.32
957.2 43392.87 27244.27 62.79
958.2 43492.10 27143.83 62.41
959.2 43506.45 27039.60 62.15
960.1 43588.22 26925.64 61.77
961.1 43692.83 26824.96 61.39
962.1 43658.44 26807.81 61.40
963.1 43782.00 26743.51 61.08
964.1 43817.42 26774.20 61.10
965.1 43908.74 26769.18 60.97
966.1 44007.38 26774.27 60.84
967.0 44141.86 26754.18 60.61
968.0 44131.86 26784.69 60.69
969.0 44255.20 26771.40 60.49
970.0 44255.36 26751.87 60.45
971.0 44316.83 26760.98 60.39
971.9 44400.90 26758.63 60.27
972.9 44577.14 26861.84 60.26
973.9 44494.78 26856.05 60.36
974.9 44573.29 27026.76 60.63
975.8 44702.44 27091.10 60.60
976.8 44666.28 27192.73 60.88
977.8 44950.93 27222.23 60.56
978.8 44877.90 27291.08 60.81
979.7 45104.10 27410.83 60.77
980.7 45212.81 27497.50 60.82
981.7 45433.99 27738.65 61.05
982.6 45657.51 27869.81 61.04
983.6 46147.45 28111.89 60.92
984.6 46551.05 28528.37 61.28
985.5 47031.84 29051.10 61.77
986.5 47664.14 29602.35 62.11
987.5 48852.12 30200.32 61.82
988.4 49722.20 31156.40 62.66
989.4 51183.38 32208.08 62.93
990.4 52549.20 32989.22 62.78
991.3 54023.93 34766.19 64.35
992.3 54777.10 35116.03 64.11
993.2 55874.36 36576.39 65.46
994.2 57686.85 38331.39 66.45
995.2 57633.14 39447.92 68.45
996.1 59292.71 39426.59 66.49
997.1 59931.56 40062.95 66.85
998.0 60640.20 39741.60 65.54
999.0 59258.53 41733.90 70.43
1000.0 60377.42 40689.13 67.39
1000.9 59810.48 40529.47 67.76
1001.9 59598.95 40746.22 68.37
1002.8 60212.52 41396.11 68.75
1003.8 59788.51 41459.19 69.34
1004.8 59326.80 41072.40 69.23
961.5 55398.21 27844.13 50.26
965.5 54418.85 27635.90 50.78
969.5 52458.23 27131.35 51.72
973.4 50487.36 26550.94 52.59
977.4 48611.32 26077.64 53.65
981.4 47578.80 26094.68 54.85
985.3 47203.20 26237.11 55.58
989.3 47137.31 26552.90 56.33
993.3 47133.16 27003.20 57.29
997.2 47029.21 27406.25 58.27
1001.2 46955.35 27794.26 59.19
1005.2 46914.32 28208.02 60.13
1009.1 47038.13 28718.21 61.05
1013.1 47236.75 29287.87 62.00
1017.1 47375.30 29876.21 63.06
1021.0 47429.61 30429.19 64.16
1025.0 47461.87 30970.37 65.25
1029.0 47354.18 31412.42 66.34
1032.9 47271.77 31841.42 67.36
1036.9 47308.70 32341.83 68.36
1040.9 47476.08 32899.51 69.30
1044.8 47747.63 33484.77 70.13
1048.8 47970.59 33986.13 70.85
1052.7 48104.60 34416.93 71.55
1056.7 48183.46 34720.92 72.06
1060.7 48250.82 34964.16 72.46
1064.6 48272.17 35145.69 72.81
1068.6 48190.54 35179.23 73.00
1072.5 48116.11 35125.43 73.00
1076.5 48076.67 35051.23 72.91
1080.4 48048.88 34967.06 72.77
1084.4 48150.59 34845.76 72.37
1088.3 48279.53 34686.72 71.85
1092.3 48252.92 34401.27 71.29
1096.2 48221.83 34041.14 70.59
1100.2 48245.69 33704.14 69.86
1104.1 48124.97 33255.56 69.10
1108.1 48059.38 32829.12 68.31
1112.0 47955.87 32364.41 67.49
1116.0 47754.46 31811.20 66.61
1119.9 47569.76 31184.97 65.56
1123.9 47623.80 30560.38 64.17
1127.8 47592.96 29640.96 62.28
1131.8 47556.42 28453.08 59.83
1135.7 47568.82 27084.00 56.94
1139.6 47554.30 25600.62 53.83
1143.6 47510.71 24183.02 50.90
1147.5 47481.98 22987.85 48.41
1151.4 47337.52 22006.23 46.49
1155.4 47322.86 21368.89 45.16
1159.3 47329.81 20947.00 44.26
1163.2 47159.49 20590.81 43.66
1167.2 47113.86 20408.10 43.32
1171.1 47117.13 20292.73 43.07
1175.0 47022.16 20174.72 42.90
1179.0 46962.63 20069.32 42.73
1182.9 47045.30 20011.05 42.54
1186.8 47019.62 19923.75 42.37
1190.7 46784.64 19761.64 42.24
1194.7 46508.35 19603.33 42.15
1198.6 46264.68 19494.09 42.14
1202.5 46100.54 19439.11 42.17
1206.4 45962.62 19417.82 42.25
1210.3 45829.98 19434.75 42.41
1214.2 45707.13 19460.30 42.58
1218.2 45554.16 19497.59 42.80
1222.1 45384.95 19564.85 43.11
1226.0 45257.55 19646.34 43.41
1229.9 45156.00 19731.90 43.70
1233.8 45033.17 19784.79 43.93
1237.7 44950.68 19833.72 44.12
1241.6 44841.64 19888.63 44.35
1245.5 44683.61 19908.39 44.55
1249.4 44538.65 19928.73 44.74
1253.3 44401.40 19942.77 44.91
1257.2 44324.52 19956.48 45.02
1261.1 44209.48 19930.86 45.08
1265.0 44086.55 19867.63 45.07
1268.9 43910.05 19758.80 45.00
1272.8 43969.80 19741.95 44.90
1276.7 44155.69 19748.39 44.72
1280.6 44249.88 19676.99 44.47
1284.5 44188.89 19498.89 44.13
1288.4 44167.03 19323.77 43.75
1292.3 44060.50 19076.75 43.30
1296.2 43934.23 18767.31 42.72
1300.1 43787.98 18413.93 42.05
1303.9 43564.57 18006.76 41.33
1307.8 43339.22 17572.43 40.55
1311.7 43109.06 17100.60 39.67
1315.6 42877.90 16602.12 38.72
1319.5 42633.84 16069.13 37.69
1323.3 42417.44 15544.75 36.65
1327.2 42218.70 15037.96 35.62
1331.1 42002.86 14521.74 34.57
1335.0 41739.72 13991.83 33.52
1338.8 41543.11 13525.10 32.56
1342.7 41389.31 13101.81 31.66
1346.5 41042.00 12630.00 30.77
1350.4 40741.74 12211.66 29.97
1354.3 40332.24 11794.43 29.24
1358.1 39895.31 11410.27 28.60
1362.0 39644.33 11076.16 27.94
1365.8 39567.12 10739.03 27.14
1369.7 39683.68 10409.41 26.23
1373.5 39615.26 9972.65 25.17
1377.4 39354.79 9455.79 24.03
1381.2 39167.92 8913.08 22.76
1385.1 39160.09 8331.44 21.28
1389.0 39060.88 7708.18 19.73
1392.8 38834.72 7103.11 18.29
1396.6 38680.88 6578.48 17.01
1400.5 38476.57 6120.60 15.91
1404.3 38299.58 5742.36 14.99
1408.2 38263.03 5453.60 14.25
1412.0 38218.70 5220.98 13.66
1415.8 38249.29 5048.51 13.20
1419.6 38208.11 4909.16 12.85
1423.5 38172.20 4804.20 12.59
1427.3 38125.77 4725.10 12.39
1431.1 38099.78 4680.23 12.28
1434.9 38010.73 4638.00 12.20
1438.8 37949.80 4592.96 12.10
1442.6 37913.52 4558.30 12.02
1446.4 37795.09 4545.46 12.03
1450.2 37700.99 4538.55 12.04
1454.0 37583.52 4518.96 12.02
1457.8 37547.69 4525.54 12.05
1461.6 37527.24 4540.34 12.10
1465.4 37404.28 4560.83 12.19
1469.2 37216.73 4584.13 12.32
1473.0 37080.95 4624.59 12.47
1476.8 37019.78 4685.85 12.66
1480.7 36949.43 4751.72 12.86
1484.4 36826.56 4833.60 13.13
1488.2 36723.96 4936.20 13.44
1492.0 36584.11 5046.01 13.79
1495.8 36452.33 5136.95 14.09
1499.6 36350.05 5212.07 14.34
1503.4 36216.75 5276.13 14.57
1507.2 36087.28 5333.73 14.78
1510.9 35929.91 5377.19 14.97
1514.7 35749.31 5414.35 15.15
1518.5 35615.65 5468.28 15.35
1522.3 35466.30 5505.56 15.52
1526.0 35355.47 5531.06 15.64
1529.8 35294.61 5580.99 15.81
1533.6 35159.29 5640.40 16.04
1537.3 35020.99 5702.38 16.28
1541.1 34889.16 5767.20 16.53
1544.8 34754.40 5836.80 16.79
1548.6 34607.98 5865.76 16.95
1552.4 34514.76 5880.56 17.04
1556.1 34455.77 5952.70 17.28
1559.9 34373.05 6064.00 17.64
1563.6 34243.93 6156.45 17.98
1567.3 34122.03 6228.34 18.25
1571.1 33904.82 6275.66 18.51
1574.8 33749.79 6349.42 18.81
1578.6 33637.37 6416.56 19.08
1582.3 33496.17 6452.69 19.26
1586.0 33359.51 6478.78 19.42
1589.8 33217.24 6501.01 19.57
1593.5 33051.52 6516.63 19.72
1597.2 32917.71 6540.32 19.87
1600.9 32767.31 6562.59 20.03
1604.7 32613.52 6589.03 20.20
1608.4 32493.03 6621.31 20.38
1612.1 32320.35 6632.28 20.52
1615.8 32161.00 6647.78 20.67
1619.5 32072.28 6678.11 20.82
1623.2 31915.49 6701.26 21.00
1626.9 31725.78 6701.67 21.12
1630.6 31537.44 6703.40 21.26
1634.3 31397.73 6712.37 21.38
1638.0 31241.74 6717.05 21.50
1641.7 31050.65 6720.80 21.64
1645.4 30870.63 6707.99 21.73
1649.1 30683.95 6692.99 21.81
1652.8 30504.58 6682.50 21.91
1656.4 30322.32 6653.30 21.94
1660.1 30158.02 6632.50 21.99
1663.8 29966.42 6602.97 22.03
1667.5 29809.99 6576.80 22.06
1671.1 29676.54 6538.46 22.03
1674.8 29472.79 6481.07 21.99
1678.5 29413.48 6454.79 21.95
1682.1 29419.35 6421.36 21.83
1685.8 29417.21 6386.04 21.71
1689.5 29310.65 6335.20 21.61
1693.1 29167.59 6268.65 21.49
1696.8 29020.13 6196.38 21.35
1700.4 28874.60 6116.98 21.18
1704.0 28754.23 6044.58 21.02
1707.7 28493.62 5938.96 20.84
1711.3 28200.13 5814.68 20.62
1715.0 27991.44 5712.10 20.41
1718.6 27822.35 5613.83 20.18
1722.2 27677.55 5521.54 19.95
1725.9 27527.50 5438.90 19.76
1729.5 27386.37 5368.13 19.60
1733.1 27262.24 5320.98 19.52
1736.7 27144.69 5285.00 19.47
1740.3 26982.07 5228.29 19.38
1744.0 26899.89 5184.94 19.27
1747.5 26760.07 5121.52 19.14
1751.2 26551.35 5028.85 18.94
1754.8 26397.18 4944.11 18.73
1758.4 26262.14 4882.43 18.59
1762.0 26085.49 4816.22 18.46
1765.5 25956.49 4754.11 18.32
1769.1 25915.20 4732.80 18.26
1772.7 25841.75 4701.58 18.19
1776.3 25724.16 4647.89 18.07
1779.9 25608.69 4604.86 17.98
1783.5 25553.92 4570.64 17.89
1787.0 25434.82 4525.69 17.79
1790.6 25293.30 4487.16 17.74
1794.2 25193.03 4457.31 17.69
1797.8 25095.48 4439.18 17.69
1801.3 25012.46 4423.58 17.69
1804.9 24871.88 4394.25 17.67
1808.4 24792.34 4377.16 17.66
1812.0 24660.35 4344.00 17.62
1815.5 24519.60 4309.00 17.57
1819.1 24324.68 4274.37 17.57
1822.6 24164.48 4245.31 17.57
1826.2 24042.90 4204.35 17.49
1829.7 23859.90 4157.77 17.43
1833.2 23612.46 4111.88 17.41
1836.8 23400.20 4057.69 17.34
1840.3 23257.80 4001.13 17.20
1843.8 23131.92 3930.78 16.99
1847.3 23013.03 3880.74 16.86
1850.8 22865.47 3826.37 16.73
1854.3 22692.74 3739.71 16.48
1857.8 22594.00 3666.00 16.23
1861.3 22615.25 3583.03 15.84
1864.8 22605.64 3487.57 15.43
1868.3 22468.36 3386.05 15.07
1871.8 22341.12 3233.28 14.47
1875.3 22323.21 2993.45 13.41
1878.8 22320.32 2799.71 12.54
1882.3 22237.89 2655.39 11.94
1885.8 22045.10 2497.64 11.33
1889.3 21861.76 2335.48 10.68
1892.7 21710.01 2213.50 10.20
1896.2 21503.16 2151.28 10.00
1899.7 21232.37 2129.79 10.03
1903.1 21059.81 2134.44 10.14
1906.6 21101.81 2214.49 10.49
1910.0 21348.35 2376.67 11.13
1913.5 21771.66 2700.58 12.40
1917.0 22339.63 3249.40 14.55
1920.4 22881.38 3651.78 15.96
1923.8 23136.14 3792.81 16.39
1871.2 20260.60 2129.08 10.51
1873.9 20445.79 2018.81 9.87
1876.7 20658.97 1837.24 8.89
1879.5 20770.50 1882.21 9.06
1882.3 20488.21 1777.27 8.67
1885.1 20498.36 1517.12 7.40
1887.8 20542.45 1492.65 7.27
1890.6 20318.11 1528.15 7.52
1893.4 20320.67 1400.67 6.89
1896.2 20203.65 1279.06 6.33
1898.9 20201.38 1246.13 6.17
1901.7 20074.51 1158.03 5.77
1904.5 20223.67 1158.51 5.73
1907.2 20168.50 1178.00 5.84
1910.0 20030.00 1106.77 5.53
1912.7 20048.69 1096.91 5.47
1915.5 19979.54 1140.29 5.71
1918.2 19877.64 1141.49 5.74
1921.0 19705.09 1120.90 5.69
1923.7 19733.20 1130.57 5.73
1926.5 19715.86 1130.06 5.73
1929.2 19701.76 1128.75 5.73
1932.0 19674.16 1137.60 5.78
1934.7 19635.47 1128.73 5.75
1937.4 19518.79 1150.72 5.90
1940.2 19475.71 1155.57 5.93
1942.9 19573.26 1157.10 5.91
1945.6 19572.62 1174.78 6.00
1948.3 19494.00 1173.25 6.02
1951.1 19465.67 1185.94 6.09
1953.8 19476.00 1200.00 6.16
1956.5 19368.67 1195.01 6.17
1959.2 19423.04 1201.98 6.19
1961.9 19438.54 1209.88 6.22
1964.6 19331.55 1219.75 6.31
1967.3 19375.30 1251.93 6.46
1970.0 19228.16 1258.00 6.54
1972.8 19159.08 1244.33 6.49
1975.5 19219.42 1249.69 6.50
1978.2 19120.16 1264.36 6.61
1980.9 19002.89 1291.35 6.80
1983.5 18950.70 1323.29 6.98
1986.2 18944.10 1312.41 6.93
1988.9 18909.18 1315.32 6.96
1991.6 18787.78 1317.98 7.02
1994.3 18678.85 1308.42 7.00
1997.0 18669.58 1323.45 7.09
1999.7 18631.37 1355.43 7.27
2002.3 18617.79 1360.66 7.31
2005.0 18540.12 1352.03 7.29
2007.7 18469.93 1376.00 7.45
2010.4 18400.48 1381.82 7.51
2013.0 18316.11 1405.43 7.67
2015.7 18226.45 1406.63 7.72
2018.4 18129.14 1384.29 7.64
2021.0 18062.50 1422.33 7.87
2023.7 17946.51 1433.12 7.99
2026.4 17902.73 1425.23 7.96
2029.0 17806.29 1428.33 8.02
2031.7 17677.40 1428.05 8.08
2034.3 17722.47 1453.40 8.20
2037.0 17610.64 1466.62 8.33
2039.6 17527.07 1471.37 8.39
2042.3 17481.88 1446.29 8.27
2044.9 17393.81 1450.19 8.34
2047.5 17348.93 1450.19 8.36
2050.2 17253.60 1436.40 8.33
2052.8 17214.40 1458.80 8.47
2055.4 17090.17 1465.27 8.57
2058.1 16973.60 1447.60 8.53
2060.7 16918.14 1456.20 8.61
2063.3 16842.61 1471.36 8.74
2065.9 16794.67 1460.04 8.69
2068.6 16710.92 1457.25 8.72
2071.2 16664.67 1461.96 8.77
2073.8 16591.32 1469.13 8.85
2076.4 16536.88 1479.11 8.94
2079.0 16525.61 1486.49 9.00
2081.6 16519.89 1493.88 9.04
2084.2 16487.00 1512.41 9.17
2086.8 16353.42 1515.99 9.27
2089.4 16268.28 1503.43 9.24
2092.1 16209.50 1496.00 9.23
2094.7 16113.80 1536.80 9.54
2097.2 16087.67 1521.50 9.46
2099.8 16089.36 1517.27 9.43
2102.4 15953.94 1524.03 9.55
2105.0 15826.05 1513.35 9.56
2107.6 15774.07 1535.25 9.73
2110.2 15742.83 1525.98 9.69
2112.8 15734.02 1514.70 9.63
2115.3 15735.22 1524.16 9.69
2117.9 15738.64 1549.49 9.85
2120.5 15682.70 1562.44 9.96
2123.1 15604.88 1573.65 10.08
2125.6 15567.02 1560.80 10.03
2128.2 15487.92 1545.28 9.98
2130.8 15394.28 1564.88 10.17
2133.3 15347.20 1548.80 10.09
2135.9 15264.31 1547.32 10.14
2138.4 15119.35 1558.79 10.31
2141.0 15032.51 1536.75 10.22
2143.6 14998.41 1539.13 10.26
2146.1 14847.40 1530.87 10.31
2148.7 14686.27 1527.07 10.40
2151.2 14704.80 1548.80 10.53
2153.8 14713.72 1548.19 10.52
2156.3 14589.47 1553.45 10.65
2158.8 14533.35 1541.64 10.61
2161.4 14517.59 1539.03 10.60
2163.9 14426.20 1556.72 10.79
2166.4 14354.62 1531.55 10.67
2169.0 14310.27 1513.81 10.58
2171.5 14227.48 1531.55 10.76
2174.0 14143.15 1523.20 10.77
2176.5 14124.76 1524.90 10.80
2179.1 14082.55 1529.93 10.86
2181.6 13967.33 1502.58 10.76
2184.1 13937.00 1518.44 10.90
2186.6 13993.83 1518.95 10.85
2189.1 13896.09 1492.65 10.74
2191.6 13840.87 1499.40 10.83
2194.1 13877.92 1508.04 10.87
2196.6 13844.81 1484.34 10.72
2199.2 13897.52 1510.45 10.87
2201.7 13871.80 1536.54 11.08
2204.1 13802.39 1524.64 11.05
2206.6 13786.08 1510.65 10.96
2209.1 13743.34 1514.00 11.02
2211.6 13738.26 1545.51 11.25
2214.1 13693.60 1539.68 11.24
2216.6 13643.61 1496.54 10.97
2219.1 13655.01 1500.34 10.99
2221.6 13597.41 1511.25 11.11
2224.0 13563.60 1489.71 10.98
2226.5 13534.39 1453.51 10.74
2229.0 13551.73 1450.34 10.70
2231.5 13416.49 1443.91 10.76
2233.9 13376.81 1431.58 10.70
2236.4 13409.64 1443.64 10.77
2238.9 13341.63 1422.13 10.66
2241.3 13300.17 1399.20 10.52
2243.8 13261.31 1403.09 10.58
2246.2 13153.53 1360.71 10.34
2248.7 13089.53 1315.12 10.05
2251.2 13067.33 1325.95 10.15
2253.6 13017.60 1301.76 10.00
2256.1 12979.20 1282.56 9.88
2258.5 12980.99 1286.96 9.91
2260.9 12912.45 1292.40 10.01
2263.4 12850.74 1266.65 9.86
2265.8 12840.17 1238.63 9.65
2268.3 12768.77 1223.77 9.58
2270.7 12812.36 1212.91 9.47
2273.1 12778.22 1227.20 9.60
2275.6 12710.40 1194.24 9.40
2278.0 12729.12 1168.37 9.18
2280.4 12680.26 1192.98 9.41
2282.8 12544.20 1173.12 9.35
2285.3 12570.98 1147.06 9.12
2287.7 12679.54 1132.45 8.93
2290.1 12579.51 1126.70 8.96
2292.5 12520.09 1130.98 9.03
2294.9 12538.64 1126.23 8.98
2297.3 12458.25 1107.40 8.89
2299.7 12334.59 1054.21 8.55
2302.1 12311.40 1029.22 8.36
2304.5 12214.72 1042.72 8.54
2306.9 12089.28 1015.28 8.40
2309.3 11994.02 1003.09 8.36
2311.7 11939.85 996.95 8.35
2314.1 11791.37 964.89 8.18
2316.5 11721.50 1012.58 8.64
2318.9 11765.88 1005.13 8.54
2321.3 11730.50 978.53 8.34
2323.7 11744.39 994.34 8.47
2326.1 11719.24 1003.47 8.56
2328.4 11761.55 1000.81 8.51
2330.8 11807.83 989.78 8.38
2333.2 11712.54 971.93 8.30
2335.6 11662.03 946.58 8.12
2337.9 11681.16 984.91 8.43
2340.3 11629.38 982.41 8.45
2342.7 11548.22 926.74 8.02
2345.0 11508.47 921.53 8.01
2347.4 11492.00 892.50 7.77
2349.7 11315.65 867.15 7.66
2352.1 11286.89 887.69 7.86
2354.4 11296.02 898.35 7.95
2356.8 11214.70 897.87 8.01
2359.2 11154.00 875.33 7.85
2361.5 11109.05 863.94 7.78
2363.8 11141.66 869.55 7.80
2366.2 11165.73 895.91 8.02
2368.5 11089.40 890.00 8.03
2370.9 11067.03 840.99 7.60
2373.2 11030.32 858.86 7.79
2375.5 10914.30 859.75 7.88
2377.9 10876.18 825.06 7.59
2380.2 10876.88 833.86 7.67
2382.5 10821.23 808.72 7.47
2384.8 10769.44 779.52 7.24
2387.2 10736.28 801.71 7.47
2389.5 10704.02 793.24 7.41
2391.8 10661.73 755.78 7.09
2394.1 10613.91 782.13 7.37
2396.4 10610.47 788.65 7.43
2398.7 10654.34 794.08 7.45
2401.0 10513.07 791.20 7.53
2403.3 10428.12 756.96 7.26
2405.6 10456.51 749.75 7.17
2407.9 10375.71 726.45 7.00
2410.2 10317.44 741.97 7.19
2412.5 10224.31 721.60 7.06
2414.8 10187.84 698.36 6.85
2417.1 10204.62 732.96 7.18
2419.4 10195.97 703.35 6.90
2421.7 10103.31 699.14 6.92
2424.0 10048.90 707.97 7.05
2426.2 10074.05 679.45 6.74
2428.5 10032.46 686.86 6.85
2430.8 10006.20 675.80 6.75
2433.1 9945.94 691.46 6.95
2435.4 9886.37 727.35 7.36
2437.6 9830.42 632.24 6.43
2439.9 9708.34 589.58 6.07
2442.2 9709.99 654.16 6.74
2444.4 9752.18 614.54 6.30
2446.7 9688.56 589.84 6.09
2448.9 9658.24 639.54 6.62
2451.2 9631.36 631.76 6.56
2453.4 9564.32 578.56 6.05
2455.7 9566.46 608.17 6.36
2457.9 9468.86 604.40 6.38
2460.2 9395.46 561.02 5.97
2462.4 9422.40 567.84 6.03
2464.7 9348.95 605.60 6.48
2466.9 9251.22 597.06 6.45
2469.2 9249.34 563.91 6.10
2471.4 9151.61 590.85 6.46
2473.6 9078.42 569.08 6.27
2475.9 9042.40 555.41 6.14
2478.1 8956.32 601.19 6.71
2480.3 8952.70 543.01 6.07
2482.5 8971.16 514.68 5.74
2484.8 8832.66 538.84 6.10
2487.0 8762.09 540.69 6.17
2489.2 8850.00 550.30 6.22
2491.4 8753.22 476.47 5.44
2493.6 8669.20 470.30 5.42
2495.8 8662.66 578.04 6.67
2498.0 8674.13 559.36 6.45
2500.2 8694.60 530.78 6.10
2502.4 8942.16 577.20 6.45
2504.6 9089.52 554.01 6.10
2506.8 9176.65 487.08 5.31
