/*** Spectra Vista SIG Data ***/
name= \My Documents\HR1024_Data\RD5S13.
instrument= HR: 1091052
integration= 400, 60, 30, 500, 60, 30
scan time= 1, 1
scan settings= AD, AI, AD, AI
external data set1= 8224, 8224, 8224, 8224, 8224, 8224, 8224, 8224, 8224, 8224, 8224, 8224, 8224, 8224, 8224, 8224
external data set2= 8224, 8224, 8224, 8224, 8224, 8224, 8224, 8224, 8224, 8224, 8224, 8224, 8224, 8224, 8224, 8224
external data dark= 0,0,0,0,0,0,0,0
external data mask= 0
optic= LENS4 , LENS4 
temp= 32.34, 8.94, -5.37, 41.68, 8.88, -5.24
battery= 7.5, 7.0
error= 0, 0
units= Radiance, Radiance
time= 3/11/08 9:20:48 AM, 3/11/08 9:45:25 AM
longitude= , 
latitude= , 
gpstime= , 
comm= 
memory slot= 0, 0
factors= 
data= 
346.4 366.28 127.40 34.78
347.9 400.03 115.46 28.86
349.5 432.12 117.31 27.15
351.1 468.00 119.81 25.60
352.6 496.51 127.77 25.73
354.2 520.33 123.05 23.65
355.7 575.84 141.44 24.56
357.3 598.14 137.31 22.96
358.8 616.87 135.61 21.98
360.4 668.33 144.92 21.68
361.9 686.05 149.05 21.73
363.5 715.01 146.81 20.53
365.1 743.78 142.86 19.21
366.6 778.54 145.01 18.63
368.2 824.27 150.42 18.25
369.7 873.39 147.58 16.90
371.3 928.49 150.14 16.17
372.8 977.74 158.03 16.16
374.4 1016.27 158.87 15.63
375.9 1052.58 162.85 15.47
377.4 1084.71 163.93 15.11
379.0 1129.79 162.94 14.42
380.5 1157.14 162.49 14.04
382.1 1186.43 161.93 13.65
383.6 1234.64 157.63 12.77
385.2 1293.88 154.00 11.90
386.7 1345.63 159.20 11.83
388.3 1410.38 169.57 12.02
389.8 1464.46 174.58 11.92
391.3 1527.57 178.24 11.67
392.9 1567.60 188.91 12.05
394.4 1609.87 201.79 12.53
395.9 1662.63 208.50 12.54
397.5 1749.05 204.14 11.67
399.0 1827.74 205.18 11.23
400.6 1876.29 199.23 10.62
402.1 1904.04 194.02 10.19
403.6 1943.17 195.64 10.07
405.1 1994.81 191.03 9.58
406.7 2061.92 196.22 9.52
408.2 2135.06 203.15 9.51
409.7 2198.56 203.39 9.25
411.3 2272.05 221.24 9.74
412.8 2335.64 222.78 9.54
414.3 2399.77 227.13 9.46
415.8 2475.00 240.00 9.70
417.4 2547.71 229.72 9.02
418.9 2612.23 241.87 9.26
420.4 2658.25 247.26 9.30
421.9 2705.56 246.84 9.12
423.5 2743.63 253.11 9.23
425.0 2788.02 250.82 9.00
426.5 2844.45 243.38 8.56
428.0 2917.63 247.12 8.47
429.5 3009.90 252.80 8.40
431.1 3112.45 259.29 8.33
432.6 3227.88 262.23 8.12
434.1 3329.29 269.50 8.09
435.6 3423.98 275.54 8.05
437.1 3517.80 283.14 8.05
438.6 3607.74 293.18 8.13
440.1 3694.39 292.62 7.92
441.6 3790.73 301.18 7.95
443.1 3873.83 304.56 7.86
444.7 3959.99 320.58 8.10
446.2 4024.76 322.49 8.01
447.7 4101.41 328.80 8.02
449.2 4174.20 330.05 7.91
450.7 4238.00 332.80 7.85
452.2 4313.18 325.40 7.54
453.7 4393.64 329.29 7.49
455.2 4491.99 338.18 7.53
456.7 4618.24 347.07 7.52
458.2 4761.06 355.09 7.46
459.7 4899.13 364.00 7.43
461.2 5044.37 375.59 7.45
462.7 5165.05 390.94 7.57
464.2 5287.79 397.48 7.52
465.7 5408.14 406.29 7.51
467.2 5518.98 421.96 7.65
468.7 5631.00 428.00 7.60
470.2 5705.20 439.97 7.71
471.7 5821.13 459.80 7.90
473.2 6011.22 460.22 7.66
474.6 6153.75 461.94 7.51
476.1 6204.18 457.07 7.37
477.6 6220.94 455.71 7.33
479.1 6250.52 458.66 7.34
480.6 6293.37 459.02 7.29
482.1 6374.96 457.55 7.18
483.6 6474.12 466.47 7.21
485.1 6599.29 471.71 7.15
486.6 6739.10 488.32 7.25
488.0 6898.13 497.25 7.21
489.5 7058.36 510.34 7.23
491.0 7224.81 526.97 7.29
492.5 7392.87 546.26 7.39
494.0 7557.79 560.48 7.42
495.4 7702.20 584.76 7.59
496.9 7844.83 605.88 7.72
498.4 7990.29 625.55 7.83
499.9 8131.50 651.28 8.01
501.4 8263.45 679.85 8.23
502.8 8392.79 707.58 8.43
504.3 8499.60 732.24 8.61
505.8 8611.18 769.01 8.93
507.2 8674.01 795.90 9.18
508.7 8728.20 830.30 9.51
510.2 8764.92 866.70 9.89
511.6 8789.76 896.51 10.20
513.1 8840.43 932.76 10.55
514.6 8904.34 968.15 10.87
516.0 8958.85 1013.17 11.31
517.5 9056.55 1060.14 11.71
519.0 9171.31 1116.51 12.17
520.5 9287.32 1170.96 12.61
521.9 9437.16 1236.47 13.10
523.4 9612.27 1306.62 13.59
524.8 9785.79 1375.78 14.06
526.3 9984.58 1449.71 14.52
527.8 10184.06 1531.04 15.03
529.2 10366.76 1604.76 15.48
530.7 10567.61 1681.39 15.91
532.1 10746.40 1749.62 16.28
533.6 10959.02 1823.14 16.64
535.0 11168.56 1902.98 17.04
536.5 11376.00 1978.71 17.39
538.0 11592.92 2056.38 17.74
539.4 11785.91 2126.89 18.05
540.9 12037.93 2204.44 18.31
542.3 12246.63 2273.50 18.56
543.8 12400.56 2323.35 18.74
545.2 12445.48 2360.06 18.96
546.6 12442.01 2388.56 19.20
548.1 12455.19 2427.28 19.49
549.5 12460.55 2459.72 19.74
551.0 12456.77 2484.52 19.95
552.4 12484.13 2508.49 20.09
553.9 12491.52 2540.37 20.34
555.3 12509.64 2570.02 20.54
556.8 12569.08 2607.87 20.75
558.2 12630.94 2649.38 20.98
559.6 12713.51 2695.56 21.20
561.1 12831.00 2748.20 21.42
562.5 12959.42 2815.27 21.72
564.0 13129.35 2889.14 22.01
565.4 13288.41 2971.40 22.36
566.8 13487.87 3053.34 22.64
568.3 13678.39 3145.63 23.00
569.7 13879.32 3237.16 23.32
571.1 14074.77 3328.55 23.65
572.6 14269.77 3430.51 24.04
574.0 14463.08 3521.76 24.35
575.4 14650.03 3622.73 24.73
576.9 14818.07 3715.17 25.07
578.3 14977.46 3815.96 25.48
579.7 15131.24 3919.99 25.91
581.1 15254.19 4021.15 26.36
582.6 15387.18 4123.47 26.80
584.0 15508.86 4227.28 27.26
585.4 15681.05 4327.67 27.60
586.8 15909.04 4458.99 28.03
588.3 16162.38 4586.40 28.38
589.7 16371.81 4701.53 28.72
591.1 16519.39 4801.45 29.07
592.5 16589.78 4898.77 29.53
594.0 16627.80 4986.12 29.99
595.4 16637.76 5067.19 30.46
596.8 16651.64 5145.43 30.90
598.2 16659.51 5218.45 31.32
599.6 16659.36 5290.92 31.76
601.0 16705.59 5376.93 32.19
602.4 16752.94 5464.43 32.62
603.9 16822.23 5566.12 33.09
605.3 16905.11 5667.60 33.53
606.7 16973.10 5765.76 33.97
608.1 17114.04 5893.31 34.44
609.5 17255.15 6029.37 34.94
610.9 17434.91 6173.43 35.41
612.3 17598.49 6302.02 35.81
613.7 17818.60 6453.73 36.22
615.1 17967.42 6581.09 36.63
616.5 18122.06 6699.91 36.97
617.9 18356.64 6858.06 37.36
619.3 18578.68 7013.85 37.75
620.7 18848.67 7189.98 38.15
622.1 19119.58 7294.39 38.15
623.5 19414.06 7372.87 37.98
624.9 19741.18 7483.77 37.91
626.3 19952.52 7549.63 37.84
627.7 19741.37 7518.09 38.08
629.1 19544.02 7533.12 38.54
630.5 19457.12 7607.24 39.10
631.9 19461.81 7718.82 39.66
633.3 19457.49 7834.00 40.26
634.7 19533.17 7971.81 40.81
636.1 19566.68 8053.91 41.16
637.5 19597.55 8094.74 41.30
638.9 19677.50 8150.21 41.42
640.2 19731.43 8192.55 41.52
641.6 19754.28 8208.72 41.55
643.0 19715.36 8180.19 41.49
644.4 19707.26 8153.54 41.37
645.8 19650.11 8102.78 41.24
647.2 19716.78 8113.46 41.15
648.5 19765.84 8141.51 41.19
649.9 19671.60 8142.42 41.39
651.3 19608.23 8187.54 41.76
652.7 19503.68 8228.34 42.19
654.1 19390.95 8111.11 41.83
655.5 19238.75 7936.39 41.25
656.8 19118.09 7786.44 40.73
658.2 19225.93 7740.47 40.26
659.6 19449.31 7748.00 39.84
660.9 19643.18 7742.17 39.41
662.3 19825.21 7727.60 38.98
663.7 20008.80 7703.64 38.50
665.0 20165.89 7675.26 38.06
666.4 20328.89 7656.19 37.66
667.8 20535.62 7661.04 37.31
669.1 20711.76 7676.93 37.07
670.5 20914.18 7719.83 36.91
671.9 21055.86 7771.58 36.91
673.2 21237.33 7873.25 37.07
674.6 21400.77 8002.99 37.40
676.0 21596.49 8183.06 37.89
677.3 21793.24 8401.79 38.55
678.7 21992.69 8681.05 39.47
680.0 22269.19 9047.10 40.63
681.4 22542.00 9503.32 42.16
682.8 22829.63 10027.29 43.92
684.1 23112.18 10643.26 46.05
685.5 23364.31 11306.17 48.39
686.8 23617.23 11992.99 50.78
688.2 23841.32 12658.65 53.10
689.5 23927.84 13247.13 55.36
690.9 23997.39 13800.69 57.51
692.2 24047.78 14289.18 59.42
693.6 24110.83 14755.75 61.20
694.9 24095.99 15116.41 62.73
696.2 24121.97 15440.13 64.01
697.6 24149.95 15727.25 65.12
698.9 24174.48 15994.18 66.16
700.3 24215.57 16249.62 67.10
701.6 24264.40 16486.33 67.94
703.0 24323.35 16694.48 68.64
704.3 24329.34 16841.31 69.22
705.6 24327.41 16966.55 69.74
707.0 24334.75 17089.83 70.23
708.3 24282.08 17153.07 70.64
709.6 24223.21 17200.41 71.01
711.0 24124.28 17193.19 71.27
712.3 24015.02 17196.57 71.61
713.6 23977.17 17236.63 71.89
714.9 23907.38 17250.05 72.15
716.3 23880.58 17283.29 72.37
717.6 23876.83 17340.01 72.62
718.9 23805.06 17331.31 72.81
720.2 23675.16 17243.69 72.83
721.6 23576.15 17196.09 72.94
722.9 23446.45 17142.55 73.11
724.2 23274.82 17064.41 73.32
725.5 23133.68 17005.20 73.51
726.8 23009.81 16930.42 73.58
728.1 22933.91 16890.19 73.65
729.5 22856.87 16862.08 73.77
730.8 22796.53 16836.72 73.86
732.1 22719.29 16804.17 73.96
733.4 22660.56 16786.68 74.08
734.7 22602.67 16767.27 74.18
736.0 22569.89 16774.58 74.32
737.3 22520.76 16772.69 74.48
738.6 22554.56 16835.68 74.64
739.9 22633.16 16953.06 74.90
741.2 22698.59 17035.20 75.05
742.5 22841.25 17210.74 75.35
743.8 23091.34 17458.98 75.61
745.1 23491.07 17813.17 75.83
746.4 23957.57 18193.99 75.94
747.7 24466.55 18564.80 75.88
749.0 24948.63 18922.51 75.85
750.3 25229.30 19073.45 75.60
751.6 25175.69 18993.61 75.44
752.9 24925.64 18798.58 75.42
754.2 24630.59 18605.58 75.54
755.4 24314.44 18419.17 75.75
756.7 24210.69 18414.53 76.06
758.0 24235.24 18494.67 76.31
759.3 24394.18 18690.49 76.62
760.6 24621.52 18935.84 76.91
761.9 24823.09 19148.93 77.14
763.1 24955.30 19293.59 77.31
764.4 25125.21 19454.55 77.43
765.7 25257.38 19583.20 77.53
767.0 25349.99 19690.83 77.68
768.2 25431.84 19801.15 77.86
769.5 25509.93 19902.15 78.02
770.8 25646.87 20021.59 78.07
772.0 25674.66 20090.22 78.25
773.3 25762.96 20186.13 78.35
774.6 25839.71 20283.95 78.50
775.8 25921.43 20364.89 78.56
777.1 25948.26 20413.34 78.67
778.4 25918.05 20426.59 78.81
779.6 25945.86 20491.02 78.98
780.9 25904.00 20500.80 79.14
782.1 25811.51 20483.05 79.36
783.4 25819.04 20525.44 79.50
784.6 25849.06 20593.65 79.67
785.9 26028.56 20833.55 80.04
787.1 26416.14 21185.63 80.20
788.4 26716.91 21401.12 80.10
789.6 26732.54 21289.89 79.64
790.9 26499.75 21017.18 79.31
792.1 26215.36 20810.27 79.38
793.4 25939.41 20653.76 79.62
794.6 25766.06 20522.41 79.65
795.8 25608.38 20421.81 79.75
797.1 25427.85 20320.32 79.91
798.3 25301.10 20279.00 80.15
799.5 25235.55 20249.95 80.24
800.8 25155.70 20211.30 80.34
802.0 25074.70 20173.66 80.45
803.2 24986.56 20103.15 80.46
804.5 24925.76 20092.56 80.61
805.7 24855.66 20040.10 80.63
806.9 24776.64 19978.78 80.64
808.1 24708.89 19955.56 80.76
809.4 24677.19 19943.22 80.82
810.6 24617.78 19921.72 80.92
811.8 24606.91 19923.30 80.97
813.0 24601.75 19957.85 81.12
814.2 24620.30 19999.74 81.23
815.4 24684.78 20043.30 81.20
816.6 24715.54 20062.37 81.17
817.9 24752.29 20071.35 81.09
819.1 24717.85 20007.12 80.94
820.3 24615.89 19923.70 80.94
821.5 24558.22 19868.04 80.90
822.7 24525.20 19834.06 80.87
823.9 24512.51 19815.08 80.84
825.1 24512.73 19797.85 80.77
826.3 24527.23 19798.03 80.72
827.5 24554.23 19799.82 80.64
828.7 24585.24 19783.10 80.47
829.9 24620.63 19776.98 80.33
831.0 24677.45 19813.64 80.29
832.2 24735.00 19843.47 80.22
833.4 24800.15 19866.18 80.11
834.6 24827.34 19895.63 80.14
835.8 24886.58 19907.37 79.99
837.0 24941.18 19970.10 80.07
838.1 25036.55 20044.65 80.06
839.3 25073.20 20097.52 80.16
840.5 25138.07 20138.06 80.11
841.7 25214.76 20221.76 80.20
842.9 25311.78 20328.55 80.31
844.0 25352.29 20395.24 80.45
845.2 25454.19 20476.91 80.45
846.4 25527.43 20542.29 80.47
847.5 25656.16 20650.21 80.49
848.7 25745.00 20735.32 80.54
849.9 25879.71 20816.03 80.43
851.0 25913.04 20825.92 80.37
852.2 25966.07 20836.46 80.24
853.3 25941.98 20791.62 80.15
854.5 25934.86 20788.60 80.16
855.6 25916.94 20779.38 80.18
856.8 25944.85 20802.07 80.18
857.9 25943.54 20821.06 80.26
859.1 25996.60 20859.28 80.24
860.2 26027.46 20864.67 80.16
861.4 26023.97 20880.31 80.23
862.5 26059.24 20896.47 80.19
863.7 26115.12 20936.67 80.17
864.8 26101.25 20947.50 80.25
865.9 26082.46 20909.15 80.17
867.1 26099.25 20931.44 80.20
868.2 26099.69 20915.90 80.14
869.3 26128.19 20939.24 80.14
870.5 26099.47 20913.91 80.13
871.6 26087.08 20933.53 80.24
872.7 26136.21 20950.22 80.16
873.9 26148.82 20928.03 80.03
875.0 26142.73 20917.22 80.01
876.1 26142.29 20926.15 80.05
877.2 26184.05 20922.17 79.90
878.3 26169.01 20900.16 79.87
879.4 26191.11 20910.68 79.84
880.5 26214.48 20931.84 79.85
881.7 26220.35 20901.92 79.72
882.8 26271.44 20893.10 79.53
883.9 26272.50 20835.84 79.31
885.0 26275.91 20790.04 79.12
886.1 26278.81 20743.88 78.94
887.2 26194.66 20618.08 78.71
888.3 26154.69 20560.45 78.61
889.4 26083.75 20460.32 78.44
890.5 26060.47 20408.93 78.31
891.6 26043.45 20354.76 78.16
892.7 26025.13 20288.11 77.96
893.8 26046.70 20328.60 78.05
894.9 26070.72 20330.68 77.98
896.0 26059.51 20267.59 77.77
897.0 26054.12 20233.95 77.66
898.1 26079.30 20239.32 77.61
899.2 26095.96 20234.18 77.54
900.3 26052.56 20154.70 77.36
901.4 26029.33 20091.89 77.19
902.4 26018.83 20061.25 77.10
903.5 26017.27 20026.60 76.97
904.6 26012.16 20030.66 77.00
905.7 26050.43 19972.95 76.67
906.7 26024.14 19944.45 76.64
907.8 26076.86 19939.48 76.46
908.9 26057.48 19854.80 76.20
909.9 26017.06 19778.83 76.02
911.0 26009.49 19787.61 76.08
912.1 25979.15 19670.00 75.71
913.1 25944.88 19582.16 75.48
914.2 25856.17 19501.58 75.42
915.2 25844.13 19468.51 75.33
916.3 25883.78 19424.64 75.05
917.3 25847.25 19364.47 74.92
918.4 25819.06 19312.15 74.80
919.4 25792.96 19216.11 74.50
920.5 25804.34 19155.95 74.24
921.5 25824.68 19082.73 73.89
922.6 25820.42 18962.71 73.44
923.6 25802.74 18930.88 73.37
924.7 25837.63 18868.40 73.03
925.7 25830.51 18766.08 72.65
926.7 25889.20 18701.66 72.24
927.8 25949.67 18600.87 71.68
928.8 26061.51 18602.26 71.38
929.9 26114.55 18553.77 71.05
930.9 26214.58 18514.62 70.63
931.9 26363.30 18521.20 70.25
932.9 26568.63 18546.86 69.81
934.0 26604.58 18476.15 69.45
935.0 26610.78 18385.41 69.09
936.0 26639.41 18269.73 68.58
937.0 26632.91 18118.46 68.03
938.1 26589.57 18056.06 67.91
939.1 26594.73 17963.76 67.55
940.1 26647.30 17870.08 67.06
941.1 26757.94 17823.86 66.61
942.1 26950.86 17826.43 66.14
943.1 27064.46 17836.67 65.90
944.1 27200.04 17769.07 65.33
945.2 27250.86 17681.16 64.88
946.2 27341.46 17561.86 64.23
947.2 27385.31 17441.00 63.69
948.2 27528.14 17383.04 63.15
949.2 27562.84 17260.10 62.62
950.2 27601.23 17141.00 62.10
951.2 27696.06 17038.90 61.52
952.2 27776.58 16857.71 60.69
953.2 27874.44 16834.09 60.39
954.2 27994.28 16793.55 59.99
955.2 28013.52 16634.52 59.38
956.2 27975.49 16537.94 59.12
957.2 28074.45 16424.79 58.50
958.2 28163.05 16366.21 58.11
959.2 28188.45 16310.34 57.86
960.1 28244.69 16271.12 57.61
961.1 28322.00 16230.75 57.31
962.1 28304.06 16202.25 57.24
963.1 28357.97 16177.45 57.05
964.1 28464.51 16167.24 56.80
965.1 28543.56 16190.03 56.72
966.1 28584.14 16194.40 56.66
967.0 28655.80 16208.28 56.56
968.0 28697.14 16222.57 56.53
969.0 28718.80 16195.52 56.39
970.0 28760.47 16254.19 56.52
971.0 28834.42 16259.38 56.39
971.9 28848.78 16258.29 56.36
972.9 28890.31 16257.26 56.27
973.9 28948.56 16236.87 56.09
974.9 29046.70 16299.55 56.11
975.8 29063.68 16280.20 56.02
976.8 29052.58 16342.64 56.25
977.8 29165.54 16400.24 56.23
978.8 29197.88 16452.96 56.35
979.7 29189.32 16398.82 56.18
980.7 29306.81 16446.80 56.12
981.7 29477.75 16591.01 56.28
982.6 29574.16 16745.89 56.62
983.6 29987.80 17151.20 57.19
984.6 30188.75 17267.97 57.20
985.5 30563.82 17382.53 56.87
986.5 30946.12 17959.02 58.03
987.5 31666.80 18184.35 57.42
988.4 32276.75 18736.52 58.05
989.4 33081.94 19175.04 57.96
990.4 33865.04 20027.08 59.14
991.3 34680.98 20450.70 58.97
992.3 35996.38 20893.55 58.04
993.2 37249.57 21093.13 56.63
994.2 37192.84 21151.85 56.87
995.2 38468.72 21486.53 55.85
996.1 38815.33 22127.79 57.01
997.1 39248.66 22800.05 58.09
998.0 39056.40 22337.52 57.19
999.0 38843.24 23269.81 59.91
1000.0 39939.10 22200.89 55.59
1000.9 41119.71 21720.65 52.82
1001.9 38921.76 22217.84 57.08
1002.8 38260.04 22579.70 59.02
1003.8 38840.71 22868.02 58.88
1004.8 39018.78 23548.18 60.35
961.5 34611.80 16725.81 48.32
965.5 33947.81 16803.31 49.50
969.5 32673.62 16562.37 50.69
973.4 31329.21 15957.61 50.94
977.4 30182.73 15563.89 51.57
981.4 29653.05 15630.03 52.71
985.3 29580.67 15904.86 53.77
989.3 29694.74 16250.85 54.73
993.3 29811.28 16603.54 55.70
997.2 29873.76 16877.21 56.50
1001.2 29847.48 17073.42 57.20
1005.2 29766.32 17240.43 57.92
1009.1 29802.16 17462.84 58.60
1013.1 29912.80 17768.61 59.40
1017.1 29980.27 18077.19 60.30
1021.0 29997.45 18346.10 61.16
1025.0 29986.05 18570.12 61.93
1029.0 29874.56 18725.07 62.68
1032.9 29757.39 18884.19 63.46
1036.9 29719.10 19092.05 64.24
1040.9 29786.91 19350.25 64.96
1044.8 29914.06 19636.41 65.64
1048.8 30017.23 19898.51 66.29
1052.7 30081.05 20131.20 66.92
1056.7 30106.96 20286.28 67.38
1060.7 30124.55 20398.49 67.71
1064.6 30126.20 20493.95 68.03
1068.6 30068.46 20497.70 68.17
1072.5 30024.99 20464.46 68.16
1076.5 29992.38 20428.96 68.11
1080.4 29983.51 20362.48 67.91
1084.4 30049.89 20321.72 67.63
1088.3 30134.74 20265.12 67.25
1092.3 30115.74 20123.15 66.82
1096.2 30104.84 19960.32 66.30
1100.2 30142.18 19787.27 65.65
1104.1 30082.71 19561.13 65.02
1108.1 30052.27 19369.26 64.45
1112.0 29977.43 19107.86 63.74
1116.0 29868.35 18786.17 62.90
1119.9 29779.89 18445.58 61.94
1123.9 29822.35 18106.70 60.72
1127.8 29798.40 17614.08 59.11
1131.8 29786.58 16984.98 57.02
1135.7 29821.64 16254.96 54.51
1139.6 29831.38 15421.79 51.70
1143.6 29819.95 14623.61 49.04
1147.5 29803.64 13946.33 46.79
1151.4 29713.98 13389.29 45.06
1155.4 29731.43 13054.08 43.91
1159.3 29760.66 12845.99 43.16
1163.2 29674.15 12658.58 42.66
1167.2 29672.28 12567.00 42.35
1171.1 29681.80 12505.90 42.13
1175.0 29651.52 12430.47 41.92
1179.0 29638.87 12367.17 41.73
1182.9 29697.98 12336.73 41.54
1186.8 29706.14 12277.66 41.33
1190.7 29571.10 12162.61 41.13
1194.7 29411.94 12051.28 40.97
1198.6 29289.65 11975.04 40.88
1202.5 29196.66 11947.39 40.92
1206.4 29112.98 11947.05 41.04
1210.3 29056.59 11952.24 41.13
1214.2 29008.58 11976.61 41.29
1218.2 28915.95 12012.06 41.54
1222.1 28833.10 12048.73 41.79
1226.0 28785.60 12100.73 42.04
1229.9 28734.48 12153.96 42.30
1233.8 28673.70 12195.25 42.53
1237.7 28644.25 12245.25 42.75
1241.6 28596.57 12284.42 42.96
1245.5 28494.07 12286.41 43.12
1249.4 28422.55 12297.47 43.27
1253.3 28356.92 12315.41 43.43
1257.2 28323.43 12337.06 43.56
1261.1 28264.79 12317.18 43.58
1265.0 28184.91 12283.28 43.58
1268.9 28067.43 12242.02 43.62
1272.8 28106.70 12237.90 43.54
1276.7 28238.01 12254.88 43.40
1280.6 28297.17 12217.11 43.17
1284.5 28250.81 12102.28 42.84
1288.4 28234.52 11990.42 42.47
1292.3 28165.50 11825.00 41.98
1296.2 28076.33 11632.20 41.43
1300.1 27971.71 11424.35 40.84
1303.9 27830.79 11166.68 40.12
1307.8 27679.51 10885.76 39.33
1311.7 27513.83 10584.24 38.47
1315.6 27356.90 10272.00 37.55
1319.5 27190.78 9938.23 36.55
1323.3 27036.43 9597.39 35.50
1327.2 26898.46 9255.09 34.41
1331.1 26745.75 8913.60 33.33
1335.0 26551.82 8561.62 32.24
1338.8 26417.20 8243.61 31.21
1342.7 26306.22 7956.85 30.25
1346.5 26068.84 7642.22 29.32
1350.4 25867.11 7374.38 28.51
1354.3 25587.95 7098.17 27.74
1358.1 25293.52 6809.60 26.92
1362.0 25095.25 6553.46 26.11
1365.8 25024.00 6335.09 25.32
1369.7 25106.98 6126.29 24.40
1373.5 25078.13 5857.79 23.36
1377.4 24917.97 5505.22 22.09
1381.2 24782.40 5064.02 20.43
1385.1 24754.66 4602.52 18.59
1389.0 24692.16 4165.07 16.87
1392.8 24567.88 3761.21 15.31
1396.6 24460.52 3395.83 13.88
1400.5 24320.99 3088.85 12.70
1404.3 24225.89 2851.55 11.77
1408.2 24204.64 2670.71 11.03
1412.0 24174.50 2539.22 10.50
1415.8 24201.79 2449.06 10.12
1419.6 24176.54 2364.63 9.78
1423.5 24162.30 2305.55 9.54
1427.3 24156.22 2267.86 9.39
1431.1 24149.78 2241.30 9.28
1434.9 24082.82 2214.65 9.20
1438.8 24045.91 2192.31 9.12
1442.6 24021.66 2176.44 9.06
1446.4 23948.95 2157.48 9.01
1450.2 23899.20 2141.74 8.96
1454.0 23823.72 2134.08 8.96
1457.8 23805.13 2138.89 8.99
1461.6 23794.65 2140.38 9.00
1465.4 23719.51 2144.93 9.04
1469.2 23598.58 2161.25 9.16
1473.0 23505.47 2176.81 9.26
1476.8 23479.35 2205.10 9.39
1480.7 23444.07 2242.54 9.57
1484.4 23358.60 2282.28 9.77
1488.2 23294.76 2339.28 10.04
1492.0 23212.99 2394.52 10.32
1495.8 23134.48 2447.90 10.58
1499.6 23068.04 2497.78 10.83
1503.4 22989.82 2532.82 11.02
1507.2 22924.40 2560.29 11.17
1510.9 22832.54 2589.02 11.34
1514.7 22729.47 2621.37 11.53
1518.5 22650.58 2659.92 11.74
1522.3 22564.73 2695.92 11.95
1526.0 22502.83 2735.77 12.16
1529.8 22457.39 2785.73 12.40
1533.6 22379.96 2829.76 12.64
1537.3 22300.49 2866.79 12.86
1541.1 22218.14 2905.23 13.08
1544.8 22130.40 2949.60 13.33
1548.6 22049.49 3000.19 13.61
1552.4 21992.28 3052.67 13.88
1556.1 21940.64 3082.39 14.05
1559.9 21881.16 3102.62 14.18
1563.6 21806.79 3131.98 14.36
1567.3 21732.27 3183.48 14.65
1571.1 21585.13 3230.96 14.97
1574.8 21494.94 3279.74 15.26
1578.6 21441.85 3328.87 15.53
1582.3 21360.05 3361.32 15.74
1586.0 21278.88 3378.36 15.88
1589.8 21182.42 3394.87 16.03
1593.5 21087.16 3413.24 16.19
1597.2 21011.15 3435.83 16.35
1600.9 20910.91 3453.11 16.51
1604.7 20817.19 3467.53 16.66
1608.4 20751.75 3500.73 16.87
1612.1 20653.79 3525.20 17.07
1615.8 20554.46 3539.23 17.22
1619.5 20509.10 3576.44 17.44
1623.2 20415.20 3596.86 17.62
1626.9 20293.94 3603.94 17.76
1630.6 20187.64 3617.90 17.92
1634.3 20108.09 3624.58 18.03
1638.0 20016.12 3628.56 18.13
1641.7 19907.78 3627.02 18.22
1645.4 19793.59 3624.52 18.31
1649.1 19676.58 3614.36 18.37
1652.8 19573.89 3601.73 18.40
1656.4 19468.81 3591.08 18.45
1660.1 19373.12 3573.71 18.45
1663.8 19253.37 3552.19 18.45
1667.5 19154.03 3544.96 18.51
1671.1 19073.44 3529.70 18.51
1674.8 18955.63 3506.50 18.50
1678.5 18920.35 3500.83 18.50
1682.1 18926.99 3492.77 18.45
1685.8 18934.59 3477.73 18.37
1689.5 18875.64 3452.34 18.29
1693.1 18777.51 3427.02 18.25
1696.8 18693.63 3389.13 18.13
1700.4 18605.80 3351.47 18.01
1704.0 18533.22 3315.31 17.89
1707.7 18380.44 3257.23 17.72
1711.3 18186.09 3190.08 17.54
1715.0 18064.01 3132.21 17.34
1718.6 17962.81 3076.46 17.13
1722.2 17869.77 3019.63 16.90
1725.9 17778.98 2972.82 16.72
1729.5 17683.82 2928.07 16.56
1733.1 17615.86 2888.40 16.40
1736.7 17543.89 2859.61 16.30
1740.3 17426.02 2816.52 16.16
1744.0 17375.79 2772.17 15.95
1747.5 17289.32 2725.74 15.77
1751.2 17148.24 2670.90 15.58
1754.8 17043.21 2613.96 15.34
1758.4 16959.78 2562.80 15.11
1762.0 16844.84 2518.01 14.95
1765.5 16763.61 2486.95 14.84
1769.1 16735.20 2462.40 14.71
1772.7 16687.95 2440.37 14.62
1776.3 16608.65 2411.64 14.52
1779.9 16528.93 2380.89 14.40
1783.5 16504.40 2360.96 14.31
1787.0 16420.93 2336.57 14.23
1790.6 16313.97 2315.14 14.19
1794.2 16250.54 2303.41 14.17
1797.8 16183.76 2288.87 14.14
1801.3 16118.56 2276.69 14.12
1804.9 16020.38 2262.75 14.12
1808.4 15971.30 2252.64 14.10
1812.0 15882.75 2245.31 14.14
1815.5 15784.84 2229.56 14.12
1819.1 15650.89 2205.39 14.09
1822.6 15532.45 2187.59 14.08
1826.2 15446.30 2169.70 14.05
1829.7 15337.22 2152.43 14.03
1833.2 15178.78 2117.68 13.95
1836.8 15030.02 2082.99 13.86
1840.3 14950.04 2069.55 13.84
1843.8 14886.20 2051.14 13.78
1847.3 14837.06 2054.08 13.84
1850.8 14793.41 2056.32 13.90
1854.3 14722.56 2022.08 13.73
1857.8 14658.80 1955.20 13.34
1861.3 14629.20 1877.67 12.84
1864.8 14572.84 1773.91 12.17
1868.3 14425.58 1623.25 11.25
1871.8 14284.80 1459.20 10.22
1875.3 14255.61 1307.22 9.17
1878.8 14246.03 1206.50 8.47
1882.3 14193.40 1159.28 8.17
1885.8 14118.50 1100.25 7.79
1889.3 13979.52 1009.26 7.22
1892.7 13865.36 956.23 6.90
1896.2 13804.86 983.99 7.13
1899.7 13707.11 1026.67 7.49
1903.1 13634.54 1073.69 7.87
1906.6 13688.09 1107.24 8.09
1910.0 13884.77 1188.34 8.56
1913.5 14226.75 1364.21 9.59
1917.0 14474.60 1587.78 10.97
1920.4 14745.78 1849.00 12.54
1923.8 15062.87 1896.41 12.59
1871.2 12888.95 1579.64 12.26
1873.9 13047.08 1610.75 12.35
1876.7 13250.10 1567.65 11.83
1879.5 13307.88 1437.67 10.80
1882.3 13009.24 1308.14 10.06
1885.1 13033.44 1310.24 10.05
1887.8 13145.19 1261.74 9.60
1890.6 12997.04 1278.65 9.84
1893.4 12958.00 1268.67 9.79
1896.2 12845.61 1196.54 9.31
1898.9 12795.28 1214.01 9.49
1901.7 12697.20 1228.57 9.68
1904.5 12812.38 1259.02 9.83
1907.2 12777.50 1273.00 9.96
1910.0 12693.31 1240.80 9.78
1912.7 12674.55 1205.00 9.51
1915.5 12622.22 1192.98 9.45
1918.2 12592.16 1198.74 9.52
1921.0 12470.84 1182.79 9.48
1923.7 12502.92 1170.59 9.36
1926.5 12525.14 1165.89 9.31
1929.2 12499.59 1154.40 9.24
1932.0 12466.20 1156.56 9.28
1934.7 12450.39 1159.99 9.32
1937.4 12388.06 1153.82 9.31
1940.2 12333.29 1161.72 9.42
1942.9 12377.93 1178.42 9.52
1945.6 12406.16 1171.76 9.44
1948.3 12364.25 1194.31 9.66
1951.1 12353.04 1173.90 9.50
1953.8 12345.00 1143.00 9.26
1956.5 12249.55 1174.04 9.58
1959.2 12291.89 1178.06 9.58
1961.9 12307.40 1177.10 9.56
1964.6 12224.28 1195.95 9.78
1967.3 12284.97 1213.37 9.88
1970.0 12156.72 1172.16 9.64
1972.8 12093.19 1191.38 9.85
1975.5 12180.79 1211.64 9.95
1978.2 12109.24 1197.20 9.89
1980.9 12027.29 1218.47 10.13
1983.5 11996.88 1221.50 10.18
1986.2 11983.38 1219.29 10.17
1988.9 11983.38 1219.29 10.17
1991.6 11899.51 1219.50 10.25
1994.3 11798.84 1207.32 10.23
1997.0 11807.25 1228.30 10.40
1999.7 11770.96 1234.82 10.49
2002.3 11768.44 1225.46 10.41
2005.0 11742.55 1228.34 10.46
2007.7 11687.40 1226.93 10.50
2010.4 11651.26 1230.51 10.56
2013.0 11630.36 1243.27 10.69
2015.7 11528.64 1236.13 10.72
2018.4 11457.30 1231.11 10.75
2021.0 11452.33 1249.50 10.91
2023.7 11380.16 1229.60 10.80
2026.4 11323.00 1222.43 10.80
2029.0 11263.54 1248.38 11.08
2031.7 11193.43 1261.87 11.27
2034.3 11193.43 1253.42 11.20
2037.0 11130.51 1235.79 11.10
2039.6 11076.09 1226.61 11.07
2042.3 11047.98 1235.67 11.18
2044.9 11026.46 1245.42 11.29
2047.5 11001.21 1245.42 11.32
2050.2 10900.40 1237.60 11.35
2052.8 10894.80 1260.00 11.57
2055.4 10822.84 1255.15 11.60
2058.1 10738.00 1226.40 11.42
2060.7 10718.83 1240.98 11.58
2063.3 10653.43 1254.00 11.77
2065.9 10619.50 1250.67 11.78
2068.6 10577.63 1247.88 11.80
2071.2 10537.83 1244.34 11.81
2073.8 10490.95 1242.46 11.84
2076.4 10463.25 1243.35 11.88
2079.0 10439.15 1247.64 11.95
2081.6 10423.40 1254.75 12.04
2084.2 10414.77 1258.46 12.08
2086.8 10346.04 1264.27 12.22
2089.4 10282.92 1262.32 12.28
2092.1 10234.00 1246.67 12.18
2094.7 10195.43 1240.18 12.16
2097.2 10197.17 1252.33 12.28
2099.8 10202.45 1269.61 12.44
2102.4 10082.46 1251.07 12.41
2105.0 9986.40 1239.75 12.41
2107.6 9963.47 1247.57 12.52
2110.2 9945.83 1244.65 12.51
2112.8 9950.08 1245.55 12.52
2115.3 9950.34 1241.27 12.47
2117.9 9955.62 1259.32 12.65
2120.5 9928.49 1270.94 12.80
2123.1 9866.03 1269.45 12.87
2125.6 9842.13 1273.83 12.94
2128.2 9772.14 1249.69 12.79
2130.8 9719.78 1251.90 12.88
2133.3 9694.67 1270.13 13.10
2135.9 9628.08 1247.27 12.95
2138.4 9561.93 1261.17 13.19
2141.0 9493.76 1245.85 13.12
2143.6 9481.01 1219.57 12.86
2146.1 9385.04 1245.85 13.27
2148.7 9294.55 1233.40 13.27
2151.2 9319.20 1199.73 12.87
2153.8 9286.22 1233.26 13.28
2156.3 9196.68 1222.68 13.29
2158.8 9176.01 1199.05 13.07
2161.4 9166.37 1214.71 13.25
2163.9 9107.40 1194.08 13.11
2166.4 9056.27 1185.62 13.09
2169.0 9041.49 1212.23 13.41
2171.5 8982.35 1197.45 13.33
2174.0 8919.05 1175.13 13.18
2176.5 8910.20 1207.96 13.56
2179.1 8872.37 1201.66 13.54
2181.6 8820.83 1180.17 13.38
2184.1 8802.64 1167.32 13.26
2186.6 8815.58 1164.32 13.21
2189.1 8766.51 1158.81 13.22
2191.6 8725.27 1149.87 13.18
2194.1 8759.24 1159.26 13.23
2196.6 8743.02 1131.09 12.94
2199.2 8762.69 1154.64 13.18
2201.7 8728.52 1174.79 13.46
2204.1 8693.38 1150.81 13.24
2206.6 8724.47 1152.57 13.21
2209.1 8690.36 1127.93 12.98
2211.6 8648.75 1111.55 12.85
2214.1 8641.19 1155.71 13.37
2216.6 8629.81 1139.50 13.20
2219.1 8603.23 1116.71 12.98
2221.6 8565.00 1126.77 13.16
2224.0 8580.12 1116.33 13.01
2226.5 8553.64 1103.45 12.90
2229.0 8526.93 1092.51 12.81
2231.5 8456.64 1110.70 13.13
2233.9 8447.09 1089.08 12.89
2236.4 8434.10 1076.94 12.77
2238.9 8377.75 1061.75 12.67
2241.3 8418.52 1041.63 12.37
2243.8 8391.31 1068.83 12.74
2246.2 8272.81 1050.58 12.70
2248.7 8260.98 1002.73 12.14
2251.2 8270.85 1003.11 12.13
2253.6 8217.60 1013.76 12.34
2256.1 8198.40 1006.08 12.27
2258.5 8205.80 987.31 12.03
2260.9 8176.22 977.93 11.96
2263.4 8125.75 971.10 11.95
2265.8 8124.16 965.51 11.88
2268.3 8073.80 942.84 11.68
2270.7 8110.40 940.39 11.59
2273.1 8107.19 928.07 11.45
2275.6 8037.12 913.92 11.37
2278.0 8047.94 922.40 11.46
2280.4 8050.71 923.60 11.47
2282.8 7936.92 894.36 11.27
2285.3 7936.09 878.76 11.07
2287.7 8013.06 874.72 10.92
2290.1 7946.20 877.64 11.04
2292.5 7908.89 869.07 10.99
2294.9 7966.56 865.42 10.86
2297.3 7878.36 842.42 10.69
2299.7 7782.17 801.51 10.30
2302.1 7817.38 821.02 10.50
2304.5 7722.40 803.60 10.41
2306.9 7647.92 787.92 10.30
2309.3 7632.91 787.59 10.32
2311.7 7536.00 757.53 10.05
2314.1 7439.51 771.91 10.38
2316.5 7426.90 788.00 10.61
2318.9 7433.98 752.86 10.13
2321.3 7420.20 728.95 9.82
2323.7 7439.58 758.73 10.20
2326.1 7403.11 745.55 10.07
2328.4 7412.50 716.03 9.66
2330.8 7505.15 740.29 9.86
2333.2 7417.12 716.59 9.66
2335.6 7356.75 709.94 9.65
2337.9 7411.84 734.51 9.91
2340.3 7376.47 730.51 9.90
2342.7 7282.70 685.53 9.41
2345.0 7270.29 687.96 9.46
2347.4 7284.50 709.75 9.74
2349.7 7133.68 679.20 9.52
2352.1 7080.04 686.13 9.69
2354.4 7143.83 679.14 9.51
2356.8 7126.82 694.98 9.75
2359.2 7067.67 697.67 9.87
2361.5 7038.06 654.50 9.30
2363.8 7031.06 649.97 9.24
2366.2 7039.27 653.17 9.28
2368.5 7035.45 636.35 9.04
2370.9 7023.13 617.32 8.79
2373.2 6987.82 625.04 8.94
2375.5 6900.63 647.08 9.38
2377.9 6892.20 638.17 9.26
2380.2 6890.83 613.94 8.91
2382.5 6864.93 597.35 8.70
2384.8 6830.08 593.92 8.70
2387.2 6784.02 642.30 9.47
2389.5 6780.31 613.82 9.05
2391.8 6787.76 570.40 8.40
2394.1 6727.26 594.99 8.84
2396.4 6676.90 595.12 8.91
2398.7 6732.64 579.73 8.61
2401.0 6690.59 558.79 8.35
2403.3 6603.48 537.84 8.14
2405.6 6572.81 524.83 7.98
2407.9 6583.14 561.12 8.52
2410.2 6542.40 571.52 8.74
2412.5 6479.13 548.82 8.47
2414.8 6475.24 534.04 8.25
2417.1 6452.08 526.49 8.16
2419.4 6434.35 531.42 8.26
2421.7 6386.85 515.15 8.07
2424.0 6345.28 501.92 7.91
2426.2 6355.80 524.30 8.25
2428.5 6327.75 530.02 8.38
2430.8 6349.25 495.95 7.81
2433.1 6300.57 448.07 7.11
2435.4 6204.86 442.01 7.12
2437.6 6227.24 469.98 7.55
2439.9 6165.27 482.89 7.83
2442.2 6149.09 477.82 7.77
2444.4 6162.60 470.95 7.64
2446.7 6079.44 461.36 7.59
2448.9 6081.55 455.97 7.50
2451.2 6103.04 452.96 7.42
2453.4 6038.72 452.00 7.49
2455.7 6026.93 486.53 8.07
2457.9 5958.48 470.09 7.89
2460.2 5949.23 419.22 7.05
2462.4 5977.92 418.08 6.99
2464.7 5891.98 428.97 7.28
2466.9 5829.36 417.30 7.16
2469.2 5872.39 401.86 6.84
2471.4 5796.90 420.16 7.25
2473.6 5737.62 415.09 7.23
2475.9 5730.24 440.27 7.68
2478.1 5663.45 416.73 7.36
2480.3 5645.91 424.66 7.52
2482.5 5682.93 407.46 7.17
2484.8 5614.17 349.52 6.23
2487.0 5547.59 333.30 6.01
2489.2 5555.75 354.30 6.38
2491.4 5471.72 438.05 8.01
2493.6 5479.00 415.43 7.58
2495.8 5550.75 364.24 6.56
2498.0 5512.53 356.69 6.47
2500.2 5509.95 362.28 6.57
2502.4 5736.48 381.84 6.66
2504.6 5803.02 356.82 6.15
2506.8 5806.03 301.99 5.20
